TargetArea SourceArea Area AvgPosX AvgPosY AvgPosZ SumWeights
0.0 0.0 0.0 55.11376 48.88732 141.97335 3830.0
0.0 0.0 0.0 55.11376 48.88732 141.97335 3830.0
0.0 2.0 2.0 27.42034 25.31249 87.71967 11.0
0.0 2.0 0.0 55.11376 48.88732 141.97335 11.0
0.0 4.0 4.0 72.14053 108.41711 139.67478 12.0
0.0 4.0 0.0 55.11376 48.88732 141.97335 12.0
0.0 16.0 16.0 37.10254 39.09006 124.70336 1365.0
0.0 16.0 0.0 55.11376 48.88732 141.97335 1365.0
0.0 22.0 22.0 25.09465 80.02232 119.46695 540.0
0.0 22.0 0.0 55.11376 48.88732 141.97335 540.0
0.0 24.0 24.0 107.86307 87.20701 149.15267 16.0
0.0 24.0 0.0 55.11376 48.88732 141.97335 16.0
0.0 27.0 27.0 18.71565 45.34323 103.711 34.0
0.0 27.0 0.0 55.11376 48.88732 141.97335 34.0
0.0 28.0 28.0 84.36942 38.89831 143.12072 1163.0
0.0 28.0 0.0 55.11376 48.88732 141.97335 1163.0
0.0 29.0 29.0 122.71384 20.58835 121.16934 1.0
0.0 29.0 0.0 55.11376 48.88732 141.97335 1.0
0.0 33.0 33.0 97.21382 49.92589 149.23046 274.0
0.0 33.0 0.0 55.11376 48.88732 141.97335 274.0
0.0 36.0 36.0 51.18829 19.52796 119.7461 465.0
0.0 36.0 0.0 55.11376 48.88732 141.97335 465.0
0.0 37.0 37.0 80.27483 11.05497 113.81193 91.0
0.0 37.0 0.0 55.11376 48.88732 141.97335 91.0
0.0 38.0 38.0 88.72558 68.40075 152.61212 440.0
0.0 38.0 0.0 55.11376 48.88732 141.97335 440.0
0.0 41.0 41.0 59.94172 126.09259 122.5116 2.0
0.0 41.0 0.0 55.11376 48.88732 141.97335 2.0
0.0 42.0 42.0 56.6497 85.225 144.9675 909.0
0.0 42.0 0.0 55.11376 48.88732 141.97335 909.0
0.0 44.0 44.0 70.26408 22.72729 131.35529 630.0
0.0 44.0 0.0 55.11376 48.88732 141.97335 630.0
1.0 1.0 1.0 66.21425 89.14849 7.41671 12385.0
1.0 1.0 1.0 66.21425 89.14849 7.41671 12385.0
1.0 8.0 8.0 89.78883 90.70171 30.37285 115.0
1.0 8.0 1.0 66.21425 89.14849 7.41671 115.0
1.0 11.0 11.0 48.54651 14.12333 56.47989 21.0
1.0 11.0 1.0 66.21425 89.14849 7.41671 21.0
1.0 13.0 13.0 21.77809 31.16945 56.42907 1.0
1.0 13.0 1.0 66.21425 89.14849 7.41671 1.0
1.0 14.0 14.0 128.54503 116.09777 40.45621 92.0
1.0 14.0 1.0 66.21425 89.14849 7.41671 92.0
1.0 19.0 19.0 66.40161 15.79593 45.39226 21.0
1.0 19.0 1.0 66.21425 89.14849 7.41671 21.0
1.0 20.0 20.0 85.01899 53.68573 22.27971 2410.0
1.0 20.0 1.0 66.21425 89.14849 7.41671 2410.0
1.0 21.0 21.0 28.33881 78.06384 19.25345 1448.0
1.0 21.0 1.0 66.21425 89.14849 7.41671 1448.0
1.0 30.0 30.0 88.59355 139.94098 62.83225 447.0
1.0 30.0 1.0 66.21425 89.14849 7.41671 447.0
1.0 31.0 31.0 121.54386 38.89829 36.01173 6.0
1.0 31.0 1.0 66.21425 89.14849 7.41671 6.0
1.0 39.0 39.0 21.85017 50.12031 32.74609 281.0
1.0 39.0 1.0 66.21425 89.14849 7.41671 281.0
1.0 40.0 40.0 83.27367 23.54467 42.41911 17.0
1.0 40.0 1.0 66.21425 89.14849 7.41671 17.0
1.0 45.0 45.0 35.08865 116.2837 28.46253 1851.0
1.0 45.0 1.0 66.21425 89.14849 7.41671 1851.0
1.0 46.0 46.0 114.69667 130.27191 52.85045 218.0
1.0 46.0 1.0 66.21425 89.14849 7.41671 218.0
2.0 0.0 0.0 55.11376 48.88732 141.97335 6.0
2.0 0.0 2.0 27.42034 25.31249 87.71967 6.0
2.0 2.0 2.0 27.42034 25.31249 87.71967 6648.0
2.0 2.0 2.0 27.42034 25.31249 87.71967 6648.0
2.0 3.0 3.0 83.17586 3.83602 88.04952 334.0
2.0 3.0 2.0 27.42034 25.31249 87.71967 334.0
2.0 6.0 6.0 5.46315 84.74569 74.37733 460.0
2.0 6.0 2.0 27.42034 25.31249 87.71967 460.0
2.0 10.0 10.0 97.06209 3.9169 61.11076 1.0
2.0 10.0 2.0 27.42034 25.31249 87.71967 1.0
2.0 11.0 11.0 48.54651 14.12333 56.47989 1353.0
2.0 11.0 2.0 27.42034 25.31249 87.71967 1353.0
2.0 13.0 13.0 21.77809 31.16945 56.42907 1375.0
2.0 13.0 2.0 27.42034 25.31249 87.71967 1375.0
2.0 16.0 16.0 37.10254 39.09006 124.70336 688.0
2.0 16.0 2.0 27.42034 25.31249 87.71967 688.0
2.0 19.0 19.0 66.40161 15.79593 45.39226 9.0
2.0 19.0 2.0 27.42034 25.31249 87.71967 9.0
2.0 20.0 20.0 85.01899 53.68573 22.27971 1.0
2.0 20.0 2.0 27.42034 25.31249 87.71967 1.0
2.0 22.0 22.0 25.09465 80.02232 119.46695 75.0
2.0 22.0 2.0 27.42034 25.31249 87.71967 75.0
2.0 27.0 27.0 18.71565 45.34323 103.711 1589.0
2.0 27.0 2.0 27.42034 25.31249 87.71967 1589.0
2.0 36.0 36.0 51.18829 19.52796 119.7461 555.0
2.0 36.0 2.0 27.42034 25.31249 87.71967 555.0
2.0 37.0 37.0 80.27483 11.05497 113.81193 475.0
2.0 37.0 2.0 27.42034 25.31249 87.71967 475.0
2.0 39.0 39.0 21.85017 50.12031 32.74609 145.0
2.0 39.0 2.0 27.42034 25.31249 87.71967 145.0
2.0 44.0 44.0 70.26408 22.72729 131.35529 38.0
2.0 44.0 2.0 27.42034 25.31249 87.71967 38.0
3.0 2.0 2.0 27.42034 25.31249 87.71967 306.0
3.0 2.0 3.0 83.17586 3.83602 88.04952 306.0
3.0 3.0 3.0 83.17586 3.83602 88.04952 7132.0
3.0 3.0 3.0 83.17586 3.83602 88.04952 7132.0
3.0 7.0 7.0 121.66843 13.45421 56.88796 233.0
3.0 7.0 3.0 83.17586 3.83602 88.04952 233.0
3.0 10.0 10.0 97.06209 3.9169 61.11076 1607.0
3.0 10.0 3.0 83.17586 3.83602 88.04952 1607.0
3.0 11.0 11.0 48.54651 14.12333 56.47989 1048.0
3.0 11.0 3.0 83.17586 3.83602 88.04952 1048.0
3.0 13.0 13.0 21.77809 31.16945 56.42907 5.0
3.0 13.0 3.0 83.17586 3.83602 88.04952 5.0
3.0 15.0 15.0 145.09512 26.55843 64.66835 20.0
3.0 15.0 3.0 83.17586 3.83602 88.04952 20.0
3.0 16.0 16.0 37.10254 39.09006 124.70336 13.0
3.0 16.0 3.0 83.17586 3.83602 88.04952 13.0
3.0 17.0 17.0 122.79653 11.00735 94.60051 1206.0
3.0 17.0 3.0 83.17586 3.83602 88.04952 1206.0
3.0 18.0 18.0 159.21407 24.83604 93.90439 1.0
3.0 18.0 3.0 83.17586 3.83602 88.04952 1.0
3.0 19.0 19.0 66.40161 15.79593 45.39226 424.0
3.0 19.0 3.0 83.17586 3.83602 88.04952 424.0
3.0 26.0 26.0 132.10182 45.13691 139.11801 1.0
3.0 26.0 3.0 83.17586 3.83602 88.04952 1.0
3.0 27.0 27.0 18.71565 45.34323 103.711 1.0
3.0 27.0 3.0 83.17586 3.83602 88.04952 1.0
3.0 28.0 28.0 84.36942 38.89831 143.12072 2.0
3.0 28.0 3.0 83.17586 3.83602 88.04952 2.0
3.0 29.0 29.0 122.71384 20.58835 121.16934 229.0
3.0 29.0 3.0 83.17586 3.83602 88.04952 229.0
3.0 31.0 31.0 121.54386 38.89829 36.01173 1.0
3.0 31.0 3.0 83.17586 3.83602 88.04952 1.0
3.0 33.0 33.0 97.21382 49.92589 149.23046 1.0
3.0 33.0 3.0 83.17586 3.83602 88.04952 1.0
3.0 36.0 36.0 51.18829 19.52796 119.7461 134.0
3.0 36.0 3.0 83.17586 3.83602 88.04952 134.0
3.0 37.0 37.0 80.27483 11.05497 113.81193 2628.0
3.0 37.0 3.0 83.17586 3.83602 88.04952 2628.0
3.0 40.0 40.0 83.27367 23.54467 42.41911 131.0
3.0 40.0 3.0 83.17586 3.83602 88.04952 131.0
3.0 44.0 44.0 70.26408 22.72729 131.35529 56.0
3.0 44.0 3.0 83.17586 3.83602 88.04952 56.0
4.0 0.0 0.0 55.11376 48.88732 141.97335 19.0
4.0 0.0 4.0 72.14053 108.41711 139.67478 19.0
4.0 4.0 4.0 72.14053 108.41711 139.67478 6762.0
4.0 4.0 4.0 72.14053 108.41711 139.67478 6762.0
4.0 5.0 5.0 42.3866 127.00466 106.47435 7.0
4.0 5.0 4.0 72.14053 108.41711 139.67478 7.0
4.0 6.0 6.0 5.46315 84.74569 74.37733 2.0
4.0 6.0 4.0 72.14053 108.41711 139.67478 2.0
4.0 9.0 9.0 78.63936 139.90439 102.71338 279.0
4.0 9.0 4.0 72.14053 108.41711 139.67478 279.0
4.0 16.0 16.0 37.10254 39.09006 124.70336 3.0
4.0 16.0 4.0 72.14053 108.41711 139.67478 3.0
4.0 22.0 22.0 25.09465 80.02232 119.46695 472.0
4.0 22.0 4.0 72.14053 108.41711 139.67478 472.0
4.0 24.0 24.0 107.86307 87.20701 149.15267 1520.0
4.0 24.0 4.0 72.14053 108.41711 139.67478 1520.0
4.0 28.0 28.0 84.36942 38.89831 143.12072 5.0
4.0 28.0 4.0 72.14053 108.41711 139.67478 5.0
4.0 33.0 33.0 97.21382 49.92589 149.23046 6.0
4.0 33.0 4.0 72.14053 108.41711 139.67478 6.0
4.0 34.0 34.0 127.82076 111.24763 129.57938 900.0
4.0 34.0 4.0 72.14053 108.41711 139.67478 900.0
4.0 38.0 38.0 88.72558 68.40075 152.61212 234.0
4.0 38.0 4.0 72.14053 108.41711 139.67478 234.0
4.0 41.0 41.0 59.94172 126.09259 122.5116 2686.0
4.0 41.0 4.0 72.14053 108.41711 139.67478 2686.0
4.0 42.0 42.0 56.6497 85.225 144.9675 2074.0
4.0 42.0 4.0 72.14053 108.41711 139.67478 2074.0
4.0 43.0 43.0 101.71627 137.72182 99.16113 82.0
4.0 43.0 4.0 72.14053 108.41711 139.67478 82.0
4.0 45.0 45.0 35.08865 116.2837 28.46253 1.0
4.0 45.0 4.0 72.14053 108.41711 139.67478 1.0
5.0 4.0 4.0 72.14053 108.41711 139.67478 8.0
5.0 4.0 5.0 42.3866 127.00466 106.47435 8.0
5.0 5.0 5.0 42.3866 127.00466 106.47435 3.0
5.0 5.0 5.0 42.3866 127.00466 106.47435 3.0
5.0 6.0 6.0 5.46315 84.74569 74.37733 16.0
5.0 6.0 5.0 42.3866 127.00466 106.47435 16.0
5.0 9.0 9.0 78.63936 139.90439 102.71338 49.0
5.0 9.0 5.0 42.3866 127.00466 106.47435 49.0
5.0 22.0 22.0 25.09465 80.02232 119.46695 34.0
5.0 22.0 5.0 42.3866 127.00466 106.47435 34.0
5.0 30.0 30.0 88.59355 139.94098 62.83225 4.0
5.0 30.0 5.0 42.3866 127.00466 106.47435 4.0
5.0 41.0 41.0 59.94172 126.09259 122.5116 127.0
5.0 41.0 5.0 42.3866 127.00466 106.47435 127.0
5.0 42.0 42.0 56.6497 85.225 144.9675 3.0
5.0 42.0 5.0 42.3866 127.00466 106.47435 3.0
5.0 43.0 43.0 101.71627 137.72182 99.16113 1.0
5.0 43.0 5.0 42.3866 127.00466 106.47435 1.0
6.0 2.0 2.0 27.42034 25.31249 87.71967 524.0
6.0 2.0 6.0 5.46315 84.74569 74.37733 524.0
6.0 4.0 4.0 72.14053 108.41711 139.67478 3.0
6.0 4.0 6.0 5.46315 84.74569 74.37733 3.0
6.0 5.0 5.0 42.3866 127.00466 106.47435 10.0
6.0 5.0 6.0 5.46315 84.74569 74.37733 10.0
6.0 6.0 6.0 5.46315 84.74569 74.37733 17147.0
6.0 6.0 6.0 5.46315 84.74569 74.37733 17147.0
6.0 11.0 11.0 48.54651 14.12333 56.47989 1.0
6.0 11.0 6.0 5.46315 84.74569 74.37733 1.0
6.0 13.0 13.0 21.77809 31.16945 56.42907 434.0
6.0 13.0 6.0 5.46315 84.74569 74.37733 434.0
6.0 16.0 16.0 37.10254 39.09006 124.70336 9.0
6.0 16.0 6.0 5.46315 84.74569 74.37733 9.0
6.0 21.0 21.0 28.33881 78.06384 19.25345 668.0
6.0 21.0 6.0 5.46315 84.74569 74.37733 668.0
6.0 22.0 22.0 25.09465 80.02232 119.46695 2315.0
6.0 22.0 6.0 5.46315 84.74569 74.37733 2315.0
6.0 27.0 27.0 18.71565 45.34323 103.711 854.0
6.0 27.0 6.0 5.46315 84.74569 74.37733 854.0
6.0 39.0 39.0 21.85017 50.12031 32.74609 1325.0
6.0 39.0 6.0 5.46315 84.74569 74.37733 1325.0
6.0 41.0 41.0 59.94172 126.09259 122.5116 31.0
6.0 41.0 6.0 5.46315 84.74569 74.37733 31.0
6.0 45.0 45.0 35.08865 116.2837 28.46253 1118.0
6.0 45.0 6.0 5.46315 84.74569 74.37733 1118.0
7.0 3.0 3.0 83.17586 3.83602 88.04952 210.0
7.0 3.0 7.0 121.66843 13.45421 56.88796 210.0
7.0 7.0 7.0 121.66843 13.45421 56.88796 4175.0
7.0 7.0 7.0 121.66843 13.45421 56.88796 4175.0
7.0 10.0 10.0 97.06209 3.9169 61.11076 1474.0
7.0 10.0 7.0 121.66843 13.45421 56.88796 1474.0
7.0 15.0 15.0 145.09512 26.55843 64.66835 1498.0
7.0 15.0 7.0 121.66843 13.45421 56.88796 1498.0
7.0 17.0 17.0 122.79653 11.00735 94.60051 834.0
7.0 17.0 7.0 121.66843 13.45421 56.88796 834.0
7.0 18.0 18.0 159.21407 24.83604 93.90439 33.0
7.0 18.0 7.0 121.66843 13.45421 56.88796 33.0
7.0 19.0 19.0 66.40161 15.79593 45.39226 13.0
7.0 19.0 7.0 121.66843 13.45421 56.88796 13.0
7.0 20.0 20.0 85.01899 53.68573 22.27971 31.0
7.0 20.0 7.0 121.66843 13.45421 56.88796 31.0
7.0 23.0 23.0 173.47446 43.57396 76.92389 8.0
7.0 23.0 7.0 121.66843 13.45421 56.88796 8.0
7.0 29.0 29.0 122.71384 20.58835 121.16934 15.0
7.0 29.0 7.0 121.66843 13.45421 56.88796 15.0
7.0 31.0 31.0 121.54386 38.89829 36.01173 1569.0
7.0 31.0 7.0 121.66843 13.45421 56.88796 1569.0
7.0 37.0 37.0 80.27483 11.05497 113.81193 4.0
7.0 37.0 7.0 121.66843 13.45421 56.88796 4.0
7.0 40.0 40.0 83.27367 23.54467 42.41911 285.0
7.0 40.0 7.0 121.66843 13.45421 56.88796 285.0
8.0 1.0 1.0 66.21425 89.14849 7.41671 99.0
8.0 1.0 8.0 89.78883 90.70171 30.37285 99.0
8.0 8.0 8.0 89.78883 90.70171 30.37285 10.0
8.0 8.0 8.0 89.78883 90.70171 30.37285 10.0
8.0 14.0 14.0 128.54503 116.09777 40.45621 16.0
8.0 14.0 8.0 89.78883 90.70171 30.37285 16.0
8.0 15.0 15.0 145.09512 26.55843 64.66835 1.0
8.0 15.0 8.0 89.78883 90.70171 30.37285 1.0
8.0 20.0 20.0 85.01899 53.68573 22.27971 112.0
8.0 20.0 8.0 89.78883 90.70171 30.37285 112.0
8.0 21.0 21.0 28.33881 78.06384 19.25345 1.0
8.0 21.0 8.0 89.78883 90.70171 30.37285 1.0
8.0 30.0 30.0 88.59355 139.94098 62.83225 33.0
8.0 30.0 8.0 89.78883 90.70171 30.37285 33.0
8.0 31.0 31.0 121.54386 38.89829 36.01173 13.0
8.0 31.0 8.0 89.78883 90.70171 30.37285 13.0
8.0 40.0 40.0 83.27367 23.54467 42.41911 1.0
8.0 40.0 8.0 89.78883 90.70171 30.37285 1.0
8.0 45.0 45.0 35.08865 116.2837 28.46253 9.0
8.0 45.0 8.0 89.78883 90.70171 30.37285 9.0
8.0 46.0 46.0 114.69667 130.27191 52.85045 22.0
8.0 46.0 8.0 89.78883 90.70171 30.37285 22.0
9.0 1.0 1.0 66.21425 89.14849 7.41671 1.0
9.0 1.0 9.0 78.63936 139.90439 102.71338 1.0
9.0 4.0 4.0 72.14053 108.41711 139.67478 300.0
9.0 4.0 9.0 78.63936 139.90439 102.71338 300.0
9.0 5.0 5.0 42.3866 127.00466 106.47435 41.0
9.0 5.0 9.0 78.63936 139.90439 102.71338 41.0
9.0 9.0 9.0 78.63936 139.90439 102.71338 5737.0
9.0 9.0 9.0 78.63936 139.90439 102.71338 5737.0
9.0 22.0 22.0 25.09465 80.02232 119.46695 1.0
9.0 22.0 9.0 78.63936 139.90439 102.71338 1.0
9.0 24.0 24.0 107.86307 87.20701 149.15267 26.0
9.0 24.0 9.0 78.63936 139.90439 102.71338 26.0
9.0 30.0 30.0 88.59355 139.94098 62.83225 1401.0
9.0 30.0 9.0 78.63936 139.90439 102.71338 1401.0
9.0 34.0 34.0 127.82076 111.24763 129.57938 577.0
9.0 34.0 9.0 78.63936 139.90439 102.71338 577.0
9.0 35.0 35.0 147.81461 121.13857 95.61845 19.0
9.0 35.0 9.0 78.63936 139.90439 102.71338 19.0
9.0 41.0 41.0 59.94172 126.09259 122.5116 2384.0
9.0 41.0 9.0 78.63936 139.90439 102.71338 2384.0
9.0 43.0 43.0 101.71627 137.72182 99.16113 2131.0
9.0 43.0 9.0 78.63936 139.90439 102.71338 2131.0
9.0 45.0 45.0 35.08865 116.2837 28.46253 4.0
9.0 45.0 9.0 78.63936 139.90439 102.71338 4.0
9.0 46.0 46.0 114.69667 130.27191 52.85045 1.0
9.0 46.0 9.0 78.63936 139.90439 102.71338 1.0
10.0 2.0 2.0 27.42034 25.31249 87.71967 2.0
10.0 2.0 10.0 97.06209 3.9169 61.11076 2.0
10.0 3.0 3.0 83.17586 3.83602 88.04952 1641.0
10.0 3.0 10.0 97.06209 3.9169 61.11076 1641.0
10.0 7.0 7.0 121.66843 13.45421 56.88796 1479.0
10.0 7.0 10.0 97.06209 3.9169 61.11076 1479.0
10.0 10.0 10.0 97.06209 3.9169 61.11076 4143.0
10.0 10.0 10.0 97.06209 3.9169 61.11076 4143.0
10.0 11.0 11.0 48.54651 14.12333 56.47989 186.0
10.0 11.0 10.0 97.06209 3.9169 61.11076 186.0
10.0 15.0 15.0 145.09512 26.55843 64.66835 80.0
10.0 15.0 10.0 97.06209 3.9169 61.11076 80.0
10.0 17.0 17.0 122.79653 11.00735 94.60051 469.0
10.0 17.0 10.0 97.06209 3.9169 61.11076 469.0
10.0 18.0 18.0 159.21407 24.83604 93.90439 2.0
10.0 18.0 10.0 97.06209 3.9169 61.11076 2.0
10.0 19.0 19.0 66.40161 15.79593 45.39226 580.0
10.0 19.0 10.0 97.06209 3.9169 61.11076 580.0
10.0 20.0 20.0 85.01899 53.68573 22.27971 35.0
10.0 20.0 10.0 97.06209 3.9169 61.11076 35.0
10.0 29.0 29.0 122.71384 20.58835 121.16934 4.0
10.0 29.0 10.0 97.06209 3.9169 61.11076 4.0
10.0 31.0 31.0 121.54386 38.89829 36.01173 409.0
10.0 31.0 10.0 97.06209 3.9169 61.11076 409.0
10.0 37.0 37.0 80.27483 11.05497 113.81193 57.0
10.0 37.0 10.0 97.06209 3.9169 61.11076 57.0
10.0 40.0 40.0 83.27367 23.54467 42.41911 1225.0
10.0 40.0 10.0 97.06209 3.9169 61.11076 1225.0
11.0 1.0 1.0 66.21425 89.14849 7.41671 19.0
11.0 1.0 11.0 48.54651 14.12333 56.47989 19.0
11.0 2.0 2.0 27.42034 25.31249 87.71967 1321.0
11.0 2.0 11.0 48.54651 14.12333 56.47989 1321.0
11.0 3.0 3.0 83.17586 3.83602 88.04952 1132.0
11.0 3.0 11.0 48.54651 14.12333 56.47989 1132.0
11.0 6.0 6.0 5.46315 84.74569 74.37733 2.0
11.0 6.0 11.0 48.54651 14.12333 56.47989 2.0
11.0 10.0 10.0 97.06209 3.9169 61.11076 200.0
11.0 10.0 11.0 48.54651 14.12333 56.47989 200.0
11.0 11.0 11.0 48.54651 14.12333 56.47989 8215.0
11.0 11.0 11.0 48.54651 14.12333 56.47989 8215.0
11.0 13.0 13.0 21.77809 31.16945 56.42907 1475.0
11.0 13.0 11.0 48.54651 14.12333 56.47989 1475.0
11.0 16.0 16.0 37.10254 39.09006 124.70336 16.0
11.0 16.0 11.0 48.54651 14.12333 56.47989 16.0
11.0 19.0 19.0 66.40161 15.79593 45.39226 2117.0
11.0 19.0 11.0 48.54651 14.12333 56.47989 2117.0
11.0 20.0 20.0 85.01899 53.68573 22.27971 296.0
11.0 20.0 11.0 48.54651 14.12333 56.47989 296.0
11.0 21.0 21.0 28.33881 78.06384 19.25345 23.0
11.0 21.0 11.0 48.54651 14.12333 56.47989 23.0
11.0 27.0 27.0 18.71565 45.34323 103.711 7.0
11.0 27.0 11.0 48.54651 14.12333 56.47989 7.0
11.0 31.0 31.0 121.54386 38.89829 36.01173 2.0
11.0 31.0 11.0 48.54651 14.12333 56.47989 2.0
11.0 36.0 36.0 51.18829 19.52796 119.7461 71.0
11.0 36.0 11.0 48.54651 14.12333 56.47989 71.0
11.0 37.0 37.0 80.27483 11.05497 113.81193 263.0
11.0 37.0 11.0 48.54651 14.12333 56.47989 263.0
11.0 39.0 39.0 21.85017 50.12031 32.74609 814.0
11.0 39.0 11.0 48.54651 14.12333 56.47989 814.0
11.0 40.0 40.0 83.27367 23.54467 42.41911 551.0
11.0 40.0 11.0 48.54651 14.12333 56.47989 551.0
11.0 44.0 44.0 70.26408 22.72729 131.35529 4.0
11.0 44.0 11.0 48.54651 14.12333 56.47989 4.0
12.0 12.0 12.0 179.80691 86.35657 84.75917 6022.0
12.0 12.0 12.0 179.80691 86.35657 84.75917 6022.0
12.0 14.0 14.0 128.54503 116.09777 40.45621 5.0
12.0 14.0 12.0 179.80691 86.35657 84.75917 5.0
12.0 15.0 15.0 145.09512 26.55843 64.66835 38.0
12.0 15.0 12.0 179.80691 86.35657 84.75917 38.0
12.0 18.0 18.0 159.21407 24.83604 93.90439 12.0
12.0 18.0 12.0 179.80691 86.35657 84.75917 12.0
12.0 23.0 23.0 173.47446 43.57396 76.92389 608.0
12.0 23.0 12.0 179.80691 86.35657 84.75917 608.0
12.0 25.0 25.0 182.84082 63.99509 100.28112 1174.0
12.0 25.0 12.0 179.80691 86.35657 84.75917 1174.0
12.0 31.0 31.0 121.54386 38.89829 36.01173 12.0
12.0 31.0 12.0 179.80691 86.35657 84.75917 12.0
12.0 32.0 32.0 157.22014 89.15723 58.04939 1824.0
12.0 32.0 12.0 179.80691 86.35657 84.75917 1824.0
12.0 34.0 34.0 127.82076 111.24763 129.57938 97.0
12.0 34.0 12.0 179.80691 86.35657 84.75917 97.0
12.0 35.0 35.0 147.81461 121.13857 95.61845 1234.0
12.0 35.0 12.0 179.80691 86.35657 84.75917 1234.0
12.0 46.0 46.0 114.69667 130.27191 52.85045 3.0
12.0 46.0 12.0 179.80691 86.35657 84.75917 3.0
12.0 47.0 47.0 164.19423 62.75108 126.12576 410.0
12.0 47.0 12.0 179.80691 86.35657 84.75917 410.0
13.0 2.0 2.0 27.42034 25.31249 87.71967 1357.0
13.0 2.0 13.0 21.77809 31.16945 56.42907 1357.0
13.0 3.0 3.0 83.17586 3.83602 88.04952 9.0
13.0 3.0 13.0 21.77809 31.16945 56.42907 9.0
13.0 6.0 6.0 5.46315 84.74569 74.37733 414.0
13.0 6.0 13.0 21.77809 31.16945 56.42907 414.0
13.0 11.0 11.0 48.54651 14.12333 56.47989 1636.0
13.0 11.0 13.0 21.77809 31.16945 56.42907 1636.0
13.0 13.0 13.0 21.77809 31.16945 56.42907 3791.0
13.0 13.0 13.0 21.77809 31.16945 56.42907 3791.0
13.0 19.0 19.0 66.40161 15.79593 45.39226 73.0
13.0 19.0 13.0 21.77809 31.16945 56.42907 73.0
13.0 20.0 20.0 85.01899 53.68573 22.27971 10.0
13.0 20.0 13.0 21.77809 31.16945 56.42907 10.0
13.0 21.0 21.0 28.33881 78.06384 19.25345 7.0
13.0 21.0 13.0 21.77809 31.16945 56.42907 7.0
13.0 22.0 22.0 25.09465 80.02232 119.46695 4.0
13.0 22.0 13.0 21.77809 31.16945 56.42907 4.0
13.0 27.0 27.0 18.71565 45.34323 103.711 110.0
13.0 27.0 13.0 21.77809 31.16945 56.42907 110.0
13.0 36.0 36.0 51.18829 19.52796 119.7461 4.0
13.0 36.0 13.0 21.77809 31.16945 56.42907 4.0
13.0 37.0 37.0 80.27483 11.05497 113.81193 3.0
13.0 37.0 13.0 21.77809 31.16945 56.42907 3.0
13.0 39.0 39.0 21.85017 50.12031 32.74609 1755.0
13.0 39.0 13.0 21.77809 31.16945 56.42907 1755.0
13.0 40.0 40.0 83.27367 23.54467 42.41911 4.0
13.0 40.0 13.0 21.77809 31.16945 56.42907 4.0
14.0 1.0 1.0 66.21425 89.14849 7.41671 76.0
14.0 1.0 14.0 128.54503 116.09777 40.45621 76.0
14.0 8.0 8.0 89.78883 90.70171 30.37285 13.0
14.0 8.0 14.0 128.54503 116.09777 40.45621 13.0
14.0 12.0 12.0 179.80691 86.35657 84.75917 8.0
14.0 12.0 14.0 128.54503 116.09777 40.45621 8.0
14.0 14.0 14.0 128.54503 116.09777 40.45621 9078.0
14.0 14.0 14.0 128.54503 116.09777 40.45621 9078.0
14.0 20.0 20.0 85.01899 53.68573 22.27971 13.0
14.0 20.0 14.0 128.54503 116.09777 40.45621 13.0
14.0 30.0 30.0 88.59355 139.94098 62.83225 269.0
14.0 30.0 14.0 128.54503 116.09777 40.45621 269.0
14.0 31.0 31.0 121.54386 38.89829 36.01173 7.0
14.0 31.0 14.0 128.54503 116.09777 40.45621 7.0
14.0 32.0 32.0 157.22014 89.15723 58.04939 1647.0
14.0 32.0 14.0 128.54503 116.09777 40.45621 1647.0
14.0 34.0 34.0 127.82076 111.24763 129.57938 1.0
14.0 34.0 14.0 128.54503 116.09777 40.45621 1.0
14.0 35.0 35.0 147.81461 121.13857 95.61845 346.0
14.0 35.0 14.0 128.54503 116.09777 40.45621 346.0
14.0 43.0 43.0 101.71627 137.72182 99.16113 2.0
14.0 43.0 14.0 128.54503 116.09777 40.45621 2.0
14.0 45.0 45.0 35.08865 116.2837 28.46253 1.0
14.0 45.0 14.0 128.54503 116.09777 40.45621 1.0
14.0 46.0 46.0 114.69667 130.27191 52.85045 3232.0
14.0 46.0 14.0 128.54503 116.09777 40.45621 3232.0
15.0 3.0 3.0 83.17586 3.83602 88.04952 18.0
15.0 3.0 15.0 145.09512 26.55843 64.66835 18.0
15.0 7.0 7.0 121.66843 13.45421 56.88796 1523.0
15.0 7.0 15.0 145.09512 26.55843 64.66835 1523.0
15.0 10.0 10.0 97.06209 3.9169 61.11076 58.0
15.0 10.0 15.0 145.09512 26.55843 64.66835 58.0
15.0 12.0 12.0 179.80691 86.35657 84.75917 40.0
15.0 12.0 15.0 145.09512 26.55843 64.66835 40.0
15.0 15.0 15.0 145.09512 26.55843 64.66835 5200.0
15.0 15.0 15.0 145.09512 26.55843 64.66835 5200.0
15.0 17.0 17.0 122.79653 11.00735 94.60051 878.0
15.0 17.0 15.0 145.09512 26.55843 64.66835 878.0
15.0 18.0 18.0 159.21407 24.83604 93.90439 1066.0
15.0 18.0 15.0 145.09512 26.55843 64.66835 1066.0
15.0 23.0 23.0 173.47446 43.57396 76.92389 791.0
15.0 23.0 15.0 145.09512 26.55843 64.66835 791.0
15.0 25.0 25.0 182.84082 63.99509 100.28112 8.0
15.0 25.0 15.0 145.09512 26.55843 64.66835 8.0
15.0 26.0 26.0 132.10182 45.13691 139.11801 6.0
15.0 26.0 15.0 145.09512 26.55843 64.66835 6.0
15.0 29.0 29.0 122.71384 20.58835 121.16934 55.0
15.0 29.0 15.0 145.09512 26.55843 64.66835 55.0
15.0 31.0 31.0 121.54386 38.89829 36.01173 1423.0
15.0 31.0 15.0 145.09512 26.55843 64.66835 1423.0
15.0 32.0 32.0 157.22014 89.15723 58.04939 359.0
15.0 32.0 15.0 145.09512 26.55843 64.66835 359.0
15.0 40.0 40.0 83.27367 23.54467 42.41911 3.0
15.0 40.0 15.0 145.09512 26.55843 64.66835 3.0
15.0 47.0 47.0 164.19423 62.75108 126.12576 12.0
15.0 47.0 15.0 145.09512 26.55843 64.66835 12.0
16.0 0.0 0.0 55.11376 48.88732 141.97335 1417.0
16.0 0.0 16.0 37.10254 39.09006 124.70336 1417.0
16.0 2.0 2.0 27.42034 25.31249 87.71967 731.0
16.0 2.0 16.0 37.10254 39.09006 124.70336 731.0
16.0 3.0 3.0 83.17586 3.83602 88.04952 21.0
16.0 3.0 16.0 37.10254 39.09006 124.70336 21.0
16.0 4.0 4.0 72.14053 108.41711 139.67478 2.0
16.0 4.0 16.0 37.10254 39.09006 124.70336 2.0
16.0 6.0 6.0 5.46315 84.74569 74.37733 6.0
16.0 6.0 16.0 37.10254 39.09006 124.70336 6.0
16.0 11.0 11.0 48.54651 14.12333 56.47989 19.0
16.0 11.0 16.0 37.10254 39.09006 124.70336 19.0
16.0 13.0 13.0 21.77809 31.16945 56.42907 2.0
16.0 13.0 16.0 37.10254 39.09006 124.70336 2.0
16.0 16.0 16.0 37.10254 39.09006 124.70336 4253.0
16.0 16.0 16.0 37.10254 39.09006 124.70336 4253.0
16.0 22.0 22.0 25.09465 80.02232 119.46695 1227.0
16.0 22.0 16.0 37.10254 39.09006 124.70336 1227.0
16.0 23.0 23.0 173.47446 43.57396 76.92389 1.0
16.0 23.0 16.0 37.10254 39.09006 124.70336 1.0
16.0 27.0 27.0 18.71565 45.34323 103.711 1120.0
16.0 27.0 16.0 37.10254 39.09006 124.70336 1120.0
16.0 28.0 28.0 84.36942 38.89831 143.12072 57.0
16.0 28.0 16.0 37.10254 39.09006 124.70336 57.0
16.0 33.0 33.0 97.21382 49.92589 149.23046 3.0
16.0 33.0 16.0 37.10254 39.09006 124.70336 3.0
16.0 36.0 36.0 51.18829 19.52796 119.7461 1049.0
16.0 36.0 16.0 37.10254 39.09006 124.70336 1049.0
16.0 37.0 37.0 80.27483 11.05497 113.81193 158.0
16.0 37.0 16.0 37.10254 39.09006 124.70336 158.0
16.0 38.0 38.0 88.72558 68.40075 152.61212 19.0
16.0 38.0 16.0 37.10254 39.09006 124.70336 19.0
16.0 42.0 42.0 56.6497 85.225 144.9675 180.0
16.0 42.0 16.0 37.10254 39.09006 124.70336 180.0
16.0 44.0 44.0 70.26408 22.72729 131.35529 214.0
16.0 44.0 16.0 37.10254 39.09006 124.70336 214.0
17.0 3.0 3.0 83.17586 3.83602 88.04952 1170.0
17.0 3.0 17.0 122.79653 11.00735 94.60051 1170.0
17.0 7.0 7.0 121.66843 13.45421 56.88796 782.0
17.0 7.0 17.0 122.79653 11.00735 94.60051 782.0
17.0 10.0 10.0 97.06209 3.9169 61.11076 473.0
17.0 10.0 17.0 122.79653 11.00735 94.60051 473.0
17.0 15.0 15.0 145.09512 26.55843 64.66835 935.0
17.0 15.0 17.0 122.79653 11.00735 94.60051 935.0
17.0 17.0 17.0 122.79653 11.00735 94.60051 5141.0
17.0 17.0 17.0 122.79653 11.00735 94.60051 5141.0
17.0 18.0 18.0 159.21407 24.83604 93.90439 623.0
17.0 18.0 17.0 122.79653 11.00735 94.60051 623.0
17.0 19.0 19.0 66.40161 15.79593 45.39226 1.0
17.0 19.0 17.0 122.79653 11.00735 94.60051 1.0
17.0 23.0 23.0 173.47446 43.57396 76.92389 8.0
17.0 23.0 17.0 122.79653 11.00735 94.60051 8.0
17.0 26.0 26.0 132.10182 45.13691 139.11801 82.0
17.0 26.0 17.0 122.79653 11.00735 94.60051 82.0
17.0 28.0 28.0 84.36942 38.89831 143.12072 10.0
17.0 28.0 17.0 122.79653 11.00735 94.60051 10.0
17.0 29.0 29.0 122.71384 20.58835 121.16934 1563.0
17.0 29.0 17.0 122.79653 11.00735 94.60051 1563.0
17.0 31.0 31.0 121.54386 38.89829 36.01173 4.0
17.0 31.0 17.0 122.79653 11.00735 94.60051 4.0
17.0 33.0 33.0 97.21382 49.92589 149.23046 1.0
17.0 33.0 17.0 122.79653 11.00735 94.60051 1.0
17.0 36.0 36.0 51.18829 19.52796 119.7461 1.0
17.0 36.0 17.0 122.79653 11.00735 94.60051 1.0
17.0 37.0 37.0 80.27483 11.05497 113.81193 499.0
17.0 37.0 17.0 122.79653 11.00735 94.60051 499.0
17.0 40.0 40.0 83.27367 23.54467 42.41911 3.0
17.0 40.0 17.0 122.79653 11.00735 94.60051 3.0
17.0 44.0 44.0 70.26408 22.72729 131.35529 2.0
17.0 44.0 17.0 122.79653 11.00735 94.60051 2.0
17.0 45.0 45.0 35.08865 116.2837 28.46253 1.0
17.0 45.0 17.0 122.79653 11.00735 94.60051 1.0
17.0 47.0 47.0 164.19423 62.75108 126.12576 24.0
17.0 47.0 17.0 122.79653 11.00735 94.60051 24.0
18.0 3.0 3.0 83.17586 3.83602 88.04952 2.0
18.0 3.0 18.0 159.21407 24.83604 93.90439 2.0
18.0 7.0 7.0 121.66843 13.45421 56.88796 38.0
18.0 7.0 18.0 159.21407 24.83604 93.90439 38.0
18.0 12.0 12.0 179.80691 86.35657 84.75917 9.0
18.0 12.0 18.0 159.21407 24.83604 93.90439 9.0
18.0 15.0 15.0 145.09512 26.55843 64.66835 1140.0
18.0 15.0 18.0 159.21407 24.83604 93.90439 1140.0
18.0 17.0 17.0 122.79653 11.00735 94.60051 640.0
18.0 17.0 18.0 159.21407 24.83604 93.90439 640.0
18.0 18.0 18.0 159.21407 24.83604 93.90439 3254.0
18.0 18.0 18.0 159.21407 24.83604 93.90439 3254.0
18.0 23.0 23.0 173.47446 43.57396 76.92389 1051.0
18.0 23.0 18.0 159.21407 24.83604 93.90439 1051.0
18.0 25.0 25.0 182.84082 63.99509 100.28112 109.0
18.0 25.0 18.0 159.21407 24.83604 93.90439 109.0
18.0 26.0 26.0 132.10182 45.13691 139.11801 224.0
18.0 26.0 18.0 159.21407 24.83604 93.90439 224.0
18.0 29.0 29.0 122.71384 20.58835 121.16934 559.0
18.0 29.0 18.0 159.21407 24.83604 93.90439 559.0
18.0 31.0 31.0 121.54386 38.89829 36.01173 9.0
18.0 31.0 18.0 159.21407 24.83604 93.90439 9.0
18.0 32.0 32.0 157.22014 89.15723 58.04939 7.0
18.0 32.0 18.0 159.21407 24.83604 93.90439 7.0
18.0 37.0 37.0 80.27483 11.05497 113.81193 2.0
18.0 37.0 18.0 159.21407 24.83604 93.90439 2.0
18.0 47.0 47.0 164.19423 62.75108 126.12576 617.0
18.0 47.0 18.0 159.21407 24.83604 93.90439 617.0
19.0 1.0 1.0 66.21425 89.14849 7.41671 17.0
19.0 1.0 19.0 66.40161 15.79593 45.39226 17.0
19.0 2.0 2.0 27.42034 25.31249 87.71967 5.0
19.0 2.0 19.0 66.40161 15.79593 45.39226 5.0
19.0 3.0 3.0 83.17586 3.83602 88.04952 461.0
19.0 3.0 19.0 66.40161 15.79593 45.39226 461.0
19.0 7.0 7.0 121.66843 13.45421 56.88796 12.0
19.0 7.0 19.0 66.40161 15.79593 45.39226 12.0
19.0 10.0 10.0 97.06209 3.9169 61.11076 577.0
19.0 10.0 19.0 66.40161 15.79593 45.39226 577.0
19.0 11.0 11.0 48.54651 14.12333 56.47989 1884.0
19.0 11.0 19.0 66.40161 15.79593 45.39226 1884.0
19.0 13.0 13.0 21.77809 31.16945 56.42907 67.0
19.0 13.0 19.0 66.40161 15.79593 45.39226 67.0
19.0 19.0 19.0 66.40161 15.79593 45.39226 2156.0
19.0 19.0 19.0 66.40161 15.79593 45.39226 2156.0
19.0 20.0 20.0 85.01899 53.68573 22.27971 557.0
19.0 20.0 19.0 66.40161 15.79593 45.39226 557.0
19.0 21.0 21.0 28.33881 78.06384 19.25345 21.0
19.0 21.0 19.0 66.40161 15.79593 45.39226 21.0
19.0 31.0 31.0 121.54386 38.89829 36.01173 35.0
19.0 31.0 19.0 66.40161 15.79593 45.39226 35.0
19.0 37.0 37.0 80.27483 11.05497 113.81193 19.0
19.0 37.0 19.0 66.40161 15.79593 45.39226 19.0
19.0 39.0 39.0 21.85017 50.12031 32.74609 212.0
19.0 39.0 19.0 66.40161 15.79593 45.39226 212.0
19.0 40.0 40.0 83.27367 23.54467 42.41911 1627.0
19.0 40.0 19.0 66.40161 15.79593 45.39226 1627.0
20.0 1.0 1.0 66.21425 89.14849 7.41671 2227.0
20.0 1.0 20.0 85.01899 53.68573 22.27971 2227.0
20.0 7.0 7.0 121.66843 13.45421 56.88796 16.0
20.0 7.0 20.0 85.01899 53.68573 22.27971 16.0
20.0 8.0 8.0 89.78883 90.70171 30.37285 109.0
20.0 8.0 20.0 85.01899 53.68573 22.27971 109.0
20.0 10.0 10.0 97.06209 3.9169 61.11076 23.0
20.0 10.0 20.0 85.01899 53.68573 22.27971 23.0
20.0 11.0 11.0 48.54651 14.12333 56.47989 247.0
20.0 11.0 20.0 85.01899 53.68573 22.27971 247.0
20.0 12.0 12.0 179.80691 86.35657 84.75917 1.0
20.0 12.0 20.0 85.01899 53.68573 22.27971 1.0
20.0 13.0 13.0 21.77809 31.16945 56.42907 8.0
20.0 13.0 20.0 85.01899 53.68573 22.27971 8.0
20.0 14.0 14.0 128.54503 116.09777 40.45621 9.0
20.0 14.0 20.0 85.01899 53.68573 22.27971 9.0
20.0 15.0 15.0 145.09512 26.55843 64.66835 2.0
20.0 15.0 20.0 85.01899 53.68573 22.27971 2.0
20.0 19.0 19.0 66.40161 15.79593 45.39226 560.0
20.0 19.0 20.0 85.01899 53.68573 22.27971 560.0
20.0 20.0 20.0 85.01899 53.68573 22.27971 14811.0
20.0 20.0 20.0 85.01899 53.68573 22.27971 14811.0
20.0 21.0 21.0 28.33881 78.06384 19.25345 250.0
20.0 21.0 20.0 85.01899 53.68573 22.27971 250.0
20.0 31.0 31.0 121.54386 38.89829 36.01173 2470.0
20.0 31.0 20.0 85.01899 53.68573 22.27971 2470.0
20.0 32.0 32.0 157.22014 89.15723 58.04939 12.0
20.0 32.0 20.0 85.01899 53.68573 22.27971 12.0
20.0 39.0 39.0 21.85017 50.12031 32.74609 472.0
20.0 39.0 20.0 85.01899 53.68573 22.27971 472.0
20.0 40.0 40.0 83.27367 23.54467 42.41911 1773.0
20.0 40.0 20.0 85.01899 53.68573 22.27971 1773.0
20.0 45.0 45.0 35.08865 116.2837 28.46253 1.0
20.0 45.0 20.0 85.01899 53.68573 22.27971 1.0
20.0 46.0 46.0 114.69667 130.27191 52.85045 1.0
20.0 46.0 20.0 85.01899 53.68573 22.27971 1.0
21.0 1.0 1.0 66.21425 89.14849 7.41671 1548.0
21.0 1.0 21.0 28.33881 78.06384 19.25345 1548.0
21.0 6.0 6.0 5.46315 84.74569 74.37733 623.0
21.0 6.0 21.0 28.33881 78.06384 19.25345 623.0
21.0 11.0 11.0 48.54651 14.12333 56.47989 34.0
21.0 11.0 21.0 28.33881 78.06384 19.25345 34.0
21.0 13.0 13.0 21.77809 31.16945 56.42907 8.0
21.0 13.0 21.0 28.33881 78.06384 19.25345 8.0
21.0 19.0 19.0 66.40161 15.79593 45.39226 17.0
21.0 19.0 21.0 28.33881 78.06384 19.25345 17.0
21.0 20.0 20.0 85.01899 53.68573 22.27971 268.0
21.0 20.0 21.0 28.33881 78.06384 19.25345 268.0
21.0 21.0 21.0 28.33881 78.06384 19.25345 6325.0
21.0 21.0 21.0 28.33881 78.06384 19.25345 6325.0
21.0 39.0 39.0 21.85017 50.12031 32.74609 2270.0
21.0 39.0 21.0 28.33881 78.06384 19.25345 2270.0
21.0 40.0 40.0 83.27367 23.54467 42.41911 1.0
21.0 40.0 21.0 28.33881 78.06384 19.25345 1.0
21.0 45.0 45.0 35.08865 116.2837 28.46253 1866.0
21.0 45.0 21.0 28.33881 78.06384 19.25345 1866.0
22.0 0.0 0.0 55.11376 48.88732 141.97335 665.0
22.0 0.0 22.0 25.09465 80.02232 119.46695 665.0
22.0 2.0 2.0 27.42034 25.31249 87.71967 84.0
22.0 2.0 22.0 25.09465 80.02232 119.46695 84.0
22.0 4.0 4.0 72.14053 108.41711 139.67478 502.0
22.0 4.0 22.0 25.09465 80.02232 119.46695 502.0
22.0 5.0 5.0 42.3866 127.00466 106.47435 43.0
22.0 5.0 22.0 25.09465 80.02232 119.46695 43.0
22.0 6.0 6.0 5.46315 84.74569 74.37733 2016.0
22.0 6.0 22.0 25.09465 80.02232 119.46695 2016.0
22.0 13.0 13.0 21.77809 31.16945 56.42907 4.0
22.0 13.0 22.0 25.09465 80.02232 119.46695 4.0
22.0 16.0 16.0 37.10254 39.09006 124.70336 1224.0
22.0 16.0 22.0 25.09465 80.02232 119.46695 1224.0
22.0 22.0 22.0 25.09465 80.02232 119.46695 14423.0
22.0 22.0 22.0 25.09465 80.02232 119.46695 14423.0
22.0 27.0 27.0 18.71565 45.34323 103.711 1314.0
22.0 27.0 22.0 25.09465 80.02232 119.46695 1314.0
22.0 28.0 28.0 84.36942 38.89831 143.12072 19.0
22.0 28.0 22.0 25.09465 80.02232 119.46695 19.0
22.0 33.0 33.0 97.21382 49.92589 149.23046 2.0
22.0 33.0 22.0 25.09465 80.02232 119.46695 2.0
22.0 36.0 36.0 51.18829 19.52796 119.7461 18.0
22.0 36.0 22.0 25.09465 80.02232 119.46695 18.0
22.0 37.0 37.0 80.27483 11.05497 113.81193 1.0
22.0 37.0 22.0 25.09465 80.02232 119.46695 1.0
22.0 38.0 38.0 88.72558 68.40075 152.61212 27.0
22.0 38.0 22.0 25.09465 80.02232 119.46695 27.0
22.0 41.0 41.0 59.94172 126.09259 122.5116 892.0
22.0 41.0 22.0 25.09465 80.02232 119.46695 892.0
22.0 42.0 42.0 56.6497 85.225 144.9675 1674.0
22.0 42.0 22.0 25.09465 80.02232 119.46695 1674.0
22.0 43.0 43.0 101.71627 137.72182 99.16113 1.0
22.0 43.0 22.0 25.09465 80.02232 119.46695 1.0
22.0 44.0 44.0 70.26408 22.72729 131.35529 1.0
22.0 44.0 22.0 25.09465 80.02232 119.46695 1.0
23.0 7.0 7.0 121.66843 13.45421 56.88796 12.0
23.0 7.0 23.0 173.47446 43.57396 76.92389 12.0
23.0 12.0 12.0 179.80691 86.35657 84.75917 588.0
23.0 12.0 23.0 173.47446 43.57396 76.92389 588.0
23.0 15.0 15.0 145.09512 26.55843 64.66835 809.0
23.0 15.0 23.0 173.47446 43.57396 76.92389 809.0
23.0 17.0 17.0 122.79653 11.00735 94.60051 7.0
23.0 17.0 23.0 173.47446 43.57396 76.92389 7.0
23.0 18.0 18.0 159.21407 24.83604 93.90439 1083.0
23.0 18.0 23.0 173.47446 43.57396 76.92389 1083.0
23.0 23.0 23.0 173.47446 43.57396 76.92389 3321.0
23.0 23.0 23.0 173.47446 43.57396 76.92389 3321.0
23.0 25.0 25.0 182.84082 63.99509 100.28112 792.0
23.0 25.0 23.0 173.47446 43.57396 76.92389 792.0
23.0 26.0 26.0 132.10182 45.13691 139.11801 10.0
23.0 26.0 23.0 173.47446 43.57396 76.92389 10.0
23.0 29.0 29.0 122.71384 20.58835 121.16934 9.0
23.0 29.0 23.0 173.47446 43.57396 76.92389 9.0
23.0 31.0 31.0 121.54386 38.89829 36.01173 133.0
23.0 31.0 23.0 173.47446 43.57396 76.92389 133.0
23.0 32.0 32.0 157.22014 89.15723 58.04939 531.0
23.0 32.0 23.0 173.47446 43.57396 76.92389 531.0
23.0 47.0 47.0 164.19423 62.75108 126.12576 348.0
23.0 47.0 23.0 173.47446 43.57396 76.92389 348.0
24.0 0.0 0.0 55.11376 48.88732 141.97335 9.0
24.0 0.0 24.0 107.86307 87.20701 149.15267 9.0
24.0 4.0 4.0 72.14053 108.41711 139.67478 1511.0
24.0 4.0 24.0 107.86307 87.20701 149.15267 1511.0
24.0 9.0 9.0 78.63936 139.90439 102.71338 19.0
24.0 9.0 24.0 107.86307 87.20701 149.15267 19.0
24.0 24.0 24.0 107.86307 87.20701 149.15267 9030.0
24.0 24.0 24.0 107.86307 87.20701 149.15267 9030.0
24.0 26.0 26.0 132.10182 45.13691 139.11801 944.0
24.0 26.0 24.0 107.86307 87.20701 149.15267 944.0
24.0 28.0 28.0 84.36942 38.89831 143.12072 39.0
24.0 28.0 24.0 107.86307 87.20701 149.15267 39.0
24.0 29.0 29.0 122.71384 20.58835 121.16934 1.0
24.0 29.0 24.0 107.86307 87.20701 149.15267 1.0
24.0 30.0 30.0 88.59355 139.94098 62.83225 1.0
24.0 30.0 24.0 107.86307 87.20701 149.15267 1.0
24.0 33.0 33.0 97.21382 49.92589 149.23046 457.0
24.0 33.0 24.0 107.86307 87.20701 149.15267 457.0
24.0 34.0 34.0 127.82076 111.24763 129.57938 2659.0
24.0 34.0 24.0 107.86307 87.20701 149.15267 2659.0
24.0 35.0 35.0 147.81461 121.13857 95.61845 4.0
24.0 35.0 24.0 107.86307 87.20701 149.15267 4.0
24.0 38.0 38.0 88.72558 68.40075 152.61212 1920.0
24.0 38.0 24.0 107.86307 87.20701 149.15267 1920.0
24.0 41.0 41.0 59.94172 126.09259 122.5116 78.0
24.0 41.0 24.0 107.86307 87.20701 149.15267 78.0
24.0 42.0 42.0 56.6497 85.225 144.9675 526.0
24.0 42.0 24.0 107.86307 87.20701 149.15267 526.0
24.0 43.0 43.0 101.71627 137.72182 99.16113 5.0
24.0 43.0 24.0 107.86307 87.20701 149.15267 5.0
24.0 44.0 44.0 70.26408 22.72729 131.35529 2.0
24.0 44.0 24.0 107.86307 87.20701 149.15267 2.0
24.0 47.0 47.0 164.19423 62.75108 126.12576 199.0
24.0 47.0 24.0 107.86307 87.20701 149.15267 199.0
25.0 7.0 7.0 121.66843 13.45421 56.88796 1.0
25.0 7.0 25.0 182.84082 63.99509 100.28112 1.0
25.0 12.0 12.0 179.80691 86.35657 84.75917 1224.0
25.0 12.0 25.0 182.84082 63.99509 100.28112 1224.0
25.0 15.0 15.0 145.09512 26.55843 64.66835 7.0
25.0 15.0 25.0 182.84082 63.99509 100.28112 7.0
25.0 18.0 18.0 159.21407 24.83604 93.90439 125.0
25.0 18.0 25.0 182.84082 63.99509 100.28112 125.0
25.0 23.0 23.0 173.47446 43.57396 76.92389 763.0
25.0 23.0 25.0 182.84082 63.99509 100.28112 763.0
25.0 25.0 25.0 182.84082 63.99509 100.28112 2252.0
25.0 25.0 25.0 182.84082 63.99509 100.28112 2252.0
25.0 26.0 26.0 132.10182 45.13691 139.11801 5.0
25.0 26.0 25.0 182.84082 63.99509 100.28112 5.0
25.0 32.0 32.0 157.22014 89.15723 58.04939 50.0
25.0 32.0 25.0 182.84082 63.99509 100.28112 50.0
25.0 34.0 34.0 127.82076 111.24763 129.57938 24.0
25.0 34.0 25.0 182.84082 63.99509 100.28112 24.0
25.0 35.0 35.0 147.81461 121.13857 95.61845 72.0
25.0 35.0 25.0 182.84082 63.99509 100.28112 72.0
25.0 46.0 46.0 114.69667 130.27191 52.85045 1.0
25.0 46.0 25.0 182.84082 63.99509 100.28112 1.0
25.0 47.0 47.0 164.19423 62.75108 126.12576 1264.0
25.0 47.0 25.0 182.84082 63.99509 100.28112 1264.0
26.0 0.0 0.0 55.11376 48.88732 141.97335 1.0
26.0 0.0 26.0 132.10182 45.13691 139.11801 1.0
26.0 3.0 3.0 83.17586 3.83602 88.04952 1.0
26.0 3.0 26.0 132.10182 45.13691 139.11801 1.0
26.0 15.0 15.0 145.09512 26.55843 64.66835 2.0
26.0 15.0 26.0 132.10182 45.13691 139.11801 2.0
26.0 17.0 17.0 122.79653 11.00735 94.60051 96.0
26.0 17.0 26.0 132.10182 45.13691 139.11801 96.0
26.0 18.0 18.0 159.21407 24.83604 93.90439 243.0
26.0 18.0 26.0 132.10182 45.13691 139.11801 243.0
26.0 23.0 23.0 173.47446 43.57396 76.92389 2.0
26.0 23.0 26.0 132.10182 45.13691 139.11801 2.0
26.0 24.0 24.0 107.86307 87.20701 149.15267 1018.0
26.0 24.0 26.0 132.10182 45.13691 139.11801 1018.0
26.0 25.0 25.0 182.84082 63.99509 100.28112 4.0
26.0 25.0 26.0 132.10182 45.13691 139.11801 4.0
26.0 26.0 26.0 132.10182 45.13691 139.11801 8180.0
26.0 26.0 26.0 132.10182 45.13691 139.11801 8180.0
26.0 28.0 28.0 84.36942 38.89831 143.12072 414.0
26.0 28.0 26.0 132.10182 45.13691 139.11801 414.0
26.0 29.0 29.0 122.71384 20.58835 121.16934 1876.0
26.0 29.0 26.0 132.10182 45.13691 139.11801 1876.0
26.0 33.0 33.0 97.21382 49.92589 149.23046 1104.0
26.0 33.0 26.0 132.10182 45.13691 139.11801 1104.0
26.0 34.0 34.0 127.82076 111.24763 129.57938 285.0
26.0 34.0 26.0 132.10182 45.13691 139.11801 285.0
26.0 35.0 35.0 147.81461 121.13857 95.61845 1.0
26.0 35.0 26.0 132.10182 45.13691 139.11801 1.0
26.0 37.0 37.0 80.27483 11.05497 113.81193 122.0
26.0 37.0 26.0 132.10182 45.13691 139.11801 122.0
26.0 38.0 38.0 88.72558 68.40075 152.61212 420.0
26.0 38.0 26.0 132.10182 45.13691 139.11801 420.0
26.0 44.0 44.0 70.26408 22.72729 131.35529 14.0
26.0 44.0 26.0 132.10182 45.13691 139.11801 14.0
26.0 47.0 47.0 164.19423 62.75108 126.12576 1736.0
26.0 47.0 26.0 132.10182 45.13691 139.11801 1736.0
27.0 0.0 0.0 55.11376 48.88732 141.97335 40.0
27.0 0.0 27.0 18.71565 45.34323 103.711 40.0
27.0 2.0 2.0 27.42034 25.31249 87.71967 1569.0
27.0 2.0 27.0 18.71565 45.34323 103.711 1569.0
27.0 3.0 3.0 83.17586 3.83602 88.04952 3.0
27.0 3.0 27.0 18.71565 45.34323 103.711 3.0
27.0 6.0 6.0 5.46315 84.74569 74.37733 778.0
27.0 6.0 27.0 18.71565 45.34323 103.711 778.0
27.0 11.0 11.0 48.54651 14.12333 56.47989 18.0
27.0 11.0 27.0 18.71565 45.34323 103.711 18.0
27.0 13.0 13.0 21.77809 31.16945 56.42907 120.0
27.0 13.0 27.0 18.71565 45.34323 103.711 120.0
27.0 16.0 16.0 37.10254 39.09006 124.70336 1302.0
27.0 16.0 27.0 18.71565 45.34323 103.711 1302.0
27.0 22.0 22.0 25.09465 80.02232 119.46695 1315.0
27.0 22.0 27.0 18.71565 45.34323 103.711 1315.0
27.0 27.0 27.0 18.71565 45.34323 103.711 3306.0
27.0 27.0 27.0 18.71565 45.34323 103.711 3306.0
27.0 36.0 36.0 51.18829 19.52796 119.7461 103.0
27.0 36.0 27.0 18.71565 45.34323 103.711 103.0
27.0 37.0 37.0 80.27483 11.05497 113.81193 8.0
27.0 37.0 27.0 18.71565 45.34323 103.711 8.0
27.0 39.0 39.0 21.85017 50.12031 32.74609 19.0
27.0 39.0 27.0 18.71565 45.34323 103.711 19.0
27.0 42.0 42.0 56.6497 85.225 144.9675 2.0
27.0 42.0 27.0 18.71565 45.34323 103.711 2.0
27.0 44.0 44.0 70.26408 22.72729 131.35529 5.0
27.0 44.0 27.0 18.71565 45.34323 103.711 5.0
28.0 0.0 0.0 55.11376 48.88732 141.97335 1099.0
28.0 0.0 28.0 84.36942 38.89831 143.12072 1099.0
28.0 3.0 3.0 83.17586 3.83602 88.04952 8.0
28.0 3.0 28.0 84.36942 38.89831 143.12072 8.0
28.0 4.0 4.0 72.14053 108.41711 139.67478 2.0
28.0 4.0 28.0 84.36942 38.89831 143.12072 2.0
28.0 16.0 16.0 37.10254 39.09006 124.70336 48.0
28.0 16.0 28.0 84.36942 38.89831 143.12072 48.0
28.0 17.0 17.0 122.79653 11.00735 94.60051 11.0
28.0 17.0 28.0 84.36942 38.89831 143.12072 11.0
28.0 22.0 22.0 25.09465 80.02232 119.46695 11.0
28.0 22.0 28.0 84.36942 38.89831 143.12072 11.0
28.0 24.0 24.0 107.86307 87.20701 149.15267 42.0
28.0 24.0 28.0 84.36942 38.89831 143.12072 42.0
28.0 26.0 26.0 132.10182 45.13691 139.11801 422.0
28.0 26.0 28.0 84.36942 38.89831 143.12072 422.0
28.0 28.0 28.0 84.36942 38.89831 143.12072 3179.0
28.0 28.0 28.0 84.36942 38.89831 143.12072 3179.0
28.0 29.0 29.0 122.71384 20.58835 121.16934 514.0
28.0 29.0 28.0 84.36942 38.89831 143.12072 514.0
28.0 33.0 33.0 97.21382 49.92589 149.23046 1615.0
28.0 33.0 28.0 84.36942 38.89831 143.12072 1615.0
28.0 36.0 36.0 51.18829 19.52796 119.7461 80.0
28.0 36.0 28.0 84.36942 38.89831 143.12072 80.0
28.0 37.0 37.0 80.27483 11.05497 113.81193 702.0
28.0 37.0 28.0 84.36942 38.89831 143.12072 702.0
28.0 38.0 38.0 88.72558 68.40075 152.61212 607.0
28.0 38.0 28.0 84.36942 38.89831 143.12072 607.0
28.0 42.0 42.0 56.6497 85.225 144.9675 168.0
28.0 42.0 28.0 84.36942 38.89831 143.12072 168.0
28.0 44.0 44.0 70.26408 22.72729 131.35529 926.0
28.0 44.0 28.0 84.36942 38.89831 143.12072 926.0
29.0 0.0 0.0 55.11376 48.88732 141.97335 5.0
29.0 0.0 29.0 122.71384 20.58835 121.16934 5.0
29.0 3.0 3.0 83.17586 3.83602 88.04952 211.0
29.0 3.0 29.0 122.71384 20.58835 121.16934 211.0
29.0 7.0 7.0 121.66843 13.45421 56.88796 11.0
29.0 7.0 29.0 122.71384 20.58835 121.16934 11.0
29.0 10.0 10.0 97.06209 3.9169 61.11076 1.0
29.0 10.0 29.0 122.71384 20.58835 121.16934 1.0
29.0 15.0 15.0 145.09512 26.55843 64.66835 59.0
29.0 15.0 29.0 122.71384 20.58835 121.16934 59.0
29.0 17.0 17.0 122.79653 11.00735 94.60051 1598.0
29.0 17.0 29.0 122.71384 20.58835 121.16934 1598.0
29.0 18.0 18.0 159.21407 24.83604 93.90439 520.0
29.0 18.0 29.0 122.71384 20.58835 121.16934 520.0
29.0 23.0 23.0 173.47446 43.57396 76.92389 12.0
29.0 23.0 29.0 122.71384 20.58835 121.16934 12.0
29.0 25.0 25.0 182.84082 63.99509 100.28112 1.0
29.0 25.0 29.0 122.71384 20.58835 121.16934 1.0
29.0 26.0 26.0 132.10182 45.13691 139.11801 1839.0
29.0 26.0 29.0 122.71384 20.58835 121.16934 1839.0
29.0 28.0 28.0 84.36942 38.89831 143.12072 486.0
29.0 28.0 29.0 122.71384 20.58835 121.16934 486.0
29.0 29.0 29.0 122.71384 20.58835 121.16934 4826.0
29.0 29.0 29.0 122.71384 20.58835 121.16934 4826.0
29.0 33.0 33.0 97.21382 49.92589 149.23046 203.0
29.0 33.0 29.0 122.71384 20.58835 121.16934 203.0
29.0 37.0 37.0 80.27483 11.05497 113.81193 1201.0
29.0 37.0 29.0 122.71384 20.58835 121.16934 1201.0
29.0 38.0 38.0 88.72558 68.40075 152.61212 6.0
29.0 38.0 29.0 122.71384 20.58835 121.16934 6.0
29.0 44.0 44.0 70.26408 22.72729 131.35529 80.0
29.0 44.0 29.0 122.71384 20.58835 121.16934 80.0
29.0 46.0 46.0 114.69667 130.27191 52.85045 1.0
29.0 46.0 29.0 122.71384 20.58835 121.16934 1.0
29.0 47.0 47.0 164.19423 62.75108 126.12576 252.0
29.0 47.0 29.0 122.71384 20.58835 121.16934 252.0
30.0 1.0 1.0 66.21425 89.14849 7.41671 362.0
30.0 1.0 30.0 88.59355 139.94098 62.83225 362.0
30.0 5.0 5.0 42.3866 127.00466 106.47435 5.0
30.0 5.0 30.0 88.59355 139.94098 62.83225 5.0
30.0 8.0 8.0 89.78883 90.70171 30.37285 26.0
30.0 8.0 30.0 88.59355 139.94098 62.83225 26.0
30.0 9.0 9.0 78.63936 139.90439 102.71338 1429.0
30.0 9.0 30.0 88.59355 139.94098 62.83225 1429.0
30.0 14.0 14.0 128.54503 116.09777 40.45621 218.0
30.0 14.0 30.0 88.59355 139.94098 62.83225 218.0
30.0 23.0 23.0 173.47446 43.57396 76.92389 1.0
30.0 23.0 30.0 88.59355 139.94098 62.83225 1.0
30.0 30.0 30.0 88.59355 139.94098 62.83225 16322.0
30.0 30.0 30.0 88.59355 139.94098 62.83225 16322.0
30.0 32.0 32.0 157.22014 89.15723 58.04939 5.0
30.0 32.0 30.0 88.59355 139.94098 62.83225 5.0
30.0 34.0 34.0 127.82076 111.24763 129.57938 71.0
30.0 34.0 30.0 88.59355 139.94098 62.83225 71.0
30.0 35.0 35.0 147.81461 121.13857 95.61845 727.0
30.0 35.0 30.0 88.59355 139.94098 62.83225 727.0
30.0 41.0 41.0 59.94172 126.09259 122.5116 31.0
30.0 41.0 30.0 88.59355 139.94098 62.83225 31.0
30.0 43.0 43.0 101.71627 137.72182 99.16113 2255.0
30.0 43.0 30.0 88.59355 139.94098 62.83225 2255.0
30.0 45.0 45.0 35.08865 116.2837 28.46253 889.0
30.0 45.0 30.0 88.59355 139.94098 62.83225 889.0
30.0 46.0 46.0 114.69667 130.27191 52.85045 3590.0
30.0 46.0 30.0 88.59355 139.94098 62.83225 3590.0
31.0 1.0 1.0 66.21425 89.14849 7.41671 1.0
31.0 1.0 31.0 121.54386 38.89829 36.01173 1.0
31.0 3.0 3.0 83.17586 3.83602 88.04952 1.0
31.0 3.0 31.0 121.54386 38.89829 36.01173 1.0
31.0 7.0 7.0 121.66843 13.45421 56.88796 1683.0
31.0 7.0 31.0 121.54386 38.89829 36.01173 1683.0
31.0 8.0 8.0 89.78883 90.70171 30.37285 25.0
31.0 8.0 31.0 121.54386 38.89829 36.01173 25.0
31.0 10.0 10.0 97.06209 3.9169 61.11076 405.0
31.0 10.0 31.0 121.54386 38.89829 36.01173 405.0
31.0 11.0 11.0 48.54651 14.12333 56.47989 2.0
31.0 11.0 31.0 121.54386 38.89829 36.01173 2.0
31.0 12.0 12.0 179.80691 86.35657 84.75917 9.0
31.0 12.0 31.0 121.54386 38.89829 36.01173 9.0
31.0 14.0 14.0 128.54503 116.09777 40.45621 6.0
31.0 14.0 31.0 121.54386 38.89829 36.01173 6.0
31.0 15.0 15.0 145.09512 26.55843 64.66835 1485.0
31.0 15.0 31.0 121.54386 38.89829 36.01173 1485.0
31.0 17.0 17.0 122.79653 11.00735 94.60051 3.0
31.0 17.0 31.0 121.54386 38.89829 36.01173 3.0
31.0 18.0 18.0 159.21407 24.83604 93.90439 14.0
31.0 18.0 31.0 121.54386 38.89829 36.01173 14.0
31.0 19.0 19.0 66.40161 15.79593 45.39226 34.0
31.0 19.0 31.0 121.54386 38.89829 36.01173 34.0
31.0 20.0 20.0 85.01899 53.68573 22.27971 2489.0
31.0 20.0 31.0 121.54386 38.89829 36.01173 2489.0
31.0 23.0 23.0 173.47446 43.57396 76.92389 136.0
31.0 23.0 31.0 121.54386 38.89829 36.01173 136.0
31.0 31.0 31.0 121.54386 38.89829 36.01173 13140.0
31.0 31.0 31.0 121.54386 38.89829 36.01173 13140.0
31.0 32.0 32.0 157.22014 89.15723 58.04939 752.0
31.0 32.0 31.0 121.54386 38.89829 36.01173 752.0
31.0 35.0 35.0 147.81461 121.13857 95.61845 1.0
31.0 35.0 31.0 121.54386 38.89829 36.01173 1.0
31.0 40.0 40.0 83.27367 23.54467 42.41911 1075.0
31.0 40.0 31.0 121.54386 38.89829 36.01173 1075.0
32.0 7.0 7.0 121.66843 13.45421 56.88796 5.0
32.0 7.0 32.0 157.22014 89.15723 58.04939 5.0
32.0 12.0 12.0 179.80691 86.35657 84.75917 1733.0
32.0 12.0 32.0 157.22014 89.15723 58.04939 1733.0
32.0 14.0 14.0 128.54503 116.09777 40.45621 1681.0
32.0 14.0 32.0 157.22014 89.15723 58.04939 1681.0
32.0 15.0 15.0 145.09512 26.55843 64.66835 387.0
32.0 15.0 32.0 157.22014 89.15723 58.04939 387.0
32.0 18.0 18.0 159.21407 24.83604 93.90439 7.0
32.0 18.0 32.0 157.22014 89.15723 58.04939 7.0
32.0 20.0 20.0 85.01899 53.68573 22.27971 10.0
32.0 20.0 32.0 157.22014 89.15723 58.04939 10.0
32.0 23.0 23.0 173.47446 43.57396 76.92389 482.0
32.0 23.0 32.0 157.22014 89.15723 58.04939 482.0
32.0 25.0 25.0 182.84082 63.99509 100.28112 56.0
32.0 25.0 32.0 157.22014 89.15723 58.04939 56.0
32.0 30.0 30.0 88.59355 139.94098 62.83225 4.0
32.0 30.0 32.0 157.22014 89.15723 58.04939 4.0
32.0 31.0 31.0 121.54386 38.89829 36.01173 754.0
32.0 31.0 32.0 157.22014 89.15723 58.04939 754.0
32.0 32.0 32.0 157.22014 89.15723 58.04939 10421.0
32.0 32.0 32.0 157.22014 89.15723 58.04939 10421.0
32.0 35.0 35.0 147.81461 121.13857 95.61845 984.0
32.0 35.0 32.0 157.22014 89.15723 58.04939 984.0
32.0 46.0 46.0 114.69667 130.27191 52.85045 303.0
32.0 46.0 32.0 157.22014 89.15723 58.04939 303.0
32.0 47.0 47.0 164.19423 62.75108 126.12576 1.0
32.0 47.0 32.0 157.22014 89.15723 58.04939 1.0
33.0 0.0 0.0 55.11376 48.88732 141.97335 226.0
33.0 0.0 33.0 97.21382 49.92589 149.23046 226.0
33.0 4.0 4.0 72.14053 108.41711 139.67478 9.0
33.0 4.0 33.0 97.21382 49.92589 149.23046 9.0
33.0 16.0 16.0 37.10254 39.09006 124.70336 2.0
33.0 16.0 33.0 97.21382 49.92589 149.23046 2.0
33.0 18.0 18.0 159.21407 24.83604 93.90439 1.0
33.0 18.0 33.0 97.21382 49.92589 149.23046 1.0
33.0 22.0 22.0 25.09465 80.02232 119.46695 2.0
33.0 22.0 33.0 97.21382 49.92589 149.23046 2.0
33.0 24.0 24.0 107.86307 87.20701 149.15267 511.0
33.0 24.0 33.0 97.21382 49.92589 149.23046 511.0
33.0 26.0 26.0 132.10182 45.13691 139.11801 1138.0
33.0 26.0 33.0 97.21382 49.92589 149.23046 1138.0
33.0 28.0 28.0 84.36942 38.89831 143.12072 1579.0
33.0 28.0 33.0 97.21382 49.92589 149.23046 1579.0
33.0 29.0 29.0 122.71384 20.58835 121.16934 195.0
33.0 29.0 33.0 97.21382 49.92589 149.23046 195.0
33.0 33.0 33.0 97.21382 49.92589 149.23046 2732.0
33.0 33.0 33.0 97.21382 49.92589 149.23046 2732.0
33.0 34.0 34.0 127.82076 111.24763 129.57938 3.0
33.0 34.0 33.0 97.21382 49.92589 149.23046 3.0
33.0 36.0 36.0 51.18829 19.52796 119.7461 4.0
33.0 36.0 33.0 97.21382 49.92589 149.23046 4.0
33.0 37.0 37.0 80.27483 11.05497 113.81193 76.0
33.0 37.0 33.0 97.21382 49.92589 149.23046 76.0
33.0 38.0 38.0 88.72558 68.40075 152.61212 1548.0
33.0 38.0 33.0 97.21382 49.92589 149.23046 1548.0
33.0 42.0 42.0 56.6497 85.225 144.9675 128.0
33.0 42.0 33.0 97.21382 49.92589 149.23046 128.0
33.0 44.0 44.0 70.26408 22.72729 131.35529 115.0
33.0 44.0 33.0 97.21382 49.92589 149.23046 115.0
33.0 47.0 47.0 164.19423 62.75108 126.12576 6.0
33.0 47.0 33.0 97.21382 49.92589 149.23046 6.0
34.0 4.0 4.0 72.14053 108.41711 139.67478 910.0
34.0 4.0 34.0 127.82076 111.24763 129.57938 910.0
34.0 9.0 9.0 78.63936 139.90439 102.71338 624.0
34.0 9.0 34.0 127.82076 111.24763 129.57938 624.0
34.0 12.0 12.0 179.80691 86.35657 84.75917 101.0
34.0 12.0 34.0 127.82076 111.24763 129.57938 101.0
34.0 14.0 14.0 128.54503 116.09777 40.45621 1.0
34.0 14.0 34.0 127.82076 111.24763 129.57938 1.0
34.0 24.0 24.0 107.86307 87.20701 149.15267 2600.0
34.0 24.0 34.0 127.82076 111.24763 129.57938 2600.0
34.0 25.0 25.0 182.84082 63.99509 100.28112 22.0
34.0 25.0 34.0 127.82076 111.24763 129.57938 22.0
34.0 26.0 26.0 132.10182 45.13691 139.11801 303.0
34.0 26.0 34.0 127.82076 111.24763 129.57938 303.0
34.0 30.0 30.0 88.59355 139.94098 62.83225 79.0
34.0 30.0 34.0 127.82076 111.24763 129.57938 79.0
34.0 32.0 32.0 157.22014 89.15723 58.04939 4.0
34.0 32.0 34.0 127.82076 111.24763 129.57938 4.0
34.0 33.0 33.0 97.21382 49.92589 149.23046 6.0
34.0 33.0 34.0 127.82076 111.24763 129.57938 6.0
34.0 34.0 34.0 127.82076 111.24763 129.57938 17359.0
34.0 34.0 34.0 127.82076 111.24763 129.57938 17359.0
34.0 35.0 35.0 147.81461 121.13857 95.61845 2623.0
34.0 35.0 34.0 127.82076 111.24763 129.57938 2623.0
34.0 38.0 38.0 88.72558 68.40075 152.61212 27.0
34.0 38.0 34.0 127.82076 111.24763 129.57938 27.0
34.0 41.0 41.0 59.94172 126.09259 122.5116 386.0
34.0 41.0 34.0 127.82076 111.24763 129.57938 386.0
34.0 42.0 42.0 56.6497 85.225 144.9675 9.0
34.0 42.0 34.0 127.82076 111.24763 129.57938 9.0
34.0 43.0 43.0 101.71627 137.72182 99.16113 1417.0
34.0 43.0 34.0 127.82076 111.24763 129.57938 1417.0
34.0 46.0 46.0 114.69667 130.27191 52.85045 10.0
34.0 46.0 34.0 127.82076 111.24763 129.57938 10.0
34.0 47.0 47.0 164.19423 62.75108 126.12576 1160.0
34.0 47.0 34.0 127.82076 111.24763 129.57938 1160.0
35.0 9.0 9.0 78.63936 139.90439 102.71338 27.0
35.0 9.0 35.0 147.81461 121.13857 95.61845 27.0
35.0 12.0 12.0 179.80691 86.35657 84.75917 1199.0
35.0 12.0 35.0 147.81461 121.13857 95.61845 1199.0
35.0 14.0 14.0 128.54503 116.09777 40.45621 291.0
35.0 14.0 35.0 147.81461 121.13857 95.61845 291.0
35.0 24.0 24.0 107.86307 87.20701 149.15267 2.0
35.0 24.0 35.0 147.81461 121.13857 95.61845 2.0
35.0 25.0 25.0 182.84082 63.99509 100.28112 75.0
35.0 25.0 35.0 147.81461 121.13857 95.61845 75.0
35.0 26.0 26.0 132.10182 45.13691 139.11801 1.0
35.0 26.0 35.0 147.81461 121.13857 95.61845 1.0
35.0 30.0 30.0 88.59355 139.94098 62.83225 725.0
35.0 30.0 35.0 147.81461 121.13857 95.61845 725.0
35.0 32.0 32.0 157.22014 89.15723 58.04939 909.0
35.0 32.0 35.0 147.81461 121.13857 95.61845 909.0
35.0 34.0 34.0 127.82076 111.24763 129.57938 2742.0
35.0 34.0 35.0 147.81461 121.13857 95.61845 2742.0
35.0 35.0 35.0 147.81461 121.13857 95.61845 11604.0
35.0 35.0 35.0 147.81461 121.13857 95.61845 11604.0
35.0 41.0 41.0 59.94172 126.09259 122.5116 2.0
35.0 41.0 35.0 147.81461 121.13857 95.61845 2.0
35.0 43.0 43.0 101.71627 137.72182 99.16113 908.0
35.0 43.0 35.0 147.81461 121.13857 95.61845 908.0
35.0 46.0 46.0 114.69667 130.27191 52.85045 1181.0
35.0 46.0 35.0 147.81461 121.13857 95.61845 1181.0
35.0 47.0 47.0 164.19423 62.75108 126.12576 373.0
35.0 47.0 35.0 147.81461 121.13857 95.61845 373.0
36.0 0.0 0.0 55.11376 48.88732 141.97335 484.0
36.0 0.0 36.0 51.18829 19.52796 119.7461 484.0
36.0 2.0 2.0 27.42034 25.31249 87.71967 503.0
36.0 2.0 36.0 51.18829 19.52796 119.7461 503.0
36.0 3.0 3.0 83.17586 3.83602 88.04952 158.0
36.0 3.0 36.0 51.18829 19.52796 119.7461 158.0
36.0 11.0 11.0 48.54651 14.12333 56.47989 67.0
36.0 11.0 36.0 51.18829 19.52796 119.7461 67.0
36.0 13.0 13.0 21.77809 31.16945 56.42907 1.0
36.0 13.0 36.0 51.18829 19.52796 119.7461 1.0
36.0 16.0 16.0 37.10254 39.09006 124.70336 961.0
36.0 16.0 36.0 51.18829 19.52796 119.7461 961.0
36.0 22.0 22.0 25.09465 80.02232 119.46695 6.0
36.0 22.0 36.0 51.18829 19.52796 119.7461 6.0
36.0 27.0 27.0 18.71565 45.34323 103.711 101.0
36.0 27.0 36.0 51.18829 19.52796 119.7461 101.0
36.0 28.0 28.0 84.36942 38.89831 143.12072 87.0
36.0 28.0 36.0 51.18829 19.52796 119.7461 87.0
36.0 29.0 29.0 122.71384 20.58835 121.16934 1.0
36.0 29.0 36.0 51.18829 19.52796 119.7461 1.0
36.0 33.0 33.0 97.21382 49.92589 149.23046 2.0
36.0 33.0 36.0 51.18829 19.52796 119.7461 2.0
36.0 36.0 36.0 51.18829 19.52796 119.7461 1504.0
36.0 36.0 36.0 51.18829 19.52796 119.7461 1504.0
36.0 37.0 37.0 80.27483 11.05497 113.81193 948.0
36.0 37.0 36.0 51.18829 19.52796 119.7461 948.0
36.0 38.0 38.0 88.72558 68.40075 152.61212 1.0
36.0 38.0 36.0 51.18829 19.52796 119.7461 1.0
36.0 42.0 42.0 56.6497 85.225 144.9675 1.0
36.0 42.0 36.0 51.18829 19.52796 119.7461 1.0
36.0 44.0 44.0 70.26408 22.72729 131.35529 787.0
36.0 44.0 36.0 51.18829 19.52796 119.7461 787.0
37.0 0.0 0.0 55.11376 48.88732 141.97335 65.0
37.0 0.0 37.0 80.27483 11.05497 113.81193 65.0
37.0 2.0 2.0 27.42034 25.31249 87.71967 396.0
37.0 2.0 37.0 80.27483 11.05497 113.81193 396.0
37.0 3.0 3.0 83.17586 3.83602 88.04952 2577.0
37.0 3.0 37.0 80.27483 11.05497 113.81193 2577.0
37.0 10.0 10.0 97.06209 3.9169 61.11076 52.0
37.0 10.0 37.0 80.27483 11.05497 113.81193 52.0
37.0 11.0 11.0 48.54651 14.12333 56.47989 273.0
37.0 11.0 37.0 80.27483 11.05497 113.81193 273.0
37.0 16.0 16.0 37.10254 39.09006 124.70336 153.0
37.0 16.0 37.0 80.27483 11.05497 113.81193 153.0
37.0 17.0 17.0 122.79653 11.00735 94.60051 561.0
37.0 17.0 37.0 80.27483 11.05497 113.81193 561.0
37.0 18.0 18.0 159.21407 24.83604 93.90439 4.0
37.0 18.0 37.0 80.27483 11.05497 113.81193 4.0
37.0 19.0 19.0 66.40161 15.79593 45.39226 19.0
37.0 19.0 37.0 80.27483 11.05497 113.81193 19.0
37.0 26.0 26.0 132.10182 45.13691 139.11801 119.0
37.0 26.0 37.0 80.27483 11.05497 113.81193 119.0
37.0 27.0 27.0 18.71565 45.34323 103.711 18.0
37.0 27.0 37.0 80.27483 11.05497 113.81193 18.0
37.0 28.0 28.0 84.36942 38.89831 143.12072 786.0
37.0 28.0 37.0 80.27483 11.05497 113.81193 786.0
37.0 29.0 29.0 122.71384 20.58835 121.16934 1177.0
37.0 29.0 37.0 80.27483 11.05497 113.81193 1177.0
37.0 33.0 33.0 97.21382 49.92589 149.23046 82.0
37.0 33.0 37.0 80.27483 11.05497 113.81193 82.0
37.0 36.0 36.0 51.18829 19.52796 119.7461 846.0
37.0 36.0 37.0 80.27483 11.05497 113.81193 846.0
37.0 37.0 37.0 80.27483 11.05497 113.81193 8101.0
37.0 37.0 37.0 80.27483 11.05497 113.81193 8101.0
37.0 38.0 38.0 88.72558 68.40075 152.61212 1.0
37.0 38.0 37.0 80.27483 11.05497 113.81193 1.0
37.0 44.0 44.0 70.26408 22.72729 131.35529 1425.0
37.0 44.0 37.0 80.27483 11.05497 113.81193 1425.0
38.0 0.0 0.0 55.11376 48.88732 141.97335 416.0
38.0 0.0 38.0 88.72558 68.40075 152.61212 416.0
38.0 2.0 2.0 27.42034 25.31249 87.71967 1.0
38.0 2.0 38.0 88.72558 68.40075 152.61212 1.0
38.0 4.0 4.0 72.14053 108.41711 139.67478 223.0
38.0 4.0 38.0 88.72558 68.40075 152.61212 223.0
38.0 16.0 16.0 37.10254 39.09006 124.70336 6.0
38.0 16.0 38.0 88.72558 68.40075 152.61212 6.0
38.0 22.0 22.0 25.09465 80.02232 119.46695 27.0
38.0 22.0 38.0 88.72558 68.40075 152.61212 27.0
38.0 24.0 24.0 107.86307 87.20701 149.15267 2015.0
38.0 24.0 38.0 88.72558 68.40075 152.61212 2015.0
38.0 26.0 26.0 132.10182 45.13691 139.11801 379.0
38.0 26.0 38.0 88.72558 68.40075 152.61212 379.0
38.0 28.0 28.0 84.36942 38.89831 143.12072 604.0
38.0 28.0 38.0 88.72558 68.40075 152.61212 604.0
38.0 29.0 29.0 122.71384 20.58835 121.16934 7.0
38.0 29.0 38.0 88.72558 68.40075 152.61212 7.0
38.0 33.0 33.0 97.21382 49.92589 149.23046 1536.0
38.0 33.0 38.0 88.72558 68.40075 152.61212 1536.0
38.0 34.0 34.0 127.82076 111.24763 129.57938 43.0
38.0 34.0 38.0 88.72558 68.40075 152.61212 43.0
38.0 36.0 36.0 51.18829 19.52796 119.7461 1.0
38.0 36.0 38.0 88.72558 68.40075 152.61212 1.0
38.0 37.0 37.0 80.27483 11.05497 113.81193 2.0
38.0 37.0 38.0 88.72558 68.40075 152.61212 2.0
38.0 38.0 38.0 88.72558 68.40075 152.61212 3167.0
38.0 38.0 38.0 88.72558 68.40075 152.61212 3167.0
38.0 41.0 41.0 59.94172 126.09259 122.5116 4.0
38.0 41.0 38.0 88.72558 68.40075 152.61212 4.0
38.0 42.0 42.0 56.6497 85.225 144.9675 1125.0
38.0 42.0 38.0 88.72558 68.40075 152.61212 1125.0
38.0 44.0 44.0 70.26408 22.72729 131.35529 9.0
38.0 44.0 38.0 88.72558 68.40075 152.61212 9.0
38.0 47.0 47.0 164.19423 62.75108 126.12576 5.0
38.0 47.0 38.0 88.72558 68.40075 152.61212 5.0
39.0 1.0 1.0 66.21425 89.14849 7.41671 284.0
39.0 1.0 39.0 21.85017 50.12031 32.74609 284.0
39.0 2.0 2.0 27.42034 25.31249 87.71967 159.0
39.0 2.0 39.0 21.85017 50.12031 32.74609 159.0
39.0 6.0 6.0 5.46315 84.74569 74.37733 1357.0
39.0 6.0 39.0 21.85017 50.12031 32.74609 1357.0
39.0 11.0 11.0 48.54651 14.12333 56.47989 899.0
39.0 11.0 39.0 21.85017 50.12031 32.74609 899.0
39.0 13.0 13.0 21.77809 31.16945 56.42907 1867.0
39.0 13.0 39.0 21.85017 50.12031 32.74609 1867.0
39.0 19.0 19.0 66.40161 15.79593 45.39226 253.0
39.0 19.0 39.0 21.85017 50.12031 32.74609 253.0
39.0 20.0 20.0 85.01899 53.68573 22.27971 487.0
39.0 20.0 39.0 21.85017 50.12031 32.74609 487.0
39.0 21.0 21.0 28.33881 78.06384 19.25345 2147.0
39.0 21.0 39.0 21.85017 50.12031 32.74609 2147.0
39.0 22.0 22.0 25.09465 80.02232 119.46695 1.0
39.0 22.0 39.0 21.85017 50.12031 32.74609 1.0
39.0 27.0 27.0 18.71565 45.34323 103.711 18.0
39.0 27.0 39.0 21.85017 50.12031 32.74609 18.0
39.0 39.0 39.0 21.85017 50.12031 32.74609 9823.0
39.0 39.0 39.0 21.85017 50.12031 32.74609 9823.0
39.0 40.0 40.0 83.27367 23.54467 42.41911 27.0
39.0 40.0 39.0 21.85017 50.12031 32.74609 27.0
39.0 45.0 45.0 35.08865 116.2837 28.46253 72.0
39.0 45.0 39.0 21.85017 50.12031 32.74609 72.0
40.0 1.0 1.0 66.21425 89.14849 7.41671 9.0
40.0 1.0 40.0 83.27367 23.54467 42.41911 9.0
40.0 3.0 3.0 83.17586 3.83602 88.04952 120.0
40.0 3.0 40.0 83.27367 23.54467 42.41911 120.0
40.0 7.0 7.0 121.66843 13.45421 56.88796 294.0
40.0 7.0 40.0 83.27367 23.54467 42.41911 294.0
40.0 8.0 8.0 89.78883 90.70171 30.37285 1.0
40.0 8.0 40.0 83.27367 23.54467 42.41911 1.0
40.0 10.0 10.0 97.06209 3.9169 61.11076 1294.0
40.0 10.0 40.0 83.27367 23.54467 42.41911 1294.0
40.0 11.0 11.0 48.54651 14.12333 56.47989 470.0
40.0 11.0 40.0 83.27367 23.54467 42.41911 470.0
40.0 13.0 13.0 21.77809 31.16945 56.42907 2.0
40.0 13.0 40.0 83.27367 23.54467 42.41911 2.0
40.0 15.0 15.0 145.09512 26.55843 64.66835 5.0
40.0 15.0 40.0 83.27367 23.54467 42.41911 5.0
40.0 17.0 17.0 122.79653 11.00735 94.60051 2.0
40.0 17.0 40.0 83.27367 23.54467 42.41911 2.0
40.0 19.0 19.0 66.40161 15.79593 45.39226 1447.0
40.0 19.0 40.0 83.27367 23.54467 42.41911 1447.0
40.0 20.0 20.0 85.01899 53.68573 22.27971 1759.0
40.0 20.0 40.0 83.27367 23.54467 42.41911 1759.0
40.0 21.0 21.0 28.33881 78.06384 19.25345 4.0
40.0 21.0 40.0 83.27367 23.54467 42.41911 4.0
40.0 31.0 31.0 121.54386 38.89829 36.01173 1083.0
40.0 31.0 40.0 83.27367 23.54467 42.41911 1083.0
40.0 37.0 37.0 80.27483 11.05497 113.81193 2.0
40.0 37.0 40.0 83.27367 23.54467 42.41911 2.0
40.0 39.0 39.0 21.85017 50.12031 32.74609 28.0
40.0 39.0 40.0 83.27367 23.54467 42.41911 28.0
40.0 40.0 40.0 83.27367 23.54467 42.41911 4491.0
40.0 40.0 40.0 83.27367 23.54467 42.41911 4491.0
41.0 0.0 0.0 55.11376 48.88732 141.97335 1.0
41.0 0.0 41.0 59.94172 126.09259 122.5116 1.0
41.0 4.0 4.0 72.14053 108.41711 139.67478 2795.0
41.0 4.0 41.0 59.94172 126.09259 122.5116 2795.0
41.0 5.0 5.0 42.3866 127.00466 106.47435 128.0
41.0 5.0 41.0 59.94172 126.09259 122.5116 128.0
41.0 6.0 6.0 5.46315 84.74569 74.37733 18.0
41.0 6.0 41.0 59.94172 126.09259 122.5116 18.0
41.0 9.0 9.0 78.63936 139.90439 102.71338 2311.0
41.0 9.0 41.0 59.94172 126.09259 122.5116 2311.0
41.0 22.0 22.0 25.09465 80.02232 119.46695 821.0
41.0 22.0 41.0 59.94172 126.09259 122.5116 821.0
41.0 24.0 24.0 107.86307 87.20701 149.15267 74.0
41.0 24.0 41.0 59.94172 126.09259 122.5116 74.0
41.0 30.0 30.0 88.59355 139.94098 62.83225 31.0
41.0 30.0 41.0 59.94172 126.09259 122.5116 31.0
41.0 34.0 34.0 127.82076 111.24763 129.57938 404.0
41.0 34.0 41.0 59.94172 126.09259 122.5116 404.0
41.0 35.0 35.0 147.81461 121.13857 95.61845 2.0
41.0 35.0 41.0 59.94172 126.09259 122.5116 2.0
41.0 38.0 38.0 88.72558 68.40075 152.61212 2.0
41.0 38.0 41.0 59.94172 126.09259 122.5116 2.0
41.0 41.0 41.0 59.94172 126.09259 122.5116 10830.0
41.0 41.0 41.0 59.94172 126.09259 122.5116 10830.0
41.0 42.0 42.0 56.6497 85.225 144.9675 396.0
41.0 42.0 41.0 59.94172 126.09259 122.5116 396.0
41.0 43.0 43.0 101.71627 137.72182 99.16113 342.0
41.0 43.0 41.0 59.94172 126.09259 122.5116 342.0
42.0 0.0 0.0 55.11376 48.88732 141.97335 886.0
42.0 0.0 42.0 56.6497 85.225 144.9675 886.0
42.0 4.0 4.0 72.14053 108.41711 139.67478 2136.0
42.0 4.0 42.0 56.6497 85.225 144.9675 2136.0
42.0 5.0 5.0 42.3866 127.00466 106.47435 5.0
42.0 5.0 42.0 56.6497 85.225 144.9675 5.0
42.0 16.0 16.0 37.10254 39.09006 124.70336 148.0
42.0 16.0 42.0 56.6497 85.225 144.9675 148.0
42.0 22.0 22.0 25.09465 80.02232 119.46695 1592.0
42.0 22.0 42.0 56.6497 85.225 144.9675 1592.0
42.0 24.0 24.0 107.86307 87.20701 149.15267 558.0
42.0 24.0 42.0 56.6497 85.225 144.9675 558.0
42.0 27.0 27.0 18.71565 45.34323 103.711 2.0
42.0 27.0 42.0 56.6497 85.225 144.9675 2.0
42.0 28.0 28.0 84.36942 38.89831 143.12072 203.0
42.0 28.0 42.0 56.6497 85.225 144.9675 203.0
42.0 33.0 33.0 97.21382 49.92589 149.23046 130.0
42.0 33.0 42.0 56.6497 85.225 144.9675 130.0
42.0 34.0 34.0 127.82076 111.24763 129.57938 6.0
42.0 34.0 42.0 56.6497 85.225 144.9675 6.0
42.0 36.0 36.0 51.18829 19.52796 119.7461 2.0
42.0 36.0 42.0 56.6497 85.225 144.9675 2.0
42.0 38.0 38.0 88.72558 68.40075 152.61212 1133.0
42.0 38.0 42.0 56.6497 85.225 144.9675 1133.0
42.0 41.0 41.0 59.94172 126.09259 122.5116 407.0
42.0 41.0 42.0 56.6497 85.225 144.9675 407.0
42.0 42.0 42.0 56.6497 85.225 144.9675 5771.0
42.0 42.0 42.0 56.6497 85.225 144.9675 5771.0
42.0 44.0 44.0 70.26408 22.72729 131.35529 2.0
42.0 44.0 42.0 56.6497 85.225 144.9675 2.0
43.0 4.0 4.0 72.14053 108.41711 139.67478 68.0
43.0 4.0 43.0 101.71627 137.72182 99.16113 68.0
43.0 5.0 5.0 42.3866 127.00466 106.47435 2.0
43.0 5.0 43.0 101.71627 137.72182 99.16113 2.0
43.0 9.0 9.0 78.63936 139.90439 102.71338 2145.0
43.0 9.0 43.0 101.71627 137.72182 99.16113 2145.0
43.0 24.0 24.0 107.86307 87.20701 149.15267 10.0
43.0 24.0 43.0 101.71627 137.72182 99.16113 10.0
43.0 30.0 30.0 88.59355 139.94098 62.83225 2090.0
43.0 30.0 43.0 101.71627 137.72182 99.16113 2090.0
43.0 34.0 34.0 127.82076 111.24763 129.57938 1408.0
43.0 34.0 43.0 101.71627 137.72182 99.16113 1408.0
43.0 35.0 35.0 147.81461 121.13857 95.61845 871.0
43.0 35.0 43.0 101.71627 137.72182 99.16113 871.0
43.0 41.0 41.0 59.94172 126.09259 122.5116 288.0
43.0 41.0 43.0 101.71627 137.72182 99.16113 288.0
43.0 43.0 43.0 101.71627 137.72182 99.16113 4853.0
43.0 43.0 43.0 101.71627 137.72182 99.16113 4853.0
43.0 46.0 46.0 114.69667 130.27191 52.85045 154.0
43.0 46.0 43.0 101.71627 137.72182 99.16113 154.0
44.0 0.0 0.0 55.11376 48.88732 141.97335 595.0
44.0 0.0 44.0 70.26408 22.72729 131.35529 595.0
44.0 2.0 2.0 27.42034 25.31249 87.71967 26.0
44.0 2.0 44.0 70.26408 22.72729 131.35529 26.0
44.0 3.0 3.0 83.17586 3.83602 88.04952 63.0
44.0 3.0 44.0 70.26408 22.72729 131.35529 63.0
44.0 6.0 6.0 5.46315 84.74569 74.37733 1.0
44.0 6.0 44.0 70.26408 22.72729 131.35529 1.0
44.0 11.0 11.0 48.54651 14.12333 56.47989 3.0
44.0 11.0 44.0 70.26408 22.72729 131.35529 3.0
44.0 16.0 16.0 37.10254 39.09006 124.70336 231.0
44.0 16.0 44.0 70.26408 22.72729 131.35529 231.0
44.0 17.0 17.0 122.79653 11.00735 94.60051 6.0
44.0 17.0 44.0 70.26408 22.72729 131.35529 6.0
44.0 22.0 22.0 25.09465 80.02232 119.46695 3.0
44.0 22.0 44.0 70.26408 22.72729 131.35529 3.0
44.0 26.0 26.0 132.10182 45.13691 139.11801 20.0
44.0 26.0 44.0 70.26408 22.72729 131.35529 20.0
44.0 27.0 27.0 18.71565 45.34323 103.711 3.0
44.0 27.0 44.0 70.26408 22.72729 131.35529 3.0
44.0 28.0 28.0 84.36942 38.89831 143.12072 914.0
44.0 28.0 44.0 70.26408 22.72729 131.35529 914.0
44.0 29.0 29.0 122.71384 20.58835 121.16934 76.0
44.0 29.0 44.0 70.26408 22.72729 131.35529 76.0
44.0 33.0 33.0 97.21382 49.92589 149.23046 111.0
44.0 33.0 44.0 70.26408 22.72729 131.35529 111.0
44.0 36.0 36.0 51.18829 19.52796 119.7461 762.0
44.0 36.0 44.0 70.26408 22.72729 131.35529 762.0
44.0 37.0 37.0 80.27483 11.05497 113.81193 1495.0
44.0 37.0 44.0 70.26408 22.72729 131.35529 1495.0
44.0 38.0 38.0 88.72558 68.40075 152.61212 16.0
44.0 38.0 44.0 70.26408 22.72729 131.35529 16.0
44.0 41.0 41.0 59.94172 126.09259 122.5116 1.0
44.0 41.0 44.0 70.26408 22.72729 131.35529 1.0
44.0 42.0 42.0 56.6497 85.225 144.9675 1.0
44.0 42.0 44.0 70.26408 22.72729 131.35529 1.0
44.0 44.0 44.0 70.26408 22.72729 131.35529 1883.0
44.0 44.0 44.0 70.26408 22.72729 131.35529 1883.0
45.0 1.0 1.0 66.21425 89.14849 7.41671 1933.0
45.0 1.0 45.0 35.08865 116.2837 28.46253 1933.0
45.0 5.0 5.0 42.3866 127.00466 106.47435 1.0
45.0 5.0 45.0 35.08865 116.2837 28.46253 1.0
45.0 6.0 6.0 5.46315 84.74569 74.37733 1128.0
45.0 6.0 45.0 35.08865 116.2837 28.46253 1128.0
45.0 8.0 8.0 89.78883 90.70171 30.37285 7.0
45.0 8.0 45.0 35.08865 116.2837 28.46253 7.0
45.0 9.0 9.0 78.63936 139.90439 102.71338 5.0
45.0 9.0 45.0 35.08865 116.2837 28.46253 5.0
45.0 14.0 14.0 128.54503 116.09777 40.45621 4.0
45.0 14.0 45.0 35.08865 116.2837 28.46253 4.0
45.0 20.0 20.0 85.01899 53.68573 22.27971 1.0
45.0 20.0 45.0 35.08865 116.2837 28.46253 1.0
45.0 21.0 21.0 28.33881 78.06384 19.25345 1840.0
45.0 21.0 45.0 35.08865 116.2837 28.46253 1840.0
45.0 22.0 22.0 25.09465 80.02232 119.46695 1.0
45.0 22.0 45.0 35.08865 116.2837 28.46253 1.0
45.0 30.0 30.0 88.59355 139.94098 62.83225 1036.0
45.0 30.0 45.0 35.08865 116.2837 28.46253 1036.0
45.0 39.0 39.0 21.85017 50.12031 32.74609 77.0
45.0 39.0 45.0 35.08865 116.2837 28.46253 77.0
45.0 45.0 45.0 35.08865 116.2837 28.46253 14759.0
45.0 45.0 45.0 35.08865 116.2837 28.46253 14759.0
45.0 46.0 46.0 114.69667 130.27191 52.85045 64.0
45.0 46.0 45.0 35.08865 116.2837 28.46253 64.0
46.0 1.0 1.0 66.21425 89.14849 7.41671 188.0
46.0 1.0 46.0 114.69667 130.27191 52.85045 188.0
46.0 8.0 8.0 89.78883 90.70171 30.37285 23.0
46.0 8.0 46.0 114.69667 130.27191 52.85045 23.0
46.0 9.0 9.0 78.63936 139.90439 102.71338 8.0
46.0 9.0 46.0 114.69667 130.27191 52.85045 8.0
46.0 12.0 12.0 179.80691 86.35657 84.75917 4.0
46.0 12.0 46.0 114.69667 130.27191 52.85045 4.0
46.0 14.0 14.0 128.54503 116.09777 40.45621 3141.0
46.0 14.0 46.0 114.69667 130.27191 52.85045 3141.0
46.0 20.0 20.0 85.01899 53.68573 22.27971 3.0
46.0 20.0 46.0 114.69667 130.27191 52.85045 3.0
46.0 30.0 30.0 88.59355 139.94098 62.83225 3618.0
46.0 30.0 46.0 114.69667 130.27191 52.85045 3618.0
46.0 32.0 32.0 157.22014 89.15723 58.04939 293.0
46.0 32.0 46.0 114.69667 130.27191 52.85045 293.0
46.0 34.0 34.0 127.82076 111.24763 129.57938 13.0
46.0 34.0 46.0 114.69667 130.27191 52.85045 13.0
46.0 35.0 35.0 147.81461 121.13857 95.61845 1142.0
46.0 35.0 46.0 114.69667 130.27191 52.85045 1142.0
46.0 43.0 43.0 101.71627 137.72182 99.16113 163.0
46.0 43.0 46.0 114.69667 130.27191 52.85045 163.0
46.0 45.0 45.0 35.08865 116.2837 28.46253 50.0
46.0 45.0 46.0 114.69667 130.27191 52.85045 50.0
46.0 46.0 46.0 114.69667 130.27191 52.85045 7470.0
46.0 46.0 46.0 114.69667 130.27191 52.85045 7470.0
47.0 12.0 12.0 179.80691 86.35657 84.75917 401.0
47.0 12.0 47.0 164.19423 62.75108 126.12576 401.0
47.0 15.0 15.0 145.09512 26.55843 64.66835 10.0
47.0 15.0 47.0 164.19423 62.75108 126.12576 10.0
47.0 17.0 17.0 122.79653 11.00735 94.60051 20.0
47.0 17.0 47.0 164.19423 62.75108 126.12576 20.0
47.0 18.0 18.0 159.21407 24.83604 93.90439 672.0
47.0 18.0 47.0 164.19423 62.75108 126.12576 672.0
47.0 23.0 23.0 173.47446 43.57396 76.92389 336.0
47.0 23.0 47.0 164.19423 62.75108 126.12576 336.0
47.0 24.0 24.0 107.86307 87.20701 149.15267 199.0
47.0 24.0 47.0 164.19423 62.75108 126.12576 199.0
47.0 25.0 25.0 182.84082 63.99509 100.28112 1216.0
47.0 25.0 47.0 164.19423 62.75108 126.12576 1216.0
47.0 26.0 26.0 132.10182 45.13691 139.11801 1900.0
47.0 26.0 47.0 164.19423 62.75108 126.12576 1900.0
47.0 29.0 29.0 122.71384 20.58835 121.16934 273.0
47.0 29.0 47.0 164.19423 62.75108 126.12576 273.0
47.0 32.0 32.0 157.22014 89.15723 58.04939 4.0
47.0 32.0 47.0 164.19423 62.75108 126.12576 4.0
47.0 33.0 33.0 97.21382 49.92589 149.23046 6.0
47.0 33.0 47.0 164.19423 62.75108 126.12576 6.0
47.0 34.0 34.0 127.82076 111.24763 129.57938 1248.0
47.0 34.0 47.0 164.19423 62.75108 126.12576 1248.0
47.0 35.0 35.0 147.81461 121.13857 95.61845 359.0
47.0 35.0 47.0 164.19423 62.75108 126.12576 359.0
47.0 37.0 37.0 80.27483 11.05497 113.81193 1.0
47.0 37.0 47.0 164.19423 62.75108 126.12576 1.0
47.0 38.0 38.0 88.72558 68.40075 152.61212 6.0
47.0 38.0 47.0 164.19423 62.75108 126.12576 6.0
47.0 47.0 47.0 164.19423 62.75108 126.12576 8984.0
47.0 47.0 47.0 164.19423 62.75108 126.12576 8984.0
