TargetArea SourceArea Area AvgPosX AvgPosY AvgPosZ SumWeights
0.0 0.0 0.0 55.12044 48.88652 141.97686 3886.0
0.0 0.0 0.0 55.12044 48.88652 141.97686 3886.0
0.0 2.0 2.0 27.41757 25.3076 87.69906 8.0
0.0 2.0 0.0 55.12044 48.88652 141.97686 8.0
0.0 4.0 4.0 72.16118 108.40703 139.68267 12.0
0.0 4.0 0.0 55.12044 48.88652 141.97686 12.0
0.0 16.0 16.0 37.11835 39.10825 124.73381 1321.0
0.0 16.0 0.0 55.12044 48.88652 141.97686 1321.0
0.0 22.0 22.0 25.11265 80.05966 119.48429 564.0
0.0 22.0 0.0 55.12044 48.88652 141.97686 564.0
0.0 24.0 24.0 107.93576 87.17996 149.14642 15.0
0.0 24.0 0.0 55.12044 48.88652 141.97686 15.0
0.0 26.0 26.0 132.14199 45.15113 139.10979 1.0
0.0 26.0 0.0 55.12044 48.88652 141.97686 1.0
0.0 27.0 27.0 18.72516 45.34086 103.72767 43.0
0.0 27.0 0.0 55.12044 48.88652 141.97686 43.0
0.0 28.0 28.0 84.37021 38.89991 143.12399 1103.0
0.0 28.0 0.0 55.12044 48.88652 141.97686 1103.0
0.0 29.0 29.0 122.76394 20.58553 121.14403 2.0
0.0 29.0 0.0 55.12044 48.88652 141.97686 2.0
0.0 33.0 33.0 97.24397 49.92024 149.22776 271.0
0.0 33.0 0.0 55.12044 48.88652 141.97686 271.0
0.0 36.0 36.0 51.16657 19.49309 119.69251 470.0
0.0 36.0 0.0 55.12044 48.88652 141.97686 470.0
0.0 37.0 37.0 80.33524 11.06901 113.84474 81.0
0.0 37.0 0.0 55.12044 48.88652 141.97686 81.0
0.0 38.0 38.0 88.75689 68.4146 152.61201 428.0
0.0 38.0 0.0 55.12044 48.88652 141.97686 428.0
0.0 41.0 41.0 59.90529 126.06044 122.52486 2.0
0.0 41.0 0.0 55.12044 48.88652 141.97686 2.0
0.0 42.0 42.0 56.64083 85.21989 144.96673 907.0
0.0 42.0 0.0 55.12044 48.88652 141.97686 907.0
0.0 44.0 44.0 70.27174 22.72306 131.35505 649.0
0.0 44.0 0.0 55.12044 48.88652 141.97686 649.0
1.0 1.0 1.0 66.22087 89.11222 7.42026 12369.0
1.0 1.0 1.0 66.22087 89.11222 7.42026 12369.0
1.0 8.0 8.0 89.87737 90.54081 30.39573 120.0
1.0 8.0 1.0 66.22087 89.11222 7.42026 120.0
1.0 11.0 11.0 48.5393 14.11617 56.49311 18.0
1.0 11.0 1.0 66.22087 89.11222 7.42026 18.0
1.0 13.0 13.0 21.79682 31.14667 56.4413 1.0
1.0 13.0 1.0 66.22087 89.11222 7.42026 1.0
1.0 14.0 14.0 128.56929 116.07426 40.45918 91.0
1.0 14.0 1.0 66.22087 89.11222 7.42026 91.0
1.0 19.0 19.0 66.39997 15.81026 45.34432 30.0
1.0 19.0 1.0 66.22087 89.11222 7.42026 30.0
1.0 20.0 20.0 85.01265 53.64491 22.31142 2364.0
1.0 20.0 1.0 66.22087 89.11222 7.42026 2364.0
1.0 21.0 21.0 28.30584 78.06882 19.27466 1406.0
1.0 21.0 1.0 66.22087 89.11222 7.42026 1406.0
1.0 30.0 30.0 88.58428 139.93062 62.8062 433.0
1.0 30.0 1.0 66.22087 89.11222 7.42026 433.0
1.0 31.0 31.0 121.53198 38.88033 36.00123 3.0
1.0 31.0 1.0 66.22087 89.11222 7.42026 3.0
1.0 39.0 39.0 21.88784 50.0596 32.72658 278.0
1.0 39.0 1.0 66.22087 89.11222 7.42026 278.0
1.0 40.0 40.0 83.28333 23.5109 42.42155 12.0
1.0 40.0 1.0 66.22087 89.11222 7.42026 12.0
1.0 45.0 45.0 35.08927 116.24891 28.41853 1822.0
1.0 45.0 1.0 66.22087 89.11222 7.42026 1822.0
1.0 46.0 46.0 114.70974 130.27171 52.86366 216.0
1.0 46.0 1.0 66.22087 89.11222 7.42026 216.0
2.0 0.0 0.0 55.12044 48.88652 141.97686 5.0
2.0 0.0 2.0 27.41757 25.3076 87.69906 5.0
2.0 2.0 2.0 27.41757 25.3076 87.69906 6565.0
2.0 2.0 2.0 27.41757 25.3076 87.69906 6565.0
2.0 3.0 3.0 83.25045 3.83763 88.0529 344.0
2.0 3.0 2.0 27.41757 25.3076 87.69906 344.0
2.0 6.0 6.0 5.46347 84.73447 74.37915 449.0
2.0 6.0 2.0 27.41757 25.3076 87.69906 449.0
2.0 11.0 11.0 48.5393 14.11617 56.49311 1343.0
2.0 11.0 2.0 27.41757 25.3076 87.69906 1343.0
2.0 13.0 13.0 21.79682 31.14667 56.4413 1373.0
2.0 13.0 2.0 27.41757 25.3076 87.69906 1373.0
2.0 16.0 16.0 37.11835 39.10825 124.73381 739.0
2.0 16.0 2.0 27.41757 25.3076 87.69906 739.0
2.0 19.0 19.0 66.39997 15.81026 45.34432 9.0
2.0 19.0 2.0 27.41757 25.3076 87.69906 9.0
2.0 20.0 20.0 85.01265 53.64491 22.31142 1.0
2.0 20.0 2.0 27.41757 25.3076 87.69906 1.0
2.0 22.0 22.0 25.11265 80.05966 119.48429 63.0
2.0 22.0 2.0 27.41757 25.3076 87.69906 63.0
2.0 27.0 27.0 18.72516 45.34086 103.72767 1620.0
2.0 27.0 2.0 27.41757 25.3076 87.69906 1620.0
2.0 28.0 28.0 84.37021 38.89991 143.12399 1.0
2.0 28.0 2.0 27.41757 25.3076 87.69906 1.0
2.0 36.0 36.0 51.16657 19.49309 119.69251 549.0
2.0 36.0 2.0 27.41757 25.3076 87.69906 549.0
2.0 37.0 37.0 80.33524 11.06901 113.84474 468.0
2.0 37.0 2.0 27.41757 25.3076 87.69906 468.0
2.0 39.0 39.0 21.88784 50.0596 32.72658 159.0
2.0 39.0 2.0 27.41757 25.3076 87.69906 159.0
2.0 40.0 40.0 83.28333 23.5109 42.42155 1.0
2.0 40.0 2.0 27.41757 25.3076 87.69906 1.0
2.0 44.0 44.0 70.27174 22.72306 131.35505 33.0
2.0 44.0 2.0 27.41757 25.3076 87.69906 33.0
3.0 2.0 2.0 27.41757 25.3076 87.69906 292.0
3.0 2.0 3.0 83.25045 3.83763 88.0529 292.0
3.0 3.0 3.0 83.25045 3.83763 88.0529 7183.0
3.0 3.0 3.0 83.25045 3.83763 88.0529 7183.0
3.0 7.0 7.0 121.67821 13.45216 56.90921 255.0
3.0 7.0 3.0 83.25045 3.83763 88.0529 255.0
3.0 10.0 10.0 97.07878 3.92076 61.10919 1610.0
3.0 10.0 3.0 83.25045 3.83763 88.0529 1610.0
3.0 11.0 11.0 48.5393 14.11617 56.49311 1029.0
3.0 11.0 3.0 83.25045 3.83763 88.0529 1029.0
3.0 13.0 13.0 21.79682 31.14667 56.4413 7.0
3.0 13.0 3.0 83.25045 3.83763 88.0529 7.0
3.0 15.0 15.0 145.07628 26.50991 64.70906 25.0
3.0 15.0 3.0 83.25045 3.83763 88.0529 25.0
3.0 16.0 16.0 37.11835 39.10825 124.73381 11.0
3.0 16.0 3.0 83.25045 3.83763 88.0529 11.0
3.0 17.0 17.0 122.81476 11.00923 94.59381 1212.0
3.0 17.0 3.0 83.25045 3.83763 88.0529 1212.0
3.0 18.0 18.0 159.23134 24.85362 93.91273 1.0
3.0 18.0 3.0 83.25045 3.83763 88.0529 1.0
3.0 19.0 19.0 66.39997 15.81026 45.34432 408.0
3.0 19.0 3.0 83.25045 3.83763 88.0529 408.0
3.0 28.0 28.0 84.37021 38.89991 143.12399 2.0
3.0 28.0 3.0 83.25045 3.83763 88.0529 2.0
3.0 29.0 29.0 122.76394 20.58553 121.14403 206.0
3.0 29.0 3.0 83.25045 3.83763 88.0529 206.0
3.0 31.0 31.0 121.53198 38.88033 36.00123 1.0
3.0 31.0 3.0 83.25045 3.83763 88.0529 1.0
3.0 36.0 36.0 51.16657 19.49309 119.69251 147.0
3.0 36.0 3.0 83.25045 3.83763 88.0529 147.0
3.0 37.0 37.0 80.33524 11.06901 113.84474 2611.0
3.0 37.0 3.0 83.25045 3.83763 88.0529 2611.0
3.0 40.0 40.0 83.28333 23.5109 42.42155 137.0
3.0 40.0 3.0 83.25045 3.83763 88.0529 137.0
3.0 44.0 44.0 70.27174 22.72306 131.35505 56.0
3.0 44.0 3.0 83.25045 3.83763 88.0529 56.0
4.0 0.0 0.0 55.12044 48.88652 141.97686 16.0
4.0 0.0 4.0 72.16118 108.40703 139.68267 16.0
4.0 4.0 4.0 72.16118 108.40703 139.68267 6699.0
4.0 4.0 4.0 72.16118 108.40703 139.68267 6699.0
4.0 5.0 5.0 42.25939 126.79381 106.55596 7.0
4.0 5.0 4.0 72.16118 108.40703 139.68267 7.0
4.0 6.0 6.0 5.46347 84.73447 74.37915 2.0
4.0 6.0 4.0 72.16118 108.40703 139.68267 2.0
4.0 9.0 9.0 78.6878 139.89493 102.72986 304.0
4.0 9.0 4.0 72.16118 108.40703 139.68267 304.0
4.0 22.0 22.0 25.11265 80.05966 119.48429 439.0
4.0 22.0 4.0 72.16118 108.40703 139.68267 439.0
4.0 24.0 24.0 107.93576 87.17996 149.14642 1471.0
4.0 24.0 4.0 72.16118 108.40703 139.68267 1471.0
4.0 26.0 26.0 132.14199 45.15113 139.10979 1.0
4.0 26.0 4.0 72.16118 108.40703 139.68267 1.0
4.0 28.0 28.0 84.37021 38.89991 143.12399 4.0
4.0 28.0 4.0 72.16118 108.40703 139.68267 4.0
4.0 33.0 33.0 97.24397 49.92024 149.22776 11.0
4.0 33.0 4.0 72.16118 108.40703 139.68267 11.0
4.0 34.0 34.0 127.79713 111.25116 129.58529 933.0
4.0 34.0 4.0 72.16118 108.40703 139.68267 933.0
4.0 38.0 38.0 88.75689 68.4146 152.61201 215.0
4.0 38.0 4.0 72.16118 108.40703 139.68267 215.0
4.0 41.0 41.0 59.90529 126.06044 122.52486 2716.0
4.0 41.0 4.0 72.16118 108.40703 139.68267 2716.0
4.0 42.0 42.0 56.64083 85.21989 144.96673 2078.0
4.0 42.0 4.0 72.16118 108.40703 139.68267 2078.0
4.0 43.0 43.0 101.73723 137.71509 99.1815 73.0
4.0 43.0 4.0 72.16118 108.40703 139.68267 73.0
5.0 4.0 4.0 72.16118 108.40703 139.68267 5.0
5.0 4.0 5.0 42.25939 126.79381 106.55596 5.0
5.0 5.0 5.0 42.25939 126.79381 106.55596 2.0
5.0 5.0 5.0 42.25939 126.79381 106.55596 2.0
5.0 6.0 6.0 5.46347 84.73447 74.37915 14.0
5.0 6.0 5.0 42.25939 126.79381 106.55596 14.0
5.0 9.0 9.0 78.6878 139.89493 102.72986 49.0
5.0 9.0 5.0 42.25939 126.79381 106.55596 49.0
5.0 22.0 22.0 25.11265 80.05966 119.48429 32.0
5.0 22.0 5.0 42.25939 126.79381 106.55596 32.0
5.0 30.0 30.0 88.58428 139.93062 62.8062 7.0
5.0 30.0 5.0 42.25939 126.79381 106.55596 7.0
5.0 41.0 41.0 59.90529 126.06044 122.52486 131.0
5.0 41.0 5.0 42.25939 126.79381 106.55596 131.0
5.0 42.0 42.0 56.64083 85.21989 144.96673 2.0
5.0 42.0 5.0 42.25939 126.79381 106.55596 2.0
5.0 43.0 43.0 101.73723 137.71509 99.1815 2.0
5.0 43.0 5.0 42.25939 126.79381 106.55596 2.0
6.0 2.0 2.0 27.41757 25.3076 87.69906 528.0
6.0 2.0 6.0 5.46347 84.73447 74.37915 528.0
6.0 4.0 4.0 72.16118 108.40703 139.68267 3.0
6.0 4.0 6.0 5.46347 84.73447 74.37915 3.0
6.0 5.0 5.0 42.25939 126.79381 106.55596 9.0
6.0 5.0 6.0 5.46347 84.73447 74.37915 9.0
6.0 6.0 6.0 5.46347 84.73447 74.37915 17101.0
6.0 6.0 6.0 5.46347 84.73447 74.37915 17101.0
6.0 11.0 11.0 48.5393 14.11617 56.49311 2.0
6.0 11.0 6.0 5.46347 84.73447 74.37915 2.0
6.0 13.0 13.0 21.79682 31.14667 56.4413 460.0
6.0 13.0 6.0 5.46347 84.73447 74.37915 460.0
6.0 16.0 16.0 37.11835 39.10825 124.73381 6.0
6.0 16.0 6.0 5.46347 84.73447 74.37915 6.0
6.0 21.0 21.0 28.30584 78.06882 19.27466 660.0
6.0 21.0 6.0 5.46347 84.73447 74.37915 660.0
6.0 22.0 22.0 25.11265 80.05966 119.48429 2206.0
6.0 22.0 6.0 5.46347 84.73447 74.37915 2206.0
6.0 27.0 27.0 18.72516 45.34086 103.72767 866.0
6.0 27.0 6.0 5.46347 84.73447 74.37915 866.0
6.0 39.0 39.0 21.88784 50.0596 32.72658 1316.0
6.0 39.0 6.0 5.46347 84.73447 74.37915 1316.0
6.0 41.0 41.0 59.90529 126.06044 122.52486 29.0
6.0 41.0 6.0 5.46347 84.73447 74.37915 29.0
6.0 42.0 42.0 56.64083 85.21989 144.96673 2.0
6.0 42.0 6.0 5.46347 84.73447 74.37915 2.0
6.0 45.0 45.0 35.08927 116.24891 28.41853 1084.0
6.0 45.0 6.0 5.46347 84.73447 74.37915 1084.0
7.0 3.0 3.0 83.25045 3.83763 88.0529 229.0
7.0 3.0 7.0 121.67821 13.45216 56.90921 229.0
7.0 7.0 7.0 121.67821 13.45216 56.90921 4231.0
7.0 7.0 7.0 121.67821 13.45216 56.90921 4231.0
7.0 10.0 10.0 97.07878 3.92076 61.10919 1496.0
7.0 10.0 7.0 121.67821 13.45216 56.90921 1496.0
7.0 15.0 15.0 145.07628 26.50991 64.70906 1499.0
7.0 15.0 7.0 121.67821 13.45216 56.90921 1499.0
7.0 17.0 17.0 122.81476 11.00923 94.59381 810.0
7.0 17.0 7.0 121.67821 13.45216 56.90921 810.0
7.0 18.0 18.0 159.23134 24.85362 93.91273 36.0
7.0 18.0 7.0 121.67821 13.45216 56.90921 36.0
7.0 19.0 19.0 66.39997 15.81026 45.34432 7.0
7.0 19.0 7.0 121.67821 13.45216 56.90921 7.0
7.0 20.0 20.0 85.01265 53.64491 22.31142 30.0
7.0 20.0 7.0 121.67821 13.45216 56.90921 30.0
7.0 23.0 23.0 173.47924 43.57148 76.94243 11.0
7.0 23.0 7.0 121.67821 13.45216 56.90921 11.0
7.0 29.0 29.0 122.76394 20.58553 121.14403 7.0
7.0 29.0 7.0 121.67821 13.45216 56.90921 7.0
7.0 31.0 31.0 121.53198 38.88033 36.00123 1562.0
7.0 31.0 7.0 121.67821 13.45216 56.90921 1562.0
7.0 32.0 32.0 157.21899 89.1737 58.04325 1.0
7.0 32.0 7.0 121.67821 13.45216 56.90921 1.0
7.0 37.0 37.0 80.33524 11.06901 113.84474 7.0
7.0 37.0 7.0 121.67821 13.45216 56.90921 7.0
7.0 40.0 40.0 83.28333 23.5109 42.42155 288.0
7.0 40.0 7.0 121.67821 13.45216 56.90921 288.0
8.0 1.0 1.0 66.22087 89.11222 7.42026 93.0
8.0 1.0 8.0 89.87737 90.54081 30.39573 93.0
8.0 8.0 8.0 89.87737 90.54081 30.39573 7.0
8.0 8.0 8.0 89.87737 90.54081 30.39573 7.0
8.0 14.0 14.0 128.56929 116.07426 40.45918 13.0
8.0 14.0 8.0 89.87737 90.54081 30.39573 13.0
8.0 15.0 15.0 145.07628 26.50991 64.70906 1.0
8.0 15.0 8.0 89.87737 90.54081 30.39573 1.0
8.0 20.0 20.0 85.01265 53.64491 22.31142 116.0
8.0 20.0 8.0 89.87737 90.54081 30.39573 116.0
8.0 21.0 21.0 28.30584 78.06882 19.27466 2.0
8.0 21.0 8.0 89.87737 90.54081 30.39573 2.0
8.0 30.0 30.0 88.58428 139.93062 62.8062 26.0
8.0 30.0 8.0 89.87737 90.54081 30.39573 26.0
8.0 31.0 31.0 121.53198 38.88033 36.00123 14.0
8.0 31.0 8.0 89.87737 90.54081 30.39573 14.0
8.0 32.0 32.0 157.21899 89.1737 58.04325 1.0
8.0 32.0 8.0 89.87737 90.54081 30.39573 1.0
8.0 40.0 40.0 83.28333 23.5109 42.42155 2.0
8.0 40.0 8.0 89.87737 90.54081 30.39573 2.0
8.0 45.0 45.0 35.08927 116.24891 28.41853 12.0
8.0 45.0 8.0 89.87737 90.54081 30.39573 12.0
8.0 46.0 46.0 114.70974 130.27171 52.86366 25.0
8.0 46.0 8.0 89.87737 90.54081 30.39573 25.0
9.0 1.0 1.0 66.22087 89.11222 7.42026 1.0
9.0 1.0 9.0 78.6878 139.89493 102.72986 1.0
9.0 4.0 4.0 72.16118 108.40703 139.68267 285.0
9.0 4.0 9.0 78.6878 139.89493 102.72986 285.0
9.0 5.0 5.0 42.25939 126.79381 106.55596 45.0
9.0 5.0 9.0 78.6878 139.89493 102.72986 45.0
9.0 9.0 9.0 78.6878 139.89493 102.72986 5693.0
9.0 9.0 9.0 78.6878 139.89493 102.72986 5693.0
9.0 22.0 22.0 25.11265 80.05966 119.48429 1.0
9.0 22.0 9.0 78.6878 139.89493 102.72986 1.0
9.0 24.0 24.0 107.93576 87.17996 149.14642 25.0
9.0 24.0 9.0 78.6878 139.89493 102.72986 25.0
9.0 30.0 30.0 88.58428 139.93062 62.8062 1356.0
9.0 30.0 9.0 78.6878 139.89493 102.72986 1356.0
9.0 34.0 34.0 127.79713 111.25116 129.58529 612.0
9.0 34.0 9.0 78.6878 139.89493 102.72986 612.0
9.0 35.0 35.0 147.80327 121.13762 95.64141 18.0
9.0 35.0 9.0 78.6878 139.89493 102.72986 18.0
9.0 41.0 41.0 59.90529 126.06044 122.52486 2323.0
9.0 41.0 9.0 78.6878 139.89493 102.72986 2323.0
9.0 43.0 43.0 101.73723 137.71509 99.1815 2160.0
9.0 43.0 9.0 78.6878 139.89493 102.72986 2160.0
9.0 45.0 45.0 35.08927 116.24891 28.41853 2.0
9.0 45.0 9.0 78.6878 139.89493 102.72986 2.0
9.0 46.0 46.0 114.70974 130.27171 52.86366 2.0
9.0 46.0 9.0 78.6878 139.89493 102.72986 2.0
10.0 2.0 2.0 27.41757 25.3076 87.69906 1.0
10.0 2.0 10.0 97.07878 3.92076 61.10919 1.0
10.0 3.0 3.0 83.25045 3.83763 88.0529 1556.0
10.0 3.0 10.0 97.07878 3.92076 61.10919 1556.0
10.0 7.0 7.0 121.67821 13.45216 56.90921 1505.0
10.0 7.0 10.0 97.07878 3.92076 61.10919 1505.0
10.0 10.0 10.0 97.07878 3.92076 61.10919 4190.0
10.0 10.0 10.0 97.07878 3.92076 61.10919 4190.0
10.0 11.0 11.0 48.5393 14.11617 56.49311 179.0
10.0 11.0 10.0 97.07878 3.92076 61.10919 179.0
10.0 15.0 15.0 145.07628 26.50991 64.70906 102.0
10.0 15.0 10.0 97.07878 3.92076 61.10919 102.0
10.0 17.0 17.0 122.81476 11.00923 94.59381 477.0
10.0 17.0 10.0 97.07878 3.92076 61.10919 477.0
10.0 18.0 18.0 159.23134 24.85362 93.91273 2.0
10.0 18.0 10.0 97.07878 3.92076 61.10919 2.0
10.0 19.0 19.0 66.39997 15.81026 45.34432 587.0
10.0 19.0 10.0 97.07878 3.92076 61.10919 587.0
10.0 20.0 20.0 85.01265 53.64491 22.31142 36.0
10.0 20.0 10.0 97.07878 3.92076 61.10919 36.0
10.0 29.0 29.0 122.76394 20.58553 121.14403 9.0
10.0 29.0 10.0 97.07878 3.92076 61.10919 9.0
10.0 31.0 31.0 121.53198 38.88033 36.00123 406.0
10.0 31.0 10.0 97.07878 3.92076 61.10919 406.0
10.0 37.0 37.0 80.33524 11.06901 113.84474 58.0
10.0 37.0 10.0 97.07878 3.92076 61.10919 58.0
10.0 40.0 40.0 83.28333 23.5109 42.42155 1232.0
10.0 40.0 10.0 97.07878 3.92076 61.10919 1232.0
11.0 1.0 1.0 66.22087 89.11222 7.42026 22.0
11.0 1.0 11.0 48.5393 14.11617 56.49311 22.0
11.0 2.0 2.0 27.41757 25.3076 87.69906 1346.0
11.0 2.0 11.0 48.5393 14.11617 56.49311 1346.0
11.0 3.0 3.0 83.25045 3.83763 88.0529 1151.0
11.0 3.0 11.0 48.5393 14.11617 56.49311 1151.0
11.0 7.0 7.0 121.67821 13.45216 56.90921 1.0
11.0 7.0 11.0 48.5393 14.11617 56.49311 1.0
11.0 10.0 10.0 97.07878 3.92076 61.10919 180.0
11.0 10.0 11.0 48.5393 14.11617 56.49311 180.0
11.0 11.0 11.0 48.5393 14.11617 56.49311 8267.0
11.0 11.0 11.0 48.5393 14.11617 56.49311 8267.0
11.0 13.0 13.0 21.79682 31.14667 56.4413 1447.0
11.0 13.0 11.0 48.5393 14.11617 56.49311 1447.0
11.0 16.0 16.0 37.11835 39.10825 124.73381 10.0
11.0 16.0 11.0 48.5393 14.11617 56.49311 10.0
11.0 19.0 19.0 66.39997 15.81026 45.34432 2103.0
11.0 19.0 11.0 48.5393 14.11617 56.49311 2103.0
11.0 20.0 20.0 85.01265 53.64491 22.31142 290.0
11.0 20.0 11.0 48.5393 14.11617 56.49311 290.0
11.0 21.0 21.0 28.30584 78.06882 19.27466 24.0
11.0 21.0 11.0 48.5393 14.11617 56.49311 24.0
11.0 27.0 27.0 18.72516 45.34086 103.72767 13.0
11.0 27.0 11.0 48.5393 14.11617 56.49311 13.0
11.0 31.0 31.0 121.53198 38.88033 36.00123 2.0
11.0 31.0 11.0 48.5393 14.11617 56.49311 2.0
11.0 36.0 36.0 51.16657 19.49309 119.69251 73.0
11.0 36.0 11.0 48.5393 14.11617 56.49311 73.0
11.0 37.0 37.0 80.33524 11.06901 113.84474 244.0
11.0 37.0 11.0 48.5393 14.11617 56.49311 244.0
11.0 39.0 39.0 21.88784 50.0596 32.72658 788.0
11.0 39.0 11.0 48.5393 14.11617 56.49311 788.0
11.0 40.0 40.0 83.28333 23.5109 42.42155 547.0
11.0 40.0 11.0 48.5393 14.11617 56.49311 547.0
11.0 44.0 44.0 70.27174 22.72306 131.35505 4.0
11.0 44.0 11.0 48.5393 14.11617 56.49311 4.0
12.0 12.0 12.0 179.81108 86.3766 84.79123 6112.0
12.0 12.0 12.0 179.81108 86.3766 84.79123 6112.0
12.0 14.0 14.0 128.56929 116.07426 40.45918 7.0
12.0 14.0 12.0 179.81108 86.3766 84.79123 7.0
12.0 15.0 15.0 145.07628 26.50991 64.70906 34.0
12.0 15.0 12.0 179.81108 86.3766 84.79123 34.0
12.0 18.0 18.0 159.23134 24.85362 93.91273 14.0
12.0 18.0 12.0 179.81108 86.3766 84.79123 14.0
12.0 23.0 23.0 173.47924 43.57148 76.94243 593.0
12.0 23.0 12.0 179.81108 86.3766 84.79123 593.0
12.0 25.0 25.0 182.83123 64.0179 100.31541 1146.0
12.0 25.0 12.0 179.81108 86.3766 84.79123 1146.0
12.0 31.0 31.0 121.53198 38.88033 36.00123 8.0
12.0 31.0 12.0 179.81108 86.3766 84.79123 8.0
12.0 32.0 32.0 157.21899 89.1737 58.04325 1793.0
12.0 32.0 12.0 179.81108 86.3766 84.79123 1793.0
12.0 34.0 34.0 127.79713 111.25116 129.58529 89.0
12.0 34.0 12.0 179.81108 86.3766 84.79123 89.0
12.0 35.0 35.0 147.80327 121.13762 95.64141 1230.0
12.0 35.0 12.0 179.81108 86.3766 84.79123 1230.0
12.0 46.0 46.0 114.70974 130.27171 52.86366 5.0
12.0 46.0 12.0 179.81108 86.3766 84.79123 5.0
12.0 47.0 47.0 164.21176 62.7226 126.0908 416.0
12.0 47.0 12.0 179.81108 86.3766 84.79123 416.0
13.0 2.0 2.0 27.41757 25.3076 87.69906 1385.0
13.0 2.0 13.0 21.79682 31.14667 56.4413 1385.0
13.0 3.0 3.0 83.25045 3.83763 88.0529 6.0
13.0 3.0 13.0 21.79682 31.14667 56.4413 6.0
13.0 6.0 6.0 5.46347 84.73447 74.37915 413.0
13.0 6.0 13.0 21.79682 31.14667 56.4413 413.0
13.0 11.0 11.0 48.5393 14.11617 56.49311 1616.0
13.0 11.0 13.0 21.79682 31.14667 56.4413 1616.0
13.0 13.0 13.0 21.79682 31.14667 56.4413 3808.0
13.0 13.0 13.0 21.79682 31.14667 56.4413 3808.0
13.0 16.0 16.0 37.11835 39.10825 124.73381 2.0
13.0 16.0 13.0 21.79682 31.14667 56.4413 2.0
13.0 19.0 19.0 66.39997 15.81026 45.34432 70.0
13.0 19.0 13.0 21.79682 31.14667 56.4413 70.0
13.0 20.0 20.0 85.01265 53.64491 22.31142 10.0
13.0 20.0 13.0 21.79682 31.14667 56.4413 10.0
13.0 21.0 21.0 28.30584 78.06882 19.27466 8.0
13.0 21.0 13.0 21.79682 31.14667 56.4413 8.0
13.0 27.0 27.0 18.72516 45.34086 103.72767 116.0
13.0 27.0 13.0 21.79682 31.14667 56.4413 116.0
13.0 36.0 36.0 51.16657 19.49309 119.69251 4.0
13.0 36.0 13.0 21.79682 31.14667 56.4413 4.0
13.0 37.0 37.0 80.33524 11.06901 113.84474 1.0
13.0 37.0 13.0 21.79682 31.14667 56.4413 1.0
13.0 39.0 39.0 21.88784 50.0596 32.72658 1712.0
13.0 39.0 13.0 21.79682 31.14667 56.4413 1712.0
13.0 40.0 40.0 83.28333 23.5109 42.42155 7.0
13.0 40.0 13.0 21.79682 31.14667 56.4413 7.0
14.0 1.0 1.0 66.22087 89.11222 7.42026 69.0
14.0 1.0 14.0 128.56929 116.07426 40.45918 69.0
14.0 8.0 8.0 89.87737 90.54081 30.39573 12.0
14.0 8.0 14.0 128.56929 116.07426 40.45918 12.0
14.0 12.0 12.0 179.81108 86.3766 84.79123 7.0
14.0 12.0 14.0 128.56929 116.07426 40.45918 7.0
14.0 14.0 14.0 128.56929 116.07426 40.45918 9127.0
14.0 14.0 14.0 128.56929 116.07426 40.45918 9127.0
14.0 20.0 20.0 85.01265 53.64491 22.31142 10.0
14.0 20.0 14.0 128.56929 116.07426 40.45918 10.0
14.0 30.0 30.0 88.58428 139.93062 62.8062 257.0
14.0 30.0 14.0 128.56929 116.07426 40.45918 257.0
14.0 31.0 31.0 121.53198 38.88033 36.00123 9.0
14.0 31.0 14.0 128.56929 116.07426 40.45918 9.0
14.0 32.0 32.0 157.21899 89.1737 58.04325 1677.0
14.0 32.0 14.0 128.56929 116.07426 40.45918 1677.0
14.0 34.0 34.0 127.79713 111.25116 129.58529 1.0
14.0 34.0 14.0 128.56929 116.07426 40.45918 1.0
14.0 35.0 35.0 147.80327 121.13762 95.64141 350.0
14.0 35.0 14.0 128.56929 116.07426 40.45918 350.0
14.0 43.0 43.0 101.73723 137.71509 99.1815 1.0
14.0 43.0 14.0 128.56929 116.07426 40.45918 1.0
14.0 45.0 45.0 35.08927 116.24891 28.41853 3.0
14.0 45.0 14.0 128.56929 116.07426 40.45918 3.0
14.0 46.0 46.0 114.70974 130.27171 52.86366 3190.0
14.0 46.0 14.0 128.56929 116.07426 40.45918 3190.0
15.0 3.0 3.0 83.25045 3.83763 88.0529 21.0
15.0 3.0 15.0 145.07628 26.50991 64.70906 21.0
15.0 7.0 7.0 121.67821 13.45216 56.90921 1518.0
15.0 7.0 15.0 145.07628 26.50991 64.70906 1518.0
15.0 10.0 10.0 97.07878 3.92076 61.10919 70.0
15.0 10.0 15.0 145.07628 26.50991 64.70906 70.0
15.0 12.0 12.0 179.81108 86.3766 84.79123 33.0
15.0 12.0 15.0 145.07628 26.50991 64.70906 33.0
15.0 15.0 15.0 145.07628 26.50991 64.70906 5214.0
15.0 15.0 15.0 145.07628 26.50991 64.70906 5214.0
15.0 17.0 17.0 122.81476 11.00923 94.59381 896.0
15.0 17.0 15.0 145.07628 26.50991 64.70906 896.0
15.0 18.0 18.0 159.23134 24.85362 93.91273 1086.0
15.0 18.0 15.0 145.07628 26.50991 64.70906 1086.0
15.0 23.0 23.0 173.47924 43.57148 76.94243 824.0
15.0 23.0 15.0 145.07628 26.50991 64.70906 824.0
15.0 25.0 25.0 182.83123 64.0179 100.31541 8.0
15.0 25.0 15.0 145.07628 26.50991 64.70906 8.0
15.0 26.0 26.0 132.14199 45.15113 139.10979 6.0
15.0 26.0 15.0 145.07628 26.50991 64.70906 6.0
15.0 29.0 29.0 122.76394 20.58553 121.14403 59.0
15.0 29.0 15.0 145.07628 26.50991 64.70906 59.0
15.0 31.0 31.0 121.53198 38.88033 36.00123 1385.0
15.0 31.0 15.0 145.07628 26.50991 64.70906 1385.0
15.0 32.0 32.0 157.21899 89.1737 58.04325 346.0
15.0 32.0 15.0 145.07628 26.50991 64.70906 346.0
15.0 37.0 37.0 80.33524 11.06901 113.84474 1.0
15.0 37.0 15.0 145.07628 26.50991 64.70906 1.0
15.0 40.0 40.0 83.28333 23.5109 42.42155 3.0
15.0 40.0 15.0 145.07628 26.50991 64.70906 3.0
15.0 47.0 47.0 164.21176 62.7226 126.0908 7.0
15.0 47.0 15.0 145.07628 26.50991 64.70906 7.0
16.0 0.0 0.0 55.12044 48.88652 141.97686 1445.0
16.0 0.0 16.0 37.11835 39.10825 124.73381 1445.0
16.0 2.0 2.0 27.41757 25.3076 87.69906 688.0
16.0 2.0 16.0 37.11835 39.10825 124.73381 688.0
16.0 3.0 3.0 83.25045 3.83763 88.0529 19.0
16.0 3.0 16.0 37.11835 39.10825 124.73381 19.0
16.0 4.0 4.0 72.16118 108.40703 139.68267 3.0
16.0 4.0 16.0 37.11835 39.10825 124.73381 3.0
16.0 6.0 6.0 5.46347 84.73447 74.37915 4.0
16.0 6.0 16.0 37.11835 39.10825 124.73381 4.0
16.0 11.0 11.0 48.5393 14.11617 56.49311 13.0
16.0 11.0 16.0 37.11835 39.10825 124.73381 13.0
16.0 13.0 13.0 21.79682 31.14667 56.4413 3.0
16.0 13.0 16.0 37.11835 39.10825 124.73381 3.0
16.0 16.0 16.0 37.11835 39.10825 124.73381 4222.0
16.0 16.0 16.0 37.11835 39.10825 124.73381 4222.0
16.0 22.0 22.0 25.11265 80.05966 119.48429 1217.0
16.0 22.0 16.0 37.11835 39.10825 124.73381 1217.0
16.0 23.0 23.0 173.47924 43.57148 76.94243 1.0
16.0 23.0 16.0 37.11835 39.10825 124.73381 1.0
16.0 27.0 27.0 18.72516 45.34086 103.72767 1120.0
16.0 27.0 16.0 37.11835 39.10825 124.73381 1120.0
16.0 28.0 28.0 84.37021 38.89991 143.12399 59.0
16.0 28.0 16.0 37.11835 39.10825 124.73381 59.0
16.0 33.0 33.0 97.24397 49.92024 149.22776 3.0
16.0 33.0 16.0 37.11835 39.10825 124.73381 3.0
16.0 36.0 36.0 51.16657 19.49309 119.69251 1063.0
16.0 36.0 16.0 37.11835 39.10825 124.73381 1063.0
16.0 37.0 37.0 80.33524 11.06901 113.84474 159.0
16.0 37.0 16.0 37.11835 39.10825 124.73381 159.0
16.0 38.0 38.0 88.75689 68.4146 152.61201 16.0
16.0 38.0 16.0 37.11835 39.10825 124.73381 16.0
16.0 42.0 42.0 56.64083 85.21989 144.96673 181.0
16.0 42.0 16.0 37.11835 39.10825 124.73381 181.0
16.0 44.0 44.0 70.27174 22.72306 131.35505 265.0
16.0 44.0 16.0 37.11835 39.10825 124.73381 265.0
17.0 3.0 3.0 83.25045 3.83763 88.0529 1166.0
17.0 3.0 17.0 122.81476 11.00923 94.59381 1166.0
17.0 7.0 7.0 121.67821 13.45216 56.90921 781.0
17.0 7.0 17.0 122.81476 11.00923 94.59381 781.0
17.0 10.0 10.0 97.07878 3.92076 61.10919 488.0
17.0 10.0 17.0 122.81476 11.00923 94.59381 488.0
17.0 15.0 15.0 145.07628 26.50991 64.70906 964.0
17.0 15.0 17.0 122.81476 11.00923 94.59381 964.0
17.0 17.0 17.0 122.81476 11.00923 94.59381 5167.0
17.0 17.0 17.0 122.81476 11.00923 94.59381 5167.0
17.0 18.0 18.0 159.23134 24.85362 93.91273 612.0
17.0 18.0 17.0 122.81476 11.00923 94.59381 612.0
17.0 19.0 19.0 66.39997 15.81026 45.34432 1.0
17.0 19.0 17.0 122.81476 11.00923 94.59381 1.0
17.0 23.0 23.0 173.47924 43.57148 76.94243 9.0
17.0 23.0 17.0 122.81476 11.00923 94.59381 9.0
17.0 26.0 26.0 132.14199 45.15113 139.10979 101.0
17.0 26.0 17.0 122.81476 11.00923 94.59381 101.0
17.0 28.0 28.0 84.37021 38.89991 143.12399 11.0
17.0 28.0 17.0 122.81476 11.00923 94.59381 11.0
17.0 29.0 29.0 122.76394 20.58553 121.14403 1565.0
17.0 29.0 17.0 122.81476 11.00923 94.59381 1565.0
17.0 31.0 31.0 121.53198 38.88033 36.00123 6.0
17.0 31.0 17.0 122.81476 11.00923 94.59381 6.0
17.0 33.0 33.0 97.24397 49.92024 149.22776 1.0
17.0 33.0 17.0 122.81476 11.00923 94.59381 1.0
17.0 36.0 36.0 51.16657 19.49309 119.69251 1.0
17.0 36.0 17.0 122.81476 11.00923 94.59381 1.0
17.0 37.0 37.0 80.33524 11.06901 113.84474 501.0
17.0 37.0 17.0 122.81476 11.00923 94.59381 501.0
17.0 40.0 40.0 83.28333 23.5109 42.42155 3.0
17.0 40.0 17.0 122.81476 11.00923 94.59381 3.0
17.0 44.0 44.0 70.27174 22.72306 131.35505 2.0
17.0 44.0 17.0 122.81476 11.00923 94.59381 2.0
17.0 47.0 47.0 164.21176 62.7226 126.0908 27.0
17.0 47.0 17.0 122.81476 11.00923 94.59381 27.0
18.0 3.0 3.0 83.25045 3.83763 88.0529 1.0
18.0 3.0 18.0 159.23134 24.85362 93.91273 1.0
18.0 7.0 7.0 121.67821 13.45216 56.90921 23.0
18.0 7.0 18.0 159.23134 24.85362 93.91273 23.0
18.0 12.0 12.0 179.81108 86.3766 84.79123 10.0
18.0 12.0 18.0 159.23134 24.85362 93.91273 10.0
18.0 15.0 15.0 145.07628 26.50991 64.70906 1119.0
18.0 15.0 18.0 159.23134 24.85362 93.91273 1119.0
18.0 17.0 17.0 122.81476 11.00923 94.59381 652.0
18.0 17.0 18.0 159.23134 24.85362 93.91273 652.0
18.0 18.0 18.0 159.23134 24.85362 93.91273 3329.0
18.0 18.0 18.0 159.23134 24.85362 93.91273 3329.0
18.0 23.0 23.0 173.47924 43.57148 76.94243 1014.0
18.0 23.0 18.0 159.23134 24.85362 93.91273 1014.0
18.0 25.0 25.0 182.83123 64.0179 100.31541 96.0
18.0 25.0 18.0 159.23134 24.85362 93.91273 96.0
18.0 26.0 26.0 132.14199 45.15113 139.10979 217.0
18.0 26.0 18.0 159.23134 24.85362 93.91273 217.0
18.0 29.0 29.0 122.76394 20.58553 121.14403 591.0
18.0 29.0 18.0 159.23134 24.85362 93.91273 591.0
18.0 31.0 31.0 121.53198 38.88033 36.00123 6.0
18.0 31.0 18.0 159.23134 24.85362 93.91273 6.0
18.0 32.0 32.0 157.21899 89.1737 58.04325 12.0
18.0 32.0 18.0 159.23134 24.85362 93.91273 12.0
18.0 37.0 37.0 80.33524 11.06901 113.84474 1.0
18.0 37.0 18.0 159.23134 24.85362 93.91273 1.0
18.0 47.0 47.0 164.21176 62.7226 126.0908 641.0
18.0 47.0 18.0 159.23134 24.85362 93.91273 641.0
19.0 1.0 1.0 66.22087 89.11222 7.42026 16.0
19.0 1.0 19.0 66.39997 15.81026 45.34432 16.0
19.0 2.0 2.0 27.41757 25.3076 87.69906 5.0
19.0 2.0 19.0 66.39997 15.81026 45.34432 5.0
19.0 3.0 3.0 83.25045 3.83763 88.0529 427.0
19.0 3.0 19.0 66.39997 15.81026 45.34432 427.0
19.0 7.0 7.0 121.67821 13.45216 56.90921 16.0
19.0 7.0 19.0 66.39997 15.81026 45.34432 16.0
19.0 10.0 10.0 97.07878 3.92076 61.10919 613.0
19.0 10.0 19.0 66.39997 15.81026 45.34432 613.0
19.0 11.0 11.0 48.5393 14.11617 56.49311 1896.0
19.0 11.0 19.0 66.39997 15.81026 45.34432 1896.0
19.0 13.0 13.0 21.79682 31.14667 56.4413 66.0
19.0 13.0 19.0 66.39997 15.81026 45.34432 66.0
19.0 19.0 19.0 66.39997 15.81026 45.34432 2150.0
19.0 19.0 19.0 66.39997 15.81026 45.34432 2150.0
19.0 20.0 20.0 85.01265 53.64491 22.31142 589.0
19.0 20.0 19.0 66.39997 15.81026 45.34432 589.0
19.0 21.0 21.0 28.30584 78.06882 19.27466 19.0
19.0 21.0 19.0 66.39997 15.81026 45.34432 19.0
19.0 31.0 31.0 121.53198 38.88033 36.00123 37.0
19.0 31.0 19.0 66.39997 15.81026 45.34432 37.0
19.0 36.0 36.0 51.16657 19.49309 119.69251 1.0
19.0 36.0 19.0 66.39997 15.81026 45.34432 1.0
19.0 37.0 37.0 80.33524 11.06901 113.84474 15.0
19.0 37.0 19.0 66.39997 15.81026 45.34432 15.0
19.0 39.0 39.0 21.88784 50.0596 32.72658 194.0
19.0 39.0 19.0 66.39997 15.81026 45.34432 194.0
19.0 40.0 40.0 83.28333 23.5109 42.42155 1592.0
19.0 40.0 19.0 66.39997 15.81026 45.34432 1592.0
20.0 1.0 1.0 66.22087 89.11222 7.42026 2177.0
20.0 1.0 20.0 85.01265 53.64491 22.31142 2177.0
20.0 7.0 7.0 121.67821 13.45216 56.90921 17.0
20.0 7.0 20.0 85.01265 53.64491 22.31142 17.0
20.0 8.0 8.0 89.87737 90.54081 30.39573 108.0
20.0 8.0 20.0 85.01265 53.64491 22.31142 108.0
20.0 10.0 10.0 97.07878 3.92076 61.10919 20.0
20.0 10.0 20.0 85.01265 53.64491 22.31142 20.0
20.0 11.0 11.0 48.5393 14.11617 56.49311 260.0
20.0 11.0 20.0 85.01265 53.64491 22.31142 260.0
20.0 13.0 13.0 21.79682 31.14667 56.4413 7.0
20.0 13.0 20.0 85.01265 53.64491 22.31142 7.0
20.0 14.0 14.0 128.56929 116.07426 40.45918 6.0
20.0 14.0 20.0 85.01265 53.64491 22.31142 6.0
20.0 15.0 15.0 145.07628 26.50991 64.70906 2.0
20.0 15.0 20.0 85.01265 53.64491 22.31142 2.0
20.0 19.0 19.0 66.39997 15.81026 45.34432 559.0
20.0 19.0 20.0 85.01265 53.64491 22.31142 559.0
20.0 20.0 20.0 85.01265 53.64491 22.31142 14692.0
20.0 20.0 20.0 85.01265 53.64491 22.31142 14692.0
20.0 21.0 21.0 28.30584 78.06882 19.27466 237.0
20.0 21.0 20.0 85.01265 53.64491 22.31142 237.0
20.0 31.0 31.0 121.53198 38.88033 36.00123 2501.0
20.0 31.0 20.0 85.01265 53.64491 22.31142 2501.0
20.0 32.0 32.0 157.21899 89.1737 58.04325 10.0
20.0 32.0 20.0 85.01265 53.64491 22.31142 10.0
20.0 39.0 39.0 21.88784 50.0596 32.72658 483.0
20.0 39.0 20.0 85.01265 53.64491 22.31142 483.0
20.0 40.0 40.0 83.28333 23.5109 42.42155 1760.0
20.0 40.0 20.0 85.01265 53.64491 22.31142 1760.0
20.0 45.0 45.0 35.08927 116.24891 28.41853 2.0
20.0 45.0 20.0 85.01265 53.64491 22.31142 2.0
20.0 46.0 46.0 114.70974 130.27171 52.86366 2.0
20.0 46.0 20.0 85.01265 53.64491 22.31142 2.0
21.0 1.0 1.0 66.22087 89.11222 7.42026 1533.0
21.0 1.0 21.0 28.30584 78.06882 19.27466 1533.0
21.0 6.0 6.0 5.46347 84.73447 74.37915 598.0
21.0 6.0 21.0 28.30584 78.06882 19.27466 598.0
21.0 11.0 11.0 48.5393 14.11617 56.49311 37.0
21.0 11.0 21.0 28.30584 78.06882 19.27466 37.0
21.0 13.0 13.0 21.79682 31.14667 56.4413 9.0
21.0 13.0 21.0 28.30584 78.06882 19.27466 9.0
21.0 19.0 19.0 66.39997 15.81026 45.34432 15.0
21.0 19.0 21.0 28.30584 78.06882 19.27466 15.0
21.0 20.0 20.0 85.01265 53.64491 22.31142 277.0
21.0 20.0 21.0 28.30584 78.06882 19.27466 277.0
21.0 21.0 21.0 28.30584 78.06882 19.27466 6346.0
21.0 21.0 21.0 28.30584 78.06882 19.27466 6346.0
21.0 39.0 39.0 21.88784 50.0596 32.72658 2228.0
21.0 39.0 21.0 28.30584 78.06882 19.27466 2228.0
21.0 40.0 40.0 83.28333 23.5109 42.42155 1.0
21.0 40.0 21.0 28.30584 78.06882 19.27466 1.0
21.0 45.0 45.0 35.08927 116.24891 28.41853 1867.0
21.0 45.0 21.0 28.30584 78.06882 19.27466 1867.0
22.0 0.0 0.0 55.12044 48.88652 141.97686 648.0
22.0 0.0 22.0 25.11265 80.05966 119.48429 648.0
22.0 2.0 2.0 27.41757 25.3076 87.69906 86.0
22.0 2.0 22.0 25.11265 80.05966 119.48429 86.0
22.0 4.0 4.0 72.16118 108.40703 139.68267 475.0
22.0 4.0 22.0 25.11265 80.05966 119.48429 475.0
22.0 5.0 5.0 42.25939 126.79381 106.55596 51.0
22.0 5.0 22.0 25.11265 80.05966 119.48429 51.0
22.0 6.0 6.0 5.46347 84.73447 74.37915 1904.0
22.0 6.0 22.0 25.11265 80.05966 119.48429 1904.0
22.0 13.0 13.0 21.79682 31.14667 56.4413 2.0
22.0 13.0 22.0 25.11265 80.05966 119.48429 2.0
22.0 16.0 16.0 37.11835 39.10825 124.73381 1273.0
22.0 16.0 22.0 25.11265 80.05966 119.48429 1273.0
22.0 22.0 22.0 25.11265 80.05966 119.48429 14403.0
22.0 22.0 22.0 25.11265 80.05966 119.48429 14403.0
22.0 24.0 24.0 107.93576 87.17996 149.14642 1.0
22.0 24.0 22.0 25.11265 80.05966 119.48429 1.0
22.0 27.0 27.0 18.72516 45.34086 103.72767 1265.0
22.0 27.0 22.0 25.11265 80.05966 119.48429 1265.0
22.0 28.0 28.0 84.37021 38.89991 143.12399 22.0
22.0 28.0 22.0 25.11265 80.05966 119.48429 22.0
22.0 33.0 33.0 97.24397 49.92024 149.22776 4.0
22.0 33.0 22.0 25.11265 80.05966 119.48429 4.0
22.0 36.0 36.0 51.16657 19.49309 119.69251 9.0
22.0 36.0 22.0 25.11265 80.05966 119.48429 9.0
22.0 37.0 37.0 80.33524 11.06901 113.84474 1.0
22.0 37.0 22.0 25.11265 80.05966 119.48429 1.0
22.0 38.0 38.0 88.75689 68.4146 152.61201 29.0
22.0 38.0 22.0 25.11265 80.05966 119.48429 29.0
22.0 41.0 41.0 59.90529 126.06044 122.52486 926.0
22.0 41.0 22.0 25.11265 80.05966 119.48429 926.0
22.0 42.0 42.0 56.64083 85.21989 144.96673 1681.0
22.0 42.0 22.0 25.11265 80.05966 119.48429 1681.0
23.0 7.0 7.0 121.67821 13.45216 56.90921 12.0
23.0 7.0 23.0 173.47924 43.57148 76.94243 12.0
23.0 12.0 12.0 179.81108 86.3766 84.79123 617.0
23.0 12.0 23.0 173.47924 43.57148 76.94243 617.0
23.0 15.0 15.0 145.07628 26.50991 64.70906 794.0
23.0 15.0 23.0 173.47924 43.57148 76.94243 794.0
23.0 17.0 17.0 122.81476 11.00923 94.59381 6.0
23.0 17.0 23.0 173.47924 43.57148 76.94243 6.0
23.0 18.0 18.0 159.23134 24.85362 93.91273 1056.0
23.0 18.0 23.0 173.47924 43.57148 76.94243 1056.0
23.0 23.0 23.0 173.47924 43.57148 76.94243 3401.0
23.0 23.0 23.0 173.47924 43.57148 76.94243 3401.0
23.0 25.0 25.0 182.83123 64.0179 100.31541 792.0
23.0 25.0 23.0 173.47924 43.57148 76.94243 792.0
23.0 26.0 26.0 132.14199 45.15113 139.10979 9.0
23.0 26.0 23.0 173.47924 43.57148 76.94243 9.0
23.0 29.0 29.0 122.76394 20.58553 121.14403 11.0
23.0 29.0 23.0 173.47924 43.57148 76.94243 11.0
23.0 31.0 31.0 121.53198 38.88033 36.00123 119.0
23.0 31.0 23.0 173.47924 43.57148 76.94243 119.0
23.0 32.0 32.0 157.21899 89.1737 58.04325 531.0
23.0 32.0 23.0 173.47924 43.57148 76.94243 531.0
23.0 47.0 47.0 164.21176 62.7226 126.0908 328.0
23.0 47.0 23.0 173.47924 43.57148 76.94243 328.0
24.0 0.0 0.0 55.12044 48.88652 141.97686 2.0
24.0 0.0 24.0 107.93576 87.17996 149.14642 2.0
24.0 4.0 4.0 72.16118 108.40703 139.68267 1525.0
24.0 4.0 24.0 107.93576 87.17996 149.14642 1525.0
24.0 9.0 9.0 78.6878 139.89493 102.72986 20.0
24.0 9.0 24.0 107.93576 87.17996 149.14642 20.0
24.0 24.0 24.0 107.93576 87.17996 149.14642 9032.0
24.0 24.0 24.0 107.93576 87.17996 149.14642 9032.0
24.0 26.0 26.0 132.14199 45.15113 139.10979 964.0
24.0 26.0 24.0 107.93576 87.17996 149.14642 964.0
24.0 28.0 28.0 84.37021 38.89991 143.12399 37.0
24.0 28.0 24.0 107.93576 87.17996 149.14642 37.0
24.0 29.0 29.0 122.76394 20.58553 121.14403 1.0
24.0 29.0 24.0 107.93576 87.17996 149.14642 1.0
24.0 33.0 33.0 97.24397 49.92024 149.22776 486.0
24.0 33.0 24.0 107.93576 87.17996 149.14642 486.0
24.0 34.0 34.0 127.79713 111.25116 129.58529 2647.0
24.0 34.0 24.0 107.93576 87.17996 149.14642 2647.0
24.0 35.0 35.0 147.80327 121.13762 95.64141 3.0
24.0 35.0 24.0 107.93576 87.17996 149.14642 3.0
24.0 37.0 37.0 80.33524 11.06901 113.84474 1.0
24.0 37.0 24.0 107.93576 87.17996 149.14642 1.0
24.0 38.0 38.0 88.75689 68.4146 152.61201 1892.0
24.0 38.0 24.0 107.93576 87.17996 149.14642 1892.0
24.0 41.0 41.0 59.90529 126.06044 122.52486 70.0
24.0 41.0 24.0 107.93576 87.17996 149.14642 70.0
24.0 42.0 42.0 56.64083 85.21989 144.96673 507.0
24.0 42.0 24.0 107.93576 87.17996 149.14642 507.0
24.0 43.0 43.0 101.73723 137.71509 99.1815 7.0
24.0 43.0 24.0 107.93576 87.17996 149.14642 7.0
24.0 44.0 44.0 70.27174 22.72306 131.35505 2.0
24.0 44.0 24.0 107.93576 87.17996 149.14642 2.0
24.0 47.0 47.0 164.21176 62.7226 126.0908 201.0
24.0 47.0 24.0 107.93576 87.17996 149.14642 201.0
25.0 7.0 7.0 121.67821 13.45216 56.90921 1.0
25.0 7.0 25.0 182.83123 64.0179 100.31541 1.0
25.0 12.0 12.0 179.81108 86.3766 84.79123 1207.0
25.0 12.0 25.0 182.83123 64.0179 100.31541 1207.0
25.0 15.0 15.0 145.07628 26.50991 64.70906 8.0
25.0 15.0 25.0 182.83123 64.0179 100.31541 8.0
25.0 18.0 18.0 159.23134 24.85362 93.91273 114.0
25.0 18.0 25.0 182.83123 64.0179 100.31541 114.0
25.0 23.0 23.0 173.47924 43.57148 76.94243 785.0
25.0 23.0 25.0 182.83123 64.0179 100.31541 785.0
25.0 25.0 25.0 182.83123 64.0179 100.31541 2319.0
25.0 25.0 25.0 182.83123 64.0179 100.31541 2319.0
25.0 26.0 26.0 132.14199 45.15113 139.10979 6.0
25.0 26.0 25.0 182.83123 64.0179 100.31541 6.0
25.0 32.0 32.0 157.21899 89.1737 58.04325 48.0
25.0 32.0 25.0 182.83123 64.0179 100.31541 48.0
25.0 34.0 34.0 127.79713 111.25116 129.58529 27.0
25.0 34.0 25.0 182.83123 64.0179 100.31541 27.0
25.0 35.0 35.0 147.80327 121.13762 95.64141 76.0
25.0 35.0 25.0 182.83123 64.0179 100.31541 76.0
25.0 46.0 46.0 114.70974 130.27171 52.86366 1.0
25.0 46.0 25.0 182.83123 64.0179 100.31541 1.0
25.0 47.0 47.0 164.21176 62.7226 126.0908 1240.0
25.0 47.0 25.0 182.83123 64.0179 100.31541 1240.0
26.0 0.0 0.0 55.12044 48.88652 141.97686 1.0
26.0 0.0 26.0 132.14199 45.15113 139.10979 1.0
26.0 15.0 15.0 145.07628 26.50991 64.70906 5.0
26.0 15.0 26.0 132.14199 45.15113 139.10979 5.0
26.0 17.0 17.0 122.81476 11.00923 94.59381 88.0
26.0 17.0 26.0 132.14199 45.15113 139.10979 88.0
26.0 18.0 18.0 159.23134 24.85362 93.91273 229.0
26.0 18.0 26.0 132.14199 45.15113 139.10979 229.0
26.0 23.0 23.0 173.47924 43.57148 76.94243 4.0
26.0 23.0 26.0 132.14199 45.15113 139.10979 4.0
26.0 24.0 24.0 107.93576 87.17996 149.14642 1049.0
26.0 24.0 26.0 132.14199 45.15113 139.10979 1049.0
26.0 25.0 25.0 182.83123 64.0179 100.31541 3.0
26.0 25.0 26.0 132.14199 45.15113 139.10979 3.0
26.0 26.0 26.0 132.14199 45.15113 139.10979 8236.0
26.0 26.0 26.0 132.14199 45.15113 139.10979 8236.0
26.0 28.0 28.0 84.37021 38.89991 143.12399 387.0
26.0 28.0 26.0 132.14199 45.15113 139.10979 387.0
26.0 29.0 29.0 122.76394 20.58553 121.14403 1908.0
26.0 29.0 26.0 132.14199 45.15113 139.10979 1908.0
26.0 33.0 33.0 97.24397 49.92024 149.22776 1092.0
26.0 33.0 26.0 132.14199 45.15113 139.10979 1092.0
26.0 34.0 34.0 127.79713 111.25116 129.58529 277.0
26.0 34.0 26.0 132.14199 45.15113 139.10979 277.0
26.0 35.0 35.0 147.80327 121.13762 95.64141 1.0
26.0 35.0 26.0 132.14199 45.15113 139.10979 1.0
26.0 37.0 37.0 80.33524 11.06901 113.84474 112.0
26.0 37.0 26.0 132.14199 45.15113 139.10979 112.0
26.0 38.0 38.0 88.75689 68.4146 152.61201 417.0
26.0 38.0 26.0 132.14199 45.15113 139.10979 417.0
26.0 44.0 44.0 70.27174 22.72306 131.35505 12.0
26.0 44.0 26.0 132.14199 45.15113 139.10979 12.0
26.0 47.0 47.0 164.21176 62.7226 126.0908 1727.0
26.0 47.0 26.0 132.14199 45.15113 139.10979 1727.0
27.0 0.0 0.0 55.12044 48.88652 141.97686 39.0
27.0 0.0 27.0 18.72516 45.34086 103.72767 39.0
27.0 2.0 2.0 27.41757 25.3076 87.69906 1573.0
27.0 2.0 27.0 18.72516 45.34086 103.72767 1573.0
27.0 3.0 3.0 83.25045 3.83763 88.0529 1.0
27.0 3.0 27.0 18.72516 45.34086 103.72767 1.0
27.0 6.0 6.0 5.46347 84.73447 74.37915 772.0
27.0 6.0 27.0 18.72516 45.34086 103.72767 772.0
27.0 11.0 11.0 48.5393 14.11617 56.49311 15.0
27.0 11.0 27.0 18.72516 45.34086 103.72767 15.0
27.0 13.0 13.0 21.79682 31.14667 56.4413 113.0
27.0 13.0 27.0 18.72516 45.34086 103.72767 113.0
27.0 16.0 16.0 37.11835 39.10825 124.73381 1294.0
27.0 16.0 27.0 18.72516 45.34086 103.72767 1294.0
27.0 22.0 22.0 25.11265 80.05966 119.48429 1302.0
27.0 22.0 27.0 18.72516 45.34086 103.72767 1302.0
27.0 27.0 27.0 18.72516 45.34086 103.72767 3297.0
27.0 27.0 27.0 18.72516 45.34086 103.72767 3297.0
27.0 36.0 36.0 51.16657 19.49309 119.69251 111.0
27.0 36.0 27.0 18.72516 45.34086 103.72767 111.0
27.0 37.0 37.0 80.33524 11.06901 113.84474 13.0
27.0 37.0 27.0 18.72516 45.34086 103.72767 13.0
27.0 39.0 39.0 21.88784 50.0596 32.72658 14.0
27.0 39.0 27.0 18.72516 45.34086 103.72767 14.0
27.0 42.0 42.0 56.64083 85.21989 144.96673 4.0
27.0 42.0 27.0 18.72516 45.34086 103.72767 4.0
27.0 44.0 44.0 70.27174 22.72306 131.35505 4.0
27.0 44.0 27.0 18.72516 45.34086 103.72767 4.0
28.0 0.0 0.0 55.12044 48.88652 141.97686 1054.0
28.0 0.0 28.0 84.37021 38.89991 143.12399 1054.0
28.0 3.0 3.0 83.25045 3.83763 88.0529 7.0
28.0 3.0 28.0 84.37021 38.89991 143.12399 7.0
28.0 4.0 4.0 72.16118 108.40703 139.68267 5.0
28.0 4.0 28.0 84.37021 38.89991 143.12399 5.0
28.0 16.0 16.0 37.11835 39.10825 124.73381 40.0
28.0 16.0 28.0 84.37021 38.89991 143.12399 40.0
28.0 17.0 17.0 122.81476 11.00923 94.59381 9.0
28.0 17.0 28.0 84.37021 38.89991 143.12399 9.0
28.0 22.0 22.0 25.11265 80.05966 119.48429 15.0
28.0 22.0 28.0 84.37021 38.89991 143.12399 15.0
28.0 24.0 24.0 107.93576 87.17996 149.14642 39.0
28.0 24.0 28.0 84.37021 38.89991 143.12399 39.0
28.0 26.0 26.0 132.14199 45.15113 139.10979 428.0
28.0 26.0 28.0 84.37021 38.89991 143.12399 428.0
28.0 28.0 28.0 84.37021 38.89991 143.12399 3154.0
28.0 28.0 28.0 84.37021 38.89991 143.12399 3154.0
28.0 29.0 29.0 122.76394 20.58553 121.14403 474.0
28.0 29.0 28.0 84.37021 38.89991 143.12399 474.0
28.0 33.0 33.0 97.24397 49.92024 149.22776 1623.0
28.0 33.0 28.0 84.37021 38.89991 143.12399 1623.0
28.0 36.0 36.0 51.16657 19.49309 119.69251 73.0
28.0 36.0 28.0 84.37021 38.89991 143.12399 73.0
28.0 37.0 37.0 80.33524 11.06901 113.84474 711.0
28.0 37.0 28.0 84.37021 38.89991 143.12399 711.0
28.0 38.0 38.0 88.75689 68.4146 152.61201 629.0
28.0 38.0 28.0 84.37021 38.89991 143.12399 629.0
28.0 42.0 42.0 56.64083 85.21989 144.96673 178.0
28.0 42.0 28.0 84.37021 38.89991 143.12399 178.0
28.0 44.0 44.0 70.27174 22.72306 131.35505 945.0
28.0 44.0 28.0 84.37021 38.89991 143.12399 945.0
29.0 0.0 0.0 55.12044 48.88652 141.97686 3.0
29.0 0.0 29.0 122.76394 20.58553 121.14403 3.0
29.0 3.0 3.0 83.25045 3.83763 88.0529 224.0
29.0 3.0 29.0 122.76394 20.58553 121.14403 224.0
29.0 7.0 7.0 121.67821 13.45216 56.90921 7.0
29.0 7.0 29.0 122.76394 20.58553 121.14403 7.0
29.0 10.0 10.0 97.07878 3.92076 61.10919 3.0
29.0 10.0 29.0 122.76394 20.58553 121.14403 3.0
29.0 15.0 15.0 145.07628 26.50991 64.70906 55.0
29.0 15.0 29.0 122.76394 20.58553 121.14403 55.0
29.0 17.0 17.0 122.81476 11.00923 94.59381 1610.0
29.0 17.0 29.0 122.76394 20.58553 121.14403 1610.0
29.0 18.0 18.0 159.23134 24.85362 93.91273 542.0
29.0 18.0 29.0 122.76394 20.58553 121.14403 542.0
29.0 23.0 23.0 173.47924 43.57148 76.94243 8.0
29.0 23.0 29.0 122.76394 20.58553 121.14403 8.0
29.0 25.0 25.0 182.83123 64.0179 100.31541 1.0
29.0 25.0 29.0 122.76394 20.58553 121.14403 1.0
29.0 26.0 26.0 132.14199 45.15113 139.10979 1829.0
29.0 26.0 29.0 122.76394 20.58553 121.14403 1829.0
29.0 28.0 28.0 84.37021 38.89991 143.12399 518.0
29.0 28.0 29.0 122.76394 20.58553 121.14403 518.0
29.0 29.0 29.0 122.76394 20.58553 121.14403 4877.0
29.0 29.0 29.0 122.76394 20.58553 121.14403 4877.0
29.0 33.0 33.0 97.24397 49.92024 149.22776 187.0
29.0 33.0 29.0 122.76394 20.58553 121.14403 187.0
29.0 37.0 37.0 80.33524 11.06901 113.84474 1177.0
29.0 37.0 29.0 122.76394 20.58553 121.14403 1177.0
29.0 38.0 38.0 88.75689 68.4146 152.61201 6.0
29.0 38.0 29.0 122.76394 20.58553 121.14403 6.0
29.0 44.0 44.0 70.27174 22.72306 131.35505 79.0
29.0 44.0 29.0 122.76394 20.58553 121.14403 79.0
29.0 47.0 47.0 164.21176 62.7226 126.0908 220.0
29.0 47.0 29.0 122.76394 20.58553 121.14403 220.0
30.0 1.0 1.0 66.22087 89.11222 7.42026 366.0
30.0 1.0 30.0 88.58428 139.93062 62.8062 366.0
30.0 5.0 5.0 42.25939 126.79381 106.55596 4.0
30.0 5.0 30.0 88.58428 139.93062 62.8062 4.0
30.0 8.0 8.0 89.87737 90.54081 30.39573 22.0
30.0 8.0 30.0 88.58428 139.93062 62.8062 22.0
30.0 9.0 9.0 78.6878 139.89493 102.72986 1429.0
30.0 9.0 30.0 88.58428 139.93062 62.8062 1429.0
30.0 14.0 14.0 128.56929 116.07426 40.45918 223.0
30.0 14.0 30.0 88.58428 139.93062 62.8062 223.0
30.0 23.0 23.0 173.47924 43.57148 76.94243 1.0
30.0 23.0 30.0 88.58428 139.93062 62.8062 1.0
30.0 30.0 30.0 88.58428 139.93062 62.8062 16252.0
30.0 30.0 30.0 88.58428 139.93062 62.8062 16252.0
30.0 32.0 32.0 157.21899 89.1737 58.04325 3.0
30.0 32.0 30.0 88.58428 139.93062 62.8062 3.0
30.0 34.0 34.0 127.79713 111.25116 129.58529 68.0
30.0 34.0 30.0 88.58428 139.93062 62.8062 68.0
30.0 35.0 35.0 147.80327 121.13762 95.64141 730.0
30.0 35.0 30.0 88.58428 139.93062 62.8062 730.0
30.0 41.0 41.0 59.90529 126.06044 122.52486 23.0
30.0 41.0 30.0 88.58428 139.93062 62.8062 23.0
30.0 43.0 43.0 101.73723 137.71509 99.1815 2261.0
30.0 43.0 30.0 88.58428 139.93062 62.8062 2261.0
30.0 45.0 45.0 35.08927 116.24891 28.41853 858.0
30.0 45.0 30.0 88.58428 139.93062 62.8062 858.0
30.0 46.0 46.0 114.70974 130.27171 52.86366 3609.0
30.0 46.0 30.0 88.58428 139.93062 62.8062 3609.0
31.0 3.0 3.0 83.25045 3.83763 88.0529 2.0
31.0 3.0 31.0 121.53198 38.88033 36.00123 2.0
31.0 7.0 7.0 121.67821 13.45216 56.90921 1660.0
31.0 7.0 31.0 121.53198 38.88033 36.00123 1660.0
31.0 8.0 8.0 89.87737 90.54081 30.39573 24.0
31.0 8.0 31.0 121.53198 38.88033 36.00123 24.0
31.0 10.0 10.0 97.07878 3.92076 61.10919 397.0
31.0 10.0 31.0 121.53198 38.88033 36.00123 397.0
31.0 11.0 11.0 48.5393 14.11617 56.49311 2.0
31.0 11.0 31.0 121.53198 38.88033 36.00123 2.0
31.0 12.0 12.0 179.81108 86.3766 84.79123 8.0
31.0 12.0 31.0 121.53198 38.88033 36.00123 8.0
31.0 14.0 14.0 128.56929 116.07426 40.45918 8.0
31.0 14.0 31.0 121.53198 38.88033 36.00123 8.0
31.0 15.0 15.0 145.07628 26.50991 64.70906 1527.0
31.0 15.0 31.0 121.53198 38.88033 36.00123 1527.0
31.0 17.0 17.0 122.81476 11.00923 94.59381 4.0
31.0 17.0 31.0 121.53198 38.88033 36.00123 4.0
31.0 18.0 18.0 159.23134 24.85362 93.91273 14.0
31.0 18.0 31.0 121.53198 38.88033 36.00123 14.0
31.0 19.0 19.0 66.39997 15.81026 45.34432 39.0
31.0 19.0 31.0 121.53198 38.88033 36.00123 39.0
31.0 20.0 20.0 85.01265 53.64491 22.31142 2429.0
31.0 20.0 31.0 121.53198 38.88033 36.00123 2429.0
31.0 23.0 23.0 173.47924 43.57148 76.94243 111.0
31.0 23.0 31.0 121.53198 38.88033 36.00123 111.0
31.0 31.0 31.0 121.53198 38.88033 36.00123 13130.0
31.0 31.0 31.0 121.53198 38.88033 36.00123 13130.0
31.0 32.0 32.0 157.21899 89.1737 58.04325 767.0
31.0 32.0 31.0 121.53198 38.88033 36.00123 767.0
31.0 40.0 40.0 83.28333 23.5109 42.42155 1063.0
31.0 40.0 31.0 121.53198 38.88033 36.00123 1063.0
32.0 7.0 7.0 121.67821 13.45216 56.90921 3.0
32.0 7.0 32.0 157.21899 89.1737 58.04325 3.0
32.0 12.0 12.0 179.81108 86.3766 84.79123 1722.0
32.0 12.0 32.0 157.21899 89.1737 58.04325 1722.0
32.0 14.0 14.0 128.56929 116.07426 40.45918 1641.0
32.0 14.0 32.0 157.21899 89.1737 58.04325 1641.0
32.0 15.0 15.0 145.07628 26.50991 64.70906 385.0
32.0 15.0 32.0 157.21899 89.1737 58.04325 385.0
32.0 18.0 18.0 159.23134 24.85362 93.91273 10.0
32.0 18.0 32.0 157.21899 89.1737 58.04325 10.0
32.0 20.0 20.0 85.01265 53.64491 22.31142 8.0
32.0 20.0 32.0 157.21899 89.1737 58.04325 8.0
32.0 23.0 23.0 173.47924 43.57148 76.94243 474.0
32.0 23.0 32.0 157.21899 89.1737 58.04325 474.0
32.0 25.0 25.0 182.83123 64.0179 100.31541 48.0
32.0 25.0 32.0 157.21899 89.1737 58.04325 48.0
32.0 30.0 30.0 88.58428 139.93062 62.8062 3.0
32.0 30.0 32.0 157.21899 89.1737 58.04325 3.0
32.0 31.0 31.0 121.53198 38.88033 36.00123 750.0
32.0 31.0 32.0 157.21899 89.1737 58.04325 750.0
32.0 32.0 32.0 157.21899 89.1737 58.04325 10519.0
32.0 32.0 32.0 157.21899 89.1737 58.04325 10519.0
32.0 35.0 35.0 147.80327 121.13762 95.64141 1000.0
32.0 35.0 32.0 157.21899 89.1737 58.04325 1000.0
32.0 46.0 46.0 114.70974 130.27171 52.86366 278.0
32.0 46.0 32.0 157.21899 89.1737 58.04325 278.0
32.0 47.0 47.0 164.21176 62.7226 126.0908 2.0
32.0 47.0 32.0 157.21899 89.1737 58.04325 2.0
33.0 0.0 0.0 55.12044 48.88652 141.97686 238.0
33.0 0.0 33.0 97.24397 49.92024 149.22776 238.0
33.0 3.0 3.0 83.25045 3.83763 88.0529 1.0
33.0 3.0 33.0 97.24397 49.92024 149.22776 1.0
33.0 4.0 4.0 72.16118 108.40703 139.68267 6.0
33.0 4.0 33.0 97.24397 49.92024 149.22776 6.0
33.0 16.0 16.0 37.11835 39.10825 124.73381 4.0
33.0 16.0 33.0 97.24397 49.92024 149.22776 4.0
33.0 17.0 17.0 122.81476 11.00923 94.59381 1.0
33.0 17.0 33.0 97.24397 49.92024 149.22776 1.0
33.0 18.0 18.0 159.23134 24.85362 93.91273 1.0
33.0 18.0 33.0 97.24397 49.92024 149.22776 1.0
33.0 22.0 22.0 25.11265 80.05966 119.48429 2.0
33.0 22.0 33.0 97.24397 49.92024 149.22776 2.0
33.0 24.0 24.0 107.93576 87.17996 149.14642 487.0
33.0 24.0 33.0 97.24397 49.92024 149.22776 487.0
33.0 26.0 26.0 132.14199 45.15113 139.10979 1144.0
33.0 26.0 33.0 97.24397 49.92024 149.22776 1144.0
33.0 28.0 28.0 84.37021 38.89991 143.12399 1590.0
33.0 28.0 33.0 97.24397 49.92024 149.22776 1590.0
33.0 29.0 29.0 122.76394 20.58553 121.14403 206.0
33.0 29.0 33.0 97.24397 49.92024 149.22776 206.0
33.0 33.0 33.0 97.24397 49.92024 149.22776 2709.0
33.0 33.0 33.0 97.24397 49.92024 149.22776 2709.0
33.0 34.0 34.0 127.79713 111.25116 129.58529 4.0
33.0 34.0 33.0 97.24397 49.92024 149.22776 4.0
33.0 36.0 36.0 51.16657 19.49309 119.69251 6.0
33.0 36.0 33.0 97.24397 49.92024 149.22776 6.0
33.0 37.0 37.0 80.33524 11.06901 113.84474 76.0
33.0 37.0 33.0 97.24397 49.92024 149.22776 76.0
33.0 38.0 38.0 88.75689 68.4146 152.61201 1553.0
33.0 38.0 33.0 97.24397 49.92024 149.22776 1553.0
33.0 42.0 42.0 56.64083 85.21989 144.96673 115.0
33.0 42.0 33.0 97.24397 49.92024 149.22776 115.0
33.0 44.0 44.0 70.27174 22.72306 131.35505 124.0
33.0 44.0 33.0 97.24397 49.92024 149.22776 124.0
33.0 47.0 47.0 164.21176 62.7226 126.0908 4.0
33.0 47.0 33.0 97.24397 49.92024 149.22776 4.0
34.0 4.0 4.0 72.16118 108.40703 139.68267 922.0
34.0 4.0 34.0 127.79713 111.25116 129.58529 922.0
34.0 9.0 9.0 78.6878 139.89493 102.72986 597.0
34.0 9.0 34.0 127.79713 111.25116 129.58529 597.0
34.0 12.0 12.0 179.81108 86.3766 84.79123 95.0
34.0 12.0 34.0 127.79713 111.25116 129.58529 95.0
34.0 14.0 14.0 128.56929 116.07426 40.45918 1.0
34.0 14.0 34.0 127.79713 111.25116 129.58529 1.0
34.0 24.0 24.0 107.93576 87.17996 149.14642 2638.0
34.0 24.0 34.0 127.79713 111.25116 129.58529 2638.0
34.0 25.0 25.0 182.83123 64.0179 100.31541 30.0
34.0 25.0 34.0 127.79713 111.25116 129.58529 30.0
34.0 26.0 26.0 132.14199 45.15113 139.10979 300.0
34.0 26.0 34.0 127.79713 111.25116 129.58529 300.0
34.0 30.0 30.0 88.58428 139.93062 62.8062 88.0
34.0 30.0 34.0 127.79713 111.25116 129.58529 88.0
34.0 32.0 32.0 157.21899 89.1737 58.04325 4.0
34.0 32.0 34.0 127.79713 111.25116 129.58529 4.0
34.0 33.0 33.0 97.24397 49.92024 149.22776 6.0
34.0 33.0 34.0 127.79713 111.25116 129.58529 6.0
34.0 34.0 34.0 127.79713 111.25116 129.58529 17380.0
34.0 34.0 34.0 127.79713 111.25116 129.58529 17380.0
34.0 35.0 35.0 147.80327 121.13762 95.64141 2668.0
34.0 35.0 34.0 127.79713 111.25116 129.58529 2668.0
34.0 38.0 38.0 88.75689 68.4146 152.61201 33.0
34.0 38.0 34.0 127.79713 111.25116 129.58529 33.0
34.0 41.0 41.0 59.90529 126.06044 122.52486 353.0
34.0 41.0 34.0 127.79713 111.25116 129.58529 353.0
34.0 42.0 42.0 56.64083 85.21989 144.96673 7.0
34.0 42.0 34.0 127.79713 111.25116 129.58529 7.0
34.0 43.0 43.0 101.73723 137.71509 99.1815 1422.0
34.0 43.0 34.0 127.79713 111.25116 129.58529 1422.0
34.0 46.0 46.0 114.70974 130.27171 52.86366 9.0
34.0 46.0 34.0 127.79713 111.25116 129.58529 9.0
34.0 47.0 47.0 164.21176 62.7226 126.0908 1200.0
34.0 47.0 34.0 127.79713 111.25116 129.58529 1200.0
35.0 4.0 4.0 72.16118 108.40703 139.68267 1.0
35.0 4.0 35.0 147.80327 121.13762 95.64141 1.0
35.0 9.0 9.0 78.6878 139.89493 102.72986 17.0
35.0 9.0 35.0 147.80327 121.13762 95.64141 17.0
35.0 12.0 12.0 179.81108 86.3766 84.79123 1208.0
35.0 12.0 35.0 147.80327 121.13762 95.64141 1208.0
35.0 14.0 14.0 128.56929 116.07426 40.45918 320.0
35.0 14.0 35.0 147.80327 121.13762 95.64141 320.0
35.0 24.0 24.0 107.93576 87.17996 149.14642 2.0
35.0 24.0 35.0 147.80327 121.13762 95.64141 2.0
35.0 25.0 25.0 182.83123 64.0179 100.31541 78.0
35.0 25.0 35.0 147.80327 121.13762 95.64141 78.0
35.0 30.0 30.0 88.58428 139.93062 62.8062 713.0
35.0 30.0 35.0 147.80327 121.13762 95.64141 713.0
35.0 32.0 32.0 157.21899 89.1737 58.04325 915.0
35.0 32.0 35.0 147.80327 121.13762 95.64141 915.0
35.0 34.0 34.0 127.79713 111.25116 129.58529 2772.0
35.0 34.0 35.0 147.80327 121.13762 95.64141 2772.0
35.0 35.0 35.0 147.80327 121.13762 95.64141 11523.0
35.0 35.0 35.0 147.80327 121.13762 95.64141 11523.0
35.0 41.0 41.0 59.90529 126.06044 122.52486 3.0
35.0 41.0 35.0 147.80327 121.13762 95.64141 3.0
35.0 43.0 43.0 101.73723 137.71509 99.1815 889.0
35.0 43.0 35.0 147.80327 121.13762 95.64141 889.0
35.0 46.0 46.0 114.70974 130.27171 52.86366 1179.0
35.0 46.0 35.0 147.80327 121.13762 95.64141 1179.0
35.0 47.0 47.0 164.21176 62.7226 126.0908 359.0
35.0 47.0 35.0 147.80327 121.13762 95.64141 359.0
36.0 0.0 0.0 55.12044 48.88652 141.97686 482.0
36.0 0.0 36.0 51.16657 19.49309 119.69251 482.0
36.0 2.0 2.0 27.41757 25.3076 87.69906 501.0
36.0 2.0 36.0 51.16657 19.49309 119.69251 501.0
36.0 3.0 3.0 83.25045 3.83763 88.0529 159.0
36.0 3.0 36.0 51.16657 19.49309 119.69251 159.0
36.0 11.0 11.0 48.5393 14.11617 56.49311 80.0
36.0 11.0 36.0 51.16657 19.49309 119.69251 80.0
36.0 13.0 13.0 21.79682 31.14667 56.4413 1.0
36.0 13.0 36.0 51.16657 19.49309 119.69251 1.0
36.0 16.0 16.0 37.11835 39.10825 124.73381 969.0
36.0 16.0 36.0 51.16657 19.49309 119.69251 969.0
36.0 22.0 22.0 25.11265 80.05966 119.48429 9.0
36.0 22.0 36.0 51.16657 19.49309 119.69251 9.0
36.0 27.0 27.0 18.72516 45.34086 103.72767 88.0
36.0 27.0 36.0 51.16657 19.49309 119.69251 88.0
36.0 28.0 28.0 84.37021 38.89991 143.12399 93.0
36.0 28.0 36.0 51.16657 19.49309 119.69251 93.0
36.0 29.0 29.0 122.76394 20.58553 121.14403 1.0
36.0 29.0 36.0 51.16657 19.49309 119.69251 1.0
36.0 33.0 33.0 97.24397 49.92024 149.22776 5.0
36.0 33.0 36.0 51.16657 19.49309 119.69251 5.0
36.0 36.0 36.0 51.16657 19.49309 119.69251 1541.0
36.0 36.0 36.0 51.16657 19.49309 119.69251 1541.0
36.0 37.0 37.0 80.33524 11.06901 113.84474 928.0
36.0 37.0 36.0 51.16657 19.49309 119.69251 928.0
36.0 38.0 38.0 88.75689 68.4146 152.61201 2.0
36.0 38.0 36.0 51.16657 19.49309 119.69251 2.0
36.0 42.0 42.0 56.64083 85.21989 144.96673 1.0
36.0 42.0 36.0 51.16657 19.49309 119.69251 1.0
36.0 44.0 44.0 70.27174 22.72306 131.35505 743.0
36.0 44.0 36.0 51.16657 19.49309 119.69251 743.0
37.0 0.0 0.0 55.12044 48.88652 141.97686 72.0
37.0 0.0 37.0 80.33524 11.06901 113.84474 72.0
37.0 2.0 2.0 27.41757 25.3076 87.69906 426.0
37.0 2.0 37.0 80.33524 11.06901 113.84474 426.0
37.0 3.0 3.0 83.25045 3.83763 88.0529 2572.0
37.0 3.0 37.0 80.33524 11.06901 113.84474 2572.0
37.0 7.0 7.0 121.67821 13.45216 56.90921 3.0
37.0 7.0 37.0 80.33524 11.06901 113.84474 3.0
37.0 10.0 10.0 97.07878 3.92076 61.10919 41.0
37.0 10.0 37.0 80.33524 11.06901 113.84474 41.0
37.0 11.0 11.0 48.5393 14.11617 56.49311 280.0
37.0 11.0 37.0 80.33524 11.06901 113.84474 280.0
37.0 16.0 16.0 37.11835 39.10825 124.73381 152.0
37.0 16.0 37.0 80.33524 11.06901 113.84474 152.0
37.0 17.0 17.0 122.81476 11.00923 94.59381 579.0
37.0 17.0 37.0 80.33524 11.06901 113.84474 579.0
37.0 18.0 18.0 159.23134 24.85362 93.91273 2.0
37.0 18.0 37.0 80.33524 11.06901 113.84474 2.0
37.0 19.0 19.0 66.39997 15.81026 45.34432 13.0
37.0 19.0 37.0 80.33524 11.06901 113.84474 13.0
37.0 26.0 26.0 132.14199 45.15113 139.10979 117.0
37.0 26.0 37.0 80.33524 11.06901 113.84474 117.0
37.0 27.0 27.0 18.72516 45.34086 103.72767 10.0
37.0 27.0 37.0 80.33524 11.06901 113.84474 10.0
37.0 28.0 28.0 84.37021 38.89991 143.12399 736.0
37.0 28.0 37.0 80.33524 11.06901 113.84474 736.0
37.0 29.0 29.0 122.76394 20.58553 121.14403 1153.0
37.0 29.0 37.0 80.33524 11.06901 113.84474 1153.0
37.0 33.0 33.0 97.24397 49.92024 149.22776 89.0
37.0 33.0 37.0 80.33524 11.06901 113.84474 89.0
37.0 36.0 36.0 51.16657 19.49309 119.69251 813.0
37.0 36.0 37.0 80.33524 11.06901 113.84474 813.0
37.0 37.0 37.0 80.33524 11.06901 113.84474 8127.0
37.0 37.0 37.0 80.33524 11.06901 113.84474 8127.0
37.0 38.0 38.0 88.75689 68.4146 152.61201 1.0
37.0 38.0 37.0 80.33524 11.06901 113.84474 1.0
37.0 44.0 44.0 70.27174 22.72306 131.35505 1413.0
37.0 44.0 37.0 80.33524 11.06901 113.84474 1413.0
38.0 0.0 0.0 55.12044 48.88652 141.97686 409.0
38.0 0.0 38.0 88.75689 68.4146 152.61201 409.0
38.0 4.0 4.0 72.16118 108.40703 139.68267 221.0
38.0 4.0 38.0 88.75689 68.4146 152.61201 221.0
38.0 16.0 16.0 37.11835 39.10825 124.73381 11.0
38.0 16.0 38.0 88.75689 68.4146 152.61201 11.0
38.0 22.0 22.0 25.11265 80.05966 119.48429 27.0
38.0 22.0 38.0 88.75689 68.4146 152.61201 27.0
38.0 24.0 24.0 107.93576 87.17996 149.14642 2005.0
38.0 24.0 38.0 88.75689 68.4146 152.61201 2005.0
38.0 26.0 26.0 132.14199 45.15113 139.10979 378.0
38.0 26.0 38.0 88.75689 68.4146 152.61201 378.0
38.0 28.0 28.0 84.37021 38.89991 143.12399 626.0
38.0 28.0 38.0 88.75689 68.4146 152.61201 626.0
38.0 29.0 29.0 122.76394 20.58553 121.14403 5.0
38.0 29.0 38.0 88.75689 68.4146 152.61201 5.0
38.0 33.0 33.0 97.24397 49.92024 149.22776 1524.0
38.0 33.0 38.0 88.75689 68.4146 152.61201 1524.0
38.0 34.0 34.0 127.79713 111.25116 129.58529 31.0
38.0 34.0 38.0 88.75689 68.4146 152.61201 31.0
38.0 36.0 36.0 51.16657 19.49309 119.69251 1.0
38.0 36.0 38.0 88.75689 68.4146 152.61201 1.0
38.0 37.0 37.0 80.33524 11.06901 113.84474 1.0
38.0 37.0 38.0 88.75689 68.4146 152.61201 1.0
38.0 38.0 38.0 88.75689 68.4146 152.61201 3224.0
38.0 38.0 38.0 88.75689 68.4146 152.61201 3224.0
38.0 41.0 41.0 59.90529 126.06044 122.52486 4.0
38.0 41.0 38.0 88.75689 68.4146 152.61201 4.0
38.0 42.0 42.0 56.64083 85.21989 144.96673 1070.0
38.0 42.0 38.0 88.75689 68.4146 152.61201 1070.0
38.0 44.0 44.0 70.27174 22.72306 131.35505 8.0
38.0 44.0 38.0 88.75689 68.4146 152.61201 8.0
38.0 47.0 47.0 164.21176 62.7226 126.0908 10.0
38.0 47.0 38.0 88.75689 68.4146 152.61201 10.0
39.0 1.0 1.0 66.22087 89.11222 7.42026 251.0
39.0 1.0 39.0 21.88784 50.0596 32.72658 251.0
39.0 2.0 2.0 27.41757 25.3076 87.69906 149.0
39.0 2.0 39.0 21.88784 50.0596 32.72658 149.0
39.0 6.0 6.0 5.46347 84.73447 74.37915 1339.0
39.0 6.0 39.0 21.88784 50.0596 32.72658 1339.0
39.0 11.0 11.0 48.5393 14.11617 56.49311 894.0
39.0 11.0 39.0 21.88784 50.0596 32.72658 894.0
39.0 13.0 13.0 21.79682 31.14667 56.4413 1828.0
39.0 13.0 39.0 21.88784 50.0596 32.72658 1828.0
39.0 19.0 19.0 66.39997 15.81026 45.34432 229.0
39.0 19.0 39.0 21.88784 50.0596 32.72658 229.0
39.0 20.0 20.0 85.01265 53.64491 22.31142 489.0
39.0 20.0 39.0 21.88784 50.0596 32.72658 489.0
39.0 21.0 21.0 28.30584 78.06882 19.27466 2132.0
39.0 21.0 39.0 21.88784 50.0596 32.72658 2132.0
39.0 27.0 27.0 18.72516 45.34086 103.72767 16.0
39.0 27.0 39.0 21.88784 50.0596 32.72658 16.0
39.0 39.0 39.0 21.88784 50.0596 32.72658 9938.0
39.0 39.0 39.0 21.88784 50.0596 32.72658 9938.0
39.0 40.0 40.0 83.28333 23.5109 42.42155 30.0
39.0 40.0 39.0 21.88784 50.0596 32.72658 30.0
39.0 45.0 45.0 35.08927 116.24891 28.41853 76.0
39.0 45.0 39.0 21.88784 50.0596 32.72658 76.0
40.0 1.0 1.0 66.22087 89.11222 7.42026 9.0
40.0 1.0 40.0 83.28333 23.5109 42.42155 9.0
40.0 3.0 3.0 83.25045 3.83763 88.0529 133.0
40.0 3.0 40.0 83.28333 23.5109 42.42155 133.0
40.0 7.0 7.0 121.67821 13.45216 56.90921 287.0
40.0 7.0 40.0 83.28333 23.5109 42.42155 287.0
40.0 8.0 8.0 89.87737 90.54081 30.39573 1.0
40.0 8.0 40.0 83.28333 23.5109 42.42155 1.0
40.0 10.0 10.0 97.07878 3.92076 61.10919 1246.0
40.0 10.0 40.0 83.28333 23.5109 42.42155 1246.0
40.0 11.0 11.0 48.5393 14.11617 56.49311 454.0
40.0 11.0 40.0 83.28333 23.5109 42.42155 454.0
40.0 13.0 13.0 21.79682 31.14667 56.4413 4.0
40.0 13.0 40.0 83.28333 23.5109 42.42155 4.0
40.0 15.0 15.0 145.07628 26.50991 64.70906 2.0
40.0 15.0 40.0 83.28333 23.5109 42.42155 2.0
40.0 17.0 17.0 122.81476 11.00923 94.59381 3.0
40.0 17.0 40.0 83.28333 23.5109 42.42155 3.0
40.0 19.0 19.0 66.39997 15.81026 45.34432 1461.0
40.0 19.0 40.0 83.28333 23.5109 42.42155 1461.0
40.0 20.0 20.0 85.01265 53.64491 22.31142 1769.0
40.0 20.0 40.0 83.28333 23.5109 42.42155 1769.0
40.0 21.0 21.0 28.30584 78.06882 19.27466 4.0
40.0 21.0 40.0 83.28333 23.5109 42.42155 4.0
40.0 31.0 31.0 121.53198 38.88033 36.00123 1049.0
40.0 31.0 40.0 83.28333 23.5109 42.42155 1049.0
40.0 37.0 37.0 80.33524 11.06901 113.84474 3.0
40.0 37.0 40.0 83.28333 23.5109 42.42155 3.0
40.0 39.0 39.0 21.88784 50.0596 32.72658 35.0
40.0 39.0 40.0 83.28333 23.5109 42.42155 35.0
40.0 40.0 40.0 83.28333 23.5109 42.42155 4522.0
40.0 40.0 40.0 83.28333 23.5109 42.42155 4522.0
41.0 4.0 4.0 72.16118 108.40703 139.68267 2781.0
41.0 4.0 41.0 59.90529 126.06044 122.52486 2781.0
41.0 5.0 5.0 42.25939 126.79381 106.55596 118.0
41.0 5.0 41.0 59.90529 126.06044 122.52486 118.0
41.0 6.0 6.0 5.46347 84.73447 74.37915 23.0
41.0 6.0 41.0 59.90529 126.06044 122.52486 23.0
41.0 9.0 9.0 78.6878 139.89493 102.72986 2330.0
41.0 9.0 41.0 59.90529 126.06044 122.52486 2330.0
41.0 16.0 16.0 37.11835 39.10825 124.73381 1.0
41.0 16.0 41.0 59.90529 126.06044 122.52486 1.0
41.0 22.0 22.0 25.11265 80.05966 119.48429 815.0
41.0 22.0 41.0 59.90529 126.06044 122.52486 815.0
41.0 24.0 24.0 107.93576 87.17996 149.14642 77.0
41.0 24.0 41.0 59.90529 126.06044 122.52486 77.0
41.0 30.0 30.0 88.58428 139.93062 62.8062 26.0
41.0 30.0 41.0 59.90529 126.06044 122.52486 26.0
41.0 34.0 34.0 127.79713 111.25116 129.58529 430.0
41.0 34.0 41.0 59.90529 126.06044 122.52486 430.0
41.0 38.0 38.0 88.75689 68.4146 152.61201 1.0
41.0 38.0 41.0 59.90529 126.06044 122.52486 1.0
41.0 41.0 41.0 59.90529 126.06044 122.52486 10749.0
41.0 41.0 41.0 59.90529 126.06044 122.52486 10749.0
41.0 42.0 42.0 56.64083 85.21989 144.96673 414.0
41.0 42.0 41.0 59.90529 126.06044 122.52486 414.0
41.0 43.0 43.0 101.73723 137.71509 99.1815 326.0
41.0 43.0 41.0 59.90529 126.06044 122.52486 326.0
42.0 0.0 0.0 55.12044 48.88652 141.97686 879.0
42.0 0.0 42.0 56.64083 85.21989 144.96673 879.0
42.0 4.0 4.0 72.16118 108.40703 139.68267 2167.0
42.0 4.0 42.0 56.64083 85.21989 144.96673 2167.0
42.0 5.0 5.0 42.25939 126.79381 106.55596 5.0
42.0 5.0 42.0 56.64083 85.21989 144.96673 5.0
42.0 6.0 6.0 5.46347 84.73447 74.37915 1.0
42.0 6.0 42.0 56.64083 85.21989 144.96673 1.0
42.0 16.0 16.0 37.11835 39.10825 124.73381 161.0
42.0 16.0 42.0 56.64083 85.21989 144.96673 161.0
42.0 22.0 22.0 25.11265 80.05966 119.48429 1578.0
42.0 22.0 42.0 56.64083 85.21989 144.96673 1578.0
42.0 24.0 24.0 107.93576 87.17996 149.14642 548.0
42.0 24.0 42.0 56.64083 85.21989 144.96673 548.0
42.0 28.0 28.0 84.37021 38.89991 143.12399 206.0
42.0 28.0 42.0 56.64083 85.21989 144.96673 206.0
42.0 33.0 33.0 97.24397 49.92024 149.22776 127.0
42.0 33.0 42.0 56.64083 85.21989 144.96673 127.0
42.0 34.0 34.0 127.79713 111.25116 129.58529 9.0
42.0 34.0 42.0 56.64083 85.21989 144.96673 9.0
42.0 36.0 36.0 51.16657 19.49309 119.69251 1.0
42.0 36.0 42.0 56.64083 85.21989 144.96673 1.0
42.0 38.0 38.0 88.75689 68.4146 152.61201 1099.0
42.0 38.0 42.0 56.64083 85.21989 144.96673 1099.0
42.0 41.0 41.0 59.90529 126.06044 122.52486 407.0
42.0 41.0 42.0 56.64083 85.21989 144.96673 407.0
42.0 42.0 42.0 56.64083 85.21989 144.96673 5734.0
42.0 42.0 42.0 56.64083 85.21989 144.96673 5734.0
42.0 44.0 44.0 70.27174 22.72306 131.35505 1.0
42.0 44.0 42.0 56.64083 85.21989 144.96673 1.0
43.0 4.0 4.0 72.16118 108.40703 139.68267 63.0
43.0 4.0 43.0 101.73723 137.71509 99.1815 63.0
43.0 5.0 5.0 42.25939 126.79381 106.55596 4.0
43.0 5.0 43.0 101.73723 137.71509 99.1815 4.0
43.0 9.0 9.0 78.6878 139.89493 102.72986 2086.0
43.0 9.0 43.0 101.73723 137.71509 99.1815 2086.0
43.0 24.0 24.0 107.93576 87.17996 149.14642 12.0
43.0 24.0 43.0 101.73723 137.71509 99.1815 12.0
43.0 30.0 30.0 88.58428 139.93062 62.8062 2146.0
43.0 30.0 43.0 101.73723 137.71509 99.1815 2146.0
43.0 34.0 34.0 127.79713 111.25116 129.58529 1418.0
43.0 34.0 43.0 101.73723 137.71509 99.1815 1418.0
43.0 35.0 35.0 147.80327 121.13762 95.64141 861.0
43.0 35.0 43.0 101.73723 137.71509 99.1815 861.0
43.0 41.0 41.0 59.90529 126.06044 122.52486 306.0
43.0 41.0 43.0 101.73723 137.71509 99.1815 306.0
43.0 43.0 43.0 101.73723 137.71509 99.1815 4816.0
43.0 43.0 43.0 101.73723 137.71509 99.1815 4816.0
43.0 46.0 46.0 114.70974 130.27171 52.86366 146.0
43.0 46.0 43.0 101.73723 137.71509 99.1815 146.0
44.0 0.0 0.0 55.12044 48.88652 141.97686 565.0
44.0 0.0 44.0 70.27174 22.72306 131.35505 565.0
44.0 2.0 2.0 27.41757 25.3076 87.69906 35.0
44.0 2.0 44.0 70.27174 22.72306 131.35505 35.0
44.0 3.0 3.0 83.25045 3.83763 88.0529 60.0
44.0 3.0 44.0 70.27174 22.72306 131.35505 60.0
44.0 6.0 6.0 5.46347 84.73447 74.37915 1.0
44.0 6.0 44.0 70.27174 22.72306 131.35505 1.0
44.0 11.0 11.0 48.5393 14.11617 56.49311 2.0
44.0 11.0 44.0 70.27174 22.72306 131.35505 2.0
44.0 16.0 16.0 37.11835 39.10825 124.73381 241.0
44.0 16.0 44.0 70.27174 22.72306 131.35505 241.0
44.0 17.0 17.0 122.81476 11.00923 94.59381 2.0
44.0 17.0 44.0 70.27174 22.72306 131.35505 2.0
44.0 22.0 22.0 25.11265 80.05966 119.48429 2.0
44.0 22.0 44.0 70.27174 22.72306 131.35505 2.0
44.0 26.0 26.0 132.14199 45.15113 139.10979 19.0
44.0 26.0 44.0 70.27174 22.72306 131.35505 19.0
44.0 27.0 27.0 18.72516 45.34086 103.72767 2.0
44.0 27.0 44.0 70.27174 22.72306 131.35505 2.0
44.0 28.0 28.0 84.37021 38.89991 143.12399 949.0
44.0 28.0 44.0 70.27174 22.72306 131.35505 949.0
44.0 29.0 29.0 122.76394 20.58553 121.14403 86.0
44.0 29.0 44.0 70.27174 22.72306 131.35505 86.0
44.0 33.0 33.0 97.24397 49.92024 149.22776 101.0
44.0 33.0 44.0 70.27174 22.72306 131.35505 101.0
44.0 36.0 36.0 51.16657 19.49309 119.69251 754.0
44.0 36.0 44.0 70.27174 22.72306 131.35505 754.0
44.0 37.0 37.0 80.33524 11.06901 113.84474 1520.0
44.0 37.0 44.0 70.27174 22.72306 131.35505 1520.0
44.0 38.0 38.0 88.75689 68.4146 152.61201 11.0
44.0 38.0 44.0 70.27174 22.72306 131.35505 11.0
44.0 42.0 42.0 56.64083 85.21989 144.96673 5.0
44.0 42.0 44.0 70.27174 22.72306 131.35505 5.0
44.0 44.0 44.0 70.27174 22.72306 131.35505 1857.0
44.0 44.0 44.0 70.27174 22.72306 131.35505 1857.0
45.0 1.0 1.0 66.22087 89.11222 7.42026 1939.0
45.0 1.0 45.0 35.08927 116.24891 28.41853 1939.0
45.0 6.0 6.0 5.46347 84.73447 74.37915 1092.0
45.0 6.0 45.0 35.08927 116.24891 28.41853 1092.0
45.0 8.0 8.0 89.87737 90.54081 30.39573 8.0
45.0 8.0 45.0 35.08927 116.24891 28.41853 8.0
45.0 9.0 9.0 78.6878 139.89493 102.72986 3.0
45.0 9.0 45.0 35.08927 116.24891 28.41853 3.0
45.0 14.0 14.0 128.56929 116.07426 40.45918 2.0
45.0 14.0 45.0 35.08927 116.24891 28.41853 2.0
45.0 21.0 21.0 28.30584 78.06882 19.27466 1842.0
45.0 21.0 45.0 35.08927 116.24891 28.41853 1842.0
45.0 22.0 22.0 25.11265 80.05966 119.48429 1.0
45.0 22.0 45.0 35.08927 116.24891 28.41853 1.0
45.0 30.0 30.0 88.58428 139.93062 62.8062 1055.0
45.0 30.0 45.0 35.08927 116.24891 28.41853 1055.0
45.0 39.0 39.0 21.88784 50.0596 32.72658 69.0
45.0 39.0 45.0 35.08927 116.24891 28.41853 69.0
45.0 43.0 43.0 101.73723 137.71509 99.1815 1.0
45.0 43.0 45.0 35.08927 116.24891 28.41853 1.0
45.0 45.0 45.0 35.08927 116.24891 28.41853 14746.0
45.0 45.0 45.0 35.08927 116.24891 28.41853 14746.0
45.0 46.0 46.0 114.70974 130.27171 52.86366 63.0
45.0 46.0 45.0 35.08927 116.24891 28.41853 63.0
46.0 1.0 1.0 66.22087 89.11222 7.42026 194.0
46.0 1.0 46.0 114.70974 130.27171 52.86366 194.0
46.0 8.0 8.0 89.87737 90.54081 30.39573 21.0
46.0 8.0 46.0 114.70974 130.27171 52.86366 21.0
46.0 9.0 9.0 78.6878 139.89493 102.72986 9.0
46.0 9.0 46.0 114.70974 130.27171 52.86366 9.0
46.0 12.0 12.0 179.81108 86.3766 84.79123 5.0
46.0 12.0 46.0 114.70974 130.27171 52.86366 5.0
46.0 14.0 14.0 128.56929 116.07426 40.45918 3097.0
46.0 14.0 46.0 114.70974 130.27171 52.86366 3097.0
46.0 20.0 20.0 85.01265 53.64491 22.31142 1.0
46.0 20.0 46.0 114.70974 130.27171 52.86366 1.0
46.0 30.0 30.0 88.58428 139.93062 62.8062 3554.0
46.0 30.0 46.0 114.70974 130.27171 52.86366 3554.0
46.0 32.0 32.0 157.21899 89.1737 58.04325 303.0
46.0 32.0 46.0 114.70974 130.27171 52.86366 303.0
46.0 34.0 34.0 127.79713 111.25116 129.58529 11.0
46.0 34.0 46.0 114.70974 130.27171 52.86366 11.0
46.0 35.0 35.0 147.80327 121.13762 95.64141 1157.0
46.0 35.0 46.0 114.70974 130.27171 52.86366 1157.0
46.0 43.0 43.0 101.73723 137.71509 99.1815 161.0
46.0 43.0 46.0 114.70974 130.27171 52.86366 161.0
46.0 45.0 45.0 35.08927 116.24891 28.41853 47.0
46.0 45.0 46.0 114.70974 130.27171 52.86366 47.0
46.0 46.0 46.0 114.70974 130.27171 52.86366 7494.0
46.0 46.0 46.0 114.70974 130.27171 52.86366 7494.0
47.0 12.0 12.0 179.81108 86.3766 84.79123 408.0
47.0 12.0 47.0 164.21176 62.7226 126.0908 408.0
47.0 15.0 15.0 145.07628 26.50991 64.70906 7.0
47.0 15.0 47.0 164.21176 62.7226 126.0908 7.0
47.0 17.0 17.0 122.81476 11.00923 94.59381 26.0
47.0 17.0 47.0 164.21176 62.7226 126.0908 26.0
47.0 18.0 18.0 159.23134 24.85362 93.91273 677.0
47.0 18.0 47.0 164.21176 62.7226 126.0908 677.0
47.0 23.0 23.0 173.47924 43.57148 76.94243 324.0
47.0 23.0 47.0 164.21176 62.7226 126.0908 324.0
47.0 24.0 24.0 107.93576 87.17996 149.14642 190.0
47.0 24.0 47.0 164.21176 62.7226 126.0908 190.0
47.0 25.0 25.0 182.83123 64.0179 100.31541 1258.0
47.0 25.0 47.0 164.21176 62.7226 126.0908 1258.0
47.0 26.0 26.0 132.14199 45.15113 139.10979 1876.0
47.0 26.0 47.0 164.21176 62.7226 126.0908 1876.0
47.0 29.0 29.0 122.76394 20.58553 121.14403 240.0
47.0 29.0 47.0 164.21176 62.7226 126.0908 240.0
47.0 32.0 32.0 157.21899 89.1737 58.04325 1.0
47.0 32.0 47.0 164.21176 62.7226 126.0908 1.0
47.0 33.0 33.0 97.24397 49.92024 149.22776 4.0
47.0 33.0 47.0 164.21176 62.7226 126.0908 4.0
47.0 34.0 34.0 127.79713 111.25116 129.58529 1274.0
47.0 34.0 47.0 164.21176 62.7226 126.0908 1274.0
47.0 35.0 35.0 147.80327 121.13762 95.64141 342.0
47.0 35.0 47.0 164.21176 62.7226 126.0908 342.0
47.0 37.0 37.0 80.33524 11.06901 113.84474 1.0
47.0 37.0 47.0 164.21176 62.7226 126.0908 1.0
47.0 38.0 38.0 88.75689 68.4146 152.61201 5.0
47.0 38.0 47.0 164.21176 62.7226 126.0908 5.0
47.0 47.0 47.0 164.21176 62.7226 126.0908 9063.0
47.0 47.0 47.0 164.21176 62.7226 126.0908 9063.0
