TargetArea SourceArea Area AvgPosX AvgPosY AvgPosZ SumWeights
0.0 0.0 0.0 55.1097 48.8872 141.97268 3770.0
0.0 0.0 0.0 55.1097 48.8872 141.97268 3770.0
0.0 2.0 2.0 27.41663 25.31501 87.72416 7.0
0.0 2.0 0.0 55.1097 48.8872 141.97268 7.0
0.0 4.0 4.0 72.12033 108.40688 139.67616 12.0
0.0 4.0 0.0 55.1097 48.8872 141.97268 12.0
0.0 16.0 16.0 37.10504 39.10353 124.71476 1296.0
0.0 16.0 0.0 55.1097 48.8872 141.97268 1296.0
0.0 22.0 22.0 25.10101 80.09221 119.46608 551.0
0.0 22.0 0.0 55.1097 48.8872 141.97268 551.0
0.0 24.0 24.0 107.88355 87.22437 149.14409 14.0
0.0 24.0 0.0 55.1097 48.8872 141.97268 14.0
0.0 26.0 26.0 132.11156 45.12881 139.11205 1.0
0.0 26.0 0.0 55.1097 48.8872 141.97268 1.0
0.0 27.0 27.0 18.71891 45.35693 103.73112 35.0
0.0 27.0 0.0 55.1097 48.8872 141.97268 35.0
0.0 28.0 28.0 84.36494 38.90846 143.1292 1104.0
0.0 28.0 0.0 55.1097 48.8872 141.97268 1104.0
0.0 29.0 29.0 122.76648 20.58622 121.13888 2.0
0.0 29.0 0.0 55.1097 48.8872 141.97268 2.0
0.0 33.0 33.0 97.23957 49.92945 149.22896 268.0
0.0 33.0 0.0 55.1097 48.8872 141.97268 268.0
0.0 36.0 36.0 51.18115 19.5068 119.71655 467.0
0.0 36.0 0.0 55.1097 48.8872 141.97268 467.0
0.0 37.0 37.0 80.29526 11.06286 113.8235 83.0
0.0 37.0 0.0 55.1097 48.8872 141.97268 83.0
0.0 38.0 38.0 88.7163 68.42676 152.61374 408.0
0.0 38.0 0.0 55.1097 48.8872 141.97268 408.0
0.0 41.0 41.0 59.94495 126.10351 122.50796 2.0
0.0 41.0 0.0 55.1097 48.8872 141.97268 2.0
0.0 42.0 42.0 56.63274 85.25542 144.95411 881.0
0.0 42.0 0.0 55.1097 48.8872 141.97268 881.0
0.0 44.0 44.0 70.23696 22.72103 131.34654 642.0
0.0 44.0 0.0 55.1097 48.8872 141.97268 642.0
1.0 1.0 1.0 66.24393 89.19512 7.40583 12319.0
1.0 1.0 1.0 66.24393 89.19512 7.40583 12319.0
1.0 8.0 8.0 89.97354 90.3896 30.41603 118.0
1.0 8.0 1.0 66.24393 89.19512 7.40583 118.0
1.0 11.0 11.0 48.52673 14.11727 56.5117 15.0
1.0 11.0 1.0 66.24393 89.19512 7.40583 15.0
1.0 13.0 13.0 21.79883 31.14778 56.43556 1.0
1.0 13.0 1.0 66.24393 89.19512 7.40583 1.0
1.0 14.0 14.0 128.45649 116.09842 40.37165 87.0
1.0 14.0 1.0 66.24393 89.19512 7.40583 87.0
1.0 19.0 19.0 66.39911 15.78764 45.38342 26.0
1.0 19.0 1.0 66.24393 89.19512 7.40583 26.0
1.0 20.0 20.0 85.13105 53.78507 22.32298 2371.0
1.0 20.0 1.0 66.24393 89.19512 7.40583 2371.0
1.0 21.0 21.0 28.31975 78.11263 19.2639 1367.0
1.0 21.0 1.0 66.24393 89.19512 7.40583 1367.0
1.0 30.0 30.0 88.48743 139.95476 62.79923 431.0
1.0 30.0 1.0 66.24393 89.19512 7.40583 431.0
1.0 31.0 31.0 121.50042 38.89536 35.98228 4.0
1.0 31.0 1.0 66.24393 89.19512 7.40583 4.0
1.0 39.0 39.0 21.84108 50.10752 32.77432 276.0
1.0 39.0 1.0 66.24393 89.19512 7.40583 276.0
1.0 40.0 40.0 83.28122 23.55437 42.3955 12.0
1.0 40.0 1.0 66.24393 89.19512 7.40583 12.0
1.0 45.0 45.0 35.11279 116.27311 28.39974 1806.0
1.0 45.0 1.0 66.24393 89.19512 7.40583 1806.0
1.0 46.0 46.0 114.58572 130.287 52.75126 226.0
1.0 46.0 1.0 66.24393 89.19512 7.40583 226.0
2.0 0.0 0.0 55.1097 48.8872 141.97268 6.0
2.0 0.0 2.0 27.41663 25.31501 87.72416 6.0
2.0 2.0 2.0 27.41663 25.31501 87.72416 6484.0
2.0 2.0 2.0 27.41663 25.31501 87.72416 6484.0
2.0 3.0 3.0 83.22198 3.83732 88.04119 333.0
2.0 3.0 2.0 27.41663 25.31501 87.72416 333.0
2.0 6.0 6.0 5.48071 84.82133 74.42627 447.0
2.0 6.0 2.0 27.41663 25.31501 87.72416 447.0
2.0 10.0 10.0 97.0799 3.92479 61.09017 1.0
2.0 10.0 2.0 27.41663 25.31501 87.72416 1.0
2.0 11.0 11.0 48.52673 14.11727 56.5117 1321.0
2.0 11.0 2.0 27.41663 25.31501 87.72416 1321.0
2.0 13.0 13.0 21.79883 31.14778 56.43556 1345.0
2.0 13.0 2.0 27.41663 25.31501 87.72416 1345.0
2.0 16.0 16.0 37.10504 39.10353 124.71476 710.0
2.0 16.0 2.0 27.41663 25.31501 87.72416 710.0
2.0 19.0 19.0 66.39911 15.78764 45.38342 9.0
2.0 19.0 2.0 27.41663 25.31501 87.72416 9.0
2.0 20.0 20.0 85.13105 53.78507 22.32298 1.0
2.0 20.0 2.0 27.41663 25.31501 87.72416 1.0
2.0 22.0 22.0 25.10101 80.09221 119.46608 59.0
2.0 22.0 2.0 27.41663 25.31501 87.72416 59.0
2.0 27.0 27.0 18.71891 45.35693 103.73112 1571.0
2.0 27.0 2.0 27.41663 25.31501 87.72416 1571.0
2.0 36.0 36.0 51.18115 19.5068 119.71655 527.0
2.0 36.0 2.0 27.41663 25.31501 87.72416 527.0
2.0 37.0 37.0 80.29526 11.06286 113.8235 457.0
2.0 37.0 2.0 27.41663 25.31501 87.72416 457.0
2.0 39.0 39.0 21.84108 50.10752 32.77432 154.0
2.0 39.0 2.0 27.41663 25.31501 87.72416 154.0
2.0 40.0 40.0 83.28122 23.55437 42.3955 1.0
2.0 40.0 2.0 27.41663 25.31501 87.72416 1.0
2.0 44.0 44.0 70.23696 22.72103 131.34654 32.0
2.0 44.0 2.0 27.41663 25.31501 87.72416 32.0
3.0 2.0 2.0 27.41663 25.31501 87.72416 289.0
3.0 2.0 3.0 83.22198 3.83732 88.04119 289.0
3.0 3.0 3.0 83.22198 3.83732 88.04119 6964.0
3.0 3.0 3.0 83.22198 3.83732 88.04119 6964.0
3.0 7.0 7.0 121.67653 13.46197 56.877 245.0
3.0 7.0 3.0 83.22198 3.83732 88.04119 245.0
3.0 10.0 10.0 97.0799 3.92479 61.09017 1551.0
3.0 10.0 3.0 83.22198 3.83732 88.04119 1551.0
3.0 11.0 11.0 48.52673 14.11727 56.5117 1008.0
3.0 11.0 3.0 83.22198 3.83732 88.04119 1008.0
3.0 13.0 13.0 21.79883 31.14778 56.43556 7.0
3.0 13.0 3.0 83.22198 3.83732 88.04119 7.0
3.0 15.0 15.0 145.10636 26.54219 64.67611 22.0
3.0 15.0 3.0 83.22198 3.83732 88.04119 22.0
3.0 16.0 16.0 37.10504 39.10353 124.71476 11.0
3.0 16.0 3.0 83.22198 3.83732 88.04119 11.0
3.0 17.0 17.0 122.81041 11.01215 94.61529 1181.0
3.0 17.0 3.0 83.22198 3.83732 88.04119 1181.0
3.0 19.0 19.0 66.39911 15.78764 45.38342 400.0
3.0 19.0 3.0 83.22198 3.83732 88.04119 400.0
3.0 27.0 27.0 18.71891 45.35693 103.73112 1.0
3.0 27.0 3.0 83.22198 3.83732 88.04119 1.0
3.0 28.0 28.0 84.36494 38.90846 143.1292 2.0
3.0 28.0 3.0 83.22198 3.83732 88.04119 2.0
3.0 29.0 29.0 122.76648 20.58622 121.13888 200.0
3.0 29.0 3.0 83.22198 3.83732 88.04119 200.0
3.0 31.0 31.0 121.50042 38.89536 35.98228 1.0
3.0 31.0 3.0 83.22198 3.83732 88.04119 1.0
3.0 36.0 36.0 51.18115 19.5068 119.71655 143.0
3.0 36.0 3.0 83.22198 3.83732 88.04119 143.0
3.0 37.0 37.0 80.29526 11.06286 113.8235 2536.0
3.0 37.0 3.0 83.22198 3.83732 88.04119 2536.0
3.0 40.0 40.0 83.28122 23.55437 42.3955 138.0
3.0 40.0 3.0 83.22198 3.83732 88.04119 138.0
3.0 44.0 44.0 70.23696 22.72103 131.34654 60.0
3.0 44.0 3.0 83.22198 3.83732 88.04119 60.0
4.0 0.0 0.0 55.1097 48.8872 141.97268 18.0
4.0 0.0 4.0 72.12033 108.40688 139.67616 18.0
4.0 4.0 4.0 72.12033 108.40688 139.67616 6643.0
4.0 4.0 4.0 72.12033 108.40688 139.67616 6643.0
4.0 5.0 5.0 42.34131 126.96804 106.42941 4.0
4.0 5.0 4.0 72.12033 108.40688 139.67616 4.0
4.0 6.0 6.0 5.48071 84.82133 74.42627 2.0
4.0 6.0 4.0 72.12033 108.40688 139.67616 2.0
4.0 9.0 9.0 78.58894 139.92815 102.66304 301.0
4.0 9.0 4.0 72.12033 108.40688 139.67616 301.0
4.0 16.0 16.0 37.10504 39.10353 124.71476 1.0
4.0 16.0 4.0 72.12033 108.40688 139.67616 1.0
4.0 22.0 22.0 25.10101 80.09221 119.46608 454.0
4.0 22.0 4.0 72.12033 108.40688 139.67616 454.0
4.0 24.0 24.0 107.88355 87.22437 149.14409 1438.0
4.0 24.0 4.0 72.12033 108.40688 139.67616 1438.0
4.0 26.0 26.0 132.11156 45.12881 139.11205 1.0
4.0 26.0 4.0 72.12033 108.40688 139.67616 1.0
4.0 28.0 28.0 84.36494 38.90846 143.1292 5.0
4.0 28.0 4.0 72.12033 108.40688 139.67616 5.0
4.0 33.0 33.0 97.23957 49.92945 149.22896 9.0
4.0 33.0 4.0 72.12033 108.40688 139.67616 9.0
4.0 34.0 34.0 127.76704 111.26249 129.58632 911.0
4.0 34.0 4.0 72.12033 108.40688 139.67616 911.0
4.0 38.0 38.0 88.7163 68.42676 152.61374 215.0
4.0 38.0 4.0 72.12033 108.40688 139.67616 215.0
4.0 41.0 41.0 59.94495 126.10351 122.50796 2699.0
4.0 41.0 4.0 72.12033 108.40688 139.67616 2699.0
4.0 42.0 42.0 56.63274 85.25542 144.95411 2045.0
4.0 42.0 4.0 72.12033 108.40688 139.67616 2045.0
4.0 43.0 43.0 101.64629 137.74421 99.13657 73.0
4.0 43.0 4.0 72.12033 108.40688 139.67616 73.0
5.0 4.0 4.0 72.12033 108.40688 139.67616 5.0
5.0 4.0 5.0 42.34131 126.96804 106.42941 5.0
5.0 5.0 5.0 42.34131 126.96804 106.42941 2.0
5.0 5.0 5.0 42.34131 126.96804 106.42941 2.0
5.0 6.0 6.0 5.48071 84.82133 74.42627 15.0
5.0 6.0 5.0 42.34131 126.96804 106.42941 15.0
5.0 9.0 9.0 78.58894 139.92815 102.66304 54.0
5.0 9.0 5.0 42.34131 126.96804 106.42941 54.0
5.0 22.0 22.0 25.10101 80.09221 119.46608 32.0
5.0 22.0 5.0 42.34131 126.96804 106.42941 32.0
5.0 30.0 30.0 88.48743 139.95476 62.79923 5.0
5.0 30.0 5.0 42.34131 126.96804 106.42941 5.0
5.0 41.0 41.0 59.94495 126.10351 122.50796 128.0
5.0 41.0 5.0 42.34131 126.96804 106.42941 128.0
5.0 42.0 42.0 56.63274 85.25542 144.95411 4.0
5.0 42.0 5.0 42.34131 126.96804 106.42941 4.0
5.0 43.0 43.0 101.64629 137.74421 99.13657 1.0
5.0 43.0 5.0 42.34131 126.96804 106.42941 1.0
6.0 2.0 2.0 27.41663 25.31501 87.72416 520.0
6.0 2.0 6.0 5.48071 84.82133 74.42627 520.0
6.0 4.0 4.0 72.12033 108.40688 139.67616 3.0
6.0 4.0 6.0 5.48071 84.82133 74.42627 3.0
6.0 5.0 5.0 42.34131 126.96804 106.42941 7.0
6.0 5.0 6.0 5.48071 84.82133 74.42627 7.0
6.0 6.0 6.0 5.48071 84.82133 74.42627 16904.0
6.0 6.0 6.0 5.48071 84.82133 74.42627 16904.0
6.0 11.0 11.0 48.52673 14.11727 56.5117 2.0
6.0 11.0 6.0 5.48071 84.82133 74.42627 2.0
6.0 13.0 13.0 21.79883 31.14778 56.43556 467.0
6.0 13.0 6.0 5.48071 84.82133 74.42627 467.0
6.0 16.0 16.0 37.10504 39.10353 124.71476 6.0
6.0 16.0 6.0 5.48071 84.82133 74.42627 6.0
6.0 21.0 21.0 28.31975 78.11263 19.2639 649.0
6.0 21.0 6.0 5.48071 84.82133 74.42627 649.0
6.0 22.0 22.0 25.10101 80.09221 119.46608 2239.0
6.0 22.0 6.0 5.48071 84.82133 74.42627 2239.0
6.0 27.0 27.0 18.71891 45.35693 103.73112 845.0
6.0 27.0 6.0 5.48071 84.82133 74.42627 845.0
6.0 39.0 39.0 21.84108 50.10752 32.77432 1295.0
6.0 39.0 6.0 5.48071 84.82133 74.42627 1295.0
6.0 41.0 41.0 59.94495 126.10351 122.50796 27.0
6.0 41.0 6.0 5.48071 84.82133 74.42627 27.0
6.0 42.0 42.0 56.63274 85.25542 144.95411 1.0
6.0 42.0 6.0 5.48071 84.82133 74.42627 1.0
6.0 45.0 45.0 35.11279 116.27311 28.39974 1080.0
6.0 45.0 6.0 5.48071 84.82133 74.42627 1080.0
7.0 3.0 3.0 83.22198 3.83732 88.04119 206.0
7.0 3.0 7.0 121.67653 13.46197 56.877 206.0
7.0 7.0 7.0 121.67653 13.46197 56.877 4071.0
7.0 7.0 7.0 121.67653 13.46197 56.877 4071.0
7.0 10.0 10.0 97.0799 3.92479 61.09017 1449.0
7.0 10.0 7.0 121.67653 13.46197 56.877 1449.0
7.0 15.0 15.0 145.10636 26.54219 64.67611 1466.0
7.0 15.0 7.0 121.67653 13.46197 56.877 1466.0
7.0 17.0 17.0 122.81041 11.01215 94.61529 792.0
7.0 17.0 7.0 121.67653 13.46197 56.877 792.0
7.0 18.0 18.0 159.21274 24.83384 93.87567 36.0
7.0 18.0 7.0 121.67653 13.46197 56.877 36.0
7.0 19.0 19.0 66.39911 15.78764 45.38342 12.0
7.0 19.0 7.0 121.67653 13.46197 56.877 12.0
7.0 20.0 20.0 85.13105 53.78507 22.32298 34.0
7.0 20.0 7.0 121.67653 13.46197 56.877 34.0
7.0 23.0 23.0 173.48088 43.56554 76.95253 11.0
7.0 23.0 7.0 121.67653 13.46197 56.877 11.0
7.0 29.0 29.0 122.76648 20.58622 121.13888 7.0
7.0 29.0 7.0 121.67653 13.46197 56.877 7.0
7.0 31.0 31.0 121.50042 38.89536 35.98228 1516.0
7.0 31.0 7.0 121.67653 13.46197 56.877 1516.0
7.0 32.0 32.0 157.18821 89.14032 58.02416 1.0
7.0 32.0 7.0 121.67653 13.46197 56.877 1.0
7.0 37.0 37.0 80.29526 11.06286 113.8235 9.0
7.0 37.0 7.0 121.67653 13.46197 56.877 9.0
7.0 40.0 40.0 83.28122 23.55437 42.3955 272.0
7.0 40.0 7.0 121.67653 13.46197 56.877 272.0
8.0 1.0 1.0 66.24393 89.19512 7.40583 92.0
8.0 1.0 8.0 89.97354 90.3896 30.41603 92.0
8.0 8.0 8.0 89.97354 90.3896 30.41603 7.0
8.0 8.0 8.0 89.97354 90.3896 30.41603 7.0
8.0 14.0 14.0 128.45649 116.09842 40.37165 13.0
8.0 14.0 8.0 89.97354 90.3896 30.41603 13.0
8.0 15.0 15.0 145.10636 26.54219 64.67611 1.0
8.0 15.0 8.0 89.97354 90.3896 30.41603 1.0
8.0 20.0 20.0 85.13105 53.78507 22.32298 116.0
8.0 20.0 8.0 89.97354 90.3896 30.41603 116.0
8.0 21.0 21.0 28.31975 78.11263 19.2639 2.0
8.0 21.0 8.0 89.97354 90.3896 30.41603 2.0
8.0 30.0 30.0 88.48743 139.95476 62.79923 26.0
8.0 30.0 8.0 89.97354 90.3896 30.41603 26.0
8.0 31.0 31.0 121.50042 38.89536 35.98228 17.0
8.0 31.0 8.0 89.97354 90.3896 30.41603 17.0
8.0 40.0 40.0 83.28122 23.55437 42.3955 2.0
8.0 40.0 8.0 89.97354 90.3896 30.41603 2.0
8.0 45.0 45.0 35.11279 116.27311 28.39974 12.0
8.0 45.0 8.0 89.97354 90.3896 30.41603 12.0
8.0 46.0 46.0 114.58572 130.287 52.75126 24.0
8.0 46.0 8.0 89.97354 90.3896 30.41603 24.0
9.0 1.0 1.0 66.24393 89.19512 7.40583 1.0
9.0 1.0 9.0 78.58894 139.92815 102.66304 1.0
9.0 4.0 4.0 72.12033 108.40688 139.67616 269.0
9.0 4.0 9.0 78.58894 139.92815 102.66304 269.0
9.0 5.0 5.0 42.34131 126.96804 106.42941 48.0
9.0 5.0 9.0 78.58894 139.92815 102.66304 48.0
9.0 9.0 9.0 78.58894 139.92815 102.66304 5718.0
9.0 9.0 9.0 78.58894 139.92815 102.66304 5718.0
9.0 22.0 22.0 25.10101 80.09221 119.46608 2.0
9.0 22.0 9.0 78.58894 139.92815 102.66304 2.0
9.0 24.0 24.0 107.88355 87.22437 149.14409 24.0
9.0 24.0 9.0 78.58894 139.92815 102.66304 24.0
9.0 30.0 30.0 88.48743 139.95476 62.79923 1397.0
9.0 30.0 9.0 78.58894 139.92815 102.66304 1397.0
9.0 34.0 34.0 127.76704 111.26249 129.58632 576.0
9.0 34.0 9.0 78.58894 139.92815 102.66304 576.0
9.0 35.0 35.0 147.81007 121.13737 95.62243 15.0
9.0 35.0 9.0 78.58894 139.92815 102.66304 15.0
9.0 41.0 41.0 59.94495 126.10351 122.50796 2324.0
9.0 41.0 9.0 78.58894 139.92815 102.66304 2324.0
9.0 43.0 43.0 101.64629 137.74421 99.13657 2152.0
9.0 43.0 9.0 78.58894 139.92815 102.66304 2152.0
9.0 45.0 45.0 35.11279 116.27311 28.39974 3.0
9.0 45.0 9.0 78.58894 139.92815 102.66304 3.0
9.0 46.0 46.0 114.58572 130.287 52.75126 1.0
9.0 46.0 9.0 78.58894 139.92815 102.66304 1.0
10.0 2.0 2.0 27.41663 25.31501 87.72416 1.0
10.0 2.0 10.0 97.0799 3.92479 61.09017 1.0
10.0 3.0 3.0 83.22198 3.83732 88.04119 1501.0
10.0 3.0 10.0 97.0799 3.92479 61.09017 1501.0
10.0 7.0 7.0 121.67653 13.46197 56.877 1468.0
10.0 7.0 10.0 97.0799 3.92479 61.09017 1468.0
10.0 10.0 10.0 97.0799 3.92479 61.09017 4048.0
10.0 10.0 10.0 97.0799 3.92479 61.09017 4048.0
10.0 11.0 11.0 48.52673 14.11727 56.5117 166.0
10.0 11.0 10.0 97.0799 3.92479 61.09017 166.0
10.0 15.0 15.0 145.10636 26.54219 64.67611 94.0
10.0 15.0 10.0 97.0799 3.92479 61.09017 94.0
10.0 17.0 17.0 122.81041 11.01215 94.61529 467.0
10.0 17.0 10.0 97.0799 3.92479 61.09017 467.0
10.0 18.0 18.0 159.21274 24.83384 93.87567 2.0
10.0 18.0 10.0 97.0799 3.92479 61.09017 2.0
10.0 19.0 19.0 66.39911 15.78764 45.38342 570.0
10.0 19.0 10.0 97.0799 3.92479 61.09017 570.0
10.0 20.0 20.0 85.13105 53.78507 22.32298 34.0
10.0 20.0 10.0 97.0799 3.92479 61.09017 34.0
10.0 29.0 29.0 122.76648 20.58622 121.13888 7.0
10.0 29.0 10.0 97.0799 3.92479 61.09017 7.0
10.0 31.0 31.0 121.50042 38.89536 35.98228 391.0
10.0 31.0 10.0 97.0799 3.92479 61.09017 391.0
10.0 37.0 37.0 80.29526 11.06286 113.8235 54.0
10.0 37.0 10.0 97.0799 3.92479 61.09017 54.0
10.0 40.0 40.0 83.28122 23.55437 42.3955 1175.0
10.0 40.0 10.0 97.0799 3.92479 61.09017 1175.0
11.0 1.0 1.0 66.24393 89.19512 7.40583 21.0
11.0 1.0 11.0 48.52673 14.11727 56.5117 21.0
11.0 2.0 2.0 27.41663 25.31501 87.72416 1280.0
11.0 2.0 11.0 48.52673 14.11727 56.5117 1280.0
11.0 3.0 3.0 83.22198 3.83732 88.04119 1127.0
11.0 3.0 11.0 48.52673 14.11727 56.5117 1127.0
11.0 7.0 7.0 121.67653 13.46197 56.877 1.0
11.0 7.0 11.0 48.52673 14.11727 56.5117 1.0
11.0 10.0 10.0 97.0799 3.92479 61.09017 183.0
11.0 10.0 11.0 48.52673 14.11727 56.5117 183.0
11.0 11.0 11.0 48.52673 14.11727 56.5117 8045.0
11.0 11.0 11.0 48.52673 14.11727 56.5117 8045.0
11.0 13.0 13.0 21.79883 31.14778 56.43556 1419.0
11.0 13.0 11.0 48.52673 14.11727 56.5117 1419.0
11.0 16.0 16.0 37.10504 39.10353 124.71476 8.0
11.0 16.0 11.0 48.52673 14.11727 56.5117 8.0
11.0 19.0 19.0 66.39911 15.78764 45.38342 2057.0
11.0 19.0 11.0 48.52673 14.11727 56.5117 2057.0
11.0 20.0 20.0 85.13105 53.78507 22.32298 287.0
11.0 20.0 11.0 48.52673 14.11727 56.5117 287.0
11.0 21.0 21.0 28.31975 78.11263 19.2639 25.0
11.0 21.0 11.0 48.52673 14.11727 56.5117 25.0
11.0 27.0 27.0 18.71891 45.35693 103.73112 11.0
11.0 27.0 11.0 48.52673 14.11727 56.5117 11.0
11.0 31.0 31.0 121.50042 38.89536 35.98228 3.0
11.0 31.0 11.0 48.52673 14.11727 56.5117 3.0
11.0 36.0 36.0 51.18115 19.5068 119.71655 77.0
11.0 36.0 11.0 48.52673 14.11727 56.5117 77.0
11.0 37.0 37.0 80.29526 11.06286 113.8235 241.0
11.0 37.0 11.0 48.52673 14.11727 56.5117 241.0
11.0 39.0 39.0 21.84108 50.10752 32.77432 783.0
11.0 39.0 11.0 48.52673 14.11727 56.5117 783.0
11.0 40.0 40.0 83.28122 23.55437 42.3955 534.0
11.0 40.0 11.0 48.52673 14.11727 56.5117 534.0
11.0 44.0 44.0 70.23696 22.72103 131.34654 4.0
11.0 44.0 11.0 48.52673 14.11727 56.5117 4.0
12.0 12.0 12.0 179.80738 86.33201 84.74641 5856.0
12.0 12.0 12.0 179.80738 86.33201 84.74641 5856.0
12.0 14.0 14.0 128.45649 116.09842 40.37165 6.0
12.0 14.0 12.0 179.80738 86.33201 84.74641 6.0
12.0 15.0 15.0 145.10636 26.54219 64.67611 31.0
12.0 15.0 12.0 179.80738 86.33201 84.74641 31.0
12.0 18.0 18.0 159.21274 24.83384 93.87567 15.0
12.0 18.0 12.0 179.80738 86.33201 84.74641 15.0
12.0 23.0 23.0 173.48088 43.56554 76.95253 589.0
12.0 23.0 12.0 179.80738 86.33201 84.74641 589.0
12.0 25.0 25.0 182.83286 63.98047 100.28402 1136.0
12.0 25.0 12.0 179.80738 86.33201 84.74641 1136.0
12.0 31.0 31.0 121.50042 38.89536 35.98228 9.0
12.0 31.0 12.0 179.80738 86.33201 84.74641 9.0
12.0 32.0 32.0 157.18821 89.14032 58.02416 1712.0
12.0 32.0 12.0 179.80738 86.33201 84.74641 1712.0
12.0 34.0 34.0 127.76704 111.26249 129.58632 84.0
12.0 34.0 12.0 179.80738 86.33201 84.74641 84.0
12.0 35.0 35.0 147.81007 121.13737 95.62243 1216.0
12.0 35.0 12.0 179.80738 86.33201 84.74641 1216.0
12.0 46.0 46.0 114.58572 130.287 52.75126 4.0
12.0 46.0 12.0 179.80738 86.33201 84.74641 4.0
12.0 47.0 47.0 164.20519 62.66233 126.08262 406.0
12.0 47.0 12.0 179.80738 86.33201 84.74641 406.0
13.0 2.0 2.0 27.41663 25.31501 87.72416 1369.0
13.0 2.0 13.0 21.79883 31.14778 56.43556 1369.0
13.0 3.0 3.0 83.22198 3.83732 88.04119 5.0
13.0 3.0 13.0 21.79883 31.14778 56.43556 5.0
13.0 6.0 6.0 5.48071 84.82133 74.42627 409.0
13.0 6.0 13.0 21.79883 31.14778 56.43556 409.0
13.0 11.0 11.0 48.52673 14.11727 56.5117 1568.0
13.0 11.0 13.0 21.79883 31.14778 56.43556 1568.0
13.0 13.0 13.0 21.79883 31.14778 56.43556 3706.0
13.0 13.0 13.0 21.79883 31.14778 56.43556 3706.0
13.0 16.0 16.0 37.10504 39.10353 124.71476 2.0
13.0 16.0 13.0 21.79883 31.14778 56.43556 2.0
13.0 19.0 19.0 66.39911 15.78764 45.38342 67.0
13.0 19.0 13.0 21.79883 31.14778 56.43556 67.0
13.0 20.0 20.0 85.13105 53.78507 22.32298 8.0
13.0 20.0 13.0 21.79883 31.14778 56.43556 8.0
13.0 21.0 21.0 28.31975 78.11263 19.2639 8.0
13.0 21.0 13.0 21.79883 31.14778 56.43556 8.0
13.0 22.0 22.0 25.10101 80.09221 119.46608 1.0
13.0 22.0 13.0 21.79883 31.14778 56.43556 1.0
13.0 27.0 27.0 18.71891 45.35693 103.73112 112.0
13.0 27.0 13.0 21.79883 31.14778 56.43556 112.0
13.0 36.0 36.0 51.18115 19.5068 119.71655 4.0
13.0 36.0 13.0 21.79883 31.14778 56.43556 4.0
13.0 39.0 39.0 21.84108 50.10752 32.77432 1694.0
13.0 39.0 13.0 21.79883 31.14778 56.43556 1694.0
13.0 40.0 40.0 83.28122 23.55437 42.3955 10.0
13.0 40.0 13.0 21.79883 31.14778 56.43556 10.0
14.0 1.0 1.0 66.24393 89.19512 7.40583 64.0
14.0 1.0 14.0 128.45649 116.09842 40.37165 64.0
14.0 8.0 8.0 89.97354 90.3896 30.41603 16.0
14.0 8.0 14.0 128.45649 116.09842 40.37165 16.0
14.0 12.0 12.0 179.80738 86.33201 84.74641 7.0
14.0 12.0 14.0 128.45649 116.09842 40.37165 7.0
14.0 14.0 14.0 128.45649 116.09842 40.37165 9075.0
14.0 14.0 14.0 128.45649 116.09842 40.37165 9075.0
14.0 20.0 20.0 85.13105 53.78507 22.32298 10.0
14.0 20.0 14.0 128.45649 116.09842 40.37165 10.0
14.0 30.0 30.0 88.48743 139.95476 62.79923 243.0
14.0 30.0 14.0 128.45649 116.09842 40.37165 243.0
14.0 31.0 31.0 121.50042 38.89536 35.98228 8.0
14.0 31.0 14.0 128.45649 116.09842 40.37165 8.0
14.0 32.0 32.0 157.18821 89.14032 58.02416 1624.0
14.0 32.0 14.0 128.45649 116.09842 40.37165 1624.0
14.0 34.0 34.0 127.76704 111.26249 129.58632 1.0
14.0 34.0 14.0 128.45649 116.09842 40.37165 1.0
14.0 35.0 35.0 147.81007 121.13737 95.62243 336.0
14.0 35.0 14.0 128.45649 116.09842 40.37165 336.0
14.0 43.0 43.0 101.64629 137.74421 99.13657 3.0
14.0 43.0 14.0 128.45649 116.09842 40.37165 3.0
14.0 45.0 45.0 35.11279 116.27311 28.39974 2.0
14.0 45.0 14.0 128.45649 116.09842 40.37165 2.0
14.0 46.0 46.0 114.58572 130.287 52.75126 3144.0
14.0 46.0 14.0 128.45649 116.09842 40.37165 3144.0
15.0 3.0 3.0 83.22198 3.83732 88.04119 19.0
15.0 3.0 15.0 145.10636 26.54219 64.67611 19.0
15.0 7.0 7.0 121.67653 13.46197 56.877 1453.0
15.0 7.0 15.0 145.10636 26.54219 64.67611 1453.0
15.0 10.0 10.0 97.0799 3.92479 61.09017 63.0
15.0 10.0 15.0 145.10636 26.54219 64.67611 63.0
15.0 12.0 12.0 179.80738 86.33201 84.74641 31.0
15.0 12.0 15.0 145.10636 26.54219 64.67611 31.0
15.0 15.0 15.0 145.10636 26.54219 64.67611 5044.0
15.0 15.0 15.0 145.10636 26.54219 64.67611 5044.0
15.0 17.0 17.0 122.81041 11.01215 94.61529 855.0
15.0 17.0 15.0 145.10636 26.54219 64.67611 855.0
15.0 18.0 18.0 159.21274 24.83384 93.87567 1045.0
15.0 18.0 15.0 145.10636 26.54219 64.67611 1045.0
15.0 23.0 23.0 173.48088 43.56554 76.95253 803.0
15.0 23.0 15.0 145.10636 26.54219 64.67611 803.0
15.0 25.0 25.0 182.83286 63.98047 100.28402 8.0
15.0 25.0 15.0 145.10636 26.54219 64.67611 8.0
15.0 26.0 26.0 132.11156 45.12881 139.11205 7.0
15.0 26.0 15.0 145.10636 26.54219 64.67611 7.0
15.0 29.0 29.0 122.76648 20.58622 121.13888 57.0
15.0 29.0 15.0 145.10636 26.54219 64.67611 57.0
15.0 31.0 31.0 121.50042 38.89536 35.98228 1367.0
15.0 31.0 15.0 145.10636 26.54219 64.67611 1367.0
15.0 32.0 32.0 157.18821 89.14032 58.02416 345.0
15.0 32.0 15.0 145.10636 26.54219 64.67611 345.0
15.0 37.0 37.0 80.29526 11.06286 113.8235 1.0
15.0 37.0 15.0 145.10636 26.54219 64.67611 1.0
15.0 40.0 40.0 83.28122 23.55437 42.3955 2.0
15.0 40.0 15.0 145.10636 26.54219 64.67611 2.0
15.0 47.0 47.0 164.20519 62.66233 126.08262 9.0
15.0 47.0 15.0 145.10636 26.54219 64.67611 9.0
16.0 0.0 0.0 55.1097 48.8872 141.97268 1392.0
16.0 0.0 16.0 37.10504 39.10353 124.71476 1392.0
16.0 2.0 2.0 27.41663 25.31501 87.72416 691.0
16.0 2.0 16.0 37.10504 39.10353 124.71476 691.0
16.0 3.0 3.0 83.22198 3.83732 88.04119 17.0
16.0 3.0 16.0 37.10504 39.10353 124.71476 17.0
16.0 4.0 4.0 72.12033 108.40688 139.67616 3.0
16.0 4.0 16.0 37.10504 39.10353 124.71476 3.0
16.0 6.0 6.0 5.48071 84.82133 74.42627 4.0
16.0 6.0 16.0 37.10504 39.10353 124.71476 4.0
16.0 11.0 11.0 48.52673 14.11727 56.5117 15.0
16.0 11.0 16.0 37.10504 39.10353 124.71476 15.0
16.0 13.0 13.0 21.79883 31.14778 56.43556 2.0
16.0 13.0 16.0 37.10504 39.10353 124.71476 2.0
16.0 16.0 16.0 37.10504 39.10353 124.71476 4129.0
16.0 16.0 16.0 37.10504 39.10353 124.71476 4129.0
16.0 22.0 22.0 25.10101 80.09221 119.46608 1186.0
16.0 22.0 16.0 37.10504 39.10353 124.71476 1186.0
16.0 23.0 23.0 173.48088 43.56554 76.95253 1.0
16.0 23.0 16.0 37.10504 39.10353 124.71476 1.0
16.0 27.0 27.0 18.71891 45.35693 103.73112 1104.0
16.0 27.0 16.0 37.10504 39.10353 124.71476 1104.0
16.0 28.0 28.0 84.36494 38.90846 143.1292 55.0
16.0 28.0 16.0 37.10504 39.10353 124.71476 55.0
16.0 33.0 33.0 97.23957 49.92945 149.22896 3.0
16.0 33.0 16.0 37.10504 39.10353 124.71476 3.0
16.0 36.0 36.0 51.18115 19.5068 119.71655 1033.0
16.0 36.0 16.0 37.10504 39.10353 124.71476 1033.0
16.0 37.0 37.0 80.29526 11.06286 113.8235 154.0
16.0 37.0 16.0 37.10504 39.10353 124.71476 154.0
16.0 38.0 38.0 88.7163 68.42676 152.61374 20.0
16.0 38.0 16.0 37.10504 39.10353 124.71476 20.0
16.0 42.0 42.0 56.63274 85.25542 144.95411 182.0
16.0 42.0 16.0 37.10504 39.10353 124.71476 182.0
16.0 44.0 44.0 70.23696 22.72103 131.34654 247.0
16.0 44.0 16.0 37.10504 39.10353 124.71476 247.0
17.0 3.0 3.0 83.22198 3.83732 88.04119 1108.0
17.0 3.0 17.0 122.81041 11.01215 94.61529 1108.0
17.0 7.0 7.0 121.67653 13.46197 56.877 760.0
17.0 7.0 17.0 122.81041 11.01215 94.61529 760.0
17.0 10.0 10.0 97.0799 3.92479 61.09017 466.0
17.0 10.0 17.0 122.81041 11.01215 94.61529 466.0
17.0 15.0 15.0 145.10636 26.54219 64.67611 922.0
17.0 15.0 17.0 122.81041 11.01215 94.61529 922.0
17.0 17.0 17.0 122.81041 11.01215 94.61529 4992.0
17.0 17.0 17.0 122.81041 11.01215 94.61529 4992.0
17.0 18.0 18.0 159.21274 24.83384 93.87567 611.0
17.0 18.0 17.0 122.81041 11.01215 94.61529 611.0
17.0 19.0 19.0 66.39911 15.78764 45.38342 1.0
17.0 19.0 17.0 122.81041 11.01215 94.61529 1.0
17.0 23.0 23.0 173.48088 43.56554 76.95253 9.0
17.0 23.0 17.0 122.81041 11.01215 94.61529 9.0
17.0 26.0 26.0 132.11156 45.12881 139.11205 97.0
17.0 26.0 17.0 122.81041 11.01215 94.61529 97.0
17.0 28.0 28.0 84.36494 38.90846 143.1292 9.0
17.0 28.0 17.0 122.81041 11.01215 94.61529 9.0
17.0 29.0 29.0 122.76648 20.58622 121.13888 1525.0
17.0 29.0 17.0 122.81041 11.01215 94.61529 1525.0
17.0 31.0 31.0 121.50042 38.89536 35.98228 6.0
17.0 31.0 17.0 122.81041 11.01215 94.61529 6.0
17.0 36.0 36.0 51.18115 19.5068 119.71655 1.0
17.0 36.0 17.0 122.81041 11.01215 94.61529 1.0
17.0 37.0 37.0 80.29526 11.06286 113.8235 494.0
17.0 37.0 17.0 122.81041 11.01215 94.61529 494.0
17.0 40.0 40.0 83.28122 23.55437 42.3955 4.0
17.0 40.0 17.0 122.81041 11.01215 94.61529 4.0
17.0 44.0 44.0 70.23696 22.72103 131.34654 2.0
17.0 44.0 17.0 122.81041 11.01215 94.61529 2.0
17.0 45.0 45.0 35.11279 116.27311 28.39974 1.0
17.0 45.0 17.0 122.81041 11.01215 94.61529 1.0
17.0 47.0 47.0 164.20519 62.66233 126.08262 24.0
17.0 47.0 17.0 122.81041 11.01215 94.61529 24.0
18.0 7.0 7.0 121.67653 13.46197 56.877 29.0
18.0 7.0 18.0 159.21274 24.83384 93.87567 29.0
18.0 12.0 12.0 179.80738 86.33201 84.74641 9.0
18.0 12.0 18.0 159.21274 24.83384 93.87567 9.0
18.0 15.0 15.0 145.10636 26.54219 64.67611 1106.0
18.0 15.0 18.0 159.21274 24.83384 93.87567 1106.0
18.0 17.0 17.0 122.81041 11.01215 94.61529 635.0
18.0 17.0 18.0 159.21274 24.83384 93.87567 635.0
18.0 18.0 18.0 159.21274 24.83384 93.87567 3201.0
18.0 18.0 18.0 159.21274 24.83384 93.87567 3201.0
18.0 23.0 23.0 173.48088 43.56554 76.95253 990.0
18.0 23.0 18.0 159.21274 24.83384 93.87567 990.0
18.0 25.0 25.0 182.83286 63.98047 100.28402 99.0
18.0 25.0 18.0 159.21274 24.83384 93.87567 99.0
18.0 26.0 26.0 132.11156 45.12881 139.11205 223.0
18.0 26.0 18.0 159.21274 24.83384 93.87567 223.0
18.0 29.0 29.0 122.76648 20.58622 121.13888 561.0
18.0 29.0 18.0 159.21274 24.83384 93.87567 561.0
18.0 31.0 31.0 121.50042 38.89536 35.98228 6.0
18.0 31.0 18.0 159.21274 24.83384 93.87567 6.0
18.0 32.0 32.0 157.18821 89.14032 58.02416 10.0
18.0 32.0 18.0 159.21274 24.83384 93.87567 10.0
18.0 37.0 37.0 80.29526 11.06286 113.8235 1.0
18.0 37.0 18.0 159.21274 24.83384 93.87567 1.0
18.0 47.0 47.0 164.20519 62.66233 126.08262 621.0
18.0 47.0 18.0 159.21274 24.83384 93.87567 621.0
19.0 1.0 1.0 66.24393 89.19512 7.40583 13.0
19.0 1.0 19.0 66.39911 15.78764 45.38342 13.0
19.0 2.0 2.0 27.41663 25.31501 87.72416 5.0
19.0 2.0 19.0 66.39911 15.78764 45.38342 5.0
19.0 3.0 3.0 83.22198 3.83732 88.04119 425.0
19.0 3.0 19.0 66.39911 15.78764 45.38342 425.0
19.0 7.0 7.0 121.67653 13.46197 56.877 16.0
19.0 7.0 19.0 66.39911 15.78764 45.38342 16.0
19.0 10.0 10.0 97.0799 3.92479 61.09017 579.0
19.0 10.0 19.0 66.39911 15.78764 45.38342 579.0
19.0 11.0 11.0 48.52673 14.11727 56.5117 1865.0
19.0 11.0 19.0 66.39911 15.78764 45.38342 1865.0
19.0 13.0 13.0 21.79883 31.14778 56.43556 71.0
19.0 13.0 19.0 66.39911 15.78764 45.38342 71.0
19.0 19.0 19.0 66.39911 15.78764 45.38342 2079.0
19.0 19.0 19.0 66.39911 15.78764 45.38342 2079.0
19.0 20.0 20.0 85.13105 53.78507 22.32298 561.0
19.0 20.0 19.0 66.39911 15.78764 45.38342 561.0
19.0 21.0 21.0 28.31975 78.11263 19.2639 16.0
19.0 21.0 19.0 66.39911 15.78764 45.38342 16.0
19.0 31.0 31.0 121.50042 38.89536 35.98228 39.0
19.0 31.0 19.0 66.39911 15.78764 45.38342 39.0
19.0 37.0 37.0 80.29526 11.06286 113.8235 15.0
19.0 37.0 19.0 66.39911 15.78764 45.38342 15.0
19.0 39.0 39.0 21.84108 50.10752 32.77432 190.0
19.0 39.0 19.0 66.39911 15.78764 45.38342 190.0
19.0 40.0 40.0 83.28122 23.55437 42.3955 1552.0
19.0 40.0 19.0 66.39911 15.78764 45.38342 1552.0
20.0 1.0 1.0 66.24393 89.19512 7.40583 2176.0
20.0 1.0 20.0 85.13105 53.78507 22.32298 2176.0
20.0 7.0 7.0 121.67653 13.46197 56.877 18.0
20.0 7.0 20.0 85.13105 53.78507 22.32298 18.0
20.0 8.0 8.0 89.97354 90.3896 30.41603 106.0
20.0 8.0 20.0 85.13105 53.78507 22.32298 106.0
20.0 10.0 10.0 97.0799 3.92479 61.09017 23.0
20.0 10.0 20.0 85.13105 53.78507 22.32298 23.0
20.0 11.0 11.0 48.52673 14.11727 56.5117 250.0
20.0 11.0 20.0 85.13105 53.78507 22.32298 250.0
20.0 13.0 13.0 21.79883 31.14778 56.43556 8.0
20.0 13.0 20.0 85.13105 53.78507 22.32298 8.0
20.0 14.0 14.0 128.45649 116.09842 40.37165 6.0
20.0 14.0 20.0 85.13105 53.78507 22.32298 6.0
20.0 15.0 15.0 145.10636 26.54219 64.67611 2.0
20.0 15.0 20.0 85.13105 53.78507 22.32298 2.0
20.0 19.0 19.0 66.39911 15.78764 45.38342 542.0
20.0 19.0 20.0 85.13105 53.78507 22.32298 542.0
20.0 20.0 20.0 85.13105 53.78507 22.32298 14728.0
20.0 20.0 20.0 85.13105 53.78507 22.32298 14728.0
20.0 21.0 21.0 28.31975 78.11263 19.2639 237.0
20.0 21.0 20.0 85.13105 53.78507 22.32298 237.0
20.0 31.0 31.0 121.50042 38.89536 35.98228 2492.0
20.0 31.0 20.0 85.13105 53.78507 22.32298 2492.0
20.0 32.0 32.0 157.18821 89.14032 58.02416 12.0
20.0 32.0 20.0 85.13105 53.78507 22.32298 12.0
20.0 39.0 39.0 21.84108 50.10752 32.77432 459.0
20.0 39.0 20.0 85.13105 53.78507 22.32298 459.0
20.0 40.0 40.0 83.28122 23.55437 42.3955 1758.0
20.0 40.0 20.0 85.13105 53.78507 22.32298 1758.0
20.0 45.0 45.0 35.11279 116.27311 28.39974 1.0
20.0 45.0 20.0 85.13105 53.78507 22.32298 1.0
20.0 46.0 46.0 114.58572 130.287 52.75126 1.0
20.0 46.0 20.0 85.13105 53.78507 22.32298 1.0
21.0 1.0 1.0 66.24393 89.19512 7.40583 1497.0
21.0 1.0 21.0 28.31975 78.11263 19.2639 1497.0
21.0 6.0 6.0 5.48071 84.82133 74.42627 585.0
21.0 6.0 21.0 28.31975 78.11263 19.2639 585.0
21.0 11.0 11.0 48.52673 14.11727 56.5117 33.0
21.0 11.0 21.0 28.31975 78.11263 19.2639 33.0
21.0 13.0 13.0 21.79883 31.14778 56.43556 9.0
21.0 13.0 21.0 28.31975 78.11263 19.2639 9.0
21.0 19.0 19.0 66.39911 15.78764 45.38342 12.0
21.0 19.0 21.0 28.31975 78.11263 19.2639 12.0
21.0 20.0 20.0 85.13105 53.78507 22.32298 284.0
21.0 20.0 21.0 28.31975 78.11263 19.2639 284.0
21.0 21.0 21.0 28.31975 78.11263 19.2639 6173.0
21.0 21.0 21.0 28.31975 78.11263 19.2639 6173.0
21.0 39.0 39.0 21.84108 50.10752 32.77432 2155.0
21.0 39.0 21.0 28.31975 78.11263 19.2639 2155.0
21.0 40.0 40.0 83.28122 23.55437 42.3955 1.0
21.0 40.0 21.0 28.31975 78.11263 19.2639 1.0
21.0 45.0 45.0 35.11279 116.27311 28.39974 1882.0
21.0 45.0 21.0 28.31975 78.11263 19.2639 1882.0
22.0 0.0 0.0 55.1097 48.8872 141.97268 636.0
22.0 0.0 22.0 25.10101 80.09221 119.46608 636.0
22.0 2.0 2.0 27.41663 25.31501 87.72416 79.0
22.0 2.0 22.0 25.10101 80.09221 119.46608 79.0
22.0 4.0 4.0 72.12033 108.40688 139.67616 475.0
22.0 4.0 22.0 25.10101 80.09221 119.46608 475.0
22.0 5.0 5.0 42.34131 126.96804 106.42941 47.0
22.0 5.0 22.0 25.10101 80.09221 119.46608 47.0
22.0 6.0 6.0 5.48071 84.82133 74.42627 1927.0
22.0 6.0 22.0 25.10101 80.09221 119.46608 1927.0
22.0 13.0 13.0 21.79883 31.14778 56.43556 2.0
22.0 13.0 22.0 25.10101 80.09221 119.46608 2.0
22.0 16.0 16.0 37.10504 39.10353 124.71476 1253.0
22.0 16.0 22.0 25.10101 80.09221 119.46608 1253.0
22.0 22.0 22.0 25.10101 80.09221 119.46608 14243.0
22.0 22.0 22.0 25.10101 80.09221 119.46608 14243.0
22.0 24.0 24.0 107.88355 87.22437 149.14409 1.0
22.0 24.0 22.0 25.10101 80.09221 119.46608 1.0
22.0 27.0 27.0 18.71891 45.35693 103.73112 1249.0
22.0 27.0 22.0 25.10101 80.09221 119.46608 1249.0
22.0 28.0 28.0 84.36494 38.90846 143.1292 22.0
22.0 28.0 22.0 25.10101 80.09221 119.46608 22.0
22.0 33.0 33.0 97.23957 49.92945 149.22896 5.0
22.0 33.0 22.0 25.10101 80.09221 119.46608 5.0
22.0 36.0 36.0 51.18115 19.5068 119.71655 9.0
22.0 36.0 22.0 25.10101 80.09221 119.46608 9.0
22.0 37.0 37.0 80.29526 11.06286 113.8235 1.0
22.0 37.0 22.0 25.10101 80.09221 119.46608 1.0
22.0 38.0 38.0 88.7163 68.42676 152.61374 29.0
22.0 38.0 22.0 25.10101 80.09221 119.46608 29.0
22.0 41.0 41.0 59.94495 126.10351 122.50796 895.0
22.0 41.0 22.0 25.10101 80.09221 119.46608 895.0
22.0 42.0 42.0 56.63274 85.25542 144.95411 1658.0
22.0 42.0 22.0 25.10101 80.09221 119.46608 1658.0
23.0 7.0 7.0 121.67653 13.46197 56.877 13.0
23.0 7.0 23.0 173.48088 43.56554 76.95253 13.0
23.0 12.0 12.0 179.80738 86.33201 84.74641 601.0
23.0 12.0 23.0 173.48088 43.56554 76.95253 601.0
23.0 15.0 15.0 145.10636 26.54219 64.67611 777.0
23.0 15.0 23.0 173.48088 43.56554 76.95253 777.0
23.0 17.0 17.0 122.81041 11.01215 94.61529 5.0
23.0 17.0 23.0 173.48088 43.56554 76.95253 5.0
23.0 18.0 18.0 159.21274 24.83384 93.87567 1023.0
23.0 18.0 23.0 173.48088 43.56554 76.95253 1023.0
23.0 23.0 23.0 173.48088 43.56554 76.95253 3298.0
23.0 23.0 23.0 173.48088 43.56554 76.95253 3298.0
23.0 25.0 25.0 182.83286 63.98047 100.28402 784.0
23.0 25.0 23.0 173.48088 43.56554 76.95253 784.0
23.0 26.0 26.0 132.11156 45.12881 139.11205 9.0
23.0 26.0 23.0 173.48088 43.56554 76.95253 9.0
23.0 29.0 29.0 122.76648 20.58622 121.13888 12.0
23.0 29.0 23.0 173.48088 43.56554 76.95253 12.0
23.0 31.0 31.0 121.50042 38.89536 35.98228 119.0
23.0 31.0 23.0 173.48088 43.56554 76.95253 119.0
23.0 32.0 32.0 157.18821 89.14032 58.02416 500.0
23.0 32.0 23.0 173.48088 43.56554 76.95253 500.0
23.0 47.0 47.0 164.20519 62.66233 126.08262 320.0
23.0 47.0 23.0 173.48088 43.56554 76.95253 320.0
24.0 0.0 0.0 55.1097 48.8872 141.97268 5.0
24.0 0.0 24.0 107.88355 87.22437 149.14409 5.0
24.0 4.0 4.0 72.12033 108.40688 139.67616 1500.0
24.0 4.0 24.0 107.88355 87.22437 149.14409 1500.0
24.0 9.0 9.0 78.58894 139.92815 102.66304 21.0
24.0 9.0 24.0 107.88355 87.22437 149.14409 21.0
24.0 24.0 24.0 107.88355 87.22437 149.14409 8797.0
24.0 24.0 24.0 107.88355 87.22437 149.14409 8797.0
24.0 26.0 26.0 132.11156 45.12881 139.11205 920.0
24.0 26.0 24.0 107.88355 87.22437 149.14409 920.0
24.0 28.0 28.0 84.36494 38.90846 143.1292 35.0
24.0 28.0 24.0 107.88355 87.22437 149.14409 35.0
24.0 29.0 29.0 122.76648 20.58622 121.13888 1.0
24.0 29.0 24.0 107.88355 87.22437 149.14409 1.0
24.0 30.0 30.0 88.48743 139.95476 62.79923 1.0
24.0 30.0 24.0 107.88355 87.22437 149.14409 1.0
24.0 33.0 33.0 97.23957 49.92945 149.22896 472.0
24.0 33.0 24.0 107.88355 87.22437 149.14409 472.0
24.0 34.0 34.0 127.76704 111.26249 129.58632 2542.0
24.0 34.0 24.0 107.88355 87.22437 149.14409 2542.0
24.0 35.0 35.0 147.81007 121.13737 95.62243 3.0
24.0 35.0 24.0 107.88355 87.22437 149.14409 3.0
24.0 37.0 37.0 80.29526 11.06286 113.8235 1.0
24.0 37.0 24.0 107.88355 87.22437 149.14409 1.0
24.0 38.0 38.0 88.7163 68.42676 152.61374 1856.0
24.0 38.0 24.0 107.88355 87.22437 149.14409 1856.0
24.0 41.0 41.0 59.94495 126.10351 122.50796 70.0
24.0 41.0 24.0 107.88355 87.22437 149.14409 70.0
24.0 42.0 42.0 56.63274 85.25542 144.95411 505.0
24.0 42.0 24.0 107.88355 87.22437 149.14409 505.0
24.0 43.0 43.0 101.64629 137.74421 99.13657 8.0
24.0 43.0 24.0 107.88355 87.22437 149.14409 8.0
24.0 44.0 44.0 70.23696 22.72103 131.34654 2.0
24.0 44.0 24.0 107.88355 87.22437 149.14409 2.0
24.0 47.0 47.0 164.20519 62.66233 126.08262 187.0
24.0 47.0 24.0 107.88355 87.22437 149.14409 187.0
25.0 7.0 7.0 121.67653 13.46197 56.877 1.0
25.0 7.0 25.0 182.83286 63.98047 100.28402 1.0
25.0 12.0 12.0 179.80738 86.33201 84.74641 1156.0
25.0 12.0 25.0 182.83286 63.98047 100.28402 1156.0
25.0 15.0 15.0 145.10636 26.54219 64.67611 7.0
25.0 15.0 25.0 182.83286 63.98047 100.28402 7.0
25.0 18.0 18.0 159.21274 24.83384 93.87567 109.0
25.0 18.0 25.0 182.83286 63.98047 100.28402 109.0
25.0 23.0 23.0 173.48088 43.56554 76.95253 780.0
25.0 23.0 25.0 182.83286 63.98047 100.28402 780.0
25.0 25.0 25.0 182.83286 63.98047 100.28402 2220.0
25.0 25.0 25.0 182.83286 63.98047 100.28402 2220.0
25.0 26.0 26.0 132.11156 45.12881 139.11205 6.0
25.0 26.0 25.0 182.83286 63.98047 100.28402 6.0
25.0 32.0 32.0 157.18821 89.14032 58.02416 42.0
25.0 32.0 25.0 182.83286 63.98047 100.28402 42.0
25.0 34.0 34.0 127.76704 111.26249 129.58632 22.0
25.0 34.0 25.0 182.83286 63.98047 100.28402 22.0
25.0 35.0 35.0 147.81007 121.13737 95.62243 70.0
25.0 35.0 25.0 182.83286 63.98047 100.28402 70.0
25.0 46.0 46.0 114.58572 130.287 52.75126 1.0
25.0 46.0 25.0 182.83286 63.98047 100.28402 1.0
25.0 47.0 47.0 164.20519 62.66233 126.08262 1210.0
25.0 47.0 25.0 182.83286 63.98047 100.28402 1210.0
26.0 15.0 15.0 145.10636 26.54219 64.67611 5.0
26.0 15.0 26.0 132.11156 45.12881 139.11205 5.0
26.0 17.0 17.0 122.81041 11.01215 94.61529 77.0
26.0 17.0 26.0 132.11156 45.12881 139.11205 77.0
26.0 18.0 18.0 159.21274 24.83384 93.87567 225.0
26.0 18.0 26.0 132.11156 45.12881 139.11205 225.0
26.0 23.0 23.0 173.48088 43.56554 76.95253 5.0
26.0 23.0 26.0 132.11156 45.12881 139.11205 5.0
26.0 24.0 24.0 107.88355 87.22437 149.14409 978.0
26.0 24.0 26.0 132.11156 45.12881 139.11205 978.0
26.0 25.0 25.0 182.83286 63.98047 100.28402 2.0
26.0 25.0 26.0 132.11156 45.12881 139.11205 2.0
26.0 26.0 26.0 132.11156 45.12881 139.11205 8037.0
26.0 26.0 26.0 132.11156 45.12881 139.11205 8037.0
26.0 28.0 28.0 84.36494 38.90846 143.1292 384.0
26.0 28.0 26.0 132.11156 45.12881 139.11205 384.0
26.0 29.0 29.0 122.76648 20.58622 121.13888 1844.0
26.0 29.0 26.0 132.11156 45.12881 139.11205 1844.0
26.0 33.0 33.0 97.23957 49.92945 149.22896 1039.0
26.0 33.0 26.0 132.11156 45.12881 139.11205 1039.0
26.0 34.0 34.0 127.76704 111.26249 129.58632 282.0
26.0 34.0 26.0 132.11156 45.12881 139.11205 282.0
26.0 35.0 35.0 147.81007 121.13737 95.62243 1.0
26.0 35.0 26.0 132.11156 45.12881 139.11205 1.0
26.0 37.0 37.0 80.29526 11.06286 113.8235 109.0
26.0 37.0 26.0 132.11156 45.12881 139.11205 109.0
26.0 38.0 38.0 88.7163 68.42676 152.61374 408.0
26.0 38.0 26.0 132.11156 45.12881 139.11205 408.0
26.0 44.0 44.0 70.23696 22.72103 131.34654 10.0
26.0 44.0 26.0 132.11156 45.12881 139.11205 10.0
26.0 47.0 47.0 164.20519 62.66233 126.08262 1689.0
26.0 47.0 26.0 132.11156 45.12881 139.11205 1689.0
27.0 0.0 0.0 55.1097 48.8872 141.97268 43.0
27.0 0.0 27.0 18.71891 45.35693 103.73112 43.0
27.0 2.0 2.0 27.41663 25.31501 87.72416 1535.0
27.0 2.0 27.0 18.71891 45.35693 103.73112 1535.0
27.0 3.0 3.0 83.22198 3.83732 88.04119 1.0
27.0 3.0 27.0 18.71891 45.35693 103.73112 1.0
27.0 6.0 6.0 5.48071 84.82133 74.42627 771.0
27.0 6.0 27.0 18.71891 45.35693 103.73112 771.0
27.0 11.0 11.0 48.52673 14.11727 56.5117 17.0
27.0 11.0 27.0 18.71891 45.35693 103.73112 17.0
27.0 13.0 13.0 21.79883 31.14778 56.43556 104.0
27.0 13.0 27.0 18.71891 45.35693 103.73112 104.0
27.0 16.0 16.0 37.10504 39.10353 124.71476 1252.0
27.0 16.0 27.0 18.71891 45.35693 103.73112 1252.0
27.0 22.0 22.0 25.10101 80.09221 119.46608 1290.0
27.0 22.0 27.0 18.71891 45.35693 103.73112 1290.0
27.0 27.0 27.0 18.71891 45.35693 103.73112 3257.0
27.0 27.0 27.0 18.71891 45.35693 103.73112 3257.0
27.0 36.0 36.0 51.18115 19.5068 119.71655 106.0
27.0 36.0 27.0 18.71891 45.35693 103.73112 106.0
27.0 37.0 37.0 80.29526 11.06286 113.8235 13.0
27.0 37.0 27.0 18.71891 45.35693 103.73112 13.0
27.0 39.0 39.0 21.84108 50.10752 32.77432 17.0
27.0 39.0 27.0 18.71891 45.35693 103.73112 17.0
27.0 42.0 42.0 56.63274 85.25542 144.95411 4.0
27.0 42.0 27.0 18.71891 45.35693 103.73112 4.0
27.0 44.0 44.0 70.23696 22.72103 131.34654 3.0
27.0 44.0 27.0 18.71891 45.35693 103.73112 3.0
28.0 0.0 0.0 55.1097 48.8872 141.97268 1057.0
28.0 0.0 28.0 84.36494 38.90846 143.1292 1057.0
28.0 3.0 3.0 83.22198 3.83732 88.04119 7.0
28.0 3.0 28.0 84.36494 38.90846 143.1292 7.0
28.0 4.0 4.0 72.12033 108.40688 139.67616 6.0
28.0 4.0 28.0 84.36494 38.90846 143.1292 6.0
28.0 16.0 16.0 37.10504 39.10353 124.71476 39.0
28.0 16.0 28.0 84.36494 38.90846 143.1292 39.0
28.0 17.0 17.0 122.81041 11.01215 94.61529 8.0
28.0 17.0 28.0 84.36494 38.90846 143.1292 8.0
28.0 22.0 22.0 25.10101 80.09221 119.46608 13.0
28.0 22.0 28.0 84.36494 38.90846 143.1292 13.0
28.0 24.0 24.0 107.88355 87.22437 149.14409 35.0
28.0 24.0 28.0 84.36494 38.90846 143.1292 35.0
28.0 26.0 26.0 132.11156 45.12881 139.11205 415.0
28.0 26.0 28.0 84.36494 38.90846 143.1292 415.0
28.0 28.0 28.0 84.36494 38.90846 143.1292 3061.0
28.0 28.0 28.0 84.36494 38.90846 143.1292 3061.0
28.0 29.0 29.0 122.76648 20.58622 121.13888 490.0
28.0 29.0 28.0 84.36494 38.90846 143.1292 490.0
28.0 33.0 33.0 97.23957 49.92945 149.22896 1596.0
28.0 33.0 28.0 84.36494 38.90846 143.1292 1596.0
28.0 36.0 36.0 51.18115 19.5068 119.71655 68.0
28.0 36.0 28.0 84.36494 38.90846 143.1292 68.0
28.0 37.0 37.0 80.29526 11.06286 113.8235 667.0
28.0 37.0 28.0 84.36494 38.90846 143.1292 667.0
28.0 38.0 38.0 88.7163 68.42676 152.61374 617.0
28.0 38.0 28.0 84.36494 38.90846 143.1292 617.0
28.0 42.0 42.0 56.63274 85.25542 144.95411 171.0
28.0 42.0 28.0 84.36494 38.90846 143.1292 171.0
28.0 44.0 44.0 70.23696 22.72103 131.34654 898.0
28.0 44.0 28.0 84.36494 38.90846 143.1292 898.0
29.0 0.0 0.0 55.1097 48.8872 141.97268 3.0
29.0 0.0 29.0 122.76648 20.58622 121.13888 3.0
29.0 3.0 3.0 83.22198 3.83732 88.04119 232.0
29.0 3.0 29.0 122.76648 20.58622 121.13888 232.0
29.0 7.0 7.0 121.67653 13.46197 56.877 7.0
29.0 7.0 29.0 122.76648 20.58622 121.13888 7.0
29.0 10.0 10.0 97.0799 3.92479 61.09017 3.0
29.0 10.0 29.0 122.76648 20.58622 121.13888 3.0
29.0 15.0 15.0 145.10636 26.54219 64.67611 53.0
29.0 15.0 29.0 122.76648 20.58622 121.13888 53.0
29.0 17.0 17.0 122.81041 11.01215 94.61529 1564.0
29.0 17.0 29.0 122.76648 20.58622 121.13888 1564.0
29.0 18.0 18.0 159.21274 24.83384 93.87567 529.0
29.0 18.0 29.0 122.76648 20.58622 121.13888 529.0
29.0 23.0 23.0 173.48088 43.56554 76.95253 11.0
29.0 23.0 29.0 122.76648 20.58622 121.13888 11.0
29.0 24.0 24.0 107.88355 87.22437 149.14409 1.0
29.0 24.0 29.0 122.76648 20.58622 121.13888 1.0
29.0 25.0 25.0 182.83286 63.98047 100.28402 1.0
29.0 25.0 29.0 122.76648 20.58622 121.13888 1.0
29.0 26.0 26.0 132.11156 45.12881 139.11205 1774.0
29.0 26.0 29.0 122.76648 20.58622 121.13888 1774.0
29.0 28.0 28.0 84.36494 38.90846 143.1292 488.0
29.0 28.0 29.0 122.76648 20.58622 121.13888 488.0
29.0 29.0 29.0 122.76648 20.58622 121.13888 4750.0
29.0 29.0 29.0 122.76648 20.58622 121.13888 4750.0
29.0 33.0 33.0 97.23957 49.92945 149.22896 177.0
29.0 33.0 29.0 122.76648 20.58622 121.13888 177.0
29.0 37.0 37.0 80.29526 11.06286 113.8235 1141.0
29.0 37.0 29.0 122.76648 20.58622 121.13888 1141.0
29.0 38.0 38.0 88.7163 68.42676 152.61374 5.0
29.0 38.0 29.0 122.76648 20.58622 121.13888 5.0
29.0 44.0 44.0 70.23696 22.72103 131.34654 90.0
29.0 44.0 29.0 122.76648 20.58622 121.13888 90.0
29.0 47.0 47.0 164.20519 62.66233 126.08262 219.0
29.0 47.0 29.0 122.76648 20.58622 121.13888 219.0
30.0 1.0 1.0 66.24393 89.19512 7.40583 365.0
30.0 1.0 30.0 88.48743 139.95476 62.79923 365.0
30.0 5.0 5.0 42.34131 126.96804 106.42941 4.0
30.0 5.0 30.0 88.48743 139.95476 62.79923 4.0
30.0 8.0 8.0 89.97354 90.3896 30.41603 19.0
30.0 8.0 30.0 88.48743 139.95476 62.79923 19.0
30.0 9.0 9.0 78.58894 139.92815 102.66304 1434.0
30.0 9.0 30.0 88.48743 139.95476 62.79923 1434.0
30.0 14.0 14.0 128.45649 116.09842 40.37165 212.0
30.0 14.0 30.0 88.48743 139.95476 62.79923 212.0
30.0 23.0 23.0 173.48088 43.56554 76.95253 1.0
30.0 23.0 30.0 88.48743 139.95476 62.79923 1.0
30.0 30.0 30.0 88.48743 139.95476 62.79923 16115.0
30.0 30.0 30.0 88.48743 139.95476 62.79923 16115.0
30.0 32.0 32.0 157.18821 89.14032 58.02416 4.0
30.0 32.0 30.0 88.48743 139.95476 62.79923 4.0
30.0 34.0 34.0 127.76704 111.26249 129.58632 67.0
30.0 34.0 30.0 88.48743 139.95476 62.79923 67.0
30.0 35.0 35.0 147.81007 121.13737 95.62243 700.0
30.0 35.0 30.0 88.48743 139.95476 62.79923 700.0
30.0 41.0 41.0 59.94495 126.10351 122.50796 26.0
30.0 41.0 30.0 88.48743 139.95476 62.79923 26.0
30.0 43.0 43.0 101.64629 137.74421 99.13657 2194.0
30.0 43.0 30.0 88.48743 139.95476 62.79923 2194.0
30.0 45.0 45.0 35.11279 116.27311 28.39974 875.0
30.0 45.0 30.0 88.48743 139.95476 62.79923 875.0
30.0 46.0 46.0 114.58572 130.287 52.75126 3563.0
30.0 46.0 30.0 88.48743 139.95476 62.79923 3563.0
31.0 3.0 3.0 83.22198 3.83732 88.04119 2.0
31.0 3.0 31.0 121.50042 38.89536 35.98228 2.0
31.0 7.0 7.0 121.67653 13.46197 56.877 1623.0
31.0 7.0 31.0 121.50042 38.89536 35.98228 1623.0
31.0 8.0 8.0 89.97354 90.3896 30.41603 26.0
31.0 8.0 31.0 121.50042 38.89536 35.98228 26.0
31.0 10.0 10.0 97.0799 3.92479 61.09017 395.0
31.0 10.0 31.0 121.50042 38.89536 35.98228 395.0
31.0 11.0 11.0 48.52673 14.11727 56.5117 2.0
31.0 11.0 31.0 121.50042 38.89536 35.98228 2.0
31.0 12.0 12.0 179.80738 86.33201 84.74641 8.0
31.0 12.0 31.0 121.50042 38.89536 35.98228 8.0
31.0 14.0 14.0 128.45649 116.09842 40.37165 7.0
31.0 14.0 31.0 121.50042 38.89536 35.98228 7.0
31.0 15.0 15.0 145.10636 26.54219 64.67611 1485.0
31.0 15.0 31.0 121.50042 38.89536 35.98228 1485.0
31.0 17.0 17.0 122.81041 11.01215 94.61529 5.0
31.0 17.0 31.0 121.50042 38.89536 35.98228 5.0
31.0 18.0 18.0 159.21274 24.83384 93.87567 13.0
31.0 18.0 31.0 121.50042 38.89536 35.98228 13.0
31.0 19.0 19.0 66.39911 15.78764 45.38342 34.0
31.0 19.0 31.0 121.50042 38.89536 35.98228 34.0
31.0 20.0 20.0 85.13105 53.78507 22.32298 2410.0
31.0 20.0 31.0 121.50042 38.89536 35.98228 2410.0
31.0 23.0 23.0 173.48088 43.56554 76.95253 110.0
31.0 23.0 31.0 121.50042 38.89536 35.98228 110.0
31.0 31.0 31.0 121.50042 38.89536 35.98228 12930.0
31.0 31.0 31.0 121.50042 38.89536 35.98228 12930.0
31.0 32.0 32.0 157.18821 89.14032 58.02416 744.0
31.0 32.0 31.0 121.50042 38.89536 35.98228 744.0
31.0 40.0 40.0 83.28122 23.55437 42.3955 1039.0
31.0 40.0 31.0 121.50042 38.89536 35.98228 1039.0
32.0 7.0 7.0 121.67653 13.46197 56.877 3.0
32.0 7.0 32.0 157.18821 89.14032 58.02416 3.0
32.0 12.0 12.0 179.80738 86.33201 84.74641 1662.0
32.0 12.0 32.0 157.18821 89.14032 58.02416 1662.0
32.0 14.0 14.0 128.45649 116.09842 40.37165 1590.0
32.0 14.0 32.0 157.18821 89.14032 58.02416 1590.0
32.0 15.0 15.0 145.10636 26.54219 64.67611 377.0
32.0 15.0 32.0 157.18821 89.14032 58.02416 377.0
32.0 18.0 18.0 159.21274 24.83384 93.87567 10.0
32.0 18.0 32.0 157.18821 89.14032 58.02416 10.0
32.0 20.0 20.0 85.13105 53.78507 22.32298 8.0
32.0 20.0 32.0 157.18821 89.14032 58.02416 8.0
32.0 23.0 23.0 173.48088 43.56554 76.95253 462.0
32.0 23.0 32.0 157.18821 89.14032 58.02416 462.0
32.0 25.0 25.0 182.83286 63.98047 100.28402 48.0
32.0 25.0 32.0 157.18821 89.14032 58.02416 48.0
32.0 30.0 30.0 88.48743 139.95476 62.79923 4.0
32.0 30.0 32.0 157.18821 89.14032 58.02416 4.0
32.0 31.0 31.0 121.50042 38.89536 35.98228 717.0
32.0 31.0 32.0 157.18821 89.14032 58.02416 717.0
32.0 32.0 32.0 157.18821 89.14032 58.02416 10261.0
32.0 32.0 32.0 157.18821 89.14032 58.02416 10261.0
32.0 35.0 35.0 147.81007 121.13737 95.62243 960.0
32.0 35.0 32.0 157.18821 89.14032 58.02416 960.0
32.0 46.0 46.0 114.58572 130.287 52.75126 280.0
32.0 46.0 32.0 157.18821 89.14032 58.02416 280.0
32.0 47.0 47.0 164.20519 62.66233 126.08262 1.0
32.0 47.0 32.0 157.18821 89.14032 58.02416 1.0
33.0 0.0 0.0 55.1097 48.8872 141.97268 234.0
33.0 0.0 33.0 97.23957 49.92945 149.22896 234.0
33.0 4.0 4.0 72.12033 108.40688 139.67616 5.0
33.0 4.0 33.0 97.23957 49.92945 149.22896 5.0
33.0 16.0 16.0 37.10504 39.10353 124.71476 2.0
33.0 16.0 33.0 97.23957 49.92945 149.22896 2.0
33.0 17.0 17.0 122.81041 11.01215 94.61529 1.0
33.0 17.0 33.0 97.23957 49.92945 149.22896 1.0
33.0 18.0 18.0 159.21274 24.83384 93.87567 1.0
33.0 18.0 33.0 97.23957 49.92945 149.22896 1.0
33.0 22.0 22.0 25.10101 80.09221 119.46608 2.0
33.0 22.0 33.0 97.23957 49.92945 149.22896 2.0
33.0 24.0 24.0 107.88355 87.22437 149.14409 505.0
33.0 24.0 33.0 97.23957 49.92945 149.22896 505.0
33.0 26.0 26.0 132.11156 45.12881 139.11205 1127.0
33.0 26.0 33.0 97.23957 49.92945 149.22896 1127.0
33.0 28.0 28.0 84.36494 38.90846 143.1292 1521.0
33.0 28.0 33.0 97.23957 49.92945 149.22896 1521.0
33.0 29.0 29.0 122.76648 20.58622 121.13888 196.0
33.0 29.0 33.0 97.23957 49.92945 149.22896 196.0
33.0 33.0 33.0 97.23957 49.92945 149.22896 2625.0
33.0 33.0 33.0 97.23957 49.92945 149.22896 2625.0
33.0 34.0 34.0 127.76704 111.26249 129.58632 2.0
33.0 34.0 33.0 97.23957 49.92945 149.22896 2.0
33.0 36.0 36.0 51.18115 19.5068 119.71655 4.0
33.0 36.0 33.0 97.23957 49.92945 149.22896 4.0
33.0 37.0 37.0 80.29526 11.06286 113.8235 69.0
33.0 37.0 33.0 97.23957 49.92945 149.22896 69.0
33.0 38.0 38.0 88.7163 68.42676 152.61374 1508.0
33.0 38.0 33.0 97.23957 49.92945 149.22896 1508.0
33.0 42.0 42.0 56.63274 85.25542 144.95411 121.0
33.0 42.0 33.0 97.23957 49.92945 149.22896 121.0
33.0 44.0 44.0 70.23696 22.72103 131.34654 115.0
33.0 44.0 33.0 97.23957 49.92945 149.22896 115.0
33.0 47.0 47.0 164.20519 62.66233 126.08262 4.0
33.0 47.0 33.0 97.23957 49.92945 149.22896 4.0
34.0 4.0 4.0 72.12033 108.40688 139.67616 871.0
34.0 4.0 34.0 127.76704 111.26249 129.58632 871.0
34.0 9.0 9.0 78.58894 139.92815 102.66304 593.0
34.0 9.0 34.0 127.76704 111.26249 129.58632 593.0
34.0 12.0 12.0 179.80738 86.33201 84.74641 95.0
34.0 12.0 34.0 127.76704 111.26249 129.58632 95.0
34.0 14.0 14.0 128.45649 116.09842 40.37165 1.0
34.0 14.0 34.0 127.76704 111.26249 129.58632 1.0
34.0 24.0 24.0 107.88355 87.22437 149.14409 2540.0
34.0 24.0 34.0 127.76704 111.26249 129.58632 2540.0
34.0 25.0 25.0 182.83286 63.98047 100.28402 27.0
34.0 25.0 34.0 127.76704 111.26249 129.58632 27.0
34.0 26.0 26.0 132.11156 45.12881 139.11205 294.0
34.0 26.0 34.0 127.76704 111.26249 129.58632 294.0
34.0 30.0 30.0 88.48743 139.95476 62.79923 78.0
34.0 30.0 34.0 127.76704 111.26249 129.58632 78.0
34.0 32.0 32.0 157.18821 89.14032 58.02416 5.0
34.0 32.0 34.0 127.76704 111.26249 129.58632 5.0
34.0 33.0 33.0 97.23957 49.92945 149.22896 5.0
34.0 33.0 34.0 127.76704 111.26249 129.58632 5.0
34.0 34.0 34.0 127.76704 111.26249 129.58632 16859.0
34.0 34.0 34.0 127.76704 111.26249 129.58632 16859.0
34.0 35.0 35.0 147.81007 121.13737 95.62243 2534.0
34.0 35.0 34.0 127.76704 111.26249 129.58632 2534.0
34.0 38.0 38.0 88.7163 68.42676 152.61374 31.0
34.0 38.0 34.0 127.76704 111.26249 129.58632 31.0
34.0 41.0 41.0 59.94495 126.10351 122.50796 356.0
34.0 41.0 34.0 127.76704 111.26249 129.58632 356.0
34.0 42.0 42.0 56.63274 85.25542 144.95411 11.0
34.0 42.0 34.0 127.76704 111.26249 129.58632 11.0
34.0 43.0 43.0 101.64629 137.74421 99.13657 1380.0
34.0 43.0 34.0 127.76704 111.26249 129.58632 1380.0
34.0 46.0 46.0 114.58572 130.287 52.75126 10.0
34.0 46.0 34.0 127.76704 111.26249 129.58632 10.0
34.0 47.0 47.0 164.20519 62.66233 126.08262 1135.0
34.0 47.0 34.0 127.76704 111.26249 129.58632 1135.0
35.0 4.0 4.0 72.12033 108.40688 139.67616 1.0
35.0 4.0 35.0 147.81007 121.13737 95.62243 1.0
35.0 9.0 9.0 78.58894 139.92815 102.66304 16.0
35.0 9.0 35.0 147.81007 121.13737 95.62243 16.0
35.0 12.0 12.0 179.80738 86.33201 84.74641 1168.0
35.0 12.0 35.0 147.81007 121.13737 95.62243 1168.0
35.0 14.0 14.0 128.45649 116.09842 40.37165 304.0
35.0 14.0 35.0 147.81007 121.13737 95.62243 304.0
35.0 24.0 24.0 107.88355 87.22437 149.14409 2.0
35.0 24.0 35.0 147.81007 121.13737 95.62243 2.0
35.0 25.0 25.0 182.83286 63.98047 100.28402 75.0
35.0 25.0 35.0 147.81007 121.13737 95.62243 75.0
35.0 30.0 30.0 88.48743 139.95476 62.79923 691.0
35.0 30.0 35.0 147.81007 121.13737 95.62243 691.0
35.0 32.0 32.0 157.18821 89.14032 58.02416 896.0
35.0 32.0 35.0 147.81007 121.13737 95.62243 896.0
35.0 34.0 34.0 127.76704 111.26249 129.58632 2639.0
35.0 34.0 35.0 147.81007 121.13737 95.62243 2639.0
35.0 35.0 35.0 147.81007 121.13737 95.62243 11189.0
35.0 35.0 35.0 147.81007 121.13737 95.62243 11189.0
35.0 41.0 41.0 59.94495 126.10351 122.50796 1.0
35.0 41.0 35.0 147.81007 121.13737 95.62243 1.0
35.0 43.0 43.0 101.64629 137.74421 99.13657 873.0
35.0 43.0 35.0 147.81007 121.13737 95.62243 873.0
35.0 46.0 46.0 114.58572 130.287 52.75126 1119.0
35.0 46.0 35.0 147.81007 121.13737 95.62243 1119.0
35.0 47.0 47.0 164.20519 62.66233 126.08262 351.0
35.0 47.0 35.0 147.81007 121.13737 95.62243 351.0
36.0 0.0 0.0 55.1097 48.8872 141.97268 451.0
36.0 0.0 36.0 51.18115 19.5068 119.71655 451.0
36.0 2.0 2.0 27.41663 25.31501 87.72416 472.0
36.0 2.0 36.0 51.18115 19.5068 119.71655 472.0
36.0 3.0 3.0 83.22198 3.83732 88.04119 152.0
36.0 3.0 36.0 51.18115 19.5068 119.71655 152.0
36.0 11.0 11.0 48.52673 14.11727 56.5117 73.0
36.0 11.0 36.0 51.18115 19.5068 119.71655 73.0
36.0 13.0 13.0 21.79883 31.14778 56.43556 1.0
36.0 13.0 36.0 51.18115 19.5068 119.71655 1.0
36.0 16.0 16.0 37.10504 39.10353 124.71476 954.0
36.0 16.0 36.0 51.18115 19.5068 119.71655 954.0
36.0 19.0 19.0 66.39911 15.78764 45.38342 1.0
36.0 19.0 36.0 51.18115 19.5068 119.71655 1.0
36.0 22.0 22.0 25.10101 80.09221 119.46608 8.0
36.0 22.0 36.0 51.18115 19.5068 119.71655 8.0
36.0 27.0 27.0 18.71891 45.35693 103.73112 88.0
36.0 27.0 36.0 51.18115 19.5068 119.71655 88.0
36.0 28.0 28.0 84.36494 38.90846 143.1292 89.0
36.0 28.0 36.0 51.18115 19.5068 119.71655 89.0
36.0 29.0 29.0 122.76648 20.58622 121.13888 1.0
36.0 29.0 36.0 51.18115 19.5068 119.71655 1.0
36.0 33.0 33.0 97.23957 49.92945 149.22896 5.0
36.0 33.0 36.0 51.18115 19.5068 119.71655 5.0
36.0 36.0 36.0 51.18115 19.5068 119.71655 1509.0
36.0 36.0 36.0 51.18115 19.5068 119.71655 1509.0
36.0 37.0 37.0 80.29526 11.06286 113.8235 930.0
36.0 37.0 36.0 51.18115 19.5068 119.71655 930.0
36.0 38.0 38.0 88.7163 68.42676 152.61374 1.0
36.0 38.0 36.0 51.18115 19.5068 119.71655 1.0
36.0 42.0 42.0 56.63274 85.25542 144.95411 2.0
36.0 42.0 36.0 51.18115 19.5068 119.71655 2.0
36.0 44.0 44.0 70.23696 22.72103 131.34654 741.0
36.0 44.0 36.0 51.18115 19.5068 119.71655 741.0
37.0 0.0 0.0 55.1097 48.8872 141.97268 74.0
37.0 0.0 37.0 80.29526 11.06286 113.8235 74.0
37.0 2.0 2.0 27.41663 25.31501 87.72416 414.0
37.0 2.0 37.0 80.29526 11.06286 113.8235 414.0
37.0 3.0 3.0 83.22198 3.83732 88.04119 2512.0
37.0 3.0 37.0 80.29526 11.06286 113.8235 2512.0
37.0 7.0 7.0 121.67653 13.46197 56.877 1.0
37.0 7.0 37.0 80.29526 11.06286 113.8235 1.0
37.0 10.0 10.0 97.0799 3.92479 61.09017 44.0
37.0 10.0 37.0 80.29526 11.06286 113.8235 44.0
37.0 11.0 11.0 48.52673 14.11727 56.5117 262.0
37.0 11.0 37.0 80.29526 11.06286 113.8235 262.0
37.0 16.0 16.0 37.10504 39.10353 124.71476 155.0
37.0 16.0 37.0 80.29526 11.06286 113.8235 155.0
37.0 17.0 17.0 122.81041 11.01215 94.61529 551.0
37.0 17.0 37.0 80.29526 11.06286 113.8235 551.0
37.0 18.0 18.0 159.21274 24.83384 93.87567 2.0
37.0 18.0 37.0 80.29526 11.06286 113.8235 2.0
37.0 19.0 19.0 66.39911 15.78764 45.38342 15.0
37.0 19.0 37.0 80.29526 11.06286 113.8235 15.0
37.0 26.0 26.0 132.11156 45.12881 139.11205 116.0
37.0 26.0 37.0 80.29526 11.06286 113.8235 116.0
37.0 27.0 27.0 18.71891 45.35693 103.73112 10.0
37.0 27.0 37.0 80.29526 11.06286 113.8235 10.0
37.0 28.0 28.0 84.36494 38.90846 143.1292 701.0
37.0 28.0 37.0 80.29526 11.06286 113.8235 701.0
37.0 29.0 29.0 122.76648 20.58622 121.13888 1099.0
37.0 29.0 37.0 80.29526 11.06286 113.8235 1099.0
37.0 33.0 33.0 97.23957 49.92945 149.22896 84.0
37.0 33.0 37.0 80.29526 11.06286 113.8235 84.0
37.0 36.0 36.0 51.18115 19.5068 119.71655 794.0
37.0 36.0 37.0 80.29526 11.06286 113.8235 794.0
37.0 37.0 37.0 80.29526 11.06286 113.8235 7969.0
37.0 37.0 37.0 80.29526 11.06286 113.8235 7969.0
37.0 44.0 44.0 70.23696 22.72103 131.34654 1378.0
37.0 44.0 37.0 80.29526 11.06286 113.8235 1378.0
38.0 0.0 0.0 55.1097 48.8872 141.97268 404.0
38.0 0.0 38.0 88.7163 68.42676 152.61374 404.0
38.0 4.0 4.0 72.12033 108.40688 139.67616 213.0
38.0 4.0 38.0 88.7163 68.42676 152.61374 213.0
38.0 16.0 16.0 37.10504 39.10353 124.71476 12.0
38.0 16.0 38.0 88.7163 68.42676 152.61374 12.0
38.0 22.0 22.0 25.10101 80.09221 119.46608 25.0
38.0 22.0 38.0 88.7163 68.42676 152.61374 25.0
38.0 24.0 24.0 107.88355 87.22437 149.14409 1966.0
38.0 24.0 38.0 88.7163 68.42676 152.61374 1966.0
38.0 26.0 26.0 132.11156 45.12881 139.11205 352.0
38.0 26.0 38.0 88.7163 68.42676 152.61374 352.0
38.0 28.0 28.0 84.36494 38.90846 143.1292 604.0
38.0 28.0 38.0 88.7163 68.42676 152.61374 604.0
38.0 29.0 29.0 122.76648 20.58622 121.13888 6.0
38.0 29.0 38.0 88.7163 68.42676 152.61374 6.0
38.0 33.0 33.0 97.23957 49.92945 149.22896 1477.0
38.0 33.0 38.0 88.7163 68.42676 152.61374 1477.0
38.0 34.0 34.0 127.76704 111.26249 129.58632 38.0
38.0 34.0 38.0 88.7163 68.42676 152.61374 38.0
38.0 36.0 36.0 51.18115 19.5068 119.71655 1.0
38.0 36.0 38.0 88.7163 68.42676 152.61374 1.0
38.0 37.0 37.0 80.29526 11.06286 113.8235 1.0
38.0 37.0 38.0 88.7163 68.42676 152.61374 1.0
38.0 38.0 38.0 88.7163 68.42676 152.61374 3124.0
38.0 38.0 38.0 88.7163 68.42676 152.61374 3124.0
38.0 41.0 41.0 59.94495 126.10351 122.50796 4.0
38.0 41.0 38.0 88.7163 68.42676 152.61374 4.0
38.0 42.0 42.0 56.63274 85.25542 144.95411 1048.0
38.0 42.0 38.0 88.7163 68.42676 152.61374 1048.0
38.0 44.0 44.0 70.23696 22.72103 131.34654 12.0
38.0 44.0 38.0 88.7163 68.42676 152.61374 12.0
38.0 47.0 47.0 164.20519 62.66233 126.08262 9.0
38.0 47.0 38.0 88.7163 68.42676 152.61374 9.0
39.0 1.0 1.0 66.24393 89.19512 7.40583 253.0
39.0 1.0 39.0 21.84108 50.10752 32.77432 253.0
39.0 2.0 2.0 27.41663 25.31501 87.72416 152.0
39.0 2.0 39.0 21.84108 50.10752 32.77432 152.0
39.0 6.0 6.0 5.48071 84.82133 74.42627 1331.0
39.0 6.0 39.0 21.84108 50.10752 32.77432 1331.0
39.0 11.0 11.0 48.52673 14.11727 56.5117 873.0
39.0 11.0 39.0 21.84108 50.10752 32.77432 873.0
39.0 13.0 13.0 21.79883 31.14778 56.43556 1787.0
39.0 13.0 39.0 21.84108 50.10752 32.77432 1787.0
39.0 19.0 19.0 66.39911 15.78764 45.38342 231.0
39.0 19.0 39.0 21.84108 50.10752 32.77432 231.0
39.0 20.0 20.0 85.13105 53.78507 22.32298 471.0
39.0 20.0 39.0 21.84108 50.10752 32.77432 471.0
39.0 21.0 21.0 28.31975 78.11263 19.2639 2097.0
39.0 21.0 39.0 21.84108 50.10752 32.77432 2097.0
39.0 27.0 27.0 18.71891 45.35693 103.73112 19.0
39.0 27.0 39.0 21.84108 50.10752 32.77432 19.0
39.0 39.0 39.0 21.84108 50.10752 32.77432 9646.0
39.0 39.0 39.0 21.84108 50.10752 32.77432 9646.0
39.0 40.0 40.0 83.28122 23.55437 42.3955 24.0
39.0 40.0 39.0 21.84108 50.10752 32.77432 24.0
39.0 45.0 45.0 35.11279 116.27311 28.39974 73.0
39.0 45.0 39.0 21.84108 50.10752 32.77432 73.0
40.0 1.0 1.0 66.24393 89.19512 7.40583 9.0
40.0 1.0 40.0 83.28122 23.55437 42.3955 9.0
40.0 3.0 3.0 83.22198 3.83732 88.04119 132.0
40.0 3.0 40.0 83.28122 23.55437 42.3955 132.0
40.0 7.0 7.0 121.67653 13.46197 56.877 279.0
40.0 7.0 40.0 83.28122 23.55437 42.3955 279.0
40.0 8.0 8.0 89.97354 90.3896 30.41603 1.0
40.0 8.0 40.0 83.28122 23.55437 42.3955 1.0
40.0 10.0 10.0 97.0799 3.92479 61.09017 1232.0
40.0 10.0 40.0 83.28122 23.55437 42.3955 1232.0
40.0 11.0 11.0 48.52673 14.11727 56.5117 424.0
40.0 11.0 40.0 83.28122 23.55437 42.3955 424.0
40.0 13.0 13.0 21.79883 31.14778 56.43556 3.0
40.0 13.0 40.0 83.28122 23.55437 42.3955 3.0
40.0 15.0 15.0 145.10636 26.54219 64.67611 1.0
40.0 15.0 40.0 83.28122 23.55437 42.3955 1.0
40.0 17.0 17.0 122.81041 11.01215 94.61529 3.0
40.0 17.0 40.0 83.28122 23.55437 42.3955 3.0
40.0 19.0 19.0 66.39911 15.78764 45.38342 1410.0
40.0 19.0 40.0 83.28122 23.55437 42.3955 1410.0
40.0 20.0 20.0 85.13105 53.78507 22.32298 1753.0
40.0 20.0 40.0 83.28122 23.55437 42.3955 1753.0
40.0 21.0 21.0 28.31975 78.11263 19.2639 3.0
40.0 21.0 40.0 83.28122 23.55437 42.3955 3.0
40.0 31.0 31.0 121.50042 38.89536 35.98228 1027.0
40.0 31.0 40.0 83.28122 23.55437 42.3955 1027.0
40.0 37.0 37.0 80.29526 11.06286 113.8235 3.0
40.0 37.0 40.0 83.28122 23.55437 42.3955 3.0
40.0 39.0 39.0 21.84108 50.10752 32.77432 36.0
40.0 39.0 40.0 83.28122 23.55437 42.3955 36.0
40.0 40.0 40.0 83.28122 23.55437 42.3955 4372.0
40.0 40.0 40.0 83.28122 23.55437 42.3955 4372.0
41.0 0.0 0.0 55.1097 48.8872 141.97268 1.0
41.0 0.0 41.0 59.94495 126.10351 122.50796 1.0
41.0 4.0 4.0 72.12033 108.40688 139.67616 2789.0
41.0 4.0 41.0 59.94495 126.10351 122.50796 2789.0
41.0 5.0 5.0 42.34131 126.96804 106.42941 125.0
41.0 5.0 41.0 59.94495 126.10351 122.50796 125.0
41.0 6.0 6.0 5.48071 84.82133 74.42627 18.0
41.0 6.0 41.0 59.94495 126.10351 122.50796 18.0
41.0 9.0 9.0 78.58894 139.92815 102.66304 2316.0
41.0 9.0 41.0 59.94495 126.10351 122.50796 2316.0
41.0 22.0 22.0 25.10101 80.09221 119.46608 811.0
41.0 22.0 41.0 59.94495 126.10351 122.50796 811.0
41.0 24.0 24.0 107.88355 87.22437 149.14409 68.0
41.0 24.0 41.0 59.94495 126.10351 122.50796 68.0
41.0 30.0 30.0 88.48743 139.95476 62.79923 31.0
41.0 30.0 41.0 59.94495 126.10351 122.50796 31.0
41.0 34.0 34.0 127.76704 111.26249 129.58632 421.0
41.0 34.0 41.0 59.94495 126.10351 122.50796 421.0
41.0 38.0 38.0 88.7163 68.42676 152.61374 1.0
41.0 38.0 41.0 59.94495 126.10351 122.50796 1.0
41.0 41.0 41.0 59.94495 126.10351 122.50796 10812.0
41.0 41.0 41.0 59.94495 126.10351 122.50796 10812.0
41.0 42.0 42.0 56.63274 85.25542 144.95411 416.0
41.0 42.0 41.0 59.94495 126.10351 122.50796 416.0
41.0 43.0 43.0 101.64629 137.74421 99.13657 345.0
41.0 43.0 41.0 59.94495 126.10351 122.50796 345.0
42.0 0.0 0.0 55.1097 48.8872 141.97268 850.0
42.0 0.0 42.0 56.63274 85.25542 144.95411 850.0
42.0 4.0 4.0 72.12033 108.40688 139.67616 2118.0
42.0 4.0 42.0 56.63274 85.25542 144.95411 2118.0
42.0 5.0 5.0 42.34131 126.96804 106.42941 5.0
42.0 5.0 42.0 56.63274 85.25542 144.95411 5.0
42.0 16.0 16.0 37.10504 39.10353 124.71476 153.0
42.0 16.0 42.0 56.63274 85.25542 144.95411 153.0
42.0 22.0 22.0 25.10101 80.09221 119.46608 1570.0
42.0 22.0 42.0 56.63274 85.25542 144.95411 1570.0
42.0 24.0 24.0 107.88355 87.22437 149.14409 542.0
42.0 24.0 42.0 56.63274 85.25542 144.95411 542.0
42.0 27.0 27.0 18.71891 45.35693 103.73112 1.0
42.0 27.0 42.0 56.63274 85.25542 144.95411 1.0
42.0 28.0 28.0 84.36494 38.90846 143.1292 198.0
42.0 28.0 42.0 56.63274 85.25542 144.95411 198.0
42.0 33.0 33.0 97.23957 49.92945 149.22896 129.0
42.0 33.0 42.0 56.63274 85.25542 144.95411 129.0
42.0 34.0 34.0 127.76704 111.26249 129.58632 9.0
42.0 34.0 42.0 56.63274 85.25542 144.95411 9.0
42.0 36.0 36.0 51.18115 19.5068 119.71655 1.0
42.0 36.0 42.0 56.63274 85.25542 144.95411 1.0
42.0 38.0 38.0 88.7163 68.42676 152.61374 1073.0
42.0 38.0 42.0 56.63274 85.25542 144.95411 1073.0
42.0 41.0 41.0 59.94495 126.10351 122.50796 408.0
42.0 41.0 42.0 56.63274 85.25542 144.95411 408.0
42.0 42.0 42.0 56.63274 85.25542 144.95411 5654.0
42.0 42.0 42.0 56.63274 85.25542 144.95411 5654.0
42.0 44.0 44.0 70.23696 22.72103 131.34654 1.0
42.0 44.0 42.0 56.63274 85.25542 144.95411 1.0
43.0 4.0 4.0 72.12033 108.40688 139.67616 64.0
43.0 4.0 43.0 101.64629 137.74421 99.13657 64.0
43.0 5.0 5.0 42.34131 126.96804 106.42941 3.0
43.0 5.0 43.0 101.64629 137.74421 99.13657 3.0
43.0 9.0 9.0 78.58894 139.92815 102.66304 2089.0
43.0 9.0 43.0 101.64629 137.74421 99.13657 2089.0
43.0 14.0 14.0 128.45649 116.09842 40.37165 1.0
43.0 14.0 43.0 101.64629 137.74421 99.13657 1.0
43.0 24.0 24.0 107.88355 87.22437 149.14409 13.0
43.0 24.0 43.0 101.64629 137.74421 99.13657 13.0
43.0 30.0 30.0 88.48743 139.95476 62.79923 2093.0
43.0 30.0 43.0 101.64629 137.74421 99.13657 2093.0
43.0 34.0 34.0 127.76704 111.26249 129.58632 1365.0
43.0 34.0 43.0 101.64629 137.74421 99.13657 1365.0
43.0 35.0 35.0 147.81007 121.13737 95.62243 850.0
43.0 35.0 43.0 101.64629 137.74421 99.13657 850.0
43.0 41.0 41.0 59.94495 126.10351 122.50796 299.0
43.0 41.0 43.0 101.64629 137.74421 99.13657 299.0
43.0 43.0 43.0 101.64629 137.74421 99.13657 4778.0
43.0 43.0 43.0 101.64629 137.74421 99.13657 4778.0
43.0 46.0 46.0 114.58572 130.287 52.75126 142.0
43.0 46.0 43.0 101.64629 137.74421 99.13657 142.0
44.0 0.0 0.0 55.1097 48.8872 141.97268 568.0
44.0 0.0 44.0 70.23696 22.72103 131.34654 568.0
44.0 2.0 2.0 27.41663 25.31501 87.72416 28.0
44.0 2.0 44.0 70.23696 22.72103 131.34654 28.0
44.0 3.0 3.0 83.22198 3.83732 88.04119 58.0
44.0 3.0 44.0 70.23696 22.72103 131.34654 58.0
44.0 6.0 6.0 5.48071 84.82133 74.42627 1.0
44.0 6.0 44.0 70.23696 22.72103 131.34654 1.0
44.0 11.0 11.0 48.52673 14.11727 56.5117 2.0
44.0 11.0 44.0 70.23696 22.72103 131.34654 2.0
44.0 16.0 16.0 37.10504 39.10353 124.71476 231.0
44.0 16.0 44.0 70.23696 22.72103 131.34654 231.0
44.0 17.0 17.0 122.81041 11.01215 94.61529 2.0
44.0 17.0 44.0 70.23696 22.72103 131.34654 2.0
44.0 22.0 22.0 25.10101 80.09221 119.46608 2.0
44.0 22.0 44.0 70.23696 22.72103 131.34654 2.0
44.0 26.0 26.0 132.11156 45.12881 139.11205 18.0
44.0 26.0 44.0 70.23696 22.72103 131.34654 18.0
44.0 27.0 27.0 18.71891 45.35693 103.73112 1.0
44.0 27.0 44.0 70.23696 22.72103 131.34654 1.0
44.0 28.0 28.0 84.36494 38.90846 143.1292 919.0
44.0 28.0 44.0 70.23696 22.72103 131.34654 919.0
44.0 29.0 29.0 122.76648 20.58622 121.13888 84.0
44.0 29.0 44.0 70.23696 22.72103 131.34654 84.0
44.0 33.0 33.0 97.23957 49.92945 149.22896 96.0
44.0 33.0 44.0 70.23696 22.72103 131.34654 96.0
44.0 36.0 36.0 51.18115 19.5068 119.71655 728.0
44.0 36.0 44.0 70.23696 22.72103 131.34654 728.0
44.0 37.0 37.0 80.29526 11.06286 113.8235 1469.0
44.0 37.0 44.0 70.23696 22.72103 131.34654 1469.0
44.0 38.0 38.0 88.7163 68.42676 152.61374 12.0
44.0 38.0 44.0 70.23696 22.72103 131.34654 12.0
44.0 42.0 42.0 56.63274 85.25542 144.95411 4.0
44.0 42.0 44.0 70.23696 22.72103 131.34654 4.0
44.0 44.0 44.0 70.23696 22.72103 131.34654 1813.0
44.0 44.0 44.0 70.23696 22.72103 131.34654 1813.0
45.0 1.0 1.0 66.24393 89.19512 7.40583 1943.0
45.0 1.0 45.0 35.11279 116.27311 28.39974 1943.0
45.0 5.0 5.0 42.34131 126.96804 106.42941 1.0
45.0 5.0 45.0 35.11279 116.27311 28.39974 1.0
45.0 6.0 6.0 5.48071 84.82133 74.42627 1101.0
45.0 6.0 45.0 35.11279 116.27311 28.39974 1101.0
45.0 8.0 8.0 89.97354 90.3896 30.41603 8.0
45.0 8.0 45.0 35.11279 116.27311 28.39974 8.0
45.0 9.0 9.0 78.58894 139.92815 102.66304 4.0
45.0 9.0 45.0 35.11279 116.27311 28.39974 4.0
45.0 14.0 14.0 128.45649 116.09842 40.37165 2.0
45.0 14.0 45.0 35.11279 116.27311 28.39974 2.0
45.0 20.0 20.0 85.13105 53.78507 22.32298 1.0
45.0 20.0 45.0 35.11279 116.27311 28.39974 1.0
45.0 21.0 21.0 28.31975 78.11263 19.2639 1826.0
45.0 21.0 45.0 35.11279 116.27311 28.39974 1826.0
45.0 22.0 22.0 25.10101 80.09221 119.46608 1.0
45.0 22.0 45.0 35.11279 116.27311 28.39974 1.0
45.0 30.0 30.0 88.48743 139.95476 62.79923 1041.0
45.0 30.0 45.0 35.11279 116.27311 28.39974 1041.0
45.0 39.0 39.0 21.84108 50.10752 32.77432 69.0
45.0 39.0 45.0 35.11279 116.27311 28.39974 69.0
45.0 43.0 43.0 101.64629 137.74421 99.13657 1.0
45.0 43.0 45.0 35.11279 116.27311 28.39974 1.0
45.0 45.0 45.0 35.11279 116.27311 28.39974 14609.0
45.0 45.0 45.0 35.11279 116.27311 28.39974 14609.0
45.0 46.0 46.0 114.58572 130.287 52.75126 68.0
45.0 46.0 45.0 35.11279 116.27311 28.39974 68.0
46.0 1.0 1.0 66.24393 89.19512 7.40583 192.0
46.0 1.0 46.0 114.58572 130.287 52.75126 192.0
46.0 8.0 8.0 89.97354 90.3896 30.41603 21.0
46.0 8.0 46.0 114.58572 130.287 52.75126 21.0
46.0 9.0 9.0 78.58894 139.92815 102.66304 9.0
46.0 9.0 46.0 114.58572 130.287 52.75126 9.0
46.0 12.0 12.0 179.80738 86.33201 84.74641 4.0
46.0 12.0 46.0 114.58572 130.287 52.75126 4.0
46.0 14.0 14.0 128.45649 116.09842 40.37165 3063.0
46.0 14.0 46.0 114.58572 130.287 52.75126 3063.0
46.0 20.0 20.0 85.13105 53.78507 22.32298 1.0
46.0 20.0 46.0 114.58572 130.287 52.75126 1.0
46.0 30.0 30.0 88.48743 139.95476 62.79923 3543.0
46.0 30.0 46.0 114.58572 130.287 52.75126 3543.0
46.0 32.0 32.0 157.18821 89.14032 58.02416 295.0
46.0 32.0 46.0 114.58572 130.287 52.75126 295.0
46.0 34.0 34.0 127.76704 111.26249 129.58632 13.0
46.0 34.0 46.0 114.58572 130.287 52.75126 13.0
46.0 35.0 35.0 147.81007 121.13737 95.62243 1129.0
46.0 35.0 46.0 114.58572 130.287 52.75126 1129.0
46.0 43.0 43.0 101.64629 137.74421 99.13657 148.0
46.0 43.0 46.0 114.58572 130.287 52.75126 148.0
46.0 45.0 45.0 35.11279 116.27311 28.39974 51.0
46.0 45.0 46.0 114.58572 130.287 52.75126 51.0
46.0 46.0 46.0 114.58572 130.287 52.75126 7378.0
46.0 46.0 46.0 114.58572 130.287 52.75126 7378.0
47.0 12.0 12.0 179.80738 86.33201 84.74641 389.0
47.0 12.0 47.0 164.20519 62.66233 126.08262 389.0
47.0 15.0 15.0 145.10636 26.54219 64.67611 10.0
47.0 15.0 47.0 164.20519 62.66233 126.08262 10.0
47.0 17.0 17.0 122.81041 11.01215 94.61529 25.0
47.0 17.0 47.0 164.20519 62.66233 126.08262 25.0
47.0 18.0 18.0 159.21274 24.83384 93.87567 653.0
47.0 18.0 47.0 164.20519 62.66233 126.08262 653.0
47.0 23.0 23.0 173.48088 43.56554 76.95253 317.0
47.0 23.0 47.0 164.20519 62.66233 126.08262 317.0
47.0 24.0 24.0 107.88355 87.22437 149.14409 175.0
47.0 24.0 47.0 164.20519 62.66233 126.08262 175.0
47.0 25.0 25.0 182.83286 63.98047 100.28402 1202.0
47.0 25.0 47.0 164.20519 62.66233 126.08262 1202.0
47.0 26.0 26.0 132.11156 45.12881 139.11205 1816.0
47.0 26.0 47.0 164.20519 62.66233 126.08262 1816.0
47.0 29.0 29.0 122.76648 20.58622 121.13888 246.0
47.0 29.0 47.0 164.20519 62.66233 126.08262 246.0
47.0 32.0 32.0 157.18821 89.14032 58.02416 2.0
47.0 32.0 47.0 164.20519 62.66233 126.08262 2.0
47.0 33.0 33.0 97.23957 49.92945 149.22896 3.0
47.0 33.0 47.0 164.20519 62.66233 126.08262 3.0
47.0 34.0 34.0 127.76704 111.26249 129.58632 1218.0
47.0 34.0 47.0 164.20519 62.66233 126.08262 1218.0
47.0 35.0 35.0 147.81007 121.13737 95.62243 349.0
47.0 35.0 47.0 164.20519 62.66233 126.08262 349.0
47.0 37.0 37.0 80.29526 11.06286 113.8235 1.0
47.0 37.0 47.0 164.20519 62.66233 126.08262 1.0
47.0 38.0 38.0 88.7163 68.42676 152.61374 5.0
47.0 38.0 47.0 164.20519 62.66233 126.08262 5.0
47.0 47.0 47.0 164.20519 62.66233 126.08262 8787.0
47.0 47.0 47.0 164.20519 62.66233 126.08262 8787.0
