TargetArea SourceArea Area AvgPosX AvgPosY AvgPosZ SumWeights
0.0 0.0 0.0 55.08598 48.89144 141.96445 3807.0
0.0 0.0 0.0 55.08598 48.89144 141.96445 3807.0
0.0 2.0 2.0 27.38592 25.34505 87.70803 11.0
0.0 2.0 0.0 55.08598 48.89144 141.96445 11.0
0.0 4.0 4.0 72.11236 108.39707 139.68082 11.0
0.0 4.0 0.0 55.08598 48.89144 141.96445 11.0
0.0 16.0 16.0 37.08134 39.11443 124.70341 1470.0
0.0 16.0 0.0 55.08598 48.89144 141.96445 1470.0
0.0 22.0 22.0 25.1102 79.83811 119.52117 547.0
0.0 22.0 0.0 55.08598 48.89144 141.96445 547.0
0.0 24.0 24.0 107.85629 87.21607 149.15041 16.0
0.0 24.0 0.0 55.08598 48.89144 141.96445 16.0
0.0 27.0 27.0 18.72646 45.3355 103.73165 32.0
0.0 27.0 0.0 55.08598 48.89144 141.96445 32.0
0.0 28.0 28.0 84.29433 38.97017 143.15931 1130.0
0.0 28.0 0.0 55.08598 48.89144 141.96445 1130.0
0.0 29.0 29.0 122.68311 20.58508 121.18037 1.0
0.0 29.0 0.0 55.08598 48.89144 141.96445 1.0
0.0 33.0 33.0 97.14208 49.94924 149.24034 283.0
0.0 33.0 0.0 55.08598 48.89144 141.96445 283.0
0.0 36.0 36.0 51.16935 19.48943 119.68567 465.0
0.0 36.0 0.0 55.08598 48.89144 141.96445 465.0
0.0 37.0 37.0 80.18381 11.04581 113.78101 83.0
0.0 37.0 0.0 55.08598 48.89144 141.96445 83.0
0.0 38.0 38.0 88.69806 68.41345 152.61624 399.0
0.0 38.0 0.0 55.08598 48.89144 141.96445 399.0
0.0 41.0 41.0 60.07803 126.04393 122.62262 3.0
0.0 41.0 0.0 55.08598 48.89144 141.96445 3.0
0.0 42.0 42.0 56.63474 85.23425 144.95931 911.0
0.0 42.0 0.0 55.08598 48.89144 141.96445 911.0
0.0 44.0 44.0 70.24505 22.70918 131.33575 594.0
0.0 44.0 0.0 55.08598 48.89144 141.96445 594.0
1.0 1.0 1.0 66.03331 89.01792 7.34181 11979.0
1.0 1.0 1.0 66.03331 89.01792 7.34181 11979.0
1.0 6.0 6.0 5.4036 84.42183 74.31785 1.0
1.0 6.0 1.0 66.03331 89.01792 7.34181 1.0
1.0 8.0 8.0 89.56178 91.05634 30.24574 105.0
1.0 8.0 1.0 66.03331 89.01792 7.34181 105.0
1.0 11.0 11.0 48.52219 14.09441 56.57872 22.0
1.0 11.0 1.0 66.03331 89.01792 7.34181 22.0
1.0 13.0 13.0 21.76289 31.17396 56.47199 1.0
1.0 13.0 1.0 66.03331 89.01792 7.34181 1.0
1.0 14.0 14.0 128.58002 116.17618 40.55925 83.0
1.0 14.0 1.0 66.03331 89.01792 7.34181 83.0
1.0 19.0 19.0 66.41457 15.76437 45.4309 21.0
1.0 19.0 1.0 66.03331 89.01792 7.34181 21.0
1.0 20.0 20.0 84.81369 53.48552 22.20669 2339.0
1.0 20.0 1.0 66.03331 89.01792 7.34181 2339.0
1.0 21.0 21.0 28.29869 78.10546 19.27457 1427.0
1.0 21.0 1.0 66.03331 89.01792 7.34181 1427.0
1.0 30.0 30.0 88.74475 139.93352 62.86456 421.0
1.0 30.0 1.0 66.03331 89.01792 7.34181 421.0
1.0 31.0 31.0 121.44389 38.66948 35.94457 2.0
1.0 31.0 1.0 66.03331 89.01792 7.34181 2.0
1.0 39.0 39.0 21.80365 50.15405 32.7877 274.0
1.0 39.0 1.0 66.03331 89.01792 7.34181 274.0
1.0 40.0 40.0 83.25223 23.52725 42.42754 16.0
1.0 40.0 1.0 66.03331 89.01792 7.34181 16.0
1.0 45.0 45.0 35.01991 116.1181 28.2897 1860.0
1.0 45.0 1.0 66.03331 89.01792 7.34181 1860.0
1.0 46.0 46.0 114.75433 130.31543 52.92967 207.0
1.0 46.0 1.0 66.03331 89.01792 7.34181 207.0
2.0 0.0 0.0 55.08598 48.89144 141.96445 10.0
2.0 0.0 2.0 27.38592 25.34505 87.70803 10.0
2.0 2.0 2.0 27.38592 25.34505 87.70803 6722.0
2.0 2.0 2.0 27.38592 25.34505 87.70803 6722.0
2.0 3.0 3.0 83.12706 3.82454 87.99128 313.0
2.0 3.0 2.0 27.38592 25.34505 87.70803 313.0
2.0 6.0 6.0 5.4036 84.42183 74.31785 446.0
2.0 6.0 2.0 27.38592 25.34505 87.70803 446.0
2.0 10.0 10.0 97.03894 3.9153 61.11284 1.0
2.0 10.0 2.0 27.38592 25.34505 87.70803 1.0
2.0 11.0 11.0 48.52219 14.09441 56.57872 1355.0
2.0 11.0 2.0 27.38592 25.34505 87.70803 1355.0
2.0 13.0 13.0 21.76289 31.17396 56.47199 1374.0
2.0 13.0 2.0 27.38592 25.34505 87.70803 1374.0
2.0 16.0 16.0 37.08134 39.11443 124.70341 723.0
2.0 16.0 2.0 27.38592 25.34505 87.70803 723.0
2.0 19.0 19.0 66.41457 15.76437 45.4309 9.0
2.0 19.0 2.0 27.38592 25.34505 87.70803 9.0
2.0 20.0 20.0 84.81369 53.48552 22.20669 1.0
2.0 20.0 2.0 27.38592 25.34505 87.70803 1.0
2.0 22.0 22.0 25.1102 79.83811 119.52117 80.0
2.0 22.0 2.0 27.38592 25.34505 87.70803 80.0
2.0 27.0 27.0 18.72646 45.3355 103.73165 1678.0
2.0 27.0 2.0 27.38592 25.34505 87.70803 1678.0
2.0 28.0 28.0 84.29433 38.97017 143.15931 1.0
2.0 28.0 2.0 27.38592 25.34505 87.70803 1.0
2.0 36.0 36.0 51.16935 19.48943 119.68567 535.0
2.0 36.0 2.0 27.38592 25.34505 87.70803 535.0
2.0 37.0 37.0 80.18381 11.04581 113.78101 445.0
2.0 37.0 2.0 27.38592 25.34505 87.70803 445.0
2.0 39.0 39.0 21.80365 50.15405 32.7877 156.0
2.0 39.0 2.0 27.38592 25.34505 87.70803 156.0
2.0 44.0 44.0 70.24505 22.70918 131.33575 31.0
2.0 44.0 2.0 27.38592 25.34505 87.70803 31.0
3.0 2.0 2.0 27.38592 25.34505 87.70803 312.0
3.0 2.0 3.0 83.12706 3.82454 87.99128 312.0
3.0 3.0 3.0 83.12706 3.82454 87.99128 7083.0
3.0 3.0 3.0 83.12706 3.82454 87.99128 7083.0
3.0 7.0 7.0 121.65585 13.4412 56.92077 218.0
3.0 7.0 3.0 83.12706 3.82454 87.99128 218.0
3.0 10.0 10.0 97.03894 3.9153 61.11284 1569.0
3.0 10.0 3.0 83.12706 3.82454 87.99128 1569.0
3.0 11.0 11.0 48.52219 14.09441 56.57872 1062.0
3.0 11.0 3.0 83.12706 3.82454 87.99128 1062.0
3.0 13.0 13.0 21.76289 31.17396 56.47199 6.0
3.0 13.0 3.0 83.12706 3.82454 87.99128 6.0
3.0 15.0 15.0 145.08752 26.52238 64.68792 14.0
3.0 15.0 3.0 83.12706 3.82454 87.99128 14.0
3.0 16.0 16.0 37.08134 39.11443 124.70341 12.0
3.0 16.0 3.0 83.12706 3.82454 87.99128 12.0
3.0 17.0 17.0 122.78194 11.00232 94.57617 1155.0
3.0 17.0 3.0 83.12706 3.82454 87.99128 1155.0
3.0 19.0 19.0 66.41457 15.76437 45.4309 432.0
3.0 19.0 3.0 83.12706 3.82454 87.99128 432.0
3.0 26.0 26.0 132.1159 45.18575 139.13717 1.0
3.0 26.0 3.0 83.12706 3.82454 87.99128 1.0
3.0 27.0 27.0 18.72646 45.3355 103.73165 1.0
3.0 27.0 3.0 83.12706 3.82454 87.99128 1.0
3.0 28.0 28.0 84.29433 38.97017 143.15931 5.0
3.0 28.0 3.0 83.12706 3.82454 87.99128 5.0
3.0 29.0 29.0 122.68311 20.58508 121.18037 215.0
3.0 29.0 3.0 83.12706 3.82454 87.99128 215.0
3.0 36.0 36.0 51.16935 19.48943 119.68567 137.0
3.0 36.0 3.0 83.12706 3.82454 87.99128 137.0
3.0 37.0 37.0 80.18381 11.04581 113.78101 2615.0
3.0 37.0 3.0 83.12706 3.82454 87.99128 2615.0
3.0 40.0 40.0 83.25223 23.52725 42.42754 131.0
3.0 40.0 3.0 83.12706 3.82454 87.99128 131.0
3.0 44.0 44.0 70.24505 22.70918 131.33575 60.0
3.0 44.0 3.0 83.12706 3.82454 87.99128 60.0
4.0 0.0 0.0 55.08598 48.89144 141.96445 18.0
4.0 0.0 4.0 72.11236 108.39707 139.68082 18.0
4.0 4.0 4.0 72.11236 108.39707 139.68082 6597.0
4.0 4.0 4.0 72.11236 108.39707 139.68082 6597.0
4.0 5.0 5.0 42.24518 126.8259 106.53484 5.0
4.0 5.0 4.0 72.11236 108.39707 139.68082 5.0
4.0 6.0 6.0 5.4036 84.42183 74.31785 2.0
4.0 6.0 4.0 72.11236 108.39707 139.68082 2.0
4.0 9.0 9.0 78.81112 139.84552 102.87833 277.0
4.0 9.0 4.0 72.11236 108.39707 139.68082 277.0
4.0 16.0 16.0 37.08134 39.11443 124.70341 2.0
4.0 16.0 4.0 72.11236 108.39707 139.68082 2.0
4.0 22.0 22.0 25.1102 79.83811 119.52117 504.0
4.0 22.0 4.0 72.11236 108.39707 139.68082 504.0
4.0 24.0 24.0 107.85629 87.21607 149.15041 1517.0
4.0 24.0 4.0 72.11236 108.39707 139.68082 1517.0
4.0 28.0 28.0 84.29433 38.97017 143.15931 5.0
4.0 28.0 4.0 72.11236 108.39707 139.68082 5.0
4.0 33.0 33.0 97.14208 49.94924 149.24034 6.0
4.0 33.0 4.0 72.11236 108.39707 139.68082 6.0
4.0 34.0 34.0 127.76896 111.25761 129.59004 862.0
4.0 34.0 4.0 72.11236 108.39707 139.68082 862.0
4.0 38.0 38.0 88.69806 68.41345 152.61624 225.0
4.0 38.0 4.0 72.11236 108.39707 139.68082 225.0
4.0 41.0 41.0 60.07803 126.04393 122.62262 2717.0
4.0 41.0 4.0 72.11236 108.39707 139.68082 2717.0
4.0 42.0 42.0 56.63474 85.23425 144.95931 2085.0
4.0 42.0 4.0 72.11236 108.39707 139.68082 2085.0
4.0 43.0 43.0 101.75103 137.71147 99.17498 77.0
4.0 43.0 4.0 72.11236 108.39707 139.68082 77.0
4.0 45.0 45.0 35.01991 116.1181 28.2897 1.0
4.0 45.0 4.0 72.11236 108.39707 139.68082 1.0
5.0 4.0 4.0 72.11236 108.39707 139.68082 4.0
5.0 4.0 5.0 42.24518 126.8259 106.53484 4.0
5.0 5.0 5.0 42.24518 126.8259 106.53484 4.0
5.0 5.0 5.0 42.24518 126.8259 106.53484 4.0
5.0 6.0 6.0 5.4036 84.42183 74.31785 14.0
5.0 6.0 5.0 42.24518 126.8259 106.53484 14.0
5.0 9.0 9.0 78.81112 139.84552 102.87833 38.0
5.0 9.0 5.0 42.24518 126.8259 106.53484 38.0
5.0 22.0 22.0 25.1102 79.83811 119.52117 32.0
5.0 22.0 5.0 42.24518 126.8259 106.53484 32.0
5.0 30.0 30.0 88.74475 139.93352 62.86456 6.0
5.0 30.0 5.0 42.24518 126.8259 106.53484 6.0
5.0 41.0 41.0 60.07803 126.04393 122.62262 118.0
5.0 41.0 5.0 42.24518 126.8259 106.53484 118.0
5.0 42.0 42.0 56.63474 85.23425 144.95931 3.0
5.0 42.0 5.0 42.24518 126.8259 106.53484 3.0
5.0 43.0 43.0 101.75103 137.71147 99.17498 1.0
5.0 43.0 5.0 42.24518 126.8259 106.53484 1.0
6.0 2.0 2.0 27.38592 25.34505 87.70803 533.0
6.0 2.0 6.0 5.4036 84.42183 74.31785 533.0
6.0 4.0 4.0 72.11236 108.39707 139.68082 5.0
6.0 4.0 6.0 5.4036 84.42183 74.31785 5.0
6.0 5.0 5.0 42.24518 126.8259 106.53484 10.0
6.0 5.0 6.0 5.4036 84.42183 74.31785 10.0
6.0 6.0 6.0 5.4036 84.42183 74.31785 17045.0
6.0 6.0 6.0 5.4036 84.42183 74.31785 17045.0
6.0 11.0 11.0 48.52219 14.09441 56.57872 1.0
6.0 11.0 6.0 5.4036 84.42183 74.31785 1.0
6.0 13.0 13.0 21.76289 31.17396 56.47199 411.0
6.0 13.0 6.0 5.4036 84.42183 74.31785 411.0
6.0 16.0 16.0 37.08134 39.11443 124.70341 12.0
6.0 16.0 6.0 5.4036 84.42183 74.31785 12.0
6.0 21.0 21.0 28.29869 78.10546 19.27457 655.0
6.0 21.0 6.0 5.4036 84.42183 74.31785 655.0
6.0 22.0 22.0 25.1102 79.83811 119.52117 2214.0
6.0 22.0 6.0 5.4036 84.42183 74.31785 2214.0
6.0 27.0 27.0 18.72646 45.3355 103.73165 840.0
6.0 27.0 6.0 5.4036 84.42183 74.31785 840.0
6.0 39.0 39.0 21.80365 50.15405 32.7877 1313.0
6.0 39.0 6.0 5.4036 84.42183 74.31785 1313.0
6.0 41.0 41.0 60.07803 126.04393 122.62262 25.0
6.0 41.0 6.0 5.4036 84.42183 74.31785 25.0
6.0 45.0 45.0 35.01991 116.1181 28.2897 1118.0
6.0 45.0 6.0 5.4036 84.42183 74.31785 1118.0
7.0 3.0 3.0 83.12706 3.82454 87.99128 218.0
7.0 3.0 7.0 121.65585 13.4412 56.92077 218.0
7.0 7.0 7.0 121.65585 13.4412 56.92077 4027.0
7.0 7.0 7.0 121.65585 13.4412 56.92077 4027.0
7.0 10.0 10.0 97.03894 3.9153 61.11284 1451.0
7.0 10.0 7.0 121.65585 13.4412 56.92077 1451.0
7.0 15.0 15.0 145.08752 26.52238 64.68792 1470.0
7.0 15.0 7.0 121.65585 13.4412 56.92077 1470.0
7.0 17.0 17.0 122.78194 11.00232 94.57617 795.0
7.0 17.0 7.0 121.65585 13.4412 56.92077 795.0
7.0 18.0 18.0 159.1994 24.83594 93.93605 35.0
7.0 18.0 7.0 121.65585 13.4412 56.92077 35.0
7.0 19.0 19.0 66.41457 15.76437 45.4309 11.0
7.0 19.0 7.0 121.65585 13.4412 56.92077 11.0
7.0 20.0 20.0 84.81369 53.48552 22.20669 33.0
7.0 20.0 7.0 121.65585 13.4412 56.92077 33.0
7.0 23.0 23.0 173.48549 43.56038 76.98056 13.0
7.0 23.0 7.0 121.65585 13.4412 56.92077 13.0
7.0 29.0 29.0 122.68311 20.58508 121.18037 13.0
7.0 29.0 7.0 121.65585 13.4412 56.92077 13.0
7.0 31.0 31.0 121.44389 38.66948 35.94457 1566.0
7.0 31.0 7.0 121.65585 13.4412 56.92077 1566.0
7.0 37.0 37.0 80.18381 11.04581 113.78101 3.0
7.0 37.0 7.0 121.65585 13.4412 56.92077 3.0
7.0 40.0 40.0 83.25223 23.52725 42.42754 312.0
7.0 40.0 7.0 121.65585 13.4412 56.92077 312.0
8.0 1.0 1.0 66.03331 89.01792 7.34181 79.0
8.0 1.0 8.0 89.56178 91.05634 30.24574 79.0
8.0 8.0 8.0 89.56178 91.05634 30.24574 9.0
8.0 8.0 8.0 89.56178 91.05634 30.24574 9.0
8.0 14.0 14.0 128.58002 116.17618 40.55925 14.0
8.0 14.0 8.0 89.56178 91.05634 30.24574 14.0
8.0 15.0 15.0 145.08752 26.52238 64.68792 1.0
8.0 15.0 8.0 89.56178 91.05634 30.24574 1.0
8.0 20.0 20.0 84.81369 53.48552 22.20669 103.0
8.0 20.0 8.0 89.56178 91.05634 30.24574 103.0
8.0 30.0 30.0 88.74475 139.93352 62.86456 32.0
8.0 30.0 8.0 89.56178 91.05634 30.24574 32.0
8.0 31.0 31.0 121.44389 38.66948 35.94457 10.0
8.0 31.0 8.0 89.56178 91.05634 30.24574 10.0
8.0 45.0 45.0 35.01991 116.1181 28.2897 4.0
8.0 45.0 8.0 89.56178 91.05634 30.24574 4.0
8.0 46.0 46.0 114.75433 130.31543 52.92967 23.0
8.0 46.0 8.0 89.56178 91.05634 30.24574 23.0
9.0 4.0 4.0 72.11236 108.39707 139.68082 298.0
9.0 4.0 9.0 78.81112 139.84552 102.87833 298.0
9.0 5.0 5.0 42.24518 126.8259 106.53484 39.0
9.0 5.0 9.0 78.81112 139.84552 102.87833 39.0
9.0 9.0 9.0 78.81112 139.84552 102.87833 5454.0
9.0 9.0 9.0 78.81112 139.84552 102.87833 5454.0
9.0 22.0 22.0 25.1102 79.83811 119.52117 1.0
9.0 22.0 9.0 78.81112 139.84552 102.87833 1.0
9.0 24.0 24.0 107.85629 87.21607 149.15041 22.0
9.0 24.0 9.0 78.81112 139.84552 102.87833 22.0
9.0 30.0 30.0 88.74475 139.93352 62.86456 1347.0
9.0 30.0 9.0 78.81112 139.84552 102.87833 1347.0
9.0 34.0 34.0 127.76896 111.25761 129.59004 580.0
9.0 34.0 9.0 78.81112 139.84552 102.87833 580.0
9.0 35.0 35.0 147.7825 121.1452 95.65217 18.0
9.0 35.0 9.0 78.81112 139.84552 102.87833 18.0
9.0 41.0 41.0 60.07803 126.04393 122.62262 2350.0
9.0 41.0 9.0 78.81112 139.84552 102.87833 2350.0
9.0 43.0 43.0 101.75103 137.71147 99.17498 2018.0
9.0 43.0 9.0 78.81112 139.84552 102.87833 2018.0
9.0 45.0 45.0 35.01991 116.1181 28.2897 4.0
9.0 45.0 9.0 78.81112 139.84552 102.87833 4.0
9.0 46.0 46.0 114.75433 130.31543 52.92967 1.0
9.0 46.0 9.0 78.81112 139.84552 102.87833 1.0
10.0 2.0 2.0 27.38592 25.34505 87.70803 2.0
10.0 2.0 10.0 97.03894 3.9153 61.11284 2.0
10.0 3.0 3.0 83.12706 3.82454 87.99128 1573.0
10.0 3.0 10.0 97.03894 3.9153 61.11284 1573.0
10.0 7.0 7.0 121.65585 13.4412 56.92077 1469.0
10.0 7.0 10.0 97.03894 3.9153 61.11284 1469.0
10.0 10.0 10.0 97.03894 3.9153 61.11284 4111.0
10.0 10.0 10.0 97.03894 3.9153 61.11284 4111.0
10.0 11.0 11.0 48.52219 14.09441 56.57872 189.0
10.0 11.0 10.0 97.03894 3.9153 61.11284 189.0
10.0 15.0 15.0 145.08752 26.52238 64.68792 69.0
10.0 15.0 10.0 97.03894 3.9153 61.11284 69.0
10.0 17.0 17.0 122.78194 11.00232 94.57617 444.0
10.0 17.0 10.0 97.03894 3.9153 61.11284 444.0
10.0 18.0 18.0 159.1994 24.83594 93.93605 2.0
10.0 18.0 10.0 97.03894 3.9153 61.11284 2.0
10.0 19.0 19.0 66.41457 15.76437 45.4309 564.0
10.0 19.0 10.0 97.03894 3.9153 61.11284 564.0
10.0 20.0 20.0 84.81369 53.48552 22.20669 37.0
10.0 20.0 10.0 97.03894 3.9153 61.11284 37.0
10.0 29.0 29.0 122.68311 20.58508 121.18037 5.0
10.0 29.0 10.0 97.03894 3.9153 61.11284 5.0
10.0 31.0 31.0 121.44389 38.66948 35.94457 395.0
10.0 31.0 10.0 97.03894 3.9153 61.11284 395.0
10.0 37.0 37.0 80.18381 11.04581 113.78101 47.0
10.0 37.0 10.0 97.03894 3.9153 61.11284 47.0
10.0 40.0 40.0 83.25223 23.52725 42.42754 1222.0
10.0 40.0 10.0 97.03894 3.9153 61.11284 1222.0
11.0 1.0 1.0 66.03331 89.01792 7.34181 20.0
11.0 1.0 11.0 48.52219 14.09441 56.57872 20.0
11.0 2.0 2.0 27.38592 25.34505 87.70803 1372.0
11.0 2.0 11.0 48.52219 14.09441 56.57872 1372.0
11.0 3.0 3.0 83.12706 3.82454 87.99128 1089.0
11.0 3.0 11.0 48.52219 14.09441 56.57872 1089.0
11.0 6.0 6.0 5.4036 84.42183 74.31785 1.0
11.0 6.0 11.0 48.52219 14.09441 56.57872 1.0
11.0 10.0 10.0 97.03894 3.9153 61.11284 187.0
11.0 10.0 11.0 48.52219 14.09441 56.57872 187.0
11.0 11.0 11.0 48.52219 14.09441 56.57872 8188.0
11.0 11.0 11.0 48.52219 14.09441 56.57872 8188.0
11.0 13.0 13.0 21.76289 31.17396 56.47199 1514.0
11.0 13.0 11.0 48.52219 14.09441 56.57872 1514.0
11.0 16.0 16.0 37.08134 39.11443 124.70341 15.0
11.0 16.0 11.0 48.52219 14.09441 56.57872 15.0
11.0 19.0 19.0 66.41457 15.76437 45.4309 2075.0
11.0 19.0 11.0 48.52219 14.09441 56.57872 2075.0
11.0 20.0 20.0 84.81369 53.48552 22.20669 271.0
11.0 20.0 11.0 48.52219 14.09441 56.57872 271.0
11.0 21.0 21.0 28.29869 78.10546 19.27457 27.0
11.0 21.0 11.0 48.52219 14.09441 56.57872 27.0
11.0 27.0 27.0 18.72646 45.3355 103.73165 7.0
11.0 27.0 11.0 48.52219 14.09441 56.57872 7.0
11.0 31.0 31.0 121.44389 38.66948 35.94457 3.0
11.0 31.0 11.0 48.52219 14.09441 56.57872 3.0
11.0 36.0 36.0 51.16935 19.48943 119.68567 72.0
11.0 36.0 11.0 48.52219 14.09441 56.57872 72.0
11.0 37.0 37.0 80.18381 11.04581 113.78101 262.0
11.0 37.0 11.0 48.52219 14.09441 56.57872 262.0
11.0 39.0 39.0 21.80365 50.15405 32.7877 863.0
11.0 39.0 11.0 48.52219 14.09441 56.57872 863.0
11.0 40.0 40.0 83.25223 23.52725 42.42754 534.0
11.0 40.0 11.0 48.52219 14.09441 56.57872 534.0
11.0 44.0 44.0 70.24505 22.70918 131.33575 4.0
11.0 44.0 11.0 48.52219 14.09441 56.57872 4.0
12.0 12.0 12.0 179.80707 86.39785 84.83152 5827.0
12.0 12.0 12.0 179.80707 86.39785 84.83152 5827.0
12.0 14.0 14.0 128.58002 116.17618 40.55925 5.0
12.0 14.0 12.0 179.80707 86.39785 84.83152 5.0
12.0 15.0 15.0 145.08752 26.52238 64.68792 34.0
12.0 15.0 12.0 179.80707 86.39785 84.83152 34.0
12.0 18.0 18.0 159.1994 24.83594 93.93605 12.0
12.0 18.0 12.0 179.80707 86.39785 84.83152 12.0
12.0 23.0 23.0 173.48549 43.56038 76.98056 567.0
12.0 23.0 12.0 179.80707 86.39785 84.83152 567.0
12.0 25.0 25.0 182.83848 63.98983 100.30396 1136.0
12.0 25.0 12.0 179.80707 86.39785 84.83152 1136.0
12.0 31.0 31.0 121.44389 38.66948 35.94457 11.0
12.0 31.0 12.0 179.80707 86.39785 84.83152 11.0
12.0 32.0 32.0 157.36967 89.29992 58.11665 1769.0
12.0 32.0 12.0 179.80707 86.39785 84.83152 1769.0
12.0 34.0 34.0 127.76896 111.25761 129.59004 94.0
12.0 34.0 12.0 179.80707 86.39785 84.83152 94.0
12.0 35.0 35.0 147.7825 121.1452 95.65217 1228.0
12.0 35.0 12.0 179.80707 86.39785 84.83152 1228.0
12.0 46.0 46.0 114.75433 130.31543 52.92967 4.0
12.0 46.0 12.0 179.80707 86.39785 84.83152 4.0
12.0 47.0 47.0 164.20016 62.77997 126.12303 419.0
12.0 47.0 12.0 179.80707 86.39785 84.83152 419.0
13.0 2.0 2.0 27.38592 25.34505 87.70803 1394.0
13.0 2.0 13.0 21.76289 31.17396 56.47199 1394.0
13.0 3.0 3.0 83.12706 3.82454 87.99128 5.0
13.0 3.0 13.0 21.76289 31.17396 56.47199 5.0
13.0 6.0 6.0 5.4036 84.42183 74.31785 407.0
13.0 6.0 13.0 21.76289 31.17396 56.47199 407.0
13.0 11.0 11.0 48.52219 14.09441 56.57872 1604.0
13.0 11.0 13.0 21.76289 31.17396 56.47199 1604.0
13.0 13.0 13.0 21.76289 31.17396 56.47199 3866.0
13.0 13.0 13.0 21.76289 31.17396 56.47199 3866.0
13.0 16.0 16.0 37.08134 39.11443 124.70341 1.0
13.0 16.0 13.0 21.76289 31.17396 56.47199 1.0
13.0 19.0 19.0 66.41457 15.76437 45.4309 79.0
13.0 19.0 13.0 21.76289 31.17396 56.47199 79.0
13.0 20.0 20.0 84.81369 53.48552 22.20669 8.0
13.0 20.0 13.0 21.76289 31.17396 56.47199 8.0
13.0 21.0 21.0 28.29869 78.10546 19.27457 10.0
13.0 21.0 13.0 21.76289 31.17396 56.47199 10.0
13.0 22.0 22.0 25.1102 79.83811 119.52117 4.0
13.0 22.0 13.0 21.76289 31.17396 56.47199 4.0
13.0 27.0 27.0 18.72646 45.3355 103.73165 96.0
13.0 27.0 13.0 21.76289 31.17396 56.47199 96.0
13.0 36.0 36.0 51.16935 19.48943 119.68567 2.0
13.0 36.0 13.0 21.76289 31.17396 56.47199 2.0
13.0 37.0 37.0 80.18381 11.04581 113.78101 3.0
13.0 37.0 13.0 21.76289 31.17396 56.47199 3.0
13.0 39.0 39.0 21.80365 50.15405 32.7877 1751.0
13.0 39.0 13.0 21.76289 31.17396 56.47199 1751.0
13.0 40.0 40.0 83.25223 23.52725 42.42754 3.0
13.0 40.0 13.0 21.76289 31.17396 56.47199 3.0
14.0 1.0 1.0 66.03331 89.01792 7.34181 72.0
14.0 1.0 14.0 128.58002 116.17618 40.55925 72.0
14.0 8.0 8.0 89.56178 91.05634 30.24574 10.0
14.0 8.0 14.0 128.58002 116.17618 40.55925 10.0
14.0 12.0 12.0 179.80707 86.39785 84.83152 9.0
14.0 12.0 14.0 128.58002 116.17618 40.55925 9.0
14.0 14.0 14.0 128.58002 116.17618 40.55925 8662.0
14.0 14.0 14.0 128.58002 116.17618 40.55925 8662.0
14.0 20.0 20.0 84.81369 53.48552 22.20669 10.0
14.0 20.0 14.0 128.58002 116.17618 40.55925 10.0
14.0 30.0 30.0 88.74475 139.93352 62.86456 229.0
14.0 30.0 14.0 128.58002 116.17618 40.55925 229.0
14.0 31.0 31.0 121.44389 38.66948 35.94457 7.0
14.0 31.0 14.0 128.58002 116.17618 40.55925 7.0
14.0 32.0 32.0 157.36967 89.29992 58.11665 1512.0
14.0 32.0 14.0 128.58002 116.17618 40.55925 1512.0
14.0 35.0 35.0 147.7825 121.1452 95.65217 326.0
14.0 35.0 14.0 128.58002 116.17618 40.55925 326.0
14.0 43.0 43.0 101.75103 137.71147 99.17498 1.0
14.0 43.0 14.0 128.58002 116.17618 40.55925 1.0
14.0 45.0 45.0 35.01991 116.1181 28.2897 1.0
14.0 45.0 14.0 128.58002 116.17618 40.55925 1.0
14.0 46.0 46.0 114.75433 130.31543 52.92967 3093.0
14.0 46.0 14.0 128.58002 116.17618 40.55925 3093.0
15.0 3.0 3.0 83.12706 3.82454 87.99128 21.0
15.0 3.0 15.0 145.08752 26.52238 64.68792 21.0
15.0 7.0 7.0 121.65585 13.4412 56.92077 1503.0
15.0 7.0 15.0 145.08752 26.52238 64.68792 1503.0
15.0 10.0 10.0 97.03894 3.9153 61.11284 70.0
15.0 10.0 15.0 145.08752 26.52238 64.68792 70.0
15.0 12.0 12.0 179.80707 86.39785 84.83152 33.0
15.0 12.0 15.0 145.08752 26.52238 64.68792 33.0
15.0 15.0 15.0 145.08752 26.52238 64.68792 5031.0
15.0 15.0 15.0 145.08752 26.52238 64.68792 5031.0
15.0 17.0 17.0 122.78194 11.00232 94.57617 881.0
15.0 17.0 15.0 145.08752 26.52238 64.68792 881.0
15.0 18.0 18.0 159.1994 24.83594 93.93605 1007.0
15.0 18.0 15.0 145.08752 26.52238 64.68792 1007.0
15.0 23.0 23.0 173.48549 43.56038 76.98056 725.0
15.0 23.0 15.0 145.08752 26.52238 64.68792 725.0
15.0 25.0 25.0 182.83848 63.98983 100.30396 7.0
15.0 25.0 15.0 145.08752 26.52238 64.68792 7.0
15.0 26.0 26.0 132.1159 45.18575 139.13717 7.0
15.0 26.0 15.0 145.08752 26.52238 64.68792 7.0
15.0 29.0 29.0 122.68311 20.58508 121.18037 55.0
15.0 29.0 15.0 145.08752 26.52238 64.68792 55.0
15.0 31.0 31.0 121.44389 38.66948 35.94457 1408.0
15.0 31.0 15.0 145.08752 26.52238 64.68792 1408.0
15.0 32.0 32.0 157.36967 89.29992 58.11665 352.0
15.0 32.0 15.0 145.08752 26.52238 64.68792 352.0
15.0 37.0 37.0 80.18381 11.04581 113.78101 1.0
15.0 37.0 15.0 145.08752 26.52238 64.68792 1.0
15.0 40.0 40.0 83.25223 23.52725 42.42754 3.0
15.0 40.0 15.0 145.08752 26.52238 64.68792 3.0
15.0 47.0 47.0 164.20016 62.77997 126.12303 11.0
15.0 47.0 15.0 145.08752 26.52238 64.68792 11.0
16.0 0.0 0.0 55.08598 48.89144 141.96445 1401.0
16.0 0.0 16.0 37.08134 39.11443 124.70341 1401.0
16.0 2.0 2.0 27.38592 25.34505 87.70803 731.0
16.0 2.0 16.0 37.08134 39.11443 124.70341 731.0
16.0 3.0 3.0 83.12706 3.82454 87.99128 16.0
16.0 3.0 16.0 37.08134 39.11443 124.70341 16.0
16.0 4.0 4.0 72.11236 108.39707 139.68082 1.0
16.0 4.0 16.0 37.08134 39.11443 124.70341 1.0
16.0 6.0 6.0 5.4036 84.42183 74.31785 6.0
16.0 6.0 16.0 37.08134 39.11443 124.70341 6.0
16.0 11.0 11.0 48.52219 14.09441 56.57872 16.0
16.0 11.0 16.0 37.08134 39.11443 124.70341 16.0
16.0 13.0 13.0 21.76289 31.17396 56.47199 2.0
16.0 13.0 16.0 37.08134 39.11443 124.70341 2.0
16.0 16.0 16.0 37.08134 39.11443 124.70341 4214.0
16.0 16.0 16.0 37.08134 39.11443 124.70341 4214.0
16.0 22.0 22.0 25.1102 79.83811 119.52117 1261.0
16.0 22.0 16.0 37.08134 39.11443 124.70341 1261.0
16.0 23.0 23.0 173.48549 43.56038 76.98056 1.0
16.0 23.0 16.0 37.08134 39.11443 124.70341 1.0
16.0 26.0 26.0 132.1159 45.18575 139.13717 1.0
16.0 26.0 16.0 37.08134 39.11443 124.70341 1.0
16.0 27.0 27.0 18.72646 45.3355 103.73165 1164.0
16.0 27.0 16.0 37.08134 39.11443 124.70341 1164.0
16.0 28.0 28.0 84.29433 38.97017 143.15931 51.0
16.0 28.0 16.0 37.08134 39.11443 124.70341 51.0
16.0 33.0 33.0 97.14208 49.94924 149.24034 5.0
16.0 33.0 16.0 37.08134 39.11443 124.70341 5.0
16.0 36.0 36.0 51.16935 19.48943 119.68567 1073.0
16.0 36.0 16.0 37.08134 39.11443 124.70341 1073.0
16.0 37.0 37.0 80.18381 11.04581 113.78101 158.0
16.0 37.0 16.0 37.08134 39.11443 124.70341 158.0
16.0 38.0 38.0 88.69806 68.41345 152.61624 14.0
16.0 38.0 16.0 37.08134 39.11443 124.70341 14.0
16.0 42.0 42.0 56.63474 85.23425 144.95931 180.0
16.0 42.0 16.0 37.08134 39.11443 124.70341 180.0
16.0 44.0 44.0 70.24505 22.70918 131.33575 243.0
16.0 44.0 16.0 37.08134 39.11443 124.70341 243.0
17.0 3.0 3.0 83.12706 3.82454 87.99128 1189.0
17.0 3.0 17.0 122.78194 11.00232 94.57617 1189.0
17.0 7.0 7.0 121.65585 13.4412 56.92077 805.0
17.0 7.0 17.0 122.78194 11.00232 94.57617 805.0
17.0 10.0 10.0 97.03894 3.9153 61.11284 484.0
17.0 10.0 17.0 122.78194 11.00232 94.57617 484.0
17.0 15.0 15.0 145.08752 26.52238 64.68792 883.0
17.0 15.0 17.0 122.78194 11.00232 94.57617 883.0
17.0 17.0 17.0 122.78194 11.00232 94.57617 5008.0
17.0 17.0 17.0 122.78194 11.00232 94.57617 5008.0
17.0 18.0 18.0 159.1994 24.83594 93.93605 601.0
17.0 18.0 17.0 122.78194 11.00232 94.57617 601.0
17.0 19.0 19.0 66.41457 15.76437 45.4309 2.0
17.0 19.0 17.0 122.78194 11.00232 94.57617 2.0
17.0 23.0 23.0 173.48549 43.56038 76.98056 8.0
17.0 23.0 17.0 122.78194 11.00232 94.57617 8.0
17.0 26.0 26.0 132.1159 45.18575 139.13717 71.0
17.0 26.0 17.0 122.78194 11.00232 94.57617 71.0
17.0 28.0 28.0 84.29433 38.97017 143.15931 11.0
17.0 28.0 17.0 122.78194 11.00232 94.57617 11.0
17.0 29.0 29.0 122.68311 20.58508 121.18037 1485.0
17.0 29.0 17.0 122.78194 11.00232 94.57617 1485.0
17.0 31.0 31.0 121.44389 38.66948 35.94457 6.0
17.0 31.0 17.0 122.78194 11.00232 94.57617 6.0
17.0 33.0 33.0 97.14208 49.94924 149.24034 1.0
17.0 33.0 17.0 122.78194 11.00232 94.57617 1.0
17.0 37.0 37.0 80.18381 11.04581 113.78101 484.0
17.0 37.0 17.0 122.78194 11.00232 94.57617 484.0
17.0 40.0 40.0 83.25223 23.52725 42.42754 4.0
17.0 40.0 17.0 122.78194 11.00232 94.57617 4.0
17.0 44.0 44.0 70.24505 22.70918 131.33575 3.0
17.0 44.0 17.0 122.78194 11.00232 94.57617 3.0
17.0 45.0 45.0 35.01991 116.1181 28.2897 1.0
17.0 45.0 17.0 122.78194 11.00232 94.57617 1.0
17.0 47.0 47.0 164.20016 62.77997 126.12303 17.0
17.0 47.0 17.0 122.78194 11.00232 94.57617 17.0
18.0 3.0 3.0 83.12706 3.82454 87.99128 1.0
18.0 3.0 18.0 159.1994 24.83594 93.93605 1.0
18.0 7.0 7.0 121.65585 13.4412 56.92077 43.0
18.0 7.0 18.0 159.1994 24.83594 93.93605 43.0
18.0 12.0 12.0 179.80707 86.39785 84.83152 10.0
18.0 12.0 18.0 159.1994 24.83594 93.93605 10.0
18.0 15.0 15.0 145.08752 26.52238 64.68792 1109.0
18.0 15.0 18.0 159.1994 24.83594 93.93605 1109.0
18.0 17.0 17.0 122.78194 11.00232 94.57617 619.0
18.0 17.0 18.0 159.1994 24.83594 93.93605 619.0
18.0 18.0 18.0 159.1994 24.83594 93.93605 3175.0
18.0 18.0 18.0 159.1994 24.83594 93.93605 3175.0
18.0 23.0 23.0 173.48549 43.56038 76.98056 970.0
18.0 23.0 18.0 159.1994 24.83594 93.93605 970.0
18.0 25.0 25.0 182.83848 63.98983 100.30396 104.0
18.0 25.0 18.0 159.1994 24.83594 93.93605 104.0
18.0 26.0 26.0 132.1159 45.18575 139.13717 220.0
18.0 26.0 18.0 159.1994 24.83594 93.93605 220.0
18.0 29.0 29.0 122.68311 20.58508 121.18037 566.0
18.0 29.0 18.0 159.1994 24.83594 93.93605 566.0
18.0 31.0 31.0 121.44389 38.66948 35.94457 10.0
18.0 31.0 18.0 159.1994 24.83594 93.93605 10.0
18.0 32.0 32.0 157.36967 89.29992 58.11665 11.0
18.0 32.0 18.0 159.1994 24.83594 93.93605 11.0
18.0 37.0 37.0 80.18381 11.04581 113.78101 3.0
18.0 37.0 18.0 159.1994 24.83594 93.93605 3.0
18.0 47.0 47.0 164.20016 62.77997 126.12303 623.0
18.0 47.0 18.0 159.1994 24.83594 93.93605 623.0
19.0 1.0 1.0 66.03331 89.01792 7.34181 22.0
19.0 1.0 19.0 66.41457 15.76437 45.4309 22.0
19.0 2.0 2.0 27.38592 25.34505 87.70803 14.0
19.0 2.0 19.0 66.41457 15.76437 45.4309 14.0
19.0 3.0 3.0 83.12706 3.82454 87.99128 456.0
19.0 3.0 19.0 66.41457 15.76437 45.4309 456.0
19.0 7.0 7.0 121.65585 13.4412 56.92077 9.0
19.0 7.0 19.0 66.41457 15.76437 45.4309 9.0
19.0 10.0 10.0 97.03894 3.9153 61.11284 563.0
19.0 10.0 19.0 66.41457 15.76437 45.4309 563.0
19.0 11.0 11.0 48.52219 14.09441 56.57872 1903.0
19.0 11.0 19.0 66.41457 15.76437 45.4309 1903.0
19.0 13.0 13.0 21.76289 31.17396 56.47199 67.0
19.0 13.0 19.0 66.41457 15.76437 45.4309 67.0
19.0 17.0 17.0 122.78194 11.00232 94.57617 1.0
19.0 17.0 19.0 66.41457 15.76437 45.4309 1.0
19.0 19.0 19.0 66.41457 15.76437 45.4309 2137.0
19.0 19.0 19.0 66.41457 15.76437 45.4309 2137.0
19.0 20.0 20.0 84.81369 53.48552 22.20669 563.0
19.0 20.0 19.0 66.41457 15.76437 45.4309 563.0
19.0 21.0 21.0 28.29869 78.10546 19.27457 18.0
19.0 21.0 19.0 66.41457 15.76437 45.4309 18.0
19.0 31.0 31.0 121.44389 38.66948 35.94457 31.0
19.0 31.0 19.0 66.41457 15.76437 45.4309 31.0
19.0 37.0 37.0 80.18381 11.04581 113.78101 21.0
19.0 37.0 19.0 66.41457 15.76437 45.4309 21.0
19.0 39.0 39.0 21.80365 50.15405 32.7877 220.0
19.0 39.0 19.0 66.41457 15.76437 45.4309 220.0
19.0 40.0 40.0 83.25223 23.52725 42.42754 1573.0
19.0 40.0 19.0 66.41457 15.76437 45.4309 1573.0
20.0 1.0 1.0 66.03331 89.01792 7.34181 2133.0
20.0 1.0 20.0 84.81369 53.48552 22.20669 2133.0
20.0 7.0 7.0 121.65585 13.4412 56.92077 9.0
20.0 7.0 20.0 84.81369 53.48552 22.20669 9.0
20.0 8.0 8.0 89.56178 91.05634 30.24574 96.0
20.0 8.0 20.0 84.81369 53.48552 22.20669 96.0
20.0 10.0 10.0 97.03894 3.9153 61.11284 28.0
20.0 10.0 20.0 84.81369 53.48552 22.20669 28.0
20.0 11.0 11.0 48.52219 14.09441 56.57872 260.0
20.0 11.0 20.0 84.81369 53.48552 22.20669 260.0
20.0 12.0 12.0 179.80707 86.39785 84.83152 1.0
20.0 12.0 20.0 84.81369 53.48552 22.20669 1.0
20.0 13.0 13.0 21.76289 31.17396 56.47199 7.0
20.0 13.0 20.0 84.81369 53.48552 22.20669 7.0
20.0 14.0 14.0 128.58002 116.17618 40.55925 6.0
20.0 14.0 20.0 84.81369 53.48552 22.20669 6.0
20.0 15.0 15.0 145.08752 26.52238 64.68792 1.0
20.0 15.0 20.0 84.81369 53.48552 22.20669 1.0
20.0 19.0 19.0 66.41457 15.76437 45.4309 549.0
20.0 19.0 20.0 84.81369 53.48552 22.20669 549.0
20.0 20.0 20.0 84.81369 53.48552 22.20669 14199.0
20.0 20.0 20.0 84.81369 53.48552 22.20669 14199.0
20.0 21.0 21.0 28.29869 78.10546 19.27457 245.0
20.0 21.0 20.0 84.81369 53.48552 22.20669 245.0
20.0 31.0 31.0 121.44389 38.66948 35.94457 2276.0
20.0 31.0 20.0 84.81369 53.48552 22.20669 2276.0
20.0 32.0 32.0 157.36967 89.29992 58.11665 7.0
20.0 32.0 20.0 84.81369 53.48552 22.20669 7.0
20.0 39.0 39.0 21.80365 50.15405 32.7877 493.0
20.0 39.0 20.0 84.81369 53.48552 22.20669 493.0
20.0 40.0 40.0 83.25223 23.52725 42.42754 1656.0
20.0 40.0 20.0 84.81369 53.48552 22.20669 1656.0
20.0 45.0 45.0 35.01991 116.1181 28.2897 2.0
20.0 45.0 20.0 84.81369 53.48552 22.20669 2.0
20.0 46.0 46.0 114.75433 130.31543 52.92967 1.0
20.0 46.0 20.0 84.81369 53.48552 22.20669 1.0
21.0 1.0 1.0 66.03331 89.01792 7.34181 1482.0
21.0 1.0 21.0 28.29869 78.10546 19.27457 1482.0
21.0 6.0 6.0 5.4036 84.42183 74.31785 600.0
21.0 6.0 21.0 28.29869 78.10546 19.27457 600.0
21.0 11.0 11.0 48.52219 14.09441 56.57872 32.0
21.0 11.0 21.0 28.29869 78.10546 19.27457 32.0
21.0 13.0 13.0 21.76289 31.17396 56.47199 7.0
21.0 13.0 21.0 28.29869 78.10546 19.27457 7.0
21.0 19.0 19.0 66.41457 15.76437 45.4309 14.0
21.0 19.0 21.0 28.29869 78.10546 19.27457 14.0
21.0 20.0 20.0 84.81369 53.48552 22.20669 254.0
21.0 20.0 21.0 28.29869 78.10546 19.27457 254.0
21.0 21.0 21.0 28.29869 78.10546 19.27457 6314.0
21.0 21.0 21.0 28.29869 78.10546 19.27457 6314.0
21.0 39.0 39.0 21.80365 50.15405 32.7877 2296.0
21.0 39.0 21.0 28.29869 78.10546 19.27457 2296.0
21.0 40.0 40.0 83.25223 23.52725 42.42754 3.0
21.0 40.0 21.0 28.29869 78.10546 19.27457 3.0
21.0 45.0 45.0 35.01991 116.1181 28.2897 1903.0
21.0 45.0 21.0 28.29869 78.10546 19.27457 1903.0
22.0 0.0 0.0 55.08598 48.89144 141.96445 613.0
22.0 0.0 22.0 25.1102 79.83811 119.52117 613.0
22.0 2.0 2.0 27.38592 25.34505 87.70803 76.0
22.0 2.0 22.0 25.1102 79.83811 119.52117 76.0
22.0 4.0 4.0 72.11236 108.39707 139.68082 485.0
22.0 4.0 22.0 25.1102 79.83811 119.52117 485.0
22.0 5.0 5.0 42.24518 126.8259 106.53484 43.0
22.0 5.0 22.0 25.1102 79.83811 119.52117 43.0
22.0 6.0 6.0 5.4036 84.42183 74.31785 2070.0
22.0 6.0 22.0 25.1102 79.83811 119.52117 2070.0
22.0 13.0 13.0 21.76289 31.17396 56.47199 4.0
22.0 13.0 22.0 25.1102 79.83811 119.52117 4.0
22.0 16.0 16.0 37.08134 39.11443 124.70341 1224.0
22.0 16.0 22.0 25.1102 79.83811 119.52117 1224.0
22.0 22.0 22.0 25.1102 79.83811 119.52117 14410.0
22.0 22.0 22.0 25.1102 79.83811 119.52117 14410.0
22.0 27.0 27.0 18.72646 45.3355 103.73165 1332.0
22.0 27.0 22.0 25.1102 79.83811 119.52117 1332.0
22.0 28.0 28.0 84.29433 38.97017 143.15931 20.0
22.0 28.0 22.0 25.1102 79.83811 119.52117 20.0
22.0 33.0 33.0 97.14208 49.94924 149.24034 3.0
22.0 33.0 22.0 25.1102 79.83811 119.52117 3.0
22.0 36.0 36.0 51.16935 19.48943 119.68567 16.0
22.0 36.0 22.0 25.1102 79.83811 119.52117 16.0
22.0 37.0 37.0 80.18381 11.04581 113.78101 1.0
22.0 37.0 22.0 25.1102 79.83811 119.52117 1.0
22.0 38.0 38.0 88.69806 68.41345 152.61624 23.0
22.0 38.0 22.0 25.1102 79.83811 119.52117 23.0
22.0 41.0 41.0 60.07803 126.04393 122.62262 824.0
22.0 41.0 22.0 25.1102 79.83811 119.52117 824.0
22.0 42.0 42.0 56.63474 85.23425 144.95931 1657.0
22.0 42.0 22.0 25.1102 79.83811 119.52117 1657.0
22.0 43.0 43.0 101.75103 137.71147 99.17498 1.0
22.0 43.0 22.0 25.1102 79.83811 119.52117 1.0
22.0 44.0 44.0 70.24505 22.70918 131.33575 2.0
22.0 44.0 22.0 25.1102 79.83811 119.52117 2.0
23.0 7.0 7.0 121.65585 13.4412 56.92077 15.0
23.0 7.0 23.0 173.48549 43.56038 76.98056 15.0
23.0 12.0 12.0 179.80707 86.39785 84.83152 576.0
23.0 12.0 23.0 173.48549 43.56038 76.98056 576.0
23.0 15.0 15.0 145.08752 26.52238 64.68792 775.0
23.0 15.0 23.0 173.48549 43.56038 76.98056 775.0
23.0 17.0 17.0 122.78194 11.00232 94.57617 7.0
23.0 17.0 23.0 173.48549 43.56038 76.98056 7.0
23.0 18.0 18.0 159.1994 24.83594 93.93605 1038.0
23.0 18.0 23.0 173.48549 43.56038 76.98056 1038.0
23.0 23.0 23.0 173.48549 43.56038 76.98056 3267.0
23.0 23.0 23.0 173.48549 43.56038 76.98056 3267.0
23.0 25.0 25.0 182.83848 63.98983 100.30396 766.0
23.0 25.0 23.0 173.48549 43.56038 76.98056 766.0
23.0 26.0 26.0 132.1159 45.18575 139.13717 10.0
23.0 26.0 23.0 173.48549 43.56038 76.98056 10.0
23.0 29.0 29.0 122.68311 20.58508 121.18037 9.0
23.0 29.0 23.0 173.48549 43.56038 76.98056 9.0
23.0 31.0 31.0 121.44389 38.66948 35.94457 127.0
23.0 31.0 23.0 173.48549 43.56038 76.98056 127.0
23.0 32.0 32.0 157.36967 89.29992 58.11665 520.0
23.0 32.0 23.0 173.48549 43.56038 76.98056 520.0
23.0 37.0 37.0 80.18381 11.04581 113.78101 1.0
23.0 37.0 23.0 173.48549 43.56038 76.98056 1.0
23.0 47.0 47.0 164.20016 62.77997 126.12303 325.0
23.0 47.0 23.0 173.48549 43.56038 76.98056 325.0
24.0 0.0 0.0 55.08598 48.89144 141.96445 7.0
24.0 0.0 24.0 107.85629 87.21607 149.15041 7.0
24.0 4.0 4.0 72.11236 108.39707 139.68082 1531.0
24.0 4.0 24.0 107.85629 87.21607 149.15041 1531.0
24.0 9.0 9.0 78.81112 139.84552 102.87833 21.0
24.0 9.0 24.0 107.85629 87.21607 149.15041 21.0
24.0 24.0 24.0 107.85629 87.21607 149.15041 8791.0
24.0 24.0 24.0 107.85629 87.21607 149.15041 8791.0
24.0 26.0 26.0 132.1159 45.18575 139.13717 905.0
24.0 26.0 24.0 107.85629 87.21607 149.15041 905.0
24.0 28.0 28.0 84.29433 38.97017 143.15931 39.0
24.0 28.0 24.0 107.85629 87.21607 149.15041 39.0
24.0 30.0 30.0 88.74475 139.93352 62.86456 1.0
24.0 30.0 24.0 107.85629 87.21607 149.15041 1.0
24.0 33.0 33.0 97.14208 49.94924 149.24034 463.0
24.0 33.0 24.0 107.85629 87.21607 149.15041 463.0
24.0 34.0 34.0 127.76896 111.25761 129.59004 2581.0
24.0 34.0 24.0 107.85629 87.21607 149.15041 2581.0
24.0 35.0 35.0 147.7825 121.1452 95.65217 5.0
24.0 35.0 24.0 107.85629 87.21607 149.15041 5.0
24.0 38.0 38.0 88.69806 68.41345 152.61624 1932.0
24.0 38.0 24.0 107.85629 87.21607 149.15041 1932.0
24.0 41.0 41.0 60.07803 126.04393 122.62262 76.0
24.0 41.0 24.0 107.85629 87.21607 149.15041 76.0
24.0 42.0 42.0 56.63474 85.23425 144.95931 540.0
24.0 42.0 24.0 107.85629 87.21607 149.15041 540.0
24.0 43.0 43.0 101.75103 137.71147 99.17498 7.0
24.0 43.0 24.0 107.85629 87.21607 149.15041 7.0
24.0 44.0 44.0 70.24505 22.70918 131.33575 2.0
24.0 44.0 24.0 107.85629 87.21607 149.15041 2.0
24.0 47.0 47.0 164.20016 62.77997 126.12303 201.0
24.0 47.0 24.0 107.85629 87.21607 149.15041 201.0
25.0 7.0 7.0 121.65585 13.4412 56.92077 1.0
25.0 7.0 25.0 182.83848 63.98983 100.30396 1.0
25.0 12.0 12.0 179.80707 86.39785 84.83152 1183.0
25.0 12.0 25.0 182.83848 63.98983 100.30396 1183.0
25.0 15.0 15.0 145.08752 26.52238 64.68792 8.0
25.0 15.0 25.0 182.83848 63.98983 100.30396 8.0
25.0 18.0 18.0 159.1994 24.83594 93.93605 116.0
25.0 18.0 25.0 182.83848 63.98983 100.30396 116.0
25.0 23.0 23.0 173.48549 43.56038 76.98056 729.0
25.0 23.0 25.0 182.83848 63.98983 100.30396 729.0
25.0 25.0 25.0 182.83848 63.98983 100.30396 2205.0
25.0 25.0 25.0 182.83848 63.98983 100.30396 2205.0
25.0 26.0 26.0 132.1159 45.18575 139.13717 5.0
25.0 26.0 25.0 182.83848 63.98983 100.30396 5.0
25.0 32.0 32.0 157.36967 89.29992 58.11665 44.0
25.0 32.0 25.0 182.83848 63.98983 100.30396 44.0
25.0 34.0 34.0 127.76896 111.25761 129.59004 29.0
25.0 34.0 25.0 182.83848 63.98983 100.30396 29.0
25.0 35.0 35.0 147.7825 121.1452 95.65217 77.0
25.0 35.0 25.0 182.83848 63.98983 100.30396 77.0
25.0 46.0 46.0 114.75433 130.31543 52.92967 1.0
25.0 46.0 25.0 182.83848 63.98983 100.30396 1.0
25.0 47.0 47.0 164.20016 62.77997 126.12303 1251.0
25.0 47.0 25.0 182.83848 63.98983 100.30396 1251.0
26.0 0.0 0.0 55.08598 48.89144 141.96445 1.0
26.0 0.0 26.0 132.1159 45.18575 139.13717 1.0
26.0 3.0 3.0 83.12706 3.82454 87.99128 4.0
26.0 3.0 26.0 132.1159 45.18575 139.13717 4.0
26.0 15.0 15.0 145.08752 26.52238 64.68792 1.0
26.0 15.0 26.0 132.1159 45.18575 139.13717 1.0
26.0 17.0 17.0 122.78194 11.00232 94.57617 90.0
26.0 17.0 26.0 132.1159 45.18575 139.13717 90.0
26.0 18.0 18.0 159.1994 24.83594 93.93605 224.0
26.0 18.0 26.0 132.1159 45.18575 139.13717 224.0
26.0 23.0 23.0 173.48549 43.56038 76.98056 2.0
26.0 23.0 26.0 132.1159 45.18575 139.13717 2.0
26.0 24.0 24.0 107.85629 87.21607 149.15041 994.0
26.0 24.0 26.0 132.1159 45.18575 139.13717 994.0
26.0 25.0 25.0 182.83848 63.98983 100.30396 4.0
26.0 25.0 26.0 132.1159 45.18575 139.13717 4.0
26.0 26.0 26.0 132.1159 45.18575 139.13717 8006.0
26.0 26.0 26.0 132.1159 45.18575 139.13717 8006.0
26.0 28.0 28.0 84.29433 38.97017 143.15931 451.0
26.0 28.0 26.0 132.1159 45.18575 139.13717 451.0
26.0 29.0 29.0 122.68311 20.58508 121.18037 1834.0
26.0 29.0 26.0 132.1159 45.18575 139.13717 1834.0
26.0 33.0 33.0 97.14208 49.94924 149.24034 1065.0
26.0 33.0 26.0 132.1159 45.18575 139.13717 1065.0
26.0 34.0 34.0 127.76896 111.25761 129.59004 286.0
26.0 34.0 26.0 132.1159 45.18575 139.13717 286.0
26.0 35.0 35.0 147.7825 121.1452 95.65217 1.0
26.0 35.0 26.0 132.1159 45.18575 139.13717 1.0
26.0 37.0 37.0 80.18381 11.04581 113.78101 108.0
26.0 37.0 26.0 132.1159 45.18575 139.13717 108.0
26.0 38.0 38.0 88.69806 68.41345 152.61624 416.0
26.0 38.0 26.0 132.1159 45.18575 139.13717 416.0
26.0 44.0 44.0 70.24505 22.70918 131.33575 13.0
26.0 44.0 26.0 132.1159 45.18575 139.13717 13.0
26.0 47.0 47.0 164.20016 62.77997 126.12303 1666.0
26.0 47.0 26.0 132.1159 45.18575 139.13717 1666.0
27.0 0.0 0.0 55.08598 48.89144 141.96445 47.0
27.0 0.0 27.0 18.72646 45.3355 103.73165 47.0
27.0 2.0 2.0 27.38592 25.34505 87.70803 1584.0
27.0 2.0 27.0 18.72646 45.3355 103.73165 1584.0
27.0 3.0 3.0 83.12706 3.82454 87.99128 3.0
27.0 3.0 27.0 18.72646 45.3355 103.73165 3.0
27.0 6.0 6.0 5.4036 84.42183 74.31785 789.0
27.0 6.0 27.0 18.72646 45.3355 103.73165 789.0
27.0 11.0 11.0 48.52219 14.09441 56.57872 18.0
27.0 11.0 27.0 18.72646 45.3355 103.73165 18.0
27.0 13.0 13.0 21.76289 31.17396 56.47199 130.0
27.0 13.0 27.0 18.72646 45.3355 103.73165 130.0
27.0 16.0 16.0 37.08134 39.11443 124.70341 1296.0
27.0 16.0 27.0 18.72646 45.3355 103.73165 1296.0
27.0 22.0 22.0 25.1102 79.83811 119.52117 1339.0
27.0 22.0 27.0 18.72646 45.3355 103.73165 1339.0
27.0 27.0 27.0 18.72646 45.3355 103.73165 3337.0
27.0 27.0 27.0 18.72646 45.3355 103.73165 3337.0
27.0 36.0 36.0 51.16935 19.48943 119.68567 87.0
27.0 36.0 27.0 18.72646 45.3355 103.73165 87.0
27.0 37.0 37.0 80.18381 11.04581 113.78101 10.0
27.0 37.0 27.0 18.72646 45.3355 103.73165 10.0
27.0 39.0 39.0 21.80365 50.15405 32.7877 22.0
27.0 39.0 27.0 18.72646 45.3355 103.73165 22.0
27.0 42.0 42.0 56.63474 85.23425 144.95931 3.0
27.0 42.0 27.0 18.72646 45.3355 103.73165 3.0
27.0 44.0 44.0 70.24505 22.70918 131.33575 8.0
27.0 44.0 27.0 18.72646 45.3355 103.73165 8.0
28.0 0.0 0.0 55.08598 48.89144 141.96445 1118.0
28.0 0.0 28.0 84.29433 38.97017 143.15931 1118.0
28.0 3.0 3.0 83.12706 3.82454 87.99128 5.0
28.0 3.0 28.0 84.29433 38.97017 143.15931 5.0
28.0 4.0 4.0 72.11236 108.39707 139.68082 5.0
28.0 4.0 28.0 84.29433 38.97017 143.15931 5.0
28.0 16.0 16.0 37.08134 39.11443 124.70341 47.0
28.0 16.0 28.0 84.29433 38.97017 143.15931 47.0
28.0 17.0 17.0 122.78194 11.00232 94.57617 10.0
28.0 17.0 28.0 84.29433 38.97017 143.15931 10.0
28.0 22.0 22.0 25.1102 79.83811 119.52117 15.0
28.0 22.0 28.0 84.29433 38.97017 143.15931 15.0
28.0 24.0 24.0 107.85629 87.21607 149.15041 37.0
28.0 24.0 28.0 84.29433 38.97017 143.15931 37.0
28.0 26.0 26.0 132.1159 45.18575 139.13717 401.0
28.0 26.0 28.0 84.29433 38.97017 143.15931 401.0
28.0 28.0 28.0 84.29433 38.97017 143.15931 3131.0
28.0 28.0 28.0 84.29433 38.97017 143.15931 3131.0
28.0 29.0 29.0 122.68311 20.58508 121.18037 480.0
28.0 29.0 28.0 84.29433 38.97017 143.15931 480.0
28.0 33.0 33.0 97.14208 49.94924 149.24034 1614.0
28.0 33.0 28.0 84.29433 38.97017 143.15931 1614.0
28.0 36.0 36.0 51.16935 19.48943 119.68567 81.0
28.0 36.0 28.0 84.29433 38.97017 143.15931 81.0
28.0 37.0 37.0 80.18381 11.04581 113.78101 690.0
28.0 37.0 28.0 84.29433 38.97017 143.15931 690.0
28.0 38.0 38.0 88.69806 68.41345 152.61624 570.0
28.0 38.0 28.0 84.29433 38.97017 143.15931 570.0
28.0 42.0 42.0 56.63474 85.23425 144.95931 169.0
28.0 42.0 28.0 84.29433 38.97017 143.15931 169.0
28.0 44.0 44.0 70.24505 22.70918 131.33575 928.0
28.0 44.0 28.0 84.29433 38.97017 143.15931 928.0
29.0 0.0 0.0 55.08598 48.89144 141.96445 2.0
29.0 0.0 29.0 122.68311 20.58508 121.18037 2.0
29.0 3.0 3.0 83.12706 3.82454 87.99128 220.0
29.0 3.0 29.0 122.68311 20.58508 121.18037 220.0
29.0 7.0 7.0 121.65585 13.4412 56.92077 11.0
29.0 7.0 29.0 122.68311 20.58508 121.18037 11.0
29.0 10.0 10.0 97.03894 3.9153 61.11284 1.0
29.0 10.0 29.0 122.68311 20.58508 121.18037 1.0
29.0 15.0 15.0 145.08752 26.52238 64.68792 59.0
29.0 15.0 29.0 122.68311 20.58508 121.18037 59.0
29.0 17.0 17.0 122.78194 11.00232 94.57617 1586.0
29.0 17.0 29.0 122.68311 20.58508 121.18037 1586.0
29.0 18.0 18.0 159.1994 24.83594 93.93605 503.0
29.0 18.0 29.0 122.68311 20.58508 121.18037 503.0
29.0 23.0 23.0 173.48549 43.56038 76.98056 15.0
29.0 23.0 29.0 122.68311 20.58508 121.18037 15.0
29.0 25.0 25.0 182.83848 63.98983 100.30396 1.0
29.0 25.0 29.0 122.68311 20.58508 121.18037 1.0
29.0 26.0 26.0 132.1159 45.18575 139.13717 1807.0
29.0 26.0 29.0 122.68311 20.58508 121.18037 1807.0
29.0 28.0 28.0 84.29433 38.97017 143.15931 463.0
29.0 28.0 29.0 122.68311 20.58508 121.18037 463.0
29.0 29.0 29.0 122.68311 20.58508 121.18037 4704.0
29.0 29.0 29.0 122.68311 20.58508 121.18037 4704.0
29.0 33.0 33.0 97.14208 49.94924 149.24034 189.0
29.0 33.0 29.0 122.68311 20.58508 121.18037 189.0
29.0 37.0 37.0 80.18381 11.04581 113.78101 1173.0
29.0 37.0 29.0 122.68311 20.58508 121.18037 1173.0
29.0 38.0 38.0 88.69806 68.41345 152.61624 6.0
29.0 38.0 29.0 122.68311 20.58508 121.18037 6.0
29.0 44.0 44.0 70.24505 22.70918 131.33575 78.0
29.0 44.0 29.0 122.68311 20.58508 121.18037 78.0
29.0 46.0 46.0 114.75433 130.31543 52.92967 1.0
29.0 46.0 29.0 122.68311 20.58508 121.18037 1.0
29.0 47.0 47.0 164.20016 62.77997 126.12303 232.0
29.0 47.0 29.0 122.68311 20.58508 121.18037 232.0
30.0 1.0 1.0 66.03331 89.01792 7.34181 362.0
30.0 1.0 30.0 88.74475 139.93352 62.86456 362.0
30.0 5.0 5.0 42.24518 126.8259 106.53484 7.0
30.0 5.0 30.0 88.74475 139.93352 62.86456 7.0
30.0 8.0 8.0 89.56178 91.05634 30.24574 25.0
30.0 8.0 30.0 88.74475 139.93352 62.86456 25.0
30.0 9.0 9.0 78.81112 139.84552 102.87833 1345.0
30.0 9.0 30.0 88.74475 139.93352 62.86456 1345.0
30.0 14.0 14.0 128.58002 116.17618 40.55925 220.0
30.0 14.0 30.0 88.74475 139.93352 62.86456 220.0
30.0 23.0 23.0 173.48549 43.56038 76.98056 1.0
30.0 23.0 30.0 88.74475 139.93352 62.86456 1.0
30.0 30.0 30.0 88.74475 139.93352 62.86456 15873.0
30.0 30.0 30.0 88.74475 139.93352 62.86456 15873.0
30.0 32.0 32.0 157.36967 89.29992 58.11665 3.0
30.0 32.0 30.0 88.74475 139.93352 62.86456 3.0
30.0 34.0 34.0 127.76896 111.25761 129.59004 70.0
30.0 34.0 30.0 88.74475 139.93352 62.86456 70.0
30.0 35.0 35.0 147.7825 121.1452 95.65217 718.0
30.0 35.0 30.0 88.74475 139.93352 62.86456 718.0
30.0 41.0 41.0 60.07803 126.04393 122.62262 25.0
30.0 41.0 30.0 88.74475 139.93352 62.86456 25.0
30.0 43.0 43.0 101.75103 137.71147 99.17498 2233.0
30.0 43.0 30.0 88.74475 139.93352 62.86456 2233.0
30.0 45.0 45.0 35.01991 116.1181 28.2897 886.0
30.0 45.0 30.0 88.74475 139.93352 62.86456 886.0
30.0 46.0 46.0 114.75433 130.31543 52.92967 3517.0
30.0 46.0 30.0 88.74475 139.93352 62.86456 3517.0
31.0 1.0 1.0 66.03331 89.01792 7.34181 1.0
31.0 1.0 31.0 121.44389 38.66948 35.94457 1.0
31.0 7.0 7.0 121.65585 13.4412 56.92077 1605.0
31.0 7.0 31.0 121.44389 38.66948 35.94457 1605.0
31.0 8.0 8.0 89.56178 91.05634 30.24574 24.0
31.0 8.0 31.0 121.44389 38.66948 35.94457 24.0
31.0 10.0 10.0 97.03894 3.9153 61.11284 383.0
31.0 10.0 31.0 121.44389 38.66948 35.94457 383.0
31.0 11.0 11.0 48.52219 14.09441 56.57872 3.0
31.0 11.0 31.0 121.44389 38.66948 35.94457 3.0
31.0 12.0 12.0 179.80707 86.39785 84.83152 7.0
31.0 12.0 31.0 121.44389 38.66948 35.94457 7.0
31.0 14.0 14.0 128.58002 116.17618 40.55925 5.0
31.0 14.0 31.0 121.44389 38.66948 35.94457 5.0
31.0 15.0 15.0 145.08752 26.52238 64.68792 1373.0
31.0 15.0 31.0 121.44389 38.66948 35.94457 1373.0
31.0 17.0 17.0 122.78194 11.00232 94.57617 6.0
31.0 17.0 31.0 121.44389 38.66948 35.94457 6.0
31.0 18.0 18.0 159.1994 24.83594 93.93605 10.0
31.0 18.0 31.0 121.44389 38.66948 35.94457 10.0
31.0 19.0 19.0 66.41457 15.76437 45.4309 29.0
31.0 19.0 31.0 121.44389 38.66948 35.94457 29.0
31.0 20.0 20.0 84.81369 53.48552 22.20669 2449.0
31.0 20.0 31.0 121.44389 38.66948 35.94457 2449.0
31.0 23.0 23.0 173.48549 43.56038 76.98056 118.0
31.0 23.0 31.0 121.44389 38.66948 35.94457 118.0
31.0 31.0 31.0 121.44389 38.66948 35.94457 12655.0
31.0 31.0 31.0 121.44389 38.66948 35.94457 12655.0
31.0 32.0 32.0 157.36967 89.29992 58.11665 662.0
31.0 32.0 31.0 121.44389 38.66948 35.94457 662.0
31.0 40.0 40.0 83.25223 23.52725 42.42754 1052.0
31.0 40.0 31.0 121.44389 38.66948 35.94457 1052.0
31.0 45.0 45.0 35.01991 116.1181 28.2897 1.0
31.0 45.0 31.0 121.44389 38.66948 35.94457 1.0
32.0 7.0 7.0 121.65585 13.4412 56.92077 4.0
32.0 7.0 32.0 157.36967 89.29992 58.11665 4.0
32.0 12.0 12.0 179.80707 86.39785 84.83152 1657.0
32.0 12.0 32.0 157.36967 89.29992 58.11665 1657.0
32.0 14.0 14.0 128.58002 116.17618 40.55925 1668.0
32.0 14.0 32.0 157.36967 89.29992 58.11665 1668.0
32.0 15.0 15.0 145.08752 26.52238 64.68792 367.0
32.0 15.0 32.0 157.36967 89.29992 58.11665 367.0
32.0 18.0 18.0 159.1994 24.83594 93.93605 7.0
32.0 18.0 32.0 157.36967 89.29992 58.11665 7.0
32.0 20.0 20.0 84.81369 53.48552 22.20669 15.0
32.0 20.0 32.0 157.36967 89.29992 58.11665 15.0
32.0 23.0 23.0 173.48549 43.56038 76.98056 447.0
32.0 23.0 32.0 157.36967 89.29992 58.11665 447.0
32.0 25.0 25.0 182.83848 63.98983 100.30396 56.0
32.0 25.0 32.0 157.36967 89.29992 58.11665 56.0
32.0 30.0 30.0 88.74475 139.93352 62.86456 3.0
32.0 30.0 32.0 157.36967 89.29992 58.11665 3.0
32.0 31.0 31.0 121.44389 38.66948 35.94457 730.0
32.0 31.0 32.0 157.36967 89.29992 58.11665 730.0
32.0 32.0 32.0 157.36967 89.29992 58.11665 9842.0
32.0 32.0 32.0 157.36967 89.29992 58.11665 9842.0
32.0 35.0 35.0 147.7825 121.1452 95.65217 924.0
32.0 35.0 32.0 157.36967 89.29992 58.11665 924.0
32.0 46.0 46.0 114.75433 130.31543 52.92967 309.0
32.0 46.0 32.0 157.36967 89.29992 58.11665 309.0
32.0 47.0 47.0 164.20016 62.77997 126.12303 1.0
32.0 47.0 32.0 157.36967 89.29992 58.11665 1.0
33.0 0.0 0.0 55.08598 48.89144 141.96445 234.0
33.0 0.0 33.0 97.14208 49.94924 149.24034 234.0
33.0 4.0 4.0 72.11236 108.39707 139.68082 5.0
33.0 4.0 33.0 97.14208 49.94924 149.24034 5.0
33.0 16.0 16.0 37.08134 39.11443 124.70341 4.0
33.0 16.0 33.0 97.14208 49.94924 149.24034 4.0
33.0 17.0 17.0 122.78194 11.00232 94.57617 1.0
33.0 17.0 33.0 97.14208 49.94924 149.24034 1.0
33.0 18.0 18.0 159.1994 24.83594 93.93605 1.0
33.0 18.0 33.0 97.14208 49.94924 149.24034 1.0
33.0 22.0 22.0 25.1102 79.83811 119.52117 2.0
33.0 22.0 33.0 97.14208 49.94924 149.24034 2.0
33.0 24.0 24.0 107.85629 87.21607 149.15041 504.0
33.0 24.0 33.0 97.14208 49.94924 149.24034 504.0
33.0 26.0 26.0 132.1159 45.18575 139.13717 1066.0
33.0 26.0 33.0 97.14208 49.94924 149.24034 1066.0
33.0 28.0 28.0 84.29433 38.97017 143.15931 1565.0
33.0 28.0 33.0 97.14208 49.94924 149.24034 1565.0
33.0 29.0 29.0 122.68311 20.58508 121.18037 193.0
33.0 29.0 33.0 97.14208 49.94924 149.24034 193.0
33.0 33.0 33.0 97.14208 49.94924 149.24034 2660.0
33.0 33.0 33.0 97.14208 49.94924 149.24034 2660.0
33.0 34.0 34.0 127.76896 111.25761 129.59004 2.0
33.0 34.0 33.0 97.14208 49.94924 149.24034 2.0
33.0 36.0 36.0 51.16935 19.48943 119.68567 1.0
33.0 36.0 33.0 97.14208 49.94924 149.24034 1.0
33.0 37.0 37.0 80.18381 11.04581 113.78101 90.0
33.0 37.0 33.0 97.14208 49.94924 149.24034 90.0
33.0 38.0 38.0 88.69806 68.41345 152.61624 1557.0
33.0 38.0 33.0 97.14208 49.94924 149.24034 1557.0
33.0 42.0 42.0 56.63474 85.23425 144.95931 143.0
33.0 42.0 33.0 97.14208 49.94924 149.24034 143.0
33.0 44.0 44.0 70.24505 22.70918 131.33575 109.0
33.0 44.0 33.0 97.14208 49.94924 149.24034 109.0
33.0 47.0 47.0 164.20016 62.77997 126.12303 5.0
33.0 47.0 33.0 97.14208 49.94924 149.24034 5.0
34.0 4.0 4.0 72.11236 108.39707 139.68082 933.0
34.0 4.0 34.0 127.76896 111.25761 129.59004 933.0
34.0 9.0 9.0 78.81112 139.84552 102.87833 621.0
34.0 9.0 34.0 127.76896 111.25761 129.59004 621.0
34.0 12.0 12.0 179.80707 86.39785 84.83152 87.0
34.0 12.0 34.0 127.76896 111.25761 129.59004 87.0
34.0 14.0 14.0 128.58002 116.17618 40.55925 1.0
34.0 14.0 34.0 127.76896 111.25761 129.59004 1.0
34.0 24.0 24.0 107.85629 87.21607 149.15041 2602.0
34.0 24.0 34.0 127.76896 111.25761 129.59004 2602.0
34.0 25.0 25.0 182.83848 63.98983 100.30396 20.0
34.0 25.0 34.0 127.76896 111.25761 129.59004 20.0
34.0 26.0 26.0 132.1159 45.18575 139.13717 298.0
34.0 26.0 34.0 127.76896 111.25761 129.59004 298.0
34.0 30.0 30.0 88.74475 139.93352 62.86456 89.0
34.0 30.0 34.0 127.76896 111.25761 129.59004 89.0
34.0 32.0 32.0 157.36967 89.29992 58.11665 4.0
34.0 32.0 34.0 127.76896 111.25761 129.59004 4.0
34.0 33.0 33.0 97.14208 49.94924 149.24034 6.0
34.0 33.0 34.0 127.76896 111.25761 129.59004 6.0
34.0 34.0 34.0 127.76896 111.25761 129.59004 16937.0
34.0 34.0 34.0 127.76896 111.25761 129.59004 16937.0
34.0 35.0 35.0 147.7825 121.1452 95.65217 2549.0
34.0 35.0 34.0 127.76896 111.25761 129.59004 2549.0
34.0 38.0 38.0 88.69806 68.41345 152.61624 30.0
34.0 38.0 34.0 127.76896 111.25761 129.59004 30.0
34.0 41.0 41.0 60.07803 126.04393 122.62262 405.0
34.0 41.0 34.0 127.76896 111.25761 129.59004 405.0
34.0 42.0 42.0 56.63474 85.23425 144.95931 8.0
34.0 42.0 34.0 127.76896 111.25761 129.59004 8.0
34.0 43.0 43.0 101.75103 137.71147 99.17498 1403.0
34.0 43.0 34.0 127.76896 111.25761 129.59004 1403.0
34.0 46.0 46.0 114.75433 130.31543 52.92967 7.0
34.0 46.0 34.0 127.76896 111.25761 129.59004 7.0
34.0 47.0 47.0 164.20016 62.77997 126.12303 1133.0
34.0 47.0 34.0 127.76896 111.25761 129.59004 1133.0
35.0 9.0 9.0 78.81112 139.84552 102.87833 28.0
35.0 9.0 35.0 147.7825 121.1452 95.65217 28.0
35.0 12.0 12.0 179.80707 86.39785 84.83152 1124.0
35.0 12.0 35.0 147.7825 121.1452 95.65217 1124.0
35.0 14.0 14.0 128.58002 116.17618 40.55925 311.0
35.0 14.0 35.0 147.7825 121.1452 95.65217 311.0
35.0 24.0 24.0 107.85629 87.21607 149.15041 3.0
35.0 24.0 35.0 147.7825 121.1452 95.65217 3.0
35.0 25.0 25.0 182.83848 63.98983 100.30396 83.0
35.0 25.0 35.0 147.7825 121.1452 95.65217 83.0
35.0 26.0 26.0 132.1159 45.18575 139.13717 1.0
35.0 26.0 35.0 147.7825 121.1452 95.65217 1.0
35.0 28.0 28.0 84.29433 38.97017 143.15931 1.0
35.0 28.0 35.0 147.7825 121.1452 95.65217 1.0
35.0 30.0 30.0 88.74475 139.93352 62.86456 745.0
35.0 30.0 35.0 147.7825 121.1452 95.65217 745.0
35.0 32.0 32.0 157.36967 89.29992 58.11665 890.0
35.0 32.0 35.0 147.7825 121.1452 95.65217 890.0
35.0 34.0 34.0 127.76896 111.25761 129.59004 2675.0
35.0 34.0 35.0 147.7825 121.1452 95.65217 2675.0
35.0 35.0 35.0 147.7825 121.1452 95.65217 11294.0
35.0 35.0 35.0 147.7825 121.1452 95.65217 11294.0
35.0 41.0 41.0 60.07803 126.04393 122.62262 2.0
35.0 41.0 35.0 147.7825 121.1452 95.65217 2.0
35.0 43.0 43.0 101.75103 137.71147 99.17498 894.0
35.0 43.0 35.0 147.7825 121.1452 95.65217 894.0
35.0 46.0 46.0 114.75433 130.31543 52.92967 1167.0
35.0 46.0 35.0 147.7825 121.1452 95.65217 1167.0
35.0 47.0 47.0 164.20016 62.77997 126.12303 331.0
35.0 47.0 35.0 147.7825 121.1452 95.65217 331.0
36.0 0.0 0.0 55.08598 48.89144 141.96445 481.0
36.0 0.0 36.0 51.16935 19.48943 119.68567 481.0
36.0 2.0 2.0 27.38592 25.34505 87.70803 522.0
36.0 2.0 36.0 51.16935 19.48943 119.68567 522.0
36.0 3.0 3.0 83.12706 3.82454 87.99128 160.0
36.0 3.0 36.0 51.16935 19.48943 119.68567 160.0
36.0 11.0 11.0 48.52219 14.09441 56.57872 67.0
36.0 11.0 36.0 51.16935 19.48943 119.68567 67.0
36.0 13.0 13.0 21.76289 31.17396 56.47199 2.0
36.0 13.0 36.0 51.16935 19.48943 119.68567 2.0
36.0 16.0 16.0 37.08134 39.11443 124.70341 969.0
36.0 16.0 36.0 51.16935 19.48943 119.68567 969.0
36.0 22.0 22.0 25.1102 79.83811 119.52117 7.0
36.0 22.0 36.0 51.16935 19.48943 119.68567 7.0
36.0 27.0 27.0 18.72646 45.3355 103.73165 100.0
36.0 27.0 36.0 51.16935 19.48943 119.68567 100.0
36.0 28.0 28.0 84.29433 38.97017 143.15931 88.0
36.0 28.0 36.0 51.16935 19.48943 119.68567 88.0
36.0 29.0 29.0 122.68311 20.58508 121.18037 1.0
36.0 29.0 36.0 51.16935 19.48943 119.68567 1.0
36.0 33.0 33.0 97.14208 49.94924 149.24034 4.0
36.0 33.0 36.0 51.16935 19.48943 119.68567 4.0
36.0 36.0 36.0 51.16935 19.48943 119.68567 1509.0
36.0 36.0 36.0 51.16935 19.48943 119.68567 1509.0
36.0 37.0 37.0 80.18381 11.04581 113.78101 909.0
36.0 37.0 36.0 51.16935 19.48943 119.68567 909.0
36.0 42.0 42.0 56.63474 85.23425 144.95931 1.0
36.0 42.0 36.0 51.16935 19.48943 119.68567 1.0
36.0 44.0 44.0 70.24505 22.70918 131.33575 794.0
36.0 44.0 36.0 51.16935 19.48943 119.68567 794.0
37.0 0.0 0.0 55.08598 48.89144 141.96445 79.0
37.0 0.0 37.0 80.18381 11.04581 113.78101 79.0
37.0 2.0 2.0 27.38592 25.34505 87.70803 391.0
37.0 2.0 37.0 80.18381 11.04581 113.78101 391.0
37.0 3.0 3.0 83.12706 3.82454 87.99128 2539.0
37.0 3.0 37.0 80.18381 11.04581 113.78101 2539.0
37.0 7.0 7.0 121.65585 13.4412 56.92077 2.0
37.0 7.0 37.0 80.18381 11.04581 113.78101 2.0
37.0 10.0 10.0 97.03894 3.9153 61.11284 47.0
37.0 10.0 37.0 80.18381 11.04581 113.78101 47.0
37.0 11.0 11.0 48.52219 14.09441 56.57872 269.0
37.0 11.0 37.0 80.18381 11.04581 113.78101 269.0
37.0 13.0 13.0 21.76289 31.17396 56.47199 2.0
37.0 13.0 37.0 80.18381 11.04581 113.78101 2.0
37.0 16.0 16.0 37.08134 39.11443 124.70341 170.0
37.0 16.0 37.0 80.18381 11.04581 113.78101 170.0
37.0 17.0 17.0 122.78194 11.00232 94.57617 490.0
37.0 17.0 37.0 80.18381 11.04581 113.78101 490.0
37.0 18.0 18.0 159.1994 24.83594 93.93605 2.0
37.0 18.0 37.0 80.18381 11.04581 113.78101 2.0
37.0 19.0 19.0 66.41457 15.76437 45.4309 18.0
37.0 19.0 37.0 80.18381 11.04581 113.78101 18.0
37.0 26.0 26.0 132.1159 45.18575 139.13717 102.0
37.0 26.0 37.0 80.18381 11.04581 113.78101 102.0
37.0 27.0 27.0 18.72646 45.3355 103.73165 18.0
37.0 27.0 37.0 80.18381 11.04581 113.78101 18.0
37.0 28.0 28.0 84.29433 38.97017 143.15931 739.0
37.0 28.0 37.0 80.18381 11.04581 113.78101 739.0
37.0 29.0 29.0 122.68311 20.58508 121.18037 1109.0
37.0 29.0 37.0 80.18381 11.04581 113.78101 1109.0
37.0 33.0 33.0 97.14208 49.94924 149.24034 97.0
37.0 33.0 37.0 80.18381 11.04581 113.78101 97.0
37.0 36.0 36.0 51.16935 19.48943 119.68567 883.0
37.0 36.0 37.0 80.18381 11.04581 113.78101 883.0
37.0 37.0 37.0 80.18381 11.04581 113.78101 8026.0
37.0 37.0 37.0 80.18381 11.04581 113.78101 8026.0
37.0 38.0 38.0 88.69806 68.41345 152.61624 1.0
37.0 38.0 37.0 80.18381 11.04581 113.78101 1.0
37.0 40.0 40.0 83.25223 23.52725 42.42754 1.0
37.0 40.0 37.0 80.18381 11.04581 113.78101 1.0
37.0 44.0 44.0 70.24505 22.70918 131.33575 1453.0
37.0 44.0 37.0 80.18381 11.04581 113.78101 1453.0
38.0 0.0 0.0 55.08598 48.89144 141.96445 427.0
38.0 0.0 38.0 88.69806 68.41345 152.61624 427.0
38.0 2.0 2.0 27.38592 25.34505 87.70803 1.0
38.0 2.0 38.0 88.69806 68.41345 152.61624 1.0
38.0 4.0 4.0 72.11236 108.39707 139.68082 220.0
38.0 4.0 38.0 88.69806 68.41345 152.61624 220.0
38.0 16.0 16.0 37.08134 39.11443 124.70341 11.0
38.0 16.0 38.0 88.69806 68.41345 152.61624 11.0
38.0 22.0 22.0 25.1102 79.83811 119.52117 22.0
38.0 22.0 38.0 88.69806 68.41345 152.61624 22.0
38.0 24.0 24.0 107.85629 87.21607 149.15041 1963.0
38.0 24.0 38.0 88.69806 68.41345 152.61624 1963.0
38.0 26.0 26.0 132.1159 45.18575 139.13717 384.0
38.0 26.0 38.0 88.69806 68.41345 152.61624 384.0
38.0 28.0 28.0 84.29433 38.97017 143.15931 596.0
38.0 28.0 38.0 88.69806 68.41345 152.61624 596.0
38.0 29.0 29.0 122.68311 20.58508 121.18037 5.0
38.0 29.0 38.0 88.69806 68.41345 152.61624 5.0
38.0 33.0 33.0 97.14208 49.94924 149.24034 1498.0
38.0 33.0 38.0 88.69806 68.41345 152.61624 1498.0
38.0 34.0 34.0 127.76896 111.25761 129.59004 33.0
38.0 34.0 38.0 88.69806 68.41345 152.61624 33.0
38.0 36.0 36.0 51.16935 19.48943 119.68567 2.0
38.0 36.0 38.0 88.69806 68.41345 152.61624 2.0
38.0 37.0 37.0 80.18381 11.04581 113.78101 1.0
38.0 37.0 38.0 88.69806 68.41345 152.61624 1.0
38.0 38.0 38.0 88.69806 68.41345 152.61624 3160.0
38.0 38.0 38.0 88.69806 68.41345 152.61624 3160.0
38.0 41.0 41.0 60.07803 126.04393 122.62262 3.0
38.0 41.0 38.0 88.69806 68.41345 152.61624 3.0
38.0 42.0 42.0 56.63474 85.23425 144.95931 1091.0
38.0 42.0 38.0 88.69806 68.41345 152.61624 1091.0
38.0 44.0 44.0 70.24505 22.70918 131.33575 9.0
38.0 44.0 38.0 88.69806 68.41345 152.61624 9.0
38.0 47.0 47.0 164.20016 62.77997 126.12303 5.0
38.0 47.0 38.0 88.69806 68.41345 152.61624 5.0
39.0 1.0 1.0 66.03331 89.01792 7.34181 291.0
39.0 1.0 39.0 21.80365 50.15405 32.7877 291.0
39.0 2.0 2.0 27.38592 25.34505 87.70803 150.0
39.0 2.0 39.0 21.80365 50.15405 32.7877 150.0
39.0 6.0 6.0 5.4036 84.42183 74.31785 1396.0
39.0 6.0 39.0 21.80365 50.15405 32.7877 1396.0
39.0 11.0 11.0 48.52219 14.09441 56.57872 890.0
39.0 11.0 39.0 21.80365 50.15405 32.7877 890.0
39.0 13.0 13.0 21.76289 31.17396 56.47199 1837.0
39.0 13.0 39.0 21.80365 50.15405 32.7877 1837.0
39.0 19.0 19.0 66.41457 15.76437 45.4309 240.0
39.0 19.0 39.0 21.80365 50.15405 32.7877 240.0
39.0 20.0 20.0 84.81369 53.48552 22.20669 495.0
39.0 20.0 39.0 21.80365 50.15405 32.7877 495.0
39.0 21.0 21.0 28.29869 78.10546 19.27457 2174.0
39.0 21.0 39.0 21.80365 50.15405 32.7877 2174.0
39.0 22.0 22.0 25.1102 79.83811 119.52117 1.0
39.0 22.0 39.0 21.80365 50.15405 32.7877 1.0
39.0 27.0 27.0 18.72646 45.3355 103.73165 16.0
39.0 27.0 39.0 21.80365 50.15405 32.7877 16.0
39.0 39.0 39.0 21.80365 50.15405 32.7877 9825.0
39.0 39.0 39.0 21.80365 50.15405 32.7877 9825.0
39.0 40.0 40.0 83.25223 23.52725 42.42754 26.0
39.0 40.0 39.0 21.80365 50.15405 32.7877 26.0
39.0 45.0 45.0 35.01991 116.1181 28.2897 72.0
39.0 45.0 39.0 21.80365 50.15405 32.7877 72.0
40.0 1.0 1.0 66.03331 89.01792 7.34181 9.0
40.0 1.0 40.0 83.25223 23.52725 42.42754 9.0
40.0 3.0 3.0 83.12706 3.82454 87.99128 118.0
40.0 3.0 40.0 83.25223 23.52725 42.42754 118.0
40.0 7.0 7.0 121.65585 13.4412 56.92077 271.0
40.0 7.0 40.0 83.25223 23.52725 42.42754 271.0
40.0 8.0 8.0 89.56178 91.05634 30.24574 1.0
40.0 8.0 40.0 83.25223 23.52725 42.42754 1.0
40.0 10.0 10.0 97.03894 3.9153 61.11284 1214.0
40.0 10.0 40.0 83.25223 23.52725 42.42754 1214.0
40.0 11.0 11.0 48.52219 14.09441 56.57872 456.0
40.0 11.0 40.0 83.25223 23.52725 42.42754 456.0
40.0 13.0 13.0 21.76289 31.17396 56.47199 3.0
40.0 13.0 40.0 83.25223 23.52725 42.42754 3.0
40.0 15.0 15.0 145.08752 26.52238 64.68792 4.0
40.0 15.0 40.0 83.25223 23.52725 42.42754 4.0
40.0 17.0 17.0 122.78194 11.00232 94.57617 2.0
40.0 17.0 40.0 83.25223 23.52725 42.42754 2.0
40.0 19.0 19.0 66.41457 15.76437 45.4309 1453.0
40.0 19.0 40.0 83.25223 23.52725 42.42754 1453.0
40.0 20.0 20.0 84.81369 53.48552 22.20669 1742.0
40.0 20.0 40.0 83.25223 23.52725 42.42754 1742.0
40.0 21.0 21.0 28.29869 78.10546 19.27457 6.0
40.0 21.0 40.0 83.25223 23.52725 42.42754 6.0
40.0 31.0 31.0 121.44389 38.66948 35.94457 1093.0
40.0 31.0 40.0 83.25223 23.52725 42.42754 1093.0
40.0 37.0 37.0 80.18381 11.04581 113.78101 4.0
40.0 37.0 40.0 83.25223 23.52725 42.42754 4.0
40.0 39.0 39.0 21.80365 50.15405 32.7877 34.0
40.0 39.0 40.0 83.25223 23.52725 42.42754 34.0
40.0 40.0 40.0 83.25223 23.52725 42.42754 4426.0
40.0 40.0 40.0 83.25223 23.52725 42.42754 4426.0
41.0 0.0 0.0 55.08598 48.89144 141.96445 2.0
41.0 0.0 41.0 60.07803 126.04393 122.62262 2.0
41.0 4.0 4.0 72.11236 108.39707 139.68082 2750.0
41.0 4.0 41.0 60.07803 126.04393 122.62262 2750.0
41.0 5.0 5.0 42.24518 126.8259 106.53484 111.0
41.0 5.0 41.0 60.07803 126.04393 122.62262 111.0
41.0 6.0 6.0 5.4036 84.42183 74.31785 21.0
41.0 6.0 41.0 60.07803 126.04393 122.62262 21.0
41.0 9.0 9.0 78.81112 139.84552 102.87833 2253.0
41.0 9.0 41.0 60.07803 126.04393 122.62262 2253.0
41.0 13.0 13.0 21.76289 31.17396 56.47199 1.0
41.0 13.0 41.0 60.07803 126.04393 122.62262 1.0
41.0 22.0 22.0 25.1102 79.83811 119.52117 803.0
41.0 22.0 41.0 60.07803 126.04393 122.62262 803.0
41.0 24.0 24.0 107.85629 87.21607 149.15041 78.0
41.0 24.0 41.0 60.07803 126.04393 122.62262 78.0
41.0 28.0 28.0 84.29433 38.97017 143.15931 1.0
41.0 28.0 41.0 60.07803 126.04393 122.62262 1.0
41.0 30.0 30.0 88.74475 139.93352 62.86456 35.0
41.0 30.0 41.0 60.07803 126.04393 122.62262 35.0
41.0 34.0 34.0 127.76896 111.25761 129.59004 405.0
41.0 34.0 41.0 60.07803 126.04393 122.62262 405.0
41.0 35.0 35.0 147.7825 121.1452 95.65217 1.0
41.0 35.0 41.0 60.07803 126.04393 122.62262 1.0
41.0 38.0 38.0 88.69806 68.41345 152.61624 1.0
41.0 38.0 41.0 60.07803 126.04393 122.62262 1.0
41.0 41.0 41.0 60.07803 126.04393 122.62262 10428.0
41.0 41.0 41.0 60.07803 126.04393 122.62262 10428.0
41.0 42.0 42.0 56.63474 85.23425 144.95931 385.0
41.0 42.0 41.0 60.07803 126.04393 122.62262 385.0
41.0 43.0 43.0 101.75103 137.71147 99.17498 327.0
41.0 43.0 41.0 60.07803 126.04393 122.62262 327.0
42.0 0.0 0.0 55.08598 48.89144 141.96445 887.0
42.0 0.0 42.0 56.63474 85.23425 144.95931 887.0
42.0 4.0 4.0 72.11236 108.39707 139.68082 2145.0
42.0 4.0 42.0 56.63474 85.23425 144.95931 2145.0
42.0 5.0 5.0 42.24518 126.8259 106.53484 4.0
42.0 5.0 42.0 56.63474 85.23425 144.95931 4.0
42.0 16.0 16.0 37.08134 39.11443 124.70341 148.0
42.0 16.0 42.0 56.63474 85.23425 144.95931 148.0
42.0 22.0 22.0 25.1102 79.83811 119.52117 1648.0
42.0 22.0 42.0 56.63474 85.23425 144.95931 1648.0
42.0 24.0 24.0 107.85629 87.21607 149.15041 501.0
42.0 24.0 42.0 56.63474 85.23425 144.95931 501.0
42.0 27.0 27.0 18.72646 45.3355 103.73165 1.0
42.0 27.0 42.0 56.63474 85.23425 144.95931 1.0
42.0 28.0 28.0 84.29433 38.97017 143.15931 201.0
42.0 28.0 42.0 56.63474 85.23425 144.95931 201.0
42.0 33.0 33.0 97.14208 49.94924 149.24034 131.0
42.0 33.0 42.0 56.63474 85.23425 144.95931 131.0
42.0 34.0 34.0 127.76896 111.25761 129.59004 6.0
42.0 34.0 42.0 56.63474 85.23425 144.95931 6.0
42.0 36.0 36.0 51.16935 19.48943 119.68567 2.0
42.0 36.0 42.0 56.63474 85.23425 144.95931 2.0
42.0 38.0 38.0 88.69806 68.41345 152.61624 1096.0
42.0 38.0 42.0 56.63474 85.23425 144.95931 1096.0
42.0 41.0 41.0 60.07803 126.04393 122.62262 412.0
42.0 41.0 42.0 56.63474 85.23425 144.95931 412.0
42.0 42.0 42.0 56.63474 85.23425 144.95931 5707.0
42.0 42.0 42.0 56.63474 85.23425 144.95931 5707.0
42.0 44.0 44.0 70.24505 22.70918 131.33575 1.0
42.0 44.0 42.0 56.63474 85.23425 144.95931 1.0
43.0 4.0 4.0 72.11236 108.39707 139.68082 74.0
43.0 4.0 43.0 101.75103 137.71147 99.17498 74.0
43.0 5.0 5.0 42.24518 126.8259 106.53484 3.0
43.0 5.0 43.0 101.75103 137.71147 99.17498 3.0
43.0 9.0 9.0 78.81112 139.84552 102.87833 2103.0
43.0 9.0 43.0 101.75103 137.71147 99.17498 2103.0
43.0 24.0 24.0 107.85629 87.21607 149.15041 7.0
43.0 24.0 43.0 101.75103 137.71147 99.17498 7.0
43.0 30.0 30.0 88.74475 139.93352 62.86456 2081.0
43.0 30.0 43.0 101.75103 137.71147 99.17498 2081.0
43.0 34.0 34.0 127.76896 111.25761 129.59004 1390.0
43.0 34.0 43.0 101.75103 137.71147 99.17498 1390.0
43.0 35.0 35.0 147.7825 121.1452 95.65217 843.0
43.0 35.0 43.0 101.75103 137.71147 99.17498 843.0
43.0 37.0 37.0 80.18381 11.04581 113.78101 1.0
43.0 37.0 43.0 101.75103 137.71147 99.17498 1.0
43.0 41.0 41.0 60.07803 126.04393 122.62262 262.0
43.0 41.0 43.0 101.75103 137.71147 99.17498 262.0
43.0 43.0 43.0 101.75103 137.71147 99.17498 4745.0
43.0 43.0 43.0 101.75103 137.71147 99.17498 4745.0
43.0 45.0 45.0 35.01991 116.1181 28.2897 1.0
43.0 45.0 43.0 101.75103 137.71147 99.17498 1.0
43.0 46.0 46.0 114.75433 130.31543 52.92967 157.0
43.0 46.0 43.0 101.75103 137.71147 99.17498 157.0
44.0 0.0 0.0 55.08598 48.89144 141.96445 629.0
44.0 0.0 44.0 70.24505 22.70918 131.33575 629.0
44.0 2.0 2.0 27.38592 25.34505 87.70803 41.0
44.0 2.0 44.0 70.24505 22.70918 131.33575 41.0
44.0 3.0 3.0 83.12706 3.82454 87.99128 63.0
44.0 3.0 44.0 70.24505 22.70918 131.33575 63.0
44.0 6.0 6.0 5.4036 84.42183 74.31785 1.0
44.0 6.0 44.0 70.24505 22.70918 131.33575 1.0
44.0 11.0 11.0 48.52219 14.09441 56.57872 2.0
44.0 11.0 44.0 70.24505 22.70918 131.33575 2.0
44.0 16.0 16.0 37.08134 39.11443 124.70341 236.0
44.0 16.0 44.0 70.24505 22.70918 131.33575 236.0
44.0 17.0 17.0 122.78194 11.00232 94.57617 6.0
44.0 17.0 44.0 70.24505 22.70918 131.33575 6.0
44.0 22.0 22.0 25.1102 79.83811 119.52117 4.0
44.0 22.0 44.0 70.24505 22.70918 131.33575 4.0
44.0 26.0 26.0 132.1159 45.18575 139.13717 16.0
44.0 26.0 44.0 70.24505 22.70918 131.33575 16.0
44.0 27.0 27.0 18.72646 45.3355 103.73165 4.0
44.0 27.0 44.0 70.24505 22.70918 131.33575 4.0
44.0 28.0 28.0 84.29433 38.97017 143.15931 891.0
44.0 28.0 44.0 70.24505 22.70918 131.33575 891.0
44.0 29.0 29.0 122.68311 20.58508 121.18037 80.0
44.0 29.0 44.0 70.24505 22.70918 131.33575 80.0
44.0 33.0 33.0 97.14208 49.94924 149.24034 98.0
44.0 33.0 44.0 70.24505 22.70918 131.33575 98.0
44.0 36.0 36.0 51.16935 19.48943 119.68567 766.0
44.0 36.0 44.0 70.24505 22.70918 131.33575 766.0
44.0 37.0 37.0 80.18381 11.04581 113.78101 1479.0
44.0 37.0 44.0 70.24505 22.70918 131.33575 1479.0
44.0 38.0 38.0 88.69806 68.41345 152.61624 19.0
44.0 38.0 44.0 70.24505 22.70918 131.33575 19.0
44.0 41.0 41.0 60.07803 126.04393 122.62262 1.0
44.0 41.0 44.0 70.24505 22.70918 131.33575 1.0
44.0 42.0 42.0 56.63474 85.23425 144.95931 1.0
44.0 42.0 44.0 70.24505 22.70918 131.33575 1.0
44.0 44.0 44.0 70.24505 22.70918 131.33575 1828.0
44.0 44.0 44.0 70.24505 22.70918 131.33575 1828.0
45.0 1.0 1.0 66.03331 89.01792 7.34181 1903.0
45.0 1.0 45.0 35.01991 116.1181 28.2897 1903.0
45.0 6.0 6.0 5.4036 84.42183 74.31785 1134.0
45.0 6.0 45.0 35.01991 116.1181 28.2897 1134.0
45.0 8.0 8.0 89.56178 91.05634 30.24574 9.0
45.0 8.0 45.0 35.01991 116.1181 28.2897 9.0
45.0 9.0 9.0 78.81112 139.84552 102.87833 3.0
45.0 9.0 45.0 35.01991 116.1181 28.2897 3.0
45.0 14.0 14.0 128.58002 116.17618 40.55925 7.0
45.0 14.0 45.0 35.01991 116.1181 28.2897 7.0
45.0 20.0 20.0 84.81369 53.48552 22.20669 1.0
45.0 20.0 45.0 35.01991 116.1181 28.2897 1.0
45.0 21.0 21.0 28.29869 78.10546 19.27457 1850.0
45.0 21.0 45.0 35.01991 116.1181 28.2897 1850.0
45.0 22.0 22.0 25.1102 79.83811 119.52117 1.0
45.0 22.0 45.0 35.01991 116.1181 28.2897 1.0
45.0 30.0 30.0 88.74475 139.93352 62.86456 998.0
45.0 30.0 45.0 35.01991 116.1181 28.2897 998.0
45.0 39.0 39.0 21.80365 50.15405 32.7877 64.0
45.0 39.0 45.0 35.01991 116.1181 28.2897 64.0
45.0 45.0 45.0 35.01991 116.1181 28.2897 14446.0
45.0 45.0 45.0 35.01991 116.1181 28.2897 14446.0
45.0 46.0 46.0 114.75433 130.31543 52.92967 66.0
45.0 46.0 45.0 35.01991 116.1181 28.2897 66.0
46.0 1.0 1.0 66.03331 89.01792 7.34181 175.0
46.0 1.0 46.0 114.75433 130.31543 52.92967 175.0
46.0 8.0 8.0 89.56178 91.05634 30.24574 26.0
46.0 8.0 46.0 114.75433 130.31543 52.92967 26.0
46.0 9.0 9.0 78.81112 139.84552 102.87833 7.0
46.0 9.0 46.0 114.75433 130.31543 52.92967 7.0
46.0 12.0 12.0 179.80707 86.39785 84.83152 4.0
46.0 12.0 46.0 114.75433 130.31543 52.92967 4.0
46.0 14.0 14.0 128.58002 116.17618 40.55925 3059.0
46.0 14.0 46.0 114.75433 130.31543 52.92967 3059.0
46.0 20.0 20.0 84.81369 53.48552 22.20669 4.0
46.0 20.0 46.0 114.75433 130.31543 52.92967 4.0
46.0 30.0 30.0 88.74475 139.93352 62.86456 3570.0
46.0 30.0 46.0 114.75433 130.31543 52.92967 3570.0
46.0 31.0 31.0 121.44389 38.66948 35.94457 1.0
46.0 31.0 46.0 114.75433 130.31543 52.92967 1.0
46.0 32.0 32.0 157.36967 89.29992 58.11665 283.0
46.0 32.0 46.0 114.75433 130.31543 52.92967 283.0
46.0 34.0 34.0 127.76896 111.25761 129.59004 15.0
46.0 34.0 46.0 114.75433 130.31543 52.92967 15.0
46.0 35.0 35.0 147.7825 121.1452 95.65217 1078.0
46.0 35.0 46.0 114.75433 130.31543 52.92967 1078.0
46.0 43.0 43.0 101.75103 137.71147 99.17498 150.0
46.0 43.0 46.0 114.75433 130.31543 52.92967 150.0
46.0 45.0 45.0 35.01991 116.1181 28.2897 50.0
46.0 45.0 46.0 114.75433 130.31543 52.92967 50.0
46.0 46.0 46.0 114.75433 130.31543 52.92967 7276.0
46.0 46.0 46.0 114.75433 130.31543 52.92967 7276.0
47.0 12.0 12.0 179.80707 86.39785 84.83152 391.0
47.0 12.0 47.0 164.20016 62.77997 126.12303 391.0
47.0 15.0 15.0 145.08752 26.52238 64.68792 6.0
47.0 15.0 47.0 164.20016 62.77997 126.12303 6.0
47.0 17.0 17.0 122.78194 11.00232 94.57617 16.0
47.0 17.0 47.0 164.20016 62.77997 126.12303 16.0
47.0 18.0 18.0 159.1994 24.83594 93.93605 625.0
47.0 18.0 47.0 164.20016 62.77997 126.12303 625.0
47.0 23.0 23.0 173.48549 43.56038 76.98056 346.0
47.0 23.0 47.0 164.20016 62.77997 126.12303 346.0
47.0 24.0 24.0 107.85629 87.21607 149.15041 219.0
47.0 24.0 47.0 164.20016 62.77997 126.12303 219.0
47.0 25.0 25.0 182.83848 63.98983 100.30396 1190.0
47.0 25.0 47.0 164.20016 62.77997 126.12303 1190.0
47.0 26.0 26.0 132.1159 45.18575 139.13717 1840.0
47.0 26.0 47.0 164.20016 62.77997 126.12303 1840.0
47.0 29.0 29.0 122.68311 20.58508 121.18037 255.0
47.0 29.0 47.0 164.20016 62.77997 126.12303 255.0
47.0 32.0 32.0 157.36967 89.29992 58.11665 4.0
47.0 32.0 47.0 164.20016 62.77997 126.12303 4.0
47.0 33.0 33.0 97.14208 49.94924 149.24034 5.0
47.0 33.0 47.0 164.20016 62.77997 126.12303 5.0
47.0 34.0 34.0 127.76896 111.25761 129.59004 1260.0
47.0 34.0 47.0 164.20016 62.77997 126.12303 1260.0
47.0 35.0 35.0 147.7825 121.1452 95.65217 346.0
47.0 35.0 47.0 164.20016 62.77997 126.12303 346.0
47.0 37.0 37.0 80.18381 11.04581 113.78101 1.0
47.0 37.0 47.0 164.20016 62.77997 126.12303 1.0
47.0 38.0 38.0 88.69806 68.41345 152.61624 4.0
47.0 38.0 47.0 164.20016 62.77997 126.12303 4.0
47.0 47.0 47.0 164.20016 62.77997 126.12303 8768.0
47.0 47.0 47.0 164.20016 62.77997 126.12303 8768.0
