TargetArea SourceArea Area AvgPosX AvgPosY AvgPosZ SumWeights
0.0 0.0 0.0 55.12306 48.87036 141.9699 3821.0
0.0 0.0 0.0 55.12306 48.87036 141.9699 3821.0
0.0 2.0 2.0 27.43549 25.29694 87.7206 11.0
0.0 2.0 0.0 55.12306 48.87036 141.9699 11.0
0.0 4.0 4.0 72.14915 108.41054 139.67904 12.0
0.0 4.0 0.0 55.12306 48.87036 141.9699 12.0
0.0 16.0 16.0 37.0994 39.07062 124.68655 1372.0
0.0 16.0 0.0 55.12306 48.87036 141.9699 1372.0
0.0 22.0 22.0 25.09528 80.02567 119.46587 540.0
0.0 22.0 0.0 55.12306 48.87036 141.9699 540.0
0.0 24.0 24.0 107.88827 87.19267 149.15004 16.0
0.0 24.0 0.0 55.12306 48.87036 141.9699 16.0
0.0 27.0 27.0 18.72038 45.3509 103.72502 34.0
0.0 27.0 0.0 55.12306 48.87036 141.9699 34.0
0.0 28.0 28.0 84.38011 38.89187 143.12169 1154.0
0.0 28.0 0.0 55.12306 48.87036 141.9699 1154.0
0.0 29.0 29.0 122.70886 20.5815 121.16101 1.0
0.0 29.0 0.0 55.12306 48.87036 141.9699 1.0
0.0 33.0 33.0 97.23888 49.92059 149.23052 276.0
0.0 33.0 0.0 55.12306 48.87036 141.9699 276.0
0.0 36.0 36.0 51.17915 19.52322 119.73553 472.0
0.0 36.0 0.0 55.12306 48.87036 141.9699 472.0
0.0 37.0 37.0 80.24327 11.05731 113.80905 91.0
0.0 37.0 0.0 55.12306 48.87036 141.9699 91.0
0.0 38.0 38.0 88.74188 68.39289 152.61332 437.0
0.0 38.0 0.0 55.12306 48.87036 141.9699 437.0
0.0 41.0 41.0 59.92358 126.08913 122.51064 2.0
0.0 41.0 0.0 55.12306 48.87036 141.9699 2.0
0.0 42.0 42.0 56.63204 85.23479 144.95725 903.0
0.0 42.0 0.0 55.12306 48.87036 141.9699 903.0
0.0 44.0 44.0 70.25685 22.73006 131.35512 641.0
0.0 44.0 0.0 55.12306 48.87036 141.9699 641.0
1.0 1.0 1.0 66.22558 89.16941 7.43245 12347.0
1.0 1.0 1.0 66.22558 89.16941 7.43245 12347.0
1.0 8.0 8.0 89.82248 90.65472 30.37378 115.0
1.0 8.0 1.0 66.22558 89.16941 7.43245 115.0
1.0 11.0 11.0 48.53621 14.11174 56.51251 19.0
1.0 11.0 1.0 66.22558 89.16941 7.43245 19.0
1.0 13.0 13.0 21.7866 31.15334 56.45373 1.0
1.0 13.0 1.0 66.22558 89.16941 7.43245 1.0
1.0 14.0 14.0 128.53221 116.10432 40.45651 91.0
1.0 14.0 1.0 66.22558 89.16941 7.43245 91.0
1.0 19.0 19.0 66.41043 15.77523 45.42212 21.0
1.0 19.0 1.0 66.22558 89.16941 7.43245 21.0
1.0 20.0 20.0 85.03586 53.67717 22.30459 2391.0
1.0 20.0 1.0 66.22558 89.16941 7.43245 2391.0
1.0 21.0 21.0 28.33291 78.06968 19.25744 1434.0
1.0 21.0 1.0 66.22558 89.16941 7.43245 1434.0
1.0 30.0 30.0 88.58164 139.94274 62.83698 449.0
1.0 30.0 1.0 66.22558 89.16941 7.43245 449.0
1.0 31.0 31.0 121.53085 38.88559 36.00992 7.0
1.0 31.0 1.0 66.22558 89.16941 7.43245 7.0
1.0 39.0 39.0 21.8457 50.11375 32.75433 281.0
1.0 39.0 1.0 66.22558 89.16941 7.43245 281.0
1.0 40.0 40.0 83.28049 23.52491 42.42235 17.0
1.0 40.0 1.0 66.22558 89.16941 7.43245 17.0
1.0 45.0 45.0 35.06734 116.26964 28.46915 1839.0
1.0 45.0 1.0 66.22558 89.16941 7.43245 1839.0
1.0 46.0 46.0 114.66022 130.27277 52.82127 220.0
1.0 46.0 1.0 66.22558 89.16941 7.43245 220.0
2.0 0.0 0.0 55.12306 48.87036 141.9699 6.0
2.0 0.0 2.0 27.43549 25.29694 87.7206 6.0
2.0 2.0 2.0 27.43549 25.29694 87.7206 6700.0
2.0 2.0 2.0 27.43549 25.29694 87.7206 6700.0
2.0 3.0 3.0 83.13835 3.8296 88.02224 339.0
2.0 3.0 2.0 27.43549 25.29694 87.7206 339.0
2.0 6.0 6.0 5.46038 84.7079 74.37794 460.0
2.0 6.0 2.0 27.43549 25.29694 87.7206 460.0
2.0 10.0 10.0 97.05094 3.91737 61.10623 1.0
2.0 10.0 2.0 27.43549 25.29694 87.7206 1.0
2.0 11.0 11.0 48.53621 14.11174 56.51251 1364.0
2.0 11.0 2.0 27.43549 25.29694 87.7206 1364.0
2.0 13.0 13.0 21.7866 31.15334 56.45373 1399.0
2.0 13.0 2.0 27.43549 25.29694 87.7206 1399.0
2.0 16.0 16.0 37.0994 39.07062 124.68655 700.0
2.0 16.0 2.0 27.43549 25.29694 87.7206 700.0
2.0 19.0 19.0 66.41043 15.77523 45.42212 9.0
2.0 19.0 2.0 27.43549 25.29694 87.7206 9.0
2.0 20.0 20.0 85.03586 53.67717 22.30459 1.0
2.0 20.0 2.0 27.43549 25.29694 87.7206 1.0
2.0 22.0 22.0 25.09528 80.02567 119.46587 74.0
2.0 22.0 2.0 27.43549 25.29694 87.7206 74.0
2.0 27.0 27.0 18.72038 45.3509 103.72502 1596.0
2.0 27.0 2.0 27.43549 25.29694 87.7206 1596.0
2.0 36.0 36.0 51.17915 19.52322 119.73553 559.0
2.0 36.0 2.0 27.43549 25.29694 87.7206 559.0
2.0 37.0 37.0 80.24327 11.05731 113.80905 479.0
2.0 37.0 2.0 27.43549 25.29694 87.7206 479.0
2.0 39.0 39.0 21.8457 50.11375 32.75433 146.0
2.0 39.0 2.0 27.43549 25.29694 87.7206 146.0
2.0 44.0 44.0 70.25685 22.73006 131.35512 36.0
2.0 44.0 2.0 27.43549 25.29694 87.7206 36.0
3.0 2.0 2.0 27.43549 25.29694 87.7206 309.0
3.0 2.0 3.0 83.13835 3.8296 88.02224 309.0
3.0 3.0 3.0 83.13835 3.8296 88.02224 7133.0
3.0 3.0 3.0 83.13835 3.8296 88.02224 7133.0
3.0 7.0 7.0 121.65261 13.44931 56.87943 235.0
3.0 7.0 3.0 83.13835 3.8296 88.02224 235.0
3.0 10.0 10.0 97.05094 3.91737 61.10623 1622.0
3.0 10.0 3.0 83.13835 3.8296 88.02224 1622.0
3.0 11.0 11.0 48.53621 14.11174 56.51251 1049.0
3.0 11.0 3.0 83.13835 3.8296 88.02224 1049.0
3.0 13.0 13.0 21.7866 31.15334 56.45373 5.0
3.0 13.0 3.0 83.13835 3.8296 88.02224 5.0
3.0 15.0 15.0 145.10988 26.55957 64.67732 21.0
3.0 15.0 3.0 83.13835 3.8296 88.02224 21.0
3.0 16.0 16.0 37.0994 39.07062 124.68655 13.0
3.0 16.0 3.0 83.13835 3.8296 88.02224 13.0
3.0 17.0 17.0 122.80398 11.00874 94.60717 1215.0
3.0 17.0 3.0 83.13835 3.8296 88.02224 1215.0
3.0 18.0 18.0 159.22207 24.83666 93.89751 1.0
3.0 18.0 3.0 83.13835 3.8296 88.02224 1.0
3.0 19.0 19.0 66.41043 15.77523 45.42212 431.0
3.0 19.0 3.0 83.13835 3.8296 88.02224 431.0
3.0 26.0 26.0 132.11411 45.14324 139.11845 1.0
3.0 26.0 3.0 83.13835 3.8296 88.02224 1.0
3.0 27.0 27.0 18.72038 45.3509 103.72502 1.0
3.0 27.0 3.0 83.13835 3.8296 88.02224 1.0
3.0 28.0 28.0 84.38011 38.89187 143.12169 2.0
3.0 28.0 3.0 83.13835 3.8296 88.02224 2.0
3.0 29.0 29.0 122.70886 20.5815 121.16101 225.0
3.0 29.0 3.0 83.13835 3.8296 88.02224 225.0
3.0 31.0 31.0 121.53085 38.88559 36.00992 1.0
3.0 31.0 3.0 83.13835 3.8296 88.02224 1.0
3.0 33.0 33.0 97.23888 49.92059 149.23052 1.0
3.0 33.0 3.0 83.13835 3.8296 88.02224 1.0
3.0 36.0 36.0 51.17915 19.52322 119.73553 134.0
3.0 36.0 3.0 83.13835 3.8296 88.02224 134.0
3.0 37.0 37.0 80.24327 11.05731 113.80905 2633.0
3.0 37.0 3.0 83.13835 3.8296 88.02224 2633.0
3.0 40.0 40.0 83.28049 23.52491 42.42235 136.0
3.0 40.0 3.0 83.13835 3.8296 88.02224 136.0
3.0 44.0 44.0 70.25685 22.73006 131.35512 55.0
3.0 44.0 3.0 83.13835 3.8296 88.02224 55.0
4.0 0.0 0.0 55.12306 48.87036 141.9699 19.0
4.0 0.0 4.0 72.14915 108.41054 139.67904 19.0
4.0 4.0 4.0 72.14915 108.41054 139.67904 6750.0
4.0 4.0 4.0 72.14915 108.41054 139.67904 6750.0
4.0 5.0 5.0 42.57967 127.24874 106.37087 6.0
4.0 5.0 4.0 72.14915 108.41054 139.67904 6.0
4.0 6.0 6.0 5.46038 84.7079 74.37794 2.0
4.0 6.0 4.0 72.14915 108.41054 139.67904 2.0
4.0 9.0 9.0 78.65996 139.90049 102.72045 287.0
4.0 9.0 4.0 72.14915 108.41054 139.67904 287.0
4.0 16.0 16.0 37.0994 39.07062 124.68655 3.0
4.0 16.0 4.0 72.14915 108.41054 139.67904 3.0
4.0 22.0 22.0 25.09528 80.02567 119.46587 475.0
4.0 22.0 4.0 72.14915 108.41054 139.67904 475.0
4.0 24.0 24.0 107.88827 87.19267 149.15004 1500.0
4.0 24.0 4.0 72.14915 108.41054 139.67904 1500.0
4.0 28.0 28.0 84.38011 38.89187 143.12169 5.0
4.0 28.0 4.0 72.14915 108.41054 139.67904 5.0
4.0 33.0 33.0 97.23888 49.92059 149.23052 6.0
4.0 33.0 4.0 72.14915 108.41054 139.67904 6.0
4.0 34.0 34.0 127.79083 111.26259 129.57835 901.0
4.0 34.0 4.0 72.14915 108.41054 139.67904 901.0
4.0 38.0 38.0 88.74188 68.39289 152.61332 235.0
4.0 38.0 4.0 72.14915 108.41054 139.67904 235.0
4.0 41.0 41.0 59.92358 126.08913 122.51064 2689.0
4.0 41.0 4.0 72.14915 108.41054 139.67904 2689.0
4.0 42.0 42.0 56.63204 85.23479 144.95725 2081.0
4.0 42.0 4.0 72.14915 108.41054 139.67904 2081.0
4.0 43.0 43.0 101.71826 137.71497 99.1901 80.0
4.0 43.0 4.0 72.14915 108.41054 139.67904 80.0
4.0 45.0 45.0 35.06734 116.26964 28.46915 1.0
4.0 45.0 4.0 72.14915 108.41054 139.67904 1.0
5.0 4.0 4.0 72.14915 108.41054 139.67904 7.0
5.0 4.0 5.0 42.57967 127.24874 106.37087 7.0
5.0 5.0 5.0 42.57967 127.24874 106.37087 3.0
5.0 5.0 5.0 42.57967 127.24874 106.37087 3.0
5.0 6.0 6.0 5.46038 84.7079 74.37794 15.0
5.0 6.0 5.0 42.57967 127.24874 106.37087 15.0
5.0 9.0 9.0 78.65996 139.90049 102.72045 50.0
5.0 9.0 5.0 42.57967 127.24874 106.37087 50.0
5.0 22.0 22.0 25.09528 80.02567 119.46587 33.0
5.0 22.0 5.0 42.57967 127.24874 106.37087 33.0
5.0 30.0 30.0 88.58164 139.94274 62.83698 4.0
5.0 30.0 5.0 42.57967 127.24874 106.37087 4.0
5.0 41.0 41.0 59.92358 126.08913 122.51064 128.0
5.0 41.0 5.0 42.57967 127.24874 106.37087 128.0
5.0 42.0 42.0 56.63204 85.23479 144.95725 3.0
5.0 42.0 5.0 42.57967 127.24874 106.37087 3.0
5.0 43.0 43.0 101.71826 137.71497 99.1901 1.0
5.0 43.0 5.0 42.57967 127.24874 106.37087 1.0
6.0 2.0 2.0 27.43549 25.29694 87.7206 525.0
6.0 2.0 6.0 5.46038 84.7079 74.37794 525.0
6.0 4.0 4.0 72.14915 108.41054 139.67904 3.0
6.0 4.0 6.0 5.46038 84.7079 74.37794 3.0
6.0 5.0 5.0 42.57967 127.24874 106.37087 10.0
6.0 5.0 6.0 5.46038 84.7079 74.37794 10.0
6.0 6.0 6.0 5.46038 84.7079 74.37794 17147.0
6.0 6.0 6.0 5.46038 84.7079 74.37794 17147.0
6.0 11.0 11.0 48.53621 14.11174 56.51251 1.0
6.0 11.0 6.0 5.46038 84.7079 74.37794 1.0
6.0 13.0 13.0 21.7866 31.15334 56.45373 437.0
6.0 13.0 6.0 5.46038 84.7079 74.37794 437.0
6.0 16.0 16.0 37.0994 39.07062 124.68655 9.0
6.0 16.0 6.0 5.46038 84.7079 74.37794 9.0
6.0 21.0 21.0 28.33291 78.06968 19.25744 668.0
6.0 21.0 6.0 5.46038 84.7079 74.37794 668.0
6.0 22.0 22.0 25.09528 80.02567 119.46587 2320.0
6.0 22.0 6.0 5.46038 84.7079 74.37794 2320.0
6.0 27.0 27.0 18.72038 45.3509 103.72502 857.0
6.0 27.0 6.0 5.46038 84.7079 74.37794 857.0
6.0 39.0 39.0 21.8457 50.11375 32.75433 1329.0
6.0 39.0 6.0 5.46038 84.7079 74.37794 1329.0
6.0 41.0 41.0 59.92358 126.08913 122.51064 32.0
6.0 41.0 6.0 5.46038 84.7079 74.37794 32.0
6.0 45.0 45.0 35.06734 116.26964 28.46915 1115.0
6.0 45.0 6.0 5.46038 84.7079 74.37794 1115.0
7.0 3.0 3.0 83.13835 3.8296 88.02224 215.0
7.0 3.0 7.0 121.65261 13.44931 56.87943 215.0
7.0 7.0 7.0 121.65261 13.44931 56.87943 4178.0
7.0 7.0 7.0 121.65261 13.44931 56.87943 4178.0
7.0 10.0 10.0 97.05094 3.91737 61.10623 1473.0
7.0 10.0 7.0 121.65261 13.44931 56.87943 1473.0
7.0 15.0 15.0 145.10988 26.55957 64.67732 1492.0
7.0 15.0 7.0 121.65261 13.44931 56.87943 1492.0
7.0 17.0 17.0 122.80398 11.00874 94.60717 836.0
7.0 17.0 7.0 121.65261 13.44931 56.87943 836.0
7.0 18.0 18.0 159.22207 24.83666 93.89751 32.0
7.0 18.0 7.0 121.65261 13.44931 56.87943 32.0
7.0 19.0 19.0 66.41043 15.77523 45.42212 12.0
7.0 19.0 7.0 121.65261 13.44931 56.87943 12.0
7.0 20.0 20.0 85.03586 53.67717 22.30459 29.0
7.0 20.0 7.0 121.65261 13.44931 56.87943 29.0
7.0 23.0 23.0 173.48521 43.55975 76.95704 8.0
7.0 23.0 7.0 121.65261 13.44931 56.87943 8.0
7.0 29.0 29.0 122.70886 20.5815 121.16101 15.0
7.0 29.0 7.0 121.65261 13.44931 56.87943 15.0
7.0 31.0 31.0 121.53085 38.88559 36.00992 1568.0
7.0 31.0 7.0 121.65261 13.44931 56.87943 1568.0
7.0 32.0 32.0 157.2117 89.17782 58.04542 1.0
7.0 32.0 7.0 121.65261 13.44931 56.87943 1.0
7.0 37.0 37.0 80.24327 11.05731 113.80905 4.0
7.0 37.0 7.0 121.65261 13.44931 56.87943 4.0
7.0 40.0 40.0 83.28049 23.52491 42.42235 287.0
7.0 40.0 7.0 121.65261 13.44931 56.87943 287.0
8.0 1.0 1.0 66.22558 89.16941 7.43245 99.0
8.0 1.0 8.0 89.82248 90.65472 30.37378 99.0
8.0 8.0 8.0 89.82248 90.65472 30.37378 10.0
8.0 8.0 8.0 89.82248 90.65472 30.37378 10.0
8.0 14.0 14.0 128.53221 116.10432 40.45651 16.0
8.0 14.0 8.0 89.82248 90.65472 30.37378 16.0
8.0 15.0 15.0 145.10988 26.55957 64.67732 1.0
8.0 15.0 8.0 89.82248 90.65472 30.37378 1.0
8.0 20.0 20.0 85.03586 53.67717 22.30459 113.0
8.0 20.0 8.0 89.82248 90.65472 30.37378 113.0
8.0 21.0 21.0 28.33291 78.06968 19.25744 1.0
8.0 21.0 8.0 89.82248 90.65472 30.37378 1.0
8.0 30.0 30.0 88.58164 139.94274 62.83698 33.0
8.0 30.0 8.0 89.82248 90.65472 30.37378 33.0
8.0 31.0 31.0 121.53085 38.88559 36.00992 14.0
8.0 31.0 8.0 89.82248 90.65472 30.37378 14.0
8.0 40.0 40.0 83.28049 23.52491 42.42235 1.0
8.0 40.0 8.0 89.82248 90.65472 30.37378 1.0
8.0 45.0 45.0 35.06734 116.26964 28.46915 9.0
8.0 45.0 8.0 89.82248 90.65472 30.37378 9.0
8.0 46.0 46.0 114.66022 130.27277 52.82127 22.0
8.0 46.0 8.0 89.82248 90.65472 30.37378 22.0
9.0 1.0 1.0 66.22558 89.16941 7.43245 1.0
9.0 1.0 9.0 78.65996 139.90049 102.72045 1.0
9.0 4.0 4.0 72.14915 108.41054 139.67904 294.0
9.0 4.0 9.0 78.65996 139.90049 102.72045 294.0
9.0 5.0 5.0 42.57967 127.24874 106.37087 40.0
9.0 5.0 9.0 78.65996 139.90049 102.72045 40.0
9.0 9.0 9.0 78.65996 139.90049 102.72045 5732.0
9.0 9.0 9.0 78.65996 139.90049 102.72045 5732.0
9.0 22.0 22.0 25.09528 80.02567 119.46587 1.0
9.0 22.0 9.0 78.65996 139.90049 102.72045 1.0
9.0 24.0 24.0 107.88827 87.19267 149.15004 26.0
9.0 24.0 9.0 78.65996 139.90049 102.72045 26.0
9.0 30.0 30.0 88.58164 139.94274 62.83698 1402.0
9.0 30.0 9.0 78.65996 139.90049 102.72045 1402.0
9.0 34.0 34.0 127.79083 111.26259 129.57835 579.0
9.0 34.0 9.0 78.65996 139.90049 102.72045 579.0
9.0 35.0 35.0 147.80229 121.14097 95.63033 19.0
9.0 35.0 9.0 78.65996 139.90049 102.72045 19.0
9.0 41.0 41.0 59.92358 126.08913 122.51064 2372.0
9.0 41.0 9.0 78.65996 139.90049 102.72045 2372.0
9.0 43.0 43.0 101.71826 137.71497 99.1901 2131.0
9.0 43.0 9.0 78.65996 139.90049 102.72045 2131.0
9.0 45.0 45.0 35.06734 116.26964 28.46915 4.0
9.0 45.0 9.0 78.65996 139.90049 102.72045 4.0
9.0 46.0 46.0 114.66022 130.27277 52.82127 1.0
9.0 46.0 9.0 78.65996 139.90049 102.72045 1.0
10.0 2.0 2.0 27.43549 25.29694 87.7206 2.0
10.0 2.0 10.0 97.05094 3.91737 61.10623 2.0
10.0 3.0 3.0 83.13835 3.8296 88.02224 1638.0
10.0 3.0 10.0 97.05094 3.91737 61.10623 1638.0
10.0 7.0 7.0 121.65261 13.44931 56.87943 1487.0
10.0 7.0 10.0 97.05094 3.91737 61.10623 1487.0
10.0 10.0 10.0 97.05094 3.91737 61.10623 4146.0
10.0 10.0 10.0 97.05094 3.91737 61.10623 4146.0
10.0 11.0 11.0 48.53621 14.11174 56.51251 185.0
10.0 11.0 10.0 97.05094 3.91737 61.10623 185.0
10.0 15.0 15.0 145.10988 26.55957 64.67732 77.0
10.0 15.0 10.0 97.05094 3.91737 61.10623 77.0
10.0 17.0 17.0 122.80398 11.00874 94.60717 470.0
10.0 17.0 10.0 97.05094 3.91737 61.10623 470.0
10.0 18.0 18.0 159.22207 24.83666 93.89751 3.0
10.0 18.0 10.0 97.05094 3.91737 61.10623 3.0
10.0 19.0 19.0 66.41043 15.77523 45.42212 577.0
10.0 19.0 10.0 97.05094 3.91737 61.10623 577.0
10.0 20.0 20.0 85.03586 53.67717 22.30459 36.0
10.0 20.0 10.0 97.05094 3.91737 61.10623 36.0
10.0 29.0 29.0 122.70886 20.5815 121.16101 4.0
10.0 29.0 10.0 97.05094 3.91737 61.10623 4.0
10.0 31.0 31.0 121.53085 38.88559 36.00992 411.0
10.0 31.0 10.0 97.05094 3.91737 61.10623 411.0
10.0 37.0 37.0 80.24327 11.05731 113.80905 57.0
10.0 37.0 10.0 97.05094 3.91737 61.10623 57.0
10.0 40.0 40.0 83.28049 23.52491 42.42235 1232.0
10.0 40.0 10.0 97.05094 3.91737 61.10623 1232.0
11.0 1.0 1.0 66.22558 89.16941 7.43245 20.0
11.0 1.0 11.0 48.53621 14.11174 56.51251 20.0
11.0 2.0 2.0 27.43549 25.29694 87.7206 1325.0
11.0 2.0 11.0 48.53621 14.11174 56.51251 1325.0
11.0 3.0 3.0 83.13835 3.8296 88.02224 1147.0
11.0 3.0 11.0 48.53621 14.11174 56.51251 1147.0
11.0 6.0 6.0 5.46038 84.7079 74.37794 2.0
11.0 6.0 11.0 48.53621 14.11174 56.51251 2.0
11.0 10.0 10.0 97.05094 3.91737 61.10623 200.0
11.0 10.0 11.0 48.53621 14.11174 56.51251 200.0
11.0 11.0 11.0 48.53621 14.11174 56.51251 8285.0
11.0 11.0 11.0 48.53621 14.11174 56.51251 8285.0
11.0 13.0 13.0 21.7866 31.15334 56.45373 1488.0
11.0 13.0 11.0 48.53621 14.11174 56.51251 1488.0
11.0 16.0 16.0 37.0994 39.07062 124.68655 16.0
11.0 16.0 11.0 48.53621 14.11174 56.51251 16.0
11.0 19.0 19.0 66.41043 15.77523 45.42212 2124.0
11.0 19.0 11.0 48.53621 14.11174 56.51251 2124.0
11.0 20.0 20.0 85.03586 53.67717 22.30459 295.0
11.0 20.0 11.0 48.53621 14.11174 56.51251 295.0
11.0 21.0 21.0 28.33291 78.06968 19.25744 24.0
11.0 21.0 11.0 48.53621 14.11174 56.51251 24.0
11.0 27.0 27.0 18.72038 45.3509 103.72502 7.0
11.0 27.0 11.0 48.53621 14.11174 56.51251 7.0
11.0 31.0 31.0 121.53085 38.88559 36.00992 2.0
11.0 31.0 11.0 48.53621 14.11174 56.51251 2.0
11.0 36.0 36.0 51.17915 19.52322 119.73553 73.0
11.0 36.0 11.0 48.53621 14.11174 56.51251 73.0
11.0 37.0 37.0 80.24327 11.05731 113.80905 261.0
11.0 37.0 11.0 48.53621 14.11174 56.51251 261.0
11.0 39.0 39.0 21.8457 50.11375 32.75433 824.0
11.0 39.0 11.0 48.53621 14.11174 56.51251 824.0
11.0 40.0 40.0 83.28049 23.52491 42.42235 554.0
11.0 40.0 11.0 48.53621 14.11174 56.51251 554.0
11.0 44.0 44.0 70.25685 22.73006 131.35512 4.0
11.0 44.0 11.0 48.53621 14.11174 56.51251 4.0
12.0 12.0 12.0 179.81381 86.36776 84.77709 6005.0
12.0 12.0 12.0 179.81381 86.36776 84.77709 6005.0
12.0 14.0 14.0 128.53221 116.10432 40.45651 5.0
12.0 14.0 12.0 179.81381 86.36776 84.77709 5.0
12.0 15.0 15.0 145.10988 26.55957 64.67732 39.0
12.0 15.0 12.0 179.81381 86.36776 84.77709 39.0
12.0 18.0 18.0 159.22207 24.83666 93.89751 12.0
12.0 18.0 12.0 179.81381 86.36776 84.77709 12.0
12.0 23.0 23.0 173.48521 43.55975 76.95704 606.0
12.0 23.0 12.0 179.81381 86.36776 84.77709 606.0
12.0 25.0 25.0 182.83541 64.0556 100.31702 1166.0
12.0 25.0 12.0 179.81381 86.36776 84.77709 1166.0
12.0 31.0 31.0 121.53085 38.88559 36.00992 11.0
12.0 31.0 12.0 179.81381 86.36776 84.77709 11.0
12.0 32.0 32.0 157.2117 89.17782 58.04542 1811.0
12.0 32.0 12.0 179.81381 86.36776 84.77709 1811.0
12.0 34.0 34.0 127.79083 111.26259 129.57835 99.0
12.0 34.0 12.0 179.81381 86.36776 84.77709 99.0
12.0 35.0 35.0 147.80229 121.14097 95.63033 1226.0
12.0 35.0 12.0 179.81381 86.36776 84.77709 1226.0
12.0 46.0 46.0 114.66022 130.27277 52.82127 3.0
12.0 46.0 12.0 179.81381 86.36776 84.77709 3.0
12.0 47.0 47.0 164.19352 62.77108 126.13032 409.0
12.0 47.0 12.0 179.81381 86.36776 84.77709 409.0
13.0 2.0 2.0 27.43549 25.29694 87.7206 1376.0
13.0 2.0 13.0 21.7866 31.15334 56.45373 1376.0
13.0 3.0 3.0 83.13835 3.8296 88.02224 9.0
13.0 3.0 13.0 21.7866 31.15334 56.45373 9.0
13.0 6.0 6.0 5.46038 84.7079 74.37794 408.0
13.0 6.0 13.0 21.7866 31.15334 56.45373 408.0
13.0 11.0 11.0 48.53621 14.11174 56.51251 1656.0
13.0 11.0 13.0 21.7866 31.15334 56.45373 1656.0
13.0 13.0 13.0 21.7866 31.15334 56.45373 3807.0
13.0 13.0 13.0 21.7866 31.15334 56.45373 3807.0
13.0 19.0 19.0 66.41043 15.77523 45.42212 73.0
13.0 19.0 13.0 21.7866 31.15334 56.45373 73.0
13.0 20.0 20.0 85.03586 53.67717 22.30459 10.0
13.0 20.0 13.0 21.7866 31.15334 56.45373 10.0
13.0 21.0 21.0 28.33291 78.06968 19.25744 7.0
13.0 21.0 13.0 21.7866 31.15334 56.45373 7.0
13.0 22.0 22.0 25.09528 80.02567 119.46587 3.0
13.0 22.0 13.0 21.7866 31.15334 56.45373 3.0
13.0 27.0 27.0 18.72038 45.3509 103.72502 110.0
13.0 27.0 13.0 21.7866 31.15334 56.45373 110.0
13.0 36.0 36.0 51.17915 19.52322 119.73553 4.0
13.0 36.0 13.0 21.7866 31.15334 56.45373 4.0
13.0 37.0 37.0 80.24327 11.05731 113.80905 3.0
13.0 37.0 13.0 21.7866 31.15334 56.45373 3.0
13.0 39.0 39.0 21.8457 50.11375 32.75433 1771.0
13.0 39.0 13.0 21.7866 31.15334 56.45373 1771.0
13.0 40.0 40.0 83.28049 23.52491 42.42235 4.0
13.0 40.0 13.0 21.7866 31.15334 56.45373 4.0
14.0 1.0 1.0 66.22558 89.16941 7.43245 75.0
14.0 1.0 14.0 128.53221 116.10432 40.45651 75.0
14.0 8.0 8.0 89.82248 90.65472 30.37378 13.0
14.0 8.0 14.0 128.53221 116.10432 40.45651 13.0
14.0 12.0 12.0 179.81381 86.36776 84.77709 9.0
14.0 12.0 14.0 128.53221 116.10432 40.45651 9.0
14.0 14.0 14.0 128.53221 116.10432 40.45651 9009.0
14.0 14.0 14.0 128.53221 116.10432 40.45651 9009.0
14.0 20.0 20.0 85.03586 53.67717 22.30459 13.0
14.0 20.0 14.0 128.53221 116.10432 40.45651 13.0
14.0 30.0 30.0 88.58164 139.94274 62.83698 268.0
14.0 30.0 14.0 128.53221 116.10432 40.45651 268.0
14.0 31.0 31.0 121.53085 38.88559 36.00992 7.0
14.0 31.0 14.0 128.53221 116.10432 40.45651 7.0
14.0 32.0 32.0 157.2117 89.17782 58.04542 1641.0
14.0 32.0 14.0 128.53221 116.10432 40.45651 1641.0
14.0 34.0 34.0 127.79083 111.26259 129.57835 1.0
14.0 34.0 14.0 128.53221 116.10432 40.45651 1.0
14.0 35.0 35.0 147.80229 121.14097 95.63033 342.0
14.0 35.0 14.0 128.53221 116.10432 40.45651 342.0
14.0 43.0 43.0 101.71826 137.71497 99.1901 2.0
14.0 43.0 14.0 128.53221 116.10432 40.45651 2.0
14.0 45.0 45.0 35.06734 116.26964 28.46915 1.0
14.0 45.0 14.0 128.53221 116.10432 40.45651 1.0
14.0 46.0 46.0 114.66022 130.27277 52.82127 3209.0
14.0 46.0 14.0 128.53221 116.10432 40.45651 3209.0
15.0 3.0 3.0 83.13835 3.8296 88.02224 18.0
15.0 3.0 15.0 145.10988 26.55957 64.67732 18.0
15.0 7.0 7.0 121.65261 13.44931 56.87943 1518.0
15.0 7.0 15.0 145.10988 26.55957 64.67732 1518.0
15.0 10.0 10.0 97.05094 3.91737 61.10623 59.0
15.0 10.0 15.0 145.10988 26.55957 64.67732 59.0
15.0 12.0 12.0 179.81381 86.36776 84.77709 41.0
15.0 12.0 15.0 145.10988 26.55957 64.67732 41.0
15.0 15.0 15.0 145.10988 26.55957 64.67732 5177.0
15.0 15.0 15.0 145.10988 26.55957 64.67732 5177.0
15.0 17.0 17.0 122.80398 11.00874 94.60717 876.0
15.0 17.0 15.0 145.10988 26.55957 64.67732 876.0
15.0 18.0 18.0 159.22207 24.83666 93.89751 1065.0
15.0 18.0 15.0 145.10988 26.55957 64.67732 1065.0
15.0 23.0 23.0 173.48521 43.55975 76.95704 783.0
15.0 23.0 15.0 145.10988 26.55957 64.67732 783.0
15.0 25.0 25.0 182.83541 64.0556 100.31702 8.0
15.0 25.0 15.0 145.10988 26.55957 64.67732 8.0
15.0 26.0 26.0 132.11411 45.14324 139.11845 6.0
15.0 26.0 15.0 145.10988 26.55957 64.67732 6.0
15.0 29.0 29.0 122.70886 20.5815 121.16101 55.0
15.0 29.0 15.0 145.10988 26.55957 64.67732 55.0
15.0 31.0 31.0 121.53085 38.88559 36.00992 1425.0
15.0 31.0 15.0 145.10988 26.55957 64.67732 1425.0
15.0 32.0 32.0 157.2117 89.17782 58.04542 353.0
15.0 32.0 15.0 145.10988 26.55957 64.67732 353.0
15.0 40.0 40.0 83.28049 23.52491 42.42235 3.0
15.0 40.0 15.0 145.10988 26.55957 64.67732 3.0
15.0 47.0 47.0 164.19352 62.77108 126.13032 12.0
15.0 47.0 15.0 145.10988 26.55957 64.67732 12.0
16.0 0.0 0.0 55.12306 48.87036 141.9699 1430.0
16.0 0.0 16.0 37.0994 39.07062 124.68655 1430.0
16.0 2.0 2.0 27.43549 25.29694 87.7206 737.0
16.0 2.0 16.0 37.0994 39.07062 124.68655 737.0
16.0 3.0 3.0 83.13835 3.8296 88.02224 20.0
16.0 3.0 16.0 37.0994 39.07062 124.68655 20.0
16.0 4.0 4.0 72.14915 108.41054 139.67904 2.0
16.0 4.0 16.0 37.0994 39.07062 124.68655 2.0
16.0 6.0 6.0 5.46038 84.7079 74.37794 6.0
16.0 6.0 16.0 37.0994 39.07062 124.68655 6.0
16.0 11.0 11.0 48.53621 14.11174 56.51251 18.0
16.0 11.0 16.0 37.0994 39.07062 124.68655 18.0
16.0 13.0 13.0 21.7866 31.15334 56.45373 2.0
16.0 13.0 16.0 37.0994 39.07062 124.68655 2.0
16.0 16.0 16.0 37.0994 39.07062 124.68655 4273.0
16.0 16.0 16.0 37.0994 39.07062 124.68655 4273.0
16.0 22.0 22.0 25.09528 80.02567 119.46587 1226.0
16.0 22.0 16.0 37.0994 39.07062 124.68655 1226.0
16.0 23.0 23.0 173.48521 43.55975 76.95704 1.0
16.0 23.0 16.0 37.0994 39.07062 124.68655 1.0
16.0 27.0 27.0 18.72038 45.3509 103.72502 1130.0
16.0 27.0 16.0 37.0994 39.07062 124.68655 1130.0
16.0 28.0 28.0 84.38011 38.89187 143.12169 56.0
16.0 28.0 16.0 37.0994 39.07062 124.68655 56.0
16.0 33.0 33.0 97.23888 49.92059 149.23052 3.0
16.0 33.0 16.0 37.0994 39.07062 124.68655 3.0
16.0 36.0 36.0 51.17915 19.52322 119.73553 1049.0
16.0 36.0 16.0 37.0994 39.07062 124.68655 1049.0
16.0 37.0 37.0 80.24327 11.05731 113.80905 161.0
16.0 37.0 16.0 37.0994 39.07062 124.68655 161.0
16.0 38.0 38.0 88.74188 68.39289 152.61332 19.0
16.0 38.0 16.0 37.0994 39.07062 124.68655 19.0
16.0 42.0 42.0 56.63204 85.23479 144.95725 179.0
16.0 42.0 16.0 37.0994 39.07062 124.68655 179.0
16.0 44.0 44.0 70.25685 22.73006 131.35512 213.0
16.0 44.0 16.0 37.0994 39.07062 124.68655 213.0
17.0 3.0 3.0 83.13835 3.8296 88.02224 1165.0
17.0 3.0 17.0 122.80398 11.00874 94.60717 1165.0
17.0 7.0 7.0 121.65261 13.44931 56.87943 778.0
17.0 7.0 17.0 122.80398 11.00874 94.60717 778.0
17.0 10.0 10.0 97.05094 3.91737 61.10623 471.0
17.0 10.0 17.0 122.80398 11.00874 94.60717 471.0
17.0 15.0 15.0 145.10988 26.55957 64.67732 932.0
17.0 15.0 17.0 122.80398 11.00874 94.60717 932.0
17.0 17.0 17.0 122.80398 11.00874 94.60717 5135.0
17.0 17.0 17.0 122.80398 11.00874 94.60717 5135.0
17.0 18.0 18.0 159.22207 24.83666 93.89751 620.0
17.0 18.0 17.0 122.80398 11.00874 94.60717 620.0
17.0 19.0 19.0 66.41043 15.77523 45.42212 2.0
17.0 19.0 17.0 122.80398 11.00874 94.60717 2.0
17.0 23.0 23.0 173.48521 43.55975 76.95704 8.0
17.0 23.0 17.0 122.80398 11.00874 94.60717 8.0
17.0 26.0 26.0 132.11411 45.14324 139.11845 82.0
17.0 26.0 17.0 122.80398 11.00874 94.60717 82.0
17.0 28.0 28.0 84.38011 38.89187 143.12169 10.0
17.0 28.0 17.0 122.80398 11.00874 94.60717 10.0
17.0 29.0 29.0 122.70886 20.5815 121.16101 1569.0
17.0 29.0 17.0 122.80398 11.00874 94.60717 1569.0
17.0 31.0 31.0 121.53085 38.88559 36.00992 4.0
17.0 31.0 17.0 122.80398 11.00874 94.60717 4.0
17.0 33.0 33.0 97.23888 49.92059 149.23052 1.0
17.0 33.0 17.0 122.80398 11.00874 94.60717 1.0
17.0 36.0 36.0 51.17915 19.52322 119.73553 1.0
17.0 36.0 17.0 122.80398 11.00874 94.60717 1.0
17.0 37.0 37.0 80.24327 11.05731 113.80905 495.0
17.0 37.0 17.0 122.80398 11.00874 94.60717 495.0
17.0 40.0 40.0 83.28049 23.52491 42.42235 3.0
17.0 40.0 17.0 122.80398 11.00874 94.60717 3.0
17.0 44.0 44.0 70.25685 22.73006 131.35512 2.0
17.0 44.0 17.0 122.80398 11.00874 94.60717 2.0
17.0 45.0 45.0 35.06734 116.26964 28.46915 1.0
17.0 45.0 17.0 122.80398 11.00874 94.60717 1.0
17.0 47.0 47.0 164.19352 62.77108 126.13032 23.0
17.0 47.0 17.0 122.80398 11.00874 94.60717 23.0
18.0 3.0 3.0 83.13835 3.8296 88.02224 2.0
18.0 3.0 18.0 159.22207 24.83666 93.89751 2.0
18.0 7.0 7.0 121.65261 13.44931 56.87943 36.0
18.0 7.0 18.0 159.22207 24.83666 93.89751 36.0
18.0 12.0 12.0 179.81381 86.36776 84.77709 9.0
18.0 12.0 18.0 159.22207 24.83666 93.89751 9.0
18.0 15.0 15.0 145.10988 26.55957 64.67732 1147.0
18.0 15.0 18.0 159.22207 24.83666 93.89751 1147.0
18.0 17.0 17.0 122.80398 11.00874 94.60717 644.0
18.0 17.0 18.0 159.22207 24.83666 93.89751 644.0
18.0 18.0 18.0 159.22207 24.83666 93.89751 3231.0
18.0 18.0 18.0 159.22207 24.83666 93.89751 3231.0
18.0 23.0 23.0 173.48521 43.55975 76.95704 1047.0
18.0 23.0 18.0 159.22207 24.83666 93.89751 1047.0
18.0 25.0 25.0 182.83541 64.0556 100.31702 108.0
18.0 25.0 18.0 159.22207 24.83666 93.89751 108.0
18.0 26.0 26.0 132.11411 45.14324 139.11845 222.0
18.0 26.0 18.0 159.22207 24.83666 93.89751 222.0
18.0 29.0 29.0 122.70886 20.5815 121.16101 555.0
18.0 29.0 18.0 159.22207 24.83666 93.89751 555.0
18.0 31.0 31.0 121.53085 38.88559 36.00992 9.0
18.0 31.0 18.0 159.22207 24.83666 93.89751 9.0
18.0 32.0 32.0 157.2117 89.17782 58.04542 7.0
18.0 32.0 18.0 159.22207 24.83666 93.89751 7.0
18.0 37.0 37.0 80.24327 11.05731 113.80905 1.0
18.0 37.0 18.0 159.22207 24.83666 93.89751 1.0
18.0 47.0 47.0 164.19352 62.77108 126.13032 621.0
18.0 47.0 18.0 159.22207 24.83666 93.89751 621.0
19.0 1.0 1.0 66.22558 89.16941 7.43245 16.0
19.0 1.0 19.0 66.41043 15.77523 45.42212 16.0
19.0 2.0 2.0 27.43549 25.29694 87.7206 5.0
19.0 2.0 19.0 66.41043 15.77523 45.42212 5.0
19.0 3.0 3.0 83.13835 3.8296 88.02224 464.0
19.0 3.0 19.0 66.41043 15.77523 45.42212 464.0
19.0 7.0 7.0 121.65261 13.44931 56.87943 13.0
19.0 7.0 19.0 66.41043 15.77523 45.42212 13.0
19.0 10.0 10.0 97.05094 3.91737 61.10623 584.0
19.0 10.0 19.0 66.41043 15.77523 45.42212 584.0
19.0 11.0 11.0 48.53621 14.11174 56.51251 1896.0
19.0 11.0 19.0 66.41043 15.77523 45.42212 1896.0
19.0 13.0 13.0 21.7866 31.15334 56.45373 69.0
19.0 13.0 19.0 66.41043 15.77523 45.42212 69.0
19.0 19.0 19.0 66.41043 15.77523 45.42212 2156.0
19.0 19.0 19.0 66.41043 15.77523 45.42212 2156.0
19.0 20.0 20.0 85.03586 53.67717 22.30459 553.0
19.0 20.0 19.0 66.41043 15.77523 45.42212 553.0
19.0 21.0 21.0 28.33291 78.06968 19.25744 21.0
19.0 21.0 19.0 66.41043 15.77523 45.42212 21.0
19.0 31.0 31.0 121.53085 38.88559 36.00992 34.0
19.0 31.0 19.0 66.41043 15.77523 45.42212 34.0
19.0 37.0 37.0 80.24327 11.05731 113.80905 19.0
19.0 37.0 19.0 66.41043 15.77523 45.42212 19.0
19.0 39.0 39.0 21.8457 50.11375 32.75433 212.0
19.0 39.0 19.0 66.41043 15.77523 45.42212 212.0
19.0 40.0 40.0 83.28049 23.52491 42.42235 1645.0
19.0 40.0 19.0 66.41043 15.77523 45.42212 1645.0
20.0 1.0 1.0 66.22558 89.16941 7.43245 2229.0
20.0 1.0 20.0 85.03586 53.67717 22.30459 2229.0
20.0 7.0 7.0 121.65261 13.44931 56.87943 15.0
20.0 7.0 20.0 85.03586 53.67717 22.30459 15.0
20.0 8.0 8.0 89.82248 90.65472 30.37378 108.0
20.0 8.0 20.0 85.03586 53.67717 22.30459 108.0
20.0 10.0 10.0 97.05094 3.91737 61.10623 23.0
20.0 10.0 20.0 85.03586 53.67717 22.30459 23.0
20.0 11.0 11.0 48.53621 14.11174 56.51251 252.0
20.0 11.0 20.0 85.03586 53.67717 22.30459 252.0
20.0 12.0 12.0 179.81381 86.36776 84.77709 1.0
20.0 12.0 20.0 85.03586 53.67717 22.30459 1.0
20.0 13.0 13.0 21.7866 31.15334 56.45373 8.0
20.0 13.0 20.0 85.03586 53.67717 22.30459 8.0
20.0 14.0 14.0 128.53221 116.10432 40.45651 9.0
20.0 14.0 20.0 85.03586 53.67717 22.30459 9.0
20.0 15.0 15.0 145.10988 26.55957 64.67732 2.0
20.0 15.0 20.0 85.03586 53.67717 22.30459 2.0
20.0 19.0 19.0 66.41043 15.77523 45.42212 559.0
20.0 19.0 20.0 85.03586 53.67717 22.30459 559.0
20.0 20.0 20.0 85.03586 53.67717 22.30459 14791.0
20.0 20.0 20.0 85.03586 53.67717 22.30459 14791.0
20.0 21.0 21.0 28.33291 78.06968 19.25744 254.0
20.0 21.0 20.0 85.03586 53.67717 22.30459 254.0
20.0 31.0 31.0 121.53085 38.88559 36.00992 2477.0
20.0 31.0 20.0 85.03586 53.67717 22.30459 2477.0
20.0 32.0 32.0 157.2117 89.17782 58.04542 12.0
20.0 32.0 20.0 85.03586 53.67717 22.30459 12.0
20.0 39.0 39.0 21.8457 50.11375 32.75433 476.0
20.0 39.0 20.0 85.03586 53.67717 22.30459 476.0
20.0 40.0 40.0 83.28049 23.52491 42.42235 1767.0
20.0 40.0 20.0 85.03586 53.67717 22.30459 1767.0
20.0 45.0 45.0 35.06734 116.26964 28.46915 1.0
20.0 45.0 20.0 85.03586 53.67717 22.30459 1.0
20.0 46.0 46.0 114.66022 130.27277 52.82127 1.0
20.0 46.0 20.0 85.03586 53.67717 22.30459 1.0
21.0 1.0 1.0 66.22558 89.16941 7.43245 1541.0
21.0 1.0 21.0 28.33291 78.06968 19.25744 1541.0
21.0 6.0 6.0 5.46038 84.7079 74.37794 612.0
21.0 6.0 21.0 28.33291 78.06968 19.25744 612.0
21.0 11.0 11.0 48.53621 14.11174 56.51251 34.0
21.0 11.0 21.0 28.33291 78.06968 19.25744 34.0
21.0 13.0 13.0 21.7866 31.15334 56.45373 8.0
21.0 13.0 21.0 28.33291 78.06968 19.25744 8.0
21.0 19.0 19.0 66.41043 15.77523 45.42212 16.0
21.0 19.0 21.0 28.33291 78.06968 19.25744 16.0
21.0 20.0 20.0 85.03586 53.67717 22.30459 269.0
21.0 20.0 21.0 28.33291 78.06968 19.25744 269.0
21.0 21.0 21.0 28.33291 78.06968 19.25744 6271.0
21.0 21.0 21.0 28.33291 78.06968 19.25744 6271.0
21.0 39.0 39.0 21.8457 50.11375 32.75433 2277.0
21.0 39.0 21.0 28.33291 78.06968 19.25744 2277.0
21.0 40.0 40.0 83.28049 23.52491 42.42235 1.0
21.0 40.0 21.0 28.33291 78.06968 19.25744 1.0
21.0 45.0 45.0 35.06734 116.26964 28.46915 1869.0
21.0 45.0 21.0 28.33291 78.06968 19.25744 1869.0
22.0 0.0 0.0 55.12306 48.87036 141.9699 668.0
22.0 0.0 22.0 25.09528 80.02567 119.46587 668.0
22.0 2.0 2.0 27.43549 25.29694 87.7206 84.0
22.0 2.0 22.0 25.09528 80.02567 119.46587 84.0
22.0 4.0 4.0 72.14915 108.41054 139.67904 504.0
22.0 4.0 22.0 25.09528 80.02567 119.46587 504.0
22.0 5.0 5.0 42.57967 127.24874 106.37087 41.0
22.0 5.0 22.0 25.09528 80.02567 119.46587 41.0
22.0 6.0 6.0 5.46038 84.7079 74.37794 2016.0
22.0 6.0 22.0 25.09528 80.02567 119.46587 2016.0
22.0 13.0 13.0 21.7866 31.15334 56.45373 4.0
22.0 13.0 22.0 25.09528 80.02567 119.46587 4.0
22.0 16.0 16.0 37.0994 39.07062 124.68655 1240.0
22.0 16.0 22.0 25.09528 80.02567 119.46587 1240.0
22.0 22.0 22.0 25.09528 80.02567 119.46587 14450.0
22.0 22.0 22.0 25.09528 80.02567 119.46587 14450.0
22.0 27.0 27.0 18.72038 45.3509 103.72502 1319.0
22.0 27.0 22.0 25.09528 80.02567 119.46587 1319.0
22.0 28.0 28.0 84.38011 38.89187 143.12169 19.0
22.0 28.0 22.0 25.09528 80.02567 119.46587 19.0
22.0 33.0 33.0 97.23888 49.92059 149.23052 2.0
22.0 33.0 22.0 25.09528 80.02567 119.46587 2.0
22.0 36.0 36.0 51.17915 19.52322 119.73553 18.0
22.0 36.0 22.0 25.09528 80.02567 119.46587 18.0
22.0 37.0 37.0 80.24327 11.05731 113.80905 1.0
22.0 37.0 22.0 25.09528 80.02567 119.46587 1.0
22.0 38.0 38.0 88.74188 68.39289 152.61332 27.0
22.0 38.0 22.0 25.09528 80.02567 119.46587 27.0
22.0 41.0 41.0 59.92358 126.08913 122.51064 896.0
22.0 41.0 22.0 25.09528 80.02567 119.46587 896.0
22.0 42.0 42.0 56.63204 85.23479 144.95725 1675.0
22.0 42.0 22.0 25.09528 80.02567 119.46587 1675.0
22.0 43.0 43.0 101.71826 137.71497 99.1901 1.0
22.0 43.0 22.0 25.09528 80.02567 119.46587 1.0
22.0 44.0 44.0 70.25685 22.73006 131.35512 1.0
22.0 44.0 22.0 25.09528 80.02567 119.46587 1.0
23.0 7.0 7.0 121.65261 13.44931 56.87943 13.0
23.0 7.0 23.0 173.48521 43.55975 76.95704 13.0
23.0 12.0 12.0 179.81381 86.36776 84.77709 583.0
23.0 12.0 23.0 173.48521 43.55975 76.95704 583.0
23.0 15.0 15.0 145.10988 26.55957 64.67732 818.0
23.0 15.0 23.0 173.48521 43.55975 76.95704 818.0
23.0 17.0 17.0 122.80398 11.00874 94.60717 7.0
23.0 17.0 23.0 173.48521 43.55975 76.95704 7.0
23.0 18.0 18.0 159.22207 24.83666 93.89751 1072.0
23.0 18.0 23.0 173.48521 43.55975 76.95704 1072.0
23.0 23.0 23.0 173.48521 43.55975 76.95704 3307.0
23.0 23.0 23.0 173.48521 43.55975 76.95704 3307.0
23.0 25.0 25.0 182.83541 64.0556 100.31702 787.0
23.0 25.0 23.0 173.48521 43.55975 76.95704 787.0
23.0 26.0 26.0 132.11411 45.14324 139.11845 10.0
23.0 26.0 23.0 173.48521 43.55975 76.95704 10.0
23.0 29.0 29.0 122.70886 20.5815 121.16101 9.0
23.0 29.0 23.0 173.48521 43.55975 76.95704 9.0
23.0 31.0 31.0 121.53085 38.88559 36.00992 133.0
23.0 31.0 23.0 173.48521 43.55975 76.95704 133.0
23.0 32.0 32.0 157.2117 89.17782 58.04542 523.0
23.0 32.0 23.0 173.48521 43.55975 76.95704 523.0
23.0 47.0 47.0 164.19352 62.77108 126.13032 347.0
23.0 47.0 23.0 173.48521 43.55975 76.95704 347.0
24.0 0.0 0.0 55.12306 48.87036 141.9699 9.0
24.0 0.0 24.0 107.88827 87.19267 149.15004 9.0
24.0 4.0 4.0 72.14915 108.41054 139.67904 1504.0
24.0 4.0 24.0 107.88827 87.19267 149.15004 1504.0
24.0 9.0 9.0 78.65996 139.90049 102.72045 19.0
24.0 9.0 24.0 107.88827 87.19267 149.15004 19.0
24.0 24.0 24.0 107.88827 87.19267 149.15004 9031.0
24.0 24.0 24.0 107.88827 87.19267 149.15004 9031.0
24.0 26.0 26.0 132.11411 45.14324 139.11845 948.0
24.0 26.0 24.0 107.88827 87.19267 149.15004 948.0
24.0 28.0 28.0 84.38011 38.89187 143.12169 38.0
24.0 28.0 24.0 107.88827 87.19267 149.15004 38.0
24.0 29.0 29.0 122.70886 20.5815 121.16101 1.0
24.0 29.0 24.0 107.88827 87.19267 149.15004 1.0
24.0 30.0 30.0 88.58164 139.94274 62.83698 1.0
24.0 30.0 24.0 107.88827 87.19267 149.15004 1.0
24.0 33.0 33.0 97.23888 49.92059 149.23052 452.0
24.0 33.0 24.0 107.88827 87.19267 149.15004 452.0
24.0 34.0 34.0 127.79083 111.26259 129.57835 2654.0
24.0 34.0 24.0 107.88827 87.19267 149.15004 2654.0
24.0 35.0 35.0 147.80229 121.14097 95.63033 3.0
24.0 35.0 24.0 107.88827 87.19267 149.15004 3.0
24.0 38.0 38.0 88.74188 68.39289 152.61332 1915.0
24.0 38.0 24.0 107.88827 87.19267 149.15004 1915.0
24.0 41.0 41.0 59.92358 126.08913 122.51064 77.0
24.0 41.0 24.0 107.88827 87.19267 149.15004 77.0
24.0 42.0 42.0 56.63204 85.23479 144.95725 527.0
24.0 42.0 24.0 107.88827 87.19267 149.15004 527.0
24.0 43.0 43.0 101.71826 137.71497 99.1901 6.0
24.0 43.0 24.0 107.88827 87.19267 149.15004 6.0
24.0 44.0 44.0 70.25685 22.73006 131.35512 2.0
24.0 44.0 24.0 107.88827 87.19267 149.15004 2.0
24.0 47.0 47.0 164.19352 62.77108 126.13032 196.0
24.0 47.0 24.0 107.88827 87.19267 149.15004 196.0
25.0 7.0 7.0 121.65261 13.44931 56.87943 1.0
25.0 7.0 25.0 182.83541 64.0556 100.31702 1.0
25.0 12.0 12.0 179.81381 86.36776 84.77709 1224.0
25.0 12.0 25.0 182.83541 64.0556 100.31702 1224.0
25.0 15.0 15.0 145.10988 26.55957 64.67732 7.0
25.0 15.0 25.0 182.83541 64.0556 100.31702 7.0
25.0 18.0 18.0 159.22207 24.83666 93.89751 127.0
25.0 18.0 25.0 182.83541 64.0556 100.31702 127.0
25.0 23.0 23.0 173.48521 43.55975 76.95704 760.0
25.0 23.0 25.0 182.83541 64.0556 100.31702 760.0
25.0 25.0 25.0 182.83541 64.0556 100.31702 2250.0
25.0 25.0 25.0 182.83541 64.0556 100.31702 2250.0
25.0 26.0 26.0 132.11411 45.14324 139.11845 5.0
25.0 26.0 25.0 182.83541 64.0556 100.31702 5.0
25.0 32.0 32.0 157.2117 89.17782 58.04542 49.0
25.0 32.0 25.0 182.83541 64.0556 100.31702 49.0
25.0 34.0 34.0 127.79083 111.26259 129.57835 24.0
25.0 34.0 25.0 182.83541 64.0556 100.31702 24.0
25.0 35.0 35.0 147.80229 121.14097 95.63033 71.0
25.0 35.0 25.0 182.83541 64.0556 100.31702 71.0
25.0 46.0 46.0 114.66022 130.27277 52.82127 1.0
25.0 46.0 25.0 182.83541 64.0556 100.31702 1.0
25.0 47.0 47.0 164.19352 62.77108 126.13032 1260.0
25.0 47.0 25.0 182.83541 64.0556 100.31702 1260.0
26.0 0.0 0.0 55.12306 48.87036 141.9699 1.0
26.0 0.0 26.0 132.11411 45.14324 139.11845 1.0
26.0 3.0 3.0 83.13835 3.8296 88.02224 1.0
26.0 3.0 26.0 132.11411 45.14324 139.11845 1.0
26.0 15.0 15.0 145.10988 26.55957 64.67732 2.0
26.0 15.0 26.0 132.11411 45.14324 139.11845 2.0
26.0 17.0 17.0 122.80398 11.00874 94.60717 95.0
26.0 17.0 26.0 132.11411 45.14324 139.11845 95.0
26.0 18.0 18.0 159.22207 24.83666 93.89751 237.0
26.0 18.0 26.0 132.11411 45.14324 139.11845 237.0
26.0 23.0 23.0 173.48521 43.55975 76.95704 2.0
26.0 23.0 26.0 132.11411 45.14324 139.11845 2.0
26.0 24.0 24.0 107.88827 87.19267 149.15004 1018.0
26.0 24.0 26.0 132.11411 45.14324 139.11845 1018.0
26.0 25.0 25.0 182.83541 64.0556 100.31702 4.0
26.0 25.0 26.0 132.11411 45.14324 139.11845 4.0
26.0 26.0 26.0 132.11411 45.14324 139.11845 8183.0
26.0 26.0 26.0 132.11411 45.14324 139.11845 8183.0
26.0 28.0 28.0 84.38011 38.89187 143.12169 416.0
26.0 28.0 26.0 132.11411 45.14324 139.11845 416.0
26.0 29.0 29.0 122.70886 20.5815 121.16101 1858.0
26.0 29.0 26.0 132.11411 45.14324 139.11845 1858.0
26.0 33.0 33.0 97.23888 49.92059 149.23052 1103.0
26.0 33.0 26.0 132.11411 45.14324 139.11845 1103.0
26.0 34.0 34.0 127.79083 111.26259 129.57835 286.0
26.0 34.0 26.0 132.11411 45.14324 139.11845 286.0
26.0 35.0 35.0 147.80229 121.14097 95.63033 1.0
26.0 35.0 26.0 132.11411 45.14324 139.11845 1.0
26.0 37.0 37.0 80.24327 11.05731 113.80905 122.0
26.0 37.0 26.0 132.11411 45.14324 139.11845 122.0
26.0 38.0 38.0 88.74188 68.39289 152.61332 416.0
26.0 38.0 26.0 132.11411 45.14324 139.11845 416.0
26.0 44.0 44.0 70.25685 22.73006 131.35512 13.0
26.0 44.0 26.0 132.11411 45.14324 139.11845 13.0
26.0 47.0 47.0 164.19352 62.77108 126.13032 1726.0
26.0 47.0 26.0 132.11411 45.14324 139.11845 1726.0
27.0 0.0 0.0 55.12306 48.87036 141.9699 42.0
27.0 0.0 27.0 18.72038 45.3509 103.72502 42.0
27.0 2.0 2.0 27.43549 25.29694 87.7206 1567.0
27.0 2.0 27.0 18.72038 45.3509 103.72502 1567.0
27.0 3.0 3.0 83.13835 3.8296 88.02224 4.0
27.0 3.0 27.0 18.72038 45.3509 103.72502 4.0
27.0 6.0 6.0 5.46038 84.7079 74.37794 783.0
27.0 6.0 27.0 18.72038 45.3509 103.72502 783.0
27.0 11.0 11.0 48.53621 14.11174 56.51251 18.0
27.0 11.0 27.0 18.72038 45.3509 103.72502 18.0
27.0 13.0 13.0 21.7866 31.15334 56.45373 124.0
27.0 13.0 27.0 18.72038 45.3509 103.72502 124.0
27.0 16.0 16.0 37.0994 39.07062 124.68655 1308.0
27.0 16.0 27.0 18.72038 45.3509 103.72502 1308.0
27.0 22.0 22.0 25.09528 80.02567 119.46587 1319.0
27.0 22.0 27.0 18.72038 45.3509 103.72502 1319.0
27.0 27.0 27.0 18.72038 45.3509 103.72502 3333.0
27.0 27.0 27.0 18.72038 45.3509 103.72502 3333.0
27.0 36.0 36.0 51.17915 19.52322 119.73553 102.0
27.0 36.0 27.0 18.72038 45.3509 103.72502 102.0
27.0 37.0 37.0 80.24327 11.05731 113.80905 8.0
27.0 37.0 27.0 18.72038 45.3509 103.72502 8.0
27.0 39.0 39.0 21.8457 50.11375 32.75433 19.0
27.0 39.0 27.0 18.72038 45.3509 103.72502 19.0
27.0 42.0 42.0 56.63204 85.23479 144.95725 3.0
27.0 42.0 27.0 18.72038 45.3509 103.72502 3.0
27.0 44.0 44.0 70.25685 22.73006 131.35512 5.0
27.0 44.0 27.0 18.72038 45.3509 103.72502 5.0
28.0 0.0 0.0 55.12306 48.87036 141.9699 1111.0
28.0 0.0 28.0 84.38011 38.89187 143.12169 1111.0
28.0 3.0 3.0 83.13835 3.8296 88.02224 8.0
28.0 3.0 28.0 84.38011 38.89187 143.12169 8.0
28.0 4.0 4.0 72.14915 108.41054 139.67904 2.0
28.0 4.0 28.0 84.38011 38.89187 143.12169 2.0
28.0 16.0 16.0 37.0994 39.07062 124.68655 47.0
28.0 16.0 28.0 84.38011 38.89187 143.12169 47.0
28.0 17.0 17.0 122.80398 11.00874 94.60717 11.0
28.0 17.0 28.0 84.38011 38.89187 143.12169 11.0
28.0 22.0 22.0 25.09528 80.02567 119.46587 11.0
28.0 22.0 28.0 84.38011 38.89187 143.12169 11.0
28.0 24.0 24.0 107.88827 87.19267 149.15004 41.0
28.0 24.0 28.0 84.38011 38.89187 143.12169 41.0
28.0 26.0 26.0 132.11411 45.14324 139.11845 425.0
28.0 26.0 28.0 84.38011 38.89187 143.12169 425.0
28.0 28.0 28.0 84.38011 38.89187 143.12169 3151.0
28.0 28.0 28.0 84.38011 38.89187 143.12169 3151.0
28.0 29.0 29.0 122.70886 20.5815 121.16101 504.0
28.0 29.0 28.0 84.38011 38.89187 143.12169 504.0
28.0 33.0 33.0 97.23888 49.92059 149.23052 1611.0
28.0 33.0 28.0 84.38011 38.89187 143.12169 1611.0
28.0 36.0 36.0 51.17915 19.52322 119.73553 79.0
28.0 36.0 28.0 84.38011 38.89187 143.12169 79.0
28.0 37.0 37.0 80.24327 11.05731 113.80905 709.0
28.0 37.0 28.0 84.38011 38.89187 143.12169 709.0
28.0 38.0 38.0 88.74188 68.39289 152.61332 607.0
28.0 38.0 28.0 84.38011 38.89187 143.12169 607.0
28.0 42.0 42.0 56.63204 85.23479 144.95725 167.0
28.0 42.0 28.0 84.38011 38.89187 143.12169 167.0
28.0 44.0 44.0 70.25685 22.73006 131.35512 938.0
28.0 44.0 28.0 84.38011 38.89187 143.12169 938.0
29.0 0.0 0.0 55.12306 48.87036 141.9699 5.0
29.0 0.0 29.0 122.70886 20.5815 121.16101 5.0
29.0 3.0 3.0 83.13835 3.8296 88.02224 211.0
29.0 3.0 29.0 122.70886 20.5815 121.16101 211.0
29.0 7.0 7.0 121.65261 13.44931 56.87943 11.0
29.0 7.0 29.0 122.70886 20.5815 121.16101 11.0
29.0 10.0 10.0 97.05094 3.91737 61.10623 1.0
29.0 10.0 29.0 122.70886 20.5815 121.16101 1.0
29.0 15.0 15.0 145.10988 26.55957 64.67732 58.0
29.0 15.0 29.0 122.70886 20.5815 121.16101 58.0
29.0 17.0 17.0 122.80398 11.00874 94.60717 1591.0
29.0 17.0 29.0 122.70886 20.5815 121.16101 1591.0
29.0 18.0 18.0 159.22207 24.83666 93.89751 518.0
29.0 18.0 29.0 122.70886 20.5815 121.16101 518.0
29.0 23.0 23.0 173.48521 43.55975 76.95704 12.0
29.0 23.0 29.0 122.70886 20.5815 121.16101 12.0
29.0 25.0 25.0 182.83541 64.0556 100.31702 1.0
29.0 25.0 29.0 122.70886 20.5815 121.16101 1.0
29.0 26.0 26.0 132.11411 45.14324 139.11845 1840.0
29.0 26.0 29.0 122.70886 20.5815 121.16101 1840.0
29.0 28.0 28.0 84.38011 38.89187 143.12169 489.0
29.0 28.0 29.0 122.70886 20.5815 121.16101 489.0
29.0 29.0 29.0 122.70886 20.5815 121.16101 4830.0
29.0 29.0 29.0 122.70886 20.5815 121.16101 4830.0
29.0 33.0 33.0 97.23888 49.92059 149.23052 203.0
29.0 33.0 29.0 122.70886 20.5815 121.16101 203.0
29.0 37.0 37.0 80.24327 11.05731 113.80905 1195.0
29.0 37.0 29.0 122.70886 20.5815 121.16101 1195.0
29.0 38.0 38.0 88.74188 68.39289 152.61332 6.0
29.0 38.0 29.0 122.70886 20.5815 121.16101 6.0
29.0 44.0 44.0 70.25685 22.73006 131.35512 80.0
29.0 44.0 29.0 122.70886 20.5815 121.16101 80.0
29.0 47.0 47.0 164.19352 62.77108 126.13032 249.0
29.0 47.0 29.0 122.70886 20.5815 121.16101 249.0
30.0 1.0 1.0 66.22558 89.16941 7.43245 367.0
30.0 1.0 30.0 88.58164 139.94274 62.83698 367.0
30.0 5.0 5.0 42.57967 127.24874 106.37087 6.0
30.0 5.0 30.0 88.58164 139.94274 62.83698 6.0
30.0 8.0 8.0 89.82248 90.65472 30.37378 27.0
30.0 8.0 30.0 88.58164 139.94274 62.83698 27.0
30.0 9.0 9.0 78.65996 139.90049 102.72045 1426.0
30.0 9.0 30.0 88.58164 139.94274 62.83698 1426.0
30.0 14.0 14.0 128.53221 116.10432 40.45651 216.0
30.0 14.0 30.0 88.58164 139.94274 62.83698 216.0
30.0 23.0 23.0 173.48521 43.55975 76.95704 1.0
30.0 23.0 30.0 88.58164 139.94274 62.83698 1.0
30.0 30.0 30.0 88.58164 139.94274 62.83698 16295.0
30.0 30.0 30.0 88.58164 139.94274 62.83698 16295.0
30.0 32.0 32.0 157.2117 89.17782 58.04542 5.0
30.0 32.0 30.0 88.58164 139.94274 62.83698 5.0
30.0 34.0 34.0 127.79083 111.26259 129.57835 72.0
30.0 34.0 30.0 88.58164 139.94274 62.83698 72.0
30.0 35.0 35.0 147.80229 121.14097 95.63033 724.0
30.0 35.0 30.0 88.58164 139.94274 62.83698 724.0
30.0 41.0 41.0 59.92358 126.08913 122.51064 30.0
30.0 41.0 30.0 88.58164 139.94274 62.83698 30.0
30.0 43.0 43.0 101.71826 137.71497 99.1901 2249.0
30.0 43.0 30.0 88.58164 139.94274 62.83698 2249.0
30.0 45.0 45.0 35.06734 116.26964 28.46915 885.0
30.0 45.0 30.0 88.58164 139.94274 62.83698 885.0
30.0 46.0 46.0 114.66022 130.27277 52.82127 3582.0
30.0 46.0 30.0 88.58164 139.94274 62.83698 3582.0
31.0 1.0 1.0 66.22558 89.16941 7.43245 1.0
31.0 1.0 31.0 121.53085 38.88559 36.00992 1.0
31.0 3.0 3.0 83.13835 3.8296 88.02224 1.0
31.0 3.0 31.0 121.53085 38.88559 36.00992 1.0
31.0 7.0 7.0 121.65261 13.44931 56.87943 1693.0
31.0 7.0 31.0 121.53085 38.88559 36.00992 1693.0
31.0 8.0 8.0 89.82248 90.65472 30.37378 26.0
31.0 8.0 31.0 121.53085 38.88559 36.00992 26.0
31.0 10.0 10.0 97.05094 3.91737 61.10623 406.0
31.0 10.0 31.0 121.53085 38.88559 36.00992 406.0
31.0 11.0 11.0 48.53621 14.11174 56.51251 2.0
31.0 11.0 31.0 121.53085 38.88559 36.00992 2.0
31.0 12.0 12.0 179.81381 86.36776 84.77709 10.0
31.0 12.0 31.0 121.53085 38.88559 36.00992 10.0
31.0 14.0 14.0 128.53221 116.10432 40.45651 6.0
31.0 14.0 31.0 121.53085 38.88559 36.00992 6.0
31.0 15.0 15.0 145.10988 26.55957 64.67732 1474.0
31.0 15.0 31.0 121.53085 38.88559 36.00992 1474.0
31.0 17.0 17.0 122.80398 11.00874 94.60717 3.0
31.0 17.0 31.0 121.53085 38.88559 36.00992 3.0
31.0 18.0 18.0 159.22207 24.83666 93.89751 14.0
31.0 18.0 31.0 121.53085 38.88559 36.00992 14.0
31.0 19.0 19.0 66.41043 15.77523 45.42212 34.0
31.0 19.0 31.0 121.53085 38.88559 36.00992 34.0
31.0 20.0 20.0 85.03586 53.67717 22.30459 2502.0
31.0 20.0 31.0 121.53085 38.88559 36.00992 2502.0
31.0 23.0 23.0 173.48521 43.55975 76.95704 132.0
31.0 23.0 31.0 121.53085 38.88559 36.00992 132.0
31.0 31.0 31.0 121.53085 38.88559 36.00992 13120.0
31.0 31.0 31.0 121.53085 38.88559 36.00992 13120.0
31.0 32.0 32.0 157.2117 89.17782 58.04542 751.0
31.0 32.0 31.0 121.53085 38.88559 36.00992 751.0
31.0 35.0 35.0 147.80229 121.14097 95.63033 1.0
31.0 35.0 31.0 121.53085 38.88559 36.00992 1.0
31.0 40.0 40.0 83.28049 23.52491 42.42235 1064.0
31.0 40.0 31.0 121.53085 38.88559 36.00992 1064.0
32.0 7.0 7.0 121.65261 13.44931 56.87943 5.0
32.0 7.0 32.0 157.2117 89.17782 58.04542 5.0
32.0 12.0 12.0 179.81381 86.36776 84.77709 1721.0
32.0 12.0 32.0 157.2117 89.17782 58.04542 1721.0
32.0 14.0 14.0 128.53221 116.10432 40.45651 1659.0
32.0 14.0 32.0 157.2117 89.17782 58.04542 1659.0
32.0 15.0 15.0 145.10988 26.55957 64.67732 384.0
32.0 15.0 32.0 157.2117 89.17782 58.04542 384.0
32.0 18.0 18.0 159.22207 24.83666 93.89751 7.0
32.0 18.0 32.0 157.2117 89.17782 58.04542 7.0
32.0 20.0 20.0 85.03586 53.67717 22.30459 10.0
32.0 20.0 32.0 157.2117 89.17782 58.04542 10.0
32.0 23.0 23.0 173.48521 43.55975 76.95704 478.0
32.0 23.0 32.0 157.2117 89.17782 58.04542 478.0
32.0 25.0 25.0 182.83541 64.0556 100.31702 56.0
32.0 25.0 32.0 157.2117 89.17782 58.04542 56.0
32.0 30.0 30.0 88.58164 139.94274 62.83698 4.0
32.0 30.0 32.0 157.2117 89.17782 58.04542 4.0
32.0 31.0 31.0 121.53085 38.88559 36.00992 752.0
32.0 31.0 32.0 157.2117 89.17782 58.04542 752.0
32.0 32.0 32.0 157.2117 89.17782 58.04542 10387.0
32.0 32.0 32.0 157.2117 89.17782 58.04542 10387.0
32.0 35.0 35.0 147.80229 121.14097 95.63033 974.0
32.0 35.0 32.0 157.2117 89.17782 58.04542 974.0
32.0 46.0 46.0 114.66022 130.27277 52.82127 301.0
32.0 46.0 32.0 157.2117 89.17782 58.04542 301.0
32.0 47.0 47.0 164.19352 62.77108 126.13032 1.0
32.0 47.0 32.0 157.2117 89.17782 58.04542 1.0
33.0 0.0 0.0 55.12306 48.87036 141.9699 221.0
33.0 0.0 33.0 97.23888 49.92059 149.23052 221.0
33.0 4.0 4.0 72.14915 108.41054 139.67904 9.0
33.0 4.0 33.0 97.23888 49.92059 149.23052 9.0
33.0 16.0 16.0 37.0994 39.07062 124.68655 2.0
33.0 16.0 33.0 97.23888 49.92059 149.23052 2.0
33.0 18.0 18.0 159.22207 24.83666 93.89751 1.0
33.0 18.0 33.0 97.23888 49.92059 149.23052 1.0
33.0 22.0 22.0 25.09528 80.02567 119.46587 3.0
33.0 22.0 33.0 97.23888 49.92059 149.23052 3.0
33.0 24.0 24.0 107.88827 87.19267 149.15004 508.0
33.0 24.0 33.0 97.23888 49.92059 149.23052 508.0
33.0 26.0 26.0 132.11411 45.14324 139.11845 1134.0
33.0 26.0 33.0 97.23888 49.92059 149.23052 1134.0
33.0 28.0 28.0 84.38011 38.89187 143.12169 1563.0
33.0 28.0 33.0 97.23888 49.92059 149.23052 1563.0
33.0 29.0 29.0 122.70886 20.5815 121.16101 193.0
33.0 29.0 33.0 97.23888 49.92059 149.23052 193.0
33.0 33.0 33.0 97.23888 49.92059 149.23052 2726.0
33.0 33.0 33.0 97.23888 49.92059 149.23052 2726.0
33.0 34.0 34.0 127.79083 111.26259 129.57835 2.0
33.0 34.0 33.0 97.23888 49.92059 149.23052 2.0
33.0 36.0 36.0 51.17915 19.52322 119.73553 4.0
33.0 36.0 33.0 97.23888 49.92059 149.23052 4.0
33.0 37.0 37.0 80.24327 11.05731 113.80905 74.0
33.0 37.0 33.0 97.23888 49.92059 149.23052 74.0
33.0 38.0 38.0 88.74188 68.39289 152.61332 1548.0
33.0 38.0 33.0 97.23888 49.92059 149.23052 1548.0
33.0 42.0 42.0 56.63204 85.23479 144.95725 128.0
33.0 42.0 33.0 97.23888 49.92059 149.23052 128.0
33.0 44.0 44.0 70.25685 22.73006 131.35512 116.0
33.0 44.0 33.0 97.23888 49.92059 149.23052 116.0
33.0 47.0 47.0 164.19352 62.77108 126.13032 6.0
33.0 47.0 33.0 97.23888 49.92059 149.23052 6.0
34.0 4.0 4.0 72.14915 108.41054 139.67904 910.0
34.0 4.0 34.0 127.79083 111.26259 129.57835 910.0
34.0 9.0 9.0 78.65996 139.90049 102.72045 627.0
34.0 9.0 34.0 127.79083 111.26259 129.57835 627.0
34.0 12.0 12.0 179.81381 86.36776 84.77709 100.0
34.0 12.0 34.0 127.79083 111.26259 129.57835 100.0
34.0 14.0 14.0 128.53221 116.10432 40.45651 1.0
34.0 14.0 34.0 127.79083 111.26259 129.57835 1.0
34.0 24.0 24.0 107.88827 87.19267 149.15004 2592.0
34.0 24.0 34.0 127.79083 111.26259 129.57835 2592.0
34.0 25.0 25.0 182.83541 64.0556 100.31702 23.0
34.0 25.0 34.0 127.79083 111.26259 129.57835 23.0
34.0 26.0 26.0 132.11411 45.14324 139.11845 302.0
34.0 26.0 34.0 127.79083 111.26259 129.57835 302.0
34.0 30.0 30.0 88.58164 139.94274 62.83698 76.0
34.0 30.0 34.0 127.79083 111.26259 129.57835 76.0
34.0 32.0 32.0 157.2117 89.17782 58.04542 4.0
34.0 32.0 34.0 127.79083 111.26259 129.57835 4.0
34.0 33.0 33.0 97.23888 49.92059 149.23052 6.0
34.0 33.0 34.0 127.79083 111.26259 129.57835 6.0
34.0 34.0 34.0 127.79083 111.26259 129.57835 17338.0
34.0 34.0 34.0 127.79083 111.26259 129.57835 17338.0
34.0 35.0 35.0 147.80229 121.14097 95.63033 2612.0
34.0 35.0 34.0 127.79083 111.26259 129.57835 2612.0
34.0 38.0 38.0 88.74188 68.39289 152.61332 28.0
34.0 38.0 34.0 127.79083 111.26259 129.57835 28.0
34.0 41.0 41.0 59.92358 126.08913 122.51064 383.0
34.0 41.0 34.0 127.79083 111.26259 129.57835 383.0
34.0 42.0 42.0 56.63204 85.23479 144.95725 9.0
34.0 42.0 34.0 127.79083 111.26259 129.57835 9.0
34.0 43.0 43.0 101.71826 137.71497 99.1901 1424.0
34.0 43.0 34.0 127.79083 111.26259 129.57835 1424.0
34.0 46.0 46.0 114.66022 130.27277 52.82127 11.0
34.0 46.0 34.0 127.79083 111.26259 129.57835 11.0
34.0 47.0 47.0 164.19352 62.77108 126.13032 1161.0
34.0 47.0 34.0 127.79083 111.26259 129.57835 1161.0
35.0 9.0 9.0 78.65996 139.90049 102.72045 27.0
35.0 9.0 35.0 147.80229 121.14097 95.63033 27.0
35.0 12.0 12.0 179.81381 86.36776 84.77709 1185.0
35.0 12.0 35.0 147.80229 121.14097 95.63033 1185.0
35.0 14.0 14.0 128.53221 116.10432 40.45651 291.0
35.0 14.0 35.0 147.80229 121.14097 95.63033 291.0
35.0 24.0 24.0 107.88827 87.19267 149.15004 2.0
35.0 24.0 35.0 147.80229 121.14097 95.63033 2.0
35.0 25.0 25.0 182.83541 64.0556 100.31702 75.0
35.0 25.0 35.0 147.80229 121.14097 95.63033 75.0
35.0 26.0 26.0 132.11411 45.14324 139.11845 1.0
35.0 26.0 35.0 147.80229 121.14097 95.63033 1.0
35.0 30.0 30.0 88.58164 139.94274 62.83698 719.0
35.0 30.0 35.0 147.80229 121.14097 95.63033 719.0
35.0 32.0 32.0 157.2117 89.17782 58.04542 912.0
35.0 32.0 35.0 147.80229 121.14097 95.63033 912.0
35.0 34.0 34.0 127.79083 111.26259 129.57835 2731.0
35.0 34.0 35.0 147.80229 121.14097 95.63033 2731.0
35.0 35.0 35.0 147.80229 121.14097 95.63033 11539.0
35.0 35.0 35.0 147.80229 121.14097 95.63033 11539.0
35.0 41.0 41.0 59.92358 126.08913 122.51064 2.0
35.0 41.0 35.0 147.80229 121.14097 95.63033 2.0
35.0 43.0 43.0 101.71826 137.71497 99.1901 899.0
35.0 43.0 35.0 147.80229 121.14097 95.63033 899.0
35.0 46.0 46.0 114.66022 130.27277 52.82127 1176.0
35.0 46.0 35.0 147.80229 121.14097 95.63033 1176.0
35.0 47.0 47.0 164.19352 62.77108 126.13032 371.0
35.0 47.0 35.0 147.80229 121.14097 95.63033 371.0
36.0 0.0 0.0 55.12306 48.87036 141.9699 485.0
36.0 0.0 36.0 51.17915 19.52322 119.73553 485.0
36.0 2.0 2.0 27.43549 25.29694 87.7206 508.0
36.0 2.0 36.0 51.17915 19.52322 119.73553 508.0
36.0 3.0 3.0 83.13835 3.8296 88.02224 160.0
36.0 3.0 36.0 51.17915 19.52322 119.73553 160.0
36.0 11.0 11.0 48.53621 14.11174 56.51251 67.0
36.0 11.0 36.0 51.17915 19.52322 119.73553 67.0
36.0 13.0 13.0 21.7866 31.15334 56.45373 1.0
36.0 13.0 36.0 51.17915 19.52322 119.73553 1.0
36.0 16.0 16.0 37.0994 39.07062 124.68655 977.0
36.0 16.0 36.0 51.17915 19.52322 119.73553 977.0
36.0 22.0 22.0 25.09528 80.02567 119.46587 6.0
36.0 22.0 36.0 51.17915 19.52322 119.73553 6.0
36.0 27.0 27.0 18.72038 45.3509 103.72502 103.0
36.0 27.0 36.0 51.17915 19.52322 119.73553 103.0
36.0 28.0 28.0 84.38011 38.89187 143.12169 87.0
36.0 28.0 36.0 51.17915 19.52322 119.73553 87.0
36.0 29.0 29.0 122.70886 20.5815 121.16101 1.0
36.0 29.0 36.0 51.17915 19.52322 119.73553 1.0
36.0 33.0 33.0 97.23888 49.92059 149.23052 2.0
36.0 33.0 36.0 51.17915 19.52322 119.73553 2.0
36.0 36.0 36.0 51.17915 19.52322 119.73553 1518.0
36.0 36.0 36.0 51.17915 19.52322 119.73553 1518.0
36.0 37.0 37.0 80.24327 11.05731 113.80905 950.0
36.0 37.0 36.0 51.17915 19.52322 119.73553 950.0
36.0 38.0 38.0 88.74188 68.39289 152.61332 1.0
36.0 38.0 36.0 51.17915 19.52322 119.73553 1.0
36.0 42.0 42.0 56.63204 85.23479 144.95725 1.0
36.0 42.0 36.0 51.17915 19.52322 119.73553 1.0
36.0 44.0 44.0 70.25685 22.73006 131.35512 783.0
36.0 44.0 36.0 51.17915 19.52322 119.73553 783.0
37.0 0.0 0.0 55.12306 48.87036 141.9699 65.0
37.0 0.0 37.0 80.24327 11.05731 113.80905 65.0
37.0 2.0 2.0 27.43549 25.29694 87.7206 396.0
37.0 2.0 37.0 80.24327 11.05731 113.80905 396.0
37.0 3.0 3.0 83.13835 3.8296 88.02224 2583.0
37.0 3.0 37.0 80.24327 11.05731 113.80905 2583.0
37.0 10.0 10.0 97.05094 3.91737 61.10623 51.0
37.0 10.0 37.0 80.24327 11.05731 113.80905 51.0
37.0 11.0 11.0 48.53621 14.11174 56.51251 274.0
37.0 11.0 37.0 80.24327 11.05731 113.80905 274.0
37.0 16.0 16.0 37.0994 39.07062 124.68655 155.0
37.0 16.0 37.0 80.24327 11.05731 113.80905 155.0
37.0 17.0 17.0 122.80398 11.00874 94.60717 555.0
37.0 17.0 37.0 80.24327 11.05731 113.80905 555.0
37.0 18.0 18.0 159.22207 24.83666 93.89751 4.0
37.0 18.0 37.0 80.24327 11.05731 113.80905 4.0
37.0 19.0 19.0 66.41043 15.77523 45.42212 19.0
37.0 19.0 37.0 80.24327 11.05731 113.80905 19.0
37.0 26.0 26.0 132.11411 45.14324 139.11845 118.0
37.0 26.0 37.0 80.24327 11.05731 113.80905 118.0
37.0 27.0 27.0 18.72038 45.3509 103.72502 18.0
37.0 27.0 37.0 80.24327 11.05731 113.80905 18.0
37.0 28.0 28.0 84.38011 38.89187 143.12169 791.0
37.0 28.0 37.0 80.24327 11.05731 113.80905 791.0
37.0 29.0 29.0 122.70886 20.5815 121.16101 1168.0
37.0 29.0 37.0 80.24327 11.05731 113.80905 1168.0
37.0 33.0 33.0 97.23888 49.92059 149.23052 84.0
37.0 33.0 37.0 80.24327 11.05731 113.80905 84.0
37.0 36.0 36.0 51.17915 19.52322 119.73553 859.0
37.0 36.0 37.0 80.24327 11.05731 113.80905 859.0
37.0 37.0 37.0 80.24327 11.05731 113.80905 8139.0
37.0 37.0 37.0 80.24327 11.05731 113.80905 8139.0
37.0 38.0 38.0 88.74188 68.39289 152.61332 1.0
37.0 38.0 37.0 80.24327 11.05731 113.80905 1.0
37.0 44.0 44.0 70.25685 22.73006 131.35512 1445.0
37.0 44.0 37.0 80.24327 11.05731 113.80905 1445.0
38.0 0.0 0.0 55.12306 48.87036 141.9699 420.0
38.0 0.0 38.0 88.74188 68.39289 152.61332 420.0
38.0 2.0 2.0 27.43549 25.29694 87.7206 1.0
38.0 2.0 38.0 88.74188 68.39289 152.61332 1.0
38.0 4.0 4.0 72.14915 108.41054 139.67904 223.0
38.0 4.0 38.0 88.74188 68.39289 152.61332 223.0
38.0 16.0 16.0 37.0994 39.07062 124.68655 6.0
38.0 16.0 38.0 88.74188 68.39289 152.61332 6.0
38.0 22.0 22.0 25.09528 80.02567 119.46587 26.0
38.0 22.0 38.0 88.74188 68.39289 152.61332 26.0
38.0 24.0 24.0 107.88827 87.19267 149.15004 2006.0
38.0 24.0 38.0 88.74188 68.39289 152.61332 2006.0
38.0 26.0 26.0 132.11411 45.14324 139.11845 375.0
38.0 26.0 38.0 88.74188 68.39289 152.61332 375.0
38.0 28.0 28.0 84.38011 38.89187 143.12169 604.0
38.0 28.0 38.0 88.74188 68.39289 152.61332 604.0
38.0 29.0 29.0 122.70886 20.5815 121.16101 6.0
38.0 29.0 38.0 88.74188 68.39289 152.61332 6.0
38.0 33.0 33.0 97.23888 49.92059 149.23052 1529.0
38.0 33.0 38.0 88.74188 68.39289 152.61332 1529.0
38.0 34.0 34.0 127.79083 111.26259 129.57835 41.0
38.0 34.0 38.0 88.74188 68.39289 152.61332 41.0
38.0 36.0 36.0 51.17915 19.52322 119.73553 1.0
38.0 36.0 38.0 88.74188 68.39289 152.61332 1.0
38.0 37.0 37.0 80.24327 11.05731 113.80905 2.0
38.0 37.0 38.0 88.74188 68.39289 152.61332 2.0
38.0 38.0 38.0 88.74188 68.39289 152.61332 3152.0
38.0 38.0 38.0 88.74188 68.39289 152.61332 3152.0
38.0 41.0 41.0 59.92358 126.08913 122.51064 4.0
38.0 41.0 38.0 88.74188 68.39289 152.61332 4.0
38.0 42.0 42.0 56.63204 85.23479 144.95725 1115.0
38.0 42.0 38.0 88.74188 68.39289 152.61332 1115.0
38.0 44.0 44.0 70.25685 22.73006 131.35512 9.0
38.0 44.0 38.0 88.74188 68.39289 152.61332 9.0
38.0 47.0 47.0 164.19352 62.77108 126.13032 5.0
38.0 47.0 38.0 88.74188 68.39289 152.61332 5.0
39.0 1.0 1.0 66.22558 89.16941 7.43245 284.0
39.0 1.0 39.0 21.8457 50.11375 32.75433 284.0
39.0 2.0 2.0 27.43549 25.29694 87.7206 158.0
39.0 2.0 39.0 21.8457 50.11375 32.75433 158.0
39.0 6.0 6.0 5.46038 84.7079 74.37794 1362.0
39.0 6.0 39.0 21.8457 50.11375 32.75433 1362.0
39.0 11.0 11.0 48.53621 14.11174 56.51251 905.0
39.0 11.0 39.0 21.8457 50.11375 32.75433 905.0
39.0 13.0 13.0 21.7866 31.15334 56.45373 1867.0
39.0 13.0 39.0 21.8457 50.11375 32.75433 1867.0
39.0 19.0 19.0 66.41043 15.77523 45.42212 255.0
39.0 19.0 39.0 21.8457 50.11375 32.75433 255.0
39.0 20.0 20.0 85.03586 53.67717 22.30459 488.0
39.0 20.0 39.0 21.8457 50.11375 32.75433 488.0
39.0 21.0 21.0 28.33291 78.06968 19.25744 2144.0
39.0 21.0 39.0 21.8457 50.11375 32.75433 2144.0
39.0 22.0 22.0 25.09528 80.02567 119.46587 1.0
39.0 22.0 39.0 21.8457 50.11375 32.75433 1.0
39.0 27.0 27.0 18.72038 45.3509 103.72502 18.0
39.0 27.0 39.0 21.8457 50.11375 32.75433 18.0
39.0 39.0 39.0 21.8457 50.11375 32.75433 9842.0
39.0 39.0 39.0 21.8457 50.11375 32.75433 9842.0
39.0 40.0 40.0 83.28049 23.52491 42.42235 26.0
39.0 40.0 39.0 21.8457 50.11375 32.75433 26.0
39.0 45.0 45.0 35.06734 116.26964 28.46915 72.0
39.0 45.0 39.0 21.8457 50.11375 32.75433 72.0
40.0 1.0 1.0 66.22558 89.16941 7.43245 9.0
40.0 1.0 40.0 83.28049 23.52491 42.42235 9.0
40.0 3.0 3.0 83.13835 3.8296 88.02224 121.0
40.0 3.0 40.0 83.28049 23.52491 42.42235 121.0
40.0 7.0 7.0 121.65261 13.44931 56.87943 294.0
40.0 7.0 40.0 83.28049 23.52491 42.42235 294.0
40.0 8.0 8.0 89.82248 90.65472 30.37378 1.0
40.0 8.0 40.0 83.28049 23.52491 42.42235 1.0
40.0 10.0 10.0 97.05094 3.91737 61.10623 1289.0
40.0 10.0 40.0 83.28049 23.52491 42.42235 1289.0
40.0 11.0 11.0 48.53621 14.11174 56.51251 468.0
40.0 11.0 40.0 83.28049 23.52491 42.42235 468.0
40.0 13.0 13.0 21.7866 31.15334 56.45373 2.0
40.0 13.0 40.0 83.28049 23.52491 42.42235 2.0
40.0 15.0 15.0 145.10988 26.55957 64.67732 5.0
40.0 15.0 40.0 83.28049 23.52491 42.42235 5.0
40.0 17.0 17.0 122.80398 11.00874 94.60717 2.0
40.0 17.0 40.0 83.28049 23.52491 42.42235 2.0
40.0 19.0 19.0 66.41043 15.77523 45.42212 1457.0
40.0 19.0 40.0 83.28049 23.52491 42.42235 1457.0
40.0 20.0 20.0 85.03586 53.67717 22.30459 1761.0
40.0 20.0 40.0 83.28049 23.52491 42.42235 1761.0
40.0 21.0 21.0 28.33291 78.06968 19.25744 4.0
40.0 21.0 40.0 83.28049 23.52491 42.42235 4.0
40.0 31.0 31.0 121.53085 38.88559 36.00992 1090.0
40.0 31.0 40.0 83.28049 23.52491 42.42235 1090.0
40.0 37.0 37.0 80.24327 11.05731 113.80905 2.0
40.0 37.0 40.0 83.28049 23.52491 42.42235 2.0
40.0 39.0 39.0 21.8457 50.11375 32.75433 30.0
40.0 39.0 40.0 83.28049 23.52491 42.42235 30.0
40.0 40.0 40.0 83.28049 23.52491 42.42235 4499.0
40.0 40.0 40.0 83.28049 23.52491 42.42235 4499.0
41.0 0.0 0.0 55.12306 48.87036 141.9699 1.0
41.0 0.0 41.0 59.92358 126.08913 122.51064 1.0
41.0 4.0 4.0 72.14915 108.41054 139.67904 2808.0
41.0 4.0 41.0 59.92358 126.08913 122.51064 2808.0
41.0 5.0 5.0 42.57967 127.24874 106.37087 130.0
41.0 5.0 41.0 59.92358 126.08913 122.51064 130.0
41.0 6.0 6.0 5.46038 84.7079 74.37794 18.0
41.0 6.0 41.0 59.92358 126.08913 122.51064 18.0
41.0 9.0 9.0 78.65996 139.90049 102.72045 2297.0
41.0 9.0 41.0 59.92358 126.08913 122.51064 2297.0
41.0 22.0 22.0 25.09528 80.02567 119.46587 822.0
41.0 22.0 41.0 59.92358 126.08913 122.51064 822.0
41.0 24.0 24.0 107.88827 87.19267 149.15004 75.0
41.0 24.0 41.0 59.92358 126.08913 122.51064 75.0
41.0 30.0 30.0 88.58164 139.94274 62.83698 32.0
41.0 30.0 41.0 59.92358 126.08913 122.51064 32.0
41.0 34.0 34.0 127.79083 111.26259 129.57835 411.0
41.0 34.0 41.0 59.92358 126.08913 122.51064 411.0
41.0 35.0 35.0 147.80229 121.14097 95.63033 2.0
41.0 35.0 41.0 59.92358 126.08913 122.51064 2.0
41.0 38.0 38.0 88.74188 68.39289 152.61332 2.0
41.0 38.0 41.0 59.92358 126.08913 122.51064 2.0
41.0 41.0 41.0 59.92358 126.08913 122.51064 10826.0
41.0 41.0 41.0 59.92358 126.08913 122.51064 10826.0
41.0 42.0 42.0 56.63204 85.23479 144.95725 402.0
41.0 42.0 41.0 59.92358 126.08913 122.51064 402.0
41.0 43.0 43.0 101.71826 137.71497 99.1901 336.0
41.0 43.0 41.0 59.92358 126.08913 122.51064 336.0
42.0 0.0 0.0 55.12306 48.87036 141.9699 875.0
42.0 0.0 42.0 56.63204 85.23479 144.95725 875.0
42.0 4.0 4.0 72.14915 108.41054 139.67904 2131.0
42.0 4.0 42.0 56.63204 85.23479 144.95725 2131.0
42.0 5.0 5.0 42.57967 127.24874 106.37087 5.0
42.0 5.0 42.0 56.63204 85.23479 144.95725 5.0
42.0 16.0 16.0 37.0994 39.07062 124.68655 146.0
42.0 16.0 42.0 56.63204 85.23479 144.95725 146.0
42.0 22.0 22.0 25.09528 80.02567 119.46587 1596.0
42.0 22.0 42.0 56.63204 85.23479 144.95725 1596.0
42.0 24.0 24.0 107.88827 87.19267 149.15004 561.0
42.0 24.0 42.0 56.63204 85.23479 144.95725 561.0
42.0 27.0 27.0 18.72038 45.3509 103.72502 2.0
42.0 27.0 42.0 56.63204 85.23479 144.95725 2.0
42.0 28.0 28.0 84.38011 38.89187 143.12169 202.0
42.0 28.0 42.0 56.63204 85.23479 144.95725 202.0
42.0 33.0 33.0 97.23888 49.92059 149.23052 127.0
42.0 33.0 42.0 56.63204 85.23479 144.95725 127.0
42.0 34.0 34.0 127.79083 111.26259 129.57835 6.0
42.0 34.0 42.0 56.63204 85.23479 144.95725 6.0
42.0 36.0 36.0 51.17915 19.52322 119.73553 2.0
42.0 36.0 42.0 56.63204 85.23479 144.95725 2.0
42.0 38.0 38.0 88.74188 68.39289 152.61332 1137.0
42.0 38.0 42.0 56.63204 85.23479 144.95725 1137.0
42.0 41.0 41.0 59.92358 126.08913 122.51064 409.0
42.0 41.0 42.0 56.63204 85.23479 144.95725 409.0
42.0 42.0 42.0 56.63204 85.23479 144.95725 5774.0
42.0 42.0 42.0 56.63204 85.23479 144.95725 5774.0
42.0 44.0 44.0 70.25685 22.73006 131.35512 2.0
42.0 44.0 42.0 56.63204 85.23479 144.95725 2.0
43.0 4.0 4.0 72.14915 108.41054 139.67904 66.0
43.0 4.0 43.0 101.71826 137.71497 99.1901 66.0
43.0 5.0 5.0 42.57967 127.24874 106.37087 2.0
43.0 5.0 43.0 101.71826 137.71497 99.1901 2.0
43.0 9.0 9.0 78.65996 139.90049 102.72045 2143.0
43.0 9.0 43.0 101.71826 137.71497 99.1901 2143.0
43.0 24.0 24.0 107.88827 87.19267 149.15004 10.0
43.0 24.0 43.0 101.71826 137.71497 99.1901 10.0
43.0 30.0 30.0 88.58164 139.94274 62.83698 2089.0
43.0 30.0 43.0 101.71826 137.71497 99.1901 2089.0
43.0 34.0 34.0 127.79083 111.26259 129.57835 1408.0
43.0 34.0 43.0 101.71826 137.71497 99.1901 1408.0
43.0 35.0 35.0 147.80229 121.14097 95.63033 874.0
43.0 35.0 43.0 101.71826 137.71497 99.1901 874.0
43.0 41.0 41.0 59.92358 126.08913 122.51064 286.0
43.0 41.0 43.0 101.71826 137.71497 99.1901 286.0
43.0 43.0 43.0 101.71826 137.71497 99.1901 4853.0
43.0 43.0 43.0 101.71826 137.71497 99.1901 4853.0
43.0 46.0 46.0 114.66022 130.27277 52.82127 160.0
43.0 46.0 43.0 101.71826 137.71497 99.1901 160.0
44.0 0.0 0.0 55.12306 48.87036 141.9699 600.0
44.0 0.0 44.0 70.25685 22.73006 131.35512 600.0
44.0 2.0 2.0 27.43549 25.29694 87.7206 26.0
44.0 2.0 44.0 70.25685 22.73006 131.35512 26.0
44.0 3.0 3.0 83.13835 3.8296 88.02224 63.0
44.0 3.0 44.0 70.25685 22.73006 131.35512 63.0
44.0 6.0 6.0 5.46038 84.7079 74.37794 1.0
44.0 6.0 44.0 70.25685 22.73006 131.35512 1.0
44.0 11.0 11.0 48.53621 14.11174 56.51251 3.0
44.0 11.0 44.0 70.25685 22.73006 131.35512 3.0
44.0 16.0 16.0 37.0994 39.07062 124.68655 228.0
44.0 16.0 44.0 70.25685 22.73006 131.35512 228.0
44.0 17.0 17.0 122.80398 11.00874 94.60717 6.0
44.0 17.0 44.0 70.25685 22.73006 131.35512 6.0
44.0 22.0 22.0 25.09528 80.02567 119.46587 3.0
44.0 22.0 44.0 70.25685 22.73006 131.35512 3.0
44.0 26.0 26.0 132.11411 45.14324 139.11845 21.0
44.0 26.0 44.0 70.25685 22.73006 131.35512 21.0
44.0 27.0 27.0 18.72038 45.3509 103.72502 3.0
44.0 27.0 44.0 70.25685 22.73006 131.35512 3.0
44.0 28.0 28.0 84.38011 38.89187 143.12169 925.0
44.0 28.0 44.0 70.25685 22.73006 131.35512 925.0
44.0 29.0 29.0 122.70886 20.5815 121.16101 77.0
44.0 29.0 44.0 70.25685 22.73006 131.35512 77.0
44.0 33.0 33.0 97.23888 49.92059 149.23052 113.0
44.0 33.0 44.0 70.25685 22.73006 131.35512 113.0
44.0 36.0 36.0 51.17915 19.52322 119.73553 769.0
44.0 36.0 44.0 70.25685 22.73006 131.35512 769.0
44.0 37.0 37.0 80.24327 11.05731 113.80905 1503.0
44.0 37.0 44.0 70.25685 22.73006 131.35512 1503.0
44.0 38.0 38.0 88.74188 68.39289 152.61332 16.0
44.0 38.0 44.0 70.25685 22.73006 131.35512 16.0
44.0 41.0 41.0 59.92358 126.08913 122.51064 1.0
44.0 41.0 44.0 70.25685 22.73006 131.35512 1.0
44.0 42.0 42.0 56.63204 85.23479 144.95725 1.0
44.0 42.0 44.0 70.25685 22.73006 131.35512 1.0
44.0 44.0 44.0 70.25685 22.73006 131.35512 1892.0
44.0 44.0 44.0 70.25685 22.73006 131.35512 1892.0
45.0 1.0 1.0 66.22558 89.16941 7.43245 1936.0
45.0 1.0 45.0 35.06734 116.26964 28.46915 1936.0
45.0 5.0 5.0 42.57967 127.24874 106.37087 1.0
45.0 5.0 45.0 35.06734 116.26964 28.46915 1.0
45.0 6.0 6.0 5.46038 84.7079 74.37794 1127.0
45.0 6.0 45.0 35.06734 116.26964 28.46915 1127.0
45.0 8.0 8.0 89.82248 90.65472 30.37378 7.0
45.0 8.0 45.0 35.06734 116.26964 28.46915 7.0
45.0 9.0 9.0 78.65996 139.90049 102.72045 5.0
45.0 9.0 45.0 35.06734 116.26964 28.46915 5.0
45.0 14.0 14.0 128.53221 116.10432 40.45651 4.0
45.0 14.0 45.0 35.06734 116.26964 28.46915 4.0
45.0 20.0 20.0 85.03586 53.67717 22.30459 1.0
45.0 20.0 45.0 35.06734 116.26964 28.46915 1.0
45.0 21.0 21.0 28.33291 78.06968 19.25744 1844.0
45.0 21.0 45.0 35.06734 116.26964 28.46915 1844.0
45.0 22.0 22.0 25.09528 80.02567 119.46587 1.0
45.0 22.0 45.0 35.06734 116.26964 28.46915 1.0
45.0 30.0 30.0 88.58164 139.94274 62.83698 1033.0
45.0 30.0 45.0 35.06734 116.26964 28.46915 1033.0
45.0 39.0 39.0 21.8457 50.11375 32.75433 77.0
45.0 39.0 45.0 35.06734 116.26964 28.46915 77.0
45.0 45.0 45.0 35.06734 116.26964 28.46915 14727.0
45.0 45.0 45.0 35.06734 116.26964 28.46915 14727.0
45.0 46.0 46.0 114.66022 130.27277 52.82127 65.0
45.0 46.0 45.0 35.06734 116.26964 28.46915 65.0
46.0 1.0 1.0 66.22558 89.16941 7.43245 187.0
46.0 1.0 46.0 114.66022 130.27277 52.82127 187.0
46.0 8.0 8.0 89.82248 90.65472 30.37378 23.0
46.0 8.0 46.0 114.66022 130.27277 52.82127 23.0
46.0 9.0 9.0 78.65996 139.90049 102.72045 9.0
46.0 9.0 46.0 114.66022 130.27277 52.82127 9.0
46.0 12.0 12.0 179.81381 86.36776 84.77709 4.0
46.0 12.0 46.0 114.66022 130.27277 52.82127 4.0
46.0 14.0 14.0 128.53221 116.10432 40.45651 3132.0
46.0 14.0 46.0 114.66022 130.27277 52.82127 3132.0
46.0 20.0 20.0 85.03586 53.67717 22.30459 3.0
46.0 20.0 46.0 114.66022 130.27277 52.82127 3.0
46.0 30.0 30.0 88.58164 139.94274 62.83698 3607.0
46.0 30.0 46.0 114.66022 130.27277 52.82127 3607.0
46.0 32.0 32.0 157.2117 89.17782 58.04542 287.0
46.0 32.0 46.0 114.66022 130.27277 52.82127 287.0
46.0 34.0 34.0 127.79083 111.26259 129.57835 11.0
46.0 34.0 46.0 114.66022 130.27277 52.82127 11.0
46.0 35.0 35.0 147.80229 121.14097 95.63033 1137.0
46.0 35.0 46.0 114.66022 130.27277 52.82127 1137.0
46.0 43.0 43.0 101.71826 137.71497 99.1901 165.0
46.0 43.0 46.0 114.66022 130.27277 52.82127 165.0
46.0 45.0 45.0 35.06734 116.26964 28.46915 50.0
46.0 45.0 46.0 114.66022 130.27277 52.82127 50.0
46.0 46.0 46.0 114.66022 130.27277 52.82127 7432.0
46.0 46.0 46.0 114.66022 130.27277 52.82127 7432.0
47.0 12.0 12.0 179.81381 86.36776 84.77709 398.0
47.0 12.0 47.0 164.19352 62.77108 126.13032 398.0
47.0 15.0 15.0 145.10988 26.55957 64.67732 11.0
47.0 15.0 47.0 164.19352 62.77108 126.13032 11.0
47.0 17.0 17.0 122.80398 11.00874 94.60717 19.0
47.0 17.0 47.0 164.19352 62.77108 126.13032 19.0
47.0 18.0 18.0 159.22207 24.83666 93.89751 666.0
47.0 18.0 47.0 164.19352 62.77108 126.13032 666.0
47.0 23.0 23.0 173.48521 43.55975 76.95704 337.0
47.0 23.0 47.0 164.19352 62.77108 126.13032 337.0
47.0 24.0 24.0 107.88827 87.19267 149.15004 197.0
47.0 24.0 47.0 164.19352 62.77108 126.13032 197.0
47.0 25.0 25.0 182.83541 64.0556 100.31702 1220.0
47.0 25.0 47.0 164.19352 62.77108 126.13032 1220.0
47.0 26.0 26.0 132.11411 45.14324 139.11845 1893.0
47.0 26.0 47.0 164.19352 62.77108 126.13032 1893.0
47.0 29.0 29.0 122.70886 20.5815 121.16101 274.0
47.0 29.0 47.0 164.19352 62.77108 126.13032 274.0
47.0 32.0 32.0 157.2117 89.17782 58.04542 4.0
47.0 32.0 47.0 164.19352 62.77108 126.13032 4.0
47.0 33.0 33.0 97.23888 49.92059 149.23052 5.0
47.0 33.0 47.0 164.19352 62.77108 126.13032 5.0
47.0 34.0 34.0 127.79083 111.26259 129.57835 1247.0
47.0 34.0 47.0 164.19352 62.77108 126.13032 1247.0
47.0 35.0 35.0 147.80229 121.14097 95.63033 356.0
47.0 35.0 47.0 164.19352 62.77108 126.13032 356.0
47.0 37.0 37.0 80.24327 11.05731 113.80905 1.0
47.0 37.0 47.0 164.19352 62.77108 126.13032 1.0
47.0 38.0 38.0 88.74188 68.39289 152.61332 6.0
47.0 38.0 47.0 164.19352 62.77108 126.13032 6.0
47.0 47.0 47.0 164.19352 62.77108 126.13032 8949.0
47.0 47.0 47.0 164.19352 62.77108 126.13032 8949.0
