TargetArea SourceArea Area AvgPosX AvgPosY AvgPosZ SumWeights
0.0 0.0 0.0 55.08775 48.87905 141.96068 3822.0
0.0 0.0 0.0 55.08775 48.87905 141.96068 3822.0
0.0 2.0 2.0 27.38152 25.34845 87.70909 11.0
0.0 2.0 0.0 55.08775 48.87905 141.96068 11.0
0.0 4.0 4.0 72.05739 108.39822 139.6641 11.0
0.0 4.0 0.0 55.08775 48.87905 141.96068 11.0
0.0 5.0 5.0 36.13928 130.01738 82.24353 1.0
0.0 5.0 0.0 55.08775 48.87905 141.96068 1.0
0.0 16.0 16.0 37.08677 39.09268 124.69222 1465.0
0.0 16.0 0.0 55.08775 48.87905 141.96068 1465.0
0.0 22.0 22.0 25.08686 80.04847 119.45102 550.0
0.0 22.0 0.0 55.08775 48.87905 141.96068 550.0
0.0 24.0 24.0 107.85104 87.22823 149.14797 17.0
0.0 24.0 0.0 55.08775 48.87905 141.96068 17.0
0.0 27.0 27.0 18.7303 45.33013 103.73607 34.0
0.0 27.0 0.0 55.08775 48.87905 141.96068 34.0
0.0 28.0 28.0 84.30492 38.96267 143.1544 1132.0
0.0 28.0 0.0 55.08775 48.87905 141.96068 1132.0
0.0 29.0 29.0 122.67523 20.58243 121.18206 1.0
0.0 29.0 0.0 55.08775 48.87905 141.96068 1.0
0.0 33.0 33.0 97.15034 49.94618 149.23889 274.0
0.0 33.0 0.0 55.08775 48.87905 141.96068 274.0
0.0 36.0 36.0 51.15942 19.48787 119.67416 464.0
0.0 36.0 0.0 55.08775 48.87905 141.96068 464.0
0.0 37.0 37.0 80.1778 11.0465 113.77802 86.0
0.0 37.0 0.0 55.08775 48.87905 141.96068 86.0
0.0 38.0 38.0 88.68981 68.41693 152.61536 396.0
0.0 38.0 0.0 55.08775 48.87905 141.96068 396.0
0.0 41.0 41.0 59.81306 126.04246 122.50349 2.0
0.0 41.0 0.0 55.08775 48.87905 141.96068 2.0
0.0 42.0 42.0 56.61678 85.23842 144.95272 906.0
0.0 42.0 0.0 55.08775 48.87905 141.96068 906.0
0.0 44.0 44.0 70.24354 22.72734 131.35205 601.0
0.0 44.0 0.0 55.08775 48.87905 141.96068 601.0
1.0 1.0 1.0 66.21227 89.22353 7.46657 11184.0
1.0 1.0 1.0 66.21227 89.22353 7.46657 11184.0
1.0 5.0 5.0 36.13928 130.01738 82.24353 19.0
1.0 5.0 1.0 66.21227 89.22353 7.46657 19.0
1.0 6.0 6.0 5.47476 84.77458 74.40487 1.0
1.0 6.0 1.0 66.21227 89.22353 7.46657 1.0
1.0 8.0 8.0 108.12262 85.98591 38.6528 1678.0
1.0 8.0 1.0 66.21227 89.22353 7.46657 1678.0
1.0 11.0 11.0 48.51951 14.09519 56.58056 22.0
1.0 11.0 1.0 66.21227 89.22353 7.46657 22.0
1.0 13.0 13.0 21.75947 31.17747 56.47209 1.0
1.0 13.0 1.0 66.21227 89.22353 7.46657 1.0
1.0 14.0 14.0 128.27345 116.0541 40.26315 61.0
1.0 14.0 1.0 66.21227 89.22353 7.46657 61.0
1.0 19.0 19.0 66.41682 15.75695 45.43727 21.0
1.0 19.0 1.0 66.21227 89.22353 7.46657 21.0
1.0 20.0 20.0 85.07354 53.73383 22.31117 2137.0
1.0 20.0 1.0 66.21227 89.22353 7.46657 2137.0
1.0 21.0 21.0 28.27843 78.10386 19.29555 1440.0
1.0 21.0 1.0 66.21227 89.22353 7.46657 1440.0
1.0 30.0 30.0 88.31505 139.93389 62.68658 349.0
1.0 30.0 1.0 66.21227 89.22353 7.46657 349.0
1.0 31.0 31.0 121.49755 38.94646 36.02756 2.0
1.0 31.0 1.0 66.21227 89.22353 7.46657 2.0
1.0 39.0 39.0 21.79147 50.16449 32.79563 276.0
1.0 39.0 1.0 66.21227 89.22353 7.46657 276.0
1.0 40.0 40.0 83.26126 23.54257 42.42723 15.0
1.0 40.0 1.0 66.21227 89.22353 7.46657 15.0
1.0 45.0 45.0 35.00432 116.34963 28.63706 1815.0
1.0 45.0 1.0 66.21227 89.22353 7.46657 1815.0
1.0 46.0 46.0 114.46403 130.2573 52.70199 142.0
1.0 46.0 1.0 66.21227 89.22353 7.46657 142.0
2.0 0.0 0.0 55.08775 48.87905 141.96068 10.0
2.0 0.0 2.0 27.38152 25.34845 87.70909 10.0
2.0 2.0 2.0 27.38152 25.34845 87.70909 6737.0
2.0 2.0 2.0 27.38152 25.34845 87.70909 6737.0
2.0 3.0 3.0 83.10277 3.82376 87.99054 314.0
2.0 3.0 2.0 27.38152 25.34845 87.70909 314.0
2.0 6.0 6.0 5.47476 84.77458 74.40487 447.0
2.0 6.0 2.0 27.38152 25.34845 87.70909 447.0
2.0 10.0 10.0 97.03174 3.91415 61.10196 1.0
2.0 10.0 2.0 27.38152 25.34845 87.70909 1.0
2.0 11.0 11.0 48.51951 14.09519 56.58056 1357.0
2.0 11.0 2.0 27.38152 25.34845 87.70909 1357.0
2.0 13.0 13.0 21.75947 31.17747 56.47209 1388.0
2.0 13.0 2.0 27.38152 25.34845 87.70909 1388.0
2.0 16.0 16.0 37.08677 39.09268 124.69222 724.0
2.0 16.0 2.0 27.38152 25.34845 87.70909 724.0
2.0 19.0 19.0 66.41682 15.75695 45.43727 9.0
2.0 19.0 2.0 27.38152 25.34845 87.70909 9.0
2.0 20.0 20.0 85.07354 53.73383 22.31117 1.0
2.0 20.0 2.0 27.38152 25.34845 87.70909 1.0
2.0 22.0 22.0 25.08686 80.04847 119.45102 79.0
2.0 22.0 2.0 27.38152 25.34845 87.70909 79.0
2.0 27.0 27.0 18.7303 45.33013 103.73607 1673.0
2.0 27.0 2.0 27.38152 25.34845 87.70909 1673.0
2.0 28.0 28.0 84.30492 38.96267 143.1544 1.0
2.0 28.0 2.0 27.38152 25.34845 87.70909 1.0
2.0 36.0 36.0 51.15942 19.48787 119.67416 539.0
2.0 36.0 2.0 27.38152 25.34845 87.70909 539.0
2.0 37.0 37.0 80.1778 11.0465 113.77802 447.0
2.0 37.0 2.0 27.38152 25.34845 87.70909 447.0
2.0 39.0 39.0 21.79147 50.16449 32.79563 158.0
2.0 39.0 2.0 27.38152 25.34845 87.70909 158.0
2.0 44.0 44.0 70.24354 22.72734 131.35205 31.0
2.0 44.0 2.0 27.38152 25.34845 87.70909 31.0
3.0 2.0 2.0 27.38152 25.34845 87.70909 314.0
3.0 2.0 3.0 83.10277 3.82376 87.99054 314.0
3.0 3.0 3.0 83.10277 3.82376 87.99054 7104.0
3.0 3.0 3.0 83.10277 3.82376 87.99054 7104.0
3.0 7.0 7.0 121.64494 13.43542 56.92458 218.0
3.0 7.0 3.0 83.10277 3.82376 87.99054 218.0
3.0 10.0 10.0 97.03174 3.91415 61.10196 1573.0
3.0 10.0 3.0 83.10277 3.82376 87.99054 1573.0
3.0 11.0 11.0 48.51951 14.09519 56.58056 1063.0
3.0 11.0 3.0 83.10277 3.82376 87.99054 1063.0
3.0 13.0 13.0 21.75947 31.17747 56.47209 6.0
3.0 13.0 3.0 83.10277 3.82376 87.99054 6.0
3.0 15.0 15.0 145.09838 26.54739 64.6847 14.0
3.0 15.0 3.0 83.10277 3.82376 87.99054 14.0
3.0 16.0 16.0 37.08677 39.09268 124.69222 13.0
3.0 16.0 3.0 83.10277 3.82376 87.99054 13.0
3.0 17.0 17.0 122.77926 11.00062 94.57803 1147.0
3.0 17.0 3.0 83.10277 3.82376 87.99054 1147.0
3.0 19.0 19.0 66.41682 15.75695 45.43727 435.0
3.0 19.0 3.0 83.10277 3.82376 87.99054 435.0
3.0 26.0 26.0 132.10622 45.16974 139.13369 1.0
3.0 26.0 3.0 83.10277 3.82376 87.99054 1.0
3.0 27.0 27.0 18.7303 45.33013 103.73607 1.0
3.0 27.0 3.0 83.10277 3.82376 87.99054 1.0
3.0 28.0 28.0 84.30492 38.96267 143.1544 6.0
3.0 28.0 3.0 83.10277 3.82376 87.99054 6.0
3.0 29.0 29.0 122.67523 20.58243 121.18206 217.0
3.0 29.0 3.0 83.10277 3.82376 87.99054 217.0
3.0 36.0 36.0 51.15942 19.48787 119.67416 140.0
3.0 36.0 3.0 83.10277 3.82376 87.99054 140.0
3.0 37.0 37.0 80.1778 11.0465 113.77802 2613.0
3.0 37.0 3.0 83.10277 3.82376 87.99054 2613.0
3.0 40.0 40.0 83.26126 23.54257 42.42723 134.0
3.0 40.0 3.0 83.10277 3.82376 87.99054 134.0
3.0 44.0 44.0 70.24354 22.72734 131.35205 60.0
3.0 44.0 3.0 83.10277 3.82376 87.99054 60.0
4.0 0.0 0.0 55.08775 48.87905 141.96068 19.0
4.0 0.0 4.0 72.05739 108.39822 139.6641 19.0
4.0 4.0 4.0 72.05739 108.39822 139.6641 6602.0
4.0 4.0 4.0 72.05739 108.39822 139.6641 6602.0
4.0 5.0 5.0 36.13928 130.01738 82.24353 87.0
4.0 5.0 4.0 72.05739 108.39822 139.6641 87.0
4.0 6.0 6.0 5.47476 84.77458 74.40487 2.0
4.0 6.0 4.0 72.05739 108.39822 139.6641 2.0
4.0 9.0 9.0 78.5676 139.94012 102.59648 272.0
4.0 9.0 4.0 72.05739 108.39822 139.6641 272.0
4.0 16.0 16.0 37.08677 39.09268 124.69222 2.0
4.0 16.0 4.0 72.05739 108.39822 139.6641 2.0
4.0 22.0 22.0 25.08686 80.04847 119.45102 491.0
4.0 22.0 4.0 72.05739 108.39822 139.6641 491.0
4.0 24.0 24.0 107.85104 87.22823 149.14797 1517.0
4.0 24.0 4.0 72.05739 108.39822 139.6641 1517.0
4.0 28.0 28.0 84.30492 38.96267 143.1544 5.0
4.0 28.0 4.0 72.05739 108.39822 139.6641 5.0
4.0 33.0 33.0 97.15034 49.94618 149.23889 6.0
4.0 33.0 4.0 72.05739 108.39822 139.6641 6.0
4.0 34.0 34.0 127.77246 111.24826 129.59623 862.0
4.0 34.0 4.0 72.05739 108.39822 139.6641 862.0
4.0 38.0 38.0 88.68981 68.41693 152.61536 224.0
4.0 38.0 4.0 72.05739 108.39822 139.6641 224.0
4.0 41.0 41.0 59.81306 126.04246 122.50349 2676.0
4.0 41.0 4.0 72.05739 108.39822 139.6641 2676.0
4.0 42.0 42.0 56.61678 85.23842 144.95272 2079.0
4.0 42.0 4.0 72.05739 108.39822 139.6641 2079.0
4.0 43.0 43.0 101.70285 137.73067 99.13604 77.0
4.0 43.0 4.0 72.05739 108.39822 139.6641 77.0
4.0 45.0 45.0 35.00432 116.34963 28.63706 1.0
4.0 45.0 4.0 72.05739 108.39822 139.6641 1.0
5.0 1.0 1.0 66.21227 89.22353 7.46657 16.0
5.0 1.0 5.0 36.13928 130.01738 82.24353 16.0
5.0 4.0 4.0 72.05739 108.39822 139.6641 105.0
5.0 4.0 5.0 36.13928 130.01738 82.24353 105.0
5.0 5.0 5.0 36.13928 130.01738 82.24353 21640.0
5.0 5.0 5.0 36.13928 130.01738 82.24353 21640.0
5.0 6.0 6.0 5.47476 84.77458 74.40487 2031.0
5.0 6.0 5.0 36.13928 130.01738 82.24353 2031.0
5.0 8.0 8.0 108.12262 85.98591 38.6528 6.0
5.0 8.0 5.0 36.13928 130.01738 82.24353 6.0
5.0 9.0 9.0 78.5676 139.94012 102.59648 1443.0
5.0 9.0 5.0 36.13928 130.01738 82.24353 1443.0
5.0 21.0 21.0 28.27843 78.10386 19.29555 17.0
5.0 21.0 5.0 36.13928 130.01738 82.24353 17.0
5.0 22.0 22.0 25.08686 80.04847 119.45102 1197.0
5.0 22.0 5.0 36.13928 130.01738 82.24353 1197.0
5.0 30.0 30.0 88.31505 139.93389 62.68658 1728.0
5.0 30.0 5.0 36.13928 130.01738 82.24353 1728.0
5.0 41.0 41.0 59.81306 126.04246 122.50349 2261.0
5.0 41.0 5.0 36.13928 130.01738 82.24353 2261.0
5.0 42.0 42.0 56.61678 85.23842 144.95272 40.0
5.0 42.0 5.0 36.13928 130.01738 82.24353 40.0
5.0 43.0 43.0 101.70285 137.73067 99.13604 82.0
5.0 43.0 5.0 36.13928 130.01738 82.24353 82.0
5.0 45.0 45.0 35.00432 116.34963 28.63706 1982.0
5.0 45.0 5.0 36.13928 130.01738 82.24353 1982.0
5.0 46.0 46.0 114.46403 130.2573 52.70199 7.0
5.0 46.0 5.0 36.13928 130.01738 82.24353 7.0
6.0 2.0 2.0 27.38152 25.34845 87.70909 533.0
6.0 2.0 6.0 5.47476 84.77458 74.40487 533.0
6.0 4.0 4.0 72.05739 108.39822 139.6641 4.0
6.0 4.0 6.0 5.47476 84.77458 74.40487 4.0
6.0 5.0 5.0 36.13928 130.01738 82.24353 2035.0
6.0 5.0 6.0 5.47476 84.77458 74.40487 2035.0
6.0 6.0 6.0 5.47476 84.77458 74.40487 15876.0
6.0 6.0 6.0 5.47476 84.77458 74.40487 15876.0
6.0 11.0 11.0 48.51951 14.09519 56.58056 1.0
6.0 11.0 6.0 5.47476 84.77458 74.40487 1.0
6.0 13.0 13.0 21.75947 31.17747 56.47209 407.0
6.0 13.0 6.0 5.47476 84.77458 74.40487 407.0
6.0 16.0 16.0 37.08677 39.09268 124.69222 11.0
6.0 16.0 6.0 5.47476 84.77458 74.40487 11.0
6.0 21.0 21.0 28.27843 78.10386 19.29555 667.0
6.0 21.0 6.0 5.47476 84.77458 74.40487 667.0
6.0 22.0 22.0 25.08686 80.04847 119.45102 2067.0
6.0 22.0 6.0 5.47476 84.77458 74.40487 2067.0
6.0 27.0 27.0 18.7303 45.33013 103.73607 854.0
6.0 27.0 6.0 5.47476 84.77458 74.40487 854.0
6.0 39.0 39.0 21.79147 50.16449 32.79563 1318.0
6.0 39.0 6.0 5.47476 84.77458 74.40487 1318.0
6.0 41.0 41.0 59.81306 126.04246 122.50349 19.0
6.0 41.0 6.0 5.47476 84.77458 74.40487 19.0
6.0 45.0 45.0 35.00432 116.34963 28.63706 971.0
6.0 45.0 6.0 5.47476 84.77458 74.40487 971.0
7.0 3.0 3.0 83.10277 3.82376 87.99054 216.0
7.0 3.0 7.0 121.64494 13.43542 56.92458 216.0
7.0 7.0 7.0 121.64494 13.43542 56.92458 4027.0
7.0 7.0 7.0 121.64494 13.43542 56.92458 4027.0
7.0 8.0 8.0 108.12262 85.98591 38.6528 9.0
7.0 8.0 7.0 121.64494 13.43542 56.92458 9.0
7.0 10.0 10.0 97.03174 3.91415 61.10196 1452.0
7.0 10.0 7.0 121.64494 13.43542 56.92458 1452.0
7.0 15.0 15.0 145.09838 26.54739 64.6847 1463.0
7.0 15.0 7.0 121.64494 13.43542 56.92458 1463.0
7.0 17.0 17.0 122.77926 11.00062 94.57803 796.0
7.0 17.0 7.0 121.64494 13.43542 56.92458 796.0
7.0 18.0 18.0 159.21384 24.84247 93.92206 37.0
7.0 18.0 7.0 121.64494 13.43542 56.92458 37.0
7.0 19.0 19.0 66.41682 15.75695 45.43727 12.0
7.0 19.0 7.0 121.64494 13.43542 56.92458 12.0
7.0 20.0 20.0 85.07354 53.73383 22.31117 33.0
7.0 20.0 7.0 121.64494 13.43542 56.92458 33.0
7.0 23.0 23.0 173.48571 43.56539 76.97979 13.0
7.0 23.0 7.0 121.64494 13.43542 56.92458 13.0
7.0 29.0 29.0 122.67523 20.58243 121.18206 12.0
7.0 29.0 7.0 121.64494 13.43542 56.92458 12.0
7.0 31.0 31.0 121.49755 38.94646 36.02756 1565.0
7.0 31.0 7.0 121.64494 13.43542 56.92458 1565.0
7.0 37.0 37.0 80.1778 11.0465 113.77802 3.0
7.0 37.0 7.0 121.64494 13.43542 56.92458 3.0
7.0 40.0 40.0 83.26126 23.54257 42.42723 314.0
7.0 40.0 7.0 121.64494 13.43542 56.92458 314.0
8.0 1.0 1.0 66.21227 89.22353 7.46657 1520.0
8.0 1.0 8.0 108.12262 85.98591 38.6528 1520.0
8.0 3.0 3.0 83.10277 3.82376 87.99054 1.0
8.0 3.0 8.0 108.12262 85.98591 38.6528 1.0
8.0 4.0 4.0 72.05739 108.39822 139.6641 1.0
8.0 4.0 8.0 108.12262 85.98591 38.6528 1.0
8.0 5.0 5.0 36.13928 130.01738 82.24353 7.0
8.0 5.0 8.0 108.12262 85.98591 38.6528 7.0
8.0 7.0 7.0 121.64494 13.43542 56.92458 4.0
8.0 7.0 8.0 108.12262 85.98591 38.6528 4.0
8.0 8.0 8.0 108.12262 85.98591 38.6528 28240.0
8.0 8.0 8.0 108.12262 85.98591 38.6528 28240.0
8.0 9.0 9.0 78.5676 139.94012 102.59648 1.0
8.0 9.0 8.0 108.12262 85.98591 38.6528 1.0
8.0 12.0 12.0 179.8062 86.3859 84.82871 5.0
8.0 12.0 8.0 108.12262 85.98591 38.6528 5.0
8.0 14.0 14.0 128.27345 116.0541 40.26315 2611.0
8.0 14.0 8.0 108.12262 85.98591 38.6528 2611.0
8.0 15.0 15.0 145.09838 26.54739 64.6847 45.0
8.0 15.0 8.0 108.12262 85.98591 38.6528 45.0
8.0 20.0 20.0 85.07354 53.73383 22.31117 2977.0
8.0 20.0 8.0 108.12262 85.98591 38.6528 2977.0
8.0 23.0 23.0 173.48571 43.56539 76.97979 5.0
8.0 23.0 8.0 108.12262 85.98591 38.6528 5.0
8.0 24.0 24.0 107.85104 87.22823 149.14797 1.0
8.0 24.0 8.0 108.12262 85.98591 38.6528 1.0
8.0 30.0 30.0 88.31505 139.93389 62.68658 577.0
8.0 30.0 8.0 108.12262 85.98591 38.6528 577.0
8.0 31.0 31.0 121.49755 38.94646 36.02756 1739.0
8.0 31.0 8.0 108.12262 85.98591 38.6528 1739.0
8.0 32.0 32.0 156.97748 89.09957 57.97462 1414.0
8.0 32.0 8.0 108.12262 85.98591 38.6528 1414.0
8.0 35.0 35.0 147.79234 121.1417 95.65378 1.0
8.0 35.0 8.0 108.12262 85.98591 38.6528 1.0
8.0 40.0 40.0 83.26126 23.54257 42.42723 17.0
8.0 40.0 8.0 108.12262 85.98591 38.6528 17.0
8.0 41.0 41.0 59.81306 126.04246 122.50349 1.0
8.0 41.0 8.0 108.12262 85.98591 38.6528 1.0
8.0 43.0 43.0 101.70285 137.73067 99.13604 1.0
8.0 43.0 8.0 108.12262 85.98591 38.6528 1.0
8.0 45.0 45.0 35.00432 116.34963 28.63706 76.0
8.0 45.0 8.0 108.12262 85.98591 38.6528 76.0
8.0 46.0 46.0 114.46403 130.2573 52.70199 1065.0
8.0 46.0 8.0 108.12262 85.98591 38.6528 1065.0
9.0 4.0 4.0 72.05739 108.39822 139.6641 294.0
9.0 4.0 9.0 78.5676 139.94012 102.59648 294.0
9.0 5.0 5.0 36.13928 130.01738 82.24353 1348.0
9.0 5.0 9.0 78.5676 139.94012 102.59648 1348.0
9.0 9.0 9.0 78.5676 139.94012 102.59648 4852.0
9.0 9.0 9.0 78.5676 139.94012 102.59648 4852.0
9.0 22.0 22.0 25.08686 80.04847 119.45102 1.0
9.0 22.0 9.0 78.5676 139.94012 102.59648 1.0
9.0 24.0 24.0 107.85104 87.22823 149.14797 22.0
9.0 24.0 9.0 78.5676 139.94012 102.59648 22.0
9.0 30.0 30.0 88.31505 139.93389 62.68658 1170.0
9.0 30.0 9.0 78.5676 139.94012 102.59648 1170.0
9.0 34.0 34.0 127.77246 111.24826 129.59623 580.0
9.0 34.0 9.0 78.5676 139.94012 102.59648 580.0
9.0 35.0 35.0 147.79234 121.1417 95.65378 18.0
9.0 35.0 9.0 78.5676 139.94012 102.59648 18.0
9.0 41.0 41.0 59.81306 126.04246 122.50349 2167.0
9.0 41.0 9.0 78.5676 139.94012 102.59648 2167.0
9.0 43.0 43.0 101.70285 137.73067 99.13604 2017.0
9.0 43.0 9.0 78.5676 139.94012 102.59648 2017.0
9.0 45.0 45.0 35.00432 116.34963 28.63706 3.0
9.0 45.0 9.0 78.5676 139.94012 102.59648 3.0
9.0 46.0 46.0 114.46403 130.2573 52.70199 1.0
9.0 46.0 9.0 78.5676 139.94012 102.59648 1.0
10.0 2.0 2.0 27.38152 25.34845 87.70909 2.0
10.0 2.0 10.0 97.03174 3.91415 61.10196 2.0
10.0 3.0 3.0 83.10277 3.82376 87.99054 1569.0
10.0 3.0 10.0 97.03174 3.91415 61.10196 1569.0
10.0 7.0 7.0 121.64494 13.43542 56.92458 1472.0
10.0 7.0 10.0 97.03174 3.91415 61.10196 1472.0
10.0 10.0 10.0 97.03174 3.91415 61.10196 4132.0
10.0 10.0 10.0 97.03174 3.91415 61.10196 4132.0
10.0 11.0 11.0 48.51951 14.09519 56.58056 188.0
10.0 11.0 10.0 97.03174 3.91415 61.10196 188.0
10.0 15.0 15.0 145.09838 26.54739 64.6847 68.0
10.0 15.0 10.0 97.03174 3.91415 61.10196 68.0
10.0 17.0 17.0 122.77926 11.00062 94.57803 441.0
10.0 17.0 10.0 97.03174 3.91415 61.10196 441.0
10.0 18.0 18.0 159.21384 24.84247 93.92206 2.0
10.0 18.0 10.0 97.03174 3.91415 61.10196 2.0
10.0 19.0 19.0 66.41682 15.75695 45.43727 568.0
10.0 19.0 10.0 97.03174 3.91415 61.10196 568.0
10.0 20.0 20.0 85.07354 53.73383 22.31117 37.0
10.0 20.0 10.0 97.03174 3.91415 61.10196 37.0
10.0 29.0 29.0 122.67523 20.58243 121.18206 5.0
10.0 29.0 10.0 97.03174 3.91415 61.10196 5.0
10.0 31.0 31.0 121.49755 38.94646 36.02756 394.0
10.0 31.0 10.0 97.03174 3.91415 61.10196 394.0
10.0 37.0 37.0 80.1778 11.0465 113.77802 48.0
10.0 37.0 10.0 97.03174 3.91415 61.10196 48.0
10.0 40.0 40.0 83.26126 23.54257 42.42723 1222.0
10.0 40.0 10.0 97.03174 3.91415 61.10196 1222.0
11.0 1.0 1.0 66.21227 89.22353 7.46657 19.0
11.0 1.0 11.0 48.51951 14.09519 56.58056 19.0
11.0 2.0 2.0 27.38152 25.34845 87.70909 1366.0
11.0 2.0 11.0 48.51951 14.09519 56.58056 1366.0
11.0 3.0 3.0 83.10277 3.82376 87.99054 1096.0
11.0 3.0 11.0 48.51951 14.09519 56.58056 1096.0
11.0 6.0 6.0 5.47476 84.77458 74.40487 1.0
11.0 6.0 11.0 48.51951 14.09519 56.58056 1.0
11.0 10.0 10.0 97.03174 3.91415 61.10196 188.0
11.0 10.0 11.0 48.51951 14.09519 56.58056 188.0
11.0 11.0 11.0 48.51951 14.09519 56.58056 8208.0
11.0 11.0 11.0 48.51951 14.09519 56.58056 8208.0
11.0 13.0 13.0 21.75947 31.17747 56.47209 1524.0
11.0 13.0 11.0 48.51951 14.09519 56.58056 1524.0
11.0 16.0 16.0 37.08677 39.09268 124.69222 16.0
11.0 16.0 11.0 48.51951 14.09519 56.58056 16.0
11.0 19.0 19.0 66.41682 15.75695 45.43727 2078.0
11.0 19.0 11.0 48.51951 14.09519 56.58056 2078.0
11.0 20.0 20.0 85.07354 53.73383 22.31117 269.0
11.0 20.0 11.0 48.51951 14.09519 56.58056 269.0
11.0 21.0 21.0 28.27843 78.10386 19.29555 28.0
11.0 21.0 11.0 48.51951 14.09519 56.58056 28.0
11.0 27.0 27.0 18.7303 45.33013 103.73607 7.0
11.0 27.0 11.0 48.51951 14.09519 56.58056 7.0
11.0 31.0 31.0 121.49755 38.94646 36.02756 3.0
11.0 31.0 11.0 48.51951 14.09519 56.58056 3.0
11.0 36.0 36.0 51.15942 19.48787 119.67416 72.0
11.0 36.0 11.0 48.51951 14.09519 56.58056 72.0
11.0 37.0 37.0 80.1778 11.0465 113.77802 263.0
11.0 37.0 11.0 48.51951 14.09519 56.58056 263.0
11.0 39.0 39.0 21.79147 50.16449 32.79563 864.0
11.0 39.0 11.0 48.51951 14.09519 56.58056 864.0
11.0 40.0 40.0 83.26126 23.54257 42.42723 534.0
11.0 40.0 11.0 48.51951 14.09519 56.58056 534.0
11.0 44.0 44.0 70.24354 22.72734 131.35205 4.0
11.0 44.0 11.0 48.51951 14.09519 56.58056 4.0
12.0 8.0 8.0 108.12262 85.98591 38.6528 1.0
12.0 8.0 12.0 179.8062 86.3859 84.82871 1.0
12.0 12.0 12.0 179.8062 86.3859 84.82871 5813.0
12.0 12.0 12.0 179.8062 86.3859 84.82871 5813.0
12.0 14.0 14.0 128.27345 116.0541 40.26315 5.0
12.0 14.0 12.0 179.8062 86.3859 84.82871 5.0
12.0 15.0 15.0 145.09838 26.54739 64.6847 34.0
12.0 15.0 12.0 179.8062 86.3859 84.82871 34.0
12.0 18.0 18.0 159.21384 24.84247 93.92206 13.0
12.0 18.0 12.0 179.8062 86.3859 84.82871 13.0
12.0 23.0 23.0 173.48571 43.56539 76.97979 564.0
12.0 23.0 12.0 179.8062 86.3859 84.82871 564.0
12.0 25.0 25.0 182.83702 63.98197 100.3014 1138.0
12.0 25.0 12.0 179.8062 86.3859 84.82871 1138.0
12.0 31.0 31.0 121.49755 38.94646 36.02756 11.0
12.0 31.0 12.0 179.8062 86.3859 84.82871 11.0
12.0 32.0 32.0 156.97748 89.09957 57.97462 1764.0
12.0 32.0 12.0 179.8062 86.3859 84.82871 1764.0
12.0 34.0 34.0 127.77246 111.24826 129.59623 93.0
12.0 34.0 12.0 179.8062 86.3859 84.82871 93.0
12.0 35.0 35.0 147.79234 121.1417 95.65378 1221.0
12.0 35.0 12.0 179.8062 86.3859 84.82871 1221.0
12.0 46.0 46.0 114.46403 130.2573 52.70199 4.0
12.0 46.0 12.0 179.8062 86.3859 84.82871 4.0
12.0 47.0 47.0 164.2053 62.75531 126.10949 423.0
12.0 47.0 12.0 179.8062 86.3859 84.82871 423.0
13.0 2.0 2.0 27.38152 25.34845 87.70909 1409.0
13.0 2.0 13.0 21.75947 31.17747 56.47209 1409.0
13.0 3.0 3.0 83.10277 3.82376 87.99054 5.0
13.0 3.0 13.0 21.75947 31.17747 56.47209 5.0
13.0 6.0 6.0 5.47476 84.77458 74.40487 412.0
13.0 6.0 13.0 21.75947 31.17747 56.47209 412.0
13.0 11.0 11.0 48.51951 14.09519 56.58056 1596.0
13.0 11.0 13.0 21.75947 31.17747 56.47209 1596.0
13.0 13.0 13.0 21.75947 31.17747 56.47209 3877.0
13.0 13.0 13.0 21.75947 31.17747 56.47209 3877.0
13.0 16.0 16.0 37.08677 39.09268 124.69222 1.0
13.0 16.0 13.0 21.75947 31.17747 56.47209 1.0
13.0 19.0 19.0 66.41682 15.75695 45.43727 79.0
13.0 19.0 13.0 21.75947 31.17747 56.47209 79.0
13.0 20.0 20.0 85.07354 53.73383 22.31117 8.0
13.0 20.0 13.0 21.75947 31.17747 56.47209 8.0
13.0 21.0 21.0 28.27843 78.10386 19.29555 10.0
13.0 21.0 13.0 21.75947 31.17747 56.47209 10.0
13.0 22.0 22.0 25.08686 80.04847 119.45102 4.0
13.0 22.0 13.0 21.75947 31.17747 56.47209 4.0
13.0 27.0 27.0 18.7303 45.33013 103.73607 97.0
13.0 27.0 13.0 21.75947 31.17747 56.47209 97.0
13.0 36.0 36.0 51.15942 19.48787 119.67416 2.0
13.0 36.0 13.0 21.75947 31.17747 56.47209 2.0
13.0 37.0 37.0 80.1778 11.0465 113.77802 3.0
13.0 37.0 13.0 21.75947 31.17747 56.47209 3.0
13.0 39.0 39.0 21.79147 50.16449 32.79563 1760.0
13.0 39.0 13.0 21.75947 31.17747 56.47209 1760.0
13.0 40.0 40.0 83.26126 23.54257 42.42723 2.0
13.0 40.0 13.0 21.75947 31.17747 56.47209 2.0
14.0 1.0 1.0 66.21227 89.22353 7.46657 48.0
14.0 1.0 14.0 128.27345 116.0541 40.26315 48.0
14.0 8.0 8.0 108.12262 85.98591 38.6528 2731.0
14.0 8.0 14.0 128.27345 116.0541 40.26315 2731.0
14.0 12.0 12.0 179.8062 86.3859 84.82871 9.0
14.0 12.0 14.0 128.27345 116.0541 40.26315 9.0
14.0 14.0 14.0 128.27345 116.0541 40.26315 7125.0
14.0 14.0 14.0 128.27345 116.0541 40.26315 7125.0
14.0 20.0 20.0 85.07354 53.73383 22.31117 9.0
14.0 20.0 14.0 128.27345 116.0541 40.26315 9.0
14.0 30.0 30.0 88.31505 139.93389 62.68658 209.0
14.0 30.0 14.0 128.27345 116.0541 40.26315 209.0
14.0 31.0 31.0 121.49755 38.94646 36.02756 7.0
14.0 31.0 14.0 128.27345 116.0541 40.26315 7.0
14.0 32.0 32.0 156.97748 89.09957 57.97462 1359.0
14.0 32.0 14.0 128.27345 116.0541 40.26315 1359.0
14.0 35.0 35.0 147.79234 121.1417 95.65378 324.0
14.0 35.0 14.0 128.27345 116.0541 40.26315 324.0
14.0 43.0 43.0 101.70285 137.73067 99.13604 2.0
14.0 43.0 14.0 128.27345 116.0541 40.26315 2.0
14.0 45.0 45.0 35.00432 116.34963 28.63706 1.0
14.0 45.0 14.0 128.27345 116.0541 40.26315 1.0
14.0 46.0 46.0 114.46403 130.2573 52.70199 2862.0
14.0 46.0 14.0 128.27345 116.0541 40.26315 2862.0
15.0 3.0 3.0 83.10277 3.82376 87.99054 19.0
15.0 3.0 15.0 145.09838 26.54739 64.6847 19.0
15.0 7.0 7.0 121.64494 13.43542 56.92458 1503.0
15.0 7.0 15.0 145.09838 26.54739 64.6847 1503.0
15.0 8.0 8.0 108.12262 85.98591 38.6528 75.0
15.0 8.0 15.0 145.09838 26.54739 64.6847 75.0
15.0 10.0 10.0 97.03174 3.91415 61.10196 69.0
15.0 10.0 15.0 145.09838 26.54739 64.6847 69.0
15.0 12.0 12.0 179.8062 86.3859 84.82871 33.0
15.0 12.0 15.0 145.09838 26.54739 64.6847 33.0
15.0 15.0 15.0 145.09838 26.54739 64.6847 5030.0
15.0 15.0 15.0 145.09838 26.54739 64.6847 5030.0
15.0 17.0 17.0 122.77926 11.00062 94.57803 888.0
15.0 17.0 15.0 145.09838 26.54739 64.6847 888.0
15.0 18.0 18.0 159.21384 24.84247 93.92206 1008.0
15.0 18.0 15.0 145.09838 26.54739 64.6847 1008.0
15.0 23.0 23.0 173.48571 43.56539 76.97979 725.0
15.0 23.0 15.0 145.09838 26.54739 64.6847 725.0
15.0 25.0 25.0 182.83702 63.98197 100.3014 7.0
15.0 25.0 15.0 145.09838 26.54739 64.6847 7.0
15.0 26.0 26.0 132.10622 45.16974 139.13369 7.0
15.0 26.0 15.0 145.09838 26.54739 64.6847 7.0
15.0 29.0 29.0 122.67523 20.58243 121.18206 55.0
15.0 29.0 15.0 145.09838 26.54739 64.6847 55.0
15.0 31.0 31.0 121.49755 38.94646 36.02756 1363.0
15.0 31.0 15.0 145.09838 26.54739 64.6847 1363.0
15.0 32.0 32.0 156.97748 89.09957 57.97462 338.0
15.0 32.0 15.0 145.09838 26.54739 64.6847 338.0
15.0 37.0 37.0 80.1778 11.0465 113.77802 2.0
15.0 37.0 15.0 145.09838 26.54739 64.6847 2.0
15.0 40.0 40.0 83.26126 23.54257 42.42723 4.0
15.0 40.0 15.0 145.09838 26.54739 64.6847 4.0
15.0 47.0 47.0 164.2053 62.75531 126.10949 11.0
15.0 47.0 15.0 145.09838 26.54739 64.6847 11.0
16.0 0.0 0.0 55.08775 48.87905 141.96068 1403.0
16.0 0.0 16.0 37.08677 39.09268 124.69222 1403.0
16.0 2.0 2.0 27.38152 25.34845 87.70909 738.0
16.0 2.0 16.0 37.08677 39.09268 124.69222 738.0
16.0 3.0 3.0 83.10277 3.82376 87.99054 16.0
16.0 3.0 16.0 37.08677 39.09268 124.69222 16.0
16.0 4.0 4.0 72.05739 108.39822 139.6641 1.0
16.0 4.0 16.0 37.08677 39.09268 124.69222 1.0
16.0 6.0 6.0 5.47476 84.77458 74.40487 7.0
16.0 6.0 16.0 37.08677 39.09268 124.69222 7.0
16.0 11.0 11.0 48.51951 14.09519 56.58056 17.0
16.0 11.0 16.0 37.08677 39.09268 124.69222 17.0
16.0 13.0 13.0 21.75947 31.17747 56.47209 2.0
16.0 13.0 16.0 37.08677 39.09268 124.69222 2.0
16.0 16.0 16.0 37.08677 39.09268 124.69222 4222.0
16.0 16.0 16.0 37.08677 39.09268 124.69222 4222.0
16.0 22.0 22.0 25.08686 80.04847 119.45102 1267.0
16.0 22.0 16.0 37.08677 39.09268 124.69222 1267.0
16.0 23.0 23.0 173.48571 43.56539 76.97979 1.0
16.0 23.0 16.0 37.08677 39.09268 124.69222 1.0
16.0 26.0 26.0 132.10622 45.16974 139.13369 1.0
16.0 26.0 16.0 37.08677 39.09268 124.69222 1.0
16.0 27.0 27.0 18.7303 45.33013 103.73607 1154.0
16.0 27.0 16.0 37.08677 39.09268 124.69222 1154.0
16.0 28.0 28.0 84.30492 38.96267 143.1544 52.0
16.0 28.0 16.0 37.08677 39.09268 124.69222 52.0
16.0 33.0 33.0 97.15034 49.94618 149.23889 5.0
16.0 33.0 16.0 37.08677 39.09268 124.69222 5.0
16.0 36.0 36.0 51.15942 19.48787 119.67416 1066.0
16.0 36.0 16.0 37.08677 39.09268 124.69222 1066.0
16.0 37.0 37.0 80.1778 11.0465 113.77802 161.0
16.0 37.0 16.0 37.08677 39.09268 124.69222 161.0
16.0 38.0 38.0 88.68981 68.41693 152.61536 14.0
16.0 38.0 16.0 37.08677 39.09268 124.69222 14.0
16.0 42.0 42.0 56.61678 85.23842 144.95272 179.0
16.0 42.0 16.0 37.08677 39.09268 124.69222 179.0
16.0 44.0 44.0 70.24354 22.72734 131.35205 240.0
16.0 44.0 16.0 37.08677 39.09268 124.69222 240.0
17.0 3.0 3.0 83.10277 3.82376 87.99054 1195.0
17.0 3.0 17.0 122.77926 11.00062 94.57803 1195.0
17.0 7.0 7.0 121.64494 13.43542 56.92458 802.0
17.0 7.0 17.0 122.77926 11.00062 94.57803 802.0
17.0 10.0 10.0 97.03174 3.91415 61.10196 481.0
17.0 10.0 17.0 122.77926 11.00062 94.57803 481.0
17.0 15.0 15.0 145.09838 26.54739 64.6847 888.0
17.0 15.0 17.0 122.77926 11.00062 94.57803 888.0
17.0 17.0 17.0 122.77926 11.00062 94.57803 4996.0
17.0 17.0 17.0 122.77926 11.00062 94.57803 4996.0
17.0 18.0 18.0 159.21384 24.84247 93.92206 602.0
17.0 18.0 17.0 122.77926 11.00062 94.57803 602.0
17.0 19.0 19.0 66.41682 15.75695 45.43727 3.0
17.0 19.0 17.0 122.77926 11.00062 94.57803 3.0
17.0 23.0 23.0 173.48571 43.56539 76.97979 8.0
17.0 23.0 17.0 122.77926 11.00062 94.57803 8.0
17.0 26.0 26.0 132.10622 45.16974 139.13369 72.0
17.0 26.0 17.0 122.77926 11.00062 94.57803 72.0
17.0 28.0 28.0 84.30492 38.96267 143.1544 11.0
17.0 28.0 17.0 122.77926 11.00062 94.57803 11.0
17.0 29.0 29.0 122.67523 20.58243 121.18206 1488.0
17.0 29.0 17.0 122.77926 11.00062 94.57803 1488.0
17.0 31.0 31.0 121.49755 38.94646 36.02756 6.0
17.0 31.0 17.0 122.77926 11.00062 94.57803 6.0
17.0 33.0 33.0 97.15034 49.94618 149.23889 1.0
17.0 33.0 17.0 122.77926 11.00062 94.57803 1.0
17.0 37.0 37.0 80.1778 11.0465 113.77802 479.0
17.0 37.0 17.0 122.77926 11.00062 94.57803 479.0
17.0 40.0 40.0 83.26126 23.54257 42.42723 4.0
17.0 40.0 17.0 122.77926 11.00062 94.57803 4.0
17.0 44.0 44.0 70.24354 22.72734 131.35205 3.0
17.0 44.0 17.0 122.77926 11.00062 94.57803 3.0
17.0 45.0 45.0 35.00432 116.34963 28.63706 1.0
17.0 45.0 17.0 122.77926 11.00062 94.57803 1.0
17.0 47.0 47.0 164.2053 62.75531 126.10949 17.0
17.0 47.0 17.0 122.77926 11.00062 94.57803 17.0
18.0 3.0 3.0 83.10277 3.82376 87.99054 1.0
18.0 3.0 18.0 159.21384 24.84247 93.92206 1.0
18.0 7.0 7.0 121.64494 13.43542 56.92458 41.0
18.0 7.0 18.0 159.21384 24.84247 93.92206 41.0
18.0 12.0 12.0 179.8062 86.3859 84.82871 10.0
18.0 12.0 18.0 159.21384 24.84247 93.92206 10.0
18.0 15.0 15.0 145.09838 26.54739 64.6847 1112.0
18.0 15.0 18.0 159.21384 24.84247 93.92206 1112.0
18.0 17.0 17.0 122.77926 11.00062 94.57803 620.0
18.0 17.0 18.0 159.21384 24.84247 93.92206 620.0
18.0 18.0 18.0 159.21384 24.84247 93.92206 3168.0
18.0 18.0 18.0 159.21384 24.84247 93.92206 3168.0
18.0 23.0 23.0 173.48571 43.56539 76.97979 971.0
18.0 23.0 18.0 159.21384 24.84247 93.92206 971.0
18.0 25.0 25.0 182.83702 63.98197 100.3014 105.0
18.0 25.0 18.0 159.21384 24.84247 93.92206 105.0
18.0 26.0 26.0 132.10622 45.16974 139.13369 219.0
18.0 26.0 18.0 159.21384 24.84247 93.92206 219.0
18.0 29.0 29.0 122.67523 20.58243 121.18206 563.0
18.0 29.0 18.0 159.21384 24.84247 93.92206 563.0
18.0 31.0 31.0 121.49755 38.94646 36.02756 10.0
18.0 31.0 18.0 159.21384 24.84247 93.92206 10.0
18.0 32.0 32.0 156.97748 89.09957 57.97462 11.0
18.0 32.0 18.0 159.21384 24.84247 93.92206 11.0
18.0 37.0 37.0 80.1778 11.0465 113.77802 3.0
18.0 37.0 18.0 159.21384 24.84247 93.92206 3.0
18.0 47.0 47.0 164.2053 62.75531 126.10949 628.0
18.0 47.0 18.0 159.21384 24.84247 93.92206 628.0
19.0 1.0 1.0 66.21227 89.22353 7.46657 22.0
19.0 1.0 19.0 66.41682 15.75695 45.43727 22.0
19.0 2.0 2.0 27.38152 25.34845 87.70909 15.0
19.0 2.0 19.0 66.41682 15.75695 45.43727 15.0
19.0 3.0 3.0 83.10277 3.82376 87.99054 460.0
19.0 3.0 19.0 66.41682 15.75695 45.43727 460.0
19.0 7.0 7.0 121.64494 13.43542 56.92458 9.0
19.0 7.0 19.0 66.41682 15.75695 45.43727 9.0
19.0 8.0 8.0 108.12262 85.98591 38.6528 1.0
19.0 8.0 19.0 66.41682 15.75695 45.43727 1.0
19.0 10.0 10.0 97.03174 3.91415 61.10196 562.0
19.0 10.0 19.0 66.41682 15.75695 45.43727 562.0
19.0 11.0 11.0 48.51951 14.09519 56.58056 1908.0
19.0 11.0 19.0 66.41682 15.75695 45.43727 1908.0
19.0 13.0 13.0 21.75947 31.17747 56.47209 67.0
19.0 13.0 19.0 66.41682 15.75695 45.43727 67.0
19.0 17.0 17.0 122.77926 11.00062 94.57803 1.0
19.0 17.0 19.0 66.41682 15.75695 45.43727 1.0
19.0 19.0 19.0 66.41682 15.75695 45.43727 2132.0
19.0 19.0 19.0 66.41682 15.75695 45.43727 2132.0
19.0 20.0 20.0 85.07354 53.73383 22.31117 563.0
19.0 20.0 19.0 66.41682 15.75695 45.43727 563.0
19.0 21.0 21.0 28.27843 78.10386 19.29555 18.0
19.0 21.0 19.0 66.41682 15.75695 45.43727 18.0
19.0 31.0 31.0 121.49755 38.94646 36.02756 31.0
19.0 31.0 19.0 66.41682 15.75695 45.43727 31.0
19.0 37.0 37.0 80.1778 11.0465 113.77802 21.0
19.0 37.0 19.0 66.41682 15.75695 45.43727 21.0
19.0 39.0 39.0 21.79147 50.16449 32.79563 221.0
19.0 39.0 19.0 66.41682 15.75695 45.43727 221.0
19.0 40.0 40.0 83.26126 23.54257 42.42723 1572.0
19.0 40.0 19.0 66.41682 15.75695 45.43727 1572.0
20.0 1.0 1.0 66.21227 89.22353 7.46657 2011.0
20.0 1.0 20.0 85.07354 53.73383 22.31117 2011.0
20.0 7.0 7.0 121.64494 13.43542 56.92458 9.0
20.0 7.0 20.0 85.07354 53.73383 22.31117 9.0
20.0 8.0 8.0 108.12262 85.98591 38.6528 3147.0
20.0 8.0 20.0 85.07354 53.73383 22.31117 3147.0
20.0 10.0 10.0 97.03174 3.91415 61.10196 27.0
20.0 10.0 20.0 85.07354 53.73383 22.31117 27.0
20.0 11.0 11.0 48.51951 14.09519 56.58056 259.0
20.0 11.0 20.0 85.07354 53.73383 22.31117 259.0
20.0 12.0 12.0 179.8062 86.3859 84.82871 1.0
20.0 12.0 20.0 85.07354 53.73383 22.31117 1.0
20.0 13.0 13.0 21.75947 31.17747 56.47209 7.0
20.0 13.0 20.0 85.07354 53.73383 22.31117 7.0
20.0 14.0 14.0 128.27345 116.0541 40.26315 4.0
20.0 14.0 20.0 85.07354 53.73383 22.31117 4.0
20.0 15.0 15.0 145.09838 26.54739 64.6847 1.0
20.0 15.0 20.0 85.07354 53.73383 22.31117 1.0
20.0 19.0 19.0 66.41682 15.75695 45.43727 541.0
20.0 19.0 20.0 85.07354 53.73383 22.31117 541.0
20.0 20.0 20.0 85.07354 53.73383 22.31117 12323.0
20.0 20.0 20.0 85.07354 53.73383 22.31117 12323.0
20.0 21.0 21.0 28.27843 78.10386 19.29555 246.0
20.0 21.0 20.0 85.07354 53.73383 22.31117 246.0
20.0 31.0 31.0 121.49755 38.94646 36.02756 2020.0
20.0 31.0 20.0 85.07354 53.73383 22.31117 2020.0
20.0 32.0 32.0 156.97748 89.09957 57.97462 4.0
20.0 32.0 20.0 85.07354 53.73383 22.31117 4.0
20.0 39.0 39.0 21.79147 50.16449 32.79563 495.0
20.0 39.0 20.0 85.07354 53.73383 22.31117 495.0
20.0 40.0 40.0 83.26126 23.54257 42.42723 1652.0
20.0 40.0 20.0 85.07354 53.73383 22.31117 1652.0
20.0 45.0 45.0 35.00432 116.34963 28.63706 2.0
20.0 45.0 20.0 85.07354 53.73383 22.31117 2.0
21.0 1.0 1.0 66.21227 89.22353 7.46657 1504.0
21.0 1.0 21.0 28.27843 78.10386 19.29555 1504.0
21.0 5.0 5.0 36.13928 130.01738 82.24353 12.0
21.0 5.0 21.0 28.27843 78.10386 19.29555 12.0
21.0 6.0 6.0 5.47476 84.77458 74.40487 608.0
21.0 6.0 21.0 28.27843 78.10386 19.29555 608.0
21.0 8.0 8.0 108.12262 85.98591 38.6528 3.0
21.0 8.0 21.0 28.27843 78.10386 19.29555 3.0
21.0 11.0 11.0 48.51951 14.09519 56.58056 33.0
21.0 11.0 21.0 28.27843 78.10386 19.29555 33.0
21.0 13.0 13.0 21.75947 31.17747 56.47209 7.0
21.0 13.0 21.0 28.27843 78.10386 19.29555 7.0
21.0 19.0 19.0 66.41682 15.75695 45.43727 15.0
21.0 19.0 21.0 28.27843 78.10386 19.29555 15.0
21.0 20.0 20.0 85.07354 53.73383 22.31117 254.0
21.0 20.0 21.0 28.27843 78.10386 19.29555 254.0
21.0 21.0 21.0 28.27843 78.10386 19.29555 6356.0
21.0 21.0 21.0 28.27843 78.10386 19.29555 6356.0
21.0 39.0 39.0 21.79147 50.16449 32.79563 2292.0
21.0 39.0 21.0 28.27843 78.10386 19.29555 2292.0
21.0 40.0 40.0 83.26126 23.54257 42.42723 3.0
21.0 40.0 21.0 28.27843 78.10386 19.29555 3.0
21.0 45.0 45.0 35.00432 116.34963 28.63706 1915.0
21.0 45.0 21.0 28.27843 78.10386 19.29555 1915.0
22.0 0.0 0.0 55.08775 48.87905 141.96068 614.0
22.0 0.0 22.0 25.08686 80.04847 119.45102 614.0
22.0 2.0 2.0 27.38152 25.34845 87.70909 78.0
22.0 2.0 22.0 25.08686 80.04847 119.45102 78.0
22.0 4.0 4.0 72.05739 108.39822 139.6641 471.0
22.0 4.0 22.0 25.08686 80.04847 119.45102 471.0
22.0 5.0 5.0 36.13928 130.01738 82.24353 1226.0
22.0 5.0 22.0 25.08686 80.04847 119.45102 1226.0
22.0 6.0 6.0 5.47476 84.77458 74.40487 1884.0
22.0 6.0 22.0 25.08686 80.04847 119.45102 1884.0
22.0 8.0 8.0 108.12262 85.98591 38.6528 1.0
22.0 8.0 22.0 25.08686 80.04847 119.45102 1.0
22.0 13.0 13.0 21.75947 31.17747 56.47209 5.0
22.0 13.0 22.0 25.08686 80.04847 119.45102 5.0
22.0 16.0 16.0 37.08677 39.09268 124.69222 1228.0
22.0 16.0 22.0 25.08686 80.04847 119.45102 1228.0
22.0 22.0 22.0 25.08686 80.04847 119.45102 13869.0
22.0 22.0 22.0 25.08686 80.04847 119.45102 13869.0
22.0 27.0 27.0 18.7303 45.33013 103.73607 1334.0
22.0 27.0 22.0 25.08686 80.04847 119.45102 1334.0
22.0 28.0 28.0 84.30492 38.96267 143.1544 20.0
22.0 28.0 22.0 25.08686 80.04847 119.45102 20.0
22.0 33.0 33.0 97.15034 49.94618 149.23889 3.0
22.0 33.0 22.0 25.08686 80.04847 119.45102 3.0
22.0 36.0 36.0 51.15942 19.48787 119.67416 16.0
22.0 36.0 22.0 25.08686 80.04847 119.45102 16.0
22.0 37.0 37.0 80.1778 11.0465 113.77802 1.0
22.0 37.0 22.0 25.08686 80.04847 119.45102 1.0
22.0 38.0 38.0 88.68981 68.41693 152.61536 24.0
22.0 38.0 22.0 25.08686 80.04847 119.45102 24.0
22.0 41.0 41.0 59.81306 126.04246 122.50349 696.0
22.0 41.0 22.0 25.08686 80.04847 119.45102 696.0
22.0 42.0 42.0 56.61678 85.23842 144.95272 1662.0
22.0 42.0 22.0 25.08686 80.04847 119.45102 1662.0
22.0 43.0 43.0 101.70285 137.73067 99.13604 1.0
22.0 43.0 22.0 25.08686 80.04847 119.45102 1.0
22.0 44.0 44.0 70.24354 22.72734 131.35205 2.0
22.0 44.0 22.0 25.08686 80.04847 119.45102 2.0
23.0 7.0 7.0 121.64494 13.43542 56.92458 15.0
23.0 7.0 23.0 173.48571 43.56539 76.97979 15.0
23.0 8.0 8.0 108.12262 85.98591 38.6528 5.0
23.0 8.0 23.0 173.48571 43.56539 76.97979 5.0
23.0 12.0 12.0 179.8062 86.3859 84.82871 578.0
23.0 12.0 23.0 173.48571 43.56539 76.97979 578.0
23.0 15.0 15.0 145.09838 26.54739 64.6847 778.0
23.0 15.0 23.0 173.48571 43.56539 76.97979 778.0
23.0 17.0 17.0 122.77926 11.00062 94.57803 7.0
23.0 17.0 23.0 173.48571 43.56539 76.97979 7.0
23.0 18.0 18.0 159.21384 24.84247 93.92206 1035.0
23.0 18.0 23.0 173.48571 43.56539 76.97979 1035.0
23.0 23.0 23.0 173.48571 43.56539 76.97979 3282.0
23.0 23.0 23.0 173.48571 43.56539 76.97979 3282.0
23.0 25.0 25.0 182.83702 63.98197 100.3014 763.0
23.0 25.0 23.0 173.48571 43.56539 76.97979 763.0
23.0 26.0 26.0 132.10622 45.16974 139.13369 10.0
23.0 26.0 23.0 173.48571 43.56539 76.97979 10.0
23.0 29.0 29.0 122.67523 20.58243 121.18206 9.0
23.0 29.0 23.0 173.48571 43.56539 76.97979 9.0
23.0 31.0 31.0 121.49755 38.94646 36.02756 124.0
23.0 31.0 23.0 173.48571 43.56539 76.97979 124.0
23.0 32.0 32.0 156.97748 89.09957 57.97462 515.0
23.0 32.0 23.0 173.48571 43.56539 76.97979 515.0
23.0 37.0 37.0 80.1778 11.0465 113.77802 1.0
23.0 37.0 23.0 173.48571 43.56539 76.97979 1.0
23.0 47.0 47.0 164.2053 62.75531 126.10949 325.0
23.0 47.0 23.0 173.48571 43.56539 76.97979 325.0
24.0 0.0 0.0 55.08775 48.87905 141.96068 8.0
24.0 0.0 24.0 107.85104 87.22823 149.14797 8.0
24.0 4.0 4.0 72.05739 108.39822 139.6641 1530.0
24.0 4.0 24.0 107.85104 87.22823 149.14797 1530.0
24.0 9.0 9.0 78.5676 139.94012 102.59648 20.0
24.0 9.0 24.0 107.85104 87.22823 149.14797 20.0
24.0 24.0 24.0 107.85104 87.22823 149.14797 8795.0
24.0 24.0 24.0 107.85104 87.22823 149.14797 8795.0
24.0 26.0 26.0 132.10622 45.16974 139.13369 900.0
24.0 26.0 24.0 107.85104 87.22823 149.14797 900.0
24.0 28.0 28.0 84.30492 38.96267 143.1544 40.0
24.0 28.0 24.0 107.85104 87.22823 149.14797 40.0
24.0 30.0 30.0 88.31505 139.93389 62.68658 1.0
24.0 30.0 24.0 107.85104 87.22823 149.14797 1.0
24.0 33.0 33.0 97.15034 49.94618 149.23889 465.0
24.0 33.0 24.0 107.85104 87.22823 149.14797 465.0
24.0 34.0 34.0 127.77246 111.24826 129.59623 2581.0
24.0 34.0 24.0 107.85104 87.22823 149.14797 2581.0
24.0 35.0 35.0 147.79234 121.1417 95.65378 5.0
24.0 35.0 24.0 107.85104 87.22823 149.14797 5.0
24.0 38.0 38.0 88.68981 68.41693 152.61536 1930.0
24.0 38.0 24.0 107.85104 87.22823 149.14797 1930.0
24.0 41.0 41.0 59.81306 126.04246 122.50349 77.0
24.0 41.0 24.0 107.85104 87.22823 149.14797 77.0
24.0 42.0 42.0 56.61678 85.23842 144.95272 535.0
24.0 42.0 24.0 107.85104 87.22823 149.14797 535.0
24.0 43.0 43.0 101.70285 137.73067 99.13604 7.0
24.0 43.0 24.0 107.85104 87.22823 149.14797 7.0
24.0 44.0 44.0 70.24354 22.72734 131.35205 2.0
24.0 44.0 24.0 107.85104 87.22823 149.14797 2.0
24.0 47.0 47.0 164.2053 62.75531 126.10949 200.0
24.0 47.0 24.0 107.85104 87.22823 149.14797 200.0
25.0 7.0 7.0 121.64494 13.43542 56.92458 1.0
25.0 7.0 25.0 182.83702 63.98197 100.3014 1.0
25.0 12.0 12.0 179.8062 86.3859 84.82871 1181.0
25.0 12.0 25.0 182.83702 63.98197 100.3014 1181.0
25.0 15.0 15.0 145.09838 26.54739 64.6847 8.0
25.0 15.0 25.0 182.83702 63.98197 100.3014 8.0
25.0 18.0 18.0 159.21384 24.84247 93.92206 116.0
25.0 18.0 25.0 182.83702 63.98197 100.3014 116.0
25.0 23.0 23.0 173.48571 43.56539 76.97979 729.0
25.0 23.0 25.0 182.83702 63.98197 100.3014 729.0
25.0 25.0 25.0 182.83702 63.98197 100.3014 2202.0
25.0 25.0 25.0 182.83702 63.98197 100.3014 2202.0
25.0 26.0 26.0 132.10622 45.16974 139.13369 5.0
25.0 26.0 25.0 182.83702 63.98197 100.3014 5.0
25.0 32.0 32.0 156.97748 89.09957 57.97462 44.0
25.0 32.0 25.0 182.83702 63.98197 100.3014 44.0
25.0 34.0 34.0 127.77246 111.24826 129.59623 29.0
25.0 34.0 25.0 182.83702 63.98197 100.3014 29.0
25.0 35.0 35.0 147.79234 121.1417 95.65378 77.0
25.0 35.0 25.0 182.83702 63.98197 100.3014 77.0
25.0 46.0 46.0 114.46403 130.2573 52.70199 1.0
25.0 46.0 25.0 182.83702 63.98197 100.3014 1.0
25.0 47.0 47.0 164.2053 62.75531 126.10949 1249.0
25.0 47.0 25.0 182.83702 63.98197 100.3014 1249.0
26.0 0.0 0.0 55.08775 48.87905 141.96068 1.0
26.0 0.0 26.0 132.10622 45.16974 139.13369 1.0
26.0 3.0 3.0 83.10277 3.82376 87.99054 4.0
26.0 3.0 26.0 132.10622 45.16974 139.13369 4.0
26.0 15.0 15.0 145.09838 26.54739 64.6847 1.0
26.0 15.0 26.0 132.10622 45.16974 139.13369 1.0
26.0 17.0 17.0 122.77926 11.00062 94.57803 90.0
26.0 17.0 26.0 132.10622 45.16974 139.13369 90.0
26.0 18.0 18.0 159.21384 24.84247 93.92206 224.0
26.0 18.0 26.0 132.10622 45.16974 139.13369 224.0
26.0 23.0 23.0 173.48571 43.56539 76.97979 2.0
26.0 23.0 26.0 132.10622 45.16974 139.13369 2.0
26.0 24.0 24.0 107.85104 87.22823 149.14797 997.0
26.0 24.0 26.0 132.10622 45.16974 139.13369 997.0
26.0 25.0 25.0 182.83702 63.98197 100.3014 4.0
26.0 25.0 26.0 132.10622 45.16974 139.13369 4.0
26.0 26.0 26.0 132.10622 45.16974 139.13369 8011.0
26.0 26.0 26.0 132.10622 45.16974 139.13369 8011.0
26.0 28.0 28.0 84.30492 38.96267 143.1544 445.0
26.0 28.0 26.0 132.10622 45.16974 139.13369 445.0
26.0 29.0 29.0 122.67523 20.58243 121.18206 1834.0
26.0 29.0 26.0 132.10622 45.16974 139.13369 1834.0
26.0 33.0 33.0 97.15034 49.94618 149.23889 1067.0
26.0 33.0 26.0 132.10622 45.16974 139.13369 1067.0
26.0 34.0 34.0 127.77246 111.24826 129.59623 282.0
26.0 34.0 26.0 132.10622 45.16974 139.13369 282.0
26.0 35.0 35.0 147.79234 121.1417 95.65378 1.0
26.0 35.0 26.0 132.10622 45.16974 139.13369 1.0
26.0 37.0 37.0 80.1778 11.0465 113.77802 109.0
26.0 37.0 26.0 132.10622 45.16974 139.13369 109.0
26.0 38.0 38.0 88.68981 68.41693 152.61536 418.0
26.0 38.0 26.0 132.10622 45.16974 139.13369 418.0
26.0 44.0 44.0 70.24354 22.72734 131.35205 12.0
26.0 44.0 26.0 132.10622 45.16974 139.13369 12.0
26.0 47.0 47.0 164.2053 62.75531 126.10949 1655.0
26.0 47.0 26.0 132.10622 45.16974 139.13369 1655.0
27.0 0.0 0.0 55.08775 48.87905 141.96068 45.0
27.0 0.0 27.0 18.7303 45.33013 103.73607 45.0
27.0 2.0 2.0 27.38152 25.34845 87.70909 1587.0
27.0 2.0 27.0 18.7303 45.33013 103.73607 1587.0
27.0 3.0 3.0 83.10277 3.82376 87.99054 3.0
27.0 3.0 27.0 18.7303 45.33013 103.73607 3.0
27.0 5.0 5.0 36.13928 130.01738 82.24353 1.0
27.0 5.0 27.0 18.7303 45.33013 103.73607 1.0
27.0 6.0 6.0 5.47476 84.77458 74.40487 791.0
27.0 6.0 27.0 18.7303 45.33013 103.73607 791.0
27.0 11.0 11.0 48.51951 14.09519 56.58056 19.0
27.0 11.0 27.0 18.7303 45.33013 103.73607 19.0
27.0 13.0 13.0 21.75947 31.17747 56.47209 127.0
27.0 13.0 27.0 18.7303 45.33013 103.73607 127.0
27.0 16.0 16.0 37.08677 39.09268 124.69222 1291.0
27.0 16.0 27.0 18.7303 45.33013 103.73607 1291.0
27.0 22.0 22.0 25.08686 80.04847 119.45102 1344.0
27.0 22.0 27.0 18.7303 45.33013 103.73607 1344.0
27.0 27.0 27.0 18.7303 45.33013 103.73607 3355.0
27.0 27.0 27.0 18.7303 45.33013 103.73607 3355.0
27.0 36.0 36.0 51.15942 19.48787 119.67416 85.0
27.0 36.0 27.0 18.7303 45.33013 103.73607 85.0
27.0 37.0 37.0 80.1778 11.0465 113.77802 9.0
27.0 37.0 27.0 18.7303 45.33013 103.73607 9.0
27.0 39.0 39.0 21.79147 50.16449 32.79563 24.0
27.0 39.0 27.0 18.7303 45.33013 103.73607 24.0
27.0 42.0 42.0 56.61678 85.23842 144.95272 3.0
27.0 42.0 27.0 18.7303 45.33013 103.73607 3.0
27.0 44.0 44.0 70.24354 22.72734 131.35205 8.0
27.0 44.0 27.0 18.7303 45.33013 103.73607 8.0
28.0 0.0 0.0 55.08775 48.87905 141.96068 1118.0
28.0 0.0 28.0 84.30492 38.96267 143.1544 1118.0
28.0 3.0 3.0 83.10277 3.82376 87.99054 5.0
28.0 3.0 28.0 84.30492 38.96267 143.1544 5.0
28.0 4.0 4.0 72.05739 108.39822 139.6641 5.0
28.0 4.0 28.0 84.30492 38.96267 143.1544 5.0
28.0 5.0 5.0 36.13928 130.01738 82.24353 1.0
28.0 5.0 28.0 84.30492 38.96267 143.1544 1.0
28.0 16.0 16.0 37.08677 39.09268 124.69222 47.0
28.0 16.0 28.0 84.30492 38.96267 143.1544 47.0
28.0 17.0 17.0 122.77926 11.00062 94.57803 10.0
28.0 17.0 28.0 84.30492 38.96267 143.1544 10.0
28.0 22.0 22.0 25.08686 80.04847 119.45102 15.0
28.0 22.0 28.0 84.30492 38.96267 143.1544 15.0
28.0 24.0 24.0 107.85104 87.22823 149.14797 37.0
28.0 24.0 28.0 84.30492 38.96267 143.1544 37.0
28.0 26.0 26.0 132.10622 45.16974 139.13369 399.0
28.0 26.0 28.0 84.30492 38.96267 143.1544 399.0
28.0 28.0 28.0 84.30492 38.96267 143.1544 3128.0
28.0 28.0 28.0 84.30492 38.96267 143.1544 3128.0
28.0 29.0 29.0 122.67523 20.58243 121.18206 479.0
28.0 29.0 28.0 84.30492 38.96267 143.1544 479.0
28.0 33.0 33.0 97.15034 49.94618 149.23889 1612.0
28.0 33.0 28.0 84.30492 38.96267 143.1544 1612.0
28.0 36.0 36.0 51.15942 19.48787 119.67416 79.0
28.0 36.0 28.0 84.30492 38.96267 143.1544 79.0
28.0 37.0 37.0 80.1778 11.0465 113.77802 693.0
28.0 37.0 28.0 84.30492 38.96267 143.1544 693.0
28.0 38.0 38.0 88.68981 68.41693 152.61536 570.0
28.0 38.0 28.0 84.30492 38.96267 143.1544 570.0
28.0 42.0 42.0 56.61678 85.23842 144.95272 174.0
28.0 42.0 28.0 84.30492 38.96267 143.1544 174.0
28.0 44.0 44.0 70.24354 22.72734 131.35205 927.0
28.0 44.0 28.0 84.30492 38.96267 143.1544 927.0
29.0 0.0 0.0 55.08775 48.87905 141.96068 2.0
29.0 0.0 29.0 122.67523 20.58243 121.18206 2.0
29.0 3.0 3.0 83.10277 3.82376 87.99054 220.0
29.0 3.0 29.0 122.67523 20.58243 121.18206 220.0
29.0 7.0 7.0 121.64494 13.43542 56.92458 11.0
29.0 7.0 29.0 122.67523 20.58243 121.18206 11.0
29.0 10.0 10.0 97.03174 3.91415 61.10196 1.0
29.0 10.0 29.0 122.67523 20.58243 121.18206 1.0
29.0 15.0 15.0 145.09838 26.54739 64.6847 59.0
29.0 15.0 29.0 122.67523 20.58243 121.18206 59.0
29.0 17.0 17.0 122.77926 11.00062 94.57803 1589.0
29.0 17.0 29.0 122.67523 20.58243 121.18206 1589.0
29.0 18.0 18.0 159.21384 24.84247 93.92206 500.0
29.0 18.0 29.0 122.67523 20.58243 121.18206 500.0
29.0 23.0 23.0 173.48571 43.56539 76.97979 15.0
29.0 23.0 29.0 122.67523 20.58243 121.18206 15.0
29.0 25.0 25.0 182.83702 63.98197 100.3014 1.0
29.0 25.0 29.0 122.67523 20.58243 121.18206 1.0
29.0 26.0 26.0 132.10622 45.16974 139.13369 1804.0
29.0 26.0 29.0 122.67523 20.58243 121.18206 1804.0
29.0 28.0 28.0 84.30492 38.96267 143.1544 459.0
29.0 28.0 29.0 122.67523 20.58243 121.18206 459.0
29.0 29.0 29.0 122.67523 20.58243 121.18206 4703.0
29.0 29.0 29.0 122.67523 20.58243 121.18206 4703.0
29.0 33.0 33.0 97.15034 49.94618 149.23889 190.0
29.0 33.0 29.0 122.67523 20.58243 121.18206 190.0
29.0 37.0 37.0 80.1778 11.0465 113.77802 1181.0
29.0 37.0 29.0 122.67523 20.58243 121.18206 1181.0
29.0 38.0 38.0 88.68981 68.41693 152.61536 6.0
29.0 38.0 29.0 122.67523 20.58243 121.18206 6.0
29.0 44.0 44.0 70.24354 22.72734 131.35205 79.0
29.0 44.0 29.0 122.67523 20.58243 121.18206 79.0
29.0 46.0 46.0 114.46403 130.2573 52.70199 1.0
29.0 46.0 29.0 122.67523 20.58243 121.18206 1.0
29.0 47.0 47.0 164.2053 62.75531 126.10949 233.0
29.0 47.0 29.0 122.67523 20.58243 121.18206 233.0
30.0 1.0 1.0 66.21227 89.22353 7.46657 305.0
30.0 1.0 30.0 88.31505 139.93389 62.68658 305.0
30.0 5.0 5.0 36.13928 130.01738 82.24353 1709.0
30.0 5.0 30.0 88.31505 139.93389 62.68658 1709.0
30.0 8.0 8.0 108.12262 85.98591 38.6528 554.0
30.0 8.0 30.0 88.31505 139.93389 62.68658 554.0
30.0 9.0 9.0 78.5676 139.94012 102.59648 1143.0
30.0 9.0 30.0 88.31505 139.93389 62.68658 1143.0
30.0 14.0 14.0 128.27345 116.0541 40.26315 213.0
30.0 14.0 30.0 88.31505 139.93389 62.68658 213.0
30.0 23.0 23.0 173.48571 43.56539 76.97979 1.0
30.0 23.0 30.0 88.31505 139.93389 62.68658 1.0
30.0 30.0 30.0 88.31505 139.93389 62.68658 14844.0
30.0 30.0 30.0 88.31505 139.93389 62.68658 14844.0
30.0 32.0 32.0 156.97748 89.09957 57.97462 2.0
30.0 32.0 30.0 88.31505 139.93389 62.68658 2.0
30.0 34.0 34.0 127.77246 111.24826 129.59623 71.0
30.0 34.0 30.0 88.31505 139.93389 62.68658 71.0
30.0 35.0 35.0 147.79234 121.1417 95.65378 714.0
30.0 35.0 30.0 88.31505 139.93389 62.68658 714.0
30.0 41.0 41.0 59.81306 126.04246 122.50349 19.0
30.0 41.0 30.0 88.31505 139.93389 62.68658 19.0
30.0 43.0 43.0 101.70285 137.73067 99.13604 2226.0
30.0 43.0 30.0 88.31505 139.93389 62.68658 2226.0
30.0 45.0 45.0 35.00432 116.34963 28.63706 763.0
30.0 45.0 30.0 88.31505 139.93389 62.68658 763.0
30.0 46.0 46.0 114.46403 130.2573 52.70199 3369.0
30.0 46.0 30.0 88.31505 139.93389 62.68658 3369.0
31.0 1.0 1.0 66.21227 89.22353 7.46657 1.0
31.0 1.0 31.0 121.49755 38.94646 36.02756 1.0
31.0 7.0 7.0 121.64494 13.43542 56.92458 1597.0
31.0 7.0 31.0 121.49755 38.94646 36.02756 1597.0
31.0 8.0 8.0 108.12262 85.98591 38.6528 1965.0
31.0 8.0 31.0 121.49755 38.94646 36.02756 1965.0
31.0 10.0 10.0 97.03174 3.91415 61.10196 385.0
31.0 10.0 31.0 121.49755 38.94646 36.02756 385.0
31.0 11.0 11.0 48.51951 14.09519 56.58056 3.0
31.0 11.0 31.0 121.49755 38.94646 36.02756 3.0
31.0 12.0 12.0 179.8062 86.3859 84.82871 6.0
31.0 12.0 31.0 121.49755 38.94646 36.02756 6.0
31.0 14.0 14.0 128.27345 116.0541 40.26315 4.0
31.0 14.0 31.0 121.49755 38.94646 36.02756 4.0
31.0 15.0 15.0 145.09838 26.54739 64.6847 1348.0
31.0 15.0 31.0 121.49755 38.94646 36.02756 1348.0
31.0 17.0 17.0 122.77926 11.00062 94.57803 6.0
31.0 17.0 31.0 121.49755 38.94646 36.02756 6.0
31.0 18.0 18.0 159.21384 24.84247 93.92206 10.0
31.0 18.0 31.0 121.49755 38.94646 36.02756 10.0
31.0 19.0 19.0 66.41682 15.75695 45.43727 30.0
31.0 19.0 31.0 121.49755 38.94646 36.02756 30.0
31.0 20.0 20.0 85.07354 53.73383 22.31117 2114.0
31.0 20.0 31.0 121.49755 38.94646 36.02756 2114.0
31.0 23.0 23.0 173.48571 43.56539 76.97979 118.0
31.0 23.0 31.0 121.49755 38.94646 36.02756 118.0
31.0 31.0 31.0 121.49755 38.94646 36.02756 11718.0
31.0 31.0 31.0 121.49755 38.94646 36.02756 11718.0
31.0 32.0 32.0 156.97748 89.09957 57.97462 524.0
31.0 32.0 31.0 121.49755 38.94646 36.02756 524.0
31.0 40.0 40.0 83.26126 23.54257 42.42723 1056.0
31.0 40.0 31.0 121.49755 38.94646 36.02756 1056.0
31.0 45.0 45.0 35.00432 116.34963 28.63706 1.0
31.0 45.0 31.0 121.49755 38.94646 36.02756 1.0
32.0 7.0 7.0 121.64494 13.43542 56.92458 4.0
32.0 7.0 32.0 156.97748 89.09957 57.97462 4.0
32.0 8.0 8.0 108.12262 85.98591 38.6528 1598.0
32.0 8.0 32.0 156.97748 89.09957 57.97462 1598.0
32.0 12.0 12.0 179.8062 86.3859 84.82871 1649.0
32.0 12.0 32.0 156.97748 89.09957 57.97462 1649.0
32.0 14.0 14.0 128.27345 116.0541 40.26315 1466.0
32.0 14.0 32.0 156.97748 89.09957 57.97462 1466.0
32.0 15.0 15.0 145.09838 26.54739 64.6847 367.0
32.0 15.0 32.0 156.97748 89.09957 57.97462 367.0
32.0 18.0 18.0 159.21384 24.84247 93.92206 7.0
32.0 18.0 32.0 156.97748 89.09957 57.97462 7.0
32.0 20.0 20.0 85.07354 53.73383 22.31117 11.0
32.0 20.0 32.0 156.97748 89.09957 57.97462 11.0
32.0 23.0 23.0 173.48571 43.56539 76.97979 446.0
32.0 23.0 32.0 156.97748 89.09957 57.97462 446.0
32.0 25.0 25.0 182.83702 63.98197 100.3014 55.0
32.0 25.0 32.0 156.97748 89.09957 57.97462 55.0
32.0 30.0 30.0 88.31505 139.93389 62.68658 4.0
32.0 30.0 32.0 156.97748 89.09957 57.97462 4.0
32.0 31.0 31.0 121.49755 38.94646 36.02756 562.0
32.0 31.0 32.0 156.97748 89.09957 57.97462 562.0
32.0 32.0 32.0 156.97748 89.09957 57.97462 9145.0
32.0 32.0 32.0 156.97748 89.09957 57.97462 9145.0
32.0 35.0 35.0 147.79234 121.1417 95.65378 924.0
32.0 35.0 32.0 156.97748 89.09957 57.97462 924.0
32.0 46.0 46.0 114.46403 130.2573 52.70199 309.0
32.0 46.0 32.0 156.97748 89.09957 57.97462 309.0
32.0 47.0 47.0 164.2053 62.75531 126.10949 1.0
32.0 47.0 32.0 156.97748 89.09957 57.97462 1.0
33.0 0.0 0.0 55.08775 48.87905 141.96068 235.0
33.0 0.0 33.0 97.15034 49.94618 149.23889 235.0
33.0 4.0 4.0 72.05739 108.39822 139.6641 7.0
33.0 4.0 33.0 97.15034 49.94618 149.23889 7.0
33.0 16.0 16.0 37.08677 39.09268 124.69222 4.0
33.0 16.0 33.0 97.15034 49.94618 149.23889 4.0
33.0 17.0 17.0 122.77926 11.00062 94.57803 1.0
33.0 17.0 33.0 97.15034 49.94618 149.23889 1.0
33.0 18.0 18.0 159.21384 24.84247 93.92206 1.0
33.0 18.0 33.0 97.15034 49.94618 149.23889 1.0
33.0 22.0 22.0 25.08686 80.04847 119.45102 2.0
33.0 22.0 33.0 97.15034 49.94618 149.23889 2.0
33.0 24.0 24.0 107.85104 87.22823 149.14797 503.0
33.0 24.0 33.0 97.15034 49.94618 149.23889 503.0
33.0 26.0 26.0 132.10622 45.16974 139.13369 1066.0
33.0 26.0 33.0 97.15034 49.94618 149.23889 1066.0
33.0 28.0 28.0 84.30492 38.96267 143.1544 1571.0
33.0 28.0 33.0 97.15034 49.94618 149.23889 1571.0
33.0 29.0 29.0 122.67523 20.58243 121.18206 193.0
33.0 29.0 33.0 97.15034 49.94618 149.23889 193.0
33.0 33.0 33.0 97.15034 49.94618 149.23889 2653.0
33.0 33.0 33.0 97.15034 49.94618 149.23889 2653.0
33.0 34.0 34.0 127.77246 111.24826 129.59623 2.0
33.0 34.0 33.0 97.15034 49.94618 149.23889 2.0
33.0 36.0 36.0 51.15942 19.48787 119.67416 1.0
33.0 36.0 33.0 97.15034 49.94618 149.23889 1.0
33.0 37.0 37.0 80.1778 11.0465 113.77802 91.0
33.0 37.0 33.0 97.15034 49.94618 149.23889 91.0
33.0 38.0 38.0 88.68981 68.41693 152.61536 1552.0
33.0 38.0 33.0 97.15034 49.94618 149.23889 1552.0
33.0 42.0 42.0 56.61678 85.23842 144.95272 143.0
33.0 42.0 33.0 97.15034 49.94618 149.23889 143.0
33.0 44.0 44.0 70.24354 22.72734 131.35205 107.0
33.0 44.0 33.0 97.15034 49.94618 149.23889 107.0
33.0 47.0 47.0 164.2053 62.75531 126.10949 5.0
33.0 47.0 33.0 97.15034 49.94618 149.23889 5.0
34.0 4.0 4.0 72.05739 108.39822 139.6641 932.0
34.0 4.0 34.0 127.77246 111.24826 129.59623 932.0
34.0 9.0 9.0 78.5676 139.94012 102.59648 620.0
34.0 9.0 34.0 127.77246 111.24826 129.59623 620.0
34.0 12.0 12.0 179.8062 86.3859 84.82871 85.0
34.0 12.0 34.0 127.77246 111.24826 129.59623 85.0
34.0 14.0 14.0 128.27345 116.0541 40.26315 1.0
34.0 14.0 34.0 127.77246 111.24826 129.59623 1.0
34.0 24.0 24.0 107.85104 87.22823 149.14797 2594.0
34.0 24.0 34.0 127.77246 111.24826 129.59623 2594.0
34.0 25.0 25.0 182.83702 63.98197 100.3014 22.0
34.0 25.0 34.0 127.77246 111.24826 129.59623 22.0
34.0 26.0 26.0 132.10622 45.16974 139.13369 297.0
34.0 26.0 34.0 127.77246 111.24826 129.59623 297.0
34.0 30.0 30.0 88.31505 139.93389 62.68658 87.0
34.0 30.0 34.0 127.77246 111.24826 129.59623 87.0
34.0 32.0 32.0 156.97748 89.09957 57.97462 4.0
34.0 32.0 34.0 127.77246 111.24826 129.59623 4.0
34.0 33.0 33.0 97.15034 49.94618 149.23889 6.0
34.0 33.0 34.0 127.77246 111.24826 129.59623 6.0
34.0 34.0 34.0 127.77246 111.24826 129.59623 16922.0
34.0 34.0 34.0 127.77246 111.24826 129.59623 16922.0
34.0 35.0 35.0 147.79234 121.1417 95.65378 2540.0
34.0 35.0 34.0 127.77246 111.24826 129.59623 2540.0
34.0 38.0 38.0 88.68981 68.41693 152.61536 29.0
34.0 38.0 34.0 127.77246 111.24826 129.59623 29.0
34.0 41.0 41.0 59.81306 126.04246 122.50349 401.0
34.0 41.0 34.0 127.77246 111.24826 129.59623 401.0
34.0 42.0 42.0 56.61678 85.23842 144.95272 8.0
34.0 42.0 34.0 127.77246 111.24826 129.59623 8.0
34.0 43.0 43.0 101.70285 137.73067 99.13604 1409.0
34.0 43.0 34.0 127.77246 111.24826 129.59623 1409.0
34.0 46.0 46.0 114.46403 130.2573 52.70199 7.0
34.0 46.0 34.0 127.77246 111.24826 129.59623 7.0
34.0 47.0 47.0 164.2053 62.75531 126.10949 1128.0
34.0 47.0 34.0 127.77246 111.24826 129.59623 1128.0
35.0 8.0 8.0 108.12262 85.98591 38.6528 5.0
35.0 8.0 35.0 147.79234 121.1417 95.65378 5.0
35.0 9.0 9.0 78.5676 139.94012 102.59648 28.0
35.0 9.0 35.0 147.79234 121.1417 95.65378 28.0
35.0 12.0 12.0 179.8062 86.3859 84.82871 1127.0
35.0 12.0 35.0 147.79234 121.1417 95.65378 1127.0
35.0 14.0 14.0 128.27345 116.0541 40.26315 310.0
35.0 14.0 35.0 147.79234 121.1417 95.65378 310.0
35.0 24.0 24.0 107.85104 87.22823 149.14797 3.0
35.0 24.0 35.0 147.79234 121.1417 95.65378 3.0
35.0 25.0 25.0 182.83702 63.98197 100.3014 81.0
35.0 25.0 35.0 147.79234 121.1417 95.65378 81.0
35.0 26.0 26.0 132.10622 45.16974 139.13369 1.0
35.0 26.0 35.0 147.79234 121.1417 95.65378 1.0
35.0 28.0 28.0 84.30492 38.96267 143.1544 1.0
35.0 28.0 35.0 147.79234 121.1417 95.65378 1.0
35.0 30.0 30.0 88.31505 139.93389 62.68658 744.0
35.0 30.0 35.0 147.79234 121.1417 95.65378 744.0
35.0 32.0 32.0 156.97748 89.09957 57.97462 887.0
35.0 32.0 35.0 147.79234 121.1417 95.65378 887.0
35.0 34.0 34.0 127.77246 111.24826 129.59623 2657.0
35.0 34.0 35.0 147.79234 121.1417 95.65378 2657.0
35.0 35.0 35.0 147.79234 121.1417 95.65378 11275.0
35.0 35.0 35.0 147.79234 121.1417 95.65378 11275.0
35.0 41.0 41.0 59.81306 126.04246 122.50349 2.0
35.0 41.0 35.0 147.79234 121.1417 95.65378 2.0
35.0 43.0 43.0 101.70285 137.73067 99.13604 891.0
35.0 43.0 35.0 147.79234 121.1417 95.65378 891.0
35.0 46.0 46.0 114.46403 130.2573 52.70199 1163.0
35.0 46.0 35.0 147.79234 121.1417 95.65378 1163.0
35.0 47.0 47.0 164.2053 62.75531 126.10949 330.0
35.0 47.0 35.0 147.79234 121.1417 95.65378 330.0
36.0 0.0 0.0 55.08775 48.87905 141.96068 481.0
36.0 0.0 36.0 51.15942 19.48787 119.67416 481.0
36.0 2.0 2.0 27.38152 25.34845 87.70909 519.0
36.0 2.0 36.0 51.15942 19.48787 119.67416 519.0
36.0 3.0 3.0 83.10277 3.82376 87.99054 160.0
36.0 3.0 36.0 51.15942 19.48787 119.67416 160.0
36.0 11.0 11.0 48.51951 14.09519 56.58056 68.0
36.0 11.0 36.0 51.15942 19.48787 119.67416 68.0
36.0 13.0 13.0 21.75947 31.17747 56.47209 2.0
36.0 13.0 36.0 51.15942 19.48787 119.67416 2.0
36.0 16.0 16.0 37.08677 39.09268 124.69222 968.0
36.0 16.0 36.0 51.15942 19.48787 119.67416 968.0
36.0 22.0 22.0 25.08686 80.04847 119.45102 8.0
36.0 22.0 36.0 51.15942 19.48787 119.67416 8.0
36.0 27.0 27.0 18.7303 45.33013 103.73607 100.0
36.0 27.0 36.0 51.15942 19.48787 119.67416 100.0
36.0 28.0 28.0 84.30492 38.96267 143.1544 86.0
36.0 28.0 36.0 51.15942 19.48787 119.67416 86.0
36.0 29.0 29.0 122.67523 20.58243 121.18206 1.0
36.0 29.0 36.0 51.15942 19.48787 119.67416 1.0
36.0 33.0 33.0 97.15034 49.94618 149.23889 4.0
36.0 33.0 36.0 51.15942 19.48787 119.67416 4.0
36.0 36.0 36.0 51.15942 19.48787 119.67416 1513.0
36.0 36.0 36.0 51.15942 19.48787 119.67416 1513.0
36.0 37.0 37.0 80.1778 11.0465 113.77802 904.0
36.0 37.0 36.0 51.15942 19.48787 119.67416 904.0
36.0 42.0 42.0 56.61678 85.23842 144.95272 2.0
36.0 42.0 36.0 51.15942 19.48787 119.67416 2.0
36.0 44.0 44.0 70.24354 22.72734 131.35205 797.0
36.0 44.0 36.0 51.15942 19.48787 119.67416 797.0
37.0 0.0 0.0 55.08775 48.87905 141.96068 81.0
37.0 0.0 37.0 80.1778 11.0465 113.77802 81.0
37.0 2.0 2.0 27.38152 25.34845 87.70909 390.0
37.0 2.0 37.0 80.1778 11.0465 113.77802 390.0
37.0 3.0 3.0 83.10277 3.82376 87.99054 2536.0
37.0 3.0 37.0 80.1778 11.0465 113.77802 2536.0
37.0 7.0 7.0 121.64494 13.43542 56.92458 3.0
37.0 7.0 37.0 80.1778 11.0465 113.77802 3.0
37.0 10.0 10.0 97.03174 3.91415 61.10196 45.0
37.0 10.0 37.0 80.1778 11.0465 113.77802 45.0
37.0 11.0 11.0 48.51951 14.09519 56.58056 269.0
37.0 11.0 37.0 80.1778 11.0465 113.77802 269.0
37.0 13.0 13.0 21.75947 31.17747 56.47209 2.0
37.0 13.0 37.0 80.1778 11.0465 113.77802 2.0
37.0 16.0 16.0 37.08677 39.09268 124.69222 168.0
37.0 16.0 37.0 80.1778 11.0465 113.77802 168.0
37.0 17.0 17.0 122.77926 11.00062 94.57803 492.0
37.0 17.0 37.0 80.1778 11.0465 113.77802 492.0
37.0 18.0 18.0 159.21384 24.84247 93.92206 2.0
37.0 18.0 37.0 80.1778 11.0465 113.77802 2.0
37.0 19.0 19.0 66.41682 15.75695 45.43727 18.0
37.0 19.0 37.0 80.1778 11.0465 113.77802 18.0
37.0 26.0 26.0 132.10622 45.16974 139.13369 104.0
37.0 26.0 37.0 80.1778 11.0465 113.77802 104.0
37.0 27.0 27.0 18.7303 45.33013 103.73607 18.0
37.0 27.0 37.0 80.1778 11.0465 113.77802 18.0
37.0 28.0 28.0 84.30492 38.96267 143.1544 747.0
37.0 28.0 37.0 80.1778 11.0465 113.77802 747.0
37.0 29.0 29.0 122.67523 20.58243 121.18206 1106.0
37.0 29.0 37.0 80.1778 11.0465 113.77802 1106.0
37.0 33.0 33.0 97.15034 49.94618 149.23889 102.0
37.0 33.0 37.0 80.1778 11.0465 113.77802 102.0
37.0 36.0 36.0 51.15942 19.48787 119.67416 888.0
37.0 36.0 37.0 80.1778 11.0465 113.77802 888.0
37.0 37.0 37.0 80.1778 11.0465 113.77802 8029.0
37.0 37.0 37.0 80.1778 11.0465 113.77802 8029.0
37.0 38.0 38.0 88.68981 68.41693 152.61536 1.0
37.0 38.0 37.0 80.1778 11.0465 113.77802 1.0
37.0 40.0 40.0 83.26126 23.54257 42.42723 1.0
37.0 40.0 37.0 80.1778 11.0465 113.77802 1.0
37.0 44.0 44.0 70.24354 22.72734 131.35205 1452.0
37.0 44.0 37.0 80.1778 11.0465 113.77802 1452.0
38.0 0.0 0.0 55.08775 48.87905 141.96068 427.0
38.0 0.0 38.0 88.68981 68.41693 152.61536 427.0
38.0 2.0 2.0 27.38152 25.34845 87.70909 1.0
38.0 2.0 38.0 88.68981 68.41693 152.61536 1.0
38.0 4.0 4.0 72.05739 108.39822 139.6641 217.0
38.0 4.0 38.0 88.68981 68.41693 152.61536 217.0
38.0 16.0 16.0 37.08677 39.09268 124.69222 11.0
38.0 16.0 38.0 88.68981 68.41693 152.61536 11.0
38.0 22.0 22.0 25.08686 80.04847 119.45102 22.0
38.0 22.0 38.0 88.68981 68.41693 152.61536 22.0
38.0 24.0 24.0 107.85104 87.22823 149.14797 1958.0
38.0 24.0 38.0 88.68981 68.41693 152.61536 1958.0
38.0 26.0 26.0 132.10622 45.16974 139.13369 390.0
38.0 26.0 38.0 88.68981 68.41693 152.61536 390.0
38.0 28.0 28.0 84.30492 38.96267 143.1544 595.0
38.0 28.0 38.0 88.68981 68.41693 152.61536 595.0
38.0 29.0 29.0 122.67523 20.58243 121.18206 5.0
38.0 29.0 38.0 88.68981 68.41693 152.61536 5.0
38.0 33.0 33.0 97.15034 49.94618 149.23889 1495.0
38.0 33.0 38.0 88.68981 68.41693 152.61536 1495.0
38.0 34.0 34.0 127.77246 111.24826 129.59623 32.0
38.0 34.0 38.0 88.68981 68.41693 152.61536 32.0
38.0 36.0 36.0 51.15942 19.48787 119.67416 3.0
38.0 36.0 38.0 88.68981 68.41693 152.61536 3.0
38.0 37.0 37.0 80.1778 11.0465 113.77802 1.0
38.0 37.0 38.0 88.68981 68.41693 152.61536 1.0
38.0 38.0 38.0 88.68981 68.41693 152.61536 3157.0
38.0 38.0 38.0 88.68981 68.41693 152.61536 3157.0
38.0 41.0 41.0 59.81306 126.04246 122.50349 3.0
38.0 41.0 38.0 88.68981 68.41693 152.61536 3.0
38.0 42.0 42.0 56.61678 85.23842 144.95272 1096.0
38.0 42.0 38.0 88.68981 68.41693 152.61536 1096.0
38.0 44.0 44.0 70.24354 22.72734 131.35205 9.0
38.0 44.0 38.0 88.68981 68.41693 152.61536 9.0
38.0 47.0 47.0 164.2053 62.75531 126.10949 5.0
38.0 47.0 38.0 88.68981 68.41693 152.61536 5.0
39.0 1.0 1.0 66.21227 89.22353 7.46657 285.0
39.0 1.0 39.0 21.79147 50.16449 32.79563 285.0
39.0 2.0 2.0 27.38152 25.34845 87.70909 147.0
39.0 2.0 39.0 21.79147 50.16449 32.79563 147.0
39.0 5.0 5.0 36.13928 130.01738 82.24353 3.0
39.0 5.0 39.0 21.79147 50.16449 32.79563 3.0
39.0 6.0 6.0 5.47476 84.77458 74.40487 1403.0
39.0 6.0 39.0 21.79147 50.16449 32.79563 1403.0
39.0 8.0 8.0 108.12262 85.98591 38.6528 1.0
39.0 8.0 39.0 21.79147 50.16449 32.79563 1.0
39.0 11.0 11.0 48.51951 14.09519 56.58056 897.0
39.0 11.0 39.0 21.79147 50.16449 32.79563 897.0
39.0 13.0 13.0 21.75947 31.17747 56.47209 1843.0
39.0 13.0 39.0 21.79147 50.16449 32.79563 1843.0
39.0 19.0 19.0 66.41682 15.75695 45.43727 240.0
39.0 19.0 39.0 21.79147 50.16449 32.79563 240.0
39.0 20.0 20.0 85.07354 53.73383 22.31117 499.0
39.0 20.0 39.0 21.79147 50.16449 32.79563 499.0
39.0 21.0 21.0 28.27843 78.10386 19.29555 2187.0
39.0 21.0 39.0 21.79147 50.16449 32.79563 2187.0
39.0 22.0 22.0 25.08686 80.04847 119.45102 1.0
39.0 22.0 39.0 21.79147 50.16449 32.79563 1.0
39.0 27.0 27.0 18.7303 45.33013 103.73607 16.0
39.0 27.0 39.0 21.79147 50.16449 32.79563 16.0
39.0 39.0 39.0 21.79147 50.16449 32.79563 9882.0
39.0 39.0 39.0 21.79147 50.16449 32.79563 9882.0
39.0 40.0 40.0 83.26126 23.54257 42.42723 26.0
39.0 40.0 39.0 21.79147 50.16449 32.79563 26.0
39.0 45.0 45.0 35.00432 116.34963 28.63706 69.0
39.0 45.0 39.0 21.79147 50.16449 32.79563 69.0
40.0 1.0 1.0 66.21227 89.22353 7.46657 10.0
40.0 1.0 40.0 83.26126 23.54257 42.42723 10.0
40.0 3.0 3.0 83.10277 3.82376 87.99054 118.0
40.0 3.0 40.0 83.26126 23.54257 42.42723 118.0
40.0 7.0 7.0 121.64494 13.43542 56.92458 272.0
40.0 7.0 40.0 83.26126 23.54257 42.42723 272.0
40.0 8.0 8.0 108.12262 85.98591 38.6528 23.0
40.0 8.0 40.0 83.26126 23.54257 42.42723 23.0
40.0 10.0 10.0 97.03174 3.91415 61.10196 1216.0
40.0 10.0 40.0 83.26126 23.54257 42.42723 1216.0
40.0 11.0 11.0 48.51951 14.09519 56.58056 453.0
40.0 11.0 40.0 83.26126 23.54257 42.42723 453.0
40.0 13.0 13.0 21.75947 31.17747 56.47209 3.0
40.0 13.0 40.0 83.26126 23.54257 42.42723 3.0
40.0 15.0 15.0 145.09838 26.54739 64.6847 4.0
40.0 15.0 40.0 83.26126 23.54257 42.42723 4.0
40.0 17.0 17.0 122.77926 11.00062 94.57803 2.0
40.0 17.0 40.0 83.26126 23.54257 42.42723 2.0
40.0 19.0 19.0 66.41682 15.75695 45.43727 1460.0
40.0 19.0 40.0 83.26126 23.54257 42.42723 1460.0
40.0 20.0 20.0 85.07354 53.73383 22.31117 1726.0
40.0 20.0 40.0 83.26126 23.54257 42.42723 1726.0
40.0 21.0 21.0 28.27843 78.10386 19.29555 6.0
40.0 21.0 40.0 83.26126 23.54257 42.42723 6.0
40.0 31.0 31.0 121.49755 38.94646 36.02756 1085.0
40.0 31.0 40.0 83.26126 23.54257 42.42723 1085.0
40.0 37.0 37.0 80.1778 11.0465 113.77802 4.0
40.0 37.0 40.0 83.26126 23.54257 42.42723 4.0
40.0 39.0 39.0 21.79147 50.16449 32.79563 35.0
40.0 39.0 40.0 83.26126 23.54257 42.42723 35.0
40.0 40.0 40.0 83.26126 23.54257 42.42723 4443.0
40.0 40.0 40.0 83.26126 23.54257 42.42723 4443.0
41.0 0.0 0.0 55.08775 48.87905 141.96068 2.0
41.0 0.0 41.0 59.81306 126.04246 122.50349 2.0
41.0 4.0 4.0 72.05739 108.39822 139.6641 2723.0
41.0 4.0 41.0 59.81306 126.04246 122.50349 2723.0
41.0 5.0 5.0 36.13928 130.01738 82.24353 2221.0
41.0 5.0 41.0 59.81306 126.04246 122.50349 2221.0
41.0 6.0 6.0 5.47476 84.77458 74.40487 18.0
41.0 6.0 41.0 59.81306 126.04246 122.50349 18.0
41.0 9.0 9.0 78.5676 139.94012 102.59648 2085.0
41.0 9.0 41.0 59.81306 126.04246 122.50349 2085.0
41.0 13.0 13.0 21.75947 31.17747 56.47209 1.0
41.0 13.0 41.0 59.81306 126.04246 122.50349 1.0
41.0 22.0 22.0 25.08686 80.04847 119.45102 682.0
41.0 22.0 41.0 59.81306 126.04246 122.50349 682.0
41.0 24.0 24.0 107.85104 87.22823 149.14797 78.0
41.0 24.0 41.0 59.81306 126.04246 122.50349 78.0
41.0 28.0 28.0 84.30492 38.96267 143.1544 1.0
41.0 28.0 41.0 59.81306 126.04246 122.50349 1.0
41.0 30.0 30.0 88.31505 139.93389 62.68658 30.0
41.0 30.0 41.0 59.81306 126.04246 122.50349 30.0
41.0 34.0 34.0 127.77246 111.24826 129.59623 407.0
41.0 34.0 41.0 59.81306 126.04246 122.50349 407.0
41.0 35.0 35.0 147.79234 121.1417 95.65378 1.0
41.0 35.0 41.0 59.81306 126.04246 122.50349 1.0
41.0 38.0 38.0 88.68981 68.41693 152.61536 1.0
41.0 38.0 41.0 59.81306 126.04246 122.50349 1.0
41.0 41.0 41.0 59.81306 126.04246 122.50349 9169.0
41.0 41.0 41.0 59.81306 126.04246 122.50349 9169.0
41.0 42.0 42.0 56.61678 85.23842 144.95272 375.0
41.0 42.0 41.0 59.81306 126.04246 122.50349 375.0
41.0 43.0 43.0 101.70285 137.73067 99.13604 326.0
41.0 43.0 41.0 59.81306 126.04246 122.50349 326.0
42.0 0.0 0.0 55.08775 48.87905 141.96068 879.0
42.0 0.0 42.0 56.61678 85.23842 144.95272 879.0
42.0 4.0 4.0 72.05739 108.39822 139.6641 2133.0
42.0 4.0 42.0 56.61678 85.23842 144.95272 2133.0
42.0 5.0 5.0 36.13928 130.01738 82.24353 40.0
42.0 5.0 42.0 56.61678 85.23842 144.95272 40.0
42.0 16.0 16.0 37.08677 39.09268 124.69222 149.0
42.0 16.0 42.0 56.61678 85.23842 144.95272 149.0
42.0 22.0 22.0 25.08686 80.04847 119.45102 1627.0
42.0 22.0 42.0 56.61678 85.23842 144.95272 1627.0
42.0 24.0 24.0 107.85104 87.22823 149.14797 504.0
42.0 24.0 42.0 56.61678 85.23842 144.95272 504.0
42.0 27.0 27.0 18.7303 45.33013 103.73607 1.0
42.0 27.0 42.0 56.61678 85.23842 144.95272 1.0
42.0 28.0 28.0 84.30492 38.96267 143.1544 207.0
42.0 28.0 42.0 56.61678 85.23842 144.95272 207.0
42.0 33.0 33.0 97.15034 49.94618 149.23889 133.0
42.0 33.0 42.0 56.61678 85.23842 144.95272 133.0
42.0 34.0 34.0 127.77246 111.24826 129.59623 6.0
42.0 34.0 42.0 56.61678 85.23842 144.95272 6.0
42.0 36.0 36.0 51.15942 19.48787 119.67416 2.0
42.0 36.0 42.0 56.61678 85.23842 144.95272 2.0
42.0 38.0 38.0 88.68981 68.41693 152.61536 1106.0
42.0 38.0 42.0 56.61678 85.23842 144.95272 1106.0
42.0 41.0 41.0 59.81306 126.04246 122.50349 406.0
42.0 41.0 42.0 56.61678 85.23842 144.95272 406.0
42.0 42.0 42.0 56.61678 85.23842 144.95272 5728.0
42.0 42.0 42.0 56.61678 85.23842 144.95272 5728.0
42.0 44.0 44.0 70.24354 22.72734 131.35205 1.0
42.0 44.0 42.0 56.61678 85.23842 144.95272 1.0
43.0 4.0 4.0 72.05739 108.39822 139.6641 76.0
43.0 4.0 43.0 101.70285 137.73067 99.13604 76.0
43.0 5.0 5.0 36.13928 130.01738 82.24353 56.0
43.0 5.0 43.0 101.70285 137.73067 99.13604 56.0
43.0 9.0 9.0 78.5676 139.94012 102.59648 2072.0
43.0 9.0 43.0 101.70285 137.73067 99.13604 2072.0
43.0 24.0 24.0 107.85104 87.22823 149.14797 7.0
43.0 24.0 43.0 101.70285 137.73067 99.13604 7.0
43.0 30.0 30.0 88.31505 139.93389 62.68658 2091.0
43.0 30.0 43.0 101.70285 137.73067 99.13604 2091.0
43.0 34.0 34.0 127.77246 111.24826 129.59623 1388.0
43.0 34.0 43.0 101.70285 137.73067 99.13604 1388.0
43.0 35.0 35.0 147.79234 121.1417 95.65378 841.0
43.0 35.0 43.0 101.70285 137.73067 99.13604 841.0
43.0 37.0 37.0 80.1778 11.0465 113.77802 1.0
43.0 37.0 43.0 101.70285 137.73067 99.13604 1.0
43.0 41.0 41.0 59.81306 126.04246 122.50349 269.0
43.0 41.0 43.0 101.70285 137.73067 99.13604 269.0
43.0 43.0 43.0 101.70285 137.73067 99.13604 4750.0
43.0 43.0 43.0 101.70285 137.73067 99.13604 4750.0
43.0 45.0 45.0 35.00432 116.34963 28.63706 1.0
43.0 45.0 43.0 101.70285 137.73067 99.13604 1.0
43.0 46.0 46.0 114.46403 130.2573 52.70199 158.0
43.0 46.0 43.0 101.70285 137.73067 99.13604 158.0
44.0 0.0 0.0 55.08775 48.87905 141.96068 628.0
44.0 0.0 44.0 70.24354 22.72734 131.35205 628.0
44.0 2.0 2.0 27.38152 25.34845 87.70909 40.0
44.0 2.0 44.0 70.24354 22.72734 131.35205 40.0
44.0 3.0 3.0 83.10277 3.82376 87.99054 63.0
44.0 3.0 44.0 70.24354 22.72734 131.35205 63.0
44.0 6.0 6.0 5.47476 84.77458 74.40487 1.0
44.0 6.0 44.0 70.24354 22.72734 131.35205 1.0
44.0 11.0 11.0 48.51951 14.09519 56.58056 2.0
44.0 11.0 44.0 70.24354 22.72734 131.35205 2.0
44.0 16.0 16.0 37.08677 39.09268 124.69222 240.0
44.0 16.0 44.0 70.24354 22.72734 131.35205 240.0
44.0 17.0 17.0 122.77926 11.00062 94.57803 6.0
44.0 17.0 44.0 70.24354 22.72734 131.35205 6.0
44.0 22.0 22.0 25.08686 80.04847 119.45102 4.0
44.0 22.0 44.0 70.24354 22.72734 131.35205 4.0
44.0 26.0 26.0 132.10622 45.16974 139.13369 16.0
44.0 26.0 44.0 70.24354 22.72734 131.35205 16.0
44.0 27.0 27.0 18.7303 45.33013 103.73607 4.0
44.0 27.0 44.0 70.24354 22.72734 131.35205 4.0
44.0 28.0 28.0 84.30492 38.96267 143.1544 884.0
44.0 28.0 44.0 70.24354 22.72734 131.35205 884.0
44.0 29.0 29.0 122.67523 20.58243 121.18206 81.0
44.0 29.0 44.0 70.24354 22.72734 131.35205 81.0
44.0 33.0 33.0 97.15034 49.94618 149.23889 100.0
44.0 33.0 44.0 70.24354 22.72734 131.35205 100.0
44.0 36.0 36.0 51.15942 19.48787 119.67416 762.0
44.0 36.0 44.0 70.24354 22.72734 131.35205 762.0
44.0 37.0 37.0 80.1778 11.0465 113.77802 1485.0
44.0 37.0 44.0 70.24354 22.72734 131.35205 1485.0
44.0 38.0 38.0 88.68981 68.41693 152.61536 20.0
44.0 38.0 44.0 70.24354 22.72734 131.35205 20.0
44.0 41.0 41.0 59.81306 126.04246 122.50349 1.0
44.0 41.0 44.0 70.24354 22.72734 131.35205 1.0
44.0 42.0 42.0 56.61678 85.23842 144.95272 1.0
44.0 42.0 44.0 70.24354 22.72734 131.35205 1.0
44.0 44.0 44.0 70.24354 22.72734 131.35205 1826.0
44.0 44.0 44.0 70.24354 22.72734 131.35205 1826.0
45.0 1.0 1.0 66.21227 89.22353 7.46657 1856.0
45.0 1.0 45.0 35.00432 116.34963 28.63706 1856.0
45.0 5.0 5.0 36.13928 130.01738 82.24353 2052.0
45.0 5.0 45.0 35.00432 116.34963 28.63706 2052.0
45.0 6.0 6.0 5.47476 84.77458 74.40487 997.0
45.0 6.0 45.0 35.00432 116.34963 28.63706 997.0
45.0 8.0 8.0 108.12262 85.98591 38.6528 126.0
45.0 8.0 45.0 35.00432 116.34963 28.63706 126.0
45.0 9.0 9.0 78.5676 139.94012 102.59648 2.0
45.0 9.0 45.0 35.00432 116.34963 28.63706 2.0
45.0 14.0 14.0 128.27345 116.0541 40.26315 5.0
45.0 14.0 45.0 35.00432 116.34963 28.63706 5.0
45.0 20.0 20.0 85.07354 53.73383 22.31117 1.0
45.0 20.0 45.0 35.00432 116.34963 28.63706 1.0
45.0 21.0 21.0 28.27843 78.10386 19.29555 1853.0
45.0 21.0 45.0 35.00432 116.34963 28.63706 1853.0
45.0 22.0 22.0 25.08686 80.04847 119.45102 1.0
45.0 22.0 45.0 35.00432 116.34963 28.63706 1.0
45.0 30.0 30.0 88.31505 139.93389 62.68658 822.0
45.0 30.0 45.0 35.00432 116.34963 28.63706 822.0
45.0 39.0 39.0 21.79147 50.16449 32.79563 65.0
45.0 39.0 45.0 35.00432 116.34963 28.63706 65.0
45.0 45.0 45.0 35.00432 116.34963 28.63706 13292.0
45.0 45.0 45.0 35.00432 116.34963 28.63706 13292.0
45.0 46.0 46.0 114.46403 130.2573 52.70199 53.0
45.0 46.0 45.0 35.00432 116.34963 28.63706 53.0
46.0 1.0 1.0 66.21227 89.22353 7.46657 132.0
46.0 1.0 46.0 114.46403 130.2573 52.70199 132.0
46.0 5.0 5.0 36.13928 130.01738 82.24353 10.0
46.0 5.0 46.0 114.46403 130.2573 52.70199 10.0
46.0 8.0 8.0 108.12262 85.98591 38.6528 1103.0
46.0 8.0 46.0 114.46403 130.2573 52.70199 1103.0
46.0 9.0 9.0 78.5676 139.94012 102.59648 8.0
46.0 9.0 46.0 114.46403 130.2573 52.70199 8.0
46.0 12.0 12.0 179.8062 86.3859 84.82871 4.0
46.0 12.0 46.0 114.46403 130.2573 52.70199 4.0
46.0 14.0 14.0 128.27345 116.0541 40.26315 2779.0
46.0 14.0 46.0 114.46403 130.2573 52.70199 2779.0
46.0 20.0 20.0 85.07354 53.73383 22.31117 3.0
46.0 20.0 46.0 114.46403 130.2573 52.70199 3.0
46.0 30.0 30.0 88.31505 139.93389 62.68658 3424.0
46.0 30.0 46.0 114.46403 130.2573 52.70199 3424.0
46.0 31.0 31.0 121.49755 38.94646 36.02756 1.0
46.0 31.0 46.0 114.46403 130.2573 52.70199 1.0
46.0 32.0 32.0 156.97748 89.09957 57.97462 279.0
46.0 32.0 46.0 114.46403 130.2573 52.70199 279.0
46.0 34.0 34.0 127.77246 111.24826 129.59623 14.0
46.0 34.0 46.0 114.46403 130.2573 52.70199 14.0
46.0 35.0 35.0 147.79234 121.1417 95.65378 1081.0
46.0 35.0 46.0 114.46403 130.2573 52.70199 1081.0
46.0 43.0 43.0 101.70285 137.73067 99.13604 152.0
46.0 43.0 46.0 114.46403 130.2573 52.70199 152.0
46.0 45.0 45.0 35.00432 116.34963 28.63706 44.0
46.0 45.0 46.0 114.46403 130.2573 52.70199 44.0
46.0 46.0 46.0 114.46403 130.2573 52.70199 6942.0
46.0 46.0 46.0 114.46403 130.2573 52.70199 6942.0
47.0 12.0 12.0 179.8062 86.3859 84.82871 388.0
47.0 12.0 47.0 164.2053 62.75531 126.10949 388.0
47.0 15.0 15.0 145.09838 26.54739 64.6847 6.0
47.0 15.0 47.0 164.2053 62.75531 126.10949 6.0
47.0 17.0 17.0 122.77926 11.00062 94.57803 16.0
47.0 17.0 47.0 164.2053 62.75531 126.10949 16.0
47.0 18.0 18.0 159.21384 24.84247 93.92206 628.0
47.0 18.0 47.0 164.2053 62.75531 126.10949 628.0
47.0 23.0 23.0 173.48571 43.56539 76.97979 345.0
47.0 23.0 47.0 164.2053 62.75531 126.10949 345.0
47.0 24.0 24.0 107.85104 87.22823 149.14797 218.0
47.0 24.0 47.0 164.2053 62.75531 126.10949 218.0
47.0 25.0 25.0 182.83702 63.98197 100.3014 1187.0
47.0 25.0 47.0 164.2053 62.75531 126.10949 1187.0
47.0 26.0 26.0 132.10622 45.16974 139.13369 1836.0
47.0 26.0 47.0 164.2053 62.75531 126.10949 1836.0
47.0 29.0 29.0 122.67523 20.58243 121.18206 257.0
47.0 29.0 47.0 164.2053 62.75531 126.10949 257.0
47.0 32.0 32.0 156.97748 89.09957 57.97462 4.0
47.0 32.0 47.0 164.2053 62.75531 126.10949 4.0
47.0 33.0 33.0 97.15034 49.94618 149.23889 5.0
47.0 33.0 47.0 164.2053 62.75531 126.10949 5.0
47.0 34.0 34.0 127.77246 111.24826 129.59623 1258.0
47.0 34.0 47.0 164.2053 62.75531 126.10949 1258.0
47.0 35.0 35.0 147.79234 121.1417 95.65378 346.0
47.0 35.0 47.0 164.2053 62.75531 126.10949 346.0
47.0 37.0 37.0 80.1778 11.0465 113.77802 1.0
47.0 37.0 47.0 164.2053 62.75531 126.10949 1.0
47.0 38.0 38.0 88.68981 68.41693 152.61536 4.0
47.0 38.0 47.0 164.2053 62.75531 126.10949 4.0
47.0 47.0 47.0 164.2053 62.75531 126.10949 8754.0
47.0 47.0 47.0 164.2053 62.75531 126.10949 8754.0
