TargetArea SourceArea Area AvgPosX AvgPosY AvgPosZ SumWeights
0.0 0.0 0.0 55.1051 48.87491 141.96648 3813.0
0.0 0.0 0.0 55.1051 48.87491 141.96648 3813.0
0.0 2.0 2.0 27.42087 25.30921 87.72143 10.0
0.0 2.0 0.0 55.1051 48.87491 141.96648 10.0
0.0 4.0 4.0 72.1291 108.4066 139.67402 12.0
0.0 4.0 0.0 55.1051 48.87491 141.96648 12.0
0.0 16.0 16.0 37.10121 39.08055 124.69934 1412.0
0.0 16.0 0.0 55.1051 48.87491 141.96648 1412.0
0.0 22.0 22.0 25.09325 80.01105 119.46541 542.0
0.0 22.0 0.0 55.1051 48.87491 141.96648 542.0
0.0 24.0 24.0 107.86124 87.21897 149.14985 16.0
0.0 24.0 0.0 55.1051 48.87491 141.96648 16.0
0.0 27.0 27.0 18.74468 45.32366 103.75228 32.0
0.0 27.0 0.0 55.1051 48.87491 141.96648 32.0
0.0 28.0 28.0 84.3645 38.91343 143.13033 1160.0
0.0 28.0 0.0 55.1051 48.87491 141.96648 1160.0
0.0 29.0 29.0 122.68672 20.57279 121.16187 1.0
0.0 29.0 0.0 55.1051 48.87491 141.96648 1.0
0.0 33.0 33.0 97.1992 49.93189 149.23229 274.0
0.0 33.0 0.0 55.1051 48.87491 141.96648 274.0
0.0 36.0 36.0 51.17367 19.50778 119.70943 466.0
0.0 36.0 0.0 55.1051 48.87491 141.96648 466.0
0.0 37.0 37.0 80.22218 11.0534 113.80099 90.0
0.0 37.0 0.0 55.1051 48.87491 141.96648 90.0
0.0 38.0 38.0 88.74255 68.40984 152.61296 414.0
0.0 38.0 0.0 55.1051 48.87491 141.96648 414.0
0.0 41.0 41.0 59.91805 126.09685 122.49652 3.0
0.0 41.0 0.0 55.1051 48.87491 141.96648 3.0
0.0 42.0 42.0 56.64818 85.22069 144.96884 909.0
0.0 42.0 0.0 55.1051 48.87491 141.96648 909.0
0.0 44.0 44.0 70.2498 22.71923 131.34559 606.0
0.0 44.0 0.0 55.1051 48.87491 141.96648 606.0
1.0 1.0 1.0 66.22648 89.14981 7.43788 12260.0
1.0 1.0 1.0 66.22648 89.14981 7.43788 12260.0
1.0 6.0 6.0 5.46193 84.69487 74.39057 1.0
1.0 6.0 1.0 66.22648 89.14981 7.43788 1.0
1.0 8.0 8.0 89.79425 90.71919 30.41946 110.0
1.0 8.0 1.0 66.22648 89.14981 7.43788 110.0
1.0 11.0 11.0 48.54159 14.10377 56.51722 23.0
1.0 11.0 1.0 66.22648 89.14981 7.43788 23.0
1.0 13.0 13.0 21.78618 31.15484 56.44481 1.0
1.0 13.0 1.0 66.22648 89.14981 7.43788 1.0
1.0 14.0 14.0 128.5003 116.08909 40.41728 87.0
1.0 14.0 1.0 66.22648 89.14981 7.43788 87.0
1.0 19.0 19.0 66.40491 15.79482 45.37671 21.0
1.0 19.0 1.0 66.22648 89.14981 7.43788 21.0
1.0 20.0 20.0 85.04264 53.69796 22.29932 2414.0
1.0 20.0 1.0 66.22648 89.14981 7.43788 2414.0
1.0 21.0 21.0 28.32345 78.07842 19.25889 1405.0
1.0 21.0 1.0 66.22648 89.14981 7.43788 1405.0
1.0 30.0 30.0 88.53302 139.92545 62.78831 451.0
1.0 30.0 1.0 66.22648 89.14981 7.43788 451.0
1.0 31.0 31.0 121.51987 38.88349 36.01079 3.0
1.0 31.0 1.0 66.22648 89.14981 7.43788 3.0
1.0 39.0 39.0 21.84949 50.12985 32.73513 282.0
1.0 39.0 1.0 66.22648 89.14981 7.43788 282.0
1.0 40.0 40.0 83.27061 23.52291 42.43613 19.0
1.0 40.0 1.0 66.22648 89.14981 7.43788 19.0
1.0 45.0 45.0 35.07472 116.28977 28.47604 1855.0
1.0 45.0 1.0 66.22648 89.14981 7.43788 1855.0
1.0 46.0 46.0 114.65497 130.2797 52.82802 213.0
1.0 46.0 1.0 66.22648 89.14981 7.43788 213.0
2.0 0.0 0.0 55.1051 48.87491 141.96648 10.0
2.0 0.0 2.0 27.42087 25.30921 87.72143 10.0
2.0 2.0 2.0 27.42087 25.30921 87.72143 6659.0
2.0 2.0 2.0 27.42087 25.30921 87.72143 6659.0
2.0 3.0 3.0 83.16354 3.83041 88.02609 332.0
2.0 3.0 2.0 27.42087 25.30921 87.72143 332.0
2.0 6.0 6.0 5.46193 84.69487 74.39057 457.0
2.0 6.0 2.0 27.42087 25.30921 87.72143 457.0
2.0 11.0 11.0 48.54159 14.10377 56.51722 1356.0
2.0 11.0 2.0 27.42087 25.30921 87.72143 1356.0
2.0 13.0 13.0 21.78618 31.15484 56.44481 1404.0
2.0 13.0 2.0 27.42087 25.30921 87.72143 1404.0
2.0 16.0 16.0 37.10121 39.08055 124.69934 716.0
2.0 16.0 2.0 27.42087 25.30921 87.72143 716.0
2.0 19.0 19.0 66.40491 15.79482 45.37671 10.0
2.0 19.0 2.0 27.42087 25.30921 87.72143 10.0
2.0 20.0 20.0 85.04264 53.69796 22.29932 1.0
2.0 20.0 2.0 27.42087 25.30921 87.72143 1.0
2.0 22.0 22.0 25.09325 80.01105 119.46541 84.0
2.0 22.0 2.0 27.42087 25.30921 87.72143 84.0
2.0 27.0 27.0 18.74468 45.32366 103.75228 1636.0
2.0 27.0 2.0 27.42087 25.30921 87.72143 1636.0
2.0 28.0 28.0 84.3645 38.91343 143.13033 1.0
2.0 28.0 2.0 27.42087 25.30921 87.72143 1.0
2.0 36.0 36.0 51.17367 19.50778 119.70943 527.0
2.0 36.0 2.0 27.42087 25.30921 87.72143 527.0
2.0 37.0 37.0 80.22218 11.0534 113.80099 470.0
2.0 37.0 2.0 27.42087 25.30921 87.72143 470.0
2.0 39.0 39.0 21.84949 50.12985 32.73513 138.0
2.0 39.0 2.0 27.42087 25.30921 87.72143 138.0
2.0 44.0 44.0 70.2498 22.71923 131.34559 37.0
2.0 44.0 2.0 27.42087 25.30921 87.72143 37.0
3.0 2.0 2.0 27.42087 25.30921 87.72143 308.0
3.0 2.0 3.0 83.16354 3.83041 88.02609 308.0
3.0 3.0 3.0 83.16354 3.83041 88.02609 7130.0
3.0 3.0 3.0 83.16354 3.83041 88.02609 7130.0
3.0 7.0 7.0 121.67355 13.44375 56.93417 218.0
3.0 7.0 3.0 83.16354 3.83041 88.02609 218.0
3.0 10.0 10.0 97.0565 3.92372 61.0922 1576.0
3.0 10.0 3.0 83.16354 3.83041 88.02609 1576.0
3.0 11.0 11.0 48.54159 14.10377 56.51722 1054.0
3.0 11.0 3.0 83.16354 3.83041 88.02609 1054.0
3.0 13.0 13.0 21.78618 31.15484 56.44481 5.0
3.0 13.0 3.0 83.16354 3.83041 88.02609 5.0
3.0 15.0 15.0 145.07926 26.51128 64.70637 16.0
3.0 15.0 3.0 83.16354 3.83041 88.02609 16.0
3.0 16.0 16.0 37.10121 39.08055 124.69934 13.0
3.0 16.0 3.0 83.16354 3.83041 88.02609 13.0
3.0 17.0 17.0 122.80013 11.0068 94.58015 1212.0
3.0 17.0 3.0 83.16354 3.83041 88.02609 1212.0
3.0 19.0 19.0 66.40491 15.79482 45.37671 432.0
3.0 19.0 3.0 83.16354 3.83041 88.02609 432.0
3.0 26.0 26.0 132.09661 45.14289 139.1222 1.0
3.0 26.0 3.0 83.16354 3.83041 88.02609 1.0
3.0 27.0 27.0 18.74468 45.32366 103.75228 2.0
3.0 27.0 3.0 83.16354 3.83041 88.02609 2.0
3.0 28.0 28.0 84.3645 38.91343 143.13033 4.0
3.0 28.0 3.0 83.16354 3.83041 88.02609 4.0
3.0 29.0 29.0 122.68672 20.57279 121.16187 227.0
3.0 29.0 3.0 83.16354 3.83041 88.02609 227.0
3.0 36.0 36.0 51.17367 19.50778 119.70943 144.0
3.0 36.0 3.0 83.16354 3.83041 88.02609 144.0
3.0 37.0 37.0 80.22218 11.0534 113.80099 2639.0
3.0 37.0 3.0 83.16354 3.83041 88.02609 2639.0
3.0 40.0 40.0 83.27061 23.52291 42.43613 138.0
3.0 40.0 3.0 83.16354 3.83041 88.02609 138.0
3.0 44.0 44.0 70.2498 22.71923 131.34559 58.0
3.0 44.0 3.0 83.16354 3.83041 88.02609 58.0
4.0 0.0 0.0 55.1051 48.87491 141.96648 16.0
4.0 0.0 4.0 72.1291 108.4066 139.67402 16.0
4.0 4.0 4.0 72.1291 108.4066 139.67402 6664.0
4.0 4.0 4.0 72.1291 108.4066 139.67402 6664.0
4.0 5.0 5.0 42.62924 127.26103 106.30501 8.0
4.0 5.0 4.0 72.1291 108.4066 139.67402 8.0
4.0 6.0 6.0 5.46193 84.69487 74.39057 1.0
4.0 6.0 4.0 72.1291 108.4066 139.67402 1.0
4.0 9.0 9.0 78.63217 139.91339 102.67306 282.0
4.0 9.0 4.0 72.1291 108.4066 139.67402 282.0
4.0 16.0 16.0 37.10121 39.08055 124.69934 2.0
4.0 16.0 4.0 72.1291 108.4066 139.67402 2.0
4.0 22.0 22.0 25.09325 80.01105 119.46541 484.0
4.0 22.0 4.0 72.1291 108.4066 139.67402 484.0
4.0 24.0 24.0 107.86124 87.21897 149.14985 1510.0
4.0 24.0 4.0 72.1291 108.4066 139.67402 1510.0
4.0 28.0 28.0 84.3645 38.91343 143.13033 4.0
4.0 28.0 4.0 72.1291 108.4066 139.67402 4.0
4.0 33.0 33.0 97.1992 49.93189 149.23229 5.0
4.0 33.0 4.0 72.1291 108.4066 139.67402 5.0
4.0 34.0 34.0 127.7491 111.27396 129.58135 881.0
4.0 34.0 4.0 72.1291 108.4066 139.67402 881.0
4.0 38.0 38.0 88.74255 68.40984 152.61296 216.0
4.0 38.0 4.0 72.1291 108.4066 139.67402 216.0
4.0 41.0 41.0 59.91805 126.09685 122.49652 2721.0
4.0 41.0 4.0 72.1291 108.4066 139.67402 2721.0
4.0 42.0 42.0 56.64818 85.22069 144.96884 2053.0
4.0 42.0 4.0 72.1291 108.4066 139.67402 2053.0
4.0 43.0 43.0 101.69224 137.72593 99.16314 86.0
4.0 43.0 4.0 72.1291 108.4066 139.67402 86.0
4.0 45.0 45.0 35.07472 116.28977 28.47604 1.0
4.0 45.0 4.0 72.1291 108.4066 139.67402 1.0
5.0 4.0 4.0 72.1291 108.4066 139.67402 8.0
5.0 4.0 5.0 42.62924 127.26103 106.30501 8.0
5.0 5.0 5.0 42.62924 127.26103 106.30501 5.0
5.0 5.0 5.0 42.62924 127.26103 106.30501 5.0
5.0 6.0 6.0 5.46193 84.69487 74.39057 16.0
5.0 6.0 5.0 42.62924 127.26103 106.30501 16.0
5.0 9.0 9.0 78.63217 139.91339 102.67306 49.0
5.0 9.0 5.0 42.62924 127.26103 106.30501 49.0
5.0 22.0 22.0 25.09325 80.01105 119.46541 31.0
5.0 22.0 5.0 42.62924 127.26103 106.30501 31.0
5.0 30.0 30.0 88.53302 139.92545 62.78831 4.0
5.0 30.0 5.0 42.62924 127.26103 106.30501 4.0
5.0 41.0 41.0 59.91805 126.09685 122.49652 128.0
5.0 41.0 5.0 42.62924 127.26103 106.30501 128.0
5.0 42.0 42.0 56.64818 85.22069 144.96884 2.0
5.0 42.0 5.0 42.62924 127.26103 106.30501 2.0
5.0 43.0 43.0 101.69224 137.72593 99.16314 2.0
5.0 43.0 5.0 42.62924 127.26103 106.30501 2.0
6.0 2.0 2.0 27.42087 25.30921 87.72143 533.0
6.0 2.0 6.0 5.46193 84.69487 74.39057 533.0
6.0 4.0 4.0 72.1291 108.4066 139.67402 4.0
6.0 4.0 6.0 5.46193 84.69487 74.39057 4.0
6.0 5.0 5.0 42.62924 127.26103 106.30501 10.0
6.0 5.0 6.0 5.46193 84.69487 74.39057 10.0
6.0 6.0 6.0 5.46193 84.69487 74.39057 17130.0
6.0 6.0 6.0 5.46193 84.69487 74.39057 17130.0
6.0 11.0 11.0 48.54159 14.10377 56.51722 1.0
6.0 11.0 6.0 5.46193 84.69487 74.39057 1.0
6.0 13.0 13.0 21.78618 31.15484 56.44481 415.0
6.0 13.0 6.0 5.46193 84.69487 74.39057 415.0
6.0 16.0 16.0 37.10121 39.08055 124.69934 11.0
6.0 16.0 6.0 5.46193 84.69487 74.39057 11.0
6.0 21.0 21.0 28.32345 78.07842 19.25889 668.0
6.0 21.0 6.0 5.46193 84.69487 74.39057 668.0
6.0 22.0 22.0 25.09325 80.01105 119.46541 2276.0
6.0 22.0 6.0 5.46193 84.69487 74.39057 2276.0
6.0 27.0 27.0 18.74468 45.32366 103.75228 857.0
6.0 27.0 6.0 5.46193 84.69487 74.39057 857.0
6.0 39.0 39.0 21.84949 50.12985 32.73513 1316.0
6.0 39.0 6.0 5.46193 84.69487 74.39057 1316.0
6.0 41.0 41.0 59.91805 126.09685 122.49652 33.0
6.0 41.0 6.0 5.46193 84.69487 74.39057 33.0
6.0 45.0 45.0 35.07472 116.28977 28.47604 1130.0
6.0 45.0 6.0 5.46193 84.69487 74.39057 1130.0
7.0 3.0 3.0 83.16354 3.83041 88.02609 208.0
7.0 3.0 7.0 121.67355 13.44375 56.93417 208.0
7.0 7.0 7.0 121.67355 13.44375 56.93417 4124.0
7.0 7.0 7.0 121.67355 13.44375 56.93417 4124.0
7.0 10.0 10.0 97.0565 3.92372 61.0922 1476.0
7.0 10.0 7.0 121.67355 13.44375 56.93417 1476.0
7.0 15.0 15.0 145.07926 26.51128 64.70637 1490.0
7.0 15.0 7.0 121.67355 13.44375 56.93417 1490.0
7.0 17.0 17.0 122.80013 11.0068 94.58015 825.0
7.0 17.0 7.0 121.67355 13.44375 56.93417 825.0
7.0 18.0 18.0 159.18802 24.8336 93.94992 32.0
7.0 18.0 7.0 121.67355 13.44375 56.93417 32.0
7.0 19.0 19.0 66.40491 15.79482 45.37671 13.0
7.0 19.0 7.0 121.67355 13.44375 56.93417 13.0
7.0 20.0 20.0 85.04264 53.69796 22.29932 33.0
7.0 20.0 7.0 121.67355 13.44375 56.93417 33.0
7.0 23.0 23.0 173.47574 43.55545 76.96093 12.0
7.0 23.0 7.0 121.67355 13.44375 56.93417 12.0
7.0 29.0 29.0 122.68672 20.57279 121.16187 14.0
7.0 29.0 7.0 121.67355 13.44375 56.93417 14.0
7.0 31.0 31.0 121.51987 38.88349 36.01079 1559.0
7.0 31.0 7.0 121.67355 13.44375 56.93417 1559.0
7.0 37.0 37.0 80.22218 11.0534 113.80099 3.0
7.0 37.0 7.0 121.67355 13.44375 56.93417 3.0
7.0 40.0 40.0 83.27061 23.52291 42.43613 297.0
7.0 40.0 7.0 121.67355 13.44375 56.93417 297.0
8.0 1.0 1.0 66.22648 89.14981 7.43788 98.0
8.0 1.0 8.0 89.79425 90.71919 30.41946 98.0
8.0 8.0 8.0 89.79425 90.71919 30.41946 12.0
8.0 8.0 8.0 89.79425 90.71919 30.41946 12.0
8.0 14.0 14.0 128.5003 116.08909 40.41728 16.0
8.0 14.0 8.0 89.79425 90.71919 30.41946 16.0
8.0 15.0 15.0 145.07926 26.51128 64.70637 1.0
8.0 15.0 8.0 89.79425 90.71919 30.41946 1.0
8.0 20.0 20.0 85.04264 53.69796 22.29932 113.0
8.0 20.0 8.0 89.79425 90.71919 30.41946 113.0
8.0 21.0 21.0 28.32345 78.07842 19.25889 1.0
8.0 21.0 8.0 89.79425 90.71919 30.41946 1.0
8.0 30.0 30.0 88.53302 139.92545 62.78831 34.0
8.0 30.0 8.0 89.79425 90.71919 30.41946 34.0
8.0 31.0 31.0 121.51987 38.88349 36.01079 11.0
8.0 31.0 8.0 89.79425 90.71919 30.41946 11.0
8.0 45.0 45.0 35.07472 116.28977 28.47604 7.0
8.0 45.0 8.0 89.79425 90.71919 30.41946 7.0
8.0 46.0 46.0 114.65497 130.2797 52.82802 20.0
8.0 46.0 8.0 89.79425 90.71919 30.41946 20.0
9.0 1.0 1.0 66.22648 89.14981 7.43788 1.0
9.0 1.0 9.0 78.63217 139.91339 102.67306 1.0
9.0 4.0 4.0 72.1291 108.4066 139.67402 297.0
9.0 4.0 9.0 78.63217 139.91339 102.67306 297.0
9.0 5.0 5.0 42.62924 127.26103 106.30501 45.0
9.0 5.0 9.0 78.63217 139.91339 102.67306 45.0
9.0 9.0 9.0 78.63217 139.91339 102.67306 5717.0
9.0 9.0 9.0 78.63217 139.91339 102.67306 5717.0
9.0 22.0 22.0 25.09325 80.01105 119.46541 1.0
9.0 22.0 9.0 78.63217 139.91339 102.67306 1.0
9.0 24.0 24.0 107.86124 87.21897 149.14985 23.0
9.0 24.0 9.0 78.63217 139.91339 102.67306 23.0
9.0 30.0 30.0 88.53302 139.92545 62.78831 1384.0
9.0 30.0 9.0 78.63217 139.91339 102.67306 1384.0
9.0 34.0 34.0 127.7491 111.27396 129.58135 576.0
9.0 34.0 9.0 78.63217 139.91339 102.67306 576.0
9.0 35.0 35.0 147.7556 121.1591 95.64799 14.0
9.0 35.0 9.0 78.63217 139.91339 102.67306 14.0
9.0 41.0 41.0 59.91805 126.09685 122.49652 2382.0
9.0 41.0 9.0 78.63217 139.91339 102.67306 2382.0
9.0 43.0 43.0 101.69224 137.72593 99.16314 2111.0
9.0 43.0 9.0 78.63217 139.91339 102.67306 2111.0
9.0 45.0 45.0 35.07472 116.28977 28.47604 4.0
9.0 45.0 9.0 78.63217 139.91339 102.67306 4.0
9.0 46.0 46.0 114.65497 130.2797 52.82802 1.0
9.0 46.0 9.0 78.63217 139.91339 102.67306 1.0
10.0 2.0 2.0 27.42087 25.30921 87.72143 2.0
10.0 2.0 10.0 97.0565 3.92372 61.0922 2.0
10.0 3.0 3.0 83.16354 3.83041 88.02609 1609.0
10.0 3.0 10.0 97.0565 3.92372 61.0922 1609.0
10.0 7.0 7.0 121.67355 13.44375 56.93417 1482.0
10.0 7.0 10.0 97.0565 3.92372 61.0922 1482.0
10.0 10.0 10.0 97.0565 3.92372 61.0922 4135.0
10.0 10.0 10.0 97.0565 3.92372 61.0922 4135.0
10.0 11.0 11.0 48.54159 14.10377 56.51722 198.0
10.0 11.0 10.0 97.0565 3.92372 61.0922 198.0
10.0 15.0 15.0 145.07926 26.51128 64.70637 74.0
10.0 15.0 10.0 97.0565 3.92372 61.0922 74.0
10.0 17.0 17.0 122.80013 11.0068 94.58015 461.0
10.0 17.0 10.0 97.0565 3.92372 61.0922 461.0
10.0 18.0 18.0 159.18802 24.8336 93.94992 2.0
10.0 18.0 10.0 97.0565 3.92372 61.0922 2.0
10.0 19.0 19.0 66.40491 15.79482 45.37671 558.0
10.0 19.0 10.0 97.0565 3.92372 61.0922 558.0
10.0 20.0 20.0 85.04264 53.69796 22.29932 41.0
10.0 20.0 10.0 97.0565 3.92372 61.0922 41.0
10.0 29.0 29.0 122.68672 20.57279 121.16187 6.0
10.0 29.0 10.0 97.0565 3.92372 61.0922 6.0
10.0 31.0 31.0 121.51987 38.88349 36.01079 391.0
10.0 31.0 10.0 97.0565 3.92372 61.0922 391.0
10.0 37.0 37.0 80.22218 11.0534 113.80099 56.0
10.0 37.0 10.0 97.0565 3.92372 61.0922 56.0
10.0 40.0 40.0 83.27061 23.52291 42.43613 1240.0
10.0 40.0 10.0 97.0565 3.92372 61.0922 1240.0
11.0 1.0 1.0 66.22648 89.14981 7.43788 19.0
11.0 1.0 11.0 48.54159 14.10377 56.51722 19.0
11.0 2.0 2.0 27.42087 25.30921 87.72143 1357.0
11.0 2.0 11.0 48.54159 14.10377 56.51722 1357.0
11.0 3.0 3.0 83.16354 3.83041 88.02609 1130.0
11.0 3.0 11.0 48.54159 14.10377 56.51722 1130.0
11.0 6.0 6.0 5.46193 84.69487 74.39057 1.0
11.0 6.0 11.0 48.54159 14.10377 56.51722 1.0
11.0 10.0 10.0 97.0565 3.92372 61.0922 202.0
11.0 10.0 11.0 48.54159 14.10377 56.51722 202.0
11.0 11.0 11.0 48.54159 14.10377 56.51722 8270.0
11.0 11.0 11.0 48.54159 14.10377 56.51722 8270.0
11.0 13.0 13.0 21.78618 31.15484 56.44481 1476.0
11.0 13.0 11.0 48.54159 14.10377 56.51722 1476.0
11.0 16.0 16.0 37.10121 39.08055 124.69934 19.0
11.0 16.0 11.0 48.54159 14.10377 56.51722 19.0
11.0 19.0 19.0 66.40491 15.79482 45.37671 2074.0
11.0 19.0 11.0 48.54159 14.10377 56.51722 2074.0
11.0 20.0 20.0 85.04264 53.69796 22.29932 280.0
11.0 20.0 11.0 48.54159 14.10377 56.51722 280.0
11.0 21.0 21.0 28.32345 78.07842 19.25889 25.0
11.0 21.0 11.0 48.54159 14.10377 56.51722 25.0
11.0 27.0 27.0 18.74468 45.32366 103.75228 7.0
11.0 27.0 11.0 48.54159 14.10377 56.51722 7.0
11.0 31.0 31.0 121.51987 38.88349 36.01079 3.0
11.0 31.0 11.0 48.54159 14.10377 56.51722 3.0
11.0 36.0 36.0 51.17367 19.50778 119.70943 77.0
11.0 36.0 11.0 48.54159 14.10377 56.51722 77.0
11.0 37.0 37.0 80.22218 11.0534 113.80099 261.0
11.0 37.0 11.0 48.54159 14.10377 56.51722 261.0
11.0 39.0 39.0 21.84949 50.12985 32.73513 843.0
11.0 39.0 11.0 48.54159 14.10377 56.51722 843.0
11.0 40.0 40.0 83.27061 23.52291 42.43613 535.0
11.0 40.0 11.0 48.54159 14.10377 56.51722 535.0
11.0 44.0 44.0 70.2498 22.71923 131.34559 3.0
11.0 44.0 11.0 48.54159 14.10377 56.51722 3.0
12.0 12.0 12.0 179.80233 86.34098 84.76581 5891.0
12.0 12.0 12.0 179.80233 86.34098 84.76581 5891.0
12.0 14.0 14.0 128.5003 116.08909 40.41728 4.0
12.0 14.0 12.0 179.80233 86.34098 84.76581 4.0
12.0 15.0 15.0 145.07926 26.51128 64.70637 34.0
12.0 15.0 12.0 179.80233 86.34098 84.76581 34.0
12.0 18.0 18.0 159.18802 24.8336 93.94992 14.0
12.0 18.0 12.0 179.80233 86.34098 84.76581 14.0
12.0 23.0 23.0 173.47574 43.55545 76.96093 578.0
12.0 23.0 12.0 179.80233 86.34098 84.76581 578.0
12.0 25.0 25.0 182.84828 63.97412 100.25508 1158.0
12.0 25.0 12.0 179.80233 86.34098 84.76581 1158.0
12.0 31.0 31.0 121.51987 38.88349 36.01079 12.0
12.0 31.0 12.0 179.80233 86.34098 84.76581 12.0
12.0 32.0 32.0 157.14753 89.18213 58.01964 1795.0
12.0 32.0 12.0 179.80233 86.34098 84.76581 1795.0
12.0 34.0 34.0 127.7491 111.27396 129.58135 104.0
12.0 34.0 12.0 179.80233 86.34098 84.76581 104.0
12.0 35.0 35.0 147.7556 121.1591 95.64799 1230.0
12.0 35.0 12.0 179.80233 86.34098 84.76581 1230.0
12.0 46.0 46.0 114.65497 130.2797 52.82802 4.0
12.0 46.0 12.0 179.80233 86.34098 84.76581 4.0
12.0 47.0 47.0 164.1938 62.73244 126.11748 412.0
12.0 47.0 12.0 179.80233 86.34098 84.76581 412.0
13.0 2.0 2.0 27.42087 25.30921 87.72143 1398.0
13.0 2.0 13.0 21.78618 31.15484 56.44481 1398.0
13.0 3.0 3.0 83.16354 3.83041 88.02609 6.0
13.0 3.0 13.0 21.78618 31.15484 56.44481 6.0
13.0 6.0 6.0 5.46193 84.69487 74.39057 401.0
13.0 6.0 13.0 21.78618 31.15484 56.44481 401.0
13.0 11.0 11.0 48.54159 14.10377 56.51722 1648.0
13.0 11.0 13.0 21.78618 31.15484 56.44481 1648.0
13.0 13.0 13.0 21.78618 31.15484 56.44481 3834.0
13.0 13.0 13.0 21.78618 31.15484 56.44481 3834.0
13.0 19.0 19.0 66.40491 15.79482 45.37671 81.0
13.0 19.0 13.0 21.78618 31.15484 56.44481 81.0
13.0 20.0 20.0 85.04264 53.69796 22.29932 10.0
13.0 20.0 13.0 21.78618 31.15484 56.44481 10.0
13.0 21.0 21.0 28.32345 78.07842 19.25889 7.0
13.0 21.0 13.0 21.78618 31.15484 56.44481 7.0
13.0 22.0 22.0 25.09325 80.01105 119.46541 4.0
13.0 22.0 13.0 21.78618 31.15484 56.44481 4.0
13.0 27.0 27.0 18.74468 45.32366 103.75228 102.0
13.0 27.0 13.0 21.78618 31.15484 56.44481 102.0
13.0 36.0 36.0 51.17367 19.50778 119.70943 5.0
13.0 36.0 13.0 21.78618 31.15484 56.44481 5.0
13.0 37.0 37.0 80.22218 11.0534 113.80099 4.0
13.0 37.0 13.0 21.78618 31.15484 56.44481 4.0
13.0 39.0 39.0 21.84949 50.12985 32.73513 1731.0
13.0 39.0 13.0 21.78618 31.15484 56.44481 1731.0
13.0 40.0 40.0 83.27061 23.52291 42.43613 2.0
13.0 40.0 13.0 21.78618 31.15484 56.44481 2.0
14.0 1.0 1.0 66.22648 89.14981 7.43788 85.0
14.0 1.0 14.0 128.5003 116.08909 40.41728 85.0
14.0 8.0 8.0 89.79425 90.71919 30.41946 13.0
14.0 8.0 14.0 128.5003 116.08909 40.41728 13.0
14.0 12.0 12.0 179.80233 86.34098 84.76581 8.0
14.0 12.0 14.0 128.5003 116.08909 40.41728 8.0
14.0 14.0 14.0 128.5003 116.08909 40.41728 9058.0
14.0 14.0 14.0 128.5003 116.08909 40.41728 9058.0
14.0 20.0 20.0 85.04264 53.69796 22.29932 10.0
14.0 20.0 14.0 128.5003 116.08909 40.41728 10.0
14.0 30.0 30.0 88.53302 139.92545 62.78831 261.0
14.0 30.0 14.0 128.5003 116.08909 40.41728 261.0
14.0 31.0 31.0 121.51987 38.88349 36.01079 7.0
14.0 31.0 14.0 128.5003 116.08909 40.41728 7.0
14.0 32.0 32.0 157.14753 89.18213 58.01964 1623.0
14.0 32.0 14.0 128.5003 116.08909 40.41728 1623.0
14.0 35.0 35.0 147.7556 121.1591 95.64799 343.0
14.0 35.0 14.0 128.5003 116.08909 40.41728 343.0
14.0 43.0 43.0 101.69224 137.72593 99.16314 2.0
14.0 43.0 14.0 128.5003 116.08909 40.41728 2.0
14.0 45.0 45.0 35.07472 116.28977 28.47604 1.0
14.0 45.0 14.0 128.5003 116.08909 40.41728 1.0
14.0 46.0 46.0 114.65497 130.2797 52.82802 3219.0
14.0 46.0 14.0 128.5003 116.08909 40.41728 3219.0
15.0 3.0 3.0 83.16354 3.83041 88.02609 20.0
15.0 3.0 15.0 145.07926 26.51128 64.70637 20.0
15.0 7.0 7.0 121.67355 13.44375 56.93417 1516.0
15.0 7.0 15.0 145.07926 26.51128 64.70637 1516.0
15.0 10.0 10.0 97.0565 3.92372 61.0922 60.0
15.0 10.0 15.0 145.07926 26.51128 64.70637 60.0
15.0 12.0 12.0 179.80233 86.34098 84.76581 35.0
15.0 12.0 15.0 145.07926 26.51128 64.70637 35.0
15.0 15.0 15.0 145.07926 26.51128 64.70637 5176.0
15.0 15.0 15.0 145.07926 26.51128 64.70637 5176.0
15.0 17.0 17.0 122.80013 11.0068 94.58015 893.0
15.0 17.0 15.0 145.07926 26.51128 64.70637 893.0
15.0 18.0 18.0 159.18802 24.8336 93.94992 1045.0
15.0 18.0 15.0 145.07926 26.51128 64.70637 1045.0
15.0 23.0 23.0 173.47574 43.55545 76.96093 749.0
15.0 23.0 15.0 145.07926 26.51128 64.70637 749.0
15.0 25.0 25.0 182.84828 63.97412 100.25508 7.0
15.0 25.0 15.0 145.07926 26.51128 64.70637 7.0
15.0 26.0 26.0 132.09661 45.14289 139.1222 7.0
15.0 26.0 15.0 145.07926 26.51128 64.70637 7.0
15.0 29.0 29.0 122.68672 20.57279 121.16187 53.0
15.0 29.0 15.0 145.07926 26.51128 64.70637 53.0
15.0 31.0 31.0 121.51987 38.88349 36.01079 1410.0
15.0 31.0 15.0 145.07926 26.51128 64.70637 1410.0
15.0 32.0 32.0 157.14753 89.18213 58.01964 351.0
15.0 32.0 15.0 145.07926 26.51128 64.70637 351.0
15.0 37.0 37.0 80.22218 11.0534 113.80099 1.0
15.0 37.0 15.0 145.07926 26.51128 64.70637 1.0
15.0 40.0 40.0 83.27061 23.52291 42.43613 3.0
15.0 40.0 15.0 145.07926 26.51128 64.70637 3.0
15.0 47.0 47.0 164.1938 62.73244 126.11748 15.0
15.0 47.0 15.0 145.07926 26.51128 64.70637 15.0
16.0 0.0 0.0 55.1051 48.87491 141.96648 1423.0
16.0 0.0 16.0 37.10121 39.08055 124.69934 1423.0
16.0 2.0 2.0 27.42087 25.30921 87.72143 726.0
16.0 2.0 16.0 37.10121 39.08055 124.69934 726.0
16.0 3.0 3.0 83.16354 3.83041 88.02609 17.0
16.0 3.0 16.0 37.10121 39.08055 124.69934 17.0
16.0 4.0 4.0 72.1291 108.4066 139.67402 1.0
16.0 4.0 16.0 37.10121 39.08055 124.69934 1.0
16.0 6.0 6.0 5.46193 84.69487 74.39057 4.0
16.0 6.0 16.0 37.10121 39.08055 124.69934 4.0
16.0 11.0 11.0 48.54159 14.10377 56.51722 17.0
16.0 11.0 16.0 37.10121 39.08055 124.69934 17.0
16.0 13.0 13.0 21.78618 31.15484 56.44481 2.0
16.0 13.0 16.0 37.10121 39.08055 124.69934 2.0
16.0 16.0 16.0 37.10121 39.08055 124.69934 4218.0
16.0 16.0 16.0 37.10121 39.08055 124.69934 4218.0
16.0 22.0 22.0 25.09325 80.01105 119.46541 1226.0
16.0 22.0 16.0 37.10121 39.08055 124.69934 1226.0
16.0 23.0 23.0 173.47574 43.55545 76.96093 1.0
16.0 23.0 16.0 37.10121 39.08055 124.69934 1.0
16.0 27.0 27.0 18.74468 45.32366 103.75228 1124.0
16.0 27.0 16.0 37.10121 39.08055 124.69934 1124.0
16.0 28.0 28.0 84.3645 38.91343 143.13033 58.0
16.0 28.0 16.0 37.10121 39.08055 124.69934 58.0
16.0 33.0 33.0 97.1992 49.93189 149.23229 5.0
16.0 33.0 16.0 37.10121 39.08055 124.69934 5.0
16.0 36.0 36.0 51.17367 19.50778 119.70943 1087.0
16.0 36.0 16.0 37.10121 39.08055 124.69934 1087.0
16.0 37.0 37.0 80.22218 11.0534 113.80099 155.0
16.0 37.0 16.0 37.10121 39.08055 124.69934 155.0
16.0 38.0 38.0 88.74255 68.40984 152.61296 16.0
16.0 38.0 16.0 37.10121 39.08055 124.69934 16.0
16.0 42.0 42.0 56.64818 85.22069 144.96884 173.0
16.0 42.0 16.0 37.10121 39.08055 124.69934 173.0
16.0 44.0 44.0 70.2498 22.71923 131.34559 234.0
16.0 44.0 16.0 37.10121 39.08055 124.69934 234.0
17.0 3.0 3.0 83.16354 3.83041 88.02609 1179.0
17.0 3.0 17.0 122.80013 11.0068 94.58015 1179.0
17.0 7.0 7.0 121.67355 13.44375 56.93417 791.0
17.0 7.0 17.0 122.80013 11.0068 94.58015 791.0
17.0 10.0 10.0 97.0565 3.92372 61.0922 468.0
17.0 10.0 17.0 122.80013 11.0068 94.58015 468.0
17.0 15.0 15.0 145.07926 26.51128 64.70637 896.0
17.0 15.0 17.0 122.80013 11.0068 94.58015 896.0
17.0 17.0 17.0 122.80013 11.0068 94.58015 5132.0
17.0 17.0 17.0 122.80013 11.0068 94.58015 5132.0
17.0 18.0 18.0 159.18802 24.8336 93.94992 618.0
17.0 18.0 17.0 122.80013 11.0068 94.58015 618.0
17.0 19.0 19.0 66.40491 15.79482 45.37671 2.0
17.0 19.0 17.0 122.80013 11.0068 94.58015 2.0
17.0 23.0 23.0 173.47574 43.55545 76.96093 8.0
17.0 23.0 17.0 122.80013 11.0068 94.58015 8.0
17.0 26.0 26.0 132.09661 45.14289 139.1222 74.0
17.0 26.0 17.0 122.80013 11.0068 94.58015 74.0
17.0 28.0 28.0 84.3645 38.91343 143.13033 12.0
17.0 28.0 17.0 122.80013 11.0068 94.58015 12.0
17.0 29.0 29.0 122.68672 20.57279 121.16187 1523.0
17.0 29.0 17.0 122.80013 11.0068 94.58015 1523.0
17.0 31.0 31.0 121.51987 38.88349 36.01079 6.0
17.0 31.0 17.0 122.80013 11.0068 94.58015 6.0
17.0 33.0 33.0 97.1992 49.93189 149.23229 1.0
17.0 33.0 17.0 122.80013 11.0068 94.58015 1.0
17.0 36.0 36.0 51.17367 19.50778 119.70943 1.0
17.0 36.0 17.0 122.80013 11.0068 94.58015 1.0
17.0 37.0 37.0 80.22218 11.0534 113.80099 502.0
17.0 37.0 17.0 122.80013 11.0068 94.58015 502.0
17.0 40.0 40.0 83.27061 23.52291 42.43613 3.0
17.0 40.0 17.0 122.80013 11.0068 94.58015 3.0
17.0 44.0 44.0 70.2498 22.71923 131.34559 3.0
17.0 44.0 17.0 122.80013 11.0068 94.58015 3.0
17.0 45.0 45.0 35.07472 116.28977 28.47604 1.0
17.0 45.0 17.0 122.80013 11.0068 94.58015 1.0
17.0 47.0 47.0 164.1938 62.73244 126.11748 18.0
17.0 47.0 17.0 122.80013 11.0068 94.58015 18.0
18.0 3.0 3.0 83.16354 3.83041 88.02609 1.0
18.0 3.0 18.0 159.18802 24.8336 93.94992 1.0
18.0 7.0 7.0 121.67355 13.44375 56.93417 39.0
18.0 7.0 18.0 159.18802 24.8336 93.94992 39.0
18.0 12.0 12.0 179.80233 86.34098 84.76581 10.0
18.0 12.0 18.0 159.18802 24.8336 93.94992 10.0
18.0 15.0 15.0 145.07926 26.51128 64.70637 1124.0
18.0 15.0 18.0 159.18802 24.8336 93.94992 1124.0
18.0 17.0 17.0 122.80013 11.0068 94.58015 632.0
18.0 17.0 18.0 159.18802 24.8336 93.94992 632.0
18.0 18.0 18.0 159.18802 24.8336 93.94992 3248.0
18.0 18.0 18.0 159.18802 24.8336 93.94992 3248.0
18.0 23.0 23.0 173.47574 43.55545 76.96093 989.0
18.0 23.0 18.0 159.18802 24.8336 93.94992 989.0
18.0 25.0 25.0 182.84828 63.97412 100.25508 108.0
18.0 25.0 18.0 159.18802 24.8336 93.94992 108.0
18.0 26.0 26.0 132.09661 45.14289 139.1222 223.0
18.0 26.0 18.0 159.18802 24.8336 93.94992 223.0
18.0 29.0 29.0 122.68672 20.57279 121.16187 580.0
18.0 29.0 18.0 159.18802 24.8336 93.94992 580.0
18.0 31.0 31.0 121.51987 38.88349 36.01079 10.0
18.0 31.0 18.0 159.18802 24.8336 93.94992 10.0
18.0 32.0 32.0 157.14753 89.18213 58.01964 11.0
18.0 32.0 18.0 159.18802 24.8336 93.94992 11.0
18.0 37.0 37.0 80.22218 11.0534 113.80099 3.0
18.0 37.0 18.0 159.18802 24.8336 93.94992 3.0
18.0 47.0 47.0 164.1938 62.73244 126.11748 616.0
18.0 47.0 18.0 159.18802 24.8336 93.94992 616.0
19.0 1.0 1.0 66.22648 89.14981 7.43788 21.0
19.0 1.0 19.0 66.40491 15.79482 45.37671 21.0
19.0 2.0 2.0 27.42087 25.30921 87.72143 6.0
19.0 2.0 19.0 66.40491 15.79482 45.37671 6.0
19.0 3.0 3.0 83.16354 3.83041 88.02609 461.0
19.0 3.0 19.0 66.40491 15.79482 45.37671 461.0
19.0 7.0 7.0 121.67355 13.44375 56.93417 9.0
19.0 7.0 19.0 66.40491 15.79482 45.37671 9.0
19.0 10.0 10.0 97.0565 3.92372 61.0922 591.0
19.0 10.0 19.0 66.40491 15.79482 45.37671 591.0
19.0 11.0 11.0 48.54159 14.10377 56.51722 1877.0
19.0 11.0 19.0 66.40491 15.79482 45.37671 1877.0
19.0 13.0 13.0 21.78618 31.15484 56.44481 70.0
19.0 13.0 19.0 66.40491 15.79482 45.37671 70.0
19.0 19.0 19.0 66.40491 15.79482 45.37671 2151.0
19.0 19.0 19.0 66.40491 15.79482 45.37671 2151.0
19.0 20.0 20.0 85.04264 53.69796 22.29932 566.0
19.0 20.0 19.0 66.40491 15.79482 45.37671 566.0
19.0 21.0 21.0 28.32345 78.07842 19.25889 18.0
19.0 21.0 19.0 66.40491 15.79482 45.37671 18.0
19.0 31.0 31.0 121.51987 38.88349 36.01079 31.0
19.0 31.0 19.0 66.40491 15.79482 45.37671 31.0
19.0 37.0 37.0 80.22218 11.0534 113.80099 21.0
19.0 37.0 19.0 66.40491 15.79482 45.37671 21.0
19.0 39.0 39.0 21.84949 50.12985 32.73513 211.0
19.0 39.0 19.0 66.40491 15.79482 45.37671 211.0
19.0 40.0 40.0 83.27061 23.52291 42.43613 1607.0
19.0 40.0 19.0 66.40491 15.79482 45.37671 1607.0
20.0 1.0 1.0 66.22648 89.14981 7.43788 2233.0
20.0 1.0 20.0 85.04264 53.69796 22.29932 2233.0
20.0 7.0 7.0 121.67355 13.44375 56.93417 16.0
20.0 7.0 20.0 85.04264 53.69796 22.29932 16.0
20.0 8.0 8.0 89.79425 90.71919 30.41946 102.0
20.0 8.0 20.0 85.04264 53.69796 22.29932 102.0
20.0 10.0 10.0 97.0565 3.92372 61.0922 31.0
20.0 10.0 20.0 85.04264 53.69796 22.29932 31.0
20.0 11.0 11.0 48.54159 14.10377 56.51722 257.0
20.0 11.0 20.0 85.04264 53.69796 22.29932 257.0
20.0 12.0 12.0 179.80233 86.34098 84.76581 1.0
20.0 12.0 20.0 85.04264 53.69796 22.29932 1.0
20.0 13.0 13.0 21.78618 31.15484 56.44481 9.0
20.0 13.0 20.0 85.04264 53.69796 22.29932 9.0
20.0 14.0 14.0 128.5003 116.08909 40.41728 13.0
20.0 14.0 20.0 85.04264 53.69796 22.29932 13.0
20.0 15.0 15.0 145.07926 26.51128 64.70637 1.0
20.0 15.0 20.0 85.04264 53.69796 22.29932 1.0
20.0 19.0 19.0 66.40491 15.79482 45.37671 560.0
20.0 19.0 20.0 85.04264 53.69796 22.29932 560.0
20.0 20.0 20.0 85.04264 53.69796 22.29932 14661.0
20.0 20.0 20.0 85.04264 53.69796 22.29932 14661.0
20.0 21.0 21.0 28.32345 78.07842 19.25889 259.0
20.0 21.0 20.0 85.04264 53.69796 22.29932 259.0
20.0 31.0 31.0 121.51987 38.88349 36.01079 2441.0
20.0 31.0 20.0 85.04264 53.69796 22.29932 2441.0
20.0 32.0 32.0 157.14753 89.18213 58.01964 10.0
20.0 32.0 20.0 85.04264 53.69796 22.29932 10.0
20.0 39.0 39.0 21.84949 50.12985 32.73513 481.0
20.0 39.0 20.0 85.04264 53.69796 22.29932 481.0
20.0 40.0 40.0 83.27061 23.52291 42.43613 1731.0
20.0 40.0 20.0 85.04264 53.69796 22.29932 1731.0
20.0 45.0 45.0 35.07472 116.28977 28.47604 2.0
20.0 45.0 20.0 85.04264 53.69796 22.29932 2.0
20.0 46.0 46.0 114.65497 130.2797 52.82802 2.0
20.0 46.0 20.0 85.04264 53.69796 22.29932 2.0
21.0 1.0 1.0 66.22648 89.14981 7.43788 1497.0
21.0 1.0 21.0 28.32345 78.07842 19.25889 1497.0
21.0 6.0 6.0 5.46193 84.69487 74.39057 613.0
21.0 6.0 21.0 28.32345 78.07842 19.25889 613.0
21.0 11.0 11.0 48.54159 14.10377 56.51722 32.0
21.0 11.0 21.0 28.32345 78.07842 19.25889 32.0
21.0 13.0 13.0 21.78618 31.15484 56.44481 7.0
21.0 13.0 21.0 28.32345 78.07842 19.25889 7.0
21.0 19.0 19.0 66.40491 15.79482 45.37671 13.0
21.0 19.0 21.0 28.32345 78.07842 19.25889 13.0
21.0 20.0 20.0 85.04264 53.69796 22.29932 268.0
21.0 20.0 21.0 28.32345 78.07842 19.25889 268.0
21.0 21.0 21.0 28.32345 78.07842 19.25889 6287.0
21.0 21.0 21.0 28.32345 78.07842 19.25889 6287.0
21.0 39.0 39.0 21.84949 50.12985 32.73513 2306.0
21.0 39.0 21.0 28.32345 78.07842 19.25889 2306.0
21.0 40.0 40.0 83.27061 23.52291 42.43613 2.0
21.0 40.0 21.0 28.32345 78.07842 19.25889 2.0
21.0 45.0 45.0 35.07472 116.28977 28.47604 1891.0
21.0 45.0 21.0 28.32345 78.07842 19.25889 1891.0
22.0 0.0 0.0 55.1051 48.87491 141.96648 635.0
22.0 0.0 22.0 25.09325 80.01105 119.46541 635.0
22.0 2.0 2.0 27.42087 25.30921 87.72143 78.0
22.0 2.0 22.0 25.09325 80.01105 119.46541 78.0
22.0 4.0 4.0 72.1291 108.4066 139.67402 498.0
22.0 4.0 22.0 25.09325 80.01105 119.46541 498.0
22.0 5.0 5.0 42.62924 127.26103 106.30501 42.0
22.0 5.0 22.0 25.09325 80.01105 119.46541 42.0
22.0 6.0 6.0 5.46193 84.69487 74.39057 2020.0
22.0 6.0 22.0 25.09325 80.01105 119.46541 2020.0
22.0 13.0 13.0 21.78618 31.15484 56.44481 4.0
22.0 13.0 22.0 25.09325 80.01105 119.46541 4.0
22.0 16.0 16.0 37.10121 39.08055 124.69934 1227.0
22.0 16.0 22.0 25.09325 80.01105 119.46541 1227.0
22.0 22.0 22.0 25.09325 80.01105 119.46541 14414.0
22.0 22.0 22.0 25.09325 80.01105 119.46541 14414.0
22.0 27.0 27.0 18.74468 45.32366 103.75228 1326.0
22.0 27.0 22.0 25.09325 80.01105 119.46541 1326.0
22.0 28.0 28.0 84.3645 38.91343 143.13033 17.0
22.0 28.0 22.0 25.09325 80.01105 119.46541 17.0
22.0 33.0 33.0 97.1992 49.93189 149.23229 3.0
22.0 33.0 22.0 25.09325 80.01105 119.46541 3.0
22.0 36.0 36.0 51.17367 19.50778 119.70943 18.0
22.0 36.0 22.0 25.09325 80.01105 119.46541 18.0
22.0 37.0 37.0 80.22218 11.0534 113.80099 1.0
22.0 37.0 22.0 25.09325 80.01105 119.46541 1.0
22.0 38.0 38.0 88.74255 68.40984 152.61296 22.0
22.0 38.0 22.0 25.09325 80.01105 119.46541 22.0
22.0 41.0 41.0 59.91805 126.09685 122.49652 882.0
22.0 41.0 22.0 25.09325 80.01105 119.46541 882.0
22.0 42.0 42.0 56.64818 85.22069 144.96884 1680.0
22.0 42.0 22.0 25.09325 80.01105 119.46541 1680.0
22.0 43.0 43.0 101.69224 137.72593 99.16314 1.0
22.0 43.0 22.0 25.09325 80.01105 119.46541 1.0
22.0 44.0 44.0 70.2498 22.71923 131.34559 2.0
22.0 44.0 22.0 25.09325 80.01105 119.46541 2.0
23.0 7.0 7.0 121.67355 13.44375 56.93417 15.0
23.0 7.0 23.0 173.47574 43.55545 76.96093 15.0
23.0 12.0 12.0 179.80233 86.34098 84.76581 585.0
23.0 12.0 23.0 173.47574 43.55545 76.96093 585.0
23.0 15.0 15.0 145.07926 26.51128 64.70637 794.0
23.0 15.0 23.0 173.47574 43.55545 76.96093 794.0
23.0 17.0 17.0 122.80013 11.0068 94.58015 7.0
23.0 17.0 23.0 173.47574 43.55545 76.96093 7.0
23.0 18.0 18.0 159.18802 24.8336 93.94992 1063.0
23.0 18.0 23.0 173.47574 43.55545 76.96093 1063.0
23.0 23.0 23.0 173.47574 43.55545 76.96093 3306.0
23.0 23.0 23.0 173.47574 43.55545 76.96093 3306.0
23.0 25.0 25.0 182.84828 63.97412 100.25508 776.0
23.0 25.0 23.0 173.47574 43.55545 76.96093 776.0
23.0 26.0 26.0 132.09661 45.14289 139.1222 10.0
23.0 26.0 23.0 173.47574 43.55545 76.96093 10.0
23.0 29.0 29.0 122.68672 20.57279 121.16187 9.0
23.0 29.0 23.0 173.47574 43.55545 76.96093 9.0
23.0 31.0 31.0 121.51987 38.88349 36.01079 125.0
23.0 31.0 23.0 173.47574 43.55545 76.96093 125.0
23.0 32.0 32.0 157.14753 89.18213 58.01964 531.0
23.0 32.0 23.0 173.47574 43.55545 76.96093 531.0
23.0 37.0 37.0 80.22218 11.0534 113.80099 1.0
23.0 37.0 23.0 173.47574 43.55545 76.96093 1.0
23.0 47.0 47.0 164.1938 62.73244 126.11748 338.0
23.0 47.0 23.0 173.47574 43.55545 76.96093 338.0
24.0 0.0 0.0 55.1051 48.87491 141.96648 10.0
24.0 0.0 24.0 107.86124 87.21897 149.14985 10.0
24.0 4.0 4.0 72.1291 108.4066 139.67402 1529.0
24.0 4.0 24.0 107.86124 87.21897 149.14985 1529.0
24.0 9.0 9.0 78.63217 139.91339 102.67306 19.0
24.0 9.0 24.0 107.86124 87.21897 149.14985 19.0
24.0 24.0 24.0 107.86124 87.21897 149.14985 8916.0
24.0 24.0 24.0 107.86124 87.21897 149.14985 8916.0
24.0 26.0 26.0 132.09661 45.14289 139.1222 927.0
24.0 26.0 24.0 107.86124 87.21897 149.14985 927.0
24.0 28.0 28.0 84.3645 38.91343 143.13033 43.0
24.0 28.0 24.0 107.86124 87.21897 149.14985 43.0
24.0 29.0 29.0 122.68672 20.57279 121.16187 2.0
24.0 29.0 24.0 107.86124 87.21897 149.14985 2.0
24.0 30.0 30.0 88.53302 139.92545 62.78831 1.0
24.0 30.0 24.0 107.86124 87.21897 149.14985 1.0
24.0 33.0 33.0 97.1992 49.93189 149.23229 464.0
24.0 33.0 24.0 107.86124 87.21897 149.14985 464.0
24.0 34.0 34.0 127.7491 111.27396 129.58135 2604.0
24.0 34.0 24.0 107.86124 87.21897 149.14985 2604.0
24.0 35.0 35.0 147.7556 121.1591 95.64799 5.0
24.0 35.0 24.0 107.86124 87.21897 149.14985 5.0
24.0 38.0 38.0 88.74255 68.40984 152.61296 1916.0
24.0 38.0 24.0 107.86124 87.21897 149.14985 1916.0
24.0 41.0 41.0 59.91805 126.09685 122.49652 81.0
24.0 41.0 24.0 107.86124 87.21897 149.14985 81.0
24.0 42.0 42.0 56.64818 85.22069 144.96884 516.0
24.0 42.0 24.0 107.86124 87.21897 149.14985 516.0
24.0 43.0 43.0 101.69224 137.72593 99.16314 4.0
24.0 43.0 24.0 107.86124 87.21897 149.14985 4.0
24.0 44.0 44.0 70.2498 22.71923 131.34559 2.0
24.0 44.0 24.0 107.86124 87.21897 149.14985 2.0
24.0 47.0 47.0 164.1938 62.73244 126.11748 196.0
24.0 47.0 24.0 107.86124 87.21897 149.14985 196.0
25.0 7.0 7.0 121.67355 13.44375 56.93417 1.0
25.0 7.0 25.0 182.84828 63.97412 100.25508 1.0
25.0 12.0 12.0 179.80233 86.34098 84.76581 1200.0
25.0 12.0 25.0 182.84828 63.97412 100.25508 1200.0
25.0 15.0 15.0 145.07926 26.51128 64.70637 7.0
25.0 15.0 25.0 182.84828 63.97412 100.25508 7.0
25.0 18.0 18.0 159.18802 24.8336 93.94992 122.0
25.0 18.0 25.0 182.84828 63.97412 100.25508 122.0
25.0 23.0 23.0 173.47574 43.55545 76.96093 748.0
25.0 23.0 25.0 182.84828 63.97412 100.25508 748.0
25.0 25.0 25.0 182.84828 63.97412 100.25508 2209.0
25.0 25.0 25.0 182.84828 63.97412 100.25508 2209.0
25.0 26.0 26.0 132.09661 45.14289 139.1222 6.0
25.0 26.0 25.0 182.84828 63.97412 100.25508 6.0
25.0 32.0 32.0 157.14753 89.18213 58.01964 44.0
25.0 32.0 25.0 182.84828 63.97412 100.25508 44.0
25.0 34.0 34.0 127.7491 111.27396 129.58135 30.0
25.0 34.0 25.0 182.84828 63.97412 100.25508 30.0
25.0 35.0 35.0 147.7556 121.1591 95.64799 78.0
25.0 35.0 25.0 182.84828 63.97412 100.25508 78.0
25.0 46.0 46.0 114.65497 130.2797 52.82802 1.0
25.0 46.0 25.0 182.84828 63.97412 100.25508 1.0
25.0 47.0 47.0 164.1938 62.73244 126.11748 1256.0
25.0 47.0 25.0 182.84828 63.97412 100.25508 1256.0
26.0 0.0 0.0 55.1051 48.87491 141.96648 1.0
26.0 0.0 26.0 132.09661 45.14289 139.1222 1.0
26.0 3.0 3.0 83.16354 3.83041 88.02609 3.0
26.0 3.0 26.0 132.09661 45.14289 139.1222 3.0
26.0 15.0 15.0 145.07926 26.51128 64.70637 3.0
26.0 15.0 26.0 132.09661 45.14289 139.1222 3.0
26.0 17.0 17.0 122.80013 11.0068 94.58015 97.0
26.0 17.0 26.0 132.09661 45.14289 139.1222 97.0
26.0 18.0 18.0 159.18802 24.8336 93.94992 236.0
26.0 18.0 26.0 132.09661 45.14289 139.1222 236.0
26.0 23.0 23.0 173.47574 43.55545 76.96093 2.0
26.0 23.0 26.0 132.09661 45.14289 139.1222 2.0
26.0 24.0 24.0 107.86124 87.21897 149.14985 993.0
26.0 24.0 26.0 132.09661 45.14289 139.1222 993.0
26.0 25.0 25.0 182.84828 63.97412 100.25508 4.0
26.0 25.0 26.0 132.09661 45.14289 139.1222 4.0
26.0 26.0 26.0 132.09661 45.14289 139.1222 8098.0
26.0 26.0 26.0 132.09661 45.14289 139.1222 8098.0
26.0 28.0 28.0 84.3645 38.91343 143.13033 452.0
26.0 28.0 26.0 132.09661 45.14289 139.1222 452.0
26.0 29.0 29.0 122.68672 20.57279 121.16187 1866.0
26.0 29.0 26.0 132.09661 45.14289 139.1222 1866.0
26.0 33.0 33.0 97.1992 49.93189 149.23229 1063.0
26.0 33.0 26.0 132.09661 45.14289 139.1222 1063.0
26.0 34.0 34.0 127.7491 111.27396 129.58135 286.0
26.0 34.0 26.0 132.09661 45.14289 139.1222 286.0
26.0 35.0 35.0 147.7556 121.1591 95.64799 1.0
26.0 35.0 26.0 132.09661 45.14289 139.1222 1.0
26.0 37.0 37.0 80.22218 11.0534 113.80099 116.0
26.0 37.0 26.0 132.09661 45.14289 139.1222 116.0
26.0 38.0 38.0 88.74255 68.40984 152.61296 417.0
26.0 38.0 26.0 132.09661 45.14289 139.1222 417.0
26.0 44.0 44.0 70.2498 22.71923 131.34559 13.0
26.0 44.0 26.0 132.09661 45.14289 139.1222 13.0
26.0 47.0 47.0 164.1938 62.73244 126.11748 1694.0
26.0 47.0 26.0 132.09661 45.14289 139.1222 1694.0
27.0 0.0 0.0 55.1051 48.87491 141.96648 43.0
27.0 0.0 27.0 18.74468 45.32366 103.75228 43.0
27.0 2.0 2.0 27.42087 25.30921 87.72143 1583.0
27.0 2.0 27.0 18.74468 45.32366 103.75228 1583.0
27.0 3.0 3.0 83.16354 3.83041 88.02609 2.0
27.0 3.0 27.0 18.74468 45.32366 103.75228 2.0
27.0 6.0 6.0 5.46193 84.69487 74.39057 759.0
27.0 6.0 27.0 18.74468 45.32366 103.75228 759.0
27.0 11.0 11.0 48.54159 14.10377 56.51722 19.0
27.0 11.0 27.0 18.74468 45.32366 103.75228 19.0
27.0 13.0 13.0 21.78618 31.15484 56.44481 122.0
27.0 13.0 27.0 18.74468 45.32366 103.75228 122.0
27.0 16.0 16.0 37.10121 39.08055 124.69934 1309.0
27.0 16.0 27.0 18.74468 45.32366 103.75228 1309.0
27.0 22.0 22.0 25.09325 80.01105 119.46541 1335.0
27.0 22.0 27.0 18.74468 45.32366 103.75228 1335.0
27.0 27.0 27.0 18.74468 45.32366 103.75228 3331.0
27.0 27.0 27.0 18.74468 45.32366 103.75228 3331.0
27.0 36.0 36.0 51.17367 19.50778 119.70943 91.0
27.0 36.0 27.0 18.74468 45.32366 103.75228 91.0
27.0 37.0 37.0 80.22218 11.0534 113.80099 9.0
27.0 37.0 27.0 18.74468 45.32366 103.75228 9.0
27.0 39.0 39.0 21.84949 50.12985 32.73513 18.0
27.0 39.0 27.0 18.74468 45.32366 103.75228 18.0
27.0 42.0 42.0 56.64818 85.22069 144.96884 2.0
27.0 42.0 27.0 18.74468 45.32366 103.75228 2.0
27.0 44.0 44.0 70.2498 22.71923 131.34559 8.0
27.0 44.0 27.0 18.74468 45.32366 103.75228 8.0
28.0 0.0 0.0 55.1051 48.87491 141.96648 1105.0
28.0 0.0 28.0 84.3645 38.91343 143.13033 1105.0
28.0 3.0 3.0 83.16354 3.83041 88.02609 7.0
28.0 3.0 28.0 84.3645 38.91343 143.13033 7.0
28.0 4.0 4.0 72.1291 108.4066 139.67402 4.0
28.0 4.0 28.0 84.3645 38.91343 143.13033 4.0
28.0 16.0 16.0 37.10121 39.08055 124.69934 49.0
28.0 16.0 28.0 84.3645 38.91343 143.13033 49.0
28.0 17.0 17.0 122.80013 11.0068 94.58015 13.0
28.0 17.0 28.0 84.3645 38.91343 143.13033 13.0
28.0 22.0 22.0 25.09325 80.01105 119.46541 14.0
28.0 22.0 28.0 84.3645 38.91343 143.13033 14.0
28.0 24.0 24.0 107.86124 87.21897 149.14985 42.0
28.0 24.0 28.0 84.3645 38.91343 143.13033 42.0
28.0 26.0 26.0 132.09661 45.14289 139.1222 405.0
28.0 26.0 28.0 84.3645 38.91343 143.13033 405.0
28.0 28.0 28.0 84.3645 38.91343 143.13033 3126.0
28.0 28.0 28.0 84.3645 38.91343 143.13033 3126.0
28.0 29.0 29.0 122.68672 20.57279 121.16187 515.0
28.0 29.0 28.0 84.3645 38.91343 143.13033 515.0
28.0 33.0 33.0 97.1992 49.93189 149.23229 1622.0
28.0 33.0 28.0 84.3645 38.91343 143.13033 1622.0
28.0 36.0 36.0 51.17367 19.50778 119.70943 79.0
28.0 36.0 28.0 84.3645 38.91343 143.13033 79.0
28.0 37.0 37.0 80.22218 11.0534 113.80099 706.0
28.0 37.0 28.0 84.3645 38.91343 143.13033 706.0
28.0 38.0 38.0 88.74255 68.40984 152.61296 575.0
28.0 38.0 28.0 84.3645 38.91343 143.13033 575.0
28.0 42.0 42.0 56.64818 85.22069 144.96884 166.0
28.0 42.0 28.0 84.3645 38.91343 143.13033 166.0
28.0 44.0 44.0 70.2498 22.71923 131.34559 922.0
28.0 44.0 28.0 84.3645 38.91343 143.13033 922.0
29.0 0.0 0.0 55.1051 48.87491 141.96648 3.0
29.0 0.0 29.0 122.68672 20.57279 121.16187 3.0
29.0 3.0 3.0 83.16354 3.83041 88.02609 217.0
29.0 3.0 29.0 122.68672 20.57279 121.16187 217.0
29.0 7.0 7.0 121.67355 13.44375 56.93417 9.0
29.0 7.0 29.0 122.68672 20.57279 121.16187 9.0
29.0 10.0 10.0 97.0565 3.92372 61.0922 1.0
29.0 10.0 29.0 122.68672 20.57279 121.16187 1.0
29.0 15.0 15.0 145.07926 26.51128 64.70637 63.0
29.0 15.0 29.0 122.68672 20.57279 121.16187 63.0
29.0 17.0 17.0 122.80013 11.0068 94.58015 1609.0
29.0 17.0 29.0 122.68672 20.57279 121.16187 1609.0
29.0 18.0 18.0 159.18802 24.8336 93.94992 512.0
29.0 18.0 29.0 122.68672 20.57279 121.16187 512.0
29.0 23.0 23.0 173.47574 43.55545 76.96093 15.0
29.0 23.0 29.0 122.68672 20.57279 121.16187 15.0
29.0 25.0 25.0 182.84828 63.97412 100.25508 1.0
29.0 25.0 29.0 122.68672 20.57279 121.16187 1.0
29.0 26.0 26.0 132.09661 45.14289 139.1222 1846.0
29.0 26.0 29.0 122.68672 20.57279 121.16187 1846.0
29.0 28.0 28.0 84.3645 38.91343 143.13033 470.0
29.0 28.0 29.0 122.68672 20.57279 121.16187 470.0
29.0 29.0 29.0 122.68672 20.57279 121.16187 4789.0
29.0 29.0 29.0 122.68672 20.57279 121.16187 4789.0
29.0 33.0 33.0 97.1992 49.93189 149.23229 197.0
29.0 33.0 29.0 122.68672 20.57279 121.16187 197.0
29.0 37.0 37.0 80.22218 11.0534 113.80099 1162.0
29.0 37.0 29.0 122.68672 20.57279 121.16187 1162.0
29.0 38.0 38.0 88.74255 68.40984 152.61296 5.0
29.0 38.0 29.0 122.68672 20.57279 121.16187 5.0
29.0 44.0 44.0 70.2498 22.71923 131.34559 75.0
29.0 44.0 29.0 122.68672 20.57279 121.16187 75.0
29.0 46.0 46.0 114.65497 130.2797 52.82802 1.0
29.0 46.0 29.0 122.68672 20.57279 121.16187 1.0
29.0 47.0 47.0 164.1938 62.73244 126.11748 235.0
29.0 47.0 29.0 122.68672 20.57279 121.16187 235.0
30.0 1.0 1.0 66.22648 89.14981 7.43788 356.0
30.0 1.0 30.0 88.53302 139.92545 62.78831 356.0
30.0 5.0 5.0 42.62924 127.26103 106.30501 7.0
30.0 5.0 30.0 88.53302 139.92545 62.78831 7.0
30.0 8.0 8.0 89.79425 90.71919 30.41946 25.0
30.0 8.0 30.0 88.53302 139.92545 62.78831 25.0
30.0 9.0 9.0 78.63217 139.91339 102.67306 1447.0
30.0 9.0 30.0 88.53302 139.92545 62.78831 1447.0
30.0 14.0 14.0 128.5003 116.08909 40.41728 214.0
30.0 14.0 30.0 88.53302 139.92545 62.78831 214.0
30.0 23.0 23.0 173.47574 43.55545 76.96093 1.0
30.0 23.0 30.0 88.53302 139.92545 62.78831 1.0
30.0 30.0 30.0 88.53302 139.92545 62.78831 16308.0
30.0 30.0 30.0 88.53302 139.92545 62.78831 16308.0
30.0 32.0 32.0 157.14753 89.18213 58.01964 5.0
30.0 32.0 30.0 88.53302 139.92545 62.78831 5.0
30.0 34.0 34.0 127.7491 111.27396 129.58135 68.0
30.0 34.0 30.0 88.53302 139.92545 62.78831 68.0
30.0 35.0 35.0 147.7556 121.1591 95.64799 742.0
30.0 35.0 30.0 88.53302 139.92545 62.78831 742.0
30.0 41.0 41.0 59.91805 126.09685 122.49652 28.0
30.0 41.0 30.0 88.53302 139.92545 62.78831 28.0
30.0 43.0 43.0 101.69224 137.72593 99.16314 2285.0
30.0 43.0 30.0 88.53302 139.92545 62.78831 2285.0
30.0 45.0 45.0 35.07472 116.28977 28.47604 907.0
30.0 45.0 30.0 88.53302 139.92545 62.78831 907.0
30.0 46.0 46.0 114.65497 130.2797 52.82802 3562.0
30.0 46.0 30.0 88.53302 139.92545 62.78831 3562.0
31.0 1.0 1.0 66.22648 89.14981 7.43788 1.0
31.0 1.0 31.0 121.51987 38.88349 36.01079 1.0
31.0 3.0 3.0 83.16354 3.83041 88.02609 1.0
31.0 3.0 31.0 121.51987 38.88349 36.01079 1.0
31.0 7.0 7.0 121.67355 13.44375 56.93417 1672.0
31.0 7.0 31.0 121.51987 38.88349 36.01079 1672.0
31.0 8.0 8.0 89.79425 90.71919 30.41946 24.0
31.0 8.0 31.0 121.51987 38.88349 36.01079 24.0
31.0 10.0 10.0 97.0565 3.92372 61.0922 409.0
31.0 10.0 31.0 121.51987 38.88349 36.01079 409.0
31.0 11.0 11.0 48.54159 14.10377 56.51722 2.0
31.0 11.0 31.0 121.51987 38.88349 36.01079 2.0
31.0 12.0 12.0 179.80233 86.34098 84.76581 9.0
31.0 12.0 31.0 121.51987 38.88349 36.01079 9.0
31.0 14.0 14.0 128.5003 116.08909 40.41728 6.0
31.0 14.0 31.0 121.51987 38.88349 36.01079 6.0
31.0 15.0 15.0 145.07926 26.51128 64.70637 1446.0
31.0 15.0 31.0 121.51987 38.88349 36.01079 1446.0
31.0 17.0 17.0 122.80013 11.0068 94.58015 7.0
31.0 17.0 31.0 121.51987 38.88349 36.01079 7.0
31.0 18.0 18.0 159.18802 24.8336 93.94992 12.0
31.0 18.0 31.0 121.51987 38.88349 36.01079 12.0
31.0 19.0 19.0 66.40491 15.79482 45.37671 30.0
31.0 19.0 31.0 121.51987 38.88349 36.01079 30.0
31.0 20.0 20.0 85.04264 53.69796 22.29932 2495.0
31.0 20.0 31.0 121.51987 38.88349 36.01079 2495.0
31.0 23.0 23.0 173.47574 43.55545 76.96093 136.0
31.0 23.0 31.0 121.51987 38.88349 36.01079 136.0
31.0 31.0 31.0 121.51987 38.88349 36.01079 13008.0
31.0 31.0 31.0 121.51987 38.88349 36.01079 13008.0
31.0 32.0 32.0 157.14753 89.18213 58.01964 741.0
31.0 32.0 31.0 121.51987 38.88349 36.01079 741.0
31.0 35.0 35.0 147.7556 121.1591 95.64799 1.0
31.0 35.0 31.0 121.51987 38.88349 36.01079 1.0
31.0 40.0 40.0 83.27061 23.52291 42.43613 1071.0
31.0 40.0 31.0 121.51987 38.88349 36.01079 1071.0
31.0 45.0 45.0 35.07472 116.28977 28.47604 1.0
31.0 45.0 31.0 121.51987 38.88349 36.01079 1.0
32.0 7.0 7.0 121.67355 13.44375 56.93417 7.0
32.0 7.0 32.0 157.14753 89.18213 58.01964 7.0
32.0 12.0 12.0 179.80233 86.34098 84.76581 1716.0
32.0 12.0 32.0 157.14753 89.18213 58.01964 1716.0
32.0 14.0 14.0 128.5003 116.08909 40.41728 1698.0
32.0 14.0 32.0 157.14753 89.18213 58.01964 1698.0
32.0 15.0 15.0 145.07926 26.51128 64.70637 387.0
32.0 15.0 32.0 157.14753 89.18213 58.01964 387.0
32.0 18.0 18.0 159.18802 24.8336 93.94992 8.0
32.0 18.0 32.0 157.14753 89.18213 58.01964 8.0
32.0 20.0 20.0 85.04264 53.69796 22.29932 13.0
32.0 20.0 32.0 157.14753 89.18213 58.01964 13.0
32.0 23.0 23.0 173.47574 43.55545 76.96093 462.0
32.0 23.0 32.0 157.14753 89.18213 58.01964 462.0
32.0 25.0 25.0 182.84828 63.97412 100.25508 60.0
32.0 25.0 32.0 157.14753 89.18213 58.01964 60.0
32.0 30.0 30.0 88.53302 139.92545 62.78831 3.0
32.0 30.0 32.0 157.14753 89.18213 58.01964 3.0
32.0 31.0 31.0 121.51987 38.88349 36.01079 767.0
32.0 31.0 32.0 157.14753 89.18213 58.01964 767.0
32.0 32.0 32.0 157.14753 89.18213 58.01964 10192.0
32.0 32.0 32.0 157.14753 89.18213 58.01964 10192.0
32.0 35.0 35.0 147.7556 121.1591 95.64799 970.0
32.0 35.0 32.0 157.14753 89.18213 58.01964 970.0
32.0 46.0 46.0 114.65497 130.2797 52.82802 316.0
32.0 46.0 32.0 157.14753 89.18213 58.01964 316.0
32.0 47.0 47.0 164.1938 62.73244 126.11748 1.0
32.0 47.0 32.0 157.14753 89.18213 58.01964 1.0
33.0 0.0 0.0 55.1051 48.87491 141.96648 232.0
33.0 0.0 33.0 97.1992 49.93189 149.23229 232.0
33.0 4.0 4.0 72.1291 108.4066 139.67402 7.0
33.0 4.0 33.0 97.1992 49.93189 149.23229 7.0
33.0 16.0 16.0 37.10121 39.08055 124.69934 4.0
33.0 16.0 33.0 97.1992 49.93189 149.23229 4.0
33.0 18.0 18.0 159.18802 24.8336 93.94992 1.0
33.0 18.0 33.0 97.1992 49.93189 149.23229 1.0
33.0 22.0 22.0 25.09325 80.01105 119.46541 2.0
33.0 22.0 33.0 97.1992 49.93189 149.23229 2.0
33.0 24.0 24.0 107.86124 87.21897 149.14985 509.0
33.0 24.0 33.0 97.1992 49.93189 149.23229 509.0
33.0 26.0 26.0 132.09661 45.14289 139.1222 1085.0
33.0 26.0 33.0 97.1992 49.93189 149.23229 1085.0
33.0 28.0 28.0 84.3645 38.91343 143.13033 1551.0
33.0 28.0 33.0 97.1992 49.93189 149.23229 1551.0
33.0 29.0 29.0 122.68672 20.57279 121.16187 192.0
33.0 29.0 33.0 97.1992 49.93189 149.23229 192.0
33.0 33.0 33.0 97.1992 49.93189 149.23229 2701.0
33.0 33.0 33.0 97.1992 49.93189 149.23229 2701.0
33.0 34.0 34.0 127.7491 111.27396 129.58135 2.0
33.0 34.0 33.0 97.1992 49.93189 149.23229 2.0
33.0 36.0 36.0 51.17367 19.50778 119.70943 3.0
33.0 36.0 33.0 97.1992 49.93189 149.23229 3.0
33.0 37.0 37.0 80.22218 11.0534 113.80099 85.0
33.0 37.0 33.0 97.1992 49.93189 149.23229 85.0
33.0 38.0 38.0 88.74255 68.40984 152.61296 1569.0
33.0 38.0 33.0 97.1992 49.93189 149.23229 1569.0
33.0 42.0 42.0 56.64818 85.22069 144.96884 141.0
33.0 42.0 33.0 97.1992 49.93189 149.23229 141.0
33.0 44.0 44.0 70.2498 22.71923 131.34559 107.0
33.0 44.0 33.0 97.1992 49.93189 149.23229 107.0
33.0 47.0 47.0 164.1938 62.73244 126.11748 6.0
33.0 47.0 33.0 97.1992 49.93189 149.23229 6.0
34.0 4.0 4.0 72.1291 108.4066 139.67402 937.0
34.0 4.0 34.0 127.7491 111.27396 129.58135 937.0
34.0 9.0 9.0 78.63217 139.91339 102.67306 619.0
34.0 9.0 34.0 127.7491 111.27396 129.58135 619.0
34.0 12.0 12.0 179.80233 86.34098 84.76581 93.0
34.0 12.0 34.0 127.7491 111.27396 129.58135 93.0
34.0 14.0 14.0 128.5003 116.08909 40.41728 1.0
34.0 14.0 34.0 127.7491 111.27396 129.58135 1.0
34.0 24.0 24.0 107.86124 87.21897 149.14985 2599.0
34.0 24.0 34.0 127.7491 111.27396 129.58135 2599.0
34.0 25.0 25.0 182.84828 63.97412 100.25508 23.0
34.0 25.0 34.0 127.7491 111.27396 129.58135 23.0
34.0 26.0 26.0 132.09661 45.14289 139.1222 302.0
34.0 26.0 34.0 127.7491 111.27396 129.58135 302.0
34.0 30.0 30.0 88.53302 139.92545 62.78831 82.0
34.0 30.0 34.0 127.7491 111.27396 129.58135 82.0
34.0 32.0 32.0 157.14753 89.18213 58.01964 4.0
34.0 32.0 34.0 127.7491 111.27396 129.58135 4.0
34.0 33.0 33.0 97.1992 49.93189 149.23229 6.0
34.0 33.0 34.0 127.7491 111.27396 129.58135 6.0
34.0 34.0 34.0 127.7491 111.27396 129.58135 17136.0
34.0 34.0 34.0 127.7491 111.27396 129.58135 17136.0
34.0 35.0 35.0 147.7556 121.1591 95.64799 2566.0
34.0 35.0 34.0 127.7491 111.27396 129.58135 2566.0
34.0 38.0 38.0 88.74255 68.40984 152.61296 26.0
34.0 38.0 34.0 127.7491 111.27396 129.58135 26.0
34.0 41.0 41.0 59.91805 126.09685 122.49652 393.0
34.0 41.0 34.0 127.7491 111.27396 129.58135 393.0
34.0 42.0 42.0 56.64818 85.22069 144.96884 8.0
34.0 42.0 34.0 127.7491 111.27396 129.58135 8.0
34.0 43.0 43.0 101.69224 137.72593 99.16314 1435.0
34.0 43.0 34.0 127.7491 111.27396 129.58135 1435.0
34.0 46.0 46.0 114.65497 130.2797 52.82802 9.0
34.0 46.0 34.0 127.7491 111.27396 129.58135 9.0
34.0 47.0 47.0 164.1938 62.73244 126.11748 1133.0
34.0 47.0 34.0 127.7491 111.27396 129.58135 1133.0
35.0 9.0 9.0 78.63217 139.91339 102.67306 29.0
35.0 9.0 35.0 147.7556 121.1591 95.64799 29.0
35.0 12.0 12.0 179.80233 86.34098 84.76581 1155.0
35.0 12.0 35.0 147.7556 121.1591 95.64799 1155.0
35.0 14.0 14.0 128.5003 116.08909 40.41728 311.0
35.0 14.0 35.0 147.7556 121.1591 95.64799 311.0
35.0 24.0 24.0 107.86124 87.21897 149.14985 3.0
35.0 24.0 35.0 147.7556 121.1591 95.64799 3.0
35.0 25.0 25.0 182.84828 63.97412 100.25508 82.0
35.0 25.0 35.0 147.7556 121.1591 95.64799 82.0
35.0 26.0 26.0 132.09661 45.14289 139.1222 1.0
35.0 26.0 35.0 147.7556 121.1591 95.64799 1.0
35.0 30.0 30.0 88.53302 139.92545 62.78831 746.0
35.0 30.0 35.0 147.7556 121.1591 95.64799 746.0
35.0 32.0 32.0 157.14753 89.18213 58.01964 898.0
35.0 32.0 35.0 147.7556 121.1591 95.64799 898.0
35.0 34.0 34.0 127.7491 111.27396 129.58135 2738.0
35.0 34.0 35.0 147.7556 121.1591 95.64799 2738.0
35.0 35.0 35.0 147.7556 121.1591 95.64799 11334.0
35.0 35.0 35.0 147.7556 121.1591 95.64799 11334.0
35.0 41.0 41.0 59.91805 126.09685 122.49652 2.0
35.0 41.0 35.0 147.7556 121.1591 95.64799 2.0
35.0 43.0 43.0 101.69224 137.72593 99.16314 900.0
35.0 43.0 35.0 147.7556 121.1591 95.64799 900.0
35.0 46.0 46.0 114.65497 130.2797 52.82802 1162.0
35.0 46.0 35.0 147.7556 121.1591 95.64799 1162.0
35.0 47.0 47.0 164.1938 62.73244 126.11748 340.0
35.0 47.0 35.0 147.7556 121.1591 95.64799 340.0
36.0 0.0 0.0 55.1051 48.87491 141.96648 476.0
36.0 0.0 36.0 51.17367 19.50778 119.70943 476.0
36.0 2.0 2.0 27.42087 25.30921 87.72143 517.0
36.0 2.0 36.0 51.17367 19.50778 119.70943 517.0
36.0 3.0 3.0 83.16354 3.83041 88.02609 166.0
36.0 3.0 36.0 51.17367 19.50778 119.70943 166.0
36.0 11.0 11.0 48.54159 14.10377 56.51722 65.0
36.0 11.0 36.0 51.17367 19.50778 119.70943 65.0
36.0 13.0 13.0 21.78618 31.15484 56.44481 1.0
36.0 13.0 36.0 51.17367 19.50778 119.70943 1.0
36.0 16.0 16.0 37.10121 39.08055 124.69934 950.0
36.0 16.0 36.0 51.17367 19.50778 119.70943 950.0
36.0 17.0 17.0 122.80013 11.0068 94.58015 1.0
36.0 17.0 36.0 51.17367 19.50778 119.70943 1.0
36.0 22.0 22.0 25.09325 80.01105 119.46541 9.0
36.0 22.0 36.0 51.17367 19.50778 119.70943 9.0
36.0 27.0 27.0 18.74468 45.32366 103.75228 104.0
36.0 27.0 36.0 51.17367 19.50778 119.70943 104.0
36.0 28.0 28.0 84.3645 38.91343 143.13033 92.0
36.0 28.0 36.0 51.17367 19.50778 119.70943 92.0
36.0 29.0 29.0 122.68672 20.57279 121.16187 1.0
36.0 29.0 36.0 51.17367 19.50778 119.70943 1.0
36.0 33.0 33.0 97.1992 49.93189 149.23229 3.0
36.0 33.0 36.0 51.17367 19.50778 119.70943 3.0
36.0 36.0 36.0 51.17367 19.50778 119.70943 1509.0
36.0 36.0 36.0 51.17367 19.50778 119.70943 1509.0
36.0 37.0 37.0 80.22218 11.0534 113.80099 930.0
36.0 37.0 36.0 51.17367 19.50778 119.70943 930.0
36.0 42.0 42.0 56.64818 85.22069 144.96884 1.0
36.0 42.0 36.0 51.17367 19.50778 119.70943 1.0
36.0 44.0 44.0 70.2498 22.71923 131.34559 808.0
36.0 44.0 36.0 51.17367 19.50778 119.70943 808.0
37.0 0.0 0.0 55.1051 48.87491 141.96648 69.0
37.0 0.0 37.0 80.22218 11.0534 113.80099 69.0
37.0 2.0 2.0 27.42087 25.30921 87.72143 383.0
37.0 2.0 37.0 80.22218 11.0534 113.80099 383.0
37.0 3.0 3.0 83.16354 3.83041 88.02609 2572.0
37.0 3.0 37.0 80.22218 11.0534 113.80099 2572.0
37.0 7.0 7.0 121.67355 13.44375 56.93417 2.0
37.0 7.0 37.0 80.22218 11.0534 113.80099 2.0
37.0 10.0 10.0 97.0565 3.92372 61.0922 52.0
37.0 10.0 37.0 80.22218 11.0534 113.80099 52.0
37.0 11.0 11.0 48.54159 14.10377 56.51722 279.0
37.0 11.0 37.0 80.22218 11.0534 113.80099 279.0
37.0 13.0 13.0 21.78618 31.15484 56.44481 2.0
37.0 13.0 37.0 80.22218 11.0534 113.80099 2.0
37.0 16.0 16.0 37.10121 39.08055 124.69934 161.0
37.0 16.0 37.0 80.22218 11.0534 113.80099 161.0
37.0 17.0 17.0 122.80013 11.0068 94.58015 514.0
37.0 17.0 37.0 80.22218 11.0534 113.80099 514.0
37.0 18.0 18.0 159.18802 24.8336 93.94992 3.0
37.0 18.0 37.0 80.22218 11.0534 113.80099 3.0
37.0 19.0 19.0 66.40491 15.79482 45.37671 20.0
37.0 19.0 37.0 80.22218 11.0534 113.80099 20.0
37.0 26.0 26.0 132.09661 45.14289 139.1222 113.0
37.0 26.0 37.0 80.22218 11.0534 113.80099 113.0
37.0 27.0 27.0 18.74468 45.32366 103.75228 17.0
37.0 27.0 37.0 80.22218 11.0534 113.80099 17.0
37.0 28.0 28.0 84.3645 38.91343 143.13033 770.0
37.0 28.0 37.0 80.22218 11.0534 113.80099 770.0
37.0 29.0 29.0 122.68672 20.57279 121.16187 1148.0
37.0 29.0 37.0 80.22218 11.0534 113.80099 1148.0
37.0 33.0 33.0 97.1992 49.93189 149.23229 90.0
37.0 33.0 37.0 80.22218 11.0534 113.80099 90.0
37.0 36.0 36.0 51.17367 19.50778 119.70943 863.0
37.0 36.0 37.0 80.22218 11.0534 113.80099 863.0
37.0 37.0 37.0 80.22218 11.0534 113.80099 8118.0
37.0 37.0 37.0 80.22218 11.0534 113.80099 8118.0
37.0 38.0 38.0 88.74255 68.40984 152.61296 1.0
37.0 38.0 37.0 80.22218 11.0534 113.80099 1.0
37.0 40.0 40.0 83.27061 23.52291 42.43613 1.0
37.0 40.0 37.0 80.22218 11.0534 113.80099 1.0
37.0 44.0 44.0 70.2498 22.71923 131.34559 1440.0
37.0 44.0 37.0 80.22218 11.0534 113.80099 1440.0
38.0 0.0 0.0 55.1051 48.87491 141.96648 428.0
38.0 0.0 38.0 88.74255 68.40984 152.61296 428.0
38.0 2.0 2.0 27.42087 25.30921 87.72143 1.0
38.0 2.0 38.0 88.74255 68.40984 152.61296 1.0
38.0 4.0 4.0 72.1291 108.4066 139.67402 226.0
38.0 4.0 38.0 88.74255 68.40984 152.61296 226.0
38.0 16.0 16.0 37.10121 39.08055 124.69934 9.0
38.0 16.0 38.0 88.74255 68.40984 152.61296 9.0
38.0 22.0 22.0 25.09325 80.01105 119.46541 20.0
38.0 22.0 38.0 88.74255 68.40984 152.61296 20.0
38.0 24.0 24.0 107.86124 87.21897 149.14985 1961.0
38.0 24.0 38.0 88.74255 68.40984 152.61296 1961.0
38.0 26.0 26.0 132.09661 45.14289 139.1222 382.0
38.0 26.0 38.0 88.74255 68.40984 152.61296 382.0
38.0 28.0 28.0 84.3645 38.91343 143.13033 590.0
38.0 28.0 38.0 88.74255 68.40984 152.61296 590.0
38.0 29.0 29.0 122.68672 20.57279 121.16187 5.0
38.0 29.0 38.0 88.74255 68.40984 152.61296 5.0
38.0 33.0 33.0 97.1992 49.93189 149.23229 1513.0
38.0 33.0 38.0 88.74255 68.40984 152.61296 1513.0
38.0 34.0 34.0 127.7491 111.27396 129.58135 34.0
38.0 34.0 38.0 88.74255 68.40984 152.61296 34.0
38.0 36.0 36.0 51.17367 19.50778 119.70943 2.0
38.0 36.0 38.0 88.74255 68.40984 152.61296 2.0
38.0 37.0 37.0 80.22218 11.0534 113.80099 1.0
38.0 37.0 38.0 88.74255 68.40984 152.61296 1.0
38.0 38.0 38.0 88.74255 68.40984 152.61296 3195.0
38.0 38.0 38.0 88.74255 68.40984 152.61296 3195.0
38.0 41.0 41.0 59.91805 126.09685 122.49652 3.0
38.0 41.0 38.0 88.74255 68.40984 152.61296 3.0
38.0 42.0 42.0 56.64818 85.22069 144.96884 1106.0
38.0 42.0 38.0 88.74255 68.40984 152.61296 1106.0
38.0 44.0 44.0 70.2498 22.71923 131.34559 9.0
38.0 44.0 38.0 88.74255 68.40984 152.61296 9.0
38.0 47.0 47.0 164.1938 62.73244 126.11748 5.0
38.0 47.0 38.0 88.74255 68.40984 152.61296 5.0
39.0 1.0 1.0 66.22648 89.14981 7.43788 290.0
39.0 1.0 39.0 21.84949 50.12985 32.73513 290.0
39.0 2.0 2.0 27.42087 25.30921 87.72143 150.0
39.0 2.0 39.0 21.84949 50.12985 32.73513 150.0
39.0 6.0 6.0 5.46193 84.69487 74.39057 1362.0
39.0 6.0 39.0 21.84949 50.12985 32.73513 1362.0
39.0 11.0 11.0 48.54159 14.10377 56.51722 906.0
39.0 11.0 39.0 21.84949 50.12985 32.73513 906.0
39.0 13.0 13.0 21.78618 31.15484 56.44481 1849.0
39.0 13.0 39.0 21.84949 50.12985 32.73513 1849.0
39.0 19.0 19.0 66.40491 15.79482 45.37671 257.0
39.0 19.0 39.0 21.84949 50.12985 32.73513 257.0
39.0 20.0 20.0 85.04264 53.69796 22.29932 497.0
39.0 20.0 39.0 21.84949 50.12985 32.73513 497.0
39.0 21.0 21.0 28.32345 78.07842 19.25889 2164.0
39.0 21.0 39.0 21.84949 50.12985 32.73513 2164.0
39.0 22.0 22.0 25.09325 80.01105 119.46541 1.0
39.0 22.0 39.0 21.84949 50.12985 32.73513 1.0
39.0 27.0 27.0 18.74468 45.32366 103.75228 21.0
39.0 27.0 39.0 21.84949 50.12985 32.73513 21.0
39.0 39.0 39.0 21.84949 50.12985 32.73513 9826.0
39.0 39.0 39.0 21.84949 50.12985 32.73513 9826.0
39.0 40.0 40.0 83.27061 23.52291 42.43613 26.0
39.0 40.0 39.0 21.84949 50.12985 32.73513 26.0
39.0 45.0 45.0 35.07472 116.28977 28.47604 75.0
39.0 45.0 39.0 21.84949 50.12985 32.73513 75.0
40.0 1.0 1.0 66.22648 89.14981 7.43788 10.0
40.0 1.0 40.0 83.27061 23.52291 42.43613 10.0
40.0 3.0 3.0 83.16354 3.83041 88.02609 131.0
40.0 3.0 40.0 83.27061 23.52291 42.43613 131.0
40.0 7.0 7.0 121.67355 13.44375 56.93417 278.0
40.0 7.0 40.0 83.27061 23.52291 42.43613 278.0
40.0 8.0 8.0 89.79425 90.71919 30.41946 1.0
40.0 8.0 40.0 83.27061 23.52291 42.43613 1.0
40.0 10.0 10.0 97.0565 3.92372 61.0922 1255.0
40.0 10.0 40.0 83.27061 23.52291 42.43613 1255.0
40.0 11.0 11.0 48.54159 14.10377 56.51722 468.0
40.0 11.0 40.0 83.27061 23.52291 42.43613 468.0
40.0 13.0 13.0 21.78618 31.15484 56.44481 4.0
40.0 13.0 40.0 83.27061 23.52291 42.43613 4.0
40.0 15.0 15.0 145.07926 26.51128 64.70637 6.0
40.0 15.0 40.0 83.27061 23.52291 42.43613 6.0
40.0 17.0 17.0 122.80013 11.0068 94.58015 2.0
40.0 17.0 40.0 83.27061 23.52291 42.43613 2.0
40.0 19.0 19.0 66.40491 15.79482 45.37671 1481.0
40.0 19.0 40.0 83.27061 23.52291 42.43613 1481.0
40.0 20.0 20.0 85.04264 53.69796 22.29932 1731.0
40.0 20.0 40.0 83.27061 23.52291 42.43613 1731.0
40.0 21.0 21.0 28.32345 78.07842 19.25889 5.0
40.0 21.0 40.0 83.27061 23.52291 42.43613 5.0
40.0 31.0 31.0 121.51987 38.88349 36.01079 1092.0
40.0 31.0 40.0 83.27061 23.52291 42.43613 1092.0
40.0 37.0 37.0 80.22218 11.0534 113.80099 3.0
40.0 37.0 40.0 83.27061 23.52291 42.43613 3.0
40.0 39.0 39.0 21.84949 50.12985 32.73513 32.0
40.0 39.0 40.0 83.27061 23.52291 42.43613 32.0
40.0 40.0 40.0 83.27061 23.52291 42.43613 4462.0
40.0 40.0 40.0 83.27061 23.52291 42.43613 4462.0
41.0 0.0 0.0 55.1051 48.87491 141.96648 2.0
41.0 0.0 41.0 59.91805 126.09685 122.49652 2.0
41.0 4.0 4.0 72.1291 108.4066 139.67402 2774.0
41.0 4.0 41.0 59.91805 126.09685 122.49652 2774.0
41.0 5.0 5.0 42.62924 127.26103 106.30501 126.0
41.0 5.0 41.0 59.91805 126.09685 122.49652 126.0
41.0 6.0 6.0 5.46193 84.69487 74.39057 23.0
41.0 6.0 41.0 59.91805 126.09685 122.49652 23.0
41.0 9.0 9.0 78.63217 139.91339 102.67306 2327.0
41.0 9.0 41.0 59.91805 126.09685 122.49652 2327.0
41.0 22.0 22.0 25.09325 80.01105 119.46541 822.0
41.0 22.0 41.0 59.91805 126.09685 122.49652 822.0
41.0 24.0 24.0 107.86124 87.21897 149.14985 82.0
41.0 24.0 41.0 59.91805 126.09685 122.49652 82.0
41.0 28.0 28.0 84.3645 38.91343 143.13033 1.0
41.0 28.0 41.0 59.91805 126.09685 122.49652 1.0
41.0 30.0 30.0 88.53302 139.92545 62.78831 33.0
41.0 30.0 41.0 59.91805 126.09685 122.49652 33.0
41.0 34.0 34.0 127.7491 111.27396 129.58135 404.0
41.0 34.0 41.0 59.91805 126.09685 122.49652 404.0
41.0 38.0 38.0 88.74255 68.40984 152.61296 2.0
41.0 38.0 41.0 59.91805 126.09685 122.49652 2.0
41.0 41.0 41.0 59.91805 126.09685 122.49652 10817.0
41.0 41.0 41.0 59.91805 126.09685 122.49652 10817.0
41.0 42.0 42.0 56.64818 85.22069 144.96884 381.0
41.0 42.0 41.0 59.91805 126.09685 122.49652 381.0
41.0 43.0 43.0 101.69224 137.72593 99.16314 334.0
41.0 43.0 41.0 59.91805 126.09685 122.49652 334.0
42.0 0.0 0.0 55.1051 48.87491 141.96648 849.0
42.0 0.0 42.0 56.64818 85.22069 144.96884 849.0
42.0 4.0 4.0 72.1291 108.4066 139.67402 2121.0
42.0 4.0 42.0 56.64818 85.22069 144.96884 2121.0
42.0 5.0 5.0 42.62924 127.26103 106.30501 3.0
42.0 5.0 42.0 56.64818 85.22069 144.96884 3.0
42.0 16.0 16.0 37.10121 39.08055 124.69934 148.0
42.0 16.0 42.0 56.64818 85.22069 144.96884 148.0
42.0 22.0 22.0 25.09325 80.01105 119.46541 1591.0
42.0 22.0 42.0 56.64818 85.22069 144.96884 1591.0
42.0 24.0 24.0 107.86124 87.21897 149.14985 539.0
42.0 24.0 42.0 56.64818 85.22069 144.96884 539.0
42.0 27.0 27.0 18.74468 45.32366 103.75228 2.0
42.0 27.0 42.0 56.64818 85.22069 144.96884 2.0
42.0 28.0 28.0 84.3645 38.91343 143.13033 199.0
42.0 28.0 42.0 56.64818 85.22069 144.96884 199.0
42.0 33.0 33.0 97.1992 49.93189 149.23229 129.0
42.0 33.0 42.0 56.64818 85.22069 144.96884 129.0
42.0 34.0 34.0 127.7491 111.27396 129.58135 5.0
42.0 34.0 42.0 56.64818 85.22069 144.96884 5.0
42.0 36.0 36.0 51.17367 19.50778 119.70943 2.0
42.0 36.0 42.0 56.64818 85.22069 144.96884 2.0
42.0 38.0 38.0 88.74255 68.40984 152.61296 1130.0
42.0 38.0 42.0 56.64818 85.22069 144.96884 1130.0
42.0 41.0 41.0 59.91805 126.09685 122.49652 410.0
42.0 41.0 42.0 56.64818 85.22069 144.96884 410.0
42.0 42.0 42.0 56.64818 85.22069 144.96884 5753.0
42.0 42.0 42.0 56.64818 85.22069 144.96884 5753.0
42.0 44.0 44.0 70.2498 22.71923 131.34559 2.0
42.0 44.0 42.0 56.64818 85.22069 144.96884 2.0
43.0 4.0 4.0 72.1291 108.4066 139.67402 75.0
43.0 4.0 43.0 101.69224 137.72593 99.16314 75.0
43.0 5.0 5.0 42.62924 127.26103 106.30501 3.0
43.0 5.0 43.0 101.69224 137.72593 99.16314 3.0
43.0 9.0 9.0 78.63217 139.91339 102.67306 2134.0
43.0 9.0 43.0 101.69224 137.72593 99.16314 2134.0
43.0 14.0 14.0 128.5003 116.08909 40.41728 1.0
43.0 14.0 43.0 101.69224 137.72593 99.16314 1.0
43.0 24.0 24.0 107.86124 87.21897 149.14985 7.0
43.0 24.0 43.0 101.69224 137.72593 99.16314 7.0
43.0 30.0 30.0 88.53302 139.92545 62.78831 2072.0
43.0 30.0 43.0 101.69224 137.72593 99.16314 2072.0
43.0 34.0 34.0 127.7491 111.27396 129.58135 1420.0
43.0 34.0 43.0 101.69224 137.72593 99.16314 1420.0
43.0 35.0 35.0 147.7556 121.1591 95.64799 865.0
43.0 35.0 43.0 101.69224 137.72593 99.16314 865.0
43.0 37.0 37.0 80.22218 11.0534 113.80099 1.0
43.0 37.0 43.0 101.69224 137.72593 99.16314 1.0
43.0 41.0 41.0 59.91805 126.09685 122.49652 271.0
43.0 41.0 43.0 101.69224 137.72593 99.16314 271.0
43.0 43.0 43.0 101.69224 137.72593 99.16314 4840.0
43.0 43.0 43.0 101.69224 137.72593 99.16314 4840.0
43.0 45.0 45.0 35.07472 116.28977 28.47604 1.0
43.0 45.0 43.0 101.69224 137.72593 99.16314 1.0
43.0 46.0 46.0 114.65497 130.2797 52.82802 153.0
43.0 46.0 43.0 101.69224 137.72593 99.16314 153.0
44.0 0.0 0.0 55.1051 48.87491 141.96648 620.0
44.0 0.0 44.0 70.2498 22.71923 131.34559 620.0
44.0 2.0 2.0 27.42087 25.30921 87.72143 34.0
44.0 2.0 44.0 70.2498 22.71923 131.34559 34.0
44.0 3.0 3.0 83.16354 3.83041 88.02609 63.0
44.0 3.0 44.0 70.2498 22.71923 131.34559 63.0
44.0 6.0 6.0 5.46193 84.69487 74.39057 1.0
44.0 6.0 44.0 70.2498 22.71923 131.34559 1.0
44.0 11.0 11.0 48.54159 14.10377 56.51722 1.0
44.0 11.0 44.0 70.2498 22.71923 131.34559 1.0
44.0 16.0 16.0 37.10121 39.08055 124.69934 229.0
44.0 16.0 44.0 70.2498 22.71923 131.34559 229.0
44.0 17.0 17.0 122.80013 11.0068 94.58015 4.0
44.0 17.0 44.0 70.2498 22.71923 131.34559 4.0
44.0 22.0 22.0 25.09325 80.01105 119.46541 5.0
44.0 22.0 44.0 70.2498 22.71923 131.34559 5.0
44.0 26.0 26.0 132.09661 45.14289 139.1222 21.0
44.0 26.0 44.0 70.2498 22.71923 131.34559 21.0
44.0 27.0 27.0 18.74468 45.32366 103.75228 3.0
44.0 27.0 44.0 70.2498 22.71923 131.34559 3.0
44.0 28.0 28.0 84.3645 38.91343 143.13033 899.0
44.0 28.0 44.0 70.2498 22.71923 131.34559 899.0
44.0 29.0 29.0 122.68672 20.57279 121.16187 74.0
44.0 29.0 44.0 70.2498 22.71923 131.34559 74.0
44.0 33.0 33.0 97.1992 49.93189 149.23229 102.0
44.0 33.0 44.0 70.2498 22.71923 131.34559 102.0
44.0 36.0 36.0 51.17367 19.50778 119.70943 766.0
44.0 36.0 44.0 70.2498 22.71923 131.34559 766.0
44.0 37.0 37.0 80.22218 11.0534 113.80099 1505.0
44.0 37.0 44.0 70.2498 22.71923 131.34559 1505.0
44.0 38.0 38.0 88.74255 68.40984 152.61296 18.0
44.0 38.0 44.0 70.2498 22.71923 131.34559 18.0
44.0 41.0 41.0 59.91805 126.09685 122.49652 1.0
44.0 41.0 44.0 70.2498 22.71923 131.34559 1.0
44.0 42.0 42.0 56.64818 85.22069 144.96884 1.0
44.0 42.0 44.0 70.2498 22.71923 131.34559 1.0
44.0 44.0 44.0 70.2498 22.71923 131.34559 1873.0
44.0 44.0 44.0 70.2498 22.71923 131.34559 1873.0
45.0 1.0 1.0 66.22648 89.14981 7.43788 1933.0
45.0 1.0 45.0 35.07472 116.28977 28.47604 1933.0
45.0 5.0 5.0 42.62924 127.26103 106.30501 1.0
45.0 5.0 45.0 35.07472 116.28977 28.47604 1.0
45.0 6.0 6.0 5.46193 84.69487 74.39057 1153.0
45.0 6.0 45.0 35.07472 116.28977 28.47604 1153.0
45.0 8.0 8.0 89.79425 90.71919 30.41946 10.0
45.0 8.0 45.0 35.07472 116.28977 28.47604 10.0
45.0 9.0 9.0 78.63217 139.91339 102.67306 5.0
45.0 9.0 45.0 35.07472 116.28977 28.47604 5.0
45.0 14.0 14.0 128.5003 116.08909 40.41728 4.0
45.0 14.0 45.0 35.07472 116.28977 28.47604 4.0
45.0 21.0 21.0 28.32345 78.07842 19.25889 1862.0
45.0 21.0 45.0 35.07472 116.28977 28.47604 1862.0
45.0 22.0 22.0 25.09325 80.01105 119.46541 1.0
45.0 22.0 45.0 35.07472 116.28977 28.47604 1.0
45.0 30.0 30.0 88.53302 139.92545 62.78831 1042.0
45.0 30.0 45.0 35.07472 116.28977 28.47604 1042.0
45.0 39.0 39.0 21.84949 50.12985 32.73513 76.0
45.0 39.0 45.0 35.07472 116.28977 28.47604 76.0
45.0 45.0 45.0 35.07472 116.28977 28.47604 14674.0
45.0 45.0 45.0 35.07472 116.28977 28.47604 14674.0
45.0 46.0 46.0 114.65497 130.2797 52.82802 68.0
45.0 46.0 45.0 35.07472 116.28977 28.47604 68.0
46.0 1.0 1.0 66.22648 89.14981 7.43788 188.0
46.0 1.0 46.0 114.65497 130.2797 52.82802 188.0
46.0 8.0 8.0 89.79425 90.71919 30.41946 24.0
46.0 8.0 46.0 114.65497 130.2797 52.82802 24.0
46.0 9.0 9.0 78.63217 139.91339 102.67306 8.0
46.0 9.0 46.0 114.65497 130.2797 52.82802 8.0
46.0 12.0 12.0 179.80233 86.34098 84.76581 4.0
46.0 12.0 46.0 114.65497 130.2797 52.82802 4.0
46.0 14.0 14.0 128.5003 116.08909 40.41728 3112.0
46.0 14.0 46.0 114.65497 130.2797 52.82802 3112.0
46.0 20.0 20.0 85.04264 53.69796 22.29932 3.0
46.0 20.0 46.0 114.65497 130.2797 52.82802 3.0
46.0 30.0 30.0 88.53302 139.92545 62.78831 3649.0
46.0 30.0 46.0 114.65497 130.2797 52.82802 3649.0
46.0 32.0 32.0 157.14753 89.18213 58.01964 288.0
46.0 32.0 46.0 114.65497 130.2797 52.82802 288.0
46.0 34.0 34.0 127.7491 111.27396 129.58135 16.0
46.0 34.0 46.0 114.65497 130.2797 52.82802 16.0
46.0 35.0 35.0 147.7556 121.1591 95.64799 1107.0
46.0 35.0 46.0 114.65497 130.2797 52.82802 1107.0
46.0 43.0 43.0 101.69224 137.72593 99.16314 154.0
46.0 43.0 46.0 114.65497 130.2797 52.82802 154.0
46.0 45.0 45.0 35.07472 116.28977 28.47604 52.0
46.0 45.0 46.0 114.65497 130.2797 52.82802 52.0
46.0 46.0 46.0 114.65497 130.2797 52.82802 7438.0
46.0 46.0 46.0 114.65497 130.2797 52.82802 7438.0
47.0 12.0 12.0 179.80233 86.34098 84.76581 396.0
47.0 12.0 47.0 164.1938 62.73244 126.11748 396.0
47.0 15.0 15.0 145.07926 26.51128 64.70637 9.0
47.0 15.0 47.0 164.1938 62.73244 126.11748 9.0
47.0 17.0 17.0 122.80013 11.0068 94.58015 18.0
47.0 17.0 47.0 164.1938 62.73244 126.11748 18.0
47.0 18.0 18.0 159.18802 24.8336 93.94992 651.0
47.0 18.0 47.0 164.1938 62.73244 126.11748 651.0
47.0 23.0 23.0 173.47574 43.55545 76.96093 344.0
47.0 23.0 47.0 164.1938 62.73244 126.11748 344.0
47.0 24.0 24.0 107.86124 87.21897 149.14985 210.0
47.0 24.0 47.0 164.1938 62.73244 126.11748 210.0
47.0 25.0 25.0 182.84828 63.97412 100.25508 1187.0
47.0 25.0 47.0 164.1938 62.73244 126.11748 1187.0
47.0 26.0 26.0 132.09661 45.14289 139.1222 1890.0
47.0 26.0 47.0 164.1938 62.73244 126.11748 1890.0
47.0 29.0 29.0 122.68672 20.57279 121.16187 258.0
47.0 29.0 47.0 164.1938 62.73244 126.11748 258.0
47.0 32.0 32.0 157.14753 89.18213 58.01964 4.0
47.0 32.0 47.0 164.1938 62.73244 126.11748 4.0
47.0 33.0 33.0 97.1992 49.93189 149.23229 5.0
47.0 33.0 47.0 164.1938 62.73244 126.11748 5.0
47.0 34.0 34.0 127.7491 111.27396 129.58135 1260.0
47.0 34.0 47.0 164.1938 62.73244 126.11748 1260.0
47.0 35.0 35.0 147.7556 121.1591 95.64799 347.0
47.0 35.0 47.0 164.1938 62.73244 126.11748 347.0
47.0 37.0 37.0 80.22218 11.0534 113.80099 1.0
47.0 37.0 47.0 164.1938 62.73244 126.11748 1.0
47.0 38.0 38.0 88.74255 68.40984 152.61296 5.0
47.0 38.0 47.0 164.1938 62.73244 126.11748 5.0
47.0 47.0 47.0 164.1938 62.73244 126.11748 8841.0
47.0 47.0 47.0 164.1938 62.73244 126.11748 8841.0
