TargetArea SourceArea Area AvgPosX AvgPosY AvgPosZ SumWeights
0.0 0.0 0.0 55.10416 48.90219 141.97568 3809.0
0.0 0.0 0.0 55.10416 48.90219 141.97568 3809.0
0.0 2.0 2.0 27.4206 25.3131 87.7278 7.0
0.0 2.0 0.0 55.10416 48.90219 141.97568 7.0
0.0 4.0 4.0 72.09874 108.4082 139.67054 12.0
0.0 4.0 0.0 55.10416 48.90219 141.97568 12.0
0.0 16.0 16.0 37.10618 39.11716 124.72461 1310.0
0.0 16.0 0.0 55.10416 48.90219 141.97568 1310.0
0.0 22.0 22.0 25.10858 80.12172 119.47299 557.0
0.0 22.0 0.0 55.10416 48.90219 141.97568 557.0
0.0 24.0 24.0 107.85481 87.23682 149.14281 14.0
0.0 24.0 0.0 55.10416 48.90219 141.97568 14.0
0.0 26.0 26.0 132.0917 45.11304 139.11249 1.0
0.0 26.0 0.0 55.10416 48.90219 141.97568 1.0
0.0 27.0 27.0 18.71664 45.36078 103.73101 36.0
0.0 27.0 0.0 55.10416 48.90219 141.97568 36.0
0.0 28.0 28.0 84.35962 38.91041 143.12941 1112.0
0.0 28.0 0.0 55.10416 48.90219 141.97568 1112.0
0.0 29.0 29.0 122.74866 20.58496 121.14503 2.0
0.0 29.0 0.0 55.10416 48.90219 141.97568 2.0
0.0 33.0 33.0 97.24868 49.92824 149.22963 270.0
0.0 33.0 0.0 55.10416 48.90219 141.97568 270.0
0.0 36.0 36.0 51.18408 19.50247 119.71858 470.0
0.0 36.0 0.0 55.10416 48.90219 141.97568 470.0
0.0 37.0 37.0 80.32022 11.06207 113.82789 83.0
0.0 37.0 0.0 55.10416 48.90219 141.97568 83.0
0.0 38.0 38.0 88.72452 68.42525 152.61445 410.0
0.0 38.0 0.0 55.10416 48.90219 141.97568 410.0
0.0 41.0 41.0 59.92443 126.09673 122.50475 2.0
0.0 41.0 0.0 55.10416 48.90219 141.97568 2.0
0.0 42.0 42.0 56.62501 85.26841 144.94905 890.0
0.0 42.0 0.0 55.10416 48.90219 141.97568 890.0
0.0 44.0 44.0 70.24339 22.71903 131.34628 645.0
0.0 44.0 0.0 55.10416 48.90219 141.97568 645.0
1.0 1.0 1.0 66.23463 89.1566 7.40122 12431.0
1.0 1.0 1.0 66.23463 89.1566 7.40122 12431.0
1.0 8.0 8.0 89.97336 90.39491 30.39457 118.0
1.0 8.0 1.0 66.23463 89.1566 7.40122 118.0
1.0 11.0 11.0 48.53191 14.11254 56.51874 15.0
1.0 11.0 1.0 66.23463 89.1566 7.40122 15.0
1.0 13.0 13.0 21.7963 31.15299 56.43522 1.0
1.0 13.0 1.0 66.23463 89.1566 7.40122 1.0
1.0 14.0 14.0 128.44378 116.10231 40.36772 87.0
1.0 14.0 1.0 66.23463 89.1566 7.40122 87.0
1.0 19.0 19.0 66.40177 15.78635 45.3863 26.0
1.0 19.0 1.0 66.23463 89.1566 7.40122 26.0
1.0 20.0 20.0 85.0858 53.75667 22.29623 2398.0
1.0 20.0 1.0 66.23463 89.1566 7.40122 2398.0
1.0 21.0 21.0 28.33472 78.10451 19.25219 1381.0
1.0 21.0 1.0 66.23463 89.1566 7.40122 1381.0
1.0 30.0 30.0 88.5034 139.95221 62.80646 434.0
1.0 30.0 1.0 66.23463 89.1566 7.40122 434.0
1.0 31.0 31.0 121.48864 38.87949 35.97391 4.0
1.0 31.0 1.0 66.23463 89.1566 7.40122 4.0
1.0 39.0 39.0 21.86389 50.09967 32.74874 277.0
1.0 39.0 1.0 66.23463 89.1566 7.40122 277.0
1.0 40.0 40.0 83.29109 23.581 42.39059 12.0
1.0 40.0 1.0 66.23463 89.1566 7.40122 12.0
1.0 45.0 45.0 35.10118 116.26254 28.39859 1820.0
1.0 45.0 1.0 66.23463 89.1566 7.40122 1820.0
1.0 46.0 46.0 114.55963 130.29121 52.72658 231.0
1.0 46.0 1.0 66.23463 89.1566 7.40122 231.0
2.0 0.0 0.0 55.10416 48.90219 141.97568 6.0
2.0 0.0 2.0 27.4206 25.3131 87.7278 6.0
2.0 2.0 2.0 27.4206 25.3131 87.7278 6525.0
2.0 2.0 2.0 27.4206 25.3131 87.7278 6525.0
2.0 3.0 3.0 83.25527 3.84008 88.05408 334.0
2.0 3.0 2.0 27.4206 25.3131 87.7278 334.0
2.0 6.0 6.0 5.48566 84.8538 74.44523 449.0
2.0 6.0 2.0 27.4206 25.3131 87.7278 449.0
2.0 10.0 10.0 97.08396 3.92801 61.09113 1.0
2.0 10.0 2.0 27.4206 25.3131 87.7278 1.0
2.0 11.0 11.0 48.53191 14.11254 56.51874 1332.0
2.0 11.0 2.0 27.4206 25.3131 87.7278 1332.0
2.0 13.0 13.0 21.7963 31.15299 56.43522 1350.0
2.0 13.0 2.0 27.4206 25.3131 87.7278 1350.0
2.0 16.0 16.0 37.10618 39.11716 124.72461 717.0
2.0 16.0 2.0 27.4206 25.3131 87.7278 717.0
2.0 19.0 19.0 66.40177 15.78635 45.3863 9.0
2.0 19.0 2.0 27.4206 25.3131 87.7278 9.0
2.0 20.0 20.0 85.0858 53.75667 22.29623 1.0
2.0 20.0 2.0 27.4206 25.3131 87.7278 1.0
2.0 22.0 22.0 25.10858 80.12172 119.47299 59.0
2.0 22.0 2.0 27.4206 25.3131 87.7278 59.0
2.0 27.0 27.0 18.71664 45.36078 103.73101 1579.0
2.0 27.0 2.0 27.4206 25.3131 87.7278 1579.0
2.0 36.0 36.0 51.18408 19.50247 119.71858 529.0
2.0 36.0 2.0 27.4206 25.3131 87.7278 529.0
2.0 37.0 37.0 80.32022 11.06207 113.82789 459.0
2.0 37.0 2.0 27.4206 25.3131 87.7278 459.0
2.0 39.0 39.0 21.86389 50.09967 32.74874 155.0
2.0 39.0 2.0 27.4206 25.3131 87.7278 155.0
2.0 40.0 40.0 83.29109 23.581 42.39059 1.0
2.0 40.0 2.0 27.4206 25.3131 87.7278 1.0
2.0 44.0 44.0 70.24339 22.71903 131.34628 32.0
2.0 44.0 2.0 27.4206 25.3131 87.7278 32.0
3.0 2.0 2.0 27.4206 25.3131 87.7278 289.0
3.0 2.0 3.0 83.25527 3.84008 88.05408 289.0
3.0 3.0 3.0 83.25527 3.84008 88.05408 7022.0
3.0 3.0 3.0 83.25527 3.84008 88.05408 7022.0
3.0 7.0 7.0 121.67629 13.45822 56.88763 247.0
3.0 7.0 3.0 83.25527 3.84008 88.05408 247.0
3.0 10.0 10.0 97.08396 3.92801 61.09113 1563.0
3.0 10.0 3.0 83.25527 3.84008 88.05408 1563.0
3.0 11.0 11.0 48.53191 14.11254 56.51874 1013.0
3.0 11.0 3.0 83.25527 3.84008 88.05408 1013.0
3.0 13.0 13.0 21.7963 31.15299 56.43522 7.0
3.0 13.0 3.0 83.25527 3.84008 88.05408 7.0
3.0 15.0 15.0 145.10268 26.536 64.67471 22.0
3.0 15.0 3.0 83.25527 3.84008 88.05408 22.0
3.0 16.0 16.0 37.10618 39.11716 124.72461 11.0
3.0 16.0 3.0 83.25527 3.84008 88.05408 11.0
3.0 17.0 17.0 122.80151 11.00903 94.61663 1197.0
3.0 17.0 3.0 83.25527 3.84008 88.05408 1197.0
3.0 19.0 19.0 66.40177 15.78635 45.3863 404.0
3.0 19.0 3.0 83.25527 3.84008 88.05408 404.0
3.0 27.0 27.0 18.71664 45.36078 103.73101 1.0
3.0 27.0 3.0 83.25527 3.84008 88.05408 1.0
3.0 28.0 28.0 84.35962 38.91041 143.12941 2.0
3.0 28.0 3.0 83.25527 3.84008 88.05408 2.0
3.0 29.0 29.0 122.74866 20.58496 121.14503 203.0
3.0 29.0 3.0 83.25527 3.84008 88.05408 203.0
3.0 31.0 31.0 121.48864 38.87949 35.97391 1.0
3.0 31.0 3.0 83.25527 3.84008 88.05408 1.0
3.0 36.0 36.0 51.18408 19.50247 119.71858 143.0
3.0 36.0 3.0 83.25527 3.84008 88.05408 143.0
3.0 37.0 37.0 80.32022 11.06207 113.82789 2566.0
3.0 37.0 3.0 83.25527 3.84008 88.05408 2566.0
3.0 40.0 40.0 83.29109 23.581 42.39059 139.0
3.0 40.0 3.0 83.25527 3.84008 88.05408 139.0
3.0 44.0 44.0 70.24339 22.71903 131.34628 62.0
3.0 44.0 3.0 83.25527 3.84008 88.05408 62.0
4.0 0.0 0.0 55.10416 48.90219 141.97568 18.0
4.0 0.0 4.0 72.09874 108.4082 139.67054 18.0
4.0 4.0 4.0 72.09874 108.4082 139.67054 6733.0
4.0 4.0 4.0 72.09874 108.4082 139.67054 6733.0
4.0 5.0 5.0 42.35456 126.98821 106.4231 4.0
4.0 5.0 4.0 72.09874 108.4082 139.67054 4.0
4.0 6.0 6.0 5.48566 84.8538 74.44523 2.0
4.0 6.0 4.0 72.09874 108.4082 139.67054 2.0
4.0 9.0 9.0 78.62371 139.91505 102.70385 304.0
4.0 9.0 4.0 72.09874 108.4082 139.67054 304.0
4.0 16.0 16.0 37.10618 39.11716 124.72461 1.0
4.0 16.0 4.0 72.09874 108.4082 139.67054 1.0
4.0 22.0 22.0 25.10858 80.12172 119.47299 463.0
4.0 22.0 4.0 72.09874 108.4082 139.67054 463.0
4.0 24.0 24.0 107.85481 87.23682 149.14281 1459.0
4.0 24.0 4.0 72.09874 108.4082 139.67054 1459.0
4.0 26.0 26.0 132.0917 45.11304 139.11249 1.0
4.0 26.0 4.0 72.09874 108.4082 139.67054 1.0
4.0 28.0 28.0 84.35962 38.91041 143.12941 5.0
4.0 28.0 4.0 72.09874 108.4082 139.67054 5.0
4.0 33.0 33.0 97.24868 49.92824 149.22963 9.0
4.0 33.0 4.0 72.09874 108.4082 139.67054 9.0
4.0 34.0 34.0 127.71148 111.29153 129.58347 914.0
4.0 34.0 4.0 72.09874 108.4082 139.67054 914.0
4.0 38.0 38.0 88.72452 68.42525 152.61445 216.0
4.0 38.0 4.0 72.09874 108.4082 139.67054 216.0
4.0 41.0 41.0 59.92443 126.09673 122.50475 2733.0
4.0 41.0 4.0 72.09874 108.4082 139.67054 2733.0
4.0 42.0 42.0 56.62501 85.26841 144.94905 2083.0
4.0 42.0 4.0 72.09874 108.4082 139.67054 2083.0
4.0 43.0 43.0 101.64807 137.74135 99.15154 74.0
4.0 43.0 4.0 72.09874 108.4082 139.67054 74.0
5.0 4.0 4.0 72.09874 108.4082 139.67054 5.0
5.0 4.0 5.0 42.35456 126.98821 106.4231 5.0
5.0 5.0 5.0 42.35456 126.98821 106.4231 2.0
5.0 5.0 5.0 42.35456 126.98821 106.4231 2.0
5.0 6.0 6.0 5.48566 84.8538 74.44523 15.0
5.0 6.0 5.0 42.35456 126.98821 106.4231 15.0
5.0 9.0 9.0 78.62371 139.91505 102.70385 54.0
5.0 9.0 5.0 42.35456 126.98821 106.4231 54.0
5.0 22.0 22.0 25.10858 80.12172 119.47299 33.0
5.0 22.0 5.0 42.35456 126.98821 106.4231 33.0
5.0 30.0 30.0 88.5034 139.95221 62.80646 5.0
5.0 30.0 5.0 42.35456 126.98821 106.4231 5.0
5.0 41.0 41.0 59.92443 126.09673 122.50475 130.0
5.0 41.0 5.0 42.35456 126.98821 106.4231 130.0
5.0 42.0 42.0 56.62501 85.26841 144.94905 4.0
5.0 42.0 5.0 42.35456 126.98821 106.4231 4.0
5.0 43.0 43.0 101.64807 137.74135 99.15154 1.0
5.0 43.0 5.0 42.35456 126.98821 106.4231 1.0
6.0 2.0 2.0 27.4206 25.3131 87.7278 526.0
6.0 2.0 6.0 5.48566 84.8538 74.44523 526.0
6.0 4.0 4.0 72.09874 108.4082 139.67054 3.0
6.0 4.0 6.0 5.48566 84.8538 74.44523 3.0
6.0 5.0 5.0 42.35456 126.98821 106.4231 7.0
6.0 5.0 6.0 5.48566 84.8538 74.44523 7.0
6.0 6.0 6.0 5.48566 84.8538 74.44523 17111.0
6.0 6.0 6.0 5.48566 84.8538 74.44523 17111.0
6.0 11.0 11.0 48.53191 14.11254 56.51874 2.0
6.0 11.0 6.0 5.48566 84.8538 74.44523 2.0
6.0 13.0 13.0 21.7963 31.15299 56.43522 468.0
6.0 13.0 6.0 5.48566 84.8538 74.44523 468.0
6.0 16.0 16.0 37.10618 39.11716 124.72461 6.0
6.0 16.0 6.0 5.48566 84.8538 74.44523 6.0
6.0 21.0 21.0 28.33472 78.10451 19.25219 658.0
6.0 21.0 6.0 5.48566 84.8538 74.44523 658.0
6.0 22.0 22.0 25.10858 80.12172 119.47299 2263.0
6.0 22.0 6.0 5.48566 84.8538 74.44523 2263.0
6.0 27.0 27.0 18.71664 45.36078 103.73101 855.0
6.0 27.0 6.0 5.48566 84.8538 74.44523 855.0
6.0 39.0 39.0 21.86389 50.09967 32.74874 1306.0
6.0 39.0 6.0 5.48566 84.8538 74.44523 1306.0
6.0 41.0 41.0 59.92443 126.09673 122.50475 27.0
6.0 41.0 6.0 5.48566 84.8538 74.44523 27.0
6.0 42.0 42.0 56.62501 85.26841 144.94905 1.0
6.0 42.0 6.0 5.48566 84.8538 74.44523 1.0
6.0 45.0 45.0 35.10118 116.26254 28.39859 1094.0
6.0 45.0 6.0 5.48566 84.8538 74.44523 1094.0
7.0 3.0 3.0 83.25527 3.84008 88.05408 209.0
7.0 3.0 7.0 121.67629 13.45822 56.88763 209.0
7.0 7.0 7.0 121.67629 13.45822 56.88763 4102.0
7.0 7.0 7.0 121.67629 13.45822 56.88763 4102.0
7.0 10.0 10.0 97.08396 3.92801 61.09113 1467.0
7.0 10.0 7.0 121.67629 13.45822 56.88763 1467.0
7.0 15.0 15.0 145.10268 26.536 64.67471 1483.0
7.0 15.0 7.0 121.67629 13.45822 56.88763 1483.0
7.0 17.0 17.0 122.80151 11.00903 94.61663 803.0
7.0 17.0 7.0 121.67629 13.45822 56.88763 803.0
7.0 18.0 18.0 159.20153 24.82466 93.86664 36.0
7.0 18.0 7.0 121.67629 13.45822 56.88763 36.0
7.0 19.0 19.0 66.40177 15.78635 45.3863 12.0
7.0 19.0 7.0 121.67629 13.45822 56.88763 12.0
7.0 20.0 20.0 85.0858 53.75667 22.29623 34.0
7.0 20.0 7.0 121.67629 13.45822 56.88763 34.0
7.0 23.0 23.0 173.48724 43.5603 76.96932 11.0
7.0 23.0 7.0 121.67629 13.45822 56.88763 11.0
7.0 29.0 29.0 122.74866 20.58496 121.14503 7.0
7.0 29.0 7.0 121.67629 13.45822 56.88763 7.0
7.0 31.0 31.0 121.48864 38.87949 35.97391 1525.0
7.0 31.0 7.0 121.67629 13.45822 56.88763 1525.0
7.0 32.0 32.0 157.18724 89.13216 58.0208 1.0
7.0 32.0 7.0 121.67629 13.45822 56.88763 1.0
7.0 37.0 37.0 80.32022 11.06207 113.82789 9.0
7.0 37.0 7.0 121.67629 13.45822 56.88763 9.0
7.0 40.0 40.0 83.29109 23.581 42.39059 276.0
7.0 40.0 7.0 121.67629 13.45822 56.88763 276.0
8.0 1.0 1.0 66.23463 89.1566 7.40122 92.0
8.0 1.0 8.0 89.97336 90.39491 30.39457 92.0
8.0 8.0 8.0 89.97336 90.39491 30.39457 7.0
8.0 8.0 8.0 89.97336 90.39491 30.39457 7.0
8.0 14.0 14.0 128.44378 116.10231 40.36772 13.0
8.0 14.0 8.0 89.97336 90.39491 30.39457 13.0
8.0 15.0 15.0 145.10268 26.536 64.67471 1.0
8.0 15.0 8.0 89.97336 90.39491 30.39457 1.0
8.0 20.0 20.0 85.0858 53.75667 22.29623 116.0
8.0 20.0 8.0 89.97336 90.39491 30.39457 116.0
8.0 21.0 21.0 28.33472 78.10451 19.25219 2.0
8.0 21.0 8.0 89.97336 90.39491 30.39457 2.0
8.0 30.0 30.0 88.5034 139.95221 62.80646 26.0
8.0 30.0 8.0 89.97336 90.39491 30.39457 26.0
8.0 31.0 31.0 121.48864 38.87949 35.97391 17.0
8.0 31.0 8.0 89.97336 90.39491 30.39457 17.0
8.0 40.0 40.0 83.29109 23.581 42.39059 2.0
8.0 40.0 8.0 89.97336 90.39491 30.39457 2.0
8.0 45.0 45.0 35.10118 116.26254 28.39859 12.0
8.0 45.0 8.0 89.97336 90.39491 30.39457 12.0
8.0 46.0 46.0 114.55963 130.29121 52.72658 24.0
8.0 46.0 8.0 89.97336 90.39491 30.39457 24.0
9.0 1.0 1.0 66.23463 89.1566 7.40122 1.0
9.0 1.0 9.0 78.62371 139.91505 102.70385 1.0
9.0 4.0 4.0 72.09874 108.4082 139.67054 273.0
9.0 4.0 9.0 78.62371 139.91505 102.70385 273.0
9.0 5.0 5.0 42.35456 126.98821 106.4231 48.0
9.0 5.0 9.0 78.62371 139.91505 102.70385 48.0
9.0 9.0 9.0 78.62371 139.91505 102.70385 5770.0
9.0 9.0 9.0 78.62371 139.91505 102.70385 5770.0
9.0 22.0 22.0 25.10858 80.12172 119.47299 2.0
9.0 22.0 9.0 78.62371 139.91505 102.70385 2.0
9.0 24.0 24.0 107.85481 87.23682 149.14281 24.0
9.0 24.0 9.0 78.62371 139.91505 102.70385 24.0
9.0 30.0 30.0 88.5034 139.95221 62.80646 1406.0
9.0 30.0 9.0 78.62371 139.91505 102.70385 1406.0
9.0 34.0 34.0 127.71148 111.29153 129.58347 583.0
9.0 34.0 9.0 78.62371 139.91505 102.70385 583.0
9.0 35.0 35.0 147.78197 121.15074 95.61933 15.0
9.0 35.0 9.0 78.62371 139.91505 102.70385 15.0
9.0 41.0 41.0 59.92443 126.09673 122.50475 2347.0
9.0 41.0 9.0 78.62371 139.91505 102.70385 2347.0
9.0 43.0 43.0 101.64807 137.74135 99.15154 2181.0
9.0 43.0 9.0 78.62371 139.91505 102.70385 2181.0
9.0 45.0 45.0 35.10118 116.26254 28.39859 3.0
9.0 45.0 9.0 78.62371 139.91505 102.70385 3.0
9.0 46.0 46.0 114.55963 130.29121 52.72658 1.0
9.0 46.0 9.0 78.62371 139.91505 102.70385 1.0
10.0 2.0 2.0 27.4206 25.3131 87.7278 1.0
10.0 2.0 10.0 97.08396 3.92801 61.09113 1.0
10.0 3.0 3.0 83.25527 3.84008 88.05408 1517.0
10.0 3.0 10.0 97.08396 3.92801 61.09113 1517.0
10.0 7.0 7.0 121.67629 13.45822 56.88763 1484.0
10.0 7.0 10.0 97.08396 3.92801 61.09113 1484.0
10.0 10.0 10.0 97.08396 3.92801 61.09113 4087.0
10.0 10.0 10.0 97.08396 3.92801 61.09113 4087.0
10.0 11.0 11.0 48.53191 14.11254 56.51874 169.0
10.0 11.0 10.0 97.08396 3.92801 61.09113 169.0
10.0 15.0 15.0 145.10268 26.536 64.67471 95.0
10.0 15.0 10.0 97.08396 3.92801 61.09113 95.0
10.0 17.0 17.0 122.80151 11.00903 94.61663 473.0
10.0 17.0 10.0 97.08396 3.92801 61.09113 473.0
10.0 18.0 18.0 159.20153 24.82466 93.86664 2.0
10.0 18.0 10.0 97.08396 3.92801 61.09113 2.0
10.0 19.0 19.0 66.40177 15.78635 45.3863 576.0
10.0 19.0 10.0 97.08396 3.92801 61.09113 576.0
10.0 20.0 20.0 85.0858 53.75667 22.29623 35.0
10.0 20.0 10.0 97.08396 3.92801 61.09113 35.0
10.0 29.0 29.0 122.74866 20.58496 121.14503 7.0
10.0 29.0 10.0 97.08396 3.92801 61.09113 7.0
10.0 31.0 31.0 121.48864 38.87949 35.97391 396.0
10.0 31.0 10.0 97.08396 3.92801 61.09113 396.0
10.0 37.0 37.0 80.32022 11.06207 113.82789 55.0
10.0 37.0 10.0 97.08396 3.92801 61.09113 55.0
10.0 40.0 40.0 83.29109 23.581 42.39059 1188.0
10.0 40.0 10.0 97.08396 3.92801 61.09113 1188.0
11.0 1.0 1.0 66.23463 89.1566 7.40122 21.0
11.0 1.0 11.0 48.53191 14.11254 56.51874 21.0
11.0 2.0 2.0 27.4206 25.3131 87.7278 1285.0
11.0 2.0 11.0 48.53191 14.11254 56.51874 1285.0
11.0 3.0 3.0 83.25527 3.84008 88.05408 1134.0
11.0 3.0 11.0 48.53191 14.11254 56.51874 1134.0
11.0 7.0 7.0 121.67629 13.45822 56.88763 1.0
11.0 7.0 11.0 48.53191 14.11254 56.51874 1.0
11.0 10.0 10.0 97.08396 3.92801 61.09113 186.0
11.0 10.0 11.0 48.53191 14.11254 56.51874 186.0
11.0 11.0 11.0 48.53191 14.11254 56.51874 8089.0
11.0 11.0 11.0 48.53191 14.11254 56.51874 8089.0
11.0 13.0 13.0 21.7963 31.15299 56.43522 1427.0
11.0 13.0 11.0 48.53191 14.11254 56.51874 1427.0
11.0 16.0 16.0 37.10618 39.11716 124.72461 8.0
11.0 16.0 11.0 48.53191 14.11254 56.51874 8.0
11.0 19.0 19.0 66.40177 15.78635 45.3863 2064.0
11.0 19.0 11.0 48.53191 14.11254 56.51874 2064.0
11.0 20.0 20.0 85.0858 53.75667 22.29623 287.0
11.0 20.0 11.0 48.53191 14.11254 56.51874 287.0
11.0 21.0 21.0 28.33472 78.10451 19.25219 25.0
11.0 21.0 11.0 48.53191 14.11254 56.51874 25.0
11.0 27.0 27.0 18.71664 45.36078 103.73101 11.0
11.0 27.0 11.0 48.53191 14.11254 56.51874 11.0
11.0 31.0 31.0 121.48864 38.87949 35.97391 3.0
11.0 31.0 11.0 48.53191 14.11254 56.51874 3.0
11.0 36.0 36.0 51.18408 19.50247 119.71858 78.0
11.0 36.0 11.0 48.53191 14.11254 56.51874 78.0
11.0 37.0 37.0 80.32022 11.06207 113.82789 242.0
11.0 37.0 11.0 48.53191 14.11254 56.51874 242.0
11.0 39.0 39.0 21.86389 50.09967 32.74874 787.0
11.0 39.0 11.0 48.53191 14.11254 56.51874 787.0
11.0 40.0 40.0 83.29109 23.581 42.39059 538.0
11.0 40.0 11.0 48.53191 14.11254 56.51874 538.0
11.0 44.0 44.0 70.24339 22.71903 131.34628 4.0
11.0 44.0 11.0 48.53191 14.11254 56.51874 4.0
12.0 12.0 12.0 179.80917 86.3248 84.74629 5883.0
12.0 12.0 12.0 179.80917 86.3248 84.74629 5883.0
12.0 14.0 14.0 128.44378 116.10231 40.36772 6.0
12.0 14.0 12.0 179.80917 86.3248 84.74629 6.0
12.0 15.0 15.0 145.10268 26.536 64.67471 33.0
12.0 15.0 12.0 179.80917 86.3248 84.74629 33.0
12.0 18.0 18.0 159.20153 24.82466 93.86664 15.0
12.0 18.0 12.0 179.80917 86.3248 84.74629 15.0
12.0 23.0 23.0 173.48724 43.5603 76.96932 594.0
12.0 23.0 12.0 179.80917 86.3248 84.74629 594.0
12.0 25.0 25.0 182.83348 63.97663 100.28504 1141.0
12.0 25.0 12.0 179.80917 86.3248 84.74629 1141.0
12.0 31.0 31.0 121.48864 38.87949 35.97391 9.0
12.0 31.0 12.0 179.80917 86.3248 84.74629 9.0
12.0 32.0 32.0 157.18724 89.13216 58.0208 1715.0
12.0 32.0 12.0 179.80917 86.3248 84.74629 1715.0
12.0 34.0 34.0 127.71148 111.29153 129.58347 85.0
12.0 34.0 12.0 179.80917 86.3248 84.74629 85.0
12.0 35.0 35.0 147.78197 121.15074 95.61933 1217.0
12.0 35.0 12.0 179.80917 86.3248 84.74629 1217.0
12.0 46.0 46.0 114.55963 130.29121 52.72658 4.0
12.0 46.0 12.0 179.80917 86.3248 84.74629 4.0
12.0 47.0 47.0 164.20201 62.6497 126.08301 406.0
12.0 47.0 12.0 179.80917 86.3248 84.74629 406.0
13.0 2.0 2.0 27.4206 25.3131 87.7278 1376.0
13.0 2.0 13.0 21.7963 31.15299 56.43522 1376.0
13.0 3.0 3.0 83.25527 3.84008 88.05408 5.0
13.0 3.0 13.0 21.7963 31.15299 56.43522 5.0
13.0 6.0 6.0 5.48566 84.8538 74.44523 411.0
13.0 6.0 13.0 21.7963 31.15299 56.43522 411.0
13.0 11.0 11.0 48.53191 14.11254 56.51874 1571.0
13.0 11.0 13.0 21.7963 31.15299 56.43522 1571.0
13.0 13.0 13.0 21.7963 31.15299 56.43522 3723.0
13.0 13.0 13.0 21.7963 31.15299 56.43522 3723.0
13.0 16.0 16.0 37.10618 39.11716 124.72461 2.0
13.0 16.0 13.0 21.7963 31.15299 56.43522 2.0
13.0 19.0 19.0 66.40177 15.78635 45.3863 67.0
13.0 19.0 13.0 21.7963 31.15299 56.43522 67.0
13.0 20.0 20.0 85.0858 53.75667 22.29623 8.0
13.0 20.0 13.0 21.7963 31.15299 56.43522 8.0
13.0 21.0 21.0 28.33472 78.10451 19.25219 8.0
13.0 21.0 13.0 21.7963 31.15299 56.43522 8.0
13.0 22.0 22.0 25.10858 80.12172 119.47299 1.0
13.0 22.0 13.0 21.7963 31.15299 56.43522 1.0
13.0 27.0 27.0 18.71664 45.36078 103.73101 113.0
13.0 27.0 13.0 21.7963 31.15299 56.43522 113.0
13.0 36.0 36.0 51.18408 19.50247 119.71858 4.0
13.0 36.0 13.0 21.7963 31.15299 56.43522 4.0
13.0 39.0 39.0 21.86389 50.09967 32.74874 1700.0
13.0 39.0 13.0 21.7963 31.15299 56.43522 1700.0
13.0 40.0 40.0 83.29109 23.581 42.39059 10.0
13.0 40.0 13.0 21.7963 31.15299 56.43522 10.0
14.0 1.0 1.0 66.23463 89.1566 7.40122 66.0
14.0 1.0 14.0 128.44378 116.10231 40.36772 66.0
14.0 8.0 8.0 89.97336 90.39491 30.39457 16.0
14.0 8.0 14.0 128.44378 116.10231 40.36772 16.0
14.0 12.0 12.0 179.80917 86.3248 84.74629 7.0
14.0 12.0 14.0 128.44378 116.10231 40.36772 7.0
14.0 14.0 14.0 128.44378 116.10231 40.36772 9155.0
14.0 14.0 14.0 128.44378 116.10231 40.36772 9155.0
14.0 20.0 20.0 85.0858 53.75667 22.29623 10.0
14.0 20.0 14.0 128.44378 116.10231 40.36772 10.0
14.0 30.0 30.0 88.5034 139.95221 62.80646 245.0
14.0 30.0 14.0 128.44378 116.10231 40.36772 245.0
14.0 31.0 31.0 121.48864 38.87949 35.97391 8.0
14.0 31.0 14.0 128.44378 116.10231 40.36772 8.0
14.0 32.0 32.0 157.18724 89.13216 58.0208 1627.0
14.0 32.0 14.0 128.44378 116.10231 40.36772 1627.0
14.0 34.0 34.0 127.71148 111.29153 129.58347 1.0
14.0 34.0 14.0 128.44378 116.10231 40.36772 1.0
14.0 35.0 35.0 147.78197 121.15074 95.61933 338.0
14.0 35.0 14.0 128.44378 116.10231 40.36772 338.0
14.0 43.0 43.0 101.64807 137.74135 99.15154 3.0
14.0 43.0 14.0 128.44378 116.10231 40.36772 3.0
14.0 45.0 45.0 35.10118 116.26254 28.39859 3.0
14.0 45.0 14.0 128.44378 116.10231 40.36772 3.0
14.0 46.0 46.0 114.55963 130.29121 52.72658 3170.0
14.0 46.0 14.0 128.44378 116.10231 40.36772 3170.0
15.0 3.0 3.0 83.25527 3.84008 88.05408 19.0
15.0 3.0 15.0 145.10268 26.536 64.67471 19.0
15.0 7.0 7.0 121.67629 13.45822 56.88763 1468.0
15.0 7.0 15.0 145.10268 26.536 64.67471 1468.0
15.0 10.0 10.0 97.08396 3.92801 61.09113 64.0
15.0 10.0 15.0 145.10268 26.536 64.67471 64.0
15.0 12.0 12.0 179.80917 86.3248 84.74629 31.0
15.0 12.0 15.0 145.10268 26.536 64.67471 31.0
15.0 15.0 15.0 145.10268 26.536 64.67471 5084.0
15.0 15.0 15.0 145.10268 26.536 64.67471 5084.0
15.0 17.0 17.0 122.80151 11.00903 94.61663 870.0
15.0 17.0 15.0 145.10268 26.536 64.67471 870.0
15.0 18.0 18.0 159.20153 24.82466 93.86664 1052.0
15.0 18.0 15.0 145.10268 26.536 64.67471 1052.0
15.0 23.0 23.0 173.48724 43.5603 76.96932 807.0
15.0 23.0 15.0 145.10268 26.536 64.67471 807.0
15.0 25.0 25.0 182.83348 63.97663 100.28504 8.0
15.0 25.0 15.0 145.10268 26.536 64.67471 8.0
15.0 26.0 26.0 132.0917 45.11304 139.11249 7.0
15.0 26.0 15.0 145.10268 26.536 64.67471 7.0
15.0 29.0 29.0 122.74866 20.58496 121.14503 58.0
15.0 29.0 15.0 145.10268 26.536 64.67471 58.0
15.0 31.0 31.0 121.48864 38.87949 35.97391 1377.0
15.0 31.0 15.0 145.10268 26.536 64.67471 1377.0
15.0 32.0 32.0 157.18724 89.13216 58.0208 349.0
15.0 32.0 15.0 145.10268 26.536 64.67471 349.0
15.0 37.0 37.0 80.32022 11.06207 113.82789 1.0
15.0 37.0 15.0 145.10268 26.536 64.67471 1.0
15.0 40.0 40.0 83.29109 23.581 42.39059 2.0
15.0 40.0 15.0 145.10268 26.536 64.67471 2.0
15.0 47.0 47.0 164.20201 62.6497 126.08301 9.0
15.0 47.0 15.0 145.10268 26.536 64.67471 9.0
16.0 0.0 0.0 55.10416 48.90219 141.97568 1408.0
16.0 0.0 16.0 37.10618 39.11716 124.72461 1408.0
16.0 2.0 2.0 27.4206 25.3131 87.7278 702.0
16.0 2.0 16.0 37.10618 39.11716 124.72461 702.0
16.0 3.0 3.0 83.25527 3.84008 88.05408 17.0
16.0 3.0 16.0 37.10618 39.11716 124.72461 17.0
16.0 4.0 4.0 72.09874 108.4082 139.67054 3.0
16.0 4.0 16.0 37.10618 39.11716 124.72461 3.0
16.0 6.0 6.0 5.48566 84.8538 74.44523 4.0
16.0 6.0 16.0 37.10618 39.11716 124.72461 4.0
16.0 11.0 11.0 48.53191 14.11254 56.51874 16.0
16.0 11.0 16.0 37.10618 39.11716 124.72461 16.0
16.0 13.0 13.0 21.7963 31.15299 56.43522 2.0
16.0 13.0 16.0 37.10618 39.11716 124.72461 2.0
16.0 16.0 16.0 37.10618 39.11716 124.72461 4161.0
16.0 16.0 16.0 37.10618 39.11716 124.72461 4161.0
16.0 22.0 22.0 25.10858 80.12172 119.47299 1199.0
16.0 22.0 16.0 37.10618 39.11716 124.72461 1199.0
16.0 23.0 23.0 173.48724 43.5603 76.96932 1.0
16.0 23.0 16.0 37.10618 39.11716 124.72461 1.0
16.0 27.0 27.0 18.71664 45.36078 103.73101 1108.0
16.0 27.0 16.0 37.10618 39.11716 124.72461 1108.0
16.0 28.0 28.0 84.35962 38.91041 143.12941 55.0
16.0 28.0 16.0 37.10618 39.11716 124.72461 55.0
16.0 33.0 33.0 97.24868 49.92824 149.22963 3.0
16.0 33.0 16.0 37.10618 39.11716 124.72461 3.0
16.0 36.0 36.0 51.18408 19.50247 119.71858 1039.0
16.0 36.0 16.0 37.10618 39.11716 124.72461 1039.0
16.0 37.0 37.0 80.32022 11.06207 113.82789 154.0
16.0 37.0 16.0 37.10618 39.11716 124.72461 154.0
16.0 38.0 38.0 88.72452 68.42525 152.61445 20.0
16.0 38.0 16.0 37.10618 39.11716 124.72461 20.0
16.0 42.0 42.0 56.62501 85.26841 144.94905 182.0
16.0 42.0 16.0 37.10618 39.11716 124.72461 182.0
16.0 44.0 44.0 70.24339 22.71903 131.34628 248.0
16.0 44.0 16.0 37.10618 39.11716 124.72461 248.0
17.0 3.0 3.0 83.25527 3.84008 88.05408 1124.0
17.0 3.0 17.0 122.80151 11.00903 94.61663 1124.0
17.0 7.0 7.0 121.67629 13.45822 56.88763 766.0
17.0 7.0 17.0 122.80151 11.00903 94.61663 766.0
17.0 10.0 10.0 97.08396 3.92801 61.09113 470.0
17.0 10.0 17.0 122.80151 11.00903 94.61663 470.0
17.0 15.0 15.0 145.10268 26.536 64.67471 925.0
17.0 15.0 17.0 122.80151 11.00903 94.61663 925.0
17.0 17.0 17.0 122.80151 11.00903 94.61663 5045.0
17.0 17.0 17.0 122.80151 11.00903 94.61663 5045.0
17.0 18.0 18.0 159.20153 24.82466 93.86664 623.0
17.0 18.0 17.0 122.80151 11.00903 94.61663 623.0
17.0 19.0 19.0 66.40177 15.78635 45.3863 1.0
17.0 19.0 17.0 122.80151 11.00903 94.61663 1.0
17.0 23.0 23.0 173.48724 43.5603 76.96932 9.0
17.0 23.0 17.0 122.80151 11.00903 94.61663 9.0
17.0 26.0 26.0 132.0917 45.11304 139.11249 97.0
17.0 26.0 17.0 122.80151 11.00903 94.61663 97.0
17.0 28.0 28.0 84.35962 38.91041 143.12941 9.0
17.0 28.0 17.0 122.80151 11.00903 94.61663 9.0
17.0 29.0 29.0 122.74866 20.58496 121.14503 1542.0
17.0 29.0 17.0 122.80151 11.00903 94.61663 1542.0
17.0 31.0 31.0 121.48864 38.87949 35.97391 6.0
17.0 31.0 17.0 122.80151 11.00903 94.61663 6.0
17.0 36.0 36.0 51.18408 19.50247 119.71858 1.0
17.0 36.0 17.0 122.80151 11.00903 94.61663 1.0
17.0 37.0 37.0 80.32022 11.06207 113.82789 496.0
17.0 37.0 17.0 122.80151 11.00903 94.61663 496.0
17.0 40.0 40.0 83.29109 23.581 42.39059 4.0
17.0 40.0 17.0 122.80151 11.00903 94.61663 4.0
17.0 44.0 44.0 70.24339 22.71903 131.34628 2.0
17.0 44.0 17.0 122.80151 11.00903 94.61663 2.0
17.0 45.0 45.0 35.10118 116.26254 28.39859 1.0
17.0 45.0 17.0 122.80151 11.00903 94.61663 1.0
17.0 47.0 47.0 164.20201 62.6497 126.08301 24.0
17.0 47.0 17.0 122.80151 11.00903 94.61663 24.0
18.0 7.0 7.0 121.67629 13.45822 56.88763 29.0
18.0 7.0 18.0 159.20153 24.82466 93.86664 29.0
18.0 12.0 12.0 179.80917 86.3248 84.74629 9.0
18.0 12.0 18.0 159.20153 24.82466 93.86664 9.0
18.0 15.0 15.0 145.10268 26.536 64.67471 1114.0
18.0 15.0 18.0 159.20153 24.82466 93.86664 1114.0
18.0 17.0 17.0 122.80151 11.00903 94.61663 640.0
18.0 17.0 18.0 159.20153 24.82466 93.86664 640.0
18.0 18.0 18.0 159.20153 24.82466 93.86664 3224.0
18.0 18.0 18.0 159.20153 24.82466 93.86664 3224.0
18.0 23.0 23.0 173.48724 43.5603 76.96932 995.0
18.0 23.0 18.0 159.20153 24.82466 93.86664 995.0
18.0 25.0 25.0 182.83348 63.97663 100.28504 99.0
18.0 25.0 18.0 159.20153 24.82466 93.86664 99.0
18.0 26.0 26.0 132.0917 45.11304 139.11249 222.0
18.0 26.0 18.0 159.20153 24.82466 93.86664 222.0
18.0 29.0 29.0 122.74866 20.58496 121.14503 567.0
18.0 29.0 18.0 159.20153 24.82466 93.86664 567.0
18.0 31.0 31.0 121.48864 38.87949 35.97391 6.0
18.0 31.0 18.0 159.20153 24.82466 93.86664 6.0
18.0 32.0 32.0 157.18724 89.13216 58.0208 10.0
18.0 32.0 18.0 159.20153 24.82466 93.86664 10.0
18.0 37.0 37.0 80.32022 11.06207 113.82789 1.0
18.0 37.0 18.0 159.20153 24.82466 93.86664 1.0
18.0 47.0 47.0 164.20201 62.6497 126.08301 630.0
18.0 47.0 18.0 159.20153 24.82466 93.86664 630.0
19.0 1.0 1.0 66.23463 89.1566 7.40122 13.0
19.0 1.0 19.0 66.40177 15.78635 45.3863 13.0
19.0 2.0 2.0 27.4206 25.3131 87.7278 5.0
19.0 2.0 19.0 66.40177 15.78635 45.3863 5.0
19.0 3.0 3.0 83.25527 3.84008 88.05408 429.0
19.0 3.0 19.0 66.40177 15.78635 45.3863 429.0
19.0 7.0 7.0 121.67629 13.45822 56.88763 16.0
19.0 7.0 19.0 66.40177 15.78635 45.3863 16.0
19.0 10.0 10.0 97.08396 3.92801 61.09113 583.0
19.0 10.0 19.0 66.40177 15.78635 45.3863 583.0
19.0 11.0 11.0 48.53191 14.11254 56.51874 1872.0
19.0 11.0 19.0 66.40177 15.78635 45.3863 1872.0
19.0 13.0 13.0 21.7963 31.15299 56.43522 71.0
19.0 13.0 19.0 66.40177 15.78635 45.3863 71.0
19.0 19.0 19.0 66.40177 15.78635 45.3863 2096.0
19.0 19.0 19.0 66.40177 15.78635 45.3863 2096.0
19.0 20.0 20.0 85.0858 53.75667 22.29623 565.0
19.0 20.0 19.0 66.40177 15.78635 45.3863 565.0
19.0 21.0 21.0 28.33472 78.10451 19.25219 16.0
19.0 21.0 19.0 66.40177 15.78635 45.3863 16.0
19.0 31.0 31.0 121.48864 38.87949 35.97391 39.0
19.0 31.0 19.0 66.40177 15.78635 45.3863 39.0
19.0 37.0 37.0 80.32022 11.06207 113.82789 15.0
19.0 37.0 19.0 66.40177 15.78635 45.3863 15.0
19.0 39.0 39.0 21.86389 50.09967 32.74874 191.0
19.0 39.0 19.0 66.40177 15.78635 45.3863 191.0
19.0 40.0 40.0 83.29109 23.581 42.39059 1560.0
19.0 40.0 19.0 66.40177 15.78635 45.3863 1560.0
20.0 1.0 1.0 66.23463 89.1566 7.40122 2197.0
20.0 1.0 20.0 85.0858 53.75667 22.29623 2197.0
20.0 7.0 7.0 121.67629 13.45822 56.88763 18.0
20.0 7.0 20.0 85.0858 53.75667 22.29623 18.0
20.0 8.0 8.0 89.97336 90.39491 30.39457 108.0
20.0 8.0 20.0 85.0858 53.75667 22.29623 108.0
20.0 10.0 10.0 97.08396 3.92801 61.09113 23.0
20.0 10.0 20.0 85.0858 53.75667 22.29623 23.0
20.0 11.0 11.0 48.53191 14.11254 56.51874 253.0
20.0 11.0 20.0 85.0858 53.75667 22.29623 253.0
20.0 13.0 13.0 21.7963 31.15299 56.43522 8.0
20.0 13.0 20.0 85.0858 53.75667 22.29623 8.0
20.0 14.0 14.0 128.44378 116.10231 40.36772 6.0
20.0 14.0 20.0 85.0858 53.75667 22.29623 6.0
20.0 15.0 15.0 145.10268 26.536 64.67471 2.0
20.0 15.0 20.0 85.0858 53.75667 22.29623 2.0
20.0 19.0 19.0 66.40177 15.78635 45.3863 547.0
20.0 19.0 20.0 85.0858 53.75667 22.29623 547.0
20.0 20.0 20.0 85.0858 53.75667 22.29623 14797.0
20.0 20.0 20.0 85.0858 53.75667 22.29623 14797.0
20.0 21.0 21.0 28.33472 78.10451 19.25219 239.0
20.0 21.0 20.0 85.0858 53.75667 22.29623 239.0
20.0 31.0 31.0 121.48864 38.87949 35.97391 2511.0
20.0 31.0 20.0 85.0858 53.75667 22.29623 2511.0
20.0 32.0 32.0 157.18724 89.13216 58.0208 12.0
20.0 32.0 20.0 85.0858 53.75667 22.29623 12.0
20.0 39.0 39.0 21.86389 50.09967 32.74874 472.0
20.0 39.0 20.0 85.0858 53.75667 22.29623 472.0
20.0 40.0 40.0 83.29109 23.581 42.39059 1771.0
20.0 40.0 20.0 85.0858 53.75667 22.29623 1771.0
20.0 45.0 45.0 35.10118 116.26254 28.39859 1.0
20.0 45.0 20.0 85.0858 53.75667 22.29623 1.0
20.0 46.0 46.0 114.55963 130.29121 52.72658 2.0
20.0 46.0 20.0 85.0858 53.75667 22.29623 2.0
21.0 1.0 1.0 66.23463 89.1566 7.40122 1516.0
21.0 1.0 21.0 28.33472 78.10451 19.25219 1516.0
21.0 6.0 6.0 5.48566 84.8538 74.44523 590.0
21.0 6.0 21.0 28.33472 78.10451 19.25219 590.0
21.0 11.0 11.0 48.53191 14.11254 56.51874 34.0
21.0 11.0 21.0 28.33472 78.10451 19.25219 34.0
21.0 13.0 13.0 21.7963 31.15299 56.43522 9.0
21.0 13.0 21.0 28.33472 78.10451 19.25219 9.0
21.0 19.0 19.0 66.40177 15.78635 45.3863 12.0
21.0 19.0 21.0 28.33472 78.10451 19.25219 12.0
21.0 20.0 20.0 85.0858 53.75667 22.29623 286.0
21.0 20.0 21.0 28.33472 78.10451 19.25219 286.0
21.0 21.0 21.0 28.33472 78.10451 19.25219 6222.0
21.0 21.0 21.0 28.33472 78.10451 19.25219 6222.0
21.0 39.0 39.0 21.86389 50.09967 32.74874 2170.0
21.0 39.0 21.0 28.33472 78.10451 19.25219 2170.0
21.0 40.0 40.0 83.29109 23.581 42.39059 1.0
21.0 40.0 21.0 28.33472 78.10451 19.25219 1.0
21.0 45.0 45.0 35.10118 116.26254 28.39859 1898.0
21.0 45.0 21.0 28.33472 78.10451 19.25219 1898.0
22.0 0.0 0.0 55.10416 48.90219 141.97568 646.0
22.0 0.0 22.0 25.10858 80.12172 119.47299 646.0
22.0 2.0 2.0 27.4206 25.3131 87.7278 80.0
22.0 2.0 22.0 25.10858 80.12172 119.47299 80.0
22.0 4.0 4.0 72.09874 108.4082 139.67054 484.0
22.0 4.0 22.0 25.10858 80.12172 119.47299 484.0
22.0 5.0 5.0 42.35456 126.98821 106.4231 47.0
22.0 5.0 22.0 25.10858 80.12172 119.47299 47.0
22.0 6.0 6.0 5.48566 84.8538 74.44523 1959.0
22.0 6.0 22.0 25.10858 80.12172 119.47299 1959.0
22.0 13.0 13.0 21.7963 31.15299 56.43522 2.0
22.0 13.0 22.0 25.10858 80.12172 119.47299 2.0
22.0 16.0 16.0 37.10618 39.11716 124.72461 1261.0
22.0 16.0 22.0 25.10858 80.12172 119.47299 1261.0
22.0 22.0 22.0 25.10858 80.12172 119.47299 14442.0
22.0 22.0 22.0 25.10858 80.12172 119.47299 14442.0
22.0 24.0 24.0 107.85481 87.23682 149.14281 1.0
22.0 24.0 22.0 25.10858 80.12172 119.47299 1.0
22.0 27.0 27.0 18.71664 45.36078 103.73101 1266.0
22.0 27.0 22.0 25.10858 80.12172 119.47299 1266.0
22.0 28.0 28.0 84.35962 38.91041 143.12941 23.0
22.0 28.0 22.0 25.10858 80.12172 119.47299 23.0
22.0 33.0 33.0 97.24868 49.92824 149.22963 5.0
22.0 33.0 22.0 25.10858 80.12172 119.47299 5.0
22.0 36.0 36.0 51.18408 19.50247 119.71858 9.0
22.0 36.0 22.0 25.10858 80.12172 119.47299 9.0
22.0 37.0 37.0 80.32022 11.06207 113.82789 1.0
22.0 37.0 22.0 25.10858 80.12172 119.47299 1.0
22.0 38.0 38.0 88.72452 68.42525 152.61445 29.0
22.0 38.0 22.0 25.10858 80.12172 119.47299 29.0
22.0 41.0 41.0 59.92443 126.09673 122.50475 912.0
22.0 41.0 22.0 25.10858 80.12172 119.47299 912.0
22.0 42.0 42.0 56.62501 85.26841 144.94905 1682.0
22.0 42.0 22.0 25.10858 80.12172 119.47299 1682.0
23.0 7.0 7.0 121.67629 13.45822 56.88763 13.0
23.0 7.0 23.0 173.48724 43.5603 76.96932 13.0
23.0 12.0 12.0 179.80917 86.3248 84.74629 606.0
23.0 12.0 23.0 173.48724 43.5603 76.96932 606.0
23.0 15.0 15.0 145.10268 26.536 64.67471 779.0
23.0 15.0 23.0 173.48724 43.5603 76.96932 779.0
23.0 17.0 17.0 122.80151 11.00903 94.61663 5.0
23.0 17.0 23.0 173.48724 43.5603 76.96932 5.0
23.0 18.0 18.0 159.20153 24.82466 93.86664 1030.0
23.0 18.0 23.0 173.48724 43.5603 76.96932 1030.0
23.0 23.0 23.0 173.48724 43.5603 76.96932 3316.0
23.0 23.0 23.0 173.48724 43.5603 76.96932 3316.0
23.0 25.0 25.0 182.83348 63.97663 100.28504 787.0
23.0 25.0 23.0 173.48724 43.5603 76.96932 787.0
23.0 26.0 26.0 132.0917 45.11304 139.11249 9.0
23.0 26.0 23.0 173.48724 43.5603 76.96932 9.0
23.0 29.0 29.0 122.74866 20.58496 121.14503 12.0
23.0 29.0 23.0 173.48724 43.5603 76.96932 12.0
23.0 31.0 31.0 121.48864 38.87949 35.97391 120.0
23.0 31.0 23.0 173.48724 43.5603 76.96932 120.0
23.0 32.0 32.0 157.18724 89.13216 58.0208 504.0
23.0 32.0 23.0 173.48724 43.5603 76.96932 504.0
23.0 47.0 47.0 164.20201 62.6497 126.08301 318.0
23.0 47.0 23.0 173.48724 43.5603 76.96932 318.0
24.0 0.0 0.0 55.10416 48.90219 141.97568 5.0
24.0 0.0 24.0 107.85481 87.23682 149.14281 5.0
24.0 4.0 4.0 72.09874 108.4082 139.67054 1526.0
24.0 4.0 24.0 107.85481 87.23682 149.14281 1526.0
24.0 9.0 9.0 78.62371 139.91505 102.70385 21.0
24.0 9.0 24.0 107.85481 87.23682 149.14281 21.0
24.0 24.0 24.0 107.85481 87.23682 149.14281 8902.0
24.0 24.0 24.0 107.85481 87.23682 149.14281 8902.0
24.0 26.0 26.0 132.0917 45.11304 139.11249 925.0
24.0 26.0 24.0 107.85481 87.23682 149.14281 925.0
24.0 28.0 28.0 84.35962 38.91041 143.12941 35.0
24.0 28.0 24.0 107.85481 87.23682 149.14281 35.0
24.0 29.0 29.0 122.74866 20.58496 121.14503 1.0
24.0 29.0 24.0 107.85481 87.23682 149.14281 1.0
24.0 30.0 30.0 88.5034 139.95221 62.80646 1.0
24.0 30.0 24.0 107.85481 87.23682 149.14281 1.0
24.0 33.0 33.0 97.24868 49.92824 149.22963 480.0
24.0 33.0 24.0 107.85481 87.23682 149.14281 480.0
24.0 34.0 34.0 127.71148 111.29153 129.58347 2564.0
24.0 34.0 24.0 107.85481 87.23682 149.14281 2564.0
24.0 35.0 35.0 147.78197 121.15074 95.61933 3.0
24.0 35.0 24.0 107.85481 87.23682 149.14281 3.0
24.0 37.0 37.0 80.32022 11.06207 113.82789 1.0
24.0 37.0 24.0 107.85481 87.23682 149.14281 1.0
24.0 38.0 38.0 88.72452 68.42525 152.61445 1883.0
24.0 38.0 24.0 107.85481 87.23682 149.14281 1883.0
24.0 41.0 41.0 59.92443 126.09673 122.50475 71.0
24.0 41.0 24.0 107.85481 87.23682 149.14281 71.0
24.0 42.0 42.0 56.62501 85.26841 144.94905 512.0
24.0 42.0 24.0 107.85481 87.23682 149.14281 512.0
24.0 43.0 43.0 101.64807 137.74135 99.15154 9.0
24.0 43.0 24.0 107.85481 87.23682 149.14281 9.0
24.0 44.0 44.0 70.24339 22.71903 131.34628 2.0
24.0 44.0 24.0 107.85481 87.23682 149.14281 2.0
24.0 47.0 47.0 164.20201 62.6497 126.08301 191.0
24.0 47.0 24.0 107.85481 87.23682 149.14281 191.0
25.0 7.0 7.0 121.67629 13.45822 56.88763 1.0
25.0 7.0 25.0 182.83348 63.97663 100.28504 1.0
25.0 12.0 12.0 179.80917 86.3248 84.74629 1164.0
25.0 12.0 25.0 182.83348 63.97663 100.28504 1164.0
25.0 15.0 15.0 145.10268 26.536 64.67471 7.0
25.0 15.0 25.0 182.83348 63.97663 100.28504 7.0
25.0 18.0 18.0 159.20153 24.82466 93.86664 109.0
25.0 18.0 25.0 182.83348 63.97663 100.28504 109.0
25.0 23.0 23.0 173.48724 43.5603 76.96932 787.0
25.0 23.0 25.0 182.83348 63.97663 100.28504 787.0
25.0 25.0 25.0 182.83348 63.97663 100.28504 2228.0
25.0 25.0 25.0 182.83348 63.97663 100.28504 2228.0
25.0 26.0 26.0 132.0917 45.11304 139.11249 6.0
25.0 26.0 25.0 182.83348 63.97663 100.28504 6.0
25.0 32.0 32.0 157.18724 89.13216 58.0208 42.0
25.0 32.0 25.0 182.83348 63.97663 100.28504 42.0
25.0 34.0 34.0 127.71148 111.29153 129.58347 23.0
25.0 34.0 25.0 182.83348 63.97663 100.28504 23.0
25.0 35.0 35.0 147.78197 121.15074 95.61933 71.0
25.0 35.0 25.0 182.83348 63.97663 100.28504 71.0
25.0 46.0 46.0 114.55963 130.29121 52.72658 1.0
25.0 46.0 25.0 182.83348 63.97663 100.28504 1.0
25.0 47.0 47.0 164.20201 62.6497 126.08301 1218.0
25.0 47.0 25.0 182.83348 63.97663 100.28504 1218.0
26.0 15.0 15.0 145.10268 26.536 64.67471 5.0
26.0 15.0 26.0 132.0917 45.11304 139.11249 5.0
26.0 17.0 17.0 122.80151 11.00903 94.61663 82.0
26.0 17.0 26.0 132.0917 45.11304 139.11249 82.0
26.0 18.0 18.0 159.20153 24.82466 93.86664 229.0
26.0 18.0 26.0 132.0917 45.11304 139.11249 229.0
26.0 23.0 23.0 173.48724 43.5603 76.96932 5.0
26.0 23.0 26.0 132.0917 45.11304 139.11249 5.0
26.0 24.0 24.0 107.85481 87.23682 149.14281 988.0
26.0 24.0 26.0 132.0917 45.11304 139.11249 988.0
26.0 25.0 25.0 182.83348 63.97663 100.28504 2.0
26.0 25.0 26.0 132.0917 45.11304 139.11249 2.0
26.0 26.0 26.0 132.0917 45.11304 139.11249 8106.0
26.0 26.0 26.0 132.0917 45.11304 139.11249 8106.0
26.0 28.0 28.0 84.35962 38.91041 143.12941 387.0
26.0 28.0 26.0 132.0917 45.11304 139.11249 387.0
26.0 29.0 29.0 122.74866 20.58496 121.14503 1862.0
26.0 29.0 26.0 132.0917 45.11304 139.11249 1862.0
26.0 33.0 33.0 97.24868 49.92824 149.22963 1055.0
26.0 33.0 26.0 132.0917 45.11304 139.11249 1055.0
26.0 34.0 34.0 127.71148 111.29153 129.58347 286.0
26.0 34.0 26.0 132.0917 45.11304 139.11249 286.0
26.0 35.0 35.0 147.78197 121.15074 95.61933 1.0
26.0 35.0 26.0 132.0917 45.11304 139.11249 1.0
26.0 37.0 37.0 80.32022 11.06207 113.82789 110.0
26.0 37.0 26.0 132.0917 45.11304 139.11249 110.0
26.0 38.0 38.0 88.72452 68.42525 152.61445 412.0
26.0 38.0 26.0 132.0917 45.11304 139.11249 412.0
26.0 44.0 44.0 70.24339 22.71903 131.34628 10.0
26.0 44.0 26.0 132.0917 45.11304 139.11249 10.0
26.0 47.0 47.0 164.20201 62.6497 126.08301 1697.0
26.0 47.0 26.0 132.0917 45.11304 139.11249 1697.0
27.0 0.0 0.0 55.10416 48.90219 141.97568 43.0
27.0 0.0 27.0 18.71664 45.36078 103.73101 43.0
27.0 2.0 2.0 27.4206 25.3131 87.7278 1543.0
27.0 2.0 27.0 18.71664 45.36078 103.73101 1543.0
27.0 3.0 3.0 83.25527 3.84008 88.05408 1.0
27.0 3.0 27.0 18.71664 45.36078 103.73101 1.0
27.0 6.0 6.0 5.48566 84.8538 74.44523 778.0
27.0 6.0 27.0 18.71664 45.36078 103.73101 778.0
27.0 11.0 11.0 48.53191 14.11254 56.51874 17.0
27.0 11.0 27.0 18.71664 45.36078 103.73101 17.0
27.0 13.0 13.0 21.7963 31.15299 56.43522 107.0
27.0 13.0 27.0 18.71664 45.36078 103.73101 107.0
27.0 16.0 16.0 37.10618 39.11716 124.72461 1263.0
27.0 16.0 27.0 18.71664 45.36078 103.73101 1263.0
27.0 22.0 22.0 25.10858 80.12172 119.47299 1304.0
27.0 22.0 27.0 18.71664 45.36078 103.73101 1304.0
27.0 27.0 27.0 18.71664 45.36078 103.73101 3282.0
27.0 27.0 27.0 18.71664 45.36078 103.73101 3282.0
27.0 36.0 36.0 51.18408 19.50247 119.71858 107.0
27.0 36.0 27.0 18.71664 45.36078 103.73101 107.0
27.0 37.0 37.0 80.32022 11.06207 113.82789 13.0
27.0 37.0 27.0 18.71664 45.36078 103.73101 13.0
27.0 39.0 39.0 21.86389 50.09967 32.74874 17.0
27.0 39.0 27.0 18.71664 45.36078 103.73101 17.0
27.0 42.0 42.0 56.62501 85.26841 144.94905 4.0
27.0 42.0 27.0 18.71664 45.36078 103.73101 4.0
27.0 44.0 44.0 70.24339 22.71903 131.34628 3.0
27.0 44.0 27.0 18.71664 45.36078 103.73101 3.0
28.0 0.0 0.0 55.10416 48.90219 141.97568 1068.0
28.0 0.0 28.0 84.35962 38.91041 143.12941 1068.0
28.0 3.0 3.0 83.25527 3.84008 88.05408 7.0
28.0 3.0 28.0 84.35962 38.91041 143.12941 7.0
28.0 4.0 4.0 72.09874 108.4082 139.67054 7.0
28.0 4.0 28.0 84.35962 38.91041 143.12941 7.0
28.0 16.0 16.0 37.10618 39.11716 124.72461 39.0
28.0 16.0 28.0 84.35962 38.91041 143.12941 39.0
28.0 17.0 17.0 122.80151 11.00903 94.61663 8.0
28.0 17.0 28.0 84.35962 38.91041 143.12941 8.0
28.0 22.0 22.0 25.10858 80.12172 119.47299 13.0
28.0 22.0 28.0 84.35962 38.91041 143.12941 13.0
28.0 24.0 24.0 107.85481 87.23682 149.14281 35.0
28.0 24.0 28.0 84.35962 38.91041 143.12941 35.0
28.0 26.0 26.0 132.0917 45.11304 139.11249 417.0
28.0 26.0 28.0 84.35962 38.91041 143.12941 417.0
28.0 28.0 28.0 84.35962 38.91041 143.12941 3089.0
28.0 28.0 28.0 84.35962 38.91041 143.12941 3089.0
28.0 29.0 29.0 122.74866 20.58496 121.14503 497.0
28.0 29.0 28.0 84.35962 38.91041 143.12941 497.0
28.0 33.0 33.0 97.24868 49.92824 149.22963 1615.0
28.0 33.0 28.0 84.35962 38.91041 143.12941 1615.0
28.0 36.0 36.0 51.18408 19.50247 119.71858 68.0
28.0 36.0 28.0 84.35962 38.91041 143.12941 68.0
28.0 37.0 37.0 80.32022 11.06207 113.82789 676.0
28.0 37.0 28.0 84.35962 38.91041 143.12941 676.0
28.0 38.0 38.0 88.72452 68.42525 152.61445 625.0
28.0 38.0 28.0 84.35962 38.91041 143.12941 625.0
28.0 42.0 42.0 56.62501 85.26841 144.94905 171.0
28.0 42.0 28.0 84.35962 38.91041 143.12941 171.0
28.0 44.0 44.0 70.24339 22.71903 131.34628 900.0
28.0 44.0 28.0 84.35962 38.91041 143.12941 900.0
29.0 0.0 0.0 55.10416 48.90219 141.97568 3.0
29.0 0.0 29.0 122.74866 20.58496 121.14503 3.0
29.0 3.0 3.0 83.25527 3.84008 88.05408 234.0
29.0 3.0 29.0 122.74866 20.58496 121.14503 234.0
29.0 7.0 7.0 121.67629 13.45822 56.88763 7.0
29.0 7.0 29.0 122.74866 20.58496 121.14503 7.0
29.0 10.0 10.0 97.08396 3.92801 61.09113 3.0
29.0 10.0 29.0 122.74866 20.58496 121.14503 3.0
29.0 15.0 15.0 145.10268 26.536 64.67471 54.0
29.0 15.0 29.0 122.74866 20.58496 121.14503 54.0
29.0 17.0 17.0 122.80151 11.00903 94.61663 1582.0
29.0 17.0 29.0 122.74866 20.58496 121.14503 1582.0
29.0 18.0 18.0 159.20153 24.82466 93.86664 540.0
29.0 18.0 29.0 122.74866 20.58496 121.14503 540.0
29.0 23.0 23.0 173.48724 43.5603 76.96932 11.0
29.0 23.0 29.0 122.74866 20.58496 121.14503 11.0
29.0 24.0 24.0 107.85481 87.23682 149.14281 1.0
29.0 24.0 29.0 122.74866 20.58496 121.14503 1.0
29.0 25.0 25.0 182.83348 63.97663 100.28504 1.0
29.0 25.0 29.0 122.74866 20.58496 121.14503 1.0
29.0 26.0 26.0 132.0917 45.11304 139.11249 1788.0
29.0 26.0 29.0 122.74866 20.58496 121.14503 1788.0
29.0 28.0 28.0 84.35962 38.91041 143.12941 491.0
29.0 28.0 29.0 122.74866 20.58496 121.14503 491.0
29.0 29.0 29.0 122.74866 20.58496 121.14503 4803.0
29.0 29.0 29.0 122.74866 20.58496 121.14503 4803.0
29.0 33.0 33.0 97.24868 49.92824 149.22963 179.0
29.0 33.0 29.0 122.74866 20.58496 121.14503 179.0
29.0 37.0 37.0 80.32022 11.06207 113.82789 1153.0
29.0 37.0 29.0 122.74866 20.58496 121.14503 1153.0
29.0 38.0 38.0 88.72452 68.42525 152.61445 5.0
29.0 38.0 29.0 122.74866 20.58496 121.14503 5.0
29.0 44.0 44.0 70.24339 22.71903 131.34628 92.0
29.0 44.0 29.0 122.74866 20.58496 121.14503 92.0
29.0 47.0 47.0 164.20201 62.6497 126.08301 221.0
29.0 47.0 29.0 122.74866 20.58496 121.14503 221.0
30.0 1.0 1.0 66.23463 89.1566 7.40122 367.0
30.0 1.0 30.0 88.5034 139.95221 62.80646 367.0
30.0 5.0 5.0 42.35456 126.98821 106.4231 5.0
30.0 5.0 30.0 88.5034 139.95221 62.80646 5.0
30.0 8.0 8.0 89.97336 90.39491 30.39457 20.0
30.0 8.0 30.0 88.5034 139.95221 62.80646 20.0
30.0 9.0 9.0 78.62371 139.91505 102.70385 1443.0
30.0 9.0 30.0 88.5034 139.95221 62.80646 1443.0
30.0 14.0 14.0 128.44378 116.10231 40.36772 219.0
30.0 14.0 30.0 88.5034 139.95221 62.80646 219.0
30.0 23.0 23.0 173.48724 43.5603 76.96932 1.0
30.0 23.0 30.0 88.5034 139.95221 62.80646 1.0
30.0 30.0 30.0 88.5034 139.95221 62.80646 16294.0
30.0 30.0 30.0 88.5034 139.95221 62.80646 16294.0
30.0 32.0 32.0 157.18724 89.13216 58.0208 4.0
30.0 32.0 30.0 88.5034 139.95221 62.80646 4.0
30.0 34.0 34.0 127.71148 111.29153 129.58347 69.0
30.0 34.0 30.0 88.5034 139.95221 62.80646 69.0
30.0 35.0 35.0 147.78197 121.15074 95.61933 709.0
30.0 35.0 30.0 88.5034 139.95221 62.80646 709.0
30.0 41.0 41.0 59.92443 126.09673 122.50475 26.0
30.0 41.0 30.0 88.5034 139.95221 62.80646 26.0
30.0 43.0 43.0 101.64807 137.74135 99.15154 2222.0
30.0 43.0 30.0 88.5034 139.95221 62.80646 2222.0
30.0 45.0 45.0 35.10118 116.26254 28.39859 879.0
30.0 45.0 30.0 88.5034 139.95221 62.80646 879.0
30.0 46.0 46.0 114.55963 130.29121 52.72658 3599.0
30.0 46.0 30.0 88.5034 139.95221 62.80646 3599.0
31.0 3.0 3.0 83.25527 3.84008 88.05408 2.0
31.0 3.0 31.0 121.48864 38.87949 35.97391 2.0
31.0 7.0 7.0 121.67629 13.45822 56.88763 1622.0
31.0 7.0 31.0 121.48864 38.87949 35.97391 1622.0
31.0 8.0 8.0 89.97336 90.39491 30.39457 26.0
31.0 8.0 31.0 121.48864 38.87949 35.97391 26.0
31.0 10.0 10.0 97.08396 3.92801 61.09113 395.0
31.0 10.0 31.0 121.48864 38.87949 35.97391 395.0
31.0 11.0 11.0 48.53191 14.11254 56.51874 2.0
31.0 11.0 31.0 121.48864 38.87949 35.97391 2.0
31.0 12.0 12.0 179.80917 86.3248 84.74629 8.0
31.0 12.0 31.0 121.48864 38.87949 35.97391 8.0
31.0 14.0 14.0 128.44378 116.10231 40.36772 7.0
31.0 14.0 31.0 121.48864 38.87949 35.97391 7.0
31.0 15.0 15.0 145.10268 26.536 64.67471 1498.0
31.0 15.0 31.0 121.48864 38.87949 35.97391 1498.0
31.0 17.0 17.0 122.80151 11.00903 94.61663 5.0
31.0 17.0 31.0 121.48864 38.87949 35.97391 5.0
31.0 18.0 18.0 159.20153 24.82466 93.86664 14.0
31.0 18.0 31.0 121.48864 38.87949 35.97391 14.0
31.0 19.0 19.0 66.40177 15.78635 45.3863 34.0
31.0 19.0 31.0 121.48864 38.87949 35.97391 34.0
31.0 20.0 20.0 85.0858 53.75667 22.29623 2433.0
31.0 20.0 31.0 121.48864 38.87949 35.97391 2433.0
31.0 23.0 23.0 173.48724 43.5603 76.96932 111.0
31.0 23.0 31.0 121.48864 38.87949 35.97391 111.0
31.0 31.0 31.0 121.48864 38.87949 35.97391 13053.0
31.0 31.0 31.0 121.48864 38.87949 35.97391 13053.0
31.0 32.0 32.0 157.18724 89.13216 58.0208 747.0
31.0 32.0 31.0 121.48864 38.87949 35.97391 747.0
31.0 40.0 40.0 83.29109 23.581 42.39059 1044.0
31.0 40.0 31.0 121.48864 38.87949 35.97391 1044.0
32.0 7.0 7.0 121.67629 13.45822 56.88763 3.0
32.0 7.0 32.0 157.18724 89.13216 58.0208 3.0
32.0 12.0 12.0 179.80917 86.3248 84.74629 1664.0
32.0 12.0 32.0 157.18724 89.13216 58.0208 1664.0
32.0 14.0 14.0 128.44378 116.10231 40.36772 1596.0
32.0 14.0 32.0 157.18724 89.13216 58.0208 1596.0
32.0 15.0 15.0 145.10268 26.536 64.67471 379.0
32.0 15.0 32.0 157.18724 89.13216 58.0208 379.0
32.0 18.0 18.0 159.20153 24.82466 93.86664 10.0
32.0 18.0 32.0 157.18724 89.13216 58.0208 10.0
32.0 20.0 20.0 85.0858 53.75667 22.29623 8.0
32.0 20.0 32.0 157.18724 89.13216 58.0208 8.0
32.0 23.0 23.0 173.48724 43.5603 76.96932 463.0
32.0 23.0 32.0 157.18724 89.13216 58.0208 463.0
32.0 25.0 25.0 182.83348 63.97663 100.28504 48.0
32.0 25.0 32.0 157.18724 89.13216 58.0208 48.0
32.0 30.0 30.0 88.5034 139.95221 62.80646 4.0
32.0 30.0 32.0 157.18724 89.13216 58.0208 4.0
32.0 31.0 31.0 121.48864 38.87949 35.97391 717.0
32.0 31.0 32.0 157.18724 89.13216 58.0208 717.0
32.0 32.0 32.0 157.18724 89.13216 58.0208 10284.0
32.0 32.0 32.0 157.18724 89.13216 58.0208 10284.0
32.0 35.0 35.0 147.78197 121.15074 95.61933 964.0
32.0 35.0 32.0 157.18724 89.13216 58.0208 964.0
32.0 46.0 46.0 114.55963 130.29121 52.72658 280.0
32.0 46.0 32.0 157.18724 89.13216 58.0208 280.0
32.0 47.0 47.0 164.20201 62.6497 126.08301 1.0
32.0 47.0 32.0 157.18724 89.13216 58.0208 1.0
33.0 0.0 0.0 55.10416 48.90219 141.97568 236.0
33.0 0.0 33.0 97.24868 49.92824 149.22963 236.0
33.0 4.0 4.0 72.09874 108.4082 139.67054 5.0
33.0 4.0 33.0 97.24868 49.92824 149.22963 5.0
33.0 16.0 16.0 37.10618 39.11716 124.72461 2.0
33.0 16.0 33.0 97.24868 49.92824 149.22963 2.0
33.0 17.0 17.0 122.80151 11.00903 94.61663 1.0
33.0 17.0 33.0 97.24868 49.92824 149.22963 1.0
33.0 18.0 18.0 159.20153 24.82466 93.86664 1.0
33.0 18.0 33.0 97.24868 49.92824 149.22963 1.0
33.0 22.0 22.0 25.10858 80.12172 119.47299 2.0
33.0 22.0 33.0 97.24868 49.92824 149.22963 2.0
33.0 24.0 24.0 107.85481 87.23682 149.14281 508.0
33.0 24.0 33.0 97.24868 49.92824 149.22963 508.0
33.0 26.0 26.0 132.0917 45.11304 139.11249 1139.0
33.0 26.0 33.0 97.24868 49.92824 149.22963 1139.0
33.0 28.0 28.0 84.35962 38.91041 143.12941 1531.0
33.0 28.0 33.0 97.24868 49.92824 149.22963 1531.0
33.0 29.0 29.0 122.74866 20.58496 121.14503 202.0
33.0 29.0 33.0 97.24868 49.92824 149.22963 202.0
33.0 33.0 33.0 97.24868 49.92824 149.22963 2644.0
33.0 33.0 33.0 97.24868 49.92824 149.22963 2644.0
33.0 34.0 34.0 127.71148 111.29153 129.58347 2.0
33.0 34.0 33.0 97.24868 49.92824 149.22963 2.0
33.0 36.0 36.0 51.18408 19.50247 119.71858 4.0
33.0 36.0 33.0 97.24868 49.92824 149.22963 4.0
33.0 37.0 37.0 80.32022 11.06207 113.82789 71.0
33.0 37.0 33.0 97.24868 49.92824 149.22963 71.0
33.0 38.0 38.0 88.72452 68.42525 152.61445 1521.0
33.0 38.0 33.0 97.24868 49.92824 149.22963 1521.0
33.0 42.0 42.0 56.62501 85.26841 144.94905 123.0
33.0 42.0 33.0 97.24868 49.92824 149.22963 123.0
33.0 44.0 44.0 70.24339 22.71903 131.34628 118.0
33.0 44.0 33.0 97.24868 49.92824 149.22963 118.0
33.0 47.0 47.0 164.20201 62.6497 126.08301 4.0
33.0 47.0 33.0 97.24868 49.92824 149.22963 4.0
34.0 4.0 4.0 72.09874 108.4082 139.67054 882.0
34.0 4.0 34.0 127.71148 111.29153 129.58347 882.0
34.0 9.0 9.0 78.62371 139.91505 102.70385 600.0
34.0 9.0 34.0 127.71148 111.29153 129.58347 600.0
34.0 12.0 12.0 179.80917 86.3248 84.74629 96.0
34.0 12.0 34.0 127.71148 111.29153 129.58347 96.0
34.0 14.0 14.0 128.44378 116.10231 40.36772 1.0
34.0 14.0 34.0 127.71148 111.29153 129.58347 1.0
34.0 24.0 24.0 107.85481 87.23682 149.14281 2564.0
34.0 24.0 34.0 127.71148 111.29153 129.58347 2564.0
34.0 25.0 25.0 182.83348 63.97663 100.28504 27.0
34.0 25.0 34.0 127.71148 111.29153 129.58347 27.0
34.0 26.0 26.0 132.0917 45.11304 139.11249 294.0
34.0 26.0 34.0 127.71148 111.29153 129.58347 294.0
34.0 30.0 30.0 88.5034 139.95221 62.80646 78.0
34.0 30.0 34.0 127.71148 111.29153 129.58347 78.0
34.0 32.0 32.0 157.18724 89.13216 58.0208 5.0
34.0 32.0 34.0 127.71148 111.29153 129.58347 5.0
34.0 33.0 33.0 97.24868 49.92824 149.22963 5.0
34.0 33.0 34.0 127.71148 111.29153 129.58347 5.0
34.0 34.0 34.0 127.71148 111.29153 129.58347 16990.0
34.0 34.0 34.0 127.71148 111.29153 129.58347 16990.0
34.0 35.0 35.0 147.78197 121.15074 95.61933 2549.0
34.0 35.0 34.0 127.71148 111.29153 129.58347 2549.0
34.0 38.0 38.0 88.72452 68.42525 152.61445 32.0
34.0 38.0 34.0 127.71148 111.29153 129.58347 32.0
34.0 41.0 41.0 59.92443 126.09673 122.50475 358.0
34.0 41.0 34.0 127.71148 111.29153 129.58347 358.0
34.0 42.0 42.0 56.62501 85.26841 144.94905 12.0
34.0 42.0 34.0 127.71148 111.29153 129.58347 12.0
34.0 43.0 43.0 101.64807 137.74135 99.15154 1396.0
34.0 43.0 34.0 127.71148 111.29153 129.58347 1396.0
34.0 46.0 46.0 114.55963 130.29121 52.72658 11.0
34.0 46.0 34.0 127.71148 111.29153 129.58347 11.0
34.0 47.0 47.0 164.20201 62.6497 126.08301 1136.0
34.0 47.0 34.0 127.71148 111.29153 129.58347 1136.0
35.0 4.0 4.0 72.09874 108.4082 139.67054 1.0
35.0 4.0 35.0 147.78197 121.15074 95.61933 1.0
35.0 9.0 9.0 78.62371 139.91505 102.70385 16.0
35.0 9.0 35.0 147.78197 121.15074 95.61933 16.0
35.0 12.0 12.0 179.80917 86.3248 84.74629 1173.0
35.0 12.0 35.0 147.78197 121.15074 95.61933 1173.0
35.0 14.0 14.0 128.44378 116.10231 40.36772 307.0
35.0 14.0 35.0 147.78197 121.15074 95.61933 307.0
35.0 24.0 24.0 107.85481 87.23682 149.14281 2.0
35.0 24.0 35.0 147.78197 121.15074 95.61933 2.0
35.0 25.0 25.0 182.83348 63.97663 100.28504 75.0
35.0 25.0 35.0 147.78197 121.15074 95.61933 75.0
35.0 30.0 30.0 88.5034 139.95221 62.80646 693.0
35.0 30.0 35.0 147.78197 121.15074 95.61933 693.0
35.0 32.0 32.0 157.18724 89.13216 58.0208 896.0
35.0 32.0 35.0 147.78197 121.15074 95.61933 896.0
35.0 34.0 34.0 127.71148 111.29153 129.58347 2646.0
35.0 34.0 35.0 147.78197 121.15074 95.61933 2646.0
35.0 35.0 35.0 147.78197 121.15074 95.61933 11235.0
35.0 35.0 35.0 147.78197 121.15074 95.61933 11235.0
35.0 41.0 41.0 59.92443 126.09673 122.50475 1.0
35.0 41.0 35.0 147.78197 121.15074 95.61933 1.0
35.0 43.0 43.0 101.64807 137.74135 99.15154 878.0
35.0 43.0 35.0 147.78197 121.15074 95.61933 878.0
35.0 46.0 46.0 114.55963 130.29121 52.72658 1125.0
35.0 46.0 35.0 147.78197 121.15074 95.61933 1125.0
35.0 47.0 47.0 164.20201 62.6497 126.08301 352.0
35.0 47.0 35.0 147.78197 121.15074 95.61933 352.0
36.0 0.0 0.0 55.10416 48.90219 141.97568 454.0
36.0 0.0 36.0 51.18408 19.50247 119.71858 454.0
36.0 2.0 2.0 27.4206 25.3131 87.7278 476.0
36.0 2.0 36.0 51.18408 19.50247 119.71858 476.0
36.0 3.0 3.0 83.25527 3.84008 88.05408 152.0
36.0 3.0 36.0 51.18408 19.50247 119.71858 152.0
36.0 11.0 11.0 48.53191 14.11254 56.51874 73.0
36.0 11.0 36.0 51.18408 19.50247 119.71858 73.0
36.0 13.0 13.0 21.7963 31.15299 56.43522 1.0
36.0 13.0 36.0 51.18408 19.50247 119.71858 1.0
36.0 16.0 16.0 37.10618 39.11716 124.72461 961.0
36.0 16.0 36.0 51.18408 19.50247 119.71858 961.0
36.0 19.0 19.0 66.40177 15.78635 45.3863 1.0
36.0 19.0 36.0 51.18408 19.50247 119.71858 1.0
36.0 22.0 22.0 25.10858 80.12172 119.47299 10.0
36.0 22.0 36.0 51.18408 19.50247 119.71858 10.0
36.0 27.0 27.0 18.71664 45.36078 103.73101 91.0
36.0 27.0 36.0 51.18408 19.50247 119.71858 91.0
36.0 28.0 28.0 84.35962 38.91041 143.12941 89.0
36.0 28.0 36.0 51.18408 19.50247 119.71858 89.0
36.0 29.0 29.0 122.74866 20.58496 121.14503 1.0
36.0 29.0 36.0 51.18408 19.50247 119.71858 1.0
36.0 33.0 33.0 97.24868 49.92824 149.22963 5.0
36.0 33.0 36.0 51.18408 19.50247 119.71858 5.0
36.0 36.0 36.0 51.18408 19.50247 119.71858 1525.0
36.0 36.0 36.0 51.18408 19.50247 119.71858 1525.0
36.0 37.0 37.0 80.32022 11.06207 113.82789 936.0
36.0 37.0 36.0 51.18408 19.50247 119.71858 936.0
36.0 38.0 38.0 88.72452 68.42525 152.61445 1.0
36.0 38.0 36.0 51.18408 19.50247 119.71858 1.0
36.0 42.0 42.0 56.62501 85.26841 144.94905 2.0
36.0 42.0 36.0 51.18408 19.50247 119.71858 2.0
36.0 44.0 44.0 70.24339 22.71903 131.34628 745.0
36.0 44.0 36.0 51.18408 19.50247 119.71858 745.0
37.0 0.0 0.0 55.10416 48.90219 141.97568 74.0
37.0 0.0 37.0 80.32022 11.06207 113.82789 74.0
37.0 2.0 2.0 27.4206 25.3131 87.7278 418.0
37.0 2.0 37.0 80.32022 11.06207 113.82789 418.0
37.0 3.0 3.0 83.25527 3.84008 88.05408 2535.0
37.0 3.0 37.0 80.32022 11.06207 113.82789 2535.0
37.0 7.0 7.0 121.67629 13.45822 56.88763 1.0
37.0 7.0 37.0 80.32022 11.06207 113.82789 1.0
37.0 10.0 10.0 97.08396 3.92801 61.09113 45.0
37.0 10.0 37.0 80.32022 11.06207 113.82789 45.0
37.0 11.0 11.0 48.53191 14.11254 56.51874 264.0
37.0 11.0 37.0 80.32022 11.06207 113.82789 264.0
37.0 16.0 16.0 37.10618 39.11716 124.72461 155.0
37.0 16.0 37.0 80.32022 11.06207 113.82789 155.0
37.0 17.0 17.0 122.80151 11.00903 94.61663 562.0
37.0 17.0 37.0 80.32022 11.06207 113.82789 562.0
37.0 18.0 18.0 159.20153 24.82466 93.86664 2.0
37.0 18.0 37.0 80.32022 11.06207 113.82789 2.0
37.0 19.0 19.0 66.40177 15.78635 45.3863 15.0
37.0 19.0 37.0 80.32022 11.06207 113.82789 15.0
37.0 26.0 26.0 132.0917 45.11304 139.11249 119.0
37.0 26.0 37.0 80.32022 11.06207 113.82789 119.0
37.0 27.0 27.0 18.71664 45.36078 103.73101 10.0
37.0 27.0 37.0 80.32022 11.06207 113.82789 10.0
37.0 28.0 28.0 84.35962 38.91041 143.12941 711.0
37.0 28.0 37.0 80.32022 11.06207 113.82789 711.0
37.0 29.0 29.0 122.74866 20.58496 121.14503 1115.0
37.0 29.0 37.0 80.32022 11.06207 113.82789 1115.0
37.0 33.0 33.0 97.24868 49.92824 149.22963 84.0
37.0 33.0 37.0 80.32022 11.06207 113.82789 84.0
37.0 36.0 36.0 51.18408 19.50247 119.71858 798.0
37.0 36.0 37.0 80.32022 11.06207 113.82789 798.0
37.0 37.0 37.0 80.32022 11.06207 113.82789 8040.0
37.0 37.0 37.0 80.32022 11.06207 113.82789 8040.0
37.0 44.0 44.0 70.24339 22.71903 131.34628 1393.0
37.0 44.0 37.0 80.32022 11.06207 113.82789 1393.0
38.0 0.0 0.0 55.10416 48.90219 141.97568 407.0
38.0 0.0 38.0 88.72452 68.42525 152.61445 407.0
38.0 4.0 4.0 72.09874 108.4082 139.67054 214.0
38.0 4.0 38.0 88.72452 68.42525 152.61445 214.0
38.0 16.0 16.0 37.10618 39.11716 124.72461 12.0
38.0 16.0 38.0 88.72452 68.42525 152.61445 12.0
38.0 22.0 22.0 25.10858 80.12172 119.47299 25.0
38.0 22.0 38.0 88.72452 68.42525 152.61445 25.0
38.0 24.0 24.0 107.85481 87.23682 149.14281 1983.0
38.0 24.0 38.0 88.72452 68.42525 152.61445 1983.0
38.0 26.0 26.0 132.0917 45.11304 139.11249 358.0
38.0 26.0 38.0 88.72452 68.42525 152.61445 358.0
38.0 28.0 28.0 84.35962 38.91041 143.12941 612.0
38.0 28.0 38.0 88.72452 68.42525 152.61445 612.0
38.0 29.0 29.0 122.74866 20.58496 121.14503 6.0
38.0 29.0 38.0 88.72452 68.42525 152.61445 6.0
38.0 33.0 33.0 97.24868 49.92824 149.22963 1495.0
38.0 33.0 38.0 88.72452 68.42525 152.61445 1495.0
38.0 34.0 34.0 127.71148 111.29153 129.58347 39.0
38.0 34.0 38.0 88.72452 68.42525 152.61445 39.0
38.0 36.0 36.0 51.18408 19.50247 119.71858 1.0
38.0 36.0 38.0 88.72452 68.42525 152.61445 1.0
38.0 37.0 37.0 80.32022 11.06207 113.82789 1.0
38.0 37.0 38.0 88.72452 68.42525 152.61445 1.0
38.0 38.0 38.0 88.72452 68.42525 152.61445 3172.0
38.0 38.0 38.0 88.72452 68.42525 152.61445 3172.0
38.0 41.0 41.0 59.92443 126.09673 122.50475 4.0
38.0 41.0 38.0 88.72452 68.42525 152.61445 4.0
38.0 42.0 42.0 56.62501 85.26841 144.94905 1064.0
38.0 42.0 38.0 88.72452 68.42525 152.61445 1064.0
38.0 44.0 44.0 70.24339 22.71903 131.34628 12.0
38.0 44.0 38.0 88.72452 68.42525 152.61445 12.0
38.0 47.0 47.0 164.20201 62.6497 126.08301 9.0
38.0 47.0 38.0 88.72452 68.42525 152.61445 9.0
39.0 1.0 1.0 66.23463 89.1566 7.40122 256.0
39.0 1.0 39.0 21.86389 50.09967 32.74874 256.0
39.0 2.0 2.0 27.4206 25.3131 87.7278 152.0
39.0 2.0 39.0 21.86389 50.09967 32.74874 152.0
39.0 6.0 6.0 5.48566 84.8538 74.44523 1333.0
39.0 6.0 39.0 21.86389 50.09967 32.74874 1333.0
39.0 11.0 11.0 48.53191 14.11254 56.51874 876.0
39.0 11.0 39.0 21.86389 50.09967 32.74874 876.0
39.0 13.0 13.0 21.7963 31.15299 56.43522 1792.0
39.0 13.0 39.0 21.86389 50.09967 32.74874 1792.0
39.0 19.0 19.0 66.40177 15.78635 45.3863 233.0
39.0 19.0 39.0 21.86389 50.09967 32.74874 233.0
39.0 20.0 20.0 85.0858 53.75667 22.29623 482.0
39.0 20.0 39.0 21.86389 50.09967 32.74874 482.0
39.0 21.0 21.0 28.33472 78.10451 19.25219 2110.0
39.0 21.0 39.0 21.86389 50.09967 32.74874 2110.0
39.0 27.0 27.0 18.71664 45.36078 103.73101 19.0
39.0 27.0 39.0 21.86389 50.09967 32.74874 19.0
39.0 39.0 39.0 21.86389 50.09967 32.74874 9701.0
39.0 39.0 39.0 21.86389 50.09967 32.74874 9701.0
39.0 40.0 40.0 83.29109 23.581 42.39059 24.0
39.0 40.0 39.0 21.86389 50.09967 32.74874 24.0
39.0 45.0 45.0 35.10118 116.26254 28.39859 73.0
39.0 45.0 39.0 21.86389 50.09967 32.74874 73.0
40.0 1.0 1.0 66.23463 89.1566 7.40122 9.0
40.0 1.0 40.0 83.29109 23.581 42.39059 9.0
40.0 3.0 3.0 83.25527 3.84008 88.05408 133.0
40.0 3.0 40.0 83.29109 23.581 42.39059 133.0
40.0 7.0 7.0 121.67629 13.45822 56.88763 281.0
40.0 7.0 40.0 83.29109 23.581 42.39059 281.0
40.0 8.0 8.0 89.97336 90.39491 30.39457 1.0
40.0 8.0 40.0 83.29109 23.581 42.39059 1.0
40.0 10.0 10.0 97.08396 3.92801 61.09113 1244.0
40.0 10.0 40.0 83.29109 23.581 42.39059 1244.0
40.0 11.0 11.0 48.53191 14.11254 56.51874 426.0
40.0 11.0 40.0 83.29109 23.581 42.39059 426.0
40.0 13.0 13.0 21.7963 31.15299 56.43522 3.0
40.0 13.0 40.0 83.29109 23.581 42.39059 3.0
40.0 15.0 15.0 145.10268 26.536 64.67471 1.0
40.0 15.0 40.0 83.29109 23.581 42.39059 1.0
40.0 17.0 17.0 122.80151 11.00903 94.61663 3.0
40.0 17.0 40.0 83.29109 23.581 42.39059 3.0
40.0 19.0 19.0 66.40177 15.78635 45.3863 1418.0
40.0 19.0 40.0 83.29109 23.581 42.39059 1418.0
40.0 20.0 20.0 85.0858 53.75667 22.29623 1776.0
40.0 20.0 40.0 83.29109 23.581 42.39059 1776.0
40.0 21.0 21.0 28.33472 78.10451 19.25219 3.0
40.0 21.0 40.0 83.29109 23.581 42.39059 3.0
40.0 31.0 31.0 121.48864 38.87949 35.97391 1039.0
40.0 31.0 40.0 83.29109 23.581 42.39059 1039.0
40.0 37.0 37.0 80.32022 11.06207 113.82789 3.0
40.0 37.0 40.0 83.29109 23.581 42.39059 3.0
40.0 39.0 39.0 21.86389 50.09967 32.74874 36.0
40.0 39.0 40.0 83.29109 23.581 42.39059 36.0
40.0 40.0 40.0 83.29109 23.581 42.39059 4420.0
40.0 40.0 40.0 83.29109 23.581 42.39059 4420.0
41.0 0.0 0.0 55.10416 48.90219 141.97568 1.0
41.0 0.0 41.0 59.92443 126.09673 122.50475 1.0
41.0 4.0 4.0 72.09874 108.4082 139.67054 2839.0
41.0 4.0 41.0 59.92443 126.09673 122.50475 2839.0
41.0 5.0 5.0 42.35456 126.98821 106.4231 126.0
41.0 5.0 41.0 59.92443 126.09673 122.50475 126.0
41.0 6.0 6.0 5.48566 84.8538 74.44523 18.0
41.0 6.0 41.0 59.92443 126.09673 122.50475 18.0
41.0 9.0 9.0 78.62371 139.91505 102.70385 2340.0
41.0 9.0 41.0 59.92443 126.09673 122.50475 2340.0
41.0 22.0 22.0 25.10858 80.12172 119.47299 819.0
41.0 22.0 41.0 59.92443 126.09673 122.50475 819.0
41.0 24.0 24.0 107.85481 87.23682 149.14281 69.0
41.0 24.0 41.0 59.92443 126.09673 122.50475 69.0
41.0 30.0 30.0 88.5034 139.95221 62.80646 31.0
41.0 30.0 41.0 59.92443 126.09673 122.50475 31.0
41.0 34.0 34.0 127.71148 111.29153 129.58347 427.0
41.0 34.0 41.0 59.92443 126.09673 122.50475 427.0
41.0 38.0 38.0 88.72452 68.42525 152.61445 1.0
41.0 38.0 41.0 59.92443 126.09673 122.50475 1.0
41.0 41.0 41.0 59.92443 126.09673 122.50475 10952.0
41.0 41.0 41.0 59.92443 126.09673 122.50475 10952.0
41.0 42.0 42.0 56.62501 85.26841 144.94905 422.0
41.0 42.0 41.0 59.92443 126.09673 122.50475 422.0
41.0 43.0 43.0 101.64807 137.74135 99.15154 349.0
41.0 43.0 41.0 59.92443 126.09673 122.50475 349.0
42.0 0.0 0.0 55.10416 48.90219 141.97568 860.0
42.0 0.0 42.0 56.62501 85.26841 144.94905 860.0
42.0 4.0 4.0 72.09874 108.4082 139.67054 2153.0
42.0 4.0 42.0 56.62501 85.26841 144.94905 2153.0
42.0 5.0 5.0 42.35456 126.98821 106.4231 5.0
42.0 5.0 42.0 56.62501 85.26841 144.94905 5.0
42.0 16.0 16.0 37.10618 39.11716 124.72461 155.0
42.0 16.0 42.0 56.62501 85.26841 144.94905 155.0
42.0 22.0 22.0 25.10858 80.12172 119.47299 1595.0
42.0 22.0 42.0 56.62501 85.26841 144.94905 1595.0
42.0 24.0 24.0 107.85481 87.23682 149.14281 547.0
42.0 24.0 42.0 56.62501 85.26841 144.94905 547.0
42.0 27.0 27.0 18.71664 45.36078 103.73101 1.0
42.0 27.0 42.0 56.62501 85.26841 144.94905 1.0
42.0 28.0 28.0 84.35962 38.91041 143.12941 202.0
42.0 28.0 42.0 56.62501 85.26841 144.94905 202.0
42.0 33.0 33.0 97.24868 49.92824 149.22963 129.0
42.0 33.0 42.0 56.62501 85.26841 144.94905 129.0
42.0 34.0 34.0 127.71148 111.29153 129.58347 9.0
42.0 34.0 42.0 56.62501 85.26841 144.94905 9.0
42.0 36.0 36.0 51.18408 19.50247 119.71858 1.0
42.0 36.0 42.0 56.62501 85.26841 144.94905 1.0
42.0 38.0 38.0 88.72452 68.42525 152.61445 1086.0
42.0 38.0 42.0 56.62501 85.26841 144.94905 1086.0
42.0 41.0 41.0 59.92443 126.09673 122.50475 412.0
42.0 41.0 42.0 56.62501 85.26841 144.94905 412.0
42.0 42.0 42.0 56.62501 85.26841 144.94905 5723.0
42.0 42.0 42.0 56.62501 85.26841 144.94905 5723.0
42.0 44.0 44.0 70.24339 22.71903 131.34628 1.0
42.0 44.0 42.0 56.62501 85.26841 144.94905 1.0
43.0 4.0 4.0 72.09874 108.4082 139.67054 64.0
43.0 4.0 43.0 101.64807 137.74135 99.15154 64.0
43.0 5.0 5.0 42.35456 126.98821 106.4231 3.0
43.0 5.0 43.0 101.64807 137.74135 99.15154 3.0
43.0 9.0 9.0 78.62371 139.91505 102.70385 2117.0
43.0 9.0 43.0 101.64807 137.74135 99.15154 2117.0
43.0 14.0 14.0 128.44378 116.10231 40.36772 1.0
43.0 14.0 43.0 101.64807 137.74135 99.15154 1.0
43.0 24.0 24.0 107.85481 87.23682 149.14281 13.0
43.0 24.0 43.0 101.64807 137.74135 99.15154 13.0
43.0 30.0 30.0 88.5034 139.95221 62.80646 2107.0
43.0 30.0 43.0 101.64807 137.74135 99.15154 2107.0
43.0 34.0 34.0 127.71148 111.29153 129.58347 1391.0
43.0 34.0 43.0 101.64807 137.74135 99.15154 1391.0
43.0 35.0 35.0 147.78197 121.15074 95.61933 858.0
43.0 35.0 43.0 101.64807 137.74135 99.15154 858.0
43.0 41.0 41.0 59.92443 126.09673 122.50475 306.0
43.0 41.0 43.0 101.64807 137.74135 99.15154 306.0
43.0 43.0 43.0 101.64807 137.74135 99.15154 4851.0
43.0 43.0 43.0 101.64807 137.74135 99.15154 4851.0
43.0 46.0 46.0 114.55963 130.29121 52.72658 144.0
43.0 46.0 43.0 101.64807 137.74135 99.15154 144.0
44.0 0.0 0.0 55.10416 48.90219 141.97568 572.0
44.0 0.0 44.0 70.24339 22.71903 131.34628 572.0
44.0 2.0 2.0 27.4206 25.3131 87.7278 28.0
44.0 2.0 44.0 70.24339 22.71903 131.34628 28.0
44.0 3.0 3.0 83.25527 3.84008 88.05408 58.0
44.0 3.0 44.0 70.24339 22.71903 131.34628 58.0
44.0 6.0 6.0 5.48566 84.8538 74.44523 1.0
44.0 6.0 44.0 70.24339 22.71903 131.34628 1.0
44.0 11.0 11.0 48.53191 14.11254 56.51874 2.0
44.0 11.0 44.0 70.24339 22.71903 131.34628 2.0
44.0 16.0 16.0 37.10618 39.11716 124.72461 236.0
44.0 16.0 44.0 70.24339 22.71903 131.34628 236.0
44.0 17.0 17.0 122.80151 11.00903 94.61663 2.0
44.0 17.0 44.0 70.24339 22.71903 131.34628 2.0
44.0 22.0 22.0 25.10858 80.12172 119.47299 2.0
44.0 22.0 44.0 70.24339 22.71903 131.34628 2.0
44.0 26.0 26.0 132.0917 45.11304 139.11249 18.0
44.0 26.0 44.0 70.24339 22.71903 131.34628 18.0
44.0 27.0 27.0 18.71664 45.36078 103.73101 1.0
44.0 27.0 44.0 70.24339 22.71903 131.34628 1.0
44.0 28.0 28.0 84.35962 38.91041 143.12941 930.0
44.0 28.0 44.0 70.24339 22.71903 131.34628 930.0
44.0 29.0 29.0 122.74866 20.58496 121.14503 85.0
44.0 29.0 44.0 70.24339 22.71903 131.34628 85.0
44.0 33.0 33.0 97.24868 49.92824 149.22963 98.0
44.0 33.0 44.0 70.24339 22.71903 131.34628 98.0
44.0 36.0 36.0 51.18408 19.50247 119.71858 733.0
44.0 36.0 44.0 70.24339 22.71903 131.34628 733.0
44.0 37.0 37.0 80.32022 11.06207 113.82789 1489.0
44.0 37.0 44.0 70.24339 22.71903 131.34628 1489.0
44.0 38.0 38.0 88.72452 68.42525 152.61445 12.0
44.0 38.0 44.0 70.24339 22.71903 131.34628 12.0
44.0 42.0 42.0 56.62501 85.26841 144.94905 4.0
44.0 42.0 44.0 70.24339 22.71903 131.34628 4.0
44.0 44.0 44.0 70.24339 22.71903 131.34628 1829.0
44.0 44.0 44.0 70.24339 22.71903 131.34628 1829.0
45.0 1.0 1.0 66.23463 89.1566 7.40122 1960.0
45.0 1.0 45.0 35.10118 116.26254 28.39859 1960.0
45.0 5.0 5.0 42.35456 126.98821 106.4231 1.0
45.0 5.0 45.0 35.10118 116.26254 28.39859 1.0
45.0 6.0 6.0 5.48566 84.8538 74.44523 1114.0
45.0 6.0 45.0 35.10118 116.26254 28.39859 1114.0
45.0 8.0 8.0 89.97336 90.39491 30.39457 8.0
45.0 8.0 45.0 35.10118 116.26254 28.39859 8.0
45.0 9.0 9.0 78.62371 139.91505 102.70385 4.0
45.0 9.0 45.0 35.10118 116.26254 28.39859 4.0
45.0 14.0 14.0 128.44378 116.10231 40.36772 2.0
45.0 14.0 45.0 35.10118 116.26254 28.39859 2.0
45.0 20.0 20.0 85.0858 53.75667 22.29623 1.0
45.0 20.0 45.0 35.10118 116.26254 28.39859 1.0
45.0 21.0 21.0 28.33472 78.10451 19.25219 1844.0
45.0 21.0 45.0 35.10118 116.26254 28.39859 1844.0
45.0 22.0 22.0 25.10858 80.12172 119.47299 1.0
45.0 22.0 45.0 35.10118 116.26254 28.39859 1.0
45.0 30.0 30.0 88.5034 139.95221 62.80646 1047.0
45.0 30.0 45.0 35.10118 116.26254 28.39859 1047.0
45.0 39.0 39.0 21.86389 50.09967 32.74874 69.0
45.0 39.0 45.0 35.10118 116.26254 28.39859 69.0
45.0 43.0 43.0 101.64807 137.74135 99.15154 1.0
45.0 43.0 45.0 35.10118 116.26254 28.39859 1.0
45.0 45.0 45.0 35.10118 116.26254 28.39859 14747.0
45.0 45.0 45.0 35.10118 116.26254 28.39859 14747.0
45.0 46.0 46.0 114.55963 130.29121 52.72658 69.0
45.0 46.0 45.0 35.10118 116.26254 28.39859 69.0
46.0 1.0 1.0 66.23463 89.1566 7.40122 195.0
46.0 1.0 46.0 114.55963 130.29121 52.72658 195.0
46.0 8.0 8.0 89.97336 90.39491 30.39457 21.0
46.0 8.0 46.0 114.55963 130.29121 52.72658 21.0
46.0 9.0 9.0 78.62371 139.91505 102.70385 9.0
46.0 9.0 46.0 114.55963 130.29121 52.72658 9.0
46.0 12.0 12.0 179.80917 86.3248 84.74629 5.0
46.0 12.0 46.0 114.55963 130.29121 52.72658 5.0
46.0 14.0 14.0 128.44378 116.10231 40.36772 3094.0
46.0 14.0 46.0 114.55963 130.29121 52.72658 3094.0
46.0 20.0 20.0 85.0858 53.75667 22.29623 1.0
46.0 20.0 46.0 114.55963 130.29121 52.72658 1.0
46.0 30.0 30.0 88.5034 139.95221 62.80646 3578.0
46.0 30.0 46.0 114.55963 130.29121 52.72658 3578.0
46.0 32.0 32.0 157.18724 89.13216 58.0208 297.0
46.0 32.0 46.0 114.55963 130.29121 52.72658 297.0
46.0 34.0 34.0 127.71148 111.29153 129.58347 13.0
46.0 34.0 46.0 114.55963 130.29121 52.72658 13.0
46.0 35.0 35.0 147.78197 121.15074 95.61933 1137.0
46.0 35.0 46.0 114.55963 130.29121 52.72658 1137.0
46.0 43.0 43.0 101.64807 137.74135 99.15154 150.0
46.0 43.0 46.0 114.55963 130.29121 52.72658 150.0
46.0 45.0 45.0 35.10118 116.26254 28.39859 51.0
46.0 45.0 46.0 114.55963 130.29121 52.72658 51.0
46.0 46.0 46.0 114.55963 130.29121 52.72658 7445.0
46.0 46.0 46.0 114.55963 130.29121 52.72658 7445.0
47.0 12.0 12.0 179.80917 86.3248 84.74629 389.0
47.0 12.0 47.0 164.20201 62.6497 126.08301 389.0
47.0 15.0 15.0 145.10268 26.536 64.67471 10.0
47.0 15.0 47.0 164.20201 62.6497 126.08301 10.0
47.0 17.0 17.0 122.80151 11.00903 94.61663 25.0
47.0 17.0 47.0 164.20201 62.6497 126.08301 25.0
47.0 18.0 18.0 159.20153 24.82466 93.86664 654.0
47.0 18.0 47.0 164.20201 62.6497 126.08301 654.0
47.0 23.0 23.0 173.48724 43.5603 76.96932 322.0
47.0 23.0 47.0 164.20201 62.6497 126.08301 322.0
47.0 24.0 24.0 107.85481 87.23682 149.14281 177.0
47.0 24.0 47.0 164.20201 62.6497 126.08301 177.0
47.0 25.0 25.0 182.83348 63.97663 100.28504 1208.0
47.0 25.0 47.0 164.20201 62.6497 126.08301 1208.0
47.0 26.0 26.0 132.0917 45.11304 139.11249 1823.0
47.0 26.0 47.0 164.20201 62.6497 126.08301 1823.0
47.0 29.0 29.0 122.74866 20.58496 121.14503 249.0
47.0 29.0 47.0 164.20201 62.6497 126.08301 249.0
47.0 32.0 32.0 157.18724 89.13216 58.0208 2.0
47.0 32.0 47.0 164.20201 62.6497 126.08301 2.0
47.0 33.0 33.0 97.24868 49.92824 149.22963 3.0
47.0 33.0 47.0 164.20201 62.6497 126.08301 3.0
47.0 34.0 34.0 127.71148 111.29153 129.58347 1225.0
47.0 34.0 47.0 164.20201 62.6497 126.08301 1225.0
47.0 35.0 35.0 147.78197 121.15074 95.61933 349.0
47.0 35.0 47.0 164.20201 62.6497 126.08301 349.0
47.0 37.0 37.0 80.32022 11.06207 113.82789 1.0
47.0 37.0 47.0 164.20201 62.6497 126.08301 1.0
47.0 38.0 38.0 88.72452 68.42525 152.61445 5.0
47.0 38.0 47.0 164.20201 62.6497 126.08301 5.0
47.0 47.0 47.0 164.20201 62.6497 126.08301 8820.0
47.0 47.0 47.0 164.20201 62.6497 126.08301 8820.0
