TargetArea SourceArea Area AvgPosX AvgPosY AvgPosZ SumWeights
0.0 0.0 0.0 55.11732 48.89821 141.98118 3913.0
0.0 0.0 0.0 55.11732 48.89821 141.98118 3913.0
0.0 2.0 2.0 27.40776 25.31989 87.70753 7.0
0.0 2.0 0.0 55.11732 48.89821 141.98118 7.0
0.0 4.0 4.0 72.14522 108.4064 139.67984 12.0
0.0 4.0 0.0 55.11732 48.89821 141.98118 12.0
0.0 16.0 16.0 37.11371 39.10238 124.72389 1333.0
0.0 16.0 0.0 55.11732 48.89821 141.98118 1333.0
0.0 22.0 22.0 25.11837 80.03738 119.49795 576.0
0.0 22.0 0.0 55.11732 48.89821 141.98118 576.0
0.0 24.0 24.0 107.85948 87.21272 149.14889 15.0
0.0 24.0 0.0 55.11732 48.89821 141.98118 15.0
0.0 26.0 26.0 132.09961 45.14217 139.12585 1.0
0.0 26.0 0.0 55.11732 48.89821 141.98118 1.0
0.0 27.0 27.0 18.72604 45.33398 103.7237 38.0
0.0 27.0 0.0 55.11732 48.89821 141.98118 38.0
0.0 28.0 28.0 84.32914 38.92099 143.12997 1154.0
0.0 28.0 0.0 55.11732 48.89821 141.98118 1154.0
0.0 29.0 29.0 122.70379 20.58237 121.16595 2.0
0.0 29.0 0.0 55.11732 48.89821 141.98118 2.0
0.0 33.0 33.0 97.21307 49.94269 149.23704 276.0
0.0 33.0 0.0 55.11732 48.89821 141.98118 276.0
0.0 36.0 36.0 51.16857 19.49765 119.70133 490.0
0.0 36.0 0.0 55.11732 48.89821 141.98118 490.0
0.0 37.0 37.0 80.27501 11.06041 113.82322 85.0
0.0 37.0 0.0 55.11732 48.89821 141.98118 85.0
0.0 38.0 38.0 88.72212 68.4103 152.61551 416.0
0.0 38.0 0.0 55.11732 48.89821 141.98118 416.0
0.0 41.0 41.0 59.89396 126.07309 122.51093 2.0
0.0 41.0 0.0 55.11732 48.89821 141.98118 2.0
0.0 42.0 42.0 56.65198 85.24507 144.96487 899.0
0.0 42.0 0.0 55.11732 48.89821 141.98118 899.0
0.0 44.0 44.0 70.25085 22.69427 131.32414 656.0
0.0 44.0 0.0 55.11732 48.89821 141.98118 656.0
1.0 1.0 1.0 66.21776 89.15239 7.43711 12407.0
1.0 1.0 1.0 66.21776 89.15239 7.43711 12407.0
1.0 8.0 8.0 89.93637 90.45381 30.41391 117.0
1.0 8.0 1.0 66.21776 89.15239 7.43711 117.0
1.0 11.0 11.0 48.51917 14.11844 56.5114 16.0
1.0 11.0 1.0 66.21776 89.15239 7.43711 16.0
1.0 13.0 13.0 21.80923 31.13926 56.42048 1.0
1.0 13.0 1.0 66.21776 89.15239 7.43711 1.0
1.0 14.0 14.0 128.50775 116.09042 40.42406 88.0
1.0 14.0 1.0 66.21776 89.15239 7.43711 88.0
1.0 19.0 19.0 66.39465 15.79618 45.36769 24.0
1.0 19.0 1.0 66.21776 89.15239 7.43711 24.0
1.0 20.0 20.0 84.97878 53.64955 22.26973 2381.0
1.0 20.0 1.0 66.21776 89.15239 7.43711 2381.0
1.0 21.0 21.0 28.32975 78.06412 19.2575 1424.0
1.0 21.0 1.0 66.21776 89.15239 7.43711 1424.0
1.0 30.0 30.0 88.54142 139.92813 62.79567 443.0
1.0 30.0 1.0 66.21776 89.15239 7.43711 443.0
1.0 31.0 31.0 121.53922 38.87712 36.01148 4.0
1.0 31.0 1.0 66.21776 89.15239 7.43711 4.0
1.0 39.0 39.0 21.85264 50.07536 32.765 276.0
1.0 39.0 1.0 66.21776 89.15239 7.43711 276.0
1.0 40.0 40.0 83.25709 23.51759 42.41901 14.0
1.0 40.0 1.0 66.21776 89.15239 7.43711 14.0
1.0 45.0 45.0 35.08346 116.25895 28.4487 1823.0
1.0 45.0 1.0 66.21776 89.15239 7.43711 1823.0
1.0 46.0 46.0 114.67228 130.27355 52.83708 232.0
1.0 46.0 1.0 66.21776 89.15239 7.43711 232.0
2.0 0.0 0.0 55.11732 48.89821 141.98118 8.0
2.0 0.0 2.0 27.40776 25.31989 87.70753 8.0
2.0 2.0 2.0 27.40776 25.31989 87.70753 6702.0
2.0 2.0 2.0 27.40776 25.31989 87.70753 6702.0
2.0 3.0 3.0 83.18823 3.83369 88.04347 346.0
2.0 3.0 2.0 27.40776 25.31989 87.70753 346.0
2.0 6.0 6.0 5.47449 84.7394 74.40003 455.0
2.0 6.0 2.0 27.40776 25.31989 87.70753 455.0
2.0 11.0 11.0 48.51917 14.11844 56.5114 1374.0
2.0 11.0 2.0 27.40776 25.31989 87.70753 1374.0
2.0 13.0 13.0 21.80923 31.13926 56.42048 1402.0
2.0 13.0 2.0 27.40776 25.31989 87.70753 1402.0
2.0 16.0 16.0 37.11371 39.10238 124.72389 725.0
2.0 16.0 2.0 27.40776 25.31989 87.70753 725.0
2.0 19.0 19.0 66.39465 15.79618 45.36769 10.0
2.0 19.0 2.0 27.40776 25.31989 87.70753 10.0
2.0 20.0 20.0 84.97878 53.64955 22.26973 1.0
2.0 20.0 2.0 27.40776 25.31989 87.70753 1.0
2.0 22.0 22.0 25.11837 80.03738 119.49795 64.0
2.0 22.0 2.0 27.40776 25.31989 87.70753 64.0
2.0 27.0 27.0 18.72604 45.33398 103.7237 1607.0
2.0 27.0 2.0 27.40776 25.31989 87.70753 1607.0
2.0 36.0 36.0 51.16857 19.49765 119.70133 528.0
2.0 36.0 2.0 27.40776 25.31989 87.70753 528.0
2.0 37.0 37.0 80.27501 11.06041 113.82322 463.0
2.0 37.0 2.0 27.40776 25.31989 87.70753 463.0
2.0 39.0 39.0 21.85264 50.07536 32.765 163.0
2.0 39.0 2.0 27.40776 25.31989 87.70753 163.0
2.0 40.0 40.0 83.25709 23.51759 42.41901 1.0
2.0 40.0 2.0 27.40776 25.31989 87.70753 1.0
2.0 44.0 44.0 70.25085 22.69427 131.32414 35.0
2.0 44.0 2.0 27.40776 25.31989 87.70753 35.0
3.0 2.0 2.0 27.40776 25.31989 87.70753 297.0
3.0 2.0 3.0 83.18823 3.83369 88.04347 297.0
3.0 3.0 3.0 83.18823 3.83369 88.04347 7198.0
3.0 3.0 3.0 83.18823 3.83369 88.04347 7198.0
3.0 7.0 7.0 121.67034 13.45212 56.90826 256.0
3.0 7.0 3.0 83.18823 3.83369 88.04347 256.0
3.0 10.0 10.0 97.05291 3.92305 61.09254 1588.0
3.0 10.0 3.0 83.18823 3.83369 88.04347 1588.0
3.0 11.0 11.0 48.51917 14.11844 56.5114 1035.0
3.0 11.0 3.0 83.18823 3.83369 88.04347 1035.0
3.0 13.0 13.0 21.80923 31.13926 56.42048 6.0
3.0 13.0 3.0 83.18823 3.83369 88.04347 6.0
3.0 15.0 15.0 145.09186 26.53374 64.67761 17.0
3.0 15.0 3.0 83.18823 3.83369 88.04347 17.0
3.0 16.0 16.0 37.11371 39.10238 124.72389 12.0
3.0 16.0 3.0 83.18823 3.83369 88.04347 12.0
3.0 17.0 17.0 122.79349 11.00572 94.57596 1194.0
3.0 17.0 3.0 83.18823 3.83369 88.04347 1194.0
3.0 19.0 19.0 66.39465 15.79618 45.36769 417.0
3.0 19.0 3.0 83.18823 3.83369 88.04347 417.0
3.0 27.0 27.0 18.72604 45.33398 103.7237 1.0
3.0 27.0 3.0 83.18823 3.83369 88.04347 1.0
3.0 28.0 28.0 84.32914 38.92099 143.12997 3.0
3.0 28.0 3.0 83.18823 3.83369 88.04347 3.0
3.0 29.0 29.0 122.70379 20.58237 121.16595 209.0
3.0 29.0 3.0 83.18823 3.83369 88.04347 209.0
3.0 31.0 31.0 121.53922 38.87712 36.01148 1.0
3.0 31.0 3.0 83.18823 3.83369 88.04347 1.0
3.0 33.0 33.0 97.21307 49.94269 149.23704 1.0
3.0 33.0 3.0 83.18823 3.83369 88.04347 1.0
3.0 36.0 36.0 51.16857 19.49765 119.70133 140.0
3.0 36.0 3.0 83.18823 3.83369 88.04347 140.0
3.0 37.0 37.0 80.27501 11.06041 113.82322 2627.0
3.0 37.0 3.0 83.18823 3.83369 88.04347 2627.0
3.0 40.0 40.0 83.25709 23.51759 42.41901 144.0
3.0 40.0 3.0 83.18823 3.83369 88.04347 144.0
3.0 44.0 44.0 70.25085 22.69427 131.32414 62.0
3.0 44.0 3.0 83.18823 3.83369 88.04347 62.0
4.0 0.0 0.0 55.11732 48.89821 141.98118 17.0
4.0 0.0 4.0 72.14522 108.4064 139.67984 17.0
4.0 4.0 4.0 72.14522 108.4064 139.67984 6769.0
4.0 4.0 4.0 72.14522 108.4064 139.67984 6769.0
4.0 5.0 5.0 42.32397 126.9243 106.55256 6.0
4.0 5.0 4.0 72.14522 108.4064 139.67984 6.0
4.0 6.0 6.0 5.47449 84.7394 74.40003 2.0
4.0 6.0 4.0 72.14522 108.4064 139.67984 2.0
4.0 9.0 9.0 78.63723 139.91751 102.67652 294.0
4.0 9.0 4.0 72.14522 108.4064 139.67984 294.0
4.0 16.0 16.0 37.11371 39.10238 124.72389 1.0
4.0 16.0 4.0 72.14522 108.4064 139.67984 1.0
4.0 22.0 22.0 25.11837 80.03738 119.49795 468.0
4.0 22.0 4.0 72.14522 108.4064 139.67984 468.0
4.0 24.0 24.0 107.85948 87.21272 149.14889 1467.0
4.0 24.0 4.0 72.14522 108.4064 139.67984 1467.0
4.0 26.0 26.0 132.09961 45.14217 139.12585 1.0
4.0 26.0 4.0 72.14522 108.4064 139.67984 1.0
4.0 28.0 28.0 84.32914 38.92099 143.12997 5.0
4.0 28.0 4.0 72.14522 108.4064 139.67984 5.0
4.0 33.0 33.0 97.21307 49.94269 149.23704 6.0
4.0 33.0 4.0 72.14522 108.4064 139.67984 6.0
4.0 34.0 34.0 127.76918 111.26334 129.5882 930.0
4.0 34.0 4.0 72.14522 108.4064 139.67984 930.0
4.0 38.0 38.0 88.72212 68.4103 152.61551 225.0
4.0 38.0 4.0 72.14522 108.4064 139.67984 225.0
4.0 41.0 41.0 59.89396 126.07309 122.51093 2731.0
4.0 41.0 4.0 72.14522 108.4064 139.67984 2731.0
4.0 42.0 42.0 56.65198 85.24507 144.96487 2093.0
4.0 42.0 4.0 72.14522 108.4064 139.67984 2093.0
4.0 43.0 43.0 101.68688 137.73173 99.15322 74.0
4.0 43.0 4.0 72.14522 108.4064 139.67984 74.0
5.0 4.0 4.0 72.14522 108.4064 139.67984 5.0
5.0 4.0 5.0 42.32397 126.9243 106.55256 5.0
5.0 5.0 5.0 42.32397 126.9243 106.55256 2.0
5.0 5.0 5.0 42.32397 126.9243 106.55256 2.0
5.0 6.0 6.0 5.47449 84.7394 74.40003 17.0
5.0 6.0 5.0 42.32397 126.9243 106.55256 17.0
5.0 9.0 9.0 78.63723 139.91751 102.67652 54.0
5.0 9.0 5.0 42.32397 126.9243 106.55256 54.0
5.0 22.0 22.0 25.11837 80.03738 119.49795 33.0
5.0 22.0 5.0 42.32397 126.9243 106.55256 33.0
5.0 30.0 30.0 88.54142 139.92813 62.79567 5.0
5.0 30.0 5.0 42.32397 126.9243 106.55256 5.0
5.0 41.0 41.0 59.89396 126.07309 122.51093 125.0
5.0 41.0 5.0 42.32397 126.9243 106.55256 125.0
5.0 42.0 42.0 56.65198 85.24507 144.96487 4.0
5.0 42.0 5.0 42.32397 126.9243 106.55256 4.0
5.0 43.0 43.0 101.68688 137.73173 99.15322 1.0
5.0 43.0 5.0 42.32397 126.9243 106.55256 1.0
6.0 2.0 2.0 27.40776 25.31989 87.70753 543.0
6.0 2.0 6.0 5.47449 84.7394 74.40003 543.0
6.0 4.0 4.0 72.14522 108.4064 139.67984 3.0
6.0 4.0 6.0 5.47449 84.7394 74.40003 3.0
6.0 5.0 5.0 42.32397 126.9243 106.55256 8.0
6.0 5.0 6.0 5.47449 84.7394 74.40003 8.0
6.0 6.0 6.0 5.47449 84.7394 74.40003 17140.0
6.0 6.0 6.0 5.47449 84.7394 74.40003 17140.0
6.0 11.0 11.0 48.51917 14.11844 56.5114 2.0
6.0 11.0 6.0 5.47449 84.7394 74.40003 2.0
6.0 13.0 13.0 21.80923 31.13926 56.42048 468.0
6.0 13.0 6.0 5.47449 84.7394 74.40003 468.0
6.0 16.0 16.0 37.11371 39.10238 124.72389 6.0
6.0 16.0 6.0 5.47449 84.7394 74.40003 6.0
6.0 21.0 21.0 28.32975 78.06412 19.2575 679.0
6.0 21.0 6.0 5.47449 84.7394 74.40003 679.0
6.0 22.0 22.0 25.11837 80.03738 119.49795 2306.0
6.0 22.0 6.0 5.47449 84.7394 74.40003 2306.0
6.0 27.0 27.0 18.72604 45.33398 103.7237 853.0
6.0 27.0 6.0 5.47449 84.7394 74.40003 853.0
6.0 39.0 39.0 21.85264 50.07536 32.765 1328.0
6.0 39.0 6.0 5.47449 84.7394 74.40003 1328.0
6.0 41.0 41.0 59.89396 126.07309 122.51093 29.0
6.0 41.0 6.0 5.47449 84.7394 74.40003 29.0
6.0 42.0 42.0 56.65198 85.24507 144.96487 1.0
6.0 42.0 6.0 5.47449 84.7394 74.40003 1.0
6.0 45.0 45.0 35.08346 116.25895 28.4487 1096.0
6.0 45.0 6.0 5.47449 84.7394 74.40003 1096.0
7.0 3.0 3.0 83.18823 3.83369 88.04347 204.0
7.0 3.0 7.0 121.67034 13.45212 56.90826 204.0
7.0 7.0 7.0 121.67034 13.45212 56.90826 4184.0
7.0 7.0 7.0 121.67034 13.45212 56.90826 4184.0
7.0 10.0 10.0 97.05291 3.92305 61.09254 1490.0
7.0 10.0 7.0 121.67034 13.45212 56.90826 1490.0
7.0 15.0 15.0 145.09186 26.53374 64.67761 1509.0
7.0 15.0 7.0 121.67034 13.45212 56.90826 1509.0
7.0 17.0 17.0 122.79349 11.00572 94.57596 826.0
7.0 17.0 7.0 121.67034 13.45212 56.90826 826.0
7.0 18.0 18.0 159.21716 24.83004 93.85882 37.0
7.0 18.0 7.0 121.67034 13.45212 56.90826 37.0
7.0 19.0 19.0 66.39465 15.79618 45.36769 12.0
7.0 19.0 7.0 121.67034 13.45212 56.90826 12.0
7.0 20.0 20.0 84.97878 53.64955 22.26973 35.0
7.0 20.0 7.0 121.67034 13.45212 56.90826 35.0
7.0 23.0 23.0 173.45845 43.54892 76.91462 10.0
7.0 23.0 7.0 121.67034 13.45212 56.90826 10.0
7.0 29.0 29.0 122.70379 20.58237 121.16595 9.0
7.0 29.0 7.0 121.67034 13.45212 56.90826 9.0
7.0 31.0 31.0 121.53922 38.87712 36.01148 1542.0
7.0 31.0 7.0 121.67034 13.45212 56.90826 1542.0
7.0 32.0 32.0 157.18082 89.13476 58.01924 1.0
7.0 32.0 7.0 121.67034 13.45212 56.90826 1.0
7.0 37.0 37.0 80.27501 11.06041 113.82322 8.0
7.0 37.0 7.0 121.67034 13.45212 56.90826 8.0
7.0 40.0 40.0 83.25709 23.51759 42.41901 281.0
7.0 40.0 7.0 121.67034 13.45212 56.90826 281.0
8.0 1.0 1.0 66.21776 89.15239 7.43711 92.0
8.0 1.0 8.0 89.93637 90.45381 30.41391 92.0
8.0 8.0 8.0 89.93637 90.45381 30.41391 8.0
8.0 8.0 8.0 89.93637 90.45381 30.41391 8.0
8.0 14.0 14.0 128.50775 116.09042 40.42406 13.0
8.0 14.0 8.0 89.93637 90.45381 30.41391 13.0
8.0 15.0 15.0 145.09186 26.53374 64.67761 1.0
8.0 15.0 8.0 89.93637 90.45381 30.41391 1.0
8.0 20.0 20.0 84.97878 53.64955 22.26973 117.0
8.0 20.0 8.0 89.93637 90.45381 30.41391 117.0
8.0 21.0 21.0 28.32975 78.06412 19.2575 2.0
8.0 21.0 8.0 89.93637 90.45381 30.41391 2.0
8.0 30.0 30.0 88.54142 139.92813 62.79567 27.0
8.0 30.0 8.0 89.93637 90.45381 30.41391 27.0
8.0 31.0 31.0 121.53922 38.87712 36.01148 15.0
8.0 31.0 8.0 89.93637 90.45381 30.41391 15.0
8.0 40.0 40.0 83.25709 23.51759 42.41901 2.0
8.0 40.0 8.0 89.93637 90.45381 30.41391 2.0
8.0 45.0 45.0 35.08346 116.25895 28.4487 12.0
8.0 45.0 8.0 89.93637 90.45381 30.41391 12.0
8.0 46.0 46.0 114.67228 130.27355 52.83708 25.0
8.0 46.0 8.0 89.93637 90.45381 30.41391 25.0
9.0 1.0 1.0 66.21776 89.15239 7.43711 1.0
9.0 1.0 9.0 78.63723 139.91751 102.67652 1.0
9.0 4.0 4.0 72.14522 108.4064 139.67984 270.0
9.0 4.0 9.0 78.63723 139.91751 102.67652 270.0
9.0 5.0 5.0 42.32397 126.9243 106.55256 45.0
9.0 5.0 9.0 78.63723 139.91751 102.67652 45.0
9.0 9.0 9.0 78.63723 139.91751 102.67652 5770.0
9.0 9.0 9.0 78.63723 139.91751 102.67652 5770.0
9.0 22.0 22.0 25.11837 80.03738 119.49795 2.0
9.0 22.0 9.0 78.63723 139.91751 102.67652 2.0
9.0 24.0 24.0 107.85948 87.21272 149.14889 25.0
9.0 24.0 9.0 78.63723 139.91751 102.67652 25.0
9.0 30.0 30.0 88.54142 139.92813 62.79567 1402.0
9.0 30.0 9.0 78.63723 139.91751 102.67652 1402.0
9.0 34.0 34.0 127.76918 111.26334 129.5882 572.0
9.0 34.0 9.0 78.63723 139.91751 102.67652 572.0
9.0 35.0 35.0 147.79507 121.14889 95.61952 14.0
9.0 35.0 9.0 78.63723 139.91751 102.67652 14.0
9.0 41.0 41.0 59.89396 126.07309 122.51093 2343.0
9.0 41.0 9.0 78.63723 139.91751 102.67652 2343.0
9.0 43.0 43.0 101.68688 137.73173 99.15322 2167.0
9.0 43.0 9.0 78.63723 139.91751 102.67652 2167.0
9.0 45.0 45.0 35.08346 116.25895 28.4487 3.0
9.0 45.0 9.0 78.63723 139.91751 102.67652 3.0
9.0 46.0 46.0 114.67228 130.27355 52.83708 2.0
9.0 46.0 9.0 78.63723 139.91751 102.67652 2.0
10.0 2.0 2.0 27.40776 25.31989 87.70753 1.0
10.0 2.0 10.0 97.05291 3.92305 61.09254 1.0
10.0 3.0 3.0 83.18823 3.83369 88.04347 1570.0
10.0 3.0 10.0 97.05291 3.92305 61.09254 1570.0
10.0 7.0 7.0 121.67034 13.45212 56.90826 1530.0
10.0 7.0 10.0 97.05291 3.92305 61.09254 1530.0
10.0 10.0 10.0 97.05291 3.92305 61.09254 4138.0
10.0 10.0 10.0 97.05291 3.92305 61.09254 4138.0
10.0 11.0 11.0 48.51917 14.11844 56.5114 175.0
10.0 11.0 10.0 97.05291 3.92305 61.09254 175.0
10.0 15.0 15.0 145.09186 26.53374 64.67761 98.0
10.0 15.0 10.0 97.05291 3.92305 61.09254 98.0
10.0 17.0 17.0 122.79349 11.00572 94.57596 474.0
10.0 17.0 10.0 97.05291 3.92305 61.09254 474.0
10.0 18.0 18.0 159.21716 24.83004 93.85882 2.0
10.0 18.0 10.0 97.05291 3.92305 61.09254 2.0
10.0 19.0 19.0 66.39465 15.79618 45.36769 585.0
10.0 19.0 10.0 97.05291 3.92305 61.09254 585.0
10.0 20.0 20.0 84.97878 53.64955 22.26973 37.0
10.0 20.0 10.0 97.05291 3.92305 61.09254 37.0
10.0 29.0 29.0 122.70379 20.58237 121.16595 7.0
10.0 29.0 10.0 97.05291 3.92305 61.09254 7.0
10.0 31.0 31.0 121.53922 38.87712 36.01148 406.0
10.0 31.0 10.0 97.05291 3.92305 61.09254 406.0
10.0 37.0 37.0 80.27501 11.06041 113.82322 53.0
10.0 37.0 10.0 97.05291 3.92305 61.09254 53.0
10.0 40.0 40.0 83.25709 23.51759 42.41901 1200.0
10.0 40.0 10.0 97.05291 3.92305 61.09254 1200.0
11.0 1.0 1.0 66.21776 89.15239 7.43711 22.0
11.0 1.0 11.0 48.51917 14.11844 56.5114 22.0
11.0 2.0 2.0 27.40776 25.31989 87.70753 1312.0
11.0 2.0 11.0 48.51917 14.11844 56.5114 1312.0
11.0 3.0 3.0 83.18823 3.83369 88.04347 1165.0
11.0 3.0 11.0 48.51917 14.11844 56.5114 1165.0
11.0 7.0 7.0 121.67034 13.45212 56.90826 1.0
11.0 7.0 11.0 48.51917 14.11844 56.5114 1.0
11.0 10.0 10.0 97.05291 3.92305 61.09254 191.0
11.0 10.0 11.0 48.51917 14.11844 56.5114 191.0
11.0 11.0 11.0 48.51917 14.11844 56.5114 8331.0
11.0 11.0 11.0 48.51917 14.11844 56.5114 8331.0
11.0 13.0 13.0 21.80923 31.13926 56.42048 1474.0
11.0 13.0 11.0 48.51917 14.11844 56.5114 1474.0
11.0 16.0 16.0 37.11371 39.10238 124.72389 8.0
11.0 16.0 11.0 48.51917 14.11844 56.5114 8.0
11.0 19.0 19.0 66.39465 15.79618 45.36769 2123.0
11.0 19.0 11.0 48.51917 14.11844 56.5114 2123.0
11.0 20.0 20.0 84.97878 53.64955 22.26973 284.0
11.0 20.0 11.0 48.51917 14.11844 56.5114 284.0
11.0 21.0 21.0 28.32975 78.06412 19.2575 25.0
11.0 21.0 11.0 48.51917 14.11844 56.5114 25.0
11.0 27.0 27.0 18.72604 45.33398 103.7237 12.0
11.0 27.0 11.0 48.51917 14.11844 56.5114 12.0
11.0 31.0 31.0 121.53922 38.87712 36.01148 3.0
11.0 31.0 11.0 48.51917 14.11844 56.5114 3.0
11.0 36.0 36.0 51.16857 19.49765 119.70133 81.0
11.0 36.0 11.0 48.51917 14.11844 56.5114 81.0
11.0 37.0 37.0 80.27501 11.06041 113.82322 258.0
11.0 37.0 11.0 48.51917 14.11844 56.5114 258.0
11.0 39.0 39.0 21.85264 50.07536 32.765 819.0
11.0 39.0 11.0 48.51917 14.11844 56.5114 819.0
11.0 40.0 40.0 83.25709 23.51759 42.41901 546.0
11.0 40.0 11.0 48.51917 14.11844 56.5114 546.0
11.0 44.0 44.0 70.25085 22.69427 131.32414 6.0
11.0 44.0 11.0 48.51917 14.11844 56.5114 6.0
12.0 12.0 12.0 179.80027 86.35123 84.74484 6023.0
12.0 12.0 12.0 179.80027 86.35123 84.74484 6023.0
12.0 14.0 14.0 128.50775 116.09042 40.42406 7.0
12.0 14.0 12.0 179.80027 86.35123 84.74484 7.0
12.0 15.0 15.0 145.09186 26.53374 64.67761 32.0
12.0 15.0 12.0 179.80027 86.35123 84.74484 32.0
12.0 18.0 18.0 159.21716 24.83004 93.85882 14.0
12.0 18.0 12.0 179.80027 86.35123 84.74484 14.0
12.0 23.0 23.0 173.45845 43.54892 76.91462 593.0
12.0 23.0 12.0 179.80027 86.35123 84.74484 593.0
12.0 25.0 25.0 182.82627 63.99896 100.30923 1157.0
12.0 25.0 12.0 179.80027 86.35123 84.74484 1157.0
12.0 31.0 31.0 121.53922 38.87712 36.01148 8.0
12.0 31.0 12.0 179.80027 86.35123 84.74484 8.0
12.0 32.0 32.0 157.18082 89.13476 58.01924 1769.0
12.0 32.0 12.0 179.80027 86.35123 84.74484 1769.0
12.0 34.0 34.0 127.76918 111.26334 129.5882 90.0
12.0 34.0 12.0 179.80027 86.35123 84.74484 90.0
12.0 35.0 35.0 147.79507 121.14889 95.61952 1227.0
12.0 35.0 12.0 179.80027 86.35123 84.74484 1227.0
12.0 46.0 46.0 114.67228 130.27355 52.83708 4.0
12.0 46.0 12.0 179.80027 86.35123 84.74484 4.0
12.0 47.0 47.0 164.19521 62.72568 126.1039 414.0
12.0 47.0 12.0 179.80027 86.35123 84.74484 414.0
13.0 2.0 2.0 27.40776 25.31989 87.70753 1413.0
13.0 2.0 13.0 21.80923 31.13926 56.42048 1413.0
13.0 3.0 3.0 83.18823 3.83369 88.04347 5.0
13.0 3.0 13.0 21.80923 31.13926 56.42048 5.0
13.0 6.0 6.0 5.47449 84.7394 74.40003 431.0
13.0 6.0 13.0 21.80923 31.13926 56.42048 431.0
13.0 11.0 11.0 48.51917 14.11844 56.5114 1625.0
13.0 11.0 13.0 21.80923 31.13926 56.42048 1625.0
13.0 13.0 13.0 21.80923 31.13926 56.42048 3794.0
13.0 13.0 13.0 21.80923 31.13926 56.42048 3794.0
13.0 16.0 16.0 37.11371 39.10238 124.72389 1.0
13.0 16.0 13.0 21.80923 31.13926 56.42048 1.0
13.0 19.0 19.0 66.39465 15.79618 45.36769 75.0
13.0 19.0 13.0 21.80923 31.13926 56.42048 75.0
13.0 20.0 20.0 84.97878 53.64955 22.26973 7.0
13.0 20.0 13.0 21.80923 31.13926 56.42048 7.0
13.0 21.0 21.0 28.32975 78.06412 19.2575 7.0
13.0 21.0 13.0 21.80923 31.13926 56.42048 7.0
13.0 22.0 22.0 25.11837 80.03738 119.49795 2.0
13.0 22.0 13.0 21.80923 31.13926 56.42048 2.0
13.0 27.0 27.0 18.72604 45.33398 103.7237 114.0
13.0 27.0 13.0 21.80923 31.13926 56.42048 114.0
13.0 36.0 36.0 51.16857 19.49765 119.70133 5.0
13.0 36.0 13.0 21.80923 31.13926 56.42048 5.0
13.0 39.0 39.0 21.85264 50.07536 32.765 1763.0
13.0 39.0 13.0 21.80923 31.13926 56.42048 1763.0
13.0 40.0 40.0 83.25709 23.51759 42.41901 8.0
13.0 40.0 13.0 21.80923 31.13926 56.42048 8.0
14.0 1.0 1.0 66.21776 89.15239 7.43711 68.0
14.0 1.0 14.0 128.50775 116.09042 40.42406 68.0
14.0 8.0 8.0 89.93637 90.45381 30.41391 16.0
14.0 8.0 14.0 128.50775 116.09042 40.42406 16.0
14.0 12.0 12.0 179.80027 86.35123 84.74484 7.0
14.0 12.0 14.0 128.50775 116.09042 40.42406 7.0
14.0 14.0 14.0 128.50775 116.09042 40.42406 9146.0
14.0 14.0 14.0 128.50775 116.09042 40.42406 9146.0
14.0 20.0 20.0 84.97878 53.64955 22.26973 10.0
14.0 20.0 14.0 128.50775 116.09042 40.42406 10.0
14.0 30.0 30.0 88.54142 139.92813 62.79567 248.0
14.0 30.0 14.0 128.50775 116.09042 40.42406 248.0
14.0 31.0 31.0 121.53922 38.87712 36.01148 6.0
14.0 31.0 14.0 128.50775 116.09042 40.42406 6.0
14.0 32.0 32.0 157.18082 89.13476 58.01924 1646.0
14.0 32.0 14.0 128.50775 116.09042 40.42406 1646.0
14.0 34.0 34.0 127.76918 111.26334 129.5882 1.0
14.0 34.0 14.0 128.50775 116.09042 40.42406 1.0
14.0 35.0 35.0 147.79507 121.14889 95.61952 343.0
14.0 35.0 14.0 128.50775 116.09042 40.42406 343.0
14.0 43.0 43.0 101.68688 137.73173 99.15322 2.0
14.0 43.0 14.0 128.50775 116.09042 40.42406 2.0
14.0 45.0 45.0 35.08346 116.25895 28.4487 1.0
14.0 45.0 14.0 128.50775 116.09042 40.42406 1.0
14.0 46.0 46.0 114.67228 130.27355 52.83708 3163.0
14.0 46.0 14.0 128.50775 116.09042 40.42406 3163.0
15.0 3.0 3.0 83.18823 3.83369 88.04347 21.0
15.0 3.0 15.0 145.09186 26.53374 64.67761 21.0
15.0 7.0 7.0 121.67034 13.45212 56.90826 1491.0
15.0 7.0 15.0 145.09186 26.53374 64.67761 1491.0
15.0 10.0 10.0 97.05291 3.92305 61.09254 64.0
15.0 10.0 15.0 145.09186 26.53374 64.67761 64.0
15.0 12.0 12.0 179.80027 86.35123 84.74484 31.0
15.0 12.0 15.0 145.09186 26.53374 64.67761 31.0
15.0 15.0 15.0 145.09186 26.53374 64.67761 5205.0
15.0 15.0 15.0 145.09186 26.53374 64.67761 5205.0
15.0 17.0 17.0 122.79349 11.00572 94.57596 878.0
15.0 17.0 15.0 145.09186 26.53374 64.67761 878.0
15.0 18.0 18.0 159.21716 24.83004 93.85882 1059.0
15.0 18.0 15.0 145.09186 26.53374 64.67761 1059.0
15.0 20.0 20.0 84.97878 53.64955 22.26973 1.0
15.0 20.0 15.0 145.09186 26.53374 64.67761 1.0
15.0 23.0 23.0 173.45845 43.54892 76.91462 819.0
15.0 23.0 15.0 145.09186 26.53374 64.67761 819.0
15.0 25.0 25.0 182.82627 63.99896 100.30923 10.0
15.0 25.0 15.0 145.09186 26.53374 64.67761 10.0
15.0 26.0 26.0 132.09961 45.14217 139.12585 7.0
15.0 26.0 15.0 145.09186 26.53374 64.67761 7.0
15.0 29.0 29.0 122.70379 20.58237 121.16595 61.0
15.0 29.0 15.0 145.09186 26.53374 64.67761 61.0
15.0 31.0 31.0 121.53922 38.87712 36.01148 1396.0
15.0 31.0 15.0 145.09186 26.53374 64.67761 1396.0
15.0 32.0 32.0 157.18082 89.13476 58.01924 354.0
15.0 32.0 15.0 145.09186 26.53374 64.67761 354.0
15.0 37.0 37.0 80.27501 11.06041 113.82322 1.0
15.0 37.0 15.0 145.09186 26.53374 64.67761 1.0
15.0 40.0 40.0 83.25709 23.51759 42.41901 2.0
15.0 40.0 15.0 145.09186 26.53374 64.67761 2.0
15.0 47.0 47.0 164.19521 62.72568 126.1039 9.0
15.0 47.0 15.0 145.09186 26.53374 64.67761 9.0
16.0 0.0 0.0 55.11732 48.89821 141.98118 1430.0
16.0 0.0 16.0 37.11371 39.10238 124.72389 1430.0
16.0 2.0 2.0 27.40776 25.31989 87.70753 709.0
16.0 2.0 16.0 37.11371 39.10238 124.72389 709.0
16.0 3.0 3.0 83.18823 3.83369 88.04347 17.0
16.0 3.0 16.0 37.11371 39.10238 124.72389 17.0
16.0 4.0 4.0 72.14522 108.4064 139.67984 3.0
16.0 4.0 16.0 37.11371 39.10238 124.72389 3.0
16.0 6.0 6.0 5.47449 84.7394 74.40003 4.0
16.0 6.0 16.0 37.11371 39.10238 124.72389 4.0
16.0 11.0 11.0 48.51917 14.11844 56.5114 15.0
16.0 11.0 16.0 37.11371 39.10238 124.72389 15.0
16.0 13.0 13.0 21.80923 31.13926 56.42048 3.0
16.0 13.0 16.0 37.11371 39.10238 124.72389 3.0
16.0 16.0 16.0 37.11371 39.10238 124.72389 4243.0
16.0 16.0 16.0 37.11371 39.10238 124.72389 4243.0
16.0 22.0 22.0 25.11837 80.03738 119.49795 1240.0
16.0 22.0 16.0 37.11371 39.10238 124.72389 1240.0
16.0 23.0 23.0 173.45845 43.54892 76.91462 1.0
16.0 23.0 16.0 37.11371 39.10238 124.72389 1.0
16.0 27.0 27.0 18.72604 45.33398 103.7237 1142.0
16.0 27.0 16.0 37.11371 39.10238 124.72389 1142.0
16.0 28.0 28.0 84.32914 38.92099 143.12997 58.0
16.0 28.0 16.0 37.11371 39.10238 124.72389 58.0
16.0 33.0 33.0 97.21307 49.94269 149.23704 3.0
16.0 33.0 16.0 37.11371 39.10238 124.72389 3.0
16.0 36.0 36.0 51.16857 19.49765 119.70133 1069.0
16.0 36.0 16.0 37.11371 39.10238 124.72389 1069.0
16.0 37.0 37.0 80.27501 11.06041 113.82322 167.0
16.0 37.0 16.0 37.11371 39.10238 124.72389 167.0
16.0 38.0 38.0 88.72212 68.4103 152.61551 20.0
16.0 38.0 16.0 37.11371 39.10238 124.72389 20.0
16.0 42.0 42.0 56.65198 85.24507 144.96487 182.0
16.0 42.0 16.0 37.11371 39.10238 124.72389 182.0
16.0 44.0 44.0 70.25085 22.69427 131.32414 243.0
16.0 44.0 16.0 37.11371 39.10238 124.72389 243.0
17.0 3.0 3.0 83.18823 3.83369 88.04347 1153.0
17.0 3.0 17.0 122.79349 11.00572 94.57596 1153.0
17.0 7.0 7.0 121.67034 13.45212 56.90826 775.0
17.0 7.0 17.0 122.79349 11.00572 94.57596 775.0
17.0 10.0 10.0 97.05291 3.92305 61.09254 473.0
17.0 10.0 17.0 122.79349 11.00572 94.57596 473.0
17.0 15.0 15.0 145.09186 26.53374 64.67761 923.0
17.0 15.0 17.0 122.79349 11.00572 94.57596 923.0
17.0 17.0 17.0 122.79349 11.00572 94.57596 5128.0
17.0 17.0 17.0 122.79349 11.00572 94.57596 5128.0
17.0 18.0 18.0 159.21716 24.83004 93.85882 622.0
17.0 18.0 17.0 122.79349 11.00572 94.57596 622.0
17.0 19.0 19.0 66.39465 15.79618 45.36769 2.0
17.0 19.0 17.0 122.79349 11.00572 94.57596 2.0
17.0 23.0 23.0 173.45845 43.54892 76.91462 9.0
17.0 23.0 17.0 122.79349 11.00572 94.57596 9.0
17.0 26.0 26.0 132.09961 45.14217 139.12585 94.0
17.0 26.0 17.0 122.79349 11.00572 94.57596 94.0
17.0 28.0 28.0 84.32914 38.92099 143.12997 9.0
17.0 28.0 17.0 122.79349 11.00572 94.57596 9.0
17.0 29.0 29.0 122.70379 20.58237 121.16595 1544.0
17.0 29.0 17.0 122.79349 11.00572 94.57596 1544.0
17.0 31.0 31.0 121.53922 38.87712 36.01148 6.0
17.0 31.0 17.0 122.79349 11.00572 94.57596 6.0
17.0 33.0 33.0 97.21307 49.94269 149.23704 1.0
17.0 33.0 17.0 122.79349 11.00572 94.57596 1.0
17.0 36.0 36.0 51.16857 19.49765 119.70133 1.0
17.0 36.0 17.0 122.79349 11.00572 94.57596 1.0
17.0 37.0 37.0 80.27501 11.06041 113.82322 504.0
17.0 37.0 17.0 122.79349 11.00572 94.57596 504.0
17.0 40.0 40.0 83.25709 23.51759 42.41901 4.0
17.0 40.0 17.0 122.79349 11.00572 94.57596 4.0
17.0 44.0 44.0 70.25085 22.69427 131.32414 2.0
17.0 44.0 17.0 122.79349 11.00572 94.57596 2.0
17.0 45.0 45.0 35.08346 116.25895 28.4487 1.0
17.0 45.0 17.0 122.79349 11.00572 94.57596 1.0
17.0 47.0 47.0 164.19521 62.72568 126.1039 24.0
17.0 47.0 17.0 122.79349 11.00572 94.57596 24.0
18.0 7.0 7.0 121.67034 13.45212 56.90826 31.0
18.0 7.0 18.0 159.21716 24.83004 93.85882 31.0
18.0 12.0 12.0 179.80027 86.35123 84.74484 9.0
18.0 12.0 18.0 159.21716 24.83004 93.85882 9.0
18.0 15.0 15.0 145.09186 26.53374 64.67761 1112.0
18.0 15.0 18.0 159.21716 24.83004 93.85882 1112.0
18.0 17.0 17.0 122.79349 11.00572 94.57596 641.0
18.0 17.0 18.0 159.21716 24.83004 93.85882 641.0
18.0 18.0 18.0 159.21716 24.83004 93.85882 3267.0
18.0 18.0 18.0 159.21716 24.83004 93.85882 3267.0
18.0 23.0 23.0 173.45845 43.54892 76.91462 1028.0
18.0 23.0 18.0 159.21716 24.83004 93.85882 1028.0
18.0 25.0 25.0 182.82627 63.99896 100.30923 102.0
18.0 25.0 18.0 159.21716 24.83004 93.85882 102.0
18.0 26.0 26.0 132.09961 45.14217 139.12585 220.0
18.0 26.0 18.0 159.21716 24.83004 93.85882 220.0
18.0 29.0 29.0 122.70379 20.58237 121.16595 562.0
18.0 29.0 18.0 159.21716 24.83004 93.85882 562.0
18.0 31.0 31.0 121.53922 38.87712 36.01148 7.0
18.0 31.0 18.0 159.21716 24.83004 93.85882 7.0
18.0 32.0 32.0 157.18082 89.13476 58.01924 9.0
18.0 32.0 18.0 159.21716 24.83004 93.85882 9.0
18.0 37.0 37.0 80.27501 11.06041 113.82322 1.0
18.0 37.0 18.0 159.21716 24.83004 93.85882 1.0
18.0 47.0 47.0 164.19521 62.72568 126.1039 629.0
18.0 47.0 18.0 159.21716 24.83004 93.85882 629.0
19.0 1.0 1.0 66.21776 89.15239 7.43711 13.0
19.0 1.0 19.0 66.39465 15.79618 45.36769 13.0
19.0 2.0 2.0 27.40776 25.31989 87.70753 5.0
19.0 2.0 19.0 66.39465 15.79618 45.36769 5.0
19.0 3.0 3.0 83.18823 3.83369 88.04347 441.0
19.0 3.0 19.0 66.39465 15.79618 45.36769 441.0
19.0 7.0 7.0 121.67034 13.45212 56.90826 15.0
19.0 7.0 19.0 66.39465 15.79618 45.36769 15.0
19.0 10.0 10.0 97.05291 3.92305 61.09254 607.0
19.0 10.0 19.0 66.39465 15.79618 45.36769 607.0
19.0 11.0 11.0 48.51917 14.11844 56.5114 1923.0
19.0 11.0 19.0 66.39465 15.79618 45.36769 1923.0
19.0 13.0 13.0 21.80923 31.13926 56.42048 73.0
19.0 13.0 19.0 66.39465 15.79618 45.36769 73.0
19.0 19.0 19.0 66.39465 15.79618 45.36769 2129.0
19.0 19.0 19.0 66.39465 15.79618 45.36769 2129.0
19.0 20.0 20.0 84.97878 53.64955 22.26973 562.0
19.0 20.0 19.0 66.39465 15.79618 45.36769 562.0
19.0 21.0 21.0 28.32975 78.06412 19.2575 18.0
19.0 21.0 19.0 66.39465 15.79618 45.36769 18.0
19.0 31.0 31.0 121.53922 38.87712 36.01148 38.0
19.0 31.0 19.0 66.39465 15.79618 45.36769 38.0
19.0 37.0 37.0 80.27501 11.06041 113.82322 15.0
19.0 37.0 19.0 66.39465 15.79618 45.36769 15.0
19.0 39.0 39.0 21.85264 50.07536 32.765 205.0
19.0 39.0 19.0 66.39465 15.79618 45.36769 205.0
19.0 40.0 40.0 83.25709 23.51759 42.41901 1615.0
19.0 40.0 19.0 66.39465 15.79618 45.36769 1615.0
20.0 1.0 1.0 66.21776 89.15239 7.43711 2203.0
20.0 1.0 20.0 84.97878 53.64955 22.26973 2203.0
20.0 7.0 7.0 121.67034 13.45212 56.90826 19.0
20.0 7.0 20.0 84.97878 53.64955 22.26973 19.0
20.0 8.0 8.0 89.93637 90.45381 30.41391 107.0
20.0 8.0 20.0 84.97878 53.64955 22.26973 107.0
20.0 10.0 10.0 97.05291 3.92305 61.09254 23.0
20.0 10.0 20.0 84.97878 53.64955 22.26973 23.0
20.0 11.0 11.0 48.51917 14.11844 56.5114 254.0
20.0 11.0 20.0 84.97878 53.64955 22.26973 254.0
20.0 12.0 12.0 179.80027 86.35123 84.74484 1.0
20.0 12.0 20.0 84.97878 53.64955 22.26973 1.0
20.0 13.0 13.0 21.80923 31.13926 56.42048 8.0
20.0 13.0 20.0 84.97878 53.64955 22.26973 8.0
20.0 14.0 14.0 128.50775 116.09042 40.42406 8.0
20.0 14.0 20.0 84.97878 53.64955 22.26973 8.0
20.0 15.0 15.0 145.09186 26.53374 64.67761 2.0
20.0 15.0 20.0 84.97878 53.64955 22.26973 2.0
20.0 19.0 19.0 66.39465 15.79618 45.36769 553.0
20.0 19.0 20.0 84.97878 53.64955 22.26973 553.0
20.0 20.0 20.0 84.97878 53.64955 22.26973 14758.0
20.0 20.0 20.0 84.97878 53.64955 22.26973 14758.0
20.0 21.0 21.0 28.32975 78.06412 19.2575 243.0
20.0 21.0 20.0 84.97878 53.64955 22.26973 243.0
20.0 31.0 31.0 121.53922 38.87712 36.01148 2464.0
20.0 31.0 20.0 84.97878 53.64955 22.26973 2464.0
20.0 32.0 32.0 157.18082 89.13476 58.01924 12.0
20.0 32.0 20.0 84.97878 53.64955 22.26973 12.0
20.0 39.0 39.0 21.85264 50.07536 32.765 459.0
20.0 39.0 20.0 84.97878 53.64955 22.26973 459.0
20.0 40.0 40.0 83.25709 23.51759 42.41901 1781.0
20.0 40.0 20.0 84.97878 53.64955 22.26973 1781.0
20.0 45.0 45.0 35.08346 116.25895 28.4487 1.0
20.0 45.0 20.0 84.97878 53.64955 22.26973 1.0
20.0 46.0 46.0 114.67228 130.27355 52.83708 1.0
20.0 46.0 20.0 84.97878 53.64955 22.26973 1.0
21.0 1.0 1.0 66.21776 89.15239 7.43711 1552.0
21.0 1.0 21.0 28.32975 78.06412 19.2575 1552.0
21.0 6.0 6.0 5.47449 84.7394 74.40003 608.0
21.0 6.0 21.0 28.32975 78.06412 19.2575 608.0
21.0 11.0 11.0 48.51917 14.11844 56.5114 38.0
21.0 11.0 21.0 28.32975 78.06412 19.2575 38.0
21.0 13.0 13.0 21.80923 31.13926 56.42048 10.0
21.0 13.0 21.0 28.32975 78.06412 19.2575 10.0
21.0 19.0 19.0 66.39465 15.79618 45.36769 11.0
21.0 19.0 21.0 28.32975 78.06412 19.2575 11.0
21.0 20.0 20.0 84.97878 53.64955 22.26973 287.0
21.0 20.0 21.0 28.32975 78.06412 19.2575 287.0
21.0 21.0 21.0 28.32975 78.06412 19.2575 6361.0
21.0 21.0 21.0 28.32975 78.06412 19.2575 6361.0
21.0 39.0 39.0 21.85264 50.07536 32.765 2190.0
21.0 39.0 21.0 28.32975 78.06412 19.2575 2190.0
21.0 45.0 45.0 35.08346 116.25895 28.4487 1917.0
21.0 45.0 21.0 28.32975 78.06412 19.2575 1917.0
22.0 0.0 0.0 55.11732 48.89821 141.98118 645.0
22.0 0.0 22.0 25.11837 80.03738 119.49795 645.0
22.0 2.0 2.0 27.40776 25.31989 87.70753 81.0
22.0 2.0 22.0 25.11837 80.03738 119.49795 81.0
22.0 4.0 4.0 72.14522 108.4064 139.67984 488.0
22.0 4.0 22.0 25.11837 80.03738 119.49795 488.0
22.0 5.0 5.0 42.32397 126.9243 106.55256 44.0
22.0 5.0 22.0 25.11837 80.03738 119.49795 44.0
22.0 6.0 6.0 5.47449 84.7394 74.40003 1990.0
22.0 6.0 22.0 25.11837 80.03738 119.49795 1990.0
22.0 13.0 13.0 21.80923 31.13926 56.42048 2.0
22.0 13.0 22.0 25.11837 80.03738 119.49795 2.0
22.0 16.0 16.0 37.11371 39.10238 124.72389 1292.0
22.0 16.0 22.0 25.11837 80.03738 119.49795 1292.0
22.0 22.0 22.0 25.11837 80.03738 119.49795 14517.0
22.0 22.0 22.0 25.11837 80.03738 119.49795 14517.0
22.0 24.0 24.0 107.85948 87.21272 149.14889 1.0
22.0 24.0 22.0 25.11837 80.03738 119.49795 1.0
22.0 27.0 27.0 18.72604 45.33398 103.7237 1302.0
22.0 27.0 22.0 25.11837 80.03738 119.49795 1302.0
22.0 28.0 28.0 84.32914 38.92099 143.12997 23.0
22.0 28.0 22.0 25.11837 80.03738 119.49795 23.0
22.0 33.0 33.0 97.21307 49.94269 149.23704 5.0
22.0 33.0 22.0 25.11837 80.03738 119.49795 5.0
22.0 36.0 36.0 51.16857 19.49765 119.70133 8.0
22.0 36.0 22.0 25.11837 80.03738 119.49795 8.0
22.0 37.0 37.0 80.27501 11.06041 113.82322 1.0
22.0 37.0 22.0 25.11837 80.03738 119.49795 1.0
22.0 38.0 38.0 88.72212 68.4103 152.61551 31.0
22.0 38.0 22.0 25.11837 80.03738 119.49795 31.0
22.0 41.0 41.0 59.89396 126.07309 122.51093 906.0
22.0 41.0 22.0 25.11837 80.03738 119.49795 906.0
22.0 42.0 42.0 56.65198 85.24507 144.96487 1713.0
22.0 42.0 22.0 25.11837 80.03738 119.49795 1713.0
23.0 7.0 7.0 121.67034 13.45212 56.90826 12.0
23.0 7.0 23.0 173.45845 43.54892 76.91462 12.0
23.0 12.0 12.0 179.80027 86.35123 84.74484 614.0
23.0 12.0 23.0 173.45845 43.54892 76.91462 614.0
23.0 15.0 15.0 145.09186 26.53374 64.67761 797.0
23.0 15.0 23.0 173.45845 43.54892 76.91462 797.0
23.0 17.0 17.0 122.79349 11.00572 94.57596 5.0
23.0 17.0 23.0 173.45845 43.54892 76.91462 5.0
23.0 18.0 18.0 159.21716 24.83004 93.85882 1033.0
23.0 18.0 23.0 173.45845 43.54892 76.91462 1033.0
23.0 23.0 23.0 173.45845 43.54892 76.91462 3357.0
23.0 23.0 23.0 173.45845 43.54892 76.91462 3357.0
23.0 25.0 25.0 182.82627 63.99896 100.30923 791.0
23.0 25.0 23.0 173.45845 43.54892 76.91462 791.0
23.0 26.0 26.0 132.09961 45.14217 139.12585 10.0
23.0 26.0 23.0 173.45845 43.54892 76.91462 10.0
23.0 29.0 29.0 122.70379 20.58237 121.16595 12.0
23.0 29.0 23.0 173.45845 43.54892 76.91462 12.0
23.0 31.0 31.0 121.53922 38.87712 36.01148 120.0
23.0 31.0 23.0 173.45845 43.54892 76.91462 120.0
23.0 32.0 32.0 157.18082 89.13476 58.01924 511.0
23.0 32.0 23.0 173.45845 43.54892 76.91462 511.0
23.0 47.0 47.0 164.19521 62.72568 126.1039 329.0
23.0 47.0 23.0 173.45845 43.54892 76.91462 329.0
24.0 0.0 0.0 55.11732 48.89821 141.98118 6.0
24.0 0.0 24.0 107.85948 87.21272 149.14889 6.0
24.0 4.0 4.0 72.14522 108.4064 139.67984 1524.0
24.0 4.0 24.0 107.85948 87.21272 149.14889 1524.0
24.0 9.0 9.0 78.63723 139.91751 102.67652 21.0
24.0 9.0 24.0 107.85948 87.21272 149.14889 21.0
24.0 24.0 24.0 107.85948 87.21272 149.14889 9072.0
24.0 24.0 24.0 107.85948 87.21272 149.14889 9072.0
24.0 26.0 26.0 132.09961 45.14217 139.12585 930.0
24.0 26.0 24.0 107.85948 87.21272 149.14889 930.0
24.0 28.0 28.0 84.32914 38.92099 143.12997 36.0
24.0 28.0 24.0 107.85948 87.21272 149.14889 36.0
24.0 29.0 29.0 122.70379 20.58237 121.16595 1.0
24.0 29.0 24.0 107.85948 87.21272 149.14889 1.0
24.0 30.0 30.0 88.54142 139.92813 62.79567 1.0
24.0 30.0 24.0 107.85948 87.21272 149.14889 1.0
24.0 33.0 33.0 97.21307 49.94269 149.23704 474.0
24.0 33.0 24.0 107.85948 87.21272 149.14889 474.0
24.0 34.0 34.0 127.76918 111.26334 129.5882 2624.0
24.0 34.0 24.0 107.85948 87.21272 149.14889 2624.0
24.0 35.0 35.0 147.79507 121.14889 95.61952 3.0
24.0 35.0 24.0 107.85948 87.21272 149.14889 3.0
24.0 37.0 37.0 80.27501 11.06041 113.82322 1.0
24.0 37.0 24.0 107.85948 87.21272 149.14889 1.0
24.0 38.0 38.0 88.72212 68.4103 152.61551 1909.0
24.0 38.0 24.0 107.85948 87.21272 149.14889 1909.0
24.0 41.0 41.0 59.89396 126.07309 122.51093 76.0
24.0 41.0 24.0 107.85948 87.21272 149.14889 76.0
24.0 42.0 42.0 56.65198 85.24507 144.96487 526.0
24.0 42.0 24.0 107.85948 87.21272 149.14889 526.0
24.0 43.0 43.0 101.68688 137.73173 99.15322 8.0
24.0 43.0 24.0 107.85948 87.21272 149.14889 8.0
24.0 44.0 44.0 70.25085 22.69427 131.32414 2.0
24.0 44.0 24.0 107.85948 87.21272 149.14889 2.0
24.0 47.0 47.0 164.19521 62.72568 126.1039 189.0
24.0 47.0 24.0 107.85948 87.21272 149.14889 189.0
25.0 7.0 7.0 121.67034 13.45212 56.90826 1.0
25.0 7.0 25.0 182.82627 63.99896 100.30923 1.0
25.0 12.0 12.0 179.80027 86.35123 84.74484 1188.0
25.0 12.0 25.0 182.82627 63.99896 100.30923 1188.0
25.0 15.0 15.0 145.09186 26.53374 64.67761 7.0
25.0 15.0 25.0 182.82627 63.99896 100.30923 7.0
25.0 18.0 18.0 159.21716 24.83004 93.85882 118.0
25.0 18.0 25.0 182.82627 63.99896 100.30923 118.0
25.0 23.0 23.0 173.45845 43.54892 76.91462 776.0
25.0 23.0 25.0 182.82627 63.99896 100.30923 776.0
25.0 25.0 25.0 182.82627 63.99896 100.30923 2257.0
25.0 25.0 25.0 182.82627 63.99896 100.30923 2257.0
25.0 26.0 26.0 132.09961 45.14217 139.12585 6.0
25.0 26.0 25.0 182.82627 63.99896 100.30923 6.0
25.0 32.0 32.0 157.18082 89.13476 58.01924 40.0
25.0 32.0 25.0 182.82627 63.99896 100.30923 40.0
25.0 34.0 34.0 127.76918 111.26334 129.5882 21.0
25.0 34.0 25.0 182.82627 63.99896 100.30923 21.0
25.0 35.0 35.0 147.79507 121.14889 95.61952 75.0
25.0 35.0 25.0 182.82627 63.99896 100.30923 75.0
25.0 46.0 46.0 114.67228 130.27355 52.83708 1.0
25.0 46.0 25.0 182.82627 63.99896 100.30923 1.0
25.0 47.0 47.0 164.19521 62.72568 126.1039 1237.0
25.0 47.0 25.0 182.82627 63.99896 100.30923 1237.0
26.0 15.0 15.0 145.09186 26.53374 64.67761 4.0
26.0 15.0 26.0 132.09961 45.14217 139.12585 4.0
26.0 17.0 17.0 122.79349 11.00572 94.57596 81.0
26.0 17.0 26.0 132.09961 45.14217 139.12585 81.0
26.0 18.0 18.0 159.21716 24.83004 93.85882 233.0
26.0 18.0 26.0 132.09961 45.14217 139.12585 233.0
26.0 23.0 23.0 173.45845 43.54892 76.91462 5.0
26.0 23.0 26.0 132.09961 45.14217 139.12585 5.0
26.0 24.0 24.0 107.85948 87.21272 149.14889 1013.0
26.0 24.0 26.0 132.09961 45.14217 139.12585 1013.0
26.0 25.0 25.0 182.82627 63.99896 100.30923 4.0
26.0 25.0 26.0 132.09961 45.14217 139.12585 4.0
26.0 26.0 26.0 132.09961 45.14217 139.12585 8203.0
26.0 26.0 26.0 132.09961 45.14217 139.12585 8203.0
26.0 28.0 28.0 84.32914 38.92099 143.12997 397.0
26.0 28.0 26.0 132.09961 45.14217 139.12585 397.0
26.0 29.0 29.0 122.70379 20.58237 121.16595 1871.0
26.0 29.0 26.0 132.09961 45.14217 139.12585 1871.0
26.0 33.0 33.0 97.21307 49.94269 149.23704 1052.0
26.0 33.0 26.0 132.09961 45.14217 139.12585 1052.0
26.0 34.0 34.0 127.76918 111.26334 129.5882 276.0
26.0 34.0 26.0 132.09961 45.14217 139.12585 276.0
26.0 35.0 35.0 147.79507 121.14889 95.61952 1.0
26.0 35.0 26.0 132.09961 45.14217 139.12585 1.0
26.0 37.0 37.0 80.27501 11.06041 113.82322 117.0
26.0 37.0 26.0 132.09961 45.14217 139.12585 117.0
26.0 38.0 38.0 88.72212 68.4103 152.61551 419.0
26.0 38.0 26.0 132.09961 45.14217 139.12585 419.0
26.0 44.0 44.0 70.25085 22.69427 131.32414 13.0
26.0 44.0 26.0 132.09961 45.14217 139.12585 13.0
26.0 47.0 47.0 164.19521 62.72568 126.1039 1743.0
26.0 47.0 26.0 132.09961 45.14217 139.12585 1743.0
27.0 0.0 0.0 55.11732 48.89821 141.98118 44.0
27.0 0.0 27.0 18.72604 45.33398 103.7237 44.0
27.0 2.0 2.0 27.40776 25.31989 87.70753 1589.0
27.0 2.0 27.0 18.72604 45.33398 103.7237 1589.0
27.0 3.0 3.0 83.18823 3.83369 88.04347 2.0
27.0 3.0 27.0 18.72604 45.33398 103.7237 2.0
27.0 6.0 6.0 5.47449 84.7394 74.40003 774.0
27.0 6.0 27.0 18.72604 45.33398 103.7237 774.0
27.0 11.0 11.0 48.51917 14.11844 56.5114 18.0
27.0 11.0 27.0 18.72604 45.33398 103.7237 18.0
27.0 13.0 13.0 21.80923 31.13926 56.42048 108.0
27.0 13.0 27.0 18.72604 45.33398 103.7237 108.0
27.0 16.0 16.0 37.11371 39.10238 124.72389 1290.0
27.0 16.0 27.0 18.72604 45.33398 103.7237 1290.0
27.0 22.0 22.0 25.11837 80.03738 119.49795 1325.0
27.0 22.0 27.0 18.72604 45.33398 103.7237 1325.0
27.0 27.0 27.0 18.72604 45.33398 103.7237 3367.0
27.0 27.0 27.0 18.72604 45.33398 103.7237 3367.0
27.0 36.0 36.0 51.16857 19.49765 119.70133 103.0
27.0 36.0 27.0 18.72604 45.33398 103.7237 103.0
27.0 37.0 37.0 80.27501 11.06041 113.82322 11.0
27.0 37.0 27.0 18.72604 45.33398 103.7237 11.0
27.0 39.0 39.0 21.85264 50.07536 32.765 17.0
27.0 39.0 27.0 18.72604 45.33398 103.7237 17.0
27.0 42.0 42.0 56.65198 85.24507 144.96487 4.0
27.0 42.0 27.0 18.72604 45.33398 103.7237 4.0
27.0 44.0 44.0 70.25085 22.69427 131.32414 3.0
27.0 44.0 27.0 18.72604 45.33398 103.7237 3.0
28.0 0.0 0.0 55.11732 48.89821 141.98118 1079.0
28.0 0.0 28.0 84.32914 38.92099 143.12997 1079.0
28.0 3.0 3.0 83.18823 3.83369 88.04347 7.0
28.0 3.0 28.0 84.32914 38.92099 143.12997 7.0
28.0 4.0 4.0 72.14522 108.4064 139.67984 6.0
28.0 4.0 28.0 84.32914 38.92099 143.12997 6.0
28.0 16.0 16.0 37.11371 39.10238 124.72389 40.0
28.0 16.0 28.0 84.32914 38.92099 143.12997 40.0
28.0 17.0 17.0 122.79349 11.00572 94.57596 9.0
28.0 17.0 28.0 84.32914 38.92099 143.12997 9.0
28.0 22.0 22.0 25.11837 80.03738 119.49795 13.0
28.0 22.0 28.0 84.32914 38.92099 143.12997 13.0
28.0 24.0 24.0 107.85948 87.21272 149.14889 38.0
28.0 24.0 28.0 84.32914 38.92099 143.12997 38.0
28.0 26.0 26.0 132.09961 45.14217 139.12585 421.0
28.0 26.0 28.0 84.32914 38.92099 143.12997 421.0
28.0 28.0 28.0 84.32914 38.92099 143.12997 3162.0
28.0 28.0 28.0 84.32914 38.92099 143.12997 3162.0
28.0 29.0 29.0 122.70379 20.58237 121.16595 497.0
28.0 29.0 28.0 84.32914 38.92099 143.12997 497.0
28.0 33.0 33.0 97.21307 49.94269 149.23704 1649.0
28.0 33.0 28.0 84.32914 38.92099 143.12997 1649.0
28.0 36.0 36.0 51.16857 19.49765 119.70133 71.0
28.0 36.0 28.0 84.32914 38.92099 143.12997 71.0
28.0 37.0 37.0 80.27501 11.06041 113.82322 682.0
28.0 37.0 28.0 84.32914 38.92099 143.12997 682.0
28.0 38.0 38.0 88.72212 68.4103 152.61551 643.0
28.0 38.0 28.0 84.32914 38.92099 143.12997 643.0
28.0 42.0 42.0 56.65198 85.24507 144.96487 170.0
28.0 42.0 28.0 84.32914 38.92099 143.12997 170.0
28.0 44.0 44.0 70.25085 22.69427 131.32414 926.0
28.0 44.0 28.0 84.32914 38.92099 143.12997 926.0
29.0 0.0 0.0 55.11732 48.89821 141.98118 3.0
29.0 0.0 29.0 122.70379 20.58237 121.16595 3.0
29.0 3.0 3.0 83.18823 3.83369 88.04347 235.0
29.0 3.0 29.0 122.70379 20.58237 121.16595 235.0
29.0 7.0 7.0 121.67034 13.45212 56.90826 8.0
29.0 7.0 29.0 122.70379 20.58237 121.16595 8.0
29.0 10.0 10.0 97.05291 3.92305 61.09254 3.0
29.0 10.0 29.0 122.70379 20.58237 121.16595 3.0
29.0 15.0 15.0 145.09186 26.53374 64.67761 54.0
29.0 15.0 29.0 122.70379 20.58237 121.16595 54.0
29.0 17.0 17.0 122.79349 11.00572 94.57596 1592.0
29.0 17.0 29.0 122.70379 20.58237 121.16595 1592.0
29.0 18.0 18.0 159.21716 24.83004 93.85882 529.0
29.0 18.0 29.0 122.70379 20.58237 121.16595 529.0
29.0 23.0 23.0 173.45845 43.54892 76.91462 11.0
29.0 23.0 29.0 122.70379 20.58237 121.16595 11.0
29.0 24.0 24.0 107.85948 87.21272 149.14889 1.0
29.0 24.0 29.0 122.70379 20.58237 121.16595 1.0
29.0 25.0 25.0 182.82627 63.99896 100.30923 1.0
29.0 25.0 29.0 122.70379 20.58237 121.16595 1.0
29.0 26.0 26.0 132.09961 45.14217 139.12585 1811.0
29.0 26.0 29.0 122.70379 20.58237 121.16595 1811.0
29.0 28.0 28.0 84.32914 38.92099 143.12997 496.0
29.0 28.0 29.0 122.70379 20.58237 121.16595 496.0
29.0 29.0 29.0 122.70379 20.58237 121.16595 4839.0
29.0 29.0 29.0 122.70379 20.58237 121.16595 4839.0
29.0 33.0 33.0 97.21307 49.94269 149.23704 188.0
29.0 33.0 29.0 122.70379 20.58237 121.16595 188.0
29.0 37.0 37.0 80.27501 11.06041 113.82322 1163.0
29.0 37.0 29.0 122.70379 20.58237 121.16595 1163.0
29.0 38.0 38.0 88.72212 68.4103 152.61551 5.0
29.0 38.0 29.0 122.70379 20.58237 121.16595 5.0
29.0 44.0 44.0 70.25085 22.69427 131.32414 90.0
29.0 44.0 29.0 122.70379 20.58237 121.16595 90.0
29.0 47.0 47.0 164.19521 62.72568 126.1039 225.0
29.0 47.0 29.0 122.70379 20.58237 121.16595 225.0
30.0 1.0 1.0 66.21776 89.15239 7.43711 379.0
30.0 1.0 30.0 88.54142 139.92813 62.79567 379.0
30.0 5.0 5.0 42.32397 126.9243 106.55256 4.0
30.0 5.0 30.0 88.54142 139.92813 62.79567 4.0
30.0 8.0 8.0 89.93637 90.45381 30.41391 22.0
30.0 8.0 30.0 88.54142 139.92813 62.79567 22.0
30.0 9.0 9.0 78.63723 139.91751 102.67652 1437.0
30.0 9.0 30.0 88.54142 139.92813 62.79567 1437.0
30.0 14.0 14.0 128.50775 116.09042 40.42406 230.0
30.0 14.0 30.0 88.54142 139.92813 62.79567 230.0
30.0 23.0 23.0 173.45845 43.54892 76.91462 1.0
30.0 23.0 30.0 88.54142 139.92813 62.79567 1.0
30.0 30.0 30.0 88.54142 139.92813 62.79567 16386.0
30.0 30.0 30.0 88.54142 139.92813 62.79567 16386.0
30.0 32.0 32.0 157.18082 89.13476 58.01924 4.0
30.0 32.0 30.0 88.54142 139.92813 62.79567 4.0
30.0 34.0 34.0 127.76918 111.26334 129.5882 68.0
30.0 34.0 30.0 88.54142 139.92813 62.79567 68.0
30.0 35.0 35.0 147.79507 121.14889 95.61952 704.0
30.0 35.0 30.0 88.54142 139.92813 62.79567 704.0
30.0 41.0 41.0 59.89396 126.07309 122.51093 23.0
30.0 41.0 30.0 88.54142 139.92813 62.79567 23.0
30.0 43.0 43.0 101.68688 137.73173 99.15322 2227.0
30.0 43.0 30.0 88.54142 139.92813 62.79567 2227.0
30.0 45.0 45.0 35.08346 116.25895 28.4487 888.0
30.0 45.0 30.0 88.54142 139.92813 62.79567 888.0
30.0 46.0 46.0 114.67228 130.27355 52.83708 3635.0
30.0 46.0 30.0 88.54142 139.92813 62.79567 3635.0
31.0 3.0 3.0 83.18823 3.83369 88.04347 2.0
31.0 3.0 31.0 121.53922 38.87712 36.01148 2.0
31.0 7.0 7.0 121.67034 13.45212 56.90826 1661.0
31.0 7.0 31.0 121.53922 38.87712 36.01148 1661.0
31.0 8.0 8.0 89.93637 90.45381 30.41391 24.0
31.0 8.0 31.0 121.53922 38.87712 36.01148 24.0
31.0 10.0 10.0 97.05291 3.92305 61.09254 393.0
31.0 10.0 31.0 121.53922 38.87712 36.01148 393.0
31.0 11.0 11.0 48.51917 14.11844 56.5114 2.0
31.0 11.0 31.0 121.53922 38.87712 36.01148 2.0
31.0 12.0 12.0 179.80027 86.35123 84.74484 8.0
31.0 12.0 31.0 121.53922 38.87712 36.01148 8.0
31.0 14.0 14.0 128.50775 116.09042 40.42406 7.0
31.0 14.0 31.0 121.53922 38.87712 36.01148 7.0
31.0 15.0 15.0 145.09186 26.53374 64.67761 1497.0
31.0 15.0 31.0 121.53922 38.87712 36.01148 1497.0
31.0 17.0 17.0 122.79349 11.00572 94.57596 5.0
31.0 17.0 31.0 121.53922 38.87712 36.01148 5.0
31.0 18.0 18.0 159.21716 24.83004 93.85882 12.0
31.0 18.0 31.0 121.53922 38.87712 36.01148 12.0
31.0 19.0 19.0 66.39465 15.79618 45.36769 35.0
31.0 19.0 31.0 121.53922 38.87712 36.01148 35.0
31.0 20.0 20.0 84.97878 53.64955 22.26973 2395.0
31.0 20.0 31.0 121.53922 38.87712 36.01148 2395.0
31.0 23.0 23.0 173.45845 43.54892 76.91462 114.0
31.0 23.0 31.0 121.53922 38.87712 36.01148 114.0
31.0 31.0 31.0 121.53922 38.87712 36.01148 13151.0
31.0 31.0 31.0 121.53922 38.87712 36.01148 13151.0
31.0 32.0 32.0 157.18082 89.13476 58.01924 758.0
31.0 32.0 31.0 121.53922 38.87712 36.01148 758.0
31.0 40.0 40.0 83.25709 23.51759 42.41901 1061.0
31.0 40.0 31.0 121.53922 38.87712 36.01148 1061.0
32.0 7.0 7.0 121.67034 13.45212 56.90826 4.0
32.0 7.0 32.0 157.18082 89.13476 58.01924 4.0
32.0 12.0 12.0 179.80027 86.35123 84.74484 1724.0
32.0 12.0 32.0 157.18082 89.13476 58.01924 1724.0
32.0 14.0 14.0 128.50775 116.09042 40.42406 1608.0
32.0 14.0 32.0 157.18082 89.13476 58.01924 1608.0
32.0 15.0 15.0 145.09186 26.53374 64.67761 398.0
32.0 15.0 32.0 157.18082 89.13476 58.01924 398.0
32.0 18.0 18.0 159.21716 24.83004 93.85882 9.0
32.0 18.0 32.0 157.18082 89.13476 58.01924 9.0
32.0 20.0 20.0 84.97878 53.64955 22.26973 9.0
32.0 20.0 32.0 157.18082 89.13476 58.01924 9.0
32.0 23.0 23.0 173.45845 43.54892 76.91462 475.0
32.0 23.0 32.0 157.18082 89.13476 58.01924 475.0
32.0 25.0 25.0 182.82627 63.99896 100.30923 48.0
32.0 25.0 32.0 157.18082 89.13476 58.01924 48.0
32.0 30.0 30.0 88.54142 139.92813 62.79567 4.0
32.0 30.0 32.0 157.18082 89.13476 58.01924 4.0
32.0 31.0 31.0 121.53922 38.87712 36.01148 744.0
32.0 31.0 32.0 157.18082 89.13476 58.01924 744.0
32.0 32.0 32.0 157.18082 89.13476 58.01924 10455.0
32.0 32.0 32.0 157.18082 89.13476 58.01924 10455.0
32.0 35.0 35.0 147.79507 121.14889 95.61952 973.0
32.0 35.0 32.0 157.18082 89.13476 58.01924 973.0
32.0 46.0 46.0 114.67228 130.27355 52.83708 290.0
32.0 46.0 32.0 157.18082 89.13476 58.01924 290.0
32.0 47.0 47.0 164.19521 62.72568 126.1039 1.0
32.0 47.0 32.0 157.18082 89.13476 58.01924 1.0
33.0 0.0 0.0 55.11732 48.89821 141.98118 245.0
33.0 0.0 33.0 97.21307 49.94269 149.23704 245.0
33.0 4.0 4.0 72.14522 108.4064 139.67984 6.0
33.0 4.0 33.0 97.21307 49.94269 149.23704 6.0
33.0 16.0 16.0 37.11371 39.10238 124.72389 3.0
33.0 16.0 33.0 97.21307 49.94269 149.23704 3.0
33.0 17.0 17.0 122.79349 11.00572 94.57596 1.0
33.0 17.0 33.0 97.21307 49.94269 149.23704 1.0
33.0 18.0 18.0 159.21716 24.83004 93.85882 1.0
33.0 18.0 33.0 97.21307 49.94269 149.23704 1.0
33.0 22.0 22.0 25.11837 80.03738 119.49795 3.0
33.0 22.0 33.0 97.21307 49.94269 149.23704 3.0
33.0 24.0 24.0 107.85948 87.21272 149.14889 525.0
33.0 24.0 33.0 97.21307 49.94269 149.23704 525.0
33.0 26.0 26.0 132.09961 45.14217 139.12585 1143.0
33.0 26.0 33.0 97.21307 49.94269 149.23704 1143.0
33.0 28.0 28.0 84.32914 38.92099 143.12997 1555.0
33.0 28.0 33.0 97.21307 49.94269 149.23704 1555.0
33.0 29.0 29.0 122.70379 20.58237 121.16595 203.0
33.0 29.0 33.0 97.21307 49.94269 149.23704 203.0
33.0 33.0 33.0 97.21307 49.94269 149.23704 2713.0
33.0 33.0 33.0 97.21307 49.94269 149.23704 2713.0
33.0 34.0 34.0 127.76918 111.26334 129.5882 1.0
33.0 34.0 33.0 97.21307 49.94269 149.23704 1.0
33.0 36.0 36.0 51.16857 19.49765 119.70133 4.0
33.0 36.0 33.0 97.21307 49.94269 149.23704 4.0
33.0 37.0 37.0 80.27501 11.06041 113.82322 73.0
33.0 37.0 33.0 97.21307 49.94269 149.23704 73.0
33.0 38.0 38.0 88.72212 68.4103 152.61551 1542.0
33.0 38.0 33.0 97.21307 49.94269 149.23704 1542.0
33.0 42.0 42.0 56.65198 85.24507 144.96487 120.0
33.0 42.0 33.0 97.21307 49.94269 149.23704 120.0
33.0 44.0 44.0 70.25085 22.69427 131.32414 116.0
33.0 44.0 33.0 97.21307 49.94269 149.23704 116.0
33.0 47.0 47.0 164.19521 62.72568 126.1039 5.0
33.0 47.0 33.0 97.21307 49.94269 149.23704 5.0
34.0 4.0 4.0 72.14522 108.4064 139.67984 897.0
34.0 4.0 34.0 127.76918 111.26334 129.5882 897.0
34.0 9.0 9.0 78.63723 139.91751 102.67652 618.0
34.0 9.0 34.0 127.76918 111.26334 129.5882 618.0
34.0 12.0 12.0 179.80027 86.35123 84.74484 94.0
34.0 12.0 34.0 127.76918 111.26334 129.5882 94.0
34.0 14.0 14.0 128.50775 116.09042 40.42406 1.0
34.0 14.0 34.0 127.76918 111.26334 129.5882 1.0
34.0 24.0 24.0 107.85948 87.21272 149.14889 2587.0
34.0 24.0 34.0 127.76918 111.26334 129.5882 2587.0
34.0 25.0 25.0 182.82627 63.99896 100.30923 26.0
34.0 25.0 34.0 127.76918 111.26334 129.5882 26.0
34.0 26.0 26.0 132.09961 45.14217 139.12585 297.0
34.0 26.0 34.0 127.76918 111.26334 129.5882 297.0
34.0 30.0 30.0 88.54142 139.92813 62.79567 82.0
34.0 30.0 34.0 127.76918 111.26334 129.5882 82.0
34.0 32.0 32.0 157.18082 89.13476 58.01924 5.0
34.0 32.0 34.0 127.76918 111.26334 129.5882 5.0
34.0 33.0 33.0 97.21307 49.94269 149.23704 5.0
34.0 33.0 34.0 127.76918 111.26334 129.5882 5.0
34.0 34.0 34.0 127.76918 111.26334 129.5882 17334.0
34.0 34.0 34.0 127.76918 111.26334 129.5882 17334.0
34.0 35.0 35.0 147.79507 121.14889 95.61952 2599.0
34.0 35.0 34.0 127.76918 111.26334 129.5882 2599.0
34.0 38.0 38.0 88.72212 68.4103 152.61551 32.0
34.0 38.0 34.0 127.76918 111.26334 129.5882 32.0
34.0 41.0 41.0 59.89396 126.07309 122.51093 365.0
34.0 41.0 34.0 127.76918 111.26334 129.5882 365.0
34.0 42.0 42.0 56.65198 85.24507 144.96487 10.0
34.0 42.0 34.0 127.76918 111.26334 129.5882 10.0
34.0 43.0 43.0 101.68688 137.73173 99.15322 1391.0
34.0 43.0 34.0 127.76918 111.26334 129.5882 1391.0
34.0 46.0 46.0 114.67228 130.27355 52.83708 8.0
34.0 46.0 34.0 127.76918 111.26334 129.5882 8.0
34.0 47.0 47.0 164.19521 62.72568 126.1039 1161.0
34.0 47.0 34.0 127.76918 111.26334 129.5882 1161.0
35.0 4.0 4.0 72.14522 108.4064 139.67984 1.0
35.0 4.0 35.0 147.79507 121.14889 95.61952 1.0
35.0 9.0 9.0 78.63723 139.91751 102.67652 18.0
35.0 9.0 35.0 147.79507 121.14889 95.61952 18.0
35.0 12.0 12.0 179.80027 86.35123 84.74484 1204.0
35.0 12.0 35.0 147.79507 121.14889 95.61952 1204.0
35.0 14.0 14.0 128.50775 116.09042 40.42406 307.0
35.0 14.0 35.0 147.79507 121.14889 95.61952 307.0
35.0 24.0 24.0 107.85948 87.21272 149.14889 1.0
35.0 24.0 35.0 147.79507 121.14889 95.61952 1.0
35.0 25.0 25.0 182.82627 63.99896 100.30923 75.0
35.0 25.0 35.0 147.79507 121.14889 95.61952 75.0
35.0 30.0 30.0 88.54142 139.92813 62.79567 721.0
35.0 30.0 35.0 147.79507 121.14889 95.61952 721.0
35.0 32.0 32.0 157.18082 89.13476 58.01924 920.0
35.0 32.0 35.0 147.79507 121.14889 95.61952 920.0
35.0 34.0 34.0 127.76918 111.26334 129.5882 2675.0
35.0 34.0 35.0 147.79507 121.14889 95.61952 2675.0
35.0 35.0 35.0 147.79507 121.14889 95.61952 11474.0
35.0 35.0 35.0 147.79507 121.14889 95.61952 11474.0
35.0 41.0 41.0 59.89396 126.07309 122.51093 1.0
35.0 41.0 35.0 147.79507 121.14889 95.61952 1.0
35.0 43.0 43.0 101.68688 137.73173 99.15322 888.0
35.0 43.0 35.0 147.79507 121.14889 95.61952 888.0
35.0 46.0 46.0 114.67228 130.27355 52.83708 1165.0
35.0 46.0 35.0 147.79507 121.14889 95.61952 1165.0
35.0 47.0 47.0 164.19521 62.72568 126.1039 364.0
35.0 47.0 35.0 147.79507 121.14889 95.61952 364.0
36.0 0.0 0.0 55.11732 48.89821 141.98118 471.0
36.0 0.0 36.0 51.16857 19.49765 119.70133 471.0
36.0 2.0 2.0 27.40776 25.31989 87.70753 468.0
36.0 2.0 36.0 51.16857 19.49765 119.70133 468.0
36.0 3.0 3.0 83.18823 3.83369 88.04347 155.0
36.0 3.0 36.0 51.16857 19.49765 119.70133 155.0
36.0 11.0 11.0 48.51917 14.11844 56.5114 75.0
36.0 11.0 36.0 51.16857 19.49765 119.70133 75.0
36.0 13.0 13.0 21.80923 31.13926 56.42048 1.0
36.0 13.0 36.0 51.16857 19.49765 119.70133 1.0
36.0 16.0 16.0 37.11371 39.10238 124.72389 973.0
36.0 16.0 36.0 51.16857 19.49765 119.70133 973.0
36.0 22.0 22.0 25.11837 80.03738 119.49795 7.0
36.0 22.0 36.0 51.16857 19.49765 119.70133 7.0
36.0 27.0 27.0 18.72604 45.33398 103.7237 92.0
36.0 27.0 36.0 51.16857 19.49765 119.70133 92.0
36.0 28.0 28.0 84.32914 38.92099 143.12997 94.0
36.0 28.0 36.0 51.16857 19.49765 119.70133 94.0
36.0 29.0 29.0 122.70379 20.58237 121.16595 1.0
36.0 29.0 36.0 51.16857 19.49765 119.70133 1.0
36.0 33.0 33.0 97.21307 49.94269 149.23704 4.0
36.0 33.0 36.0 51.16857 19.49765 119.70133 4.0
36.0 36.0 36.0 51.16857 19.49765 119.70133 1555.0
36.0 36.0 36.0 51.16857 19.49765 119.70133 1555.0
36.0 37.0 37.0 80.27501 11.06041 113.82322 972.0
36.0 37.0 36.0 51.16857 19.49765 119.70133 972.0
36.0 38.0 38.0 88.72212 68.4103 152.61551 1.0
36.0 38.0 36.0 51.16857 19.49765 119.70133 1.0
36.0 42.0 42.0 56.65198 85.24507 144.96487 2.0
36.0 42.0 36.0 51.16857 19.49765 119.70133 2.0
36.0 44.0 44.0 70.25085 22.69427 131.32414 762.0
36.0 44.0 36.0 51.16857 19.49765 119.70133 762.0
37.0 0.0 0.0 55.11732 48.89821 141.98118 71.0
37.0 0.0 37.0 80.27501 11.06041 113.82322 71.0
37.0 2.0 2.0 27.40776 25.31989 87.70753 428.0
37.0 2.0 37.0 80.27501 11.06041 113.82322 428.0
37.0 3.0 3.0 83.18823 3.83369 88.04347 2584.0
37.0 3.0 37.0 80.27501 11.06041 113.82322 2584.0
37.0 7.0 7.0 121.67034 13.45212 56.90826 1.0
37.0 7.0 37.0 80.27501 11.06041 113.82322 1.0
37.0 10.0 10.0 97.05291 3.92305 61.09254 49.0
37.0 10.0 37.0 80.27501 11.06041 113.82322 49.0
37.0 11.0 11.0 48.51917 14.11844 56.5114 267.0
37.0 11.0 37.0 80.27501 11.06041 113.82322 267.0
37.0 15.0 15.0 145.09186 26.53374 64.67761 1.0
37.0 15.0 37.0 80.27501 11.06041 113.82322 1.0
37.0 16.0 16.0 37.11371 39.10238 124.72389 159.0
37.0 16.0 37.0 80.27501 11.06041 113.82322 159.0
37.0 17.0 17.0 122.79349 11.00572 94.57596 575.0
37.0 17.0 37.0 80.27501 11.06041 113.82322 575.0
37.0 18.0 18.0 159.21716 24.83004 93.85882 3.0
37.0 18.0 37.0 80.27501 11.06041 113.82322 3.0
37.0 19.0 19.0 66.39465 15.79618 45.36769 17.0
37.0 19.0 37.0 80.27501 11.06041 113.82322 17.0
37.0 26.0 26.0 132.09961 45.14217 139.12585 119.0
37.0 26.0 37.0 80.27501 11.06041 113.82322 119.0
37.0 27.0 27.0 18.72604 45.33398 103.7237 11.0
37.0 27.0 37.0 80.27501 11.06041 113.82322 11.0
37.0 28.0 28.0 84.32914 38.92099 143.12997 738.0
37.0 28.0 37.0 80.27501 11.06041 113.82322 738.0
37.0 29.0 29.0 122.70379 20.58237 121.16595 1148.0
37.0 29.0 37.0 80.27501 11.06041 113.82322 1148.0
37.0 33.0 33.0 97.21307 49.94269 149.23704 83.0
37.0 33.0 37.0 80.27501 11.06041 113.82322 83.0
37.0 36.0 36.0 51.16857 19.49765 119.70133 822.0
37.0 36.0 37.0 80.27501 11.06041 113.82322 822.0
37.0 37.0 37.0 80.27501 11.06041 113.82322 8186.0
37.0 37.0 37.0 80.27501 11.06041 113.82322 8186.0
37.0 44.0 44.0 70.25085 22.69427 131.32414 1440.0
37.0 44.0 37.0 80.27501 11.06041 113.82322 1440.0
38.0 0.0 0.0 55.11732 48.89821 141.98118 416.0
38.0 0.0 38.0 88.72212 68.4103 152.61551 416.0
38.0 4.0 4.0 72.14522 108.4064 139.67984 222.0
38.0 4.0 38.0 88.72212 68.4103 152.61551 222.0
38.0 16.0 16.0 37.11371 39.10238 124.72389 12.0
38.0 16.0 38.0 88.72212 68.4103 152.61551 12.0
38.0 22.0 22.0 25.11837 80.03738 119.49795 25.0
38.0 22.0 38.0 88.72212 68.4103 152.61551 25.0
38.0 24.0 24.0 107.85948 87.21272 149.14889 2005.0
38.0 24.0 38.0 88.72212 68.4103 152.61551 2005.0
38.0 26.0 26.0 132.09961 45.14217 139.12585 362.0
38.0 26.0 38.0 88.72212 68.4103 152.61551 362.0
38.0 28.0 28.0 84.32914 38.92099 143.12997 611.0
38.0 28.0 38.0 88.72212 68.4103 152.61551 611.0
38.0 29.0 29.0 122.70379 20.58237 121.16595 8.0
38.0 29.0 38.0 88.72212 68.4103 152.61551 8.0
38.0 33.0 33.0 97.21307 49.94269 149.23704 1550.0
38.0 33.0 38.0 88.72212 68.4103 152.61551 1550.0
38.0 34.0 34.0 127.76918 111.26334 129.5882 38.0
38.0 34.0 38.0 88.72212 68.4103 152.61551 38.0
38.0 36.0 36.0 51.16857 19.49765 119.70133 1.0
38.0 36.0 38.0 88.72212 68.4103 152.61551 1.0
38.0 37.0 37.0 80.27501 11.06041 113.82322 1.0
38.0 37.0 38.0 88.72212 68.4103 152.61551 1.0
38.0 38.0 38.0 88.72212 68.4103 152.61551 3198.0
38.0 38.0 38.0 88.72212 68.4103 152.61551 3198.0
38.0 41.0 41.0 59.89396 126.07309 122.51093 4.0
38.0 41.0 38.0 88.72212 68.4103 152.61551 4.0
38.0 42.0 42.0 56.65198 85.24507 144.96487 1090.0
38.0 42.0 38.0 88.72212 68.4103 152.61551 1090.0
38.0 44.0 44.0 70.25085 22.69427 131.32414 14.0
38.0 44.0 38.0 88.72212 68.4103 152.61551 14.0
38.0 47.0 47.0 164.19521 62.72568 126.1039 9.0
38.0 47.0 38.0 88.72212 68.4103 152.61551 9.0
39.0 1.0 1.0 66.21776 89.15239 7.43711 254.0
39.0 1.0 39.0 21.85264 50.07536 32.765 254.0
39.0 2.0 2.0 27.40776 25.31989 87.70753 159.0
39.0 2.0 39.0 21.85264 50.07536 32.765 159.0
39.0 6.0 6.0 5.47449 84.7394 74.40003 1355.0
39.0 6.0 39.0 21.85264 50.07536 32.765 1355.0
39.0 11.0 11.0 48.51917 14.11844 56.5114 908.0
39.0 11.0 39.0 21.85264 50.07536 32.765 908.0
39.0 13.0 13.0 21.80923 31.13926 56.42048 1850.0
39.0 13.0 39.0 21.85264 50.07536 32.765 1850.0
39.0 19.0 19.0 66.39465 15.79618 45.36769 238.0
39.0 19.0 39.0 21.85264 50.07536 32.765 238.0
39.0 20.0 20.0 84.97878 53.64955 22.26973 478.0
39.0 20.0 39.0 21.85264 50.07536 32.765 478.0
39.0 21.0 21.0 28.32975 78.06412 19.2575 2157.0
39.0 21.0 39.0 21.85264 50.07536 32.765 2157.0
39.0 22.0 22.0 25.11837 80.03738 119.49795 1.0
39.0 22.0 39.0 21.85264 50.07536 32.765 1.0
39.0 27.0 27.0 18.72604 45.33398 103.7237 20.0
39.0 27.0 39.0 21.85264 50.07536 32.765 20.0
39.0 39.0 39.0 21.85264 50.07536 32.765 9962.0
39.0 39.0 39.0 21.85264 50.07536 32.765 9962.0
39.0 40.0 40.0 83.25709 23.51759 42.41901 26.0
39.0 40.0 39.0 21.85264 50.07536 32.765 26.0
39.0 45.0 45.0 35.08346 116.25895 28.4487 79.0
39.0 45.0 39.0 21.85264 50.07536 32.765 79.0
40.0 1.0 1.0 66.21776 89.15239 7.43711 8.0
40.0 1.0 40.0 83.25709 23.51759 42.41901 8.0
40.0 3.0 3.0 83.18823 3.83369 88.04347 141.0
40.0 3.0 40.0 83.25709 23.51759 42.41901 141.0
40.0 7.0 7.0 121.67034 13.45212 56.90826 294.0
40.0 7.0 40.0 83.25709 23.51759 42.41901 294.0
40.0 8.0 8.0 89.93637 90.45381 30.41391 1.0
40.0 8.0 40.0 83.25709 23.51759 42.41901 1.0
40.0 10.0 10.0 97.05291 3.92305 61.09254 1268.0
40.0 10.0 40.0 83.25709 23.51759 42.41901 1268.0
40.0 11.0 11.0 48.51917 14.11844 56.5114 441.0
40.0 11.0 40.0 83.25709 23.51759 42.41901 441.0
40.0 13.0 13.0 21.80923 31.13926 56.42048 3.0
40.0 13.0 40.0 83.25709 23.51759 42.41901 3.0
40.0 15.0 15.0 145.09186 26.53374 64.67761 1.0
40.0 15.0 40.0 83.25709 23.51759 42.41901 1.0
40.0 17.0 17.0 122.79349 11.00572 94.57596 4.0
40.0 17.0 40.0 83.25709 23.51759 42.41901 4.0
40.0 19.0 19.0 66.39465 15.79618 45.36769 1457.0
40.0 19.0 40.0 83.25709 23.51759 42.41901 1457.0
40.0 20.0 20.0 84.97878 53.64955 22.26973 1805.0
40.0 20.0 40.0 83.25709 23.51759 42.41901 1805.0
40.0 21.0 21.0 28.32975 78.06412 19.2575 3.0
40.0 21.0 40.0 83.25709 23.51759 42.41901 3.0
40.0 31.0 31.0 121.53922 38.87712 36.01148 1052.0
40.0 31.0 40.0 83.25709 23.51759 42.41901 1052.0
40.0 37.0 37.0 80.27501 11.06041 113.82322 3.0
40.0 37.0 40.0 83.25709 23.51759 42.41901 3.0
40.0 39.0 39.0 21.85264 50.07536 32.765 35.0
40.0 39.0 40.0 83.25709 23.51759 42.41901 35.0
40.0 40.0 40.0 83.25709 23.51759 42.41901 4493.0
40.0 40.0 40.0 83.25709 23.51759 42.41901 4493.0
41.0 0.0 0.0 55.11732 48.89821 141.98118 1.0
41.0 0.0 41.0 59.89396 126.07309 122.51093 1.0
41.0 4.0 4.0 72.14522 108.4064 139.67984 2801.0
41.0 4.0 41.0 59.89396 126.07309 122.51093 2801.0
41.0 5.0 5.0 42.32397 126.9243 106.55256 128.0
41.0 5.0 41.0 59.89396 126.07309 122.51093 128.0
41.0 6.0 6.0 5.47449 84.7394 74.40003 18.0
41.0 6.0 41.0 59.89396 126.07309 122.51093 18.0
41.0 9.0 9.0 78.63723 139.91751 102.67652 2303.0
41.0 9.0 41.0 59.89396 126.07309 122.51093 2303.0
41.0 22.0 22.0 25.11837 80.03738 119.49795 823.0
41.0 22.0 41.0 59.89396 126.07309 122.51093 823.0
41.0 24.0 24.0 107.85948 87.21272 149.14889 68.0
41.0 24.0 41.0 59.89396 126.07309 122.51093 68.0
41.0 30.0 30.0 88.54142 139.92813 62.79567 30.0
41.0 30.0 41.0 59.89396 126.07309 122.51093 30.0
41.0 34.0 34.0 127.76918 111.26334 129.5882 421.0
41.0 34.0 41.0 59.89396 126.07309 122.51093 421.0
41.0 35.0 35.0 147.79507 121.14889 95.61952 1.0
41.0 35.0 41.0 59.89396 126.07309 122.51093 1.0
41.0 38.0 38.0 88.72212 68.4103 152.61551 1.0
41.0 38.0 41.0 59.89396 126.07309 122.51093 1.0
41.0 41.0 41.0 59.89396 126.07309 122.51093 10881.0
41.0 41.0 41.0 59.89396 126.07309 122.51093 10881.0
41.0 42.0 42.0 56.65198 85.24507 144.96487 417.0
41.0 42.0 41.0 59.89396 126.07309 122.51093 417.0
41.0 43.0 43.0 101.68688 137.73173 99.15322 355.0
41.0 43.0 41.0 59.89396 126.07309 122.51093 355.0
42.0 0.0 0.0 55.11732 48.89821 141.98118 879.0
42.0 0.0 42.0 56.65198 85.24507 144.96487 879.0
42.0 4.0 4.0 72.14522 108.4064 139.67984 2156.0
42.0 4.0 42.0 56.65198 85.24507 144.96487 2156.0
42.0 5.0 5.0 42.32397 126.9243 106.55256 5.0
42.0 5.0 42.0 56.65198 85.24507 144.96487 5.0
42.0 16.0 16.0 37.11371 39.10238 124.72389 158.0
42.0 16.0 42.0 56.65198 85.24507 144.96487 158.0
42.0 22.0 22.0 25.11837 80.03738 119.49795 1591.0
42.0 22.0 42.0 56.65198 85.24507 144.96487 1591.0
42.0 24.0 24.0 107.85948 87.21272 149.14889 563.0
42.0 24.0 42.0 56.65198 85.24507 144.96487 563.0
42.0 27.0 27.0 18.72604 45.33398 103.7237 1.0
42.0 27.0 42.0 56.65198 85.24507 144.96487 1.0
42.0 28.0 28.0 84.32914 38.92099 143.12997 205.0
42.0 28.0 42.0 56.65198 85.24507 144.96487 205.0
42.0 33.0 33.0 97.21307 49.94269 149.23704 136.0
42.0 33.0 42.0 56.65198 85.24507 144.96487 136.0
42.0 34.0 34.0 127.76918 111.26334 129.5882 9.0
42.0 34.0 42.0 56.65198 85.24507 144.96487 9.0
42.0 36.0 36.0 51.16857 19.49765 119.70133 2.0
42.0 36.0 42.0 56.65198 85.24507 144.96487 2.0
42.0 38.0 38.0 88.72212 68.4103 152.61551 1122.0
42.0 38.0 42.0 56.65198 85.24507 144.96487 1122.0
42.0 41.0 41.0 59.89396 126.07309 122.51093 430.0
42.0 41.0 42.0 56.65198 85.24507 144.96487 430.0
42.0 42.0 42.0 56.65198 85.24507 144.96487 5787.0
42.0 42.0 42.0 56.65198 85.24507 144.96487 5787.0
42.0 44.0 44.0 70.25085 22.69427 131.32414 1.0
42.0 44.0 42.0 56.65198 85.24507 144.96487 1.0
43.0 4.0 4.0 72.14522 108.4064 139.67984 68.0
43.0 4.0 43.0 101.68688 137.73173 99.15322 68.0
43.0 5.0 5.0 42.32397 126.9243 106.55256 3.0
43.0 5.0 43.0 101.68688 137.73173 99.15322 3.0
43.0 9.0 9.0 78.63723 139.91751 102.67652 2111.0
43.0 9.0 43.0 101.68688 137.73173 99.15322 2111.0
43.0 14.0 14.0 128.50775 116.09042 40.42406 3.0
43.0 14.0 43.0 101.68688 137.73173 99.15322 3.0
43.0 24.0 24.0 107.85948 87.21272 149.14889 12.0
43.0 24.0 43.0 101.68688 137.73173 99.15322 12.0
43.0 30.0 30.0 88.54142 139.92813 62.79567 2111.0
43.0 30.0 43.0 101.68688 137.73173 99.15322 2111.0
43.0 34.0 34.0 127.76918 111.26334 129.5882 1402.0
43.0 34.0 43.0 101.68688 137.73173 99.15322 1402.0
43.0 35.0 35.0 147.79507 121.14889 95.61952 867.0
43.0 35.0 43.0 101.68688 137.73173 99.15322 867.0
43.0 41.0 41.0 59.89396 126.07309 122.51093 294.0
43.0 41.0 43.0 101.68688 137.73173 99.15322 294.0
43.0 43.0 43.0 101.68688 137.73173 99.15322 4865.0
43.0 43.0 43.0 101.68688 137.73173 99.15322 4865.0
43.0 46.0 46.0 114.67228 130.27355 52.83708 140.0
43.0 46.0 43.0 101.68688 137.73173 99.15322 140.0
44.0 0.0 0.0 55.11732 48.89821 141.98118 596.0
44.0 0.0 44.0 70.25085 22.69427 131.32414 596.0
44.0 2.0 2.0 27.40776 25.31989 87.70753 33.0
44.0 2.0 44.0 70.25085 22.69427 131.32414 33.0
44.0 3.0 3.0 83.18823 3.83369 88.04347 63.0
44.0 3.0 44.0 70.25085 22.69427 131.32414 63.0
44.0 6.0 6.0 5.47449 84.7394 74.40003 1.0
44.0 6.0 44.0 70.25085 22.69427 131.32414 1.0
44.0 11.0 11.0 48.51917 14.11844 56.5114 2.0
44.0 11.0 44.0 70.25085 22.69427 131.32414 2.0
44.0 16.0 16.0 37.11371 39.10238 124.72389 231.0
44.0 16.0 44.0 70.25085 22.69427 131.32414 231.0
44.0 17.0 17.0 122.79349 11.00572 94.57596 3.0
44.0 17.0 44.0 70.25085 22.69427 131.32414 3.0
44.0 22.0 22.0 25.11837 80.03738 119.49795 2.0
44.0 22.0 44.0 70.25085 22.69427 131.32414 2.0
44.0 26.0 26.0 132.09961 45.14217 139.12585 18.0
44.0 26.0 44.0 70.25085 22.69427 131.32414 18.0
44.0 27.0 27.0 18.72604 45.33398 103.7237 1.0
44.0 27.0 44.0 70.25085 22.69427 131.32414 1.0
44.0 28.0 28.0 84.32914 38.92099 143.12997 949.0
44.0 28.0 44.0 70.25085 22.69427 131.32414 949.0
44.0 29.0 29.0 122.70379 20.58237 121.16595 80.0
44.0 29.0 44.0 70.25085 22.69427 131.32414 80.0
44.0 33.0 33.0 97.21307 49.94269 149.23704 96.0
44.0 33.0 44.0 70.25085 22.69427 131.32414 96.0
44.0 36.0 36.0 51.16857 19.49765 119.70133 761.0
44.0 36.0 44.0 70.25085 22.69427 131.32414 761.0
44.0 37.0 37.0 80.27501 11.06041 113.82322 1513.0
44.0 37.0 44.0 70.25085 22.69427 131.32414 1513.0
44.0 38.0 38.0 88.72212 68.4103 152.61551 12.0
44.0 38.0 44.0 70.25085 22.69427 131.32414 12.0
44.0 42.0 42.0 56.65198 85.24507 144.96487 4.0
44.0 42.0 44.0 70.25085 22.69427 131.32414 4.0
44.0 44.0 44.0 70.25085 22.69427 131.32414 1890.0
44.0 44.0 44.0 70.25085 22.69427 131.32414 1890.0
45.0 1.0 1.0 66.21776 89.15239 7.43711 1952.0
45.0 1.0 45.0 35.08346 116.25895 28.4487 1952.0
45.0 5.0 5.0 42.32397 126.9243 106.55256 1.0
45.0 5.0 45.0 35.08346 116.25895 28.4487 1.0
45.0 6.0 6.0 5.47449 84.7394 74.40003 1135.0
45.0 6.0 45.0 35.08346 116.25895 28.4487 1135.0
45.0 8.0 8.0 89.93637 90.45381 30.41391 6.0
45.0 8.0 45.0 35.08346 116.25895 28.4487 6.0
45.0 9.0 9.0 78.63723 139.91751 102.67652 4.0
45.0 9.0 45.0 35.08346 116.25895 28.4487 4.0
45.0 14.0 14.0 128.50775 116.09042 40.42406 2.0
45.0 14.0 45.0 35.08346 116.25895 28.4487 2.0
45.0 20.0 20.0 84.97878 53.64955 22.26973 1.0
45.0 20.0 45.0 35.08346 116.25895 28.4487 1.0
45.0 21.0 21.0 28.32975 78.06412 19.2575 1851.0
45.0 21.0 45.0 35.08346 116.25895 28.4487 1851.0
45.0 22.0 22.0 25.11837 80.03738 119.49795 1.0
45.0 22.0 45.0 35.08346 116.25895 28.4487 1.0
45.0 30.0 30.0 88.54142 139.92813 62.79567 1047.0
45.0 30.0 45.0 35.08346 116.25895 28.4487 1047.0
45.0 39.0 39.0 21.85264 50.07536 32.765 70.0
45.0 39.0 45.0 35.08346 116.25895 28.4487 70.0
45.0 43.0 43.0 101.68688 137.73173 99.15322 1.0
45.0 43.0 45.0 35.08346 116.25895 28.4487 1.0
45.0 45.0 45.0 35.08346 116.25895 28.4487 14795.0
45.0 45.0 45.0 35.08346 116.25895 28.4487 14795.0
45.0 46.0 46.0 114.67228 130.27355 52.83708 72.0
45.0 46.0 45.0 35.08346 116.25895 28.4487 72.0
46.0 1.0 1.0 66.21776 89.15239 7.43711 188.0
46.0 1.0 46.0 114.67228 130.27355 52.83708 188.0
46.0 8.0 8.0 89.93637 90.45381 30.41391 23.0
46.0 8.0 46.0 114.67228 130.27355 52.83708 23.0
46.0 9.0 9.0 78.63723 139.91751 102.67652 8.0
46.0 9.0 46.0 114.67228 130.27355 52.83708 8.0
46.0 12.0 12.0 179.80027 86.35123 84.74484 4.0
46.0 12.0 46.0 114.67228 130.27355 52.83708 4.0
46.0 14.0 14.0 128.50775 116.09042 40.42406 3110.0
46.0 14.0 46.0 114.67228 130.27355 52.83708 3110.0
46.0 20.0 20.0 84.97878 53.64955 22.26973 1.0
46.0 20.0 46.0 114.67228 130.27355 52.83708 1.0
46.0 30.0 30.0 88.54142 139.92813 62.79567 3592.0
46.0 30.0 46.0 114.67228 130.27355 52.83708 3592.0
46.0 32.0 32.0 157.18082 89.13476 58.01924 311.0
46.0 32.0 46.0 114.67228 130.27355 52.83708 311.0
46.0 34.0 34.0 127.76918 111.26334 129.5882 10.0
46.0 34.0 46.0 114.67228 130.27355 52.83708 10.0
46.0 35.0 35.0 147.79507 121.14889 95.61952 1173.0
46.0 35.0 46.0 114.67228 130.27355 52.83708 1173.0
46.0 43.0 43.0 101.68688 137.73173 99.15322 159.0
46.0 43.0 46.0 114.67228 130.27355 52.83708 159.0
46.0 45.0 45.0 35.08346 116.25895 28.4487 52.0
46.0 45.0 46.0 114.67228 130.27355 52.83708 52.0
46.0 46.0 46.0 114.67228 130.27355 52.83708 7467.0
46.0 46.0 46.0 114.67228 130.27355 52.83708 7467.0
47.0 12.0 12.0 179.80027 86.35123 84.74484 395.0
47.0 12.0 47.0 164.19521 62.72568 126.1039 395.0
47.0 15.0 15.0 145.09186 26.53374 64.67761 12.0
47.0 15.0 47.0 164.19521 62.72568 126.1039 12.0
47.0 17.0 17.0 122.79349 11.00572 94.57596 26.0
47.0 17.0 47.0 164.19521 62.72568 126.1039 26.0
47.0 18.0 18.0 159.21716 24.83004 93.85882 670.0
47.0 18.0 47.0 164.19521 62.72568 126.1039 670.0
47.0 23.0 23.0 173.45845 43.54892 76.91462 314.0
47.0 23.0 47.0 164.19521 62.72568 126.1039 314.0
47.0 24.0 24.0 107.85948 87.21272 149.14889 181.0
47.0 24.0 47.0 164.19521 62.72568 126.1039 181.0
47.0 25.0 25.0 182.82627 63.99896 100.30923 1232.0
47.0 25.0 47.0 164.19521 62.72568 126.1039 1232.0
47.0 26.0 26.0 132.09961 45.14217 139.12585 1864.0
47.0 26.0 47.0 164.19521 62.72568 126.1039 1864.0
47.0 29.0 29.0 122.70379 20.58237 121.16595 256.0
47.0 29.0 47.0 164.19521 62.72568 126.1039 256.0
47.0 32.0 32.0 157.18082 89.13476 58.01924 2.0
47.0 32.0 47.0 164.19521 62.72568 126.1039 2.0
47.0 33.0 33.0 97.21307 49.94269 149.23704 4.0
47.0 33.0 47.0 164.19521 62.72568 126.1039 4.0
47.0 34.0 34.0 127.76918 111.26334 129.5882 1242.0
47.0 34.0 47.0 164.19521 62.72568 126.1039 1242.0
47.0 35.0 35.0 147.79507 121.14889 95.61952 353.0
47.0 35.0 47.0 164.19521 62.72568 126.1039 353.0
47.0 37.0 37.0 80.27501 11.06041 113.82322 1.0
47.0 37.0 47.0 164.19521 62.72568 126.1039 1.0
47.0 38.0 38.0 88.72212 68.4103 152.61551 5.0
47.0 38.0 47.0 164.19521 62.72568 126.1039 5.0
47.0 47.0 47.0 164.19521 62.72568 126.1039 8934.0
47.0 47.0 47.0 164.19521 62.72568 126.1039 8934.0
