TargetArea SourceArea Area AvgPosX AvgPosY AvgPosZ SumWeights
0.0 0.0 0.0 55.10021 48.89673 141.97366 3826.0
0.0 0.0 0.0 55.10021 48.89673 141.97366 3826.0
0.0 2.0 2.0 27.41421 25.31195 87.71957 9.0
0.0 2.0 0.0 55.10021 48.89673 141.97366 9.0
0.0 4.0 4.0 72.16948 108.40967 139.68424 11.0
0.0 4.0 0.0 55.10021 48.89673 141.97366 11.0
0.0 16.0 16.0 37.10654 39.0792 124.69815 1352.0
0.0 16.0 0.0 55.10021 48.89673 141.97366 1352.0
0.0 22.0 22.0 25.11216 80.0318 119.48645 562.0
0.0 22.0 0.0 55.10021 48.89673 141.97366 562.0
0.0 24.0 24.0 107.88872 87.16981 149.1534 18.0
0.0 24.0 0.0 55.10021 48.89673 141.97366 18.0
0.0 26.0 26.0 132.10472 45.14514 139.12429 1.0
0.0 26.0 0.0 55.10021 48.89673 141.97366 1.0
0.0 27.0 27.0 18.72391 45.34526 103.73672 33.0
0.0 27.0 0.0 55.10021 48.89673 141.97366 33.0
0.0 28.0 28.0 84.37797 38.89373 143.12081 1160.0
0.0 28.0 0.0 55.10021 48.89673 141.97366 1160.0
0.0 29.0 29.0 122.72614 20.5805 121.14903 1.0
0.0 29.0 0.0 55.10021 48.89673 141.97366 1.0
0.0 33.0 33.0 97.21972 49.9347 149.2326 271.0
0.0 33.0 0.0 55.10021 48.89673 141.97366 271.0
0.0 36.0 36.0 51.1951 19.54161 119.76768 494.0
0.0 36.0 0.0 55.10021 48.89673 141.97366 494.0
0.0 37.0 37.0 80.3193 11.06515 113.82796 88.0
0.0 37.0 0.0 55.10021 48.89673 141.97366 88.0
0.0 38.0 38.0 88.7256 68.43372 152.61134 424.0
0.0 38.0 0.0 55.10021 48.89673 141.97366 424.0
0.0 41.0 41.0 59.89688 126.07131 122.51772 2.0
0.0 41.0 0.0 55.10021 48.89673 141.97366 2.0
0.0 42.0 42.0 56.64826 85.21689 144.96881 911.0
0.0 42.0 0.0 55.10021 48.89673 141.97366 911.0
0.0 44.0 44.0 70.26075 22.71617 131.34694 652.0
0.0 44.0 0.0 55.10021 48.89673 141.97366 652.0
1.0 1.0 1.0 66.2226 89.12302 7.4218 12305.0
1.0 1.0 1.0 66.2226 89.12302 7.4218 12305.0
1.0 8.0 8.0 89.82238 90.64167 30.35561 117.0
1.0 8.0 1.0 66.2226 89.12302 7.4218 117.0
1.0 11.0 11.0 48.52565 14.12419 56.50316 17.0
1.0 11.0 1.0 66.2226 89.12302 7.4218 17.0
1.0 13.0 13.0 21.79919 31.13629 56.45469 1.0
1.0 13.0 1.0 66.2226 89.12302 7.4218 1.0
1.0 14.0 14.0 128.53807 116.07921 40.44318 89.0
1.0 14.0 1.0 66.2226 89.12302 7.4218 89.0
1.0 19.0 19.0 66.39337 15.80347 45.3634 20.0
1.0 19.0 1.0 66.2226 89.12302 7.4218 20.0
1.0 20.0 20.0 84.98593 53.66863 22.264 2388.0
1.0 20.0 1.0 66.2226 89.12302 7.4218 2388.0
1.0 21.0 21.0 28.34602 78.06461 19.24183 1420.0
1.0 21.0 1.0 66.2226 89.12302 7.4218 1420.0
1.0 30.0 30.0 88.57548 139.92154 62.80473 450.0
1.0 30.0 1.0 66.2226 89.12302 7.4218 450.0
1.0 31.0 31.0 121.59229 38.89878 36.0367 5.0
1.0 31.0 1.0 66.2226 89.12302 7.4218 5.0
1.0 39.0 39.0 21.86377 50.08493 32.75018 278.0
1.0 39.0 1.0 66.2226 89.12302 7.4218 278.0
1.0 40.0 40.0 83.26178 23.54033 42.40568 16.0
1.0 40.0 1.0 66.2226 89.12302 7.4218 16.0
1.0 45.0 45.0 35.09931 116.2813 28.45424 1832.0
1.0 45.0 1.0 66.2226 89.12302 7.4218 1832.0
1.0 46.0 46.0 114.71211 130.25887 52.85006 228.0
1.0 46.0 1.0 66.2226 89.12302 7.4218 228.0
2.0 0.0 0.0 55.10021 48.89673 141.97366 8.0
2.0 0.0 2.0 27.41421 25.31195 87.71957 8.0
2.0 2.0 2.0 27.41421 25.31195 87.71957 6641.0
2.0 2.0 2.0 27.41421 25.31195 87.71957 6641.0
2.0 3.0 3.0 83.21976 3.83915 88.05735 340.0
2.0 3.0 2.0 27.41421 25.31195 87.71957 340.0
2.0 6.0 6.0 5.46749 84.72509 74.40913 444.0
2.0 6.0 2.0 27.41421 25.31195 87.71957 444.0
2.0 11.0 11.0 48.52565 14.12419 56.50316 1332.0
2.0 11.0 2.0 27.41421 25.31195 87.71957 1332.0
2.0 13.0 13.0 21.79919 31.13629 56.45469 1404.0
2.0 13.0 2.0 27.41421 25.31195 87.71957 1404.0
2.0 16.0 16.0 37.10654 39.0792 124.69815 719.0
2.0 16.0 2.0 27.41421 25.31195 87.71957 719.0
2.0 19.0 19.0 66.39337 15.80347 45.3634 10.0
2.0 19.0 2.0 27.41421 25.31195 87.71957 10.0
2.0 20.0 20.0 84.98593 53.66863 22.264 1.0
2.0 20.0 2.0 27.41421 25.31195 87.71957 1.0
2.0 22.0 22.0 25.11216 80.0318 119.48645 69.0
2.0 22.0 2.0 27.41421 25.31195 87.71957 69.0
2.0 27.0 27.0 18.72391 45.34526 103.73672 1580.0
2.0 27.0 2.0 27.41421 25.31195 87.71957 1580.0
2.0 36.0 36.0 51.1951 19.54161 119.76768 558.0
2.0 36.0 2.0 27.41421 25.31195 87.71957 558.0
2.0 37.0 37.0 80.3193 11.06515 113.82796 477.0
2.0 37.0 2.0 27.41421 25.31195 87.71957 477.0
2.0 39.0 39.0 21.86377 50.08493 32.75018 163.0
2.0 39.0 2.0 27.41421 25.31195 87.71957 163.0
2.0 44.0 44.0 70.26075 22.71617 131.34694 37.0
2.0 44.0 2.0 27.41421 25.31195 87.71957 37.0
3.0 2.0 2.0 27.41421 25.31195 87.71957 306.0
3.0 2.0 3.0 83.21976 3.83915 88.05735 306.0
3.0 3.0 3.0 83.21976 3.83915 88.05735 7150.0
3.0 3.0 3.0 83.21976 3.83915 88.05735 7150.0
3.0 7.0 7.0 121.67389 13.44856 56.92581 241.0
3.0 7.0 3.0 83.21976 3.83915 88.05735 241.0
3.0 10.0 10.0 97.06525 3.92092 61.09977 1587.0
3.0 10.0 3.0 83.21976 3.83915 88.05735 1587.0
3.0 11.0 11.0 48.52565 14.12419 56.50316 1053.0
3.0 11.0 3.0 83.21976 3.83915 88.05735 1053.0
3.0 13.0 13.0 21.79919 31.13629 56.45469 4.0
3.0 13.0 3.0 83.21976 3.83915 88.05735 4.0
3.0 15.0 15.0 145.1191 26.55391 64.69508 17.0
3.0 15.0 3.0 83.21976 3.83915 88.05735 17.0
3.0 16.0 16.0 37.10654 39.0792 124.69815 10.0
3.0 16.0 3.0 83.21976 3.83915 88.05735 10.0
3.0 17.0 17.0 122.82422 11.01374 94.60526 1199.0
3.0 17.0 3.0 83.21976 3.83915 88.05735 1199.0
3.0 19.0 19.0 66.39337 15.80347 45.3634 425.0
3.0 19.0 3.0 83.21976 3.83915 88.05735 425.0
3.0 26.0 26.0 132.10472 45.14514 139.12429 1.0
3.0 26.0 3.0 83.21976 3.83915 88.05735 1.0
3.0 27.0 27.0 18.72391 45.34526 103.73672 1.0
3.0 27.0 3.0 83.21976 3.83915 88.05735 1.0
3.0 28.0 28.0 84.37797 38.89373 143.12081 4.0
3.0 28.0 3.0 83.21976 3.83915 88.05735 4.0
3.0 29.0 29.0 122.72614 20.5805 121.14903 226.0
3.0 29.0 3.0 83.21976 3.83915 88.05735 226.0
3.0 31.0 31.0 121.59229 38.89878 36.0367 2.0
3.0 31.0 3.0 83.21976 3.83915 88.05735 2.0
3.0 33.0 33.0 97.21972 49.9347 149.2326 1.0
3.0 33.0 3.0 83.21976 3.83915 88.05735 1.0
3.0 36.0 36.0 51.1951 19.54161 119.76768 139.0
3.0 36.0 3.0 83.21976 3.83915 88.05735 139.0
3.0 37.0 37.0 80.3193 11.06515 113.82796 2643.0
3.0 37.0 3.0 83.21976 3.83915 88.05735 2643.0
3.0 40.0 40.0 83.26178 23.54033 42.40568 139.0
3.0 40.0 3.0 83.21976 3.83915 88.05735 139.0
3.0 44.0 44.0 70.26075 22.71617 131.34694 57.0
3.0 44.0 3.0 83.21976 3.83915 88.05735 57.0
4.0 0.0 0.0 55.10021 48.89673 141.97366 19.0
4.0 0.0 4.0 72.16948 108.40967 139.68424 19.0
4.0 4.0 4.0 72.16948 108.40967 139.68424 6731.0
4.0 4.0 4.0 72.16948 108.40967 139.68424 6731.0
4.0 5.0 5.0 42.17516 126.80364 106.54145 5.0
4.0 5.0 4.0 72.16948 108.40967 139.68424 5.0
4.0 6.0 6.0 5.46749 84.72509 74.40913 2.0
4.0 6.0 4.0 72.16948 108.40967 139.68424 2.0
4.0 9.0 9.0 78.65762 139.90166 102.71525 290.0
4.0 9.0 4.0 72.16948 108.40967 139.68424 290.0
4.0 16.0 16.0 37.10654 39.0792 124.69815 2.0
4.0 16.0 4.0 72.16948 108.40967 139.68424 2.0
4.0 22.0 22.0 25.11216 80.0318 119.48645 477.0
4.0 22.0 4.0 72.16948 108.40967 139.68424 477.0
4.0 24.0 24.0 107.88872 87.16981 149.1534 1478.0
4.0 24.0 4.0 72.16948 108.40967 139.68424 1478.0
4.0 28.0 28.0 84.37797 38.89373 143.12081 6.0
4.0 28.0 4.0 72.16948 108.40967 139.68424 6.0
4.0 33.0 33.0 97.21972 49.9347 149.2326 6.0
4.0 33.0 4.0 72.16948 108.40967 139.68424 6.0
4.0 34.0 34.0 127.82206 111.24665 129.57754 929.0
4.0 34.0 4.0 72.16948 108.40967 139.68424 929.0
4.0 38.0 38.0 88.7256 68.43372 152.61134 241.0
4.0 38.0 4.0 72.16948 108.40967 139.68424 241.0
4.0 41.0 41.0 59.89688 126.07131 122.51772 2661.0
4.0 41.0 4.0 72.16948 108.40967 139.68424 2661.0
4.0 42.0 42.0 56.64826 85.21689 144.96881 2051.0
4.0 42.0 4.0 72.16948 108.40967 139.68424 2051.0
4.0 43.0 43.0 101.69806 137.72265 99.17679 74.0
4.0 43.0 4.0 72.16948 108.40967 139.68424 74.0
5.0 4.0 4.0 72.16948 108.40967 139.68424 4.0
5.0 4.0 5.0 42.17516 126.80364 106.54145 4.0
5.0 5.0 5.0 42.17516 126.80364 106.54145 2.0
5.0 5.0 5.0 42.17516 126.80364 106.54145 2.0
5.0 6.0 6.0 5.46749 84.72509 74.40913 16.0
5.0 6.0 5.0 42.17516 126.80364 106.54145 16.0
5.0 9.0 9.0 78.65762 139.90166 102.71525 55.0
5.0 9.0 5.0 42.17516 126.80364 106.54145 55.0
5.0 22.0 22.0 25.11216 80.0318 119.48645 34.0
5.0 22.0 5.0 42.17516 126.80364 106.54145 34.0
5.0 30.0 30.0 88.57548 139.92154 62.80473 4.0
5.0 30.0 5.0 42.17516 126.80364 106.54145 4.0
5.0 41.0 41.0 59.89688 126.07131 122.51772 125.0
5.0 41.0 5.0 42.17516 126.80364 106.54145 125.0
5.0 42.0 42.0 56.64826 85.21689 144.96881 4.0
5.0 42.0 5.0 42.17516 126.80364 106.54145 4.0
5.0 43.0 43.0 101.69806 137.72265 99.17679 1.0
5.0 43.0 5.0 42.17516 126.80364 106.54145 1.0
6.0 2.0 2.0 27.41421 25.31195 87.71957 530.0
6.0 2.0 6.0 5.46749 84.72509 74.40913 530.0
6.0 4.0 4.0 72.16948 108.40967 139.68424 2.0
6.0 4.0 6.0 5.46749 84.72509 74.40913 2.0
6.0 5.0 5.0 42.17516 126.80364 106.54145 9.0
6.0 5.0 6.0 5.46749 84.72509 74.40913 9.0
6.0 6.0 6.0 5.46749 84.72509 74.40913 17035.0
6.0 6.0 6.0 5.46749 84.72509 74.40913 17035.0
6.0 11.0 11.0 48.52565 14.12419 56.50316 2.0
6.0 11.0 6.0 5.46749 84.72509 74.40913 2.0
6.0 13.0 13.0 21.79919 31.13629 56.45469 451.0
6.0 13.0 6.0 5.46749 84.72509 74.40913 451.0
6.0 16.0 16.0 37.10654 39.0792 124.69815 8.0
6.0 16.0 6.0 5.46749 84.72509 74.40913 8.0
6.0 21.0 21.0 28.34602 78.06461 19.24183 670.0
6.0 21.0 6.0 5.46749 84.72509 74.40913 670.0
6.0 22.0 22.0 25.11216 80.0318 119.48645 2286.0
6.0 22.0 6.0 5.46749 84.72509 74.40913 2286.0
6.0 27.0 27.0 18.72391 45.34526 103.73672 852.0
6.0 27.0 6.0 5.46749 84.72509 74.40913 852.0
6.0 39.0 39.0 21.86377 50.08493 32.75018 1314.0
6.0 39.0 6.0 5.46749 84.72509 74.40913 1314.0
6.0 41.0 41.0 59.89688 126.07131 122.51772 32.0
6.0 41.0 6.0 5.46749 84.72509 74.40913 32.0
6.0 42.0 42.0 56.64826 85.21689 144.96881 1.0
6.0 42.0 6.0 5.46749 84.72509 74.40913 1.0
6.0 45.0 45.0 35.09931 116.2813 28.45424 1108.0
6.0 45.0 6.0 5.46749 84.72509 74.40913 1108.0
7.0 3.0 3.0 83.21976 3.83915 88.05735 212.0
7.0 3.0 7.0 121.67389 13.44856 56.92581 212.0
7.0 7.0 7.0 121.67389 13.44856 56.92581 4213.0
7.0 7.0 7.0 121.67389 13.44856 56.92581 4213.0
7.0 10.0 10.0 97.06525 3.92092 61.09977 1480.0
7.0 10.0 7.0 121.67389 13.44856 56.92581 1480.0
7.0 15.0 15.0 145.1191 26.55391 64.69508 1518.0
7.0 15.0 7.0 121.67389 13.44856 56.92581 1518.0
7.0 17.0 17.0 122.82422 11.01374 94.60526 835.0
7.0 17.0 7.0 121.67389 13.44856 56.92581 835.0
7.0 18.0 18.0 159.2049 24.82241 93.87271 33.0
7.0 18.0 7.0 121.67389 13.44856 56.92581 33.0
7.0 19.0 19.0 66.39337 15.80347 45.3634 12.0
7.0 19.0 7.0 121.67389 13.44856 56.92581 12.0
7.0 20.0 20.0 84.98593 53.66863 22.264 30.0
7.0 20.0 7.0 121.67389 13.44856 56.92581 30.0
7.0 23.0 23.0 173.45606 43.57365 76.88543 9.0
7.0 23.0 7.0 121.67389 13.44856 56.92581 9.0
7.0 29.0 29.0 122.72614 20.5805 121.14903 12.0
7.0 29.0 7.0 121.67389 13.44856 56.92581 12.0
7.0 31.0 31.0 121.59229 38.89878 36.0367 1558.0
7.0 31.0 7.0 121.67389 13.44856 56.92581 1558.0
7.0 32.0 32.0 157.18955 89.17208 58.02461 1.0
7.0 32.0 7.0 121.67389 13.44856 56.92581 1.0
7.0 37.0 37.0 80.3193 11.06515 113.82796 5.0
7.0 37.0 7.0 121.67389 13.44856 56.92581 5.0
7.0 40.0 40.0 83.26178 23.54033 42.40568 278.0
7.0 40.0 7.0 121.67389 13.44856 56.92581 278.0
8.0 1.0 1.0 66.2226 89.12302 7.4218 95.0
8.0 1.0 8.0 89.82238 90.64167 30.35561 95.0
8.0 8.0 8.0 89.82238 90.64167 30.35561 8.0
8.0 8.0 8.0 89.82238 90.64167 30.35561 8.0
8.0 14.0 14.0 128.53807 116.07921 40.44318 16.0
8.0 14.0 8.0 89.82238 90.64167 30.35561 16.0
8.0 15.0 15.0 145.1191 26.55391 64.69508 1.0
8.0 15.0 8.0 89.82238 90.64167 30.35561 1.0
8.0 20.0 20.0 84.98593 53.66863 22.264 114.0
8.0 20.0 8.0 89.82238 90.64167 30.35561 114.0
8.0 21.0 21.0 28.34602 78.06461 19.24183 2.0
8.0 21.0 8.0 89.82238 90.64167 30.35561 2.0
8.0 30.0 30.0 88.57548 139.92154 62.80473 31.0
8.0 30.0 8.0 89.82238 90.64167 30.35561 31.0
8.0 31.0 31.0 121.59229 38.89878 36.0367 13.0
8.0 31.0 8.0 89.82238 90.64167 30.35561 13.0
8.0 40.0 40.0 83.26178 23.54033 42.40568 1.0
8.0 40.0 8.0 89.82238 90.64167 30.35561 1.0
8.0 45.0 45.0 35.09931 116.2813 28.45424 9.0
8.0 45.0 8.0 89.82238 90.64167 30.35561 9.0
8.0 46.0 46.0 114.71211 130.25887 52.85006 24.0
8.0 46.0 8.0 89.82238 90.64167 30.35561 24.0
9.0 1.0 1.0 66.2226 89.12302 7.4218 1.0
9.0 1.0 9.0 78.65762 139.90166 102.71525 1.0
9.0 4.0 4.0 72.16948 108.40967 139.68424 274.0
9.0 4.0 9.0 78.65762 139.90166 102.71525 274.0
9.0 5.0 5.0 42.17516 126.80364 106.54145 43.0
9.0 5.0 9.0 78.65762 139.90166 102.71525 43.0
9.0 9.0 9.0 78.65762 139.90166 102.71525 5700.0
9.0 9.0 9.0 78.65762 139.90166 102.71525 5700.0
9.0 22.0 22.0 25.11216 80.0318 119.48645 2.0
9.0 22.0 9.0 78.65762 139.90166 102.71525 2.0
9.0 24.0 24.0 107.88872 87.16981 149.1534 25.0
9.0 24.0 9.0 78.65762 139.90166 102.71525 25.0
9.0 30.0 30.0 88.57548 139.92154 62.80473 1385.0
9.0 30.0 9.0 78.65762 139.90166 102.71525 1385.0
9.0 34.0 34.0 127.82206 111.24665 129.57754 582.0
9.0 34.0 9.0 78.65762 139.90166 102.71525 582.0
9.0 35.0 35.0 147.81958 121.13684 95.60795 16.0
9.0 35.0 9.0 78.65762 139.90166 102.71525 16.0
9.0 41.0 41.0 59.89688 126.07131 122.51772 2303.0
9.0 41.0 9.0 78.65762 139.90166 102.71525 2303.0
9.0 43.0 43.0 101.69806 137.72265 99.17679 2136.0
9.0 43.0 9.0 78.65762 139.90166 102.71525 2136.0
9.0 45.0 45.0 35.09931 116.2813 28.45424 2.0
9.0 45.0 9.0 78.65762 139.90166 102.71525 2.0
9.0 46.0 46.0 114.71211 130.25887 52.85006 1.0
9.0 46.0 9.0 78.65762 139.90166 102.71525 1.0
10.0 2.0 2.0 27.41421 25.31195 87.71957 1.0
10.0 2.0 10.0 97.06525 3.92092 61.09977 1.0
10.0 3.0 3.0 83.21976 3.83915 88.05735 1596.0
10.0 3.0 10.0 97.06525 3.92092 61.09977 1596.0
10.0 7.0 7.0 121.67389 13.44856 56.92581 1472.0
10.0 7.0 10.0 97.06525 3.92092 61.09977 1472.0
10.0 10.0 10.0 97.06525 3.92092 61.09977 4153.0
10.0 10.0 10.0 97.06525 3.92092 61.09977 4153.0
10.0 11.0 11.0 48.52565 14.12419 56.50316 180.0
10.0 11.0 10.0 97.06525 3.92092 61.09977 180.0
10.0 15.0 15.0 145.1191 26.55391 64.69508 82.0
10.0 15.0 10.0 97.06525 3.92092 61.09977 82.0
10.0 17.0 17.0 122.82422 11.01374 94.60526 478.0
10.0 17.0 10.0 97.06525 3.92092 61.09977 478.0
10.0 18.0 18.0 159.2049 24.82241 93.87271 3.0
10.0 18.0 10.0 97.06525 3.92092 61.09977 3.0
10.0 19.0 19.0 66.39337 15.80347 45.3634 573.0
10.0 19.0 10.0 97.06525 3.92092 61.09977 573.0
10.0 20.0 20.0 84.98593 53.66863 22.264 37.0
10.0 20.0 10.0 97.06525 3.92092 61.09977 37.0
10.0 29.0 29.0 122.72614 20.5805 121.14903 5.0
10.0 29.0 10.0 97.06525 3.92092 61.09977 5.0
10.0 31.0 31.0 121.59229 38.89878 36.0367 409.0
10.0 31.0 10.0 97.06525 3.92092 61.09977 409.0
10.0 37.0 37.0 80.3193 11.06515 113.82796 56.0
10.0 37.0 10.0 97.06525 3.92092 61.09977 56.0
10.0 40.0 40.0 83.26178 23.54033 42.40568 1240.0
10.0 40.0 10.0 97.06525 3.92092 61.09977 1240.0
11.0 1.0 1.0 66.2226 89.12302 7.4218 21.0
11.0 1.0 11.0 48.52565 14.12419 56.50316 21.0
11.0 2.0 2.0 27.41421 25.31195 87.71957 1321.0
11.0 2.0 11.0 48.52565 14.12419 56.50316 1321.0
11.0 3.0 3.0 83.21976 3.83915 88.05735 1153.0
11.0 3.0 11.0 48.52565 14.12419 56.50316 1153.0
11.0 10.0 10.0 97.06525 3.92092 61.09977 189.0
11.0 10.0 11.0 48.52565 14.12419 56.50316 189.0
11.0 11.0 11.0 48.52565 14.12419 56.50316 8226.0
11.0 11.0 11.0 48.52565 14.12419 56.50316 8226.0
11.0 13.0 13.0 21.79919 31.13629 56.45469 1468.0
11.0 13.0 11.0 48.52565 14.12419 56.50316 1468.0
11.0 16.0 16.0 37.10654 39.0792 124.69815 16.0
11.0 16.0 11.0 48.52565 14.12419 56.50316 16.0
11.0 19.0 19.0 66.39337 15.80347 45.3634 2074.0
11.0 19.0 11.0 48.52565 14.12419 56.50316 2074.0
11.0 20.0 20.0 84.98593 53.66863 22.264 288.0
11.0 20.0 11.0 48.52565 14.12419 56.50316 288.0
11.0 21.0 21.0 28.34602 78.06461 19.24183 24.0
11.0 21.0 11.0 48.52565 14.12419 56.50316 24.0
11.0 27.0 27.0 18.72391 45.34526 103.73672 9.0
11.0 27.0 11.0 48.52565 14.12419 56.50316 9.0
11.0 31.0 31.0 121.59229 38.89878 36.0367 2.0
11.0 31.0 11.0 48.52565 14.12419 56.50316 2.0
11.0 36.0 36.0 51.1951 19.54161 119.76768 71.0
11.0 36.0 11.0 48.52565 14.12419 56.50316 71.0
11.0 37.0 37.0 80.3193 11.06515 113.82796 257.0
11.0 37.0 11.0 48.52565 14.12419 56.50316 257.0
11.0 39.0 39.0 21.86377 50.08493 32.75018 832.0
11.0 39.0 11.0 48.52565 14.12419 56.50316 832.0
11.0 40.0 40.0 83.26178 23.54033 42.40568 574.0
11.0 40.0 11.0 48.52565 14.12419 56.50316 574.0
11.0 44.0 44.0 70.26075 22.71617 131.34694 4.0
11.0 44.0 11.0 48.52565 14.12419 56.50316 4.0
12.0 12.0 12.0 179.81404 86.35472 84.76316 6070.0
12.0 12.0 12.0 179.81404 86.35472 84.76316 6070.0
12.0 14.0 14.0 128.53807 116.07921 40.44318 8.0
12.0 14.0 12.0 179.81404 86.35472 84.76316 8.0
12.0 15.0 15.0 145.1191 26.55391 64.69508 36.0
12.0 15.0 12.0 179.81404 86.35472 84.76316 36.0
12.0 18.0 18.0 159.2049 24.82241 93.87271 15.0
12.0 18.0 12.0 179.81404 86.35472 84.76316 15.0
12.0 23.0 23.0 173.45606 43.57365 76.88543 617.0
12.0 23.0 12.0 179.81404 86.35472 84.76316 617.0
12.0 25.0 25.0 182.83768 63.99867 100.27921 1171.0
12.0 25.0 12.0 179.81404 86.35472 84.76316 1171.0
12.0 31.0 31.0 121.59229 38.89878 36.0367 11.0
12.0 31.0 12.0 179.81404 86.35472 84.76316 11.0
12.0 32.0 32.0 157.18955 89.17208 58.02461 1821.0
12.0 32.0 12.0 179.81404 86.35472 84.76316 1821.0
12.0 34.0 34.0 127.82206 111.24665 129.57754 92.0
12.0 34.0 12.0 179.81404 86.35472 84.76316 92.0
12.0 35.0 35.0 147.81958 121.13684 95.60795 1228.0
12.0 35.0 12.0 179.81404 86.35472 84.76316 1228.0
12.0 46.0 46.0 114.71211 130.25887 52.85006 5.0
12.0 46.0 12.0 179.81404 86.35472 84.76316 5.0
12.0 47.0 47.0 164.21945 62.70175 126.08004 429.0
12.0 47.0 12.0 179.81404 86.35472 84.76316 429.0
13.0 2.0 2.0 27.41421 25.31195 87.71957 1396.0
13.0 2.0 13.0 21.79919 31.13629 56.45469 1396.0
13.0 3.0 3.0 83.21976 3.83915 88.05735 7.0
13.0 3.0 13.0 21.79919 31.13629 56.45469 7.0
13.0 6.0 6.0 5.46749 84.72509 74.40913 426.0
13.0 6.0 13.0 21.79919 31.13629 56.45469 426.0
13.0 11.0 11.0 48.52565 14.12419 56.50316 1633.0
13.0 11.0 13.0 21.79919 31.13629 56.45469 1633.0
13.0 13.0 13.0 21.79919 31.13629 56.45469 3763.0
13.0 13.0 13.0 21.79919 31.13629 56.45469 3763.0
13.0 19.0 19.0 66.39337 15.80347 45.3634 75.0
13.0 19.0 13.0 21.79919 31.13629 56.45469 75.0
13.0 20.0 20.0 84.98593 53.66863 22.264 10.0
13.0 20.0 13.0 21.79919 31.13629 56.45469 10.0
13.0 21.0 21.0 28.34602 78.06461 19.24183 7.0
13.0 21.0 13.0 21.79919 31.13629 56.45469 7.0
13.0 22.0 22.0 25.11216 80.0318 119.48645 3.0
13.0 22.0 13.0 21.79919 31.13629 56.45469 3.0
13.0 27.0 27.0 18.72391 45.34526 103.73672 114.0
13.0 27.0 13.0 21.79919 31.13629 56.45469 114.0
13.0 36.0 36.0 51.1951 19.54161 119.76768 5.0
13.0 36.0 13.0 21.79919 31.13629 56.45469 5.0
13.0 37.0 37.0 80.3193 11.06515 113.82796 2.0
13.0 37.0 13.0 21.79919 31.13629 56.45469 2.0
13.0 39.0 39.0 21.86377 50.08493 32.75018 1739.0
13.0 39.0 13.0 21.79919 31.13629 56.45469 1739.0
13.0 40.0 40.0 83.26178 23.54033 42.40568 10.0
13.0 40.0 13.0 21.79919 31.13629 56.45469 10.0
14.0 1.0 1.0 66.2226 89.12302 7.4218 72.0
14.0 1.0 14.0 128.53807 116.07921 40.44318 72.0
14.0 8.0 8.0 89.82238 90.64167 30.35561 13.0
14.0 8.0 14.0 128.53807 116.07921 40.44318 13.0
14.0 12.0 12.0 179.81404 86.35472 84.76316 8.0
14.0 12.0 14.0 128.53807 116.07921 40.44318 8.0
14.0 14.0 14.0 128.53807 116.07921 40.44318 9176.0
14.0 14.0 14.0 128.53807 116.07921 40.44318 9176.0
14.0 20.0 20.0 84.98593 53.66863 22.264 11.0
14.0 20.0 14.0 128.53807 116.07921 40.44318 11.0
14.0 30.0 30.0 88.57548 139.92154 62.80473 273.0
14.0 30.0 14.0 128.53807 116.07921 40.44318 273.0
14.0 31.0 31.0 121.59229 38.89878 36.0367 7.0
14.0 31.0 14.0 128.53807 116.07921 40.44318 7.0
14.0 32.0 32.0 157.18955 89.17208 58.02461 1675.0
14.0 32.0 14.0 128.53807 116.07921 40.44318 1675.0
14.0 34.0 34.0 127.82206 111.24665 129.57754 2.0
14.0 34.0 14.0 128.53807 116.07921 40.44318 2.0
14.0 35.0 35.0 147.81958 121.13684 95.60795 349.0
14.0 35.0 14.0 128.53807 116.07921 40.44318 349.0
14.0 43.0 43.0 101.69806 137.72265 99.17679 2.0
14.0 43.0 14.0 128.53807 116.07921 40.44318 2.0
14.0 45.0 45.0 35.09931 116.2813 28.45424 1.0
14.0 45.0 14.0 128.53807 116.07921 40.44318 1.0
14.0 46.0 46.0 114.71211 130.25887 52.85006 3216.0
14.0 46.0 14.0 128.53807 116.07921 40.44318 3216.0
15.0 3.0 3.0 83.21976 3.83915 88.05735 20.0
15.0 3.0 15.0 145.1191 26.55391 64.69508 20.0
15.0 7.0 7.0 121.67389 13.44856 56.92581 1514.0
15.0 7.0 15.0 145.1191 26.55391 64.69508 1514.0
15.0 10.0 10.0 97.06525 3.92092 61.09977 54.0
15.0 10.0 15.0 145.1191 26.55391 64.69508 54.0
15.0 12.0 12.0 179.81404 86.35472 84.76316 36.0
15.0 12.0 15.0 145.1191 26.55391 64.69508 36.0
15.0 15.0 15.0 145.1191 26.55391 64.69508 5252.0
15.0 15.0 15.0 145.1191 26.55391 64.69508 5252.0
15.0 17.0 17.0 122.82422 11.01374 94.60526 898.0
15.0 17.0 15.0 145.1191 26.55391 64.69508 898.0
15.0 18.0 18.0 159.2049 24.82241 93.87271 1095.0
15.0 18.0 15.0 145.1191 26.55391 64.69508 1095.0
15.0 23.0 23.0 173.45606 43.57365 76.88543 800.0
15.0 23.0 15.0 145.1191 26.55391 64.69508 800.0
15.0 25.0 25.0 182.83768 63.99867 100.27921 8.0
15.0 25.0 15.0 145.1191 26.55391 64.69508 8.0
15.0 26.0 26.0 132.10472 45.14514 139.12429 6.0
15.0 26.0 15.0 145.1191 26.55391 64.69508 6.0
15.0 29.0 29.0 122.72614 20.5805 121.14903 57.0
15.0 29.0 15.0 145.1191 26.55391 64.69508 57.0
15.0 31.0 31.0 121.59229 38.89878 36.0367 1400.0
15.0 31.0 15.0 145.1191 26.55391 64.69508 1400.0
15.0 32.0 32.0 157.18955 89.17208 58.02461 345.0
15.0 32.0 15.0 145.1191 26.55391 64.69508 345.0
15.0 40.0 40.0 83.26178 23.54033 42.40568 3.0
15.0 40.0 15.0 145.1191 26.55391 64.69508 3.0
15.0 47.0 47.0 164.21945 62.70175 126.08004 10.0
15.0 47.0 15.0 145.1191 26.55391 64.69508 10.0
16.0 0.0 0.0 55.10021 48.89673 141.97366 1468.0
16.0 0.0 16.0 37.10654 39.0792 124.69815 1468.0
16.0 2.0 2.0 27.41421 25.31195 87.71957 733.0
16.0 2.0 16.0 37.10654 39.0792 124.69815 733.0
16.0 3.0 3.0 83.21976 3.83915 88.05735 16.0
16.0 3.0 16.0 37.10654 39.0792 124.69815 16.0
16.0 4.0 4.0 72.16948 108.40967 139.68424 4.0
16.0 4.0 16.0 37.10654 39.0792 124.69815 4.0
16.0 6.0 6.0 5.46749 84.72509 74.40913 5.0
16.0 6.0 16.0 37.10654 39.0792 124.69815 5.0
16.0 11.0 11.0 48.52565 14.12419 56.50316 18.0
16.0 11.0 16.0 37.10654 39.0792 124.69815 18.0
16.0 13.0 13.0 21.79919 31.13629 56.45469 2.0
16.0 13.0 16.0 37.10654 39.0792 124.69815 2.0
16.0 16.0 16.0 37.10654 39.0792 124.69815 4228.0
16.0 16.0 16.0 37.10654 39.0792 124.69815 4228.0
16.0 22.0 22.0 25.11216 80.0318 119.48645 1215.0
16.0 22.0 16.0 37.10654 39.0792 124.69815 1215.0
16.0 23.0 23.0 173.45606 43.57365 76.88543 1.0
16.0 23.0 16.0 37.10654 39.0792 124.69815 1.0
16.0 27.0 27.0 18.72391 45.34526 103.73672 1118.0
16.0 27.0 16.0 37.10654 39.0792 124.69815 1118.0
16.0 28.0 28.0 84.37797 38.89373 143.12081 56.0
16.0 28.0 16.0 37.10654 39.0792 124.69815 56.0
16.0 33.0 33.0 97.21972 49.9347 149.2326 3.0
16.0 33.0 16.0 37.10654 39.0792 124.69815 3.0
16.0 36.0 36.0 51.1951 19.54161 119.76768 1058.0
16.0 36.0 16.0 37.10654 39.0792 124.69815 1058.0
16.0 37.0 37.0 80.3193 11.06515 113.82796 155.0
16.0 37.0 16.0 37.10654 39.0792 124.69815 155.0
16.0 38.0 38.0 88.7256 68.43372 152.61134 20.0
16.0 38.0 16.0 37.10654 39.0792 124.69815 20.0
16.0 42.0 42.0 56.64826 85.21689 144.96881 184.0
16.0 42.0 16.0 37.10654 39.0792 124.69815 184.0
16.0 44.0 44.0 70.26075 22.71617 131.34694 226.0
16.0 44.0 16.0 37.10654 39.0792 124.69815 226.0
17.0 3.0 3.0 83.21976 3.83915 88.05735 1188.0
17.0 3.0 17.0 122.82422 11.01374 94.60526 1188.0
17.0 7.0 7.0 121.67389 13.44856 56.92581 774.0
17.0 7.0 17.0 122.82422 11.01374 94.60526 774.0
17.0 10.0 10.0 97.06525 3.92092 61.09977 471.0
17.0 10.0 17.0 122.82422 11.01374 94.60526 471.0
17.0 15.0 15.0 145.1191 26.55391 64.69508 941.0
17.0 15.0 17.0 122.82422 11.01374 94.60526 941.0
17.0 17.0 17.0 122.82422 11.01374 94.60526 5155.0
17.0 17.0 17.0 122.82422 11.01374 94.60526 5155.0
17.0 18.0 18.0 159.2049 24.82241 93.87271 628.0
17.0 18.0 17.0 122.82422 11.01374 94.60526 628.0
17.0 19.0 19.0 66.39337 15.80347 45.3634 2.0
17.0 19.0 17.0 122.82422 11.01374 94.60526 2.0
17.0 23.0 23.0 173.45606 43.57365 76.88543 6.0
17.0 23.0 17.0 122.82422 11.01374 94.60526 6.0
17.0 26.0 26.0 132.10472 45.14514 139.12429 88.0
17.0 26.0 17.0 122.82422 11.01374 94.60526 88.0
17.0 28.0 28.0 84.37797 38.89373 143.12081 11.0
17.0 28.0 17.0 122.82422 11.01374 94.60526 11.0
17.0 29.0 29.0 122.72614 20.5805 121.14903 1575.0
17.0 29.0 17.0 122.82422 11.01374 94.60526 1575.0
17.0 31.0 31.0 121.59229 38.89878 36.0367 4.0
17.0 31.0 17.0 122.82422 11.01374 94.60526 4.0
17.0 33.0 33.0 97.21972 49.9347 149.2326 1.0
17.0 33.0 17.0 122.82422 11.01374 94.60526 1.0
17.0 36.0 36.0 51.1951 19.54161 119.76768 1.0
17.0 36.0 17.0 122.82422 11.01374 94.60526 1.0
17.0 37.0 37.0 80.3193 11.06515 113.82796 512.0
17.0 37.0 17.0 122.82422 11.01374 94.60526 512.0
17.0 40.0 40.0 83.26178 23.54033 42.40568 3.0
17.0 40.0 17.0 122.82422 11.01374 94.60526 3.0
17.0 44.0 44.0 70.26075 22.71617 131.34694 2.0
17.0 44.0 17.0 122.82422 11.01374 94.60526 2.0
17.0 45.0 45.0 35.09931 116.2813 28.45424 1.0
17.0 45.0 17.0 122.82422 11.01374 94.60526 1.0
17.0 47.0 47.0 164.21945 62.70175 126.08004 24.0
17.0 47.0 17.0 122.82422 11.01374 94.60526 24.0
18.0 3.0 3.0 83.21976 3.83915 88.05735 2.0
18.0 3.0 18.0 159.2049 24.82241 93.87271 2.0
18.0 7.0 7.0 121.67389 13.44856 56.92581 37.0
18.0 7.0 18.0 159.2049 24.82241 93.87271 37.0
18.0 12.0 12.0 179.81404 86.35472 84.76316 9.0
18.0 12.0 18.0 159.2049 24.82241 93.87271 9.0
18.0 15.0 15.0 145.1191 26.55391 64.69508 1145.0
18.0 15.0 18.0 159.2049 24.82241 93.87271 1145.0
18.0 17.0 17.0 122.82422 11.01374 94.60526 664.0
18.0 17.0 18.0 159.2049 24.82241 93.87271 664.0
18.0 18.0 18.0 159.2049 24.82241 93.87271 3285.0
18.0 18.0 18.0 159.2049 24.82241 93.87271 3285.0
18.0 23.0 23.0 173.45606 43.57365 76.88543 1049.0
18.0 23.0 18.0 159.2049 24.82241 93.87271 1049.0
18.0 25.0 25.0 182.83768 63.99867 100.27921 100.0
18.0 25.0 18.0 159.2049 24.82241 93.87271 100.0
18.0 26.0 26.0 132.10472 45.14514 139.12429 214.0
18.0 26.0 18.0 159.2049 24.82241 93.87271 214.0
18.0 29.0 29.0 122.72614 20.5805 121.14903 558.0
18.0 29.0 18.0 159.2049 24.82241 93.87271 558.0
18.0 31.0 31.0 121.59229 38.89878 36.0367 7.0
18.0 31.0 18.0 159.2049 24.82241 93.87271 7.0
18.0 32.0 32.0 157.18955 89.17208 58.02461 9.0
18.0 32.0 18.0 159.2049 24.82241 93.87271 9.0
18.0 37.0 37.0 80.3193 11.06515 113.82796 1.0
18.0 37.0 18.0 159.2049 24.82241 93.87271 1.0
18.0 47.0 47.0 164.21945 62.70175 126.08004 652.0
18.0 47.0 18.0 159.2049 24.82241 93.87271 652.0
19.0 1.0 1.0 66.2226 89.12302 7.4218 15.0
19.0 1.0 19.0 66.39337 15.80347 45.3634 15.0
19.0 2.0 2.0 27.41421 25.31195 87.71957 7.0
19.0 2.0 19.0 66.39337 15.80347 45.3634 7.0
19.0 3.0 3.0 83.21976 3.83915 88.05735 453.0
19.0 3.0 19.0 66.39337 15.80347 45.3634 453.0
19.0 7.0 7.0 121.67389 13.44856 56.92581 10.0
19.0 7.0 19.0 66.39337 15.80347 45.3634 10.0
19.0 10.0 10.0 97.06525 3.92092 61.09977 591.0
19.0 10.0 19.0 66.39337 15.80347 45.3634 591.0
19.0 11.0 11.0 48.52565 14.12419 56.50316 1905.0
19.0 11.0 19.0 66.39337 15.80347 45.3634 1905.0
19.0 13.0 13.0 21.79919 31.13629 56.45469 67.0
19.0 13.0 19.0 66.39337 15.80347 45.3634 67.0
19.0 19.0 19.0 66.39337 15.80347 45.3634 2132.0
19.0 19.0 19.0 66.39337 15.80347 45.3634 2132.0
19.0 20.0 20.0 84.98593 53.66863 22.264 541.0
19.0 20.0 19.0 66.39337 15.80347 45.3634 541.0
19.0 21.0 21.0 28.34602 78.06461 19.24183 21.0
19.0 21.0 19.0 66.39337 15.80347 45.3634 21.0
19.0 31.0 31.0 121.59229 38.89878 36.0367 30.0
19.0 31.0 19.0 66.39337 15.80347 45.3634 30.0
19.0 37.0 37.0 80.3193 11.06515 113.82796 18.0
19.0 37.0 19.0 66.39337 15.80347 45.3634 18.0
19.0 39.0 39.0 21.86377 50.08493 32.75018 211.0
19.0 39.0 19.0 66.39337 15.80347 45.3634 211.0
19.0 40.0 40.0 83.26178 23.54033 42.40568 1602.0
19.0 40.0 19.0 66.39337 15.80347 45.3634 1602.0
20.0 1.0 1.0 66.2226 89.12302 7.4218 2197.0
20.0 1.0 20.0 84.98593 53.66863 22.264 2197.0
20.0 7.0 7.0 121.67389 13.44856 56.92581 13.0
20.0 7.0 20.0 84.98593 53.66863 22.264 13.0
20.0 8.0 8.0 89.82238 90.64167 30.35561 106.0
20.0 8.0 20.0 84.98593 53.66863 22.264 106.0
20.0 10.0 10.0 97.06525 3.92092 61.09977 22.0
20.0 10.0 20.0 84.98593 53.66863 22.264 22.0
20.0 11.0 11.0 48.52565 14.12419 56.50316 246.0
20.0 11.0 20.0 84.98593 53.66863 22.264 246.0
20.0 12.0 12.0 179.81404 86.35472 84.76316 1.0
20.0 12.0 20.0 84.98593 53.66863 22.264 1.0
20.0 13.0 13.0 21.79919 31.13629 56.45469 7.0
20.0 13.0 20.0 84.98593 53.66863 22.264 7.0
20.0 14.0 14.0 128.53807 116.07921 40.44318 11.0
20.0 14.0 20.0 84.98593 53.66863 22.264 11.0
20.0 15.0 15.0 145.1191 26.55391 64.69508 2.0
20.0 15.0 20.0 84.98593 53.66863 22.264 2.0
20.0 19.0 19.0 66.39337 15.80347 45.3634 560.0
20.0 19.0 20.0 84.98593 53.66863 22.264 560.0
20.0 20.0 20.0 84.98593 53.66863 22.264 14755.0
20.0 20.0 20.0 84.98593 53.66863 22.264 14755.0
20.0 21.0 21.0 28.34602 78.06461 19.24183 250.0
20.0 21.0 20.0 84.98593 53.66863 22.264 250.0
20.0 31.0 31.0 121.59229 38.89878 36.0367 2479.0
20.0 31.0 20.0 84.98593 53.66863 22.264 2479.0
20.0 32.0 32.0 157.18955 89.17208 58.02461 14.0
20.0 32.0 20.0 84.98593 53.66863 22.264 14.0
20.0 39.0 39.0 21.86377 50.08493 32.75018 468.0
20.0 39.0 20.0 84.98593 53.66863 22.264 468.0
20.0 40.0 40.0 83.26178 23.54033 42.40568 1747.0
20.0 40.0 20.0 84.98593 53.66863 22.264 1747.0
20.0 45.0 45.0 35.09931 116.2813 28.45424 1.0
20.0 45.0 20.0 84.98593 53.66863 22.264 1.0
20.0 46.0 46.0 114.71211 130.25887 52.85006 2.0
20.0 46.0 20.0 84.98593 53.66863 22.264 2.0
21.0 1.0 1.0 66.2226 89.12302 7.4218 1544.0
21.0 1.0 21.0 28.34602 78.06461 19.24183 1544.0
21.0 6.0 6.0 5.46749 84.72509 74.40913 612.0
21.0 6.0 21.0 28.34602 78.06461 19.24183 612.0
21.0 11.0 11.0 48.52565 14.12419 56.50316 39.0
21.0 11.0 21.0 28.34602 78.06461 19.24183 39.0
21.0 13.0 13.0 21.79919 31.13629 56.45469 8.0
21.0 13.0 21.0 28.34602 78.06461 19.24183 8.0
21.0 19.0 19.0 66.39337 15.80347 45.3634 13.0
21.0 19.0 21.0 28.34602 78.06461 19.24183 13.0
21.0 20.0 20.0 84.98593 53.66863 22.264 288.0
21.0 20.0 21.0 28.34602 78.06461 19.24183 288.0
21.0 21.0 21.0 28.34602 78.06461 19.24183 6234.0
21.0 21.0 21.0 28.34602 78.06461 19.24183 6234.0
21.0 39.0 39.0 21.86377 50.08493 32.75018 2238.0
21.0 39.0 21.0 28.34602 78.06461 19.24183 2238.0
21.0 45.0 45.0 35.09931 116.2813 28.45424 1889.0
21.0 45.0 21.0 28.34602 78.06461 19.24183 1889.0
22.0 0.0 0.0 55.10021 48.89673 141.97366 631.0
22.0 0.0 22.0 25.11216 80.0318 119.48645 631.0
22.0 2.0 2.0 27.41421 25.31195 87.71957 83.0
22.0 2.0 22.0 25.11216 80.0318 119.48645 83.0
22.0 4.0 4.0 72.16948 108.40967 139.68424 507.0
22.0 4.0 22.0 25.11216 80.0318 119.48645 507.0
22.0 5.0 5.0 42.17516 126.80364 106.54145 45.0
22.0 5.0 22.0 25.11216 80.0318 119.48645 45.0
22.0 6.0 6.0 5.46749 84.72509 74.40913 2017.0
22.0 6.0 22.0 25.11216 80.0318 119.48645 2017.0
22.0 13.0 13.0 21.79919 31.13629 56.45469 2.0
22.0 13.0 22.0 25.11216 80.0318 119.48645 2.0
22.0 16.0 16.0 37.10654 39.0792 124.69815 1258.0
22.0 16.0 22.0 25.11216 80.0318 119.48645 1258.0
22.0 22.0 22.0 25.11216 80.0318 119.48645 14344.0
22.0 22.0 22.0 25.11216 80.0318 119.48645 14344.0
22.0 27.0 27.0 18.72391 45.34526 103.73672 1322.0
22.0 27.0 22.0 25.11216 80.0318 119.48645 1322.0
22.0 28.0 28.0 84.37797 38.89373 143.12081 16.0
22.0 28.0 22.0 25.11216 80.0318 119.48645 16.0
22.0 33.0 33.0 97.21972 49.9347 149.2326 4.0
22.0 33.0 22.0 25.11216 80.0318 119.48645 4.0
22.0 36.0 36.0 51.1951 19.54161 119.76768 14.0
22.0 36.0 22.0 25.11216 80.0318 119.48645 14.0
22.0 37.0 37.0 80.3193 11.06515 113.82796 1.0
22.0 37.0 22.0 25.11216 80.0318 119.48645 1.0
22.0 38.0 38.0 88.7256 68.43372 152.61134 31.0
22.0 38.0 22.0 25.11216 80.0318 119.48645 31.0
22.0 41.0 41.0 59.89688 126.07131 122.51772 894.0
22.0 41.0 22.0 25.11216 80.0318 119.48645 894.0
22.0 42.0 42.0 56.64826 85.21689 144.96881 1681.0
22.0 42.0 22.0 25.11216 80.0318 119.48645 1681.0
22.0 44.0 44.0 70.26075 22.71617 131.34694 1.0
22.0 44.0 22.0 25.11216 80.0318 119.48645 1.0
23.0 7.0 7.0 121.67389 13.44856 56.92581 13.0
23.0 7.0 23.0 173.45606 43.57365 76.88543 13.0
23.0 12.0 12.0 179.81404 86.35472 84.76316 614.0
23.0 12.0 23.0 173.45606 43.57365 76.88543 614.0
23.0 15.0 15.0 145.1191 26.55391 64.69508 797.0
23.0 15.0 23.0 173.45606 43.57365 76.88543 797.0
23.0 17.0 17.0 122.82422 11.01374 94.60526 7.0
23.0 17.0 23.0 173.45606 43.57365 76.88543 7.0
23.0 18.0 18.0 159.2049 24.82241 93.87271 1066.0
23.0 18.0 23.0 173.45606 43.57365 76.88543 1066.0
23.0 23.0 23.0 173.45606 43.57365 76.88543 3380.0
23.0 23.0 23.0 173.45606 43.57365 76.88543 3380.0
23.0 25.0 25.0 182.83768 63.99867 100.27921 812.0
23.0 25.0 23.0 173.45606 43.57365 76.88543 812.0
23.0 26.0 26.0 132.10472 45.14514 139.12429 7.0
23.0 26.0 23.0 173.45606 43.57365 76.88543 7.0
23.0 29.0 29.0 122.72614 20.5805 121.14903 12.0
23.0 29.0 23.0 173.45606 43.57365 76.88543 12.0
23.0 31.0 31.0 121.59229 38.89878 36.0367 134.0
23.0 31.0 23.0 173.45606 43.57365 76.88543 134.0
23.0 32.0 32.0 157.18955 89.17208 58.02461 512.0
23.0 32.0 23.0 173.45606 43.57365 76.88543 512.0
23.0 47.0 47.0 164.21945 62.70175 126.08004 342.0
23.0 47.0 23.0 173.45606 43.57365 76.88543 342.0
24.0 0.0 0.0 55.10021 48.89673 141.97366 5.0
24.0 0.0 24.0 107.88872 87.16981 149.1534 5.0
24.0 4.0 4.0 72.16948 108.40967 139.68424 1522.0
24.0 4.0 24.0 107.88872 87.16981 149.1534 1522.0
24.0 9.0 9.0 78.65762 139.90166 102.71525 21.0
24.0 9.0 24.0 107.88872 87.16981 149.1534 21.0
24.0 24.0 24.0 107.88872 87.16981 149.1534 9003.0
24.0 24.0 24.0 107.88872 87.16981 149.1534 9003.0
24.0 26.0 26.0 132.10472 45.14514 139.12429 933.0
24.0 26.0 24.0 107.88872 87.16981 149.1534 933.0
24.0 28.0 28.0 84.37797 38.89373 143.12081 37.0
24.0 28.0 24.0 107.88872 87.16981 149.1534 37.0
24.0 29.0 29.0 122.72614 20.5805 121.14903 1.0
24.0 29.0 24.0 107.88872 87.16981 149.1534 1.0
24.0 30.0 30.0 88.57548 139.92154 62.80473 1.0
24.0 30.0 24.0 107.88872 87.16981 149.1534 1.0
24.0 33.0 33.0 97.21972 49.9347 149.2326 479.0
24.0 33.0 24.0 107.88872 87.16981 149.1534 479.0
24.0 34.0 34.0 127.82206 111.24665 129.57754 2629.0
24.0 34.0 24.0 107.88872 87.16981 149.1534 2629.0
24.0 35.0 35.0 147.81958 121.13684 95.60795 3.0
24.0 35.0 24.0 107.88872 87.16981 149.1534 3.0
24.0 38.0 38.0 88.7256 68.43372 152.61134 1932.0
24.0 38.0 24.0 107.88872 87.16981 149.1534 1932.0
24.0 41.0 41.0 59.89688 126.07131 122.51772 78.0
24.0 41.0 24.0 107.88872 87.16981 149.1534 78.0
24.0 42.0 42.0 56.64826 85.21689 144.96881 525.0
24.0 42.0 24.0 107.88872 87.16981 149.1534 525.0
24.0 43.0 43.0 101.69806 137.72265 99.17679 9.0
24.0 43.0 24.0 107.88872 87.16981 149.1534 9.0
24.0 44.0 44.0 70.26075 22.71617 131.34694 2.0
24.0 44.0 24.0 107.88872 87.16981 149.1534 2.0
24.0 47.0 47.0 164.21945 62.70175 126.08004 186.0
24.0 47.0 24.0 107.88872 87.16981 149.1534 186.0
25.0 7.0 7.0 121.67389 13.44856 56.92581 1.0
25.0 7.0 25.0 182.83768 63.99867 100.27921 1.0
25.0 12.0 12.0 179.81404 86.35472 84.76316 1226.0
25.0 12.0 25.0 182.83768 63.99867 100.27921 1226.0
25.0 15.0 15.0 145.1191 26.55391 64.69508 7.0
25.0 15.0 25.0 182.83768 63.99867 100.27921 7.0
25.0 18.0 18.0 159.2049 24.82241 93.87271 135.0
25.0 18.0 25.0 182.83768 63.99867 100.27921 135.0
25.0 23.0 23.0 173.45606 43.57365 76.88543 769.0
25.0 23.0 25.0 182.83768 63.99867 100.27921 769.0
25.0 25.0 25.0 182.83768 63.99867 100.27921 2278.0
25.0 25.0 25.0 182.83768 63.99867 100.27921 2278.0
25.0 26.0 26.0 132.10472 45.14514 139.12429 6.0
25.0 26.0 25.0 182.83768 63.99867 100.27921 6.0
25.0 29.0 29.0 122.72614 20.5805 121.14903 1.0
25.0 29.0 25.0 182.83768 63.99867 100.27921 1.0
25.0 32.0 32.0 157.18955 89.17208 58.02461 49.0
25.0 32.0 25.0 182.83768 63.99867 100.27921 49.0
25.0 34.0 34.0 127.82206 111.24665 129.57754 22.0
25.0 34.0 25.0 182.83768 63.99867 100.27921 22.0
25.0 35.0 35.0 147.81958 121.13684 95.60795 70.0
25.0 35.0 25.0 182.83768 63.99867 100.27921 70.0
25.0 46.0 46.0 114.71211 130.25887 52.85006 1.0
25.0 46.0 25.0 182.83768 63.99867 100.27921 1.0
25.0 47.0 47.0 164.21945 62.70175 126.08004 1261.0
25.0 47.0 25.0 182.83768 63.99867 100.27921 1261.0
26.0 0.0 0.0 55.10021 48.89673 141.97366 1.0
26.0 0.0 26.0 132.10472 45.14514 139.12429 1.0
26.0 15.0 15.0 145.1191 26.55391 64.69508 3.0
26.0 15.0 26.0 132.10472 45.14514 139.12429 3.0
26.0 17.0 17.0 122.82422 11.01374 94.60526 88.0
26.0 17.0 26.0 132.10472 45.14514 139.12429 88.0
26.0 18.0 18.0 159.2049 24.82241 93.87271 234.0
26.0 18.0 26.0 132.10472 45.14514 139.12429 234.0
26.0 23.0 23.0 173.45606 43.57365 76.88543 4.0
26.0 23.0 26.0 132.10472 45.14514 139.12429 4.0
26.0 24.0 24.0 107.88872 87.16981 149.1534 1015.0
26.0 24.0 26.0 132.10472 45.14514 139.12429 1015.0
26.0 25.0 25.0 182.83768 63.99867 100.27921 3.0
26.0 25.0 26.0 132.10472 45.14514 139.12429 3.0
26.0 26.0 26.0 132.10472 45.14514 139.12429 8265.0
26.0 26.0 26.0 132.10472 45.14514 139.12429 8265.0
26.0 28.0 28.0 84.37797 38.89373 143.12081 424.0
26.0 28.0 26.0 132.10472 45.14514 139.12429 424.0
26.0 29.0 29.0 122.72614 20.5805 121.14903 1882.0
26.0 29.0 26.0 132.10472 45.14514 139.12429 1882.0
26.0 33.0 33.0 97.21972 49.9347 149.2326 1073.0
26.0 33.0 26.0 132.10472 45.14514 139.12429 1073.0
26.0 34.0 34.0 127.82206 111.24665 129.57754 265.0
26.0 34.0 26.0 132.10472 45.14514 139.12429 265.0
26.0 35.0 35.0 147.81958 121.13684 95.60795 1.0
26.0 35.0 26.0 132.10472 45.14514 139.12429 1.0
26.0 37.0 37.0 80.3193 11.06515 113.82796 115.0
26.0 37.0 26.0 132.10472 45.14514 139.12429 115.0
26.0 38.0 38.0 88.7256 68.43372 152.61134 427.0
26.0 38.0 26.0 132.10472 45.14514 139.12429 427.0
26.0 44.0 44.0 70.26075 22.71617 131.34694 16.0
26.0 44.0 26.0 132.10472 45.14514 139.12429 16.0
26.0 47.0 47.0 164.21945 62.70175 126.08004 1766.0
26.0 47.0 26.0 132.10472 45.14514 139.12429 1766.0
27.0 0.0 0.0 55.10021 48.89673 141.97366 42.0
27.0 0.0 27.0 18.72391 45.34526 103.73672 42.0
27.0 2.0 2.0 27.41421 25.31195 87.71957 1565.0
27.0 2.0 27.0 18.72391 45.34526 103.73672 1565.0
27.0 3.0 3.0 83.21976 3.83915 88.05735 3.0
27.0 3.0 27.0 18.72391 45.34526 103.73672 3.0
27.0 6.0 6.0 5.46749 84.72509 74.40913 762.0
27.0 6.0 27.0 18.72391 45.34526 103.73672 762.0
27.0 11.0 11.0 48.52565 14.12419 56.50316 17.0
27.0 11.0 27.0 18.72391 45.34526 103.73672 17.0
27.0 13.0 13.0 21.79919 31.13629 56.45469 117.0
27.0 13.0 27.0 18.72391 45.34526 103.73672 117.0
27.0 16.0 16.0 37.10654 39.0792 124.69815 1304.0
27.0 16.0 27.0 18.72391 45.34526 103.73672 1304.0
27.0 22.0 22.0 25.11216 80.0318 119.48645 1324.0
27.0 22.0 27.0 18.72391 45.34526 103.73672 1324.0
27.0 27.0 27.0 18.72391 45.34526 103.73672 3359.0
27.0 27.0 27.0 18.72391 45.34526 103.73672 3359.0
27.0 36.0 36.0 51.1951 19.54161 119.76768 105.0
27.0 36.0 27.0 18.72391 45.34526 103.73672 105.0
27.0 37.0 37.0 80.3193 11.06515 113.82796 7.0
27.0 37.0 27.0 18.72391 45.34526 103.73672 7.0
27.0 39.0 39.0 21.86377 50.08493 32.75018 15.0
27.0 39.0 27.0 18.72391 45.34526 103.73672 15.0
27.0 42.0 42.0 56.64826 85.21689 144.96881 3.0
27.0 42.0 27.0 18.72391 45.34526 103.73672 3.0
27.0 44.0 44.0 70.26075 22.71617 131.34694 3.0
27.0 44.0 27.0 18.72391 45.34526 103.73672 3.0
28.0 0.0 0.0 55.10021 48.89673 141.97366 1110.0
28.0 0.0 28.0 84.37797 38.89373 143.12081 1110.0
28.0 3.0 3.0 83.21976 3.83915 88.05735 8.0
28.0 3.0 28.0 84.37797 38.89373 143.12081 8.0
28.0 4.0 4.0 72.16948 108.40967 139.68424 2.0
28.0 4.0 28.0 84.37797 38.89373 143.12081 2.0
28.0 16.0 16.0 37.10654 39.0792 124.69815 40.0
28.0 16.0 28.0 84.37797 38.89373 143.12081 40.0
28.0 17.0 17.0 122.82422 11.01374 94.60526 10.0
28.0 17.0 28.0 84.37797 38.89373 143.12081 10.0
28.0 22.0 22.0 25.11216 80.0318 119.48645 11.0
28.0 22.0 28.0 84.37797 38.89373 143.12081 11.0
28.0 24.0 24.0 107.88872 87.16981 149.1534 46.0
28.0 24.0 28.0 84.37797 38.89373 143.12081 46.0
28.0 26.0 26.0 132.10472 45.14514 139.12429 418.0
28.0 26.0 28.0 84.37797 38.89373 143.12081 418.0
28.0 28.0 28.0 84.37797 38.89373 143.12081 3157.0
28.0 28.0 28.0 84.37797 38.89373 143.12081 3157.0
28.0 29.0 29.0 122.72614 20.5805 121.14903 510.0
28.0 29.0 28.0 84.37797 38.89373 143.12081 510.0
28.0 33.0 33.0 97.21972 49.9347 149.2326 1636.0
28.0 33.0 28.0 84.37797 38.89373 143.12081 1636.0
28.0 36.0 36.0 51.1951 19.54161 119.76768 76.0
28.0 36.0 28.0 84.37797 38.89373 143.12081 76.0
28.0 37.0 37.0 80.3193 11.06515 113.82796 693.0
28.0 37.0 28.0 84.37797 38.89373 143.12081 693.0
28.0 38.0 38.0 88.7256 68.43372 152.61134 609.0
28.0 38.0 28.0 84.37797 38.89373 143.12081 609.0
28.0 42.0 42.0 56.64826 85.21689 144.96881 159.0
28.0 42.0 28.0 84.37797 38.89373 143.12081 159.0
28.0 44.0 44.0 70.26075 22.71617 131.34694 930.0
28.0 44.0 28.0 84.37797 38.89373 143.12081 930.0
29.0 0.0 0.0 55.10021 48.89673 141.97366 3.0
29.0 0.0 29.0 122.72614 20.5805 121.14903 3.0
29.0 3.0 3.0 83.21976 3.83915 88.05735 222.0
29.0 3.0 29.0 122.72614 20.5805 121.14903 222.0
29.0 7.0 7.0 121.67389 13.44856 56.92581 10.0
29.0 7.0 29.0 122.72614 20.5805 121.14903 10.0
29.0 10.0 10.0 97.06525 3.92092 61.09977 1.0
29.0 10.0 29.0 122.72614 20.5805 121.14903 1.0
29.0 15.0 15.0 145.1191 26.55391 64.69508 58.0
29.0 15.0 29.0 122.72614 20.5805 121.14903 58.0
29.0 17.0 17.0 122.82422 11.01374 94.60526 1641.0
29.0 17.0 29.0 122.72614 20.5805 121.14903 1641.0
29.0 18.0 18.0 159.2049 24.82241 93.87271 520.0
29.0 18.0 29.0 122.72614 20.5805 121.14903 520.0
29.0 23.0 23.0 173.45606 43.57365 76.88543 13.0
29.0 23.0 29.0 122.72614 20.5805 121.14903 13.0
29.0 25.0 25.0 182.83768 63.99867 100.27921 1.0
29.0 25.0 29.0 122.72614 20.5805 121.14903 1.0
29.0 26.0 26.0 132.10472 45.14514 139.12429 1819.0
29.0 26.0 29.0 122.72614 20.5805 121.14903 1819.0
29.0 28.0 28.0 84.37797 38.89373 143.12081 484.0
29.0 28.0 29.0 122.72614 20.5805 121.14903 484.0
29.0 29.0 29.0 122.72614 20.5805 121.14903 4899.0
29.0 29.0 29.0 122.72614 20.5805 121.14903 4899.0
29.0 33.0 33.0 97.21972 49.9347 149.2326 189.0
29.0 33.0 29.0 122.72614 20.5805 121.14903 189.0
29.0 37.0 37.0 80.3193 11.06515 113.82796 1190.0
29.0 37.0 29.0 122.72614 20.5805 121.14903 1190.0
29.0 38.0 38.0 88.7256 68.43372 152.61134 5.0
29.0 38.0 29.0 122.72614 20.5805 121.14903 5.0
29.0 44.0 44.0 70.26075 22.71617 131.34694 81.0
29.0 44.0 29.0 122.72614 20.5805 121.14903 81.0
29.0 47.0 47.0 164.21945 62.70175 126.08004 240.0
29.0 47.0 29.0 122.72614 20.5805 121.14903 240.0
30.0 1.0 1.0 66.2226 89.12302 7.4218 391.0
30.0 1.0 30.0 88.57548 139.92154 62.80473 391.0
30.0 5.0 5.0 42.17516 126.80364 106.54145 6.0
30.0 5.0 30.0 88.57548 139.92154 62.80473 6.0
30.0 8.0 8.0 89.82238 90.64167 30.35561 24.0
30.0 8.0 30.0 88.57548 139.92154 62.80473 24.0
30.0 9.0 9.0 78.65762 139.90166 102.71525 1404.0
30.0 9.0 30.0 88.57548 139.92154 62.80473 1404.0
30.0 14.0 14.0 128.53807 116.07921 40.44318 228.0
30.0 14.0 30.0 88.57548 139.92154 62.80473 228.0
30.0 23.0 23.0 173.45606 43.57365 76.88543 1.0
30.0 23.0 30.0 88.57548 139.92154 62.80473 1.0
30.0 30.0 30.0 88.57548 139.92154 62.80473 16240.0
30.0 30.0 30.0 88.57548 139.92154 62.80473 16240.0
30.0 32.0 32.0 157.18955 89.17208 58.02461 4.0
30.0 32.0 30.0 88.57548 139.92154 62.80473 4.0
30.0 34.0 34.0 127.82206 111.24665 129.57754 72.0
30.0 34.0 30.0 88.57548 139.92154 62.80473 72.0
30.0 35.0 35.0 147.81958 121.13684 95.60795 716.0
30.0 35.0 30.0 88.57548 139.92154 62.80473 716.0
30.0 41.0 41.0 59.89688 126.07131 122.51772 30.0
30.0 41.0 30.0 88.57548 139.92154 62.80473 30.0
30.0 43.0 43.0 101.69806 137.72265 99.17679 2211.0
30.0 43.0 30.0 88.57548 139.92154 62.80473 2211.0
30.0 45.0 45.0 35.09931 116.2813 28.45424 877.0
30.0 45.0 30.0 88.57548 139.92154 62.80473 877.0
30.0 46.0 46.0 114.71211 130.25887 52.85006 3607.0
30.0 46.0 30.0 88.57548 139.92154 62.80473 3607.0
31.0 3.0 3.0 83.21976 3.83915 88.05735 1.0
31.0 3.0 31.0 121.59229 38.89878 36.0367 1.0
31.0 7.0 7.0 121.67389 13.44856 56.92581 1671.0
31.0 7.0 31.0 121.59229 38.89878 36.0367 1671.0
31.0 8.0 8.0 89.82238 90.64167 30.35561 23.0
31.0 8.0 31.0 121.59229 38.89878 36.0367 23.0
31.0 10.0 10.0 97.06525 3.92092 61.09977 411.0
31.0 10.0 31.0 121.59229 38.89878 36.0367 411.0
31.0 11.0 11.0 48.52565 14.12419 56.50316 2.0
31.0 11.0 31.0 121.59229 38.89878 36.0367 2.0
31.0 12.0 12.0 179.81404 86.35472 84.76316 8.0
31.0 12.0 31.0 121.59229 38.89878 36.0367 8.0
31.0 14.0 14.0 128.53807 116.07921 40.44318 6.0
31.0 14.0 31.0 121.59229 38.89878 36.0367 6.0
31.0 15.0 15.0 145.1191 26.55391 64.69508 1496.0
31.0 15.0 31.0 121.59229 38.89878 36.0367 1496.0
31.0 17.0 17.0 122.82422 11.01374 94.60526 4.0
31.0 17.0 31.0 121.59229 38.89878 36.0367 4.0
31.0 18.0 18.0 159.2049 24.82241 93.87271 14.0
31.0 18.0 31.0 121.59229 38.89878 36.0367 14.0
31.0 19.0 19.0 66.39337 15.80347 45.3634 34.0
31.0 19.0 31.0 121.59229 38.89878 36.0367 34.0
31.0 20.0 20.0 84.98593 53.66863 22.264 2453.0
31.0 20.0 31.0 121.59229 38.89878 36.0367 2453.0
31.0 23.0 23.0 173.45606 43.57365 76.88543 119.0
31.0 23.0 31.0 121.59229 38.89878 36.0367 119.0
31.0 31.0 31.0 121.59229 38.89878 36.0367 13173.0
31.0 31.0 31.0 121.59229 38.89878 36.0367 13173.0
31.0 32.0 32.0 157.18955 89.17208 58.02461 752.0
31.0 32.0 31.0 121.59229 38.89878 36.0367 752.0
31.0 40.0 40.0 83.26178 23.54033 42.40568 1069.0
31.0 40.0 31.0 121.59229 38.89878 36.0367 1069.0
32.0 7.0 7.0 121.67389 13.44856 56.92581 6.0
32.0 7.0 32.0 157.18955 89.17208 58.02461 6.0
32.0 12.0 12.0 179.81404 86.35472 84.76316 1732.0
32.0 12.0 32.0 157.18955 89.17208 58.02461 1732.0
32.0 14.0 14.0 128.53807 116.07921 40.44318 1673.0
32.0 14.0 32.0 157.18955 89.17208 58.02461 1673.0
32.0 15.0 15.0 145.1191 26.55391 64.69508 411.0
32.0 15.0 32.0 157.18955 89.17208 58.02461 411.0
32.0 18.0 18.0 159.2049 24.82241 93.87271 7.0
32.0 18.0 32.0 157.18955 89.17208 58.02461 7.0
32.0 20.0 20.0 84.98593 53.66863 22.264 9.0
32.0 20.0 32.0 157.18955 89.17208 58.02461 9.0
32.0 23.0 23.0 173.45606 43.57365 76.88543 483.0
32.0 23.0 32.0 157.18955 89.17208 58.02461 483.0
32.0 25.0 25.0 182.83768 63.99867 100.27921 50.0
32.0 25.0 32.0 157.18955 89.17208 58.02461 50.0
32.0 30.0 30.0 88.57548 139.92154 62.80473 3.0
32.0 30.0 32.0 157.18955 89.17208 58.02461 3.0
32.0 31.0 31.0 121.59229 38.89878 36.0367 757.0
32.0 31.0 32.0 157.18955 89.17208 58.02461 757.0
32.0 32.0 32.0 157.18955 89.17208 58.02461 10573.0
32.0 32.0 32.0 157.18955 89.17208 58.02461 10573.0
32.0 35.0 35.0 147.81958 121.13684 95.60795 997.0
32.0 35.0 32.0 157.18955 89.17208 58.02461 997.0
32.0 46.0 46.0 114.71211 130.25887 52.85006 298.0
32.0 46.0 32.0 157.18955 89.17208 58.02461 298.0
32.0 47.0 47.0 164.21945 62.70175 126.08004 1.0
32.0 47.0 32.0 157.18955 89.17208 58.02461 1.0
33.0 0.0 0.0 55.10021 48.89673 141.97366 233.0
33.0 0.0 33.0 97.21972 49.9347 149.2326 233.0
33.0 4.0 4.0 72.16948 108.40967 139.68424 8.0
33.0 4.0 33.0 97.21972 49.9347 149.2326 8.0
33.0 16.0 16.0 37.10654 39.0792 124.69815 3.0
33.0 16.0 33.0 97.21972 49.9347 149.2326 3.0
33.0 18.0 18.0 159.2049 24.82241 93.87271 1.0
33.0 18.0 33.0 97.21972 49.9347 149.2326 1.0
33.0 22.0 22.0 25.11216 80.0318 119.48645 3.0
33.0 22.0 33.0 97.21972 49.9347 149.2326 3.0
33.0 24.0 24.0 107.88872 87.16981 149.1534 519.0
33.0 24.0 33.0 97.21972 49.9347 149.2326 519.0
33.0 26.0 26.0 132.10472 45.14514 139.12429 1136.0
33.0 26.0 33.0 97.21972 49.9347 149.2326 1136.0
33.0 28.0 28.0 84.37797 38.89373 143.12081 1562.0
33.0 28.0 33.0 97.21972 49.9347 149.2326 1562.0
33.0 29.0 29.0 122.72614 20.5805 121.14903 194.0
33.0 29.0 33.0 97.21972 49.9347 149.2326 194.0
33.0 33.0 33.0 97.21972 49.9347 149.2326 2715.0
33.0 33.0 33.0 97.21972 49.9347 149.2326 2715.0
33.0 34.0 34.0 127.82206 111.24665 129.57754 1.0
33.0 34.0 33.0 97.21972 49.9347 149.2326 1.0
33.0 36.0 36.0 51.1951 19.54161 119.76768 3.0
33.0 36.0 33.0 97.21972 49.9347 149.2326 3.0
33.0 37.0 37.0 80.3193 11.06515 113.82796 79.0
33.0 37.0 33.0 97.21972 49.9347 149.2326 79.0
33.0 38.0 38.0 88.7256 68.43372 152.61134 1568.0
33.0 38.0 33.0 97.21972 49.9347 149.2326 1568.0
33.0 42.0 42.0 56.64826 85.21689 144.96881 123.0
33.0 42.0 33.0 97.21972 49.9347 149.2326 123.0
33.0 44.0 44.0 70.26075 22.71617 131.34694 124.0
33.0 44.0 33.0 97.21972 49.9347 149.2326 124.0
33.0 47.0 47.0 164.21945 62.70175 126.08004 4.0
33.0 47.0 33.0 97.21972 49.9347 149.2326 4.0
34.0 4.0 4.0 72.16948 108.40967 139.68424 899.0
34.0 4.0 34.0 127.82206 111.24665 129.57754 899.0
34.0 9.0 9.0 78.65762 139.90166 102.71525 616.0
34.0 9.0 34.0 127.82206 111.24665 129.57754 616.0
34.0 12.0 12.0 179.81404 86.35472 84.76316 102.0
34.0 12.0 34.0 127.82206 111.24665 129.57754 102.0
34.0 14.0 14.0 128.53807 116.07921 40.44318 1.0
34.0 14.0 34.0 127.82206 111.24665 129.57754 1.0
34.0 24.0 24.0 107.88872 87.16981 149.1534 2604.0
34.0 24.0 34.0 127.82206 111.24665 129.57754 2604.0
34.0 25.0 25.0 182.83768 63.99867 100.27921 24.0
34.0 25.0 34.0 127.82206 111.24665 129.57754 24.0
34.0 26.0 26.0 132.10472 45.14514 139.12429 299.0
34.0 26.0 34.0 127.82206 111.24665 129.57754 299.0
34.0 30.0 30.0 88.57548 139.92154 62.80473 82.0
34.0 30.0 34.0 127.82206 111.24665 129.57754 82.0
34.0 32.0 32.0 157.18955 89.17208 58.02461 4.0
34.0 32.0 34.0 127.82206 111.24665 129.57754 4.0
34.0 33.0 33.0 97.21972 49.9347 149.2326 8.0
34.0 33.0 34.0 127.82206 111.24665 129.57754 8.0
34.0 34.0 34.0 127.82206 111.24665 129.57754 17388.0
34.0 34.0 34.0 127.82206 111.24665 129.57754 17388.0
34.0 35.0 35.0 147.81958 121.13684 95.60795 2613.0
34.0 35.0 34.0 127.82206 111.24665 129.57754 2613.0
34.0 38.0 38.0 88.7256 68.43372 152.61134 32.0
34.0 38.0 34.0 127.82206 111.24665 129.57754 32.0
34.0 41.0 41.0 59.89688 126.07131 122.51772 389.0
34.0 41.0 34.0 127.82206 111.24665 129.57754 389.0
34.0 42.0 42.0 56.64826 85.21689 144.96881 9.0
34.0 42.0 34.0 127.82206 111.24665 129.57754 9.0
34.0 43.0 43.0 101.69806 137.72265 99.17679 1409.0
34.0 43.0 34.0 127.82206 111.24665 129.57754 1409.0
34.0 46.0 46.0 114.71211 130.25887 52.85006 9.0
34.0 46.0 34.0 127.82206 111.24665 129.57754 9.0
34.0 47.0 47.0 164.21945 62.70175 126.08004 1162.0
34.0 47.0 34.0 127.82206 111.24665 129.57754 1162.0
35.0 9.0 9.0 78.65762 139.90166 102.71525 28.0
35.0 9.0 35.0 147.81958 121.13684 95.60795 28.0
35.0 12.0 12.0 179.81404 86.35472 84.76316 1209.0
35.0 12.0 35.0 147.81958 121.13684 95.60795 1209.0
35.0 14.0 14.0 128.53807 116.07921 40.44318 302.0
35.0 14.0 35.0 147.81958 121.13684 95.60795 302.0
35.0 24.0 24.0 107.88872 87.16981 149.1534 3.0
35.0 24.0 35.0 147.81958 121.13684 95.60795 3.0
35.0 25.0 25.0 182.83768 63.99867 100.27921 77.0
35.0 25.0 35.0 147.81958 121.13684 95.60795 77.0
35.0 26.0 26.0 132.10472 45.14514 139.12429 1.0
35.0 26.0 35.0 147.81958 121.13684 95.60795 1.0
35.0 30.0 30.0 88.57548 139.92154 62.80473 740.0
35.0 30.0 35.0 147.81958 121.13684 95.60795 740.0
35.0 32.0 32.0 157.18955 89.17208 58.02461 929.0
35.0 32.0 35.0 147.81958 121.13684 95.60795 929.0
35.0 34.0 34.0 127.82206 111.24665 129.57754 2721.0
35.0 34.0 35.0 147.81958 121.13684 95.60795 2721.0
35.0 35.0 35.0 147.81958 121.13684 95.60795 11578.0
35.0 35.0 35.0 147.81958 121.13684 95.60795 11578.0
35.0 41.0 41.0 59.89688 126.07131 122.51772 2.0
35.0 41.0 35.0 147.81958 121.13684 95.60795 2.0
35.0 43.0 43.0 101.69806 137.72265 99.17679 895.0
35.0 43.0 35.0 147.81958 121.13684 95.60795 895.0
35.0 46.0 46.0 114.71211 130.25887 52.85006 1186.0
35.0 46.0 35.0 147.81958 121.13684 95.60795 1186.0
35.0 47.0 47.0 164.21945 62.70175 126.08004 356.0
35.0 47.0 35.0 147.81958 121.13684 95.60795 356.0
36.0 0.0 0.0 55.10021 48.89673 141.97366 477.0
36.0 0.0 36.0 51.1951 19.54161 119.76768 477.0
36.0 2.0 2.0 27.41421 25.31195 87.71957 498.0
36.0 2.0 36.0 51.1951 19.54161 119.76768 498.0
36.0 3.0 3.0 83.21976 3.83915 88.05735 166.0
36.0 3.0 36.0 51.1951 19.54161 119.76768 166.0
36.0 11.0 11.0 48.52565 14.12419 56.50316 70.0
36.0 11.0 36.0 51.1951 19.54161 119.76768 70.0
36.0 16.0 16.0 37.10654 39.0792 124.69815 977.0
36.0 16.0 36.0 51.1951 19.54161 119.76768 977.0
36.0 22.0 22.0 25.11216 80.0318 119.48645 5.0
36.0 22.0 36.0 51.1951 19.54161 119.76768 5.0
36.0 27.0 27.0 18.72391 45.34526 103.73672 92.0
36.0 27.0 36.0 51.1951 19.54161 119.76768 92.0
36.0 28.0 28.0 84.37797 38.89373 143.12081 85.0
36.0 28.0 36.0 51.1951 19.54161 119.76768 85.0
36.0 29.0 29.0 122.72614 20.5805 121.14903 1.0
36.0 29.0 36.0 51.1951 19.54161 119.76768 1.0
36.0 33.0 33.0 97.21972 49.9347 149.2326 3.0
36.0 33.0 36.0 51.1951 19.54161 119.76768 3.0
36.0 36.0 36.0 51.1951 19.54161 119.76768 1525.0
36.0 36.0 36.0 51.1951 19.54161 119.76768 1525.0
36.0 37.0 37.0 80.3193 11.06515 113.82796 942.0
36.0 37.0 36.0 51.1951 19.54161 119.76768 942.0
36.0 38.0 38.0 88.7256 68.43372 152.61134 1.0
36.0 38.0 36.0 51.1951 19.54161 119.76768 1.0
36.0 42.0 42.0 56.64826 85.21689 144.96881 1.0
36.0 42.0 36.0 51.1951 19.54161 119.76768 1.0
36.0 44.0 44.0 70.26075 22.71617 131.34694 776.0
36.0 44.0 36.0 51.1951 19.54161 119.76768 776.0
37.0 0.0 0.0 55.10021 48.89673 141.97366 70.0
37.0 0.0 37.0 80.3193 11.06515 113.82796 70.0
37.0 2.0 2.0 27.41421 25.31195 87.71957 409.0
37.0 2.0 37.0 80.3193 11.06515 113.82796 409.0
37.0 3.0 3.0 83.21976 3.83915 88.05735 2568.0
37.0 3.0 37.0 80.3193 11.06515 113.82796 2568.0
37.0 7.0 7.0 121.67389 13.44856 56.92581 1.0
37.0 7.0 37.0 80.3193 11.06515 113.82796 1.0
37.0 10.0 10.0 97.06525 3.92092 61.09977 52.0
37.0 10.0 37.0 80.3193 11.06515 113.82796 52.0
37.0 11.0 11.0 48.52565 14.12419 56.50316 257.0
37.0 11.0 37.0 80.3193 11.06515 113.82796 257.0
37.0 16.0 16.0 37.10654 39.0792 124.69815 172.0
37.0 16.0 37.0 80.3193 11.06515 113.82796 172.0
37.0 17.0 17.0 122.82422 11.01374 94.60526 556.0
37.0 17.0 37.0 80.3193 11.06515 113.82796 556.0
37.0 18.0 18.0 159.2049 24.82241 93.87271 3.0
37.0 18.0 37.0 80.3193 11.06515 113.82796 3.0
37.0 19.0 19.0 66.39337 15.80347 45.3634 22.0
37.0 19.0 37.0 80.3193 11.06515 113.82796 22.0
37.0 26.0 26.0 132.10472 45.14514 139.12429 118.0
37.0 26.0 37.0 80.3193 11.06515 113.82796 118.0
37.0 27.0 27.0 18.72391 45.34526 103.73672 10.0
37.0 27.0 37.0 80.3193 11.06515 113.82796 10.0
37.0 28.0 28.0 84.37797 38.89373 143.12081 772.0
37.0 28.0 37.0 80.3193 11.06515 113.82796 772.0
37.0 29.0 29.0 122.72614 20.5805 121.14903 1151.0
37.0 29.0 37.0 80.3193 11.06515 113.82796 1151.0
37.0 33.0 33.0 97.21972 49.9347 149.2326 84.0
37.0 33.0 37.0 80.3193 11.06515 113.82796 84.0
37.0 36.0 36.0 51.1951 19.54161 119.76768 823.0
37.0 36.0 37.0 80.3193 11.06515 113.82796 823.0
37.0 37.0 37.0 80.3193 11.06515 113.82796 8196.0
37.0 37.0 37.0 80.3193 11.06515 113.82796 8196.0
37.0 44.0 44.0 70.26075 22.71617 131.34694 1422.0
37.0 44.0 37.0 80.3193 11.06515 113.82796 1422.0
38.0 0.0 0.0 55.10021 48.89673 141.97366 414.0
38.0 0.0 38.0 88.7256 68.43372 152.61134 414.0
38.0 4.0 4.0 72.16948 108.40967 139.68424 215.0
38.0 4.0 38.0 88.7256 68.43372 152.61134 215.0
38.0 16.0 16.0 37.10654 39.0792 124.69815 8.0
38.0 16.0 38.0 88.7256 68.43372 152.61134 8.0
38.0 22.0 22.0 25.11216 80.0318 119.48645 26.0
38.0 22.0 38.0 88.7256 68.43372 152.61134 26.0
38.0 24.0 24.0 107.88872 87.16981 149.1534 2048.0
38.0 24.0 38.0 88.7256 68.43372 152.61134 2048.0
38.0 26.0 26.0 132.10472 45.14514 139.12429 384.0
38.0 26.0 38.0 88.7256 68.43372 152.61134 384.0
38.0 28.0 28.0 84.37797 38.89373 143.12081 600.0
38.0 28.0 38.0 88.7256 68.43372 152.61134 600.0
38.0 29.0 29.0 122.72614 20.5805 121.14903 6.0
38.0 29.0 38.0 88.7256 68.43372 152.61134 6.0
38.0 33.0 33.0 97.21972 49.9347 149.2326 1534.0
38.0 33.0 38.0 88.7256 68.43372 152.61134 1534.0
38.0 34.0 34.0 127.82206 111.24665 129.57754 44.0
38.0 34.0 38.0 88.7256 68.43372 152.61134 44.0
38.0 36.0 36.0 51.1951 19.54161 119.76768 1.0
38.0 36.0 38.0 88.7256 68.43372 152.61134 1.0
38.0 37.0 37.0 80.3193 11.06515 113.82796 1.0
38.0 37.0 38.0 88.7256 68.43372 152.61134 1.0
38.0 38.0 38.0 88.7256 68.43372 152.61134 3182.0
38.0 38.0 38.0 88.7256 68.43372 152.61134 3182.0
38.0 41.0 41.0 59.89688 126.07131 122.51772 4.0
38.0 41.0 38.0 88.7256 68.43372 152.61134 4.0
38.0 42.0 42.0 56.64826 85.21689 144.96881 1090.0
38.0 42.0 38.0 88.7256 68.43372 152.61134 1090.0
38.0 44.0 44.0 70.26075 22.71617 131.34694 10.0
38.0 44.0 38.0 88.7256 68.43372 152.61134 10.0
38.0 47.0 47.0 164.21945 62.70175 126.08004 6.0
38.0 47.0 38.0 88.7256 68.43372 152.61134 6.0
39.0 1.0 1.0 66.2226 89.12302 7.4218 264.0
39.0 1.0 39.0 21.86377 50.08493 32.75018 264.0
39.0 2.0 2.0 27.41421 25.31195 87.71957 148.0
39.0 2.0 39.0 21.86377 50.08493 32.75018 148.0
39.0 6.0 6.0 5.46749 84.72509 74.40913 1356.0
39.0 6.0 39.0 21.86377 50.08493 32.75018 1356.0
39.0 11.0 11.0 48.52565 14.12419 56.50316 922.0
39.0 11.0 39.0 21.86377 50.08493 32.75018 922.0
39.0 13.0 13.0 21.79919 31.13629 56.45469 1838.0
39.0 13.0 39.0 21.86377 50.08493 32.75018 1838.0
39.0 19.0 19.0 66.39337 15.80347 45.3634 248.0
39.0 19.0 39.0 21.86377 50.08493 32.75018 248.0
39.0 20.0 20.0 84.98593 53.66863 22.264 479.0
39.0 20.0 39.0 21.86377 50.08493 32.75018 479.0
39.0 21.0 21.0 28.34602 78.06461 19.24183 2136.0
39.0 21.0 39.0 21.86377 50.08493 32.75018 2136.0
39.0 22.0 22.0 25.11216 80.0318 119.48645 1.0
39.0 22.0 39.0 21.86377 50.08493 32.75018 1.0
39.0 27.0 27.0 18.72391 45.34526 103.73672 21.0
39.0 27.0 39.0 21.86377 50.08493 32.75018 21.0
39.0 39.0 39.0 21.86377 50.08493 32.75018 9842.0
39.0 39.0 39.0 21.86377 50.08493 32.75018 9842.0
39.0 40.0 40.0 83.26178 23.54033 42.40568 24.0
39.0 40.0 39.0 21.86377 50.08493 32.75018 24.0
39.0 45.0 45.0 35.09931 116.2813 28.45424 72.0
39.0 45.0 39.0 21.86377 50.08493 32.75018 72.0
40.0 1.0 1.0 66.2226 89.12302 7.4218 11.0
40.0 1.0 40.0 83.26178 23.54033 42.40568 11.0
40.0 3.0 3.0 83.21976 3.83915 88.05735 129.0
40.0 3.0 40.0 83.26178 23.54033 42.40568 129.0
40.0 7.0 7.0 121.67389 13.44856 56.92581 289.0
40.0 7.0 40.0 83.26178 23.54033 42.40568 289.0
40.0 8.0 8.0 89.82238 90.64167 30.35561 1.0
40.0 8.0 40.0 83.26178 23.54033 42.40568 1.0
40.0 10.0 10.0 97.06525 3.92092 61.09977 1286.0
40.0 10.0 40.0 83.26178 23.54033 42.40568 1286.0
40.0 11.0 11.0 48.52565 14.12419 56.50316 450.0
40.0 11.0 40.0 83.26178 23.54033 42.40568 450.0
40.0 13.0 13.0 21.79919 31.13629 56.45469 2.0
40.0 13.0 40.0 83.26178 23.54033 42.40568 2.0
40.0 15.0 15.0 145.1191 26.55391 64.69508 6.0
40.0 15.0 40.0 83.26178 23.54033 42.40568 6.0
40.0 17.0 17.0 122.82422 11.01374 94.60526 4.0
40.0 17.0 40.0 83.26178 23.54033 42.40568 4.0
40.0 19.0 19.0 66.39337 15.80347 45.3634 1452.0
40.0 19.0 40.0 83.26178 23.54033 42.40568 1452.0
40.0 20.0 20.0 84.98593 53.66863 22.264 1758.0
40.0 20.0 40.0 83.26178 23.54033 42.40568 1758.0
40.0 21.0 21.0 28.34602 78.06461 19.24183 4.0
40.0 21.0 40.0 83.26178 23.54033 42.40568 4.0
40.0 31.0 31.0 121.59229 38.89878 36.0367 1069.0
40.0 31.0 40.0 83.26178 23.54033 42.40568 1069.0
40.0 37.0 37.0 80.3193 11.06515 113.82796 2.0
40.0 37.0 40.0 83.26178 23.54033 42.40568 2.0
40.0 39.0 39.0 21.86377 50.08493 32.75018 31.0
40.0 39.0 40.0 83.26178 23.54033 42.40568 31.0
40.0 40.0 40.0 83.26178 23.54033 42.40568 4482.0
40.0 40.0 40.0 83.26178 23.54033 42.40568 4482.0
41.0 0.0 0.0 55.10021 48.89673 141.97366 1.0
41.0 0.0 41.0 59.89688 126.07131 122.51772 1.0
41.0 4.0 4.0 72.16948 108.40967 139.68424 2777.0
41.0 4.0 41.0 59.89688 126.07131 122.51772 2777.0
41.0 5.0 5.0 42.17516 126.80364 106.54145 120.0
41.0 5.0 41.0 59.89688 126.07131 122.51772 120.0
41.0 6.0 6.0 5.46749 84.72509 74.40913 18.0
41.0 6.0 41.0 59.89688 126.07131 122.51772 18.0
41.0 9.0 9.0 78.65762 139.90166 102.71525 2267.0
41.0 9.0 41.0 59.89688 126.07131 122.51772 2267.0
41.0 22.0 22.0 25.11216 80.0318 119.48645 825.0
41.0 22.0 41.0 59.89688 126.07131 122.51772 825.0
41.0 24.0 24.0 107.88872 87.16981 149.1534 78.0
41.0 24.0 41.0 59.89688 126.07131 122.51772 78.0
41.0 30.0 30.0 88.57548 139.92154 62.80473 34.0
41.0 30.0 41.0 59.89688 126.07131 122.51772 34.0
41.0 34.0 34.0 127.82206 111.24665 129.57754 394.0
41.0 34.0 41.0 59.89688 126.07131 122.51772 394.0
41.0 35.0 35.0 147.81958 121.13684 95.60795 2.0
41.0 35.0 41.0 59.89688 126.07131 122.51772 2.0
41.0 38.0 38.0 88.7256 68.43372 152.61134 1.0
41.0 38.0 41.0 59.89688 126.07131 122.51772 1.0
41.0 41.0 41.0 59.89688 126.07131 122.51772 10775.0
41.0 41.0 41.0 59.89688 126.07131 122.51772 10775.0
41.0 42.0 42.0 56.64826 85.21689 144.96881 415.0
41.0 42.0 41.0 59.89688 126.07131 122.51772 415.0
41.0 43.0 43.0 101.69806 137.72265 99.17679 344.0
41.0 43.0 41.0 59.89688 126.07131 122.51772 344.0
42.0 0.0 0.0 55.10021 48.89673 141.97366 878.0
42.0 0.0 42.0 56.64826 85.21689 144.96881 878.0
42.0 4.0 4.0 72.16948 108.40967 139.68424 2139.0
42.0 4.0 42.0 56.64826 85.21689 144.96881 2139.0
42.0 5.0 5.0 42.17516 126.80364 106.54145 4.0
42.0 5.0 42.0 56.64826 85.21689 144.96881 4.0
42.0 16.0 16.0 37.10654 39.0792 124.69815 157.0
42.0 16.0 42.0 56.64826 85.21689 144.96881 157.0
42.0 22.0 22.0 25.11216 80.0318 119.48645 1575.0
42.0 22.0 42.0 56.64826 85.21689 144.96881 1575.0
42.0 24.0 24.0 107.88872 87.16981 149.1534 547.0
42.0 24.0 42.0 56.64826 85.21689 144.96881 547.0
42.0 27.0 27.0 18.72391 45.34526 103.73672 1.0
42.0 27.0 42.0 56.64826 85.21689 144.96881 1.0
42.0 28.0 28.0 84.37797 38.89373 143.12081 215.0
42.0 28.0 42.0 56.64826 85.21689 144.96881 215.0
42.0 33.0 33.0 97.21972 49.9347 149.2326 132.0
42.0 33.0 42.0 56.64826 85.21689 144.96881 132.0
42.0 34.0 34.0 127.82206 111.24665 129.57754 9.0
42.0 34.0 42.0 56.64826 85.21689 144.96881 9.0
42.0 36.0 36.0 51.1951 19.54161 119.76768 3.0
42.0 36.0 42.0 56.64826 85.21689 144.96881 3.0
42.0 38.0 38.0 88.7256 68.43372 152.61134 1119.0
42.0 38.0 42.0 56.64826 85.21689 144.96881 1119.0
42.0 41.0 41.0 59.89688 126.07131 122.51772 415.0
42.0 41.0 42.0 56.64826 85.21689 144.96881 415.0
42.0 42.0 42.0 56.64826 85.21689 144.96881 5772.0
42.0 42.0 42.0 56.64826 85.21689 144.96881 5772.0
42.0 44.0 44.0 70.26075 22.71617 131.34694 1.0
42.0 44.0 42.0 56.64826 85.21689 144.96881 1.0
43.0 4.0 4.0 72.16948 108.40967 139.68424 58.0
43.0 4.0 43.0 101.69806 137.72265 99.17679 58.0
43.0 5.0 5.0 42.17516 126.80364 106.54145 2.0
43.0 5.0 43.0 101.69806 137.72265 99.17679 2.0
43.0 9.0 9.0 78.65762 139.90166 102.71525 2112.0
43.0 9.0 43.0 101.69806 137.72265 99.17679 2112.0
43.0 14.0 14.0 128.53807 116.07921 40.44318 2.0
43.0 14.0 43.0 101.69806 137.72265 99.17679 2.0
43.0 24.0 24.0 107.88872 87.16981 149.1534 10.0
43.0 24.0 43.0 101.69806 137.72265 99.17679 10.0
43.0 30.0 30.0 88.57548 139.92154 62.80473 2065.0
43.0 30.0 43.0 101.69806 137.72265 99.17679 2065.0
43.0 34.0 34.0 127.82206 111.24665 129.57754 1391.0
43.0 34.0 43.0 101.69806 137.72265 99.17679 1391.0
43.0 35.0 35.0 147.81958 121.13684 95.60795 879.0
43.0 35.0 43.0 101.69806 137.72265 99.17679 879.0
43.0 41.0 41.0 59.89688 126.07131 122.51772 295.0
43.0 41.0 43.0 101.69806 137.72265 99.17679 295.0
43.0 43.0 43.0 101.69806 137.72265 99.17679 4824.0
43.0 43.0 43.0 101.69806 137.72265 99.17679 4824.0
43.0 46.0 46.0 114.71211 130.25887 52.85006 155.0
43.0 46.0 43.0 101.69806 137.72265 99.17679 155.0
44.0 0.0 0.0 55.10021 48.89673 141.97366 599.0
44.0 0.0 44.0 70.26075 22.71617 131.34694 599.0
44.0 2.0 2.0 27.41421 25.31195 87.71957 30.0
44.0 2.0 44.0 70.26075 22.71617 131.34694 30.0
44.0 3.0 3.0 83.21976 3.83915 88.05735 58.0
44.0 3.0 44.0 70.26075 22.71617 131.34694 58.0
44.0 6.0 6.0 5.46749 84.72509 74.40913 1.0
44.0 6.0 44.0 70.26075 22.71617 131.34694 1.0
44.0 11.0 11.0 48.52565 14.12419 56.50316 3.0
44.0 11.0 44.0 70.26075 22.71617 131.34694 3.0
44.0 16.0 16.0 37.10654 39.0792 124.69815 231.0
44.0 16.0 44.0 70.26075 22.71617 131.34694 231.0
44.0 17.0 17.0 122.82422 11.01374 94.60526 4.0
44.0 17.0 44.0 70.26075 22.71617 131.34694 4.0
44.0 22.0 22.0 25.11216 80.0318 119.48645 2.0
44.0 22.0 44.0 70.26075 22.71617 131.34694 2.0
44.0 26.0 26.0 132.10472 45.14514 139.12429 24.0
44.0 26.0 44.0 70.26075 22.71617 131.34694 24.0
44.0 27.0 27.0 18.72391 45.34526 103.73672 1.0
44.0 27.0 44.0 70.26075 22.71617 131.34694 1.0
44.0 28.0 28.0 84.37797 38.89373 143.12081 925.0
44.0 28.0 44.0 70.26075 22.71617 131.34694 925.0
44.0 29.0 29.0 122.72614 20.5805 121.14903 78.0
44.0 29.0 44.0 70.26075 22.71617 131.34694 78.0
44.0 33.0 33.0 97.21972 49.9347 149.2326 105.0
44.0 33.0 44.0 70.26075 22.71617 131.34694 105.0
44.0 36.0 36.0 51.1951 19.54161 119.76768 757.0
44.0 36.0 44.0 70.26075 22.71617 131.34694 757.0
44.0 37.0 37.0 80.3193 11.06515 113.82796 1501.0
44.0 37.0 44.0 70.26075 22.71617 131.34694 1501.0
44.0 38.0 38.0 88.7256 68.43372 152.61134 15.0
44.0 38.0 44.0 70.26075 22.71617 131.34694 15.0
44.0 41.0 41.0 59.89688 126.07131 122.51772 1.0
44.0 41.0 44.0 70.26075 22.71617 131.34694 1.0
44.0 42.0 42.0 56.64826 85.21689 144.96881 2.0
44.0 42.0 44.0 70.26075 22.71617 131.34694 2.0
44.0 44.0 44.0 70.26075 22.71617 131.34694 1881.0
44.0 44.0 44.0 70.26075 22.71617 131.34694 1881.0
45.0 1.0 1.0 66.2226 89.12302 7.4218 1909.0
45.0 1.0 45.0 35.09931 116.2813 28.45424 1909.0
45.0 5.0 5.0 42.17516 126.80364 106.54145 1.0
45.0 5.0 45.0 35.09931 116.2813 28.45424 1.0
45.0 6.0 6.0 5.46749 84.72509 74.40913 1123.0
45.0 6.0 45.0 35.09931 116.2813 28.45424 1123.0
45.0 8.0 8.0 89.82238 90.64167 30.35561 6.0
45.0 8.0 45.0 35.09931 116.2813 28.45424 6.0
45.0 9.0 9.0 78.65762 139.90166 102.71525 5.0
45.0 9.0 45.0 35.09931 116.2813 28.45424 5.0
45.0 14.0 14.0 128.53807 116.07921 40.44318 5.0
45.0 14.0 45.0 35.09931 116.2813 28.45424 5.0
45.0 20.0 20.0 84.98593 53.66863 22.264 1.0
45.0 20.0 45.0 35.09931 116.2813 28.45424 1.0
45.0 21.0 21.0 28.34602 78.06461 19.24183 1839.0
45.0 21.0 45.0 35.09931 116.2813 28.45424 1839.0
45.0 22.0 22.0 25.11216 80.0318 119.48645 1.0
45.0 22.0 45.0 35.09931 116.2813 28.45424 1.0
45.0 30.0 30.0 88.57548 139.92154 62.80473 1044.0
45.0 30.0 45.0 35.09931 116.2813 28.45424 1044.0
45.0 39.0 39.0 21.86377 50.08493 32.75018 75.0
45.0 39.0 45.0 35.09931 116.2813 28.45424 75.0
45.0 45.0 45.0 35.09931 116.2813 28.45424 14709.0
45.0 45.0 45.0 35.09931 116.2813 28.45424 14709.0
45.0 46.0 46.0 114.71211 130.25887 52.85006 64.0
45.0 46.0 45.0 35.09931 116.2813 28.45424 64.0
46.0 1.0 1.0 66.2226 89.12302 7.4218 190.0
46.0 1.0 46.0 114.71211 130.25887 52.85006 190.0
46.0 8.0 8.0 89.82238 90.64167 30.35561 21.0
46.0 8.0 46.0 114.71211 130.25887 52.85006 21.0
46.0 9.0 9.0 78.65762 139.90166 102.71525 9.0
46.0 9.0 46.0 114.71211 130.25887 52.85006 9.0
46.0 12.0 12.0 179.81404 86.35472 84.76316 4.0
46.0 12.0 46.0 114.71211 130.25887 52.85006 4.0
46.0 14.0 14.0 128.53807 116.07921 40.44318 3161.0
46.0 14.0 46.0 114.71211 130.25887 52.85006 3161.0
46.0 20.0 20.0 84.98593 53.66863 22.264 2.0
46.0 20.0 46.0 114.71211 130.25887 52.85006 2.0
46.0 30.0 30.0 88.57548 139.92154 62.80473 3580.0
46.0 30.0 46.0 114.71211 130.25887 52.85006 3580.0
46.0 32.0 32.0 157.18955 89.17208 58.02461 289.0
46.0 32.0 46.0 114.71211 130.25887 52.85006 289.0
46.0 34.0 34.0 127.82206 111.24665 129.57754 11.0
46.0 34.0 46.0 114.71211 130.25887 52.85006 11.0
46.0 35.0 35.0 147.81958 121.13684 95.60795 1172.0
46.0 35.0 46.0 114.71211 130.25887 52.85006 1172.0
46.0 43.0 43.0 101.69806 137.72265 99.17679 158.0
46.0 43.0 46.0 114.71211 130.25887 52.85006 158.0
46.0 45.0 45.0 35.09931 116.2813 28.45424 48.0
46.0 45.0 46.0 114.71211 130.25887 52.85006 48.0
46.0 46.0 46.0 114.71211 130.25887 52.85006 7471.0
46.0 46.0 46.0 114.71211 130.25887 52.85006 7471.0
47.0 12.0 12.0 179.81404 86.35472 84.76316 397.0
47.0 12.0 47.0 164.21945 62.70175 126.08004 397.0
47.0 15.0 15.0 145.1191 26.55391 64.69508 13.0
47.0 15.0 47.0 164.21945 62.70175 126.08004 13.0
47.0 17.0 17.0 122.82422 11.01374 94.60526 21.0
47.0 17.0 47.0 164.21945 62.70175 126.08004 21.0
47.0 18.0 18.0 159.2049 24.82241 93.87271 684.0
47.0 18.0 47.0 164.21945 62.70175 126.08004 684.0
47.0 23.0 23.0 173.45606 43.57365 76.88543 326.0
47.0 23.0 47.0 164.21945 62.70175 126.08004 326.0
47.0 24.0 24.0 107.88872 87.16981 149.1534 184.0
47.0 24.0 47.0 164.21945 62.70175 126.08004 184.0
47.0 25.0 25.0 182.83768 63.99867 100.27921 1228.0
47.0 25.0 47.0 164.21945 62.70175 126.08004 1228.0
47.0 26.0 26.0 132.10472 45.14514 139.12429 1911.0
47.0 26.0 47.0 164.21945 62.70175 126.08004 1911.0
47.0 29.0 29.0 122.72614 20.5805 121.14903 273.0
47.0 29.0 47.0 164.21945 62.70175 126.08004 273.0
47.0 32.0 32.0 157.18955 89.17208 58.02461 4.0
47.0 32.0 47.0 164.21945 62.70175 126.08004 4.0
47.0 33.0 33.0 97.21972 49.9347 149.2326 5.0
47.0 33.0 47.0 164.21945 62.70175 126.08004 5.0
47.0 34.0 34.0 127.82206 111.24665 129.57754 1245.0
47.0 34.0 47.0 164.21945 62.70175 126.08004 1245.0
47.0 35.0 35.0 147.81958 121.13684 95.60795 364.0
47.0 35.0 47.0 164.21945 62.70175 126.08004 364.0
47.0 37.0 37.0 80.3193 11.06515 113.82796 1.0
47.0 37.0 47.0 164.21945 62.70175 126.08004 1.0
47.0 38.0 38.0 88.7256 68.43372 152.61134 6.0
47.0 38.0 47.0 164.21945 62.70175 126.08004 6.0
47.0 47.0 47.0 164.21945 62.70175 126.08004 9015.0
47.0 47.0 47.0 164.21945 62.70175 126.08004 9015.0
