TargetArea SourceArea Area AvgPosX AvgPosY AvgPosZ SumWeights
0.0 0.0 0.0 55.09444 48.87307 141.96102 3795.0
0.0 0.0 0.0 55.09444 48.87307 141.96102 3795.0
0.0 2.0 2.0 27.39428 25.33754 87.71399 11.0
0.0 2.0 0.0 55.09444 48.87307 141.96102 11.0
0.0 4.0 4.0 72.07309 108.39767 139.67129 10.0
0.0 4.0 0.0 55.09444 48.87307 141.96102 10.0
0.0 16.0 16.0 37.09658 39.11376 124.71593 1470.0
0.0 16.0 0.0 55.09444 48.87307 141.96102 1470.0
0.0 22.0 22.0 25.0917 80.02705 119.4631 547.0
0.0 22.0 0.0 55.09444 48.87307 141.96102 547.0
0.0 24.0 24.0 107.83146 87.22056 149.15428 16.0
0.0 24.0 0.0 55.09444 48.87307 141.96102 16.0
0.0 27.0 27.0 18.73776 45.33291 103.75043 32.0
0.0 27.0 0.0 55.09444 48.87307 141.96102 32.0
0.0 28.0 28.0 84.31203 38.95404 143.15006 1129.0
0.0 28.0 0.0 55.09444 48.87307 141.96102 1129.0
0.0 29.0 29.0 122.66763 20.5832 121.18501 1.0
0.0 29.0 0.0 55.09444 48.87307 141.96102 1.0
0.0 33.0 33.0 97.13612 49.95583 149.24171 282.0
0.0 33.0 0.0 55.09444 48.87307 141.96102 282.0
0.0 36.0 36.0 51.17586 19.51307 119.71603 469.0
0.0 36.0 0.0 55.09444 48.87307 141.96102 469.0
0.0 37.0 37.0 80.19233 11.05069 113.79634 85.0
0.0 37.0 0.0 55.09444 48.87307 141.96102 85.0
0.0 38.0 38.0 88.69602 68.41928 152.61569 395.0
0.0 38.0 0.0 55.09444 48.87307 141.96102 395.0
0.0 41.0 41.0 59.83983 126.04415 122.51393 3.0
0.0 41.0 0.0 55.09444 48.87307 141.96102 3.0
0.0 42.0 42.0 56.61808 85.239 144.95249 913.0
0.0 42.0 0.0 55.09444 48.87307 141.96102 913.0
0.0 44.0 44.0 70.25971 22.72389 131.35009 592.0
0.0 44.0 0.0 55.09444 48.87307 141.96102 592.0
1.0 1.0 1.0 66.22979 89.22037 7.477 12152.0
1.0 1.0 1.0 66.22979 89.22037 7.477 12152.0
1.0 6.0 6.0 5.4653 84.75273 74.38176 1.0
1.0 6.0 1.0 66.22979 89.22037 7.477 1.0
1.0 8.0 8.0 89.69429 90.87674 30.29582 109.0
1.0 8.0 1.0 66.22979 89.22037 7.477 109.0
1.0 11.0 11.0 48.52996 14.0946 56.56338 23.0
1.0 11.0 1.0 66.22979 89.22037 7.477 23.0
1.0 13.0 13.0 21.75818 31.17645 56.47909 1.0
1.0 13.0 1.0 66.22979 89.22037 7.477 1.0
1.0 14.0 14.0 128.43365 116.09752 40.37763 86.0
1.0 14.0 1.0 66.22979 89.22037 7.477 86.0
1.0 19.0 19.0 66.40796 15.79007 45.3956 21.0
1.0 19.0 1.0 66.22979 89.22037 7.477 21.0
1.0 20.0 20.0 85.07672 53.72365 22.31697 2373.0
1.0 20.0 1.0 66.22979 89.22037 7.477 2373.0
1.0 21.0 21.0 28.26092 78.12439 19.31609 1442.0
1.0 21.0 1.0 66.22979 89.22037 7.477 1442.0
1.0 30.0 30.0 88.47966 139.92421 62.73876 451.0
1.0 30.0 1.0 66.22979 89.22037 7.477 451.0
1.0 31.0 31.0 121.49923 38.91387 36.00694 2.0
1.0 31.0 1.0 66.22979 89.22037 7.477 2.0
1.0 39.0 39.0 21.80174 50.14593 32.7942 277.0
1.0 39.0 1.0 66.22979 89.22037 7.477 277.0
1.0 40.0 40.0 83.26824 23.53347 42.42013 16.0
1.0 40.0 1.0 66.22979 89.22037 7.477 16.0
1.0 45.0 45.0 35.00855 116.26933 28.52716 1898.0
1.0 45.0 1.0 66.22979 89.22037 7.477 1898.0
1.0 46.0 46.0 114.55074 130.2769 52.75226 218.0
1.0 46.0 1.0 66.22979 89.22037 7.477 218.0
2.0 0.0 0.0 55.09444 48.87307 141.96102 10.0
2.0 0.0 2.0 27.39428 25.33754 87.71399 10.0
2.0 2.0 2.0 27.39428 25.33754 87.71399 6696.0
2.0 2.0 2.0 27.39428 25.33754 87.71399 6696.0
2.0 3.0 3.0 83.12866 3.82818 88.01135 311.0
2.0 3.0 2.0 27.39428 25.33754 87.71399 311.0
2.0 6.0 6.0 5.4653 84.75273 74.38176 456.0
2.0 6.0 2.0 27.39428 25.33754 87.71399 456.0
2.0 10.0 10.0 97.04185 3.91994 61.08983 1.0
2.0 10.0 2.0 27.39428 25.33754 87.71399 1.0
2.0 11.0 11.0 48.52996 14.0946 56.56338 1336.0
2.0 11.0 2.0 27.39428 25.33754 87.71399 1336.0
2.0 13.0 13.0 21.75818 31.17645 56.47909 1375.0
2.0 13.0 2.0 27.39428 25.33754 87.71399 1375.0
2.0 16.0 16.0 37.09658 39.11376 124.71593 723.0
2.0 16.0 2.0 27.39428 25.33754 87.71399 723.0
2.0 19.0 19.0 66.40796 15.79007 45.3956 9.0
2.0 19.0 2.0 27.39428 25.33754 87.71399 9.0
2.0 20.0 20.0 85.07672 53.72365 22.31697 1.0
2.0 20.0 2.0 27.39428 25.33754 87.71399 1.0
2.0 22.0 22.0 25.0917 80.02705 119.4631 83.0
2.0 22.0 2.0 27.39428 25.33754 87.71399 83.0
2.0 27.0 27.0 18.73776 45.33291 103.75043 1681.0
2.0 27.0 2.0 27.39428 25.33754 87.71399 1681.0
2.0 28.0 28.0 84.31203 38.95404 143.15006 1.0
2.0 28.0 2.0 27.39428 25.33754 87.71399 1.0
2.0 36.0 36.0 51.17586 19.51307 119.71603 526.0
2.0 36.0 2.0 27.39428 25.33754 87.71399 526.0
2.0 37.0 37.0 80.19233 11.05069 113.79634 456.0
2.0 37.0 2.0 27.39428 25.33754 87.71399 456.0
2.0 39.0 39.0 21.80174 50.14593 32.7942 155.0
2.0 39.0 2.0 27.39428 25.33754 87.71399 155.0
2.0 44.0 44.0 70.25971 22.72389 131.35009 31.0
2.0 44.0 2.0 27.39428 25.33754 87.71399 31.0
3.0 2.0 2.0 27.39428 25.33754 87.71399 316.0
3.0 2.0 3.0 83.12866 3.82818 88.01135 316.0
3.0 3.0 3.0 83.12866 3.82818 88.01135 7047.0
3.0 3.0 3.0 83.12866 3.82818 88.01135 7047.0
3.0 7.0 7.0 121.65345 13.43919 56.91337 211.0
3.0 7.0 3.0 83.12866 3.82818 88.01135 211.0
3.0 10.0 10.0 97.04185 3.91994 61.08983 1557.0
3.0 10.0 3.0 83.12866 3.82818 88.01135 1557.0
3.0 11.0 11.0 48.52996 14.0946 56.56338 1073.0
3.0 11.0 3.0 83.12866 3.82818 88.01135 1073.0
3.0 13.0 13.0 21.75818 31.17645 56.47909 6.0
3.0 13.0 3.0 83.12866 3.82818 88.01135 6.0
3.0 15.0 15.0 145.09056 26.54118 64.68972 14.0
3.0 15.0 3.0 83.12866 3.82818 88.01135 14.0
3.0 16.0 16.0 37.09658 39.11376 124.71593 12.0
3.0 16.0 3.0 83.12866 3.82818 88.01135 12.0
3.0 17.0 17.0 122.77415 11.00068 94.58288 1149.0
3.0 17.0 3.0 83.12866 3.82818 88.01135 1149.0
3.0 19.0 19.0 66.40796 15.79007 45.3956 430.0
3.0 19.0 3.0 83.12866 3.82818 88.01135 430.0
3.0 26.0 26.0 132.10014 45.16414 139.13328 1.0
3.0 26.0 3.0 83.12866 3.82818 88.01135 1.0
3.0 27.0 27.0 18.73776 45.33291 103.75043 1.0
3.0 27.0 3.0 83.12866 3.82818 88.01135 1.0
3.0 28.0 28.0 84.31203 38.95404 143.15006 5.0
3.0 28.0 3.0 83.12866 3.82818 88.01135 5.0
3.0 29.0 29.0 122.66763 20.5832 121.18501 216.0
3.0 29.0 3.0 83.12866 3.82818 88.01135 216.0
3.0 36.0 36.0 51.17586 19.51307 119.71603 142.0
3.0 36.0 3.0 83.12866 3.82818 88.01135 142.0
3.0 37.0 37.0 80.19233 11.05069 113.79634 2627.0
3.0 37.0 3.0 83.12866 3.82818 88.01135 2627.0
3.0 40.0 40.0 83.26824 23.53347 42.42013 129.0
3.0 40.0 3.0 83.12866 3.82818 88.01135 129.0
3.0 44.0 44.0 70.25971 22.72389 131.35009 58.0
3.0 44.0 3.0 83.12866 3.82818 88.01135 58.0
4.0 0.0 0.0 55.09444 48.87307 141.96102 18.0
4.0 0.0 4.0 72.07309 108.39767 139.67129 18.0
4.0 4.0 4.0 72.07309 108.39767 139.67129 6616.0
4.0 4.0 4.0 72.07309 108.39767 139.67129 6616.0
4.0 5.0 5.0 42.38986 127.04683 106.42452 7.0
4.0 5.0 4.0 72.07309 108.39767 139.67129 7.0
4.0 6.0 6.0 5.4653 84.75273 74.38176 2.0
4.0 6.0 4.0 72.07309 108.39767 139.67129 2.0
4.0 9.0 9.0 78.57712 139.93078 102.62903 276.0
4.0 9.0 4.0 72.07309 108.39767 139.67129 276.0
4.0 16.0 16.0 37.09658 39.11376 124.71593 2.0
4.0 16.0 4.0 72.07309 108.39767 139.67129 2.0
4.0 22.0 22.0 25.0917 80.02705 119.4631 506.0
4.0 22.0 4.0 72.07309 108.39767 139.67129 506.0
4.0 24.0 24.0 107.83146 87.22056 149.15428 1506.0
4.0 24.0 4.0 72.07309 108.39767 139.67129 1506.0
4.0 28.0 28.0 84.31203 38.95404 143.15006 5.0
4.0 28.0 4.0 72.07309 108.39767 139.67129 5.0
4.0 33.0 33.0 97.13612 49.95583 149.24171 6.0
4.0 33.0 4.0 72.07309 108.39767 139.67129 6.0
4.0 34.0 34.0 127.76305 111.26584 129.58393 859.0
4.0 34.0 4.0 72.07309 108.39767 139.67129 859.0
4.0 38.0 38.0 88.69602 68.41928 152.61569 223.0
4.0 38.0 4.0 72.07309 108.39767 139.67129 223.0
4.0 41.0 41.0 59.83983 126.04415 122.51393 2734.0
4.0 41.0 4.0 72.07309 108.39767 139.67129 2734.0
4.0 42.0 42.0 56.61808 85.239 144.95249 2078.0
4.0 42.0 4.0 72.07309 108.39767 139.67129 2078.0
4.0 43.0 43.0 101.71623 137.72578 99.14806 78.0
4.0 43.0 4.0 72.07309 108.39767 139.67129 78.0
4.0 45.0 45.0 35.00855 116.26933 28.52716 1.0
4.0 45.0 4.0 72.07309 108.39767 139.67129 1.0
5.0 4.0 4.0 72.07309 108.39767 139.67129 6.0
5.0 4.0 5.0 42.38986 127.04683 106.42452 6.0
5.0 5.0 5.0 42.38986 127.04683 106.42452 4.0
5.0 5.0 5.0 42.38986 127.04683 106.42452 4.0
5.0 6.0 6.0 5.4653 84.75273 74.38176 18.0
5.0 6.0 5.0 42.38986 127.04683 106.42452 18.0
5.0 9.0 9.0 78.57712 139.93078 102.62903 45.0
5.0 9.0 5.0 42.38986 127.04683 106.42452 45.0
5.0 22.0 22.0 25.0917 80.02705 119.4631 32.0
5.0 22.0 5.0 42.38986 127.04683 106.42452 32.0
5.0 30.0 30.0 88.47966 139.92421 62.73876 6.0
5.0 30.0 5.0 42.38986 127.04683 106.42452 6.0
5.0 41.0 41.0 59.83983 126.04415 122.51393 132.0
5.0 41.0 5.0 42.38986 127.04683 106.42452 132.0
5.0 42.0 42.0 56.61808 85.239 144.95249 3.0
5.0 42.0 5.0 42.38986 127.04683 106.42452 3.0
5.0 43.0 43.0 101.71623 137.72578 99.14806 1.0
5.0 43.0 5.0 42.38986 127.04683 106.42452 1.0
6.0 2.0 2.0 27.39428 25.33754 87.71399 532.0
6.0 2.0 6.0 5.4653 84.75273 74.38176 532.0
6.0 4.0 4.0 72.07309 108.39767 139.67129 5.0
6.0 4.0 6.0 5.4653 84.75273 74.38176 5.0
6.0 5.0 5.0 42.38986 127.04683 106.42452 13.0
6.0 5.0 6.0 5.4653 84.75273 74.38176 13.0
6.0 6.0 6.0 5.4653 84.75273 74.38176 17406.0
6.0 6.0 6.0 5.4653 84.75273 74.38176 17406.0
6.0 11.0 11.0 48.52996 14.0946 56.56338 1.0
6.0 11.0 6.0 5.4653 84.75273 74.38176 1.0
6.0 13.0 13.0 21.75818 31.17645 56.47909 412.0
6.0 13.0 6.0 5.4653 84.75273 74.38176 412.0
6.0 16.0 16.0 37.09658 39.11376 124.71593 12.0
6.0 16.0 6.0 5.4653 84.75273 74.38176 12.0
6.0 21.0 21.0 28.26092 78.12439 19.31609 662.0
6.0 21.0 6.0 5.4653 84.75273 74.38176 662.0
6.0 22.0 22.0 25.0917 80.02705 119.4631 2297.0
6.0 22.0 6.0 5.4653 84.75273 74.38176 2297.0
6.0 27.0 27.0 18.73776 45.33291 103.75043 843.0
6.0 27.0 6.0 5.4653 84.75273 74.38176 843.0
6.0 39.0 39.0 21.80174 50.14593 32.7942 1318.0
6.0 39.0 6.0 5.4653 84.75273 74.38176 1318.0
6.0 41.0 41.0 59.83983 126.04415 122.51393 28.0
6.0 41.0 6.0 5.4653 84.75273 74.38176 28.0
6.0 45.0 45.0 35.00855 116.26933 28.52716 1146.0
6.0 45.0 6.0 5.4653 84.75273 74.38176 1146.0
7.0 3.0 3.0 83.12866 3.82818 88.01135 223.0
7.0 3.0 7.0 121.65345 13.43919 56.91337 223.0
7.0 7.0 7.0 121.65345 13.43919 56.91337 4033.0
7.0 7.0 7.0 121.65345 13.43919 56.91337 4033.0
7.0 10.0 10.0 97.04185 3.91994 61.08983 1469.0
7.0 10.0 7.0 121.65345 13.43919 56.91337 1469.0
7.0 15.0 15.0 145.09056 26.54118 64.68972 1465.0
7.0 15.0 7.0 121.65345 13.43919 56.91337 1465.0
7.0 17.0 17.0 122.77415 11.00068 94.58288 804.0
7.0 17.0 7.0 121.65345 13.43919 56.91337 804.0
7.0 18.0 18.0 159.2027 24.83937 93.93346 34.0
7.0 18.0 7.0 121.65345 13.43919 56.91337 34.0
7.0 19.0 19.0 66.40796 15.79007 45.3956 13.0
7.0 19.0 7.0 121.65345 13.43919 56.91337 13.0
7.0 20.0 20.0 85.07672 53.72365 22.31697 33.0
7.0 20.0 7.0 121.65345 13.43919 56.91337 33.0
7.0 23.0 23.0 173.49278 43.56891 76.97943 12.0
7.0 23.0 7.0 121.65345 13.43919 56.91337 12.0
7.0 29.0 29.0 122.66763 20.5832 121.18501 13.0
7.0 29.0 7.0 121.65345 13.43919 56.91337 13.0
7.0 31.0 31.0 121.49923 38.91387 36.00694 1561.0
7.0 31.0 7.0 121.65345 13.43919 56.91337 1561.0
7.0 37.0 37.0 80.19233 11.05069 113.79634 3.0
7.0 37.0 7.0 121.65345 13.43919 56.91337 3.0
7.0 40.0 40.0 83.26824 23.53347 42.42013 306.0
7.0 40.0 7.0 121.65345 13.43919 56.91337 306.0
8.0 1.0 1.0 66.22979 89.22037 7.477 99.0
8.0 1.0 8.0 89.69429 90.87674 30.29582 99.0
8.0 8.0 8.0 89.69429 90.87674 30.29582 12.0
8.0 8.0 8.0 89.69429 90.87674 30.29582 12.0
8.0 14.0 14.0 128.43365 116.09752 40.37763 15.0
8.0 14.0 8.0 89.69429 90.87674 30.29582 15.0
8.0 15.0 15.0 145.09056 26.54118 64.68972 1.0
8.0 15.0 8.0 89.69429 90.87674 30.29582 1.0
8.0 20.0 20.0 85.07672 53.72365 22.31697 110.0
8.0 20.0 8.0 89.69429 90.87674 30.29582 110.0
8.0 21.0 21.0 28.26092 78.12439 19.31609 1.0
8.0 21.0 8.0 89.69429 90.87674 30.29582 1.0
8.0 30.0 30.0 88.47966 139.92421 62.73876 35.0
8.0 30.0 8.0 89.69429 90.87674 30.29582 35.0
8.0 31.0 31.0 121.49923 38.91387 36.00694 13.0
8.0 31.0 8.0 89.69429 90.87674 30.29582 13.0
8.0 45.0 45.0 35.00855 116.26933 28.52716 7.0
8.0 45.0 8.0 89.69429 90.87674 30.29582 7.0
8.0 46.0 46.0 114.55074 130.2769 52.75226 22.0
8.0 46.0 8.0 89.69429 90.87674 30.29582 22.0
9.0 1.0 1.0 66.22979 89.22037 7.477 1.0
9.0 1.0 9.0 78.57712 139.93078 102.62903 1.0
9.0 4.0 4.0 72.07309 108.39767 139.67129 297.0
9.0 4.0 9.0 78.57712 139.93078 102.62903 297.0
9.0 5.0 5.0 42.38986 127.04683 106.42452 42.0
9.0 5.0 9.0 78.57712 139.93078 102.62903 42.0
9.0 9.0 9.0 78.57712 139.93078 102.62903 5655.0
9.0 9.0 9.0 78.57712 139.93078 102.62903 5655.0
9.0 22.0 22.0 25.0917 80.02705 119.4631 1.0
9.0 22.0 9.0 78.57712 139.93078 102.62903 1.0
9.0 24.0 24.0 107.83146 87.22056 149.15428 25.0
9.0 24.0 9.0 78.57712 139.93078 102.62903 25.0
9.0 30.0 30.0 88.47966 139.92421 62.73876 1390.0
9.0 30.0 9.0 78.57712 139.93078 102.62903 1390.0
9.0 34.0 34.0 127.76305 111.26584 129.58393 574.0
9.0 34.0 9.0 78.57712 139.93078 102.62903 574.0
9.0 35.0 35.0 147.77195 121.15348 95.63962 18.0
9.0 35.0 9.0 78.57712 139.93078 102.62903 18.0
9.0 41.0 41.0 59.83983 126.04415 122.51393 2430.0
9.0 41.0 9.0 78.57712 139.93078 102.62903 2430.0
9.0 43.0 43.0 101.71623 137.72578 99.14806 2031.0
9.0 43.0 9.0 78.57712 139.93078 102.62903 2031.0
9.0 45.0 45.0 35.00855 116.26933 28.52716 5.0
9.0 45.0 9.0 78.57712 139.93078 102.62903 5.0
9.0 46.0 46.0 114.55074 130.2769 52.75226 1.0
9.0 46.0 9.0 78.57712 139.93078 102.62903 1.0
10.0 2.0 2.0 27.39428 25.33754 87.71399 2.0
10.0 2.0 10.0 97.04185 3.91994 61.08983 2.0
10.0 3.0 3.0 83.12866 3.82818 88.01135 1589.0
10.0 3.0 10.0 97.04185 3.91994 61.08983 1589.0
10.0 7.0 7.0 121.65345 13.43919 56.91337 1462.0
10.0 7.0 10.0 97.04185 3.91994 61.08983 1462.0
10.0 10.0 10.0 97.04185 3.91994 61.08983 4090.0
10.0 10.0 10.0 97.04185 3.91994 61.08983 4090.0
10.0 11.0 11.0 48.52996 14.0946 56.56338 194.0
10.0 11.0 10.0 97.04185 3.91994 61.08983 194.0
10.0 15.0 15.0 145.09056 26.54118 64.68972 71.0
10.0 15.0 10.0 97.04185 3.91994 61.08983 71.0
10.0 17.0 17.0 122.77415 11.00068 94.58288 453.0
10.0 17.0 10.0 97.04185 3.91994 61.08983 453.0
10.0 18.0 18.0 159.2027 24.83937 93.93346 2.0
10.0 18.0 10.0 97.04185 3.91994 61.08983 2.0
10.0 19.0 19.0 66.40796 15.79007 45.3956 558.0
10.0 19.0 10.0 97.04185 3.91994 61.08983 558.0
10.0 20.0 20.0 85.07672 53.72365 22.31697 37.0
10.0 20.0 10.0 97.04185 3.91994 61.08983 37.0
10.0 29.0 29.0 122.66763 20.5832 121.18501 5.0
10.0 29.0 10.0 97.04185 3.91994 61.08983 5.0
10.0 31.0 31.0 121.49923 38.91387 36.00694 389.0
10.0 31.0 10.0 97.04185 3.91994 61.08983 389.0
10.0 37.0 37.0 80.19233 11.05069 113.79634 53.0
10.0 37.0 10.0 97.04185 3.91994 61.08983 53.0
10.0 40.0 40.0 83.26824 23.53347 42.42013 1220.0
10.0 40.0 10.0 97.04185 3.91994 61.08983 1220.0
11.0 1.0 1.0 66.22979 89.22037 7.477 19.0
11.0 1.0 11.0 48.52996 14.0946 56.56338 19.0
11.0 2.0 2.0 27.39428 25.33754 87.71399 1385.0
11.0 2.0 11.0 48.52996 14.0946 56.56338 1385.0
11.0 3.0 3.0 83.12866 3.82818 88.01135 1102.0
11.0 3.0 11.0 48.52996 14.0946 56.56338 1102.0
11.0 6.0 6.0 5.4653 84.75273 74.38176 1.0
11.0 6.0 11.0 48.52996 14.0946 56.56338 1.0
11.0 10.0 10.0 97.04185 3.91994 61.08983 187.0
11.0 10.0 11.0 48.52996 14.0946 56.56338 187.0
11.0 11.0 11.0 48.52996 14.0946 56.56338 8149.0
11.0 11.0 11.0 48.52996 14.0946 56.56338 8149.0
11.0 13.0 13.0 21.75818 31.17645 56.47909 1517.0
11.0 13.0 11.0 48.52996 14.0946 56.56338 1517.0
11.0 16.0 16.0 37.09658 39.11376 124.71593 16.0
11.0 16.0 11.0 48.52996 14.0946 56.56338 16.0
11.0 19.0 19.0 66.40796 15.79007 45.3956 2056.0
11.0 19.0 11.0 48.52996 14.0946 56.56338 2056.0
11.0 20.0 20.0 85.07672 53.72365 22.31697 272.0
11.0 20.0 11.0 48.52996 14.0946 56.56338 272.0
11.0 21.0 21.0 28.26092 78.12439 19.31609 24.0
11.0 21.0 11.0 48.52996 14.0946 56.56338 24.0
11.0 27.0 27.0 18.73776 45.33291 103.75043 8.0
11.0 27.0 11.0 48.52996 14.0946 56.56338 8.0
11.0 31.0 31.0 121.49923 38.91387 36.00694 3.0
11.0 31.0 11.0 48.52996 14.0946 56.56338 3.0
11.0 36.0 36.0 51.17586 19.51307 119.71603 68.0
11.0 36.0 11.0 48.52996 14.0946 56.56338 68.0
11.0 37.0 37.0 80.19233 11.05069 113.79634 261.0
11.0 37.0 11.0 48.52996 14.0946 56.56338 261.0
11.0 39.0 39.0 21.80174 50.14593 32.7942 868.0
11.0 39.0 11.0 48.52996 14.0946 56.56338 868.0
11.0 40.0 40.0 83.26824 23.53347 42.42013 526.0
11.0 40.0 11.0 48.52996 14.0946 56.56338 526.0
11.0 44.0 44.0 70.25971 22.72389 131.35009 5.0
11.0 44.0 11.0 48.52996 14.0946 56.56338 5.0
12.0 12.0 12.0 179.8125 86.38332 84.83073 5830.0
12.0 12.0 12.0 179.8125 86.38332 84.83073 5830.0
12.0 14.0 14.0 128.43365 116.09752 40.37763 5.0
12.0 14.0 12.0 179.8125 86.38332 84.83073 5.0
12.0 15.0 15.0 145.09056 26.54118 64.68972 33.0
12.0 15.0 12.0 179.8125 86.38332 84.83073 33.0
12.0 18.0 18.0 159.2027 24.83937 93.93346 12.0
12.0 18.0 12.0 179.8125 86.38332 84.83073 12.0
12.0 23.0 23.0 173.49278 43.56891 76.97943 568.0
12.0 23.0 12.0 179.8125 86.38332 84.83073 568.0
12.0 25.0 25.0 182.83654 63.9749 100.30335 1146.0
12.0 25.0 12.0 179.8125 86.38332 84.83073 1146.0
12.0 31.0 31.0 121.49923 38.91387 36.00694 11.0
12.0 31.0 12.0 179.8125 86.38332 84.83073 11.0
12.0 32.0 32.0 157.13097 89.18576 58.01901 1766.0
12.0 32.0 12.0 179.8125 86.38332 84.83073 1766.0
12.0 34.0 34.0 127.76305 111.26584 129.58393 98.0
12.0 34.0 12.0 179.8125 86.38332 84.83073 98.0
12.0 35.0 35.0 147.77195 121.15348 95.63962 1234.0
12.0 35.0 12.0 179.8125 86.38332 84.83073 1234.0
12.0 46.0 46.0 114.55074 130.2769 52.75226 4.0
12.0 46.0 12.0 179.8125 86.38332 84.83073 4.0
12.0 47.0 47.0 164.20383 62.76751 126.11715 425.0
12.0 47.0 12.0 179.8125 86.38332 84.83073 425.0
13.0 2.0 2.0 27.39428 25.33754 87.71399 1400.0
13.0 2.0 13.0 21.75818 31.17645 56.47909 1400.0
13.0 3.0 3.0 83.12866 3.82818 88.01135 5.0
13.0 3.0 13.0 21.75818 31.17645 56.47909 5.0
13.0 6.0 6.0 5.4653 84.75273 74.38176 398.0
13.0 6.0 13.0 21.75818 31.17645 56.47909 398.0
13.0 11.0 11.0 48.52996 14.0946 56.56338 1619.0
13.0 11.0 13.0 21.75818 31.17645 56.47909 1619.0
13.0 13.0 13.0 21.75818 31.17645 56.47909 3834.0
13.0 13.0 13.0 21.75818 31.17645 56.47909 3834.0
13.0 16.0 16.0 37.09658 39.11376 124.71593 1.0
13.0 16.0 13.0 21.75818 31.17645 56.47909 1.0
13.0 19.0 19.0 66.40796 15.79007 45.3956 80.0
13.0 19.0 13.0 21.75818 31.17645 56.47909 80.0
13.0 20.0 20.0 85.07672 53.72365 22.31697 8.0
13.0 20.0 13.0 21.75818 31.17645 56.47909 8.0
13.0 21.0 21.0 28.26092 78.12439 19.31609 9.0
13.0 21.0 13.0 21.75818 31.17645 56.47909 9.0
13.0 22.0 22.0 25.0917 80.02705 119.4631 4.0
13.0 22.0 13.0 21.75818 31.17645 56.47909 4.0
13.0 27.0 27.0 18.73776 45.33291 103.75043 97.0
13.0 27.0 13.0 21.75818 31.17645 56.47909 97.0
13.0 36.0 36.0 51.17586 19.51307 119.71603 3.0
13.0 36.0 13.0 21.75818 31.17645 56.47909 3.0
13.0 37.0 37.0 80.19233 11.05069 113.79634 3.0
13.0 37.0 13.0 21.75818 31.17645 56.47909 3.0
13.0 39.0 39.0 21.80174 50.14593 32.7942 1737.0
13.0 39.0 13.0 21.75818 31.17645 56.47909 1737.0
13.0 40.0 40.0 83.26824 23.53347 42.42013 2.0
13.0 40.0 13.0 21.75818 31.17645 56.47909 2.0
14.0 1.0 1.0 66.22979 89.22037 7.477 84.0
14.0 1.0 14.0 128.43365 116.09752 40.37763 84.0
14.0 8.0 8.0 89.69429 90.87674 30.29582 13.0
14.0 8.0 14.0 128.43365 116.09752 40.37763 13.0
14.0 12.0 12.0 179.8125 86.38332 84.83073 9.0
14.0 12.0 14.0 128.43365 116.09752 40.37763 9.0
14.0 14.0 14.0 128.43365 116.09752 40.37763 9037.0
14.0 14.0 14.0 128.43365 116.09752 40.37763 9037.0
14.0 20.0 20.0 85.07672 53.72365 22.31697 11.0
14.0 20.0 14.0 128.43365 116.09752 40.37763 11.0
14.0 30.0 30.0 88.47966 139.92421 62.73876 258.0
14.0 30.0 14.0 128.43365 116.09752 40.37763 258.0
14.0 31.0 31.0 121.49923 38.91387 36.00694 7.0
14.0 31.0 14.0 128.43365 116.09752 40.37763 7.0
14.0 32.0 32.0 157.13097 89.18576 58.01901 1548.0
14.0 32.0 14.0 128.43365 116.09752 40.37763 1548.0
14.0 35.0 35.0 147.77195 121.15348 95.63962 339.0
14.0 35.0 14.0 128.43365 116.09752 40.37763 339.0
14.0 43.0 43.0 101.71623 137.72578 99.14806 2.0
14.0 43.0 14.0 128.43365 116.09752 40.37763 2.0
14.0 45.0 45.0 35.00855 116.26933 28.52716 1.0
14.0 45.0 14.0 128.43365 116.09752 40.37763 1.0
14.0 46.0 46.0 114.55074 130.2769 52.75226 3270.0
14.0 46.0 14.0 128.43365 116.09752 40.37763 3270.0
15.0 3.0 3.0 83.12866 3.82818 88.01135 22.0
15.0 3.0 15.0 145.09056 26.54118 64.68972 22.0
15.0 7.0 7.0 121.65345 13.43919 56.91337 1500.0
15.0 7.0 15.0 145.09056 26.54118 64.68972 1500.0
15.0 10.0 10.0 97.04185 3.91994 61.08983 70.0
15.0 10.0 15.0 145.09056 26.54118 64.68972 70.0
15.0 12.0 12.0 179.8125 86.38332 84.83073 34.0
15.0 12.0 15.0 145.09056 26.54118 64.68972 34.0
15.0 15.0 15.0 145.09056 26.54118 64.68972 5037.0
15.0 15.0 15.0 145.09056 26.54118 64.68972 5037.0
15.0 17.0 17.0 122.77415 11.00068 94.58288 893.0
15.0 17.0 15.0 145.09056 26.54118 64.68972 893.0
15.0 18.0 18.0 159.2027 24.83937 93.93346 1018.0
15.0 18.0 15.0 145.09056 26.54118 64.68972 1018.0
15.0 23.0 23.0 173.49278 43.56891 76.97943 730.0
15.0 23.0 15.0 145.09056 26.54118 64.68972 730.0
15.0 25.0 25.0 182.83654 63.9749 100.30335 7.0
15.0 25.0 15.0 145.09056 26.54118 64.68972 7.0
15.0 26.0 26.0 132.10014 45.16414 139.13328 7.0
15.0 26.0 15.0 145.09056 26.54118 64.68972 7.0
15.0 29.0 29.0 122.66763 20.5832 121.18501 58.0
15.0 29.0 15.0 145.09056 26.54118 64.68972 58.0
15.0 31.0 31.0 121.49923 38.91387 36.00694 1402.0
15.0 31.0 15.0 145.09056 26.54118 64.68972 1402.0
15.0 32.0 32.0 157.13097 89.18576 58.01901 350.0
15.0 32.0 15.0 145.09056 26.54118 64.68972 350.0
15.0 37.0 37.0 80.19233 11.05069 113.79634 1.0
15.0 37.0 15.0 145.09056 26.54118 64.68972 1.0
15.0 40.0 40.0 83.26824 23.53347 42.42013 3.0
15.0 40.0 15.0 145.09056 26.54118 64.68972 3.0
15.0 47.0 47.0 164.20383 62.76751 126.11715 13.0
15.0 47.0 15.0 145.09056 26.54118 64.68972 13.0
16.0 0.0 0.0 55.09444 48.87307 141.96102 1416.0
16.0 0.0 16.0 37.09658 39.11376 124.71593 1416.0
16.0 2.0 2.0 27.39428 25.33754 87.71399 725.0
16.0 2.0 16.0 37.09658 39.11376 124.71593 725.0
16.0 3.0 3.0 83.12866 3.82818 88.01135 16.0
16.0 3.0 16.0 37.09658 39.11376 124.71593 16.0
16.0 4.0 4.0 72.07309 108.39767 139.67129 1.0
16.0 4.0 16.0 37.09658 39.11376 124.71593 1.0
16.0 6.0 6.0 5.4653 84.75273 74.38176 5.0
16.0 6.0 16.0 37.09658 39.11376 124.71593 5.0
16.0 11.0 11.0 48.52996 14.0946 56.56338 14.0
16.0 11.0 16.0 37.09658 39.11376 124.71593 14.0
16.0 13.0 13.0 21.75818 31.17645 56.47909 2.0
16.0 13.0 16.0 37.09658 39.11376 124.71593 2.0
16.0 16.0 16.0 37.09658 39.11376 124.71593 4210.0
16.0 16.0 16.0 37.09658 39.11376 124.71593 4210.0
16.0 22.0 22.0 25.0917 80.02705 119.4631 1252.0
16.0 22.0 16.0 37.09658 39.11376 124.71593 1252.0
16.0 23.0 23.0 173.49278 43.56891 76.97943 1.0
16.0 23.0 16.0 37.09658 39.11376 124.71593 1.0
16.0 27.0 27.0 18.73776 45.33291 103.75043 1153.0
16.0 27.0 16.0 37.09658 39.11376 124.71593 1153.0
16.0 28.0 28.0 84.31203 38.95404 143.15006 52.0
16.0 28.0 16.0 37.09658 39.11376 124.71593 52.0
16.0 33.0 33.0 97.13612 49.95583 149.24171 5.0
16.0 33.0 16.0 37.09658 39.11376 124.71593 5.0
16.0 36.0 36.0 51.17586 19.51307 119.71603 1066.0
16.0 36.0 16.0 37.09658 39.11376 124.71593 1066.0
16.0 37.0 37.0 80.19233 11.05069 113.79634 157.0
16.0 37.0 16.0 37.09658 39.11376 124.71593 157.0
16.0 38.0 38.0 88.69602 68.41928 152.61569 14.0
16.0 38.0 16.0 37.09658 39.11376 124.71593 14.0
16.0 42.0 42.0 56.61808 85.239 144.95249 183.0
16.0 42.0 16.0 37.09658 39.11376 124.71593 183.0
16.0 44.0 44.0 70.25971 22.72389 131.35009 239.0
16.0 44.0 16.0 37.09658 39.11376 124.71593 239.0
17.0 3.0 3.0 83.12866 3.82818 88.01135 1176.0
17.0 3.0 17.0 122.77415 11.00068 94.58288 1176.0
17.0 7.0 7.0 121.65345 13.43919 56.91337 796.0
17.0 7.0 17.0 122.77415 11.00068 94.58288 796.0
17.0 10.0 10.0 97.04185 3.91994 61.08983 483.0
17.0 10.0 17.0 122.77415 11.00068 94.58288 483.0
17.0 15.0 15.0 145.09056 26.54118 64.68972 880.0
17.0 15.0 17.0 122.77415 11.00068 94.58288 880.0
17.0 17.0 17.0 122.77415 11.00068 94.58288 5007.0
17.0 17.0 17.0 122.77415 11.00068 94.58288 5007.0
17.0 18.0 18.0 159.2027 24.83937 93.93346 606.0
17.0 18.0 17.0 122.77415 11.00068 94.58288 606.0
17.0 19.0 19.0 66.40796 15.79007 45.3956 2.0
17.0 19.0 17.0 122.77415 11.00068 94.58288 2.0
17.0 23.0 23.0 173.49278 43.56891 76.97943 8.0
17.0 23.0 17.0 122.77415 11.00068 94.58288 8.0
17.0 26.0 26.0 132.10014 45.16414 139.13328 75.0
17.0 26.0 17.0 122.77415 11.00068 94.58288 75.0
17.0 28.0 28.0 84.31203 38.95404 143.15006 11.0
17.0 28.0 17.0 122.77415 11.00068 94.58288 11.0
17.0 29.0 29.0 122.66763 20.5832 121.18501 1506.0
17.0 29.0 17.0 122.77415 11.00068 94.58288 1506.0
17.0 31.0 31.0 121.49923 38.91387 36.00694 6.0
17.0 31.0 17.0 122.77415 11.00068 94.58288 6.0
17.0 33.0 33.0 97.13612 49.95583 149.24171 1.0
17.0 33.0 17.0 122.77415 11.00068 94.58288 1.0
17.0 37.0 37.0 80.19233 11.05069 113.79634 494.0
17.0 37.0 17.0 122.77415 11.00068 94.58288 494.0
17.0 40.0 40.0 83.26824 23.53347 42.42013 4.0
17.0 40.0 17.0 122.77415 11.00068 94.58288 4.0
17.0 44.0 44.0 70.25971 22.72389 131.35009 3.0
17.0 44.0 17.0 122.77415 11.00068 94.58288 3.0
17.0 45.0 45.0 35.00855 116.26933 28.52716 1.0
17.0 45.0 17.0 122.77415 11.00068 94.58288 1.0
17.0 47.0 47.0 164.20383 62.76751 126.11715 17.0
17.0 47.0 17.0 122.77415 11.00068 94.58288 17.0
18.0 3.0 3.0 83.12866 3.82818 88.01135 1.0
18.0 3.0 18.0 159.2027 24.83937 93.93346 1.0
18.0 7.0 7.0 121.65345 13.43919 56.91337 43.0
18.0 7.0 18.0 159.2027 24.83937 93.93346 43.0
18.0 12.0 12.0 179.8125 86.38332 84.83073 10.0
18.0 12.0 18.0 159.2027 24.83937 93.93346 10.0
18.0 15.0 15.0 145.09056 26.54118 64.68972 1106.0
18.0 15.0 18.0 159.2027 24.83937 93.93346 1106.0
18.0 17.0 17.0 122.77415 11.00068 94.58288 626.0
18.0 17.0 18.0 159.2027 24.83937 93.93346 626.0
18.0 18.0 18.0 159.2027 24.83937 93.93346 3173.0
18.0 18.0 18.0 159.2027 24.83937 93.93346 3173.0
18.0 23.0 23.0 173.49278 43.56891 76.97943 971.0
18.0 23.0 18.0 159.2027 24.83937 93.93346 971.0
18.0 25.0 25.0 182.83654 63.9749 100.30335 103.0
18.0 25.0 18.0 159.2027 24.83937 93.93346 103.0
18.0 26.0 26.0 132.10014 45.16414 139.13328 222.0
18.0 26.0 18.0 159.2027 24.83937 93.93346 222.0
18.0 29.0 29.0 122.66763 20.5832 121.18501 574.0
18.0 29.0 18.0 159.2027 24.83937 93.93346 574.0
18.0 31.0 31.0 121.49923 38.91387 36.00694 10.0
18.0 31.0 18.0 159.2027 24.83937 93.93346 10.0
18.0 32.0 32.0 157.13097 89.18576 58.01901 11.0
18.0 32.0 18.0 159.2027 24.83937 93.93346 11.0
18.0 37.0 37.0 80.19233 11.05069 113.79634 3.0
18.0 37.0 18.0 159.2027 24.83937 93.93346 3.0
18.0 47.0 47.0 164.20383 62.76751 126.11715 625.0
18.0 47.0 18.0 159.2027 24.83937 93.93346 625.0
19.0 1.0 1.0 66.22979 89.22037 7.477 21.0
19.0 1.0 19.0 66.40796 15.79007 45.3956 21.0
19.0 2.0 2.0 27.39428 25.33754 87.71399 14.0
19.0 2.0 19.0 66.40796 15.79007 45.3956 14.0
19.0 3.0 3.0 83.12866 3.82818 88.01135 453.0
19.0 3.0 19.0 66.40796 15.79007 45.3956 453.0
19.0 7.0 7.0 121.65345 13.43919 56.91337 9.0
19.0 7.0 19.0 66.40796 15.79007 45.3956 9.0
19.0 10.0 10.0 97.04185 3.91994 61.08983 558.0
19.0 10.0 19.0 66.40796 15.79007 45.3956 558.0
19.0 11.0 11.0 48.52996 14.0946 56.56338 1912.0
19.0 11.0 19.0 66.40796 15.79007 45.3956 1912.0
19.0 13.0 13.0 21.75818 31.17645 56.47909 70.0
19.0 13.0 19.0 66.40796 15.79007 45.3956 70.0
19.0 17.0 17.0 122.77415 11.00068 94.58288 1.0
19.0 17.0 19.0 66.40796 15.79007 45.3956 1.0
19.0 19.0 19.0 66.40796 15.79007 45.3956 2126.0
19.0 19.0 19.0 66.40796 15.79007 45.3956 2126.0
19.0 20.0 20.0 85.07672 53.72365 22.31697 553.0
19.0 20.0 19.0 66.40796 15.79007 45.3956 553.0
19.0 21.0 21.0 28.26092 78.12439 19.31609 19.0
19.0 21.0 19.0 66.40796 15.79007 45.3956 19.0
19.0 31.0 31.0 121.49923 38.91387 36.00694 31.0
19.0 31.0 19.0 66.40796 15.79007 45.3956 31.0
19.0 37.0 37.0 80.19233 11.05069 113.79634 22.0
19.0 37.0 19.0 66.40796 15.79007 45.3956 22.0
19.0 39.0 39.0 21.80174 50.14593 32.7942 217.0
19.0 39.0 19.0 66.40796 15.79007 45.3956 217.0
19.0 40.0 40.0 83.26824 23.53347 42.42013 1561.0
19.0 40.0 19.0 66.40796 15.79007 45.3956 1561.0
20.0 1.0 1.0 66.22979 89.22037 7.477 2242.0
20.0 1.0 20.0 85.07672 53.72365 22.31697 2242.0
20.0 7.0 7.0 121.65345 13.43919 56.91337 12.0
20.0 7.0 20.0 85.07672 53.72365 22.31697 12.0
20.0 8.0 8.0 89.69429 90.87674 30.29582 107.0
20.0 8.0 20.0 85.07672 53.72365 22.31697 107.0
20.0 10.0 10.0 97.04185 3.91994 61.08983 29.0
20.0 10.0 20.0 85.07672 53.72365 22.31697 29.0
20.0 11.0 11.0 48.52996 14.0946 56.56338 264.0
20.0 11.0 20.0 85.07672 53.72365 22.31697 264.0
20.0 12.0 12.0 179.8125 86.38332 84.83073 1.0
20.0 12.0 20.0 85.07672 53.72365 22.31697 1.0
20.0 13.0 13.0 21.75818 31.17645 56.47909 9.0
20.0 13.0 20.0 85.07672 53.72365 22.31697 9.0
20.0 14.0 14.0 128.43365 116.09752 40.37763 11.0
20.0 14.0 20.0 85.07672 53.72365 22.31697 11.0
20.0 15.0 15.0 145.09056 26.54118 64.68972 1.0
20.0 15.0 20.0 85.07672 53.72365 22.31697 1.0
20.0 19.0 19.0 66.40796 15.79007 45.3956 566.0
20.0 19.0 20.0 85.07672 53.72365 22.31697 566.0
20.0 20.0 20.0 85.07672 53.72365 22.31697 14584.0
20.0 20.0 20.0 85.07672 53.72365 22.31697 14584.0
20.0 21.0 21.0 28.26092 78.12439 19.31609 255.0
20.0 21.0 20.0 85.07672 53.72365 22.31697 255.0
20.0 31.0 31.0 121.49923 38.91387 36.00694 2414.0
20.0 31.0 20.0 85.07672 53.72365 22.31697 2414.0
20.0 32.0 32.0 157.13097 89.18576 58.01901 11.0
20.0 32.0 20.0 85.07672 53.72365 22.31697 11.0
20.0 39.0 39.0 21.80174 50.14593 32.7942 499.0
20.0 39.0 20.0 85.07672 53.72365 22.31697 499.0
20.0 40.0 40.0 83.26824 23.53347 42.42013 1727.0
20.0 40.0 20.0 85.07672 53.72365 22.31697 1727.0
20.0 45.0 45.0 35.00855 116.26933 28.52716 2.0
20.0 45.0 20.0 85.07672 53.72365 22.31697 2.0
20.0 46.0 46.0 114.55074 130.2769 52.75226 2.0
20.0 46.0 20.0 85.07672 53.72365 22.31697 2.0
21.0 1.0 1.0 66.22979 89.22037 7.477 1478.0
21.0 1.0 21.0 28.26092 78.12439 19.31609 1478.0
21.0 6.0 6.0 5.4653 84.75273 74.38176 609.0
21.0 6.0 21.0 28.26092 78.12439 19.31609 609.0
21.0 11.0 11.0 48.52996 14.0946 56.56338 33.0
21.0 11.0 21.0 28.26092 78.12439 19.31609 33.0
21.0 13.0 13.0 21.75818 31.17645 56.47909 6.0
21.0 13.0 21.0 28.26092 78.12439 19.31609 6.0
21.0 19.0 19.0 66.40796 15.79007 45.3956 14.0
21.0 19.0 21.0 28.26092 78.12439 19.31609 14.0
21.0 20.0 20.0 85.07672 53.72365 22.31697 246.0
21.0 20.0 21.0 28.26092 78.12439 19.31609 246.0
21.0 21.0 21.0 28.26092 78.12439 19.31609 6319.0
21.0 21.0 21.0 28.26092 78.12439 19.31609 6319.0
21.0 39.0 39.0 21.80174 50.14593 32.7942 2346.0
21.0 39.0 21.0 28.26092 78.12439 19.31609 2346.0
21.0 40.0 40.0 83.26824 23.53347 42.42013 3.0
21.0 40.0 21.0 28.26092 78.12439 19.31609 3.0
21.0 45.0 45.0 35.00855 116.26933 28.52716 1909.0
21.0 45.0 21.0 28.26092 78.12439 19.31609 1909.0
22.0 0.0 0.0 55.09444 48.87307 141.96102 622.0
22.0 0.0 22.0 25.0917 80.02705 119.4631 622.0
22.0 2.0 2.0 27.39428 25.33754 87.71399 71.0
22.0 2.0 22.0 25.0917 80.02705 119.4631 71.0
22.0 4.0 4.0 72.07309 108.39767 139.67129 499.0
22.0 4.0 22.0 25.0917 80.02705 119.4631 499.0
22.0 5.0 5.0 42.38986 127.04683 106.42452 41.0
22.0 5.0 22.0 25.0917 80.02705 119.4631 41.0
22.0 6.0 6.0 5.4653 84.75273 74.38176 2094.0
22.0 6.0 22.0 25.0917 80.02705 119.4631 2094.0
22.0 13.0 13.0 21.75818 31.17645 56.47909 4.0
22.0 13.0 22.0 25.0917 80.02705 119.4631 4.0
22.0 16.0 16.0 37.09658 39.11376 124.71593 1226.0
22.0 16.0 22.0 25.0917 80.02705 119.4631 1226.0
22.0 22.0 22.0 25.0917 80.02705 119.4631 14545.0
22.0 22.0 22.0 25.0917 80.02705 119.4631 14545.0
22.0 27.0 27.0 18.73776 45.33291 103.75043 1328.0
22.0 27.0 22.0 25.0917 80.02705 119.4631 1328.0
22.0 28.0 28.0 84.31203 38.95404 143.15006 18.0
22.0 28.0 22.0 25.0917 80.02705 119.4631 18.0
22.0 33.0 33.0 97.13612 49.95583 149.24171 3.0
22.0 33.0 22.0 25.0917 80.02705 119.4631 3.0
22.0 36.0 36.0 51.17586 19.51307 119.71603 16.0
22.0 36.0 22.0 25.0917 80.02705 119.4631 16.0
22.0 37.0 37.0 80.19233 11.05069 113.79634 1.0
22.0 37.0 22.0 25.0917 80.02705 119.4631 1.0
22.0 38.0 38.0 88.69602 68.41928 152.61569 24.0
22.0 38.0 22.0 25.0917 80.02705 119.4631 24.0
22.0 41.0 41.0 59.83983 126.04415 122.51393 873.0
22.0 41.0 22.0 25.0917 80.02705 119.4631 873.0
22.0 42.0 42.0 56.61808 85.239 144.95249 1692.0
22.0 42.0 22.0 25.0917 80.02705 119.4631 1692.0
22.0 43.0 43.0 101.71623 137.72578 99.14806 1.0
22.0 43.0 22.0 25.0917 80.02705 119.4631 1.0
22.0 44.0 44.0 70.25971 22.72389 131.35009 2.0
22.0 44.0 22.0 25.0917 80.02705 119.4631 2.0
23.0 7.0 7.0 121.65345 13.43919 56.91337 16.0
23.0 7.0 23.0 173.49278 43.56891 76.97943 16.0
23.0 12.0 12.0 179.8125 86.38332 84.83073 582.0
23.0 12.0 23.0 173.49278 43.56891 76.97943 582.0
23.0 15.0 15.0 145.09056 26.54118 64.68972 773.0
23.0 15.0 23.0 173.49278 43.56891 76.97943 773.0
23.0 17.0 17.0 122.77415 11.00068 94.58288 7.0
23.0 17.0 23.0 173.49278 43.56891 76.97943 7.0
23.0 18.0 18.0 159.2027 24.83937 93.93346 1043.0
23.0 18.0 23.0 173.49278 43.56891 76.97943 1043.0
23.0 23.0 23.0 173.49278 43.56891 76.97943 3260.0
23.0 23.0 23.0 173.49278 43.56891 76.97943 3260.0
23.0 25.0 25.0 182.83654 63.9749 100.30335 770.0
23.0 25.0 23.0 173.49278 43.56891 76.97943 770.0
23.0 26.0 26.0 132.10014 45.16414 139.13328 10.0
23.0 26.0 23.0 173.49278 43.56891 76.97943 10.0
23.0 29.0 29.0 122.66763 20.5832 121.18501 9.0
23.0 29.0 23.0 173.49278 43.56891 76.97943 9.0
23.0 31.0 31.0 121.49923 38.91387 36.00694 125.0
23.0 31.0 23.0 173.49278 43.56891 76.97943 125.0
23.0 32.0 32.0 157.13097 89.18576 58.01901 521.0
23.0 32.0 23.0 173.49278 43.56891 76.97943 521.0
23.0 37.0 37.0 80.19233 11.05069 113.79634 1.0
23.0 37.0 23.0 173.49278 43.56891 76.97943 1.0
23.0 47.0 47.0 164.20383 62.76751 126.11715 330.0
23.0 47.0 23.0 173.49278 43.56891 76.97943 330.0
24.0 0.0 0.0 55.09444 48.87307 141.96102 10.0
24.0 0.0 24.0 107.83146 87.22056 149.15428 10.0
24.0 4.0 4.0 72.07309 108.39767 139.67129 1542.0
24.0 4.0 24.0 107.83146 87.22056 149.15428 1542.0
24.0 9.0 9.0 78.57712 139.93078 102.62903 21.0
24.0 9.0 24.0 107.83146 87.22056 149.15428 21.0
24.0 24.0 24.0 107.83146 87.22056 149.15428 8794.0
24.0 24.0 24.0 107.83146 87.22056 149.15428 8794.0
24.0 26.0 26.0 132.10014 45.16414 139.13328 905.0
24.0 26.0 24.0 107.83146 87.22056 149.15428 905.0
24.0 28.0 28.0 84.31203 38.95404 143.15006 38.0
24.0 28.0 24.0 107.83146 87.22056 149.15428 38.0
24.0 29.0 29.0 122.66763 20.5832 121.18501 1.0
24.0 29.0 24.0 107.83146 87.22056 149.15428 1.0
24.0 30.0 30.0 88.47966 139.92421 62.73876 1.0
24.0 30.0 24.0 107.83146 87.22056 149.15428 1.0
24.0 33.0 33.0 97.13612 49.95583 149.24171 463.0
24.0 33.0 24.0 107.83146 87.22056 149.15428 463.0
24.0 34.0 34.0 127.76305 111.26584 129.58393 2570.0
24.0 34.0 24.0 107.83146 87.22056 149.15428 2570.0
24.0 35.0 35.0 147.77195 121.15348 95.63962 5.0
24.0 35.0 24.0 107.83146 87.22056 149.15428 5.0
24.0 38.0 38.0 88.69602 68.41928 152.61569 1920.0
24.0 38.0 24.0 107.83146 87.22056 149.15428 1920.0
24.0 41.0 41.0 59.83983 126.04415 122.51393 77.0
24.0 41.0 24.0 107.83146 87.22056 149.15428 77.0
24.0 42.0 42.0 56.61808 85.239 144.95249 541.0
24.0 42.0 24.0 107.83146 87.22056 149.15428 541.0
24.0 43.0 43.0 101.71623 137.72578 99.14806 6.0
24.0 43.0 24.0 107.83146 87.22056 149.15428 6.0
24.0 44.0 44.0 70.25971 22.72389 131.35009 2.0
24.0 44.0 24.0 107.83146 87.22056 149.15428 2.0
24.0 47.0 47.0 164.20383 62.76751 126.11715 196.0
24.0 47.0 24.0 107.83146 87.22056 149.15428 196.0
25.0 7.0 7.0 121.65345 13.43919 56.91337 1.0
25.0 7.0 25.0 182.83654 63.9749 100.30335 1.0
25.0 12.0 12.0 179.8125 86.38332 84.83073 1184.0
25.0 12.0 25.0 182.83654 63.9749 100.30335 1184.0
25.0 15.0 15.0 145.09056 26.54118 64.68972 7.0
25.0 15.0 25.0 182.83654 63.9749 100.30335 7.0
25.0 18.0 18.0 159.2027 24.83937 93.93346 119.0
25.0 18.0 25.0 182.83654 63.9749 100.30335 119.0
25.0 23.0 23.0 173.49278 43.56891 76.97943 727.0
25.0 23.0 25.0 182.83654 63.9749 100.30335 727.0
25.0 25.0 25.0 182.83654 63.9749 100.30335 2205.0
25.0 25.0 25.0 182.83654 63.9749 100.30335 2205.0
25.0 26.0 26.0 132.10014 45.16414 139.13328 5.0
25.0 26.0 25.0 182.83654 63.9749 100.30335 5.0
25.0 32.0 32.0 157.13097 89.18576 58.01901 44.0
25.0 32.0 25.0 182.83654 63.9749 100.30335 44.0
25.0 34.0 34.0 127.76305 111.26584 129.58393 29.0
25.0 34.0 25.0 182.83654 63.9749 100.30335 29.0
25.0 35.0 35.0 147.77195 121.15348 95.63962 78.0
25.0 35.0 25.0 182.83654 63.9749 100.30335 78.0
25.0 46.0 46.0 114.55074 130.2769 52.75226 1.0
25.0 46.0 25.0 182.83654 63.9749 100.30335 1.0
25.0 47.0 47.0 164.20383 62.76751 126.11715 1256.0
25.0 47.0 25.0 182.83654 63.9749 100.30335 1256.0
26.0 0.0 0.0 55.09444 48.87307 141.96102 1.0
26.0 0.0 26.0 132.10014 45.16414 139.13328 1.0
26.0 3.0 3.0 83.12866 3.82818 88.01135 3.0
26.0 3.0 26.0 132.10014 45.16414 139.13328 3.0
26.0 15.0 15.0 145.09056 26.54118 64.68972 1.0
26.0 15.0 26.0 132.10014 45.16414 139.13328 1.0
26.0 17.0 17.0 122.77415 11.00068 94.58288 91.0
26.0 17.0 26.0 132.10014 45.16414 139.13328 91.0
26.0 18.0 18.0 159.2027 24.83937 93.93346 226.0
26.0 18.0 26.0 132.10014 45.16414 139.13328 226.0
26.0 23.0 23.0 173.49278 43.56891 76.97943 2.0
26.0 23.0 26.0 132.10014 45.16414 139.13328 2.0
26.0 24.0 24.0 107.83146 87.22056 149.15428 990.0
26.0 24.0 26.0 132.10014 45.16414 139.13328 990.0
26.0 25.0 25.0 182.83654 63.9749 100.30335 4.0
26.0 25.0 26.0 132.10014 45.16414 139.13328 4.0
26.0 26.0 26.0 132.10014 45.16414 139.13328 8014.0
26.0 26.0 26.0 132.10014 45.16414 139.13328 8014.0
26.0 28.0 28.0 84.31203 38.95404 143.15006 449.0
26.0 28.0 26.0 132.10014 45.16414 139.13328 449.0
26.0 29.0 29.0 122.66763 20.5832 121.18501 1834.0
26.0 29.0 26.0 132.10014 45.16414 139.13328 1834.0
26.0 33.0 33.0 97.13612 49.95583 149.24171 1064.0
26.0 33.0 26.0 132.10014 45.16414 139.13328 1064.0
26.0 34.0 34.0 127.76305 111.26584 129.58393 287.0
26.0 34.0 26.0 132.10014 45.16414 139.13328 287.0
26.0 35.0 35.0 147.77195 121.15348 95.63962 1.0
26.0 35.0 26.0 132.10014 45.16414 139.13328 1.0
26.0 37.0 37.0 80.19233 11.05069 113.79634 111.0
26.0 37.0 26.0 132.10014 45.16414 139.13328 111.0
26.0 38.0 38.0 88.69602 68.41928 152.61569 424.0
26.0 38.0 26.0 132.10014 45.16414 139.13328 424.0
26.0 44.0 44.0 70.25971 22.72389 131.35009 13.0
26.0 44.0 26.0 132.10014 45.16414 139.13328 13.0
26.0 47.0 47.0 164.20383 62.76751 126.11715 1657.0
26.0 47.0 26.0 132.10014 45.16414 139.13328 1657.0
27.0 0.0 0.0 55.09444 48.87307 141.96102 47.0
27.0 0.0 27.0 18.73776 45.33291 103.75043 47.0
27.0 2.0 2.0 27.39428 25.33754 87.71399 1576.0
27.0 2.0 27.0 18.73776 45.33291 103.75043 1576.0
27.0 3.0 3.0 83.12866 3.82818 88.01135 2.0
27.0 3.0 27.0 18.73776 45.33291 103.75043 2.0
27.0 6.0 6.0 5.4653 84.75273 74.38176 781.0
27.0 6.0 27.0 18.73776 45.33291 103.75043 781.0
27.0 11.0 11.0 48.52996 14.0946 56.56338 18.0
27.0 11.0 27.0 18.73776 45.33291 103.75043 18.0
27.0 13.0 13.0 21.75818 31.17645 56.47909 125.0
27.0 13.0 27.0 18.73776 45.33291 103.75043 125.0
27.0 16.0 16.0 37.09658 39.11376 124.71593 1284.0
27.0 16.0 27.0 18.73776 45.33291 103.75043 1284.0
27.0 22.0 22.0 25.0917 80.02705 119.4631 1355.0
27.0 22.0 27.0 18.73776 45.33291 103.75043 1355.0
27.0 27.0 27.0 18.73776 45.33291 103.75043 3352.0
27.0 27.0 27.0 18.73776 45.33291 103.75043 3352.0
27.0 36.0 36.0 51.17586 19.51307 119.71603 87.0
27.0 36.0 27.0 18.73776 45.33291 103.75043 87.0
27.0 37.0 37.0 80.19233 11.05069 113.79634 10.0
27.0 37.0 27.0 18.73776 45.33291 103.75043 10.0
27.0 39.0 39.0 21.80174 50.14593 32.7942 21.0
27.0 39.0 27.0 18.73776 45.33291 103.75043 21.0
27.0 42.0 42.0 56.61808 85.239 144.95249 2.0
27.0 42.0 27.0 18.73776 45.33291 103.75043 2.0
27.0 44.0 44.0 70.25971 22.72389 131.35009 8.0
27.0 44.0 27.0 18.73776 45.33291 103.75043 8.0
28.0 0.0 0.0 55.09444 48.87307 141.96102 1109.0
28.0 0.0 28.0 84.31203 38.95404 143.15006 1109.0
28.0 3.0 3.0 83.12866 3.82818 88.01135 5.0
28.0 3.0 28.0 84.31203 38.95404 143.15006 5.0
28.0 4.0 4.0 72.07309 108.39767 139.67129 4.0
28.0 4.0 28.0 84.31203 38.95404 143.15006 4.0
28.0 16.0 16.0 37.09658 39.11376 124.71593 47.0
28.0 16.0 28.0 84.31203 38.95404 143.15006 47.0
28.0 17.0 17.0 122.77415 11.00068 94.58288 10.0
28.0 17.0 28.0 84.31203 38.95404 143.15006 10.0
28.0 22.0 22.0 25.0917 80.02705 119.4631 13.0
28.0 22.0 28.0 84.31203 38.95404 143.15006 13.0
28.0 24.0 24.0 107.83146 87.22056 149.15428 37.0
28.0 24.0 28.0 84.31203 38.95404 143.15006 37.0
28.0 26.0 26.0 132.10014 45.16414 139.13328 407.0
28.0 26.0 28.0 84.31203 38.95404 143.15006 407.0
28.0 28.0 28.0 84.31203 38.95404 143.15006 3126.0
28.0 28.0 28.0 84.31203 38.95404 143.15006 3126.0
28.0 29.0 29.0 122.66763 20.5832 121.18501 481.0
28.0 29.0 28.0 84.31203 38.95404 143.15006 481.0
28.0 33.0 33.0 97.13612 49.95583 149.24171 1608.0
28.0 33.0 28.0 84.31203 38.95404 143.15006 1608.0
28.0 36.0 36.0 51.17586 19.51307 119.71603 82.0
28.0 36.0 28.0 84.31203 38.95404 143.15006 82.0
28.0 37.0 37.0 80.19233 11.05069 113.79634 692.0
28.0 37.0 28.0 84.31203 38.95404 143.15006 692.0
28.0 38.0 38.0 88.69602 68.41928 152.61569 589.0
28.0 38.0 28.0 84.31203 38.95404 143.15006 589.0
28.0 42.0 42.0 56.61808 85.239 144.95249 164.0
28.0 42.0 28.0 84.31203 38.95404 143.15006 164.0
28.0 44.0 44.0 70.25971 22.72389 131.35009 919.0
28.0 44.0 28.0 84.31203 38.95404 143.15006 919.0
29.0 0.0 0.0 55.09444 48.87307 141.96102 3.0
29.0 0.0 29.0 122.66763 20.5832 121.18501 3.0
29.0 3.0 3.0 83.12866 3.82818 88.01135 223.0
29.0 3.0 29.0 122.66763 20.5832 121.18501 223.0
29.0 7.0 7.0 121.65345 13.43919 56.91337 11.0
29.0 7.0 29.0 122.66763 20.5832 121.18501 11.0
29.0 10.0 10.0 97.04185 3.91994 61.08983 1.0
29.0 10.0 29.0 122.66763 20.5832 121.18501 1.0
29.0 15.0 15.0 145.09056 26.54118 64.68972 59.0
29.0 15.0 29.0 122.66763 20.5832 121.18501 59.0
29.0 17.0 17.0 122.77415 11.00068 94.58288 1585.0
29.0 17.0 29.0 122.66763 20.5832 121.18501 1585.0
29.0 18.0 18.0 159.2027 24.83937 93.93346 500.0
29.0 18.0 29.0 122.66763 20.5832 121.18501 500.0
29.0 23.0 23.0 173.49278 43.56891 76.97943 15.0
29.0 23.0 29.0 122.66763 20.5832 121.18501 15.0
29.0 25.0 25.0 182.83654 63.9749 100.30335 1.0
29.0 25.0 29.0 122.66763 20.5832 121.18501 1.0
29.0 26.0 26.0 132.10014 45.16414 139.13328 1818.0
29.0 26.0 29.0 122.66763 20.5832 121.18501 1818.0
29.0 28.0 28.0 84.31203 38.95404 143.15006 466.0
29.0 28.0 29.0 122.66763 20.5832 121.18501 466.0
29.0 29.0 29.0 122.66763 20.5832 121.18501 4704.0
29.0 29.0 29.0 122.66763 20.5832 121.18501 4704.0
29.0 33.0 33.0 97.13612 49.95583 149.24171 191.0
29.0 33.0 29.0 122.66763 20.5832 121.18501 191.0
29.0 37.0 37.0 80.19233 11.05069 113.79634 1171.0
29.0 37.0 29.0 122.66763 20.5832 121.18501 1171.0
29.0 38.0 38.0 88.69602 68.41928 152.61569 6.0
29.0 38.0 29.0 122.66763 20.5832 121.18501 6.0
29.0 44.0 44.0 70.25971 22.72389 131.35009 85.0
29.0 44.0 29.0 122.66763 20.5832 121.18501 85.0
29.0 46.0 46.0 114.55074 130.2769 52.75226 1.0
29.0 46.0 29.0 122.66763 20.5832 121.18501 1.0
29.0 47.0 47.0 164.20383 62.76751 126.11715 232.0
29.0 47.0 29.0 122.66763 20.5832 121.18501 232.0
30.0 1.0 1.0 66.22979 89.22037 7.477 370.0
30.0 1.0 30.0 88.47966 139.92421 62.73876 370.0
30.0 5.0 5.0 42.38986 127.04683 106.42452 8.0
30.0 5.0 30.0 88.47966 139.92421 62.73876 8.0
30.0 8.0 8.0 89.69429 90.87674 30.29582 26.0
30.0 8.0 30.0 88.47966 139.92421 62.73876 26.0
30.0 9.0 9.0 78.57712 139.93078 102.62903 1447.0
30.0 9.0 30.0 88.47966 139.92421 62.73876 1447.0
30.0 14.0 14.0 128.43365 116.09752 40.37763 212.0
30.0 14.0 30.0 88.47966 139.92421 62.73876 212.0
30.0 23.0 23.0 173.49278 43.56891 76.97943 1.0
30.0 23.0 30.0 88.47966 139.92421 62.73876 1.0
30.0 30.0 30.0 88.47966 139.92421 62.73876 16193.0
30.0 30.0 30.0 88.47966 139.92421 62.73876 16193.0
30.0 32.0 32.0 157.13097 89.18576 58.01901 3.0
30.0 32.0 30.0 88.47966 139.92421 62.73876 3.0
30.0 34.0 34.0 127.76305 111.26584 129.58393 75.0
30.0 34.0 30.0 88.47966 139.92421 62.73876 75.0
30.0 35.0 35.0 147.77195 121.15348 95.63962 725.0
30.0 35.0 30.0 88.47966 139.92421 62.73876 725.0
30.0 41.0 41.0 59.83983 126.04415 122.51393 27.0
30.0 41.0 30.0 88.47966 139.92421 62.73876 27.0
30.0 43.0 43.0 101.71623 137.72578 99.14806 2281.0
30.0 43.0 30.0 88.47966 139.92421 62.73876 2281.0
30.0 45.0 45.0 35.00855 116.26933 28.52716 922.0
30.0 45.0 30.0 88.47966 139.92421 62.73876 922.0
30.0 46.0 46.0 114.55074 130.2769 52.75226 3518.0
30.0 46.0 30.0 88.47966 139.92421 62.73876 3518.0
31.0 1.0 1.0 66.22979 89.22037 7.477 1.0
31.0 1.0 31.0 121.49923 38.91387 36.00694 1.0
31.0 3.0 3.0 83.12866 3.82818 88.01135 1.0
31.0 3.0 31.0 121.49923 38.91387 36.00694 1.0
31.0 7.0 7.0 121.65345 13.43919 56.91337 1650.0
31.0 7.0 31.0 121.49923 38.91387 36.00694 1650.0
31.0 8.0 8.0 89.69429 90.87674 30.29582 25.0
31.0 8.0 31.0 121.49923 38.91387 36.00694 25.0
31.0 10.0 10.0 97.04185 3.91994 61.08983 405.0
31.0 10.0 31.0 121.49923 38.91387 36.00694 405.0
31.0 11.0 11.0 48.52996 14.0946 56.56338 4.0
31.0 11.0 31.0 121.49923 38.91387 36.00694 4.0
31.0 12.0 12.0 179.8125 86.38332 84.83073 9.0
31.0 12.0 31.0 121.49923 38.91387 36.00694 9.0
31.0 14.0 14.0 128.43365 116.09752 40.37763 7.0
31.0 14.0 31.0 121.49923 38.91387 36.00694 7.0
31.0 15.0 15.0 145.09056 26.54118 64.68972 1413.0
31.0 15.0 31.0 121.49923 38.91387 36.00694 1413.0
31.0 17.0 17.0 122.77415 11.00068 94.58288 7.0
31.0 17.0 31.0 121.49923 38.91387 36.00694 7.0
31.0 18.0 18.0 159.2027 24.83937 93.93346 11.0
31.0 18.0 31.0 121.49923 38.91387 36.00694 11.0
31.0 19.0 19.0 66.40796 15.79007 45.3956 33.0
31.0 19.0 31.0 121.49923 38.91387 36.00694 33.0
31.0 20.0 20.0 85.07672 53.72365 22.31697 2537.0
31.0 20.0 31.0 121.49923 38.91387 36.00694 2537.0
31.0 23.0 23.0 173.49278 43.56891 76.97943 126.0
31.0 23.0 31.0 121.49923 38.91387 36.00694 126.0
31.0 31.0 31.0 121.49923 38.91387 36.00694 12906.0
31.0 31.0 31.0 121.49923 38.91387 36.00694 12906.0
31.0 32.0 32.0 157.13097 89.18576 58.01901 707.0
31.0 32.0 31.0 121.49923 38.91387 36.00694 707.0
31.0 35.0 35.0 147.77195 121.15348 95.63962 1.0
31.0 35.0 31.0 121.49923 38.91387 36.00694 1.0
31.0 40.0 40.0 83.26824 23.53347 42.42013 1073.0
31.0 40.0 31.0 121.49923 38.91387 36.00694 1073.0
31.0 45.0 45.0 35.00855 116.26933 28.52716 1.0
31.0 45.0 31.0 121.49923 38.91387 36.00694 1.0
32.0 7.0 7.0 121.65345 13.43919 56.91337 6.0
32.0 7.0 32.0 157.13097 89.18576 58.01901 6.0
32.0 12.0 12.0 179.8125 86.38332 84.83073 1686.0
32.0 12.0 32.0 157.13097 89.18576 58.01901 1686.0
32.0 14.0 14.0 128.43365 116.09752 40.37763 1719.0
32.0 14.0 32.0 157.13097 89.18576 58.01901 1719.0
32.0 15.0 15.0 145.09056 26.54118 64.68972 386.0
32.0 15.0 32.0 157.13097 89.18576 58.01901 386.0
32.0 18.0 18.0 159.2027 24.83937 93.93346 9.0
32.0 18.0 32.0 157.13097 89.18576 58.01901 9.0
32.0 20.0 20.0 85.07672 53.72365 22.31697 16.0
32.0 20.0 32.0 157.13097 89.18576 58.01901 16.0
32.0 23.0 23.0 173.49278 43.56891 76.97943 454.0
32.0 23.0 32.0 157.13097 89.18576 58.01901 454.0
32.0 25.0 25.0 182.83654 63.9749 100.30335 59.0
32.0 25.0 32.0 157.13097 89.18576 58.01901 59.0
32.0 30.0 30.0 88.47966 139.92421 62.73876 3.0
32.0 30.0 32.0 157.13097 89.18576 58.01901 3.0
32.0 31.0 31.0 121.49923 38.91387 36.00694 763.0
32.0 31.0 32.0 157.13097 89.18576 58.01901 763.0
32.0 32.0 32.0 157.13097 89.18576 58.01901 10063.0
32.0 32.0 32.0 157.13097 89.18576 58.01901 10063.0
32.0 35.0 35.0 147.77195 121.15348 95.63962 956.0
32.0 35.0 32.0 157.13097 89.18576 58.01901 956.0
32.0 46.0 46.0 114.55074 130.2769 52.75226 324.0
32.0 46.0 32.0 157.13097 89.18576 58.01901 324.0
32.0 47.0 47.0 164.20383 62.76751 126.11715 1.0
32.0 47.0 32.0 157.13097 89.18576 58.01901 1.0
33.0 0.0 0.0 55.09444 48.87307 141.96102 232.0
33.0 0.0 33.0 97.13612 49.95583 149.24171 232.0
33.0 4.0 4.0 72.07309 108.39767 139.67129 5.0
33.0 4.0 33.0 97.13612 49.95583 149.24171 5.0
33.0 16.0 16.0 37.09658 39.11376 124.71593 4.0
33.0 16.0 33.0 97.13612 49.95583 149.24171 4.0
33.0 17.0 17.0 122.77415 11.00068 94.58288 1.0
33.0 17.0 33.0 97.13612 49.95583 149.24171 1.0
33.0 18.0 18.0 159.2027 24.83937 93.93346 1.0
33.0 18.0 33.0 97.13612 49.95583 149.24171 1.0
33.0 22.0 22.0 25.0917 80.02705 119.4631 2.0
33.0 22.0 33.0 97.13612 49.95583 149.24171 2.0
33.0 24.0 24.0 107.83146 87.22056 149.15428 503.0
33.0 24.0 33.0 97.13612 49.95583 149.24171 503.0
33.0 26.0 26.0 132.10014 45.16414 139.13328 1068.0
33.0 26.0 33.0 97.13612 49.95583 149.24171 1068.0
33.0 28.0 28.0 84.31203 38.95404 143.15006 1553.0
33.0 28.0 33.0 97.13612 49.95583 149.24171 1553.0
33.0 29.0 29.0 122.66763 20.5832 121.18501 191.0
33.0 29.0 33.0 97.13612 49.95583 149.24171 191.0
33.0 33.0 33.0 97.13612 49.95583 149.24171 2667.0
33.0 33.0 33.0 97.13612 49.95583 149.24171 2667.0
33.0 34.0 34.0 127.76305 111.26584 129.58393 2.0
33.0 34.0 33.0 97.13612 49.95583 149.24171 2.0
33.0 36.0 36.0 51.17586 19.51307 119.71603 1.0
33.0 36.0 33.0 97.13612 49.95583 149.24171 1.0
33.0 37.0 37.0 80.19233 11.05069 113.79634 90.0
33.0 37.0 33.0 97.13612 49.95583 149.24171 90.0
33.0 38.0 38.0 88.69602 68.41928 152.61569 1563.0
33.0 38.0 33.0 97.13612 49.95583 149.24171 1563.0
33.0 42.0 42.0 56.61808 85.239 144.95249 140.0
33.0 42.0 33.0 97.13612 49.95583 149.24171 140.0
33.0 44.0 44.0 70.25971 22.72389 131.35009 109.0
33.0 44.0 33.0 97.13612 49.95583 149.24171 109.0
33.0 47.0 47.0 164.20383 62.76751 126.11715 5.0
33.0 47.0 33.0 97.13612 49.95583 149.24171 5.0
34.0 4.0 4.0 72.07309 108.39767 139.67129 942.0
34.0 4.0 34.0 127.76305 111.26584 129.58393 942.0
34.0 9.0 9.0 78.57712 139.93078 102.62903 628.0
34.0 9.0 34.0 127.76305 111.26584 129.58393 628.0
34.0 12.0 12.0 179.8125 86.38332 84.83073 87.0
34.0 12.0 34.0 127.76305 111.26584 129.58393 87.0
34.0 14.0 14.0 128.43365 116.09752 40.37763 1.0
34.0 14.0 34.0 127.76305 111.26584 129.58393 1.0
34.0 24.0 24.0 107.83146 87.22056 149.15428 2614.0
34.0 24.0 34.0 127.76305 111.26584 129.58393 2614.0
34.0 25.0 25.0 182.83654 63.9749 100.30335 20.0
34.0 25.0 34.0 127.76305 111.26584 129.58393 20.0
34.0 26.0 26.0 132.10014 45.16414 139.13328 298.0
34.0 26.0 34.0 127.76305 111.26584 129.58393 298.0
34.0 30.0 30.0 88.47966 139.92421 62.73876 86.0
34.0 30.0 34.0 127.76305 111.26584 129.58393 86.0
34.0 32.0 32.0 157.13097 89.18576 58.01901 4.0
34.0 32.0 34.0 127.76305 111.26584 129.58393 4.0
34.0 33.0 33.0 97.13612 49.95583 149.24171 6.0
34.0 33.0 34.0 127.76305 111.26584 129.58393 6.0
34.0 34.0 34.0 127.76305 111.26584 129.58393 16947.0
34.0 34.0 34.0 127.76305 111.26584 129.58393 16947.0
34.0 35.0 35.0 147.77195 121.15348 95.63962 2538.0
34.0 35.0 34.0 127.76305 111.26584 129.58393 2538.0
34.0 38.0 38.0 88.69602 68.41928 152.61569 30.0
34.0 38.0 34.0 127.76305 111.26584 129.58393 30.0
34.0 41.0 41.0 59.83983 126.04415 122.51393 405.0
34.0 41.0 34.0 127.76305 111.26584 129.58393 405.0
34.0 42.0 42.0 56.61808 85.239 144.95249 9.0
34.0 42.0 34.0 127.76305 111.26584 129.58393 9.0
34.0 43.0 43.0 101.71623 137.72578 99.14806 1405.0
34.0 43.0 34.0 127.76305 111.26584 129.58393 1405.0
34.0 46.0 46.0 114.55074 130.2769 52.75226 7.0
34.0 46.0 34.0 127.76305 111.26584 129.58393 7.0
34.0 47.0 47.0 164.20383 62.76751 126.11715 1131.0
34.0 47.0 34.0 127.76305 111.26584 129.58393 1131.0
35.0 9.0 9.0 78.57712 139.93078 102.62903 29.0
35.0 9.0 35.0 147.77195 121.15348 95.63962 29.0
35.0 12.0 12.0 179.8125 86.38332 84.83073 1123.0
35.0 12.0 35.0 147.77195 121.15348 95.63962 1123.0
35.0 14.0 14.0 128.43365 116.09752 40.37763 312.0
35.0 14.0 35.0 147.77195 121.15348 95.63962 312.0
35.0 24.0 24.0 107.83146 87.22056 149.15428 3.0
35.0 24.0 35.0 147.77195 121.15348 95.63962 3.0
35.0 25.0 25.0 182.83654 63.9749 100.30335 83.0
35.0 25.0 35.0 147.77195 121.15348 95.63962 83.0
35.0 26.0 26.0 132.10014 45.16414 139.13328 1.0
35.0 26.0 35.0 147.77195 121.15348 95.63962 1.0
35.0 28.0 28.0 84.31203 38.95404 143.15006 1.0
35.0 28.0 35.0 147.77195 121.15348 95.63962 1.0
35.0 30.0 30.0 88.47966 139.92421 62.73876 746.0
35.0 30.0 35.0 147.77195 121.15348 95.63962 746.0
35.0 32.0 32.0 157.13097 89.18576 58.01901 886.0
35.0 32.0 35.0 147.77195 121.15348 95.63962 886.0
35.0 34.0 34.0 127.76305 111.26584 129.58393 2701.0
35.0 34.0 35.0 147.77195 121.15348 95.63962 2701.0
35.0 35.0 35.0 147.77195 121.15348 95.63962 11266.0
35.0 35.0 35.0 147.77195 121.15348 95.63962 11266.0
35.0 41.0 41.0 59.83983 126.04415 122.51393 2.0
35.0 41.0 35.0 147.77195 121.15348 95.63962 2.0
35.0 43.0 43.0 101.71623 137.72578 99.14806 908.0
35.0 43.0 35.0 147.77195 121.15348 95.63962 908.0
35.0 46.0 46.0 114.55074 130.2769 52.75226 1161.0
35.0 46.0 35.0 147.77195 121.15348 95.63962 1161.0
35.0 47.0 47.0 164.20383 62.76751 126.11715 337.0
35.0 47.0 35.0 147.77195 121.15348 95.63962 337.0
36.0 0.0 0.0 55.09444 48.87307 141.96102 483.0
36.0 0.0 36.0 51.17586 19.51307 119.71603 483.0
36.0 2.0 2.0 27.39428 25.33754 87.71399 522.0
36.0 2.0 36.0 51.17586 19.51307 119.71603 522.0
36.0 3.0 3.0 83.12866 3.82818 88.01135 156.0
36.0 3.0 36.0 51.17586 19.51307 119.71603 156.0
36.0 11.0 11.0 48.52996 14.0946 56.56338 66.0
36.0 11.0 36.0 51.17586 19.51307 119.71603 66.0
36.0 13.0 13.0 21.75818 31.17645 56.47909 2.0
36.0 13.0 36.0 51.17586 19.51307 119.71603 2.0
36.0 16.0 16.0 37.09658 39.11376 124.71593 956.0
36.0 16.0 36.0 51.17586 19.51307 119.71603 956.0
36.0 22.0 22.0 25.0917 80.02705 119.4631 7.0
36.0 22.0 36.0 51.17586 19.51307 119.71603 7.0
36.0 27.0 27.0 18.73776 45.33291 103.75043 96.0
36.0 27.0 36.0 51.17586 19.51307 119.71603 96.0
36.0 28.0 28.0 84.31203 38.95404 143.15006 88.0
36.0 28.0 36.0 51.17586 19.51307 119.71603 88.0
36.0 29.0 29.0 122.66763 20.5832 121.18501 1.0
36.0 29.0 36.0 51.17586 19.51307 119.71603 1.0
36.0 33.0 33.0 97.13612 49.95583 149.24171 4.0
36.0 33.0 36.0 51.17586 19.51307 119.71603 4.0
36.0 36.0 36.0 51.17586 19.51307 119.71603 1511.0
36.0 36.0 36.0 51.17586 19.51307 119.71603 1511.0
36.0 37.0 37.0 80.19233 11.05069 113.79634 911.0
36.0 37.0 36.0 51.17586 19.51307 119.71603 911.0
36.0 42.0 42.0 56.61808 85.239 144.95249 1.0
36.0 42.0 36.0 51.17586 19.51307 119.71603 1.0
36.0 44.0 44.0 70.25971 22.72389 131.35009 795.0
36.0 44.0 36.0 51.17586 19.51307 119.71603 795.0
37.0 0.0 0.0 55.09444 48.87307 141.96102 77.0
37.0 0.0 37.0 80.19233 11.05069 113.79634 77.0
37.0 2.0 2.0 27.39428 25.33754 87.71399 393.0
37.0 2.0 37.0 80.19233 11.05069 113.79634 393.0
37.0 3.0 3.0 83.12866 3.82818 88.01135 2539.0
37.0 3.0 37.0 80.19233 11.05069 113.79634 2539.0
37.0 7.0 7.0 121.65345 13.43919 56.91337 2.0
37.0 7.0 37.0 80.19233 11.05069 113.79634 2.0
37.0 10.0 10.0 97.04185 3.91994 61.08983 48.0
37.0 10.0 37.0 80.19233 11.05069 113.79634 48.0
37.0 11.0 11.0 48.52996 14.0946 56.56338 271.0
37.0 11.0 37.0 80.19233 11.05069 113.79634 271.0
37.0 13.0 13.0 21.75818 31.17645 56.47909 2.0
37.0 13.0 37.0 80.19233 11.05069 113.79634 2.0
37.0 16.0 16.0 37.09658 39.11376 124.71593 169.0
37.0 16.0 37.0 80.19233 11.05069 113.79634 169.0
37.0 17.0 17.0 122.77415 11.00068 94.58288 487.0
37.0 17.0 37.0 80.19233 11.05069 113.79634 487.0
37.0 18.0 18.0 159.2027 24.83937 93.93346 2.0
37.0 18.0 37.0 80.19233 11.05069 113.79634 2.0
37.0 19.0 19.0 66.40796 15.79007 45.3956 17.0
37.0 19.0 37.0 80.19233 11.05069 113.79634 17.0
37.0 26.0 26.0 132.10014 45.16414 139.13328 104.0
37.0 26.0 37.0 80.19233 11.05069 113.79634 104.0
37.0 27.0 27.0 18.73776 45.33291 103.75043 18.0
37.0 27.0 37.0 80.19233 11.05069 113.79634 18.0
37.0 28.0 28.0 84.31203 38.95404 143.15006 749.0
37.0 28.0 37.0 80.19233 11.05069 113.79634 749.0
37.0 29.0 29.0 122.66763 20.5832 121.18501 1122.0
37.0 29.0 37.0 80.19233 11.05069 113.79634 1122.0
37.0 33.0 33.0 97.13612 49.95583 149.24171 94.0
37.0 33.0 37.0 80.19233 11.05069 113.79634 94.0
37.0 36.0 36.0 51.17586 19.51307 119.71603 886.0
37.0 36.0 37.0 80.19233 11.05069 113.79634 886.0
37.0 37.0 37.0 80.19233 11.05069 113.79634 8010.0
37.0 37.0 37.0 80.19233 11.05069 113.79634 8010.0
37.0 38.0 38.0 88.69602 68.41928 152.61569 1.0
37.0 38.0 37.0 80.19233 11.05069 113.79634 1.0
37.0 40.0 40.0 83.26824 23.53347 42.42013 1.0
37.0 40.0 37.0 80.19233 11.05069 113.79634 1.0
37.0 44.0 44.0 70.25971 22.72389 131.35009 1441.0
37.0 44.0 37.0 80.19233 11.05069 113.79634 1441.0
38.0 0.0 0.0 55.09444 48.87307 141.96102 424.0
38.0 0.0 38.0 88.69602 68.41928 152.61569 424.0
38.0 2.0 2.0 27.39428 25.33754 87.71399 1.0
38.0 2.0 38.0 88.69602 68.41928 152.61569 1.0
38.0 4.0 4.0 72.07309 108.39767 139.67129 224.0
38.0 4.0 38.0 88.69602 68.41928 152.61569 224.0
38.0 16.0 16.0 37.09658 39.11376 124.71593 11.0
38.0 16.0 38.0 88.69602 68.41928 152.61569 11.0
38.0 22.0 22.0 25.0917 80.02705 119.4631 22.0
38.0 22.0 38.0 88.69602 68.41928 152.61569 22.0
38.0 24.0 24.0 107.83146 87.22056 149.15428 1961.0
38.0 24.0 38.0 88.69602 68.41928 152.61569 1961.0
38.0 26.0 26.0 132.10014 45.16414 139.13328 379.0
38.0 26.0 38.0 88.69602 68.41928 152.61569 379.0
38.0 28.0 28.0 84.31203 38.95404 143.15006 596.0
38.0 28.0 38.0 88.69602 68.41928 152.61569 596.0
38.0 29.0 29.0 122.66763 20.5832 121.18501 5.0
38.0 29.0 38.0 88.69602 68.41928 152.61569 5.0
38.0 33.0 33.0 97.13612 49.95583 149.24171 1501.0
38.0 33.0 38.0 88.69602 68.41928 152.61569 1501.0
38.0 34.0 34.0 127.76305 111.26584 129.58393 34.0
38.0 34.0 38.0 88.69602 68.41928 152.61569 34.0
38.0 36.0 36.0 51.17586 19.51307 119.71603 2.0
38.0 36.0 38.0 88.69602 68.41928 152.61569 2.0
38.0 37.0 37.0 80.19233 11.05069 113.79634 1.0
38.0 37.0 38.0 88.69602 68.41928 152.61569 1.0
38.0 38.0 38.0 88.69602 68.41928 152.61569 3167.0
38.0 38.0 38.0 88.69602 68.41928 152.61569 3167.0
38.0 41.0 41.0 59.83983 126.04415 122.51393 3.0
38.0 41.0 38.0 88.69602 68.41928 152.61569 3.0
38.0 42.0 42.0 56.61808 85.239 144.95249 1095.0
38.0 42.0 38.0 88.69602 68.41928 152.61569 1095.0
38.0 44.0 44.0 70.25971 22.72389 131.35009 9.0
38.0 44.0 38.0 88.69602 68.41928 152.61569 9.0
38.0 47.0 47.0 164.20383 62.76751 126.11715 5.0
38.0 47.0 38.0 88.69602 68.41928 152.61569 5.0
39.0 1.0 1.0 66.22979 89.22037 7.477 291.0
39.0 1.0 39.0 21.80174 50.14593 32.7942 291.0
39.0 2.0 2.0 27.39428 25.33754 87.71399 152.0
39.0 2.0 39.0 21.80174 50.14593 32.7942 152.0
39.0 6.0 6.0 5.4653 84.75273 74.38176 1409.0
39.0 6.0 39.0 21.80174 50.14593 32.7942 1409.0
39.0 11.0 11.0 48.52996 14.0946 56.56338 892.0
39.0 11.0 39.0 21.80174 50.14593 32.7942 892.0
39.0 13.0 13.0 21.75818 31.17645 56.47909 1845.0
39.0 13.0 39.0 21.80174 50.14593 32.7942 1845.0
39.0 19.0 19.0 66.40796 15.79007 45.3956 242.0
39.0 19.0 39.0 21.80174 50.14593 32.7942 242.0
39.0 20.0 20.0 85.07672 53.72365 22.31697 490.0
39.0 20.0 39.0 21.80174 50.14593 32.7942 490.0
39.0 21.0 21.0 28.26092 78.12439 19.31609 2174.0
39.0 21.0 39.0 21.80174 50.14593 32.7942 2174.0
39.0 22.0 22.0 25.0917 80.02705 119.4631 1.0
39.0 22.0 39.0 21.80174 50.14593 32.7942 1.0
39.0 27.0 27.0 18.73776 45.33291 103.75043 20.0
39.0 27.0 39.0 21.80174 50.14593 32.7942 20.0
39.0 39.0 39.0 21.80174 50.14593 32.7942 9787.0
39.0 39.0 39.0 21.80174 50.14593 32.7942 9787.0
39.0 40.0 40.0 83.26824 23.53347 42.42013 25.0
39.0 40.0 39.0 21.80174 50.14593 32.7942 25.0
39.0 45.0 45.0 35.00855 116.26933 28.52716 72.0
39.0 45.0 39.0 21.80174 50.14593 32.7942 72.0
40.0 1.0 1.0 66.22979 89.22037 7.477 9.0
40.0 1.0 40.0 83.26824 23.53347 42.42013 9.0
40.0 3.0 3.0 83.12866 3.82818 88.01135 124.0
40.0 3.0 40.0 83.26824 23.53347 42.42013 124.0
40.0 7.0 7.0 121.65345 13.43919 56.91337 274.0
40.0 7.0 40.0 83.26824 23.53347 42.42013 274.0
40.0 8.0 8.0 89.69429 90.87674 30.29582 1.0
40.0 8.0 40.0 83.26824 23.53347 42.42013 1.0
40.0 10.0 10.0 97.04185 3.91994 61.08983 1233.0
40.0 10.0 40.0 83.26824 23.53347 42.42013 1233.0
40.0 11.0 11.0 48.52996 14.0946 56.56338 467.0
40.0 11.0 40.0 83.26824 23.53347 42.42013 467.0
40.0 13.0 13.0 21.75818 31.17645 56.47909 3.0
40.0 13.0 40.0 83.26824 23.53347 42.42013 3.0
40.0 15.0 15.0 145.09056 26.54118 64.68972 4.0
40.0 15.0 40.0 83.26824 23.53347 42.42013 4.0
40.0 17.0 17.0 122.77415 11.00068 94.58288 2.0
40.0 17.0 40.0 83.26824 23.53347 42.42013 2.0
40.0 19.0 19.0 66.40796 15.79007 45.3956 1464.0
40.0 19.0 40.0 83.26824 23.53347 42.42013 1464.0
40.0 20.0 20.0 85.07672 53.72365 22.31697 1728.0
40.0 20.0 40.0 83.26824 23.53347 42.42013 1728.0
40.0 21.0 21.0 28.26092 78.12439 19.31609 6.0
40.0 21.0 40.0 83.26824 23.53347 42.42013 6.0
40.0 31.0 31.0 121.49923 38.91387 36.00694 1074.0
40.0 31.0 40.0 83.26824 23.53347 42.42013 1074.0
40.0 37.0 37.0 80.19233 11.05069 113.79634 3.0
40.0 37.0 40.0 83.26824 23.53347 42.42013 3.0
40.0 39.0 39.0 21.80174 50.14593 32.7942 33.0
40.0 39.0 40.0 83.26824 23.53347 42.42013 33.0
40.0 40.0 40.0 83.26824 23.53347 42.42013 4420.0
40.0 40.0 40.0 83.26824 23.53347 42.42013 4420.0
41.0 0.0 0.0 55.09444 48.87307 141.96102 2.0
41.0 0.0 41.0 59.83983 126.04415 122.51393 2.0
41.0 4.0 4.0 72.07309 108.39767 139.67129 2777.0
41.0 4.0 41.0 59.83983 126.04415 122.51393 2777.0
41.0 5.0 5.0 42.38986 127.04683 106.42452 129.0
41.0 5.0 41.0 59.83983 126.04415 122.51393 129.0
41.0 6.0 6.0 5.4653 84.75273 74.38176 25.0
41.0 6.0 41.0 59.83983 126.04415 122.51393 25.0
41.0 9.0 9.0 78.57712 139.93078 102.62903 2311.0
41.0 9.0 41.0 59.83983 126.04415 122.51393 2311.0
41.0 13.0 13.0 21.75818 31.17645 56.47909 1.0
41.0 13.0 41.0 59.83983 126.04415 122.51393 1.0
41.0 22.0 22.0 25.0917 80.02705 119.4631 842.0
41.0 22.0 41.0 59.83983 126.04415 122.51393 842.0
41.0 24.0 24.0 107.83146 87.22056 149.15428 79.0
41.0 24.0 41.0 59.83983 126.04415 122.51393 79.0
41.0 28.0 28.0 84.31203 38.95404 143.15006 1.0
41.0 28.0 41.0 59.83983 126.04415 122.51393 1.0
41.0 30.0 30.0 88.47966 139.92421 62.73876 34.0
41.0 30.0 41.0 59.83983 126.04415 122.51393 34.0
41.0 34.0 34.0 127.76305 111.26584 129.58393 410.0
41.0 34.0 41.0 59.83983 126.04415 122.51393 410.0
41.0 35.0 35.0 147.77195 121.15348 95.63962 1.0
41.0 35.0 41.0 59.83983 126.04415 122.51393 1.0
41.0 38.0 38.0 88.69602 68.41928 152.61569 2.0
41.0 38.0 41.0 59.83983 126.04415 122.51393 2.0
41.0 41.0 41.0 59.83983 126.04415 122.51393 10765.0
41.0 41.0 41.0 59.83983 126.04415 122.51393 10765.0
41.0 42.0 42.0 56.61808 85.239 144.95249 394.0
41.0 42.0 41.0 59.83983 126.04415 122.51393 394.0
41.0 43.0 43.0 101.71623 137.72578 99.14806 334.0
41.0 43.0 41.0 59.83983 126.04415 122.51393 334.0
42.0 0.0 0.0 55.09444 48.87307 141.96102 886.0
42.0 0.0 42.0 56.61808 85.239 144.95249 886.0
42.0 4.0 4.0 72.07309 108.39767 139.67129 2136.0
42.0 4.0 42.0 56.61808 85.239 144.95249 2136.0
42.0 5.0 5.0 42.38986 127.04683 106.42452 4.0
42.0 5.0 42.0 56.61808 85.239 144.95249 4.0
42.0 16.0 16.0 37.09658 39.11376 124.71593 147.0
42.0 16.0 42.0 56.61808 85.239 144.95249 147.0
42.0 22.0 22.0 25.0917 80.02705 119.4631 1658.0
42.0 22.0 42.0 56.61808 85.239 144.95249 1658.0
42.0 24.0 24.0 107.83146 87.22056 149.15428 510.0
42.0 24.0 42.0 56.61808 85.239 144.95249 510.0
42.0 27.0 27.0 18.73776 45.33291 103.75043 1.0
42.0 27.0 42.0 56.61808 85.239 144.95249 1.0
42.0 28.0 28.0 84.31203 38.95404 143.15006 201.0
42.0 28.0 42.0 56.61808 85.239 144.95249 201.0
42.0 33.0 33.0 97.13612 49.95583 149.24171 129.0
42.0 33.0 42.0 56.61808 85.239 144.95249 129.0
42.0 34.0 34.0 127.76305 111.26584 129.58393 6.0
42.0 34.0 42.0 56.61808 85.239 144.95249 6.0
42.0 36.0 36.0 51.17586 19.51307 119.71603 2.0
42.0 36.0 42.0 56.61808 85.239 144.95249 2.0
42.0 38.0 38.0 88.69602 68.41928 152.61569 1095.0
42.0 38.0 42.0 56.61808 85.239 144.95249 1095.0
42.0 41.0 41.0 59.83983 126.04415 122.51393 415.0
42.0 41.0 42.0 56.61808 85.239 144.95249 415.0
42.0 42.0 42.0 56.61808 85.239 144.95249 5735.0
42.0 42.0 42.0 56.61808 85.239 144.95249 5735.0
42.0 44.0 44.0 70.25971 22.72389 131.35009 1.0
42.0 44.0 42.0 56.61808 85.239 144.95249 1.0
43.0 4.0 4.0 72.07309 108.39767 139.67129 81.0
43.0 4.0 43.0 101.71623 137.72578 99.14806 81.0
43.0 5.0 5.0 42.38986 127.04683 106.42452 3.0
43.0 5.0 43.0 101.71623 137.72578 99.14806 3.0
43.0 9.0 9.0 78.57712 139.93078 102.62903 2130.0
43.0 9.0 43.0 101.71623 137.72578 99.14806 2130.0
43.0 24.0 24.0 107.83146 87.22056 149.15428 5.0
43.0 24.0 43.0 101.71623 137.72578 99.14806 5.0
43.0 30.0 30.0 88.47966 139.92421 62.73876 2077.0
43.0 30.0 43.0 101.71623 137.72578 99.14806 2077.0
43.0 34.0 34.0 127.76305 111.26584 129.58393 1399.0
43.0 34.0 43.0 101.71623 137.72578 99.14806 1399.0
43.0 35.0 35.0 147.77195 121.15348 95.63962 839.0
43.0 35.0 43.0 101.71623 137.72578 99.14806 839.0
43.0 37.0 37.0 80.19233 11.05069 113.79634 1.0
43.0 37.0 43.0 101.71623 137.72578 99.14806 1.0
43.0 41.0 41.0 59.83983 126.04415 122.51393 272.0
43.0 41.0 43.0 101.71623 137.72578 99.14806 272.0
43.0 43.0 43.0 101.71623 137.72578 99.14806 4774.0
43.0 43.0 43.0 101.71623 137.72578 99.14806 4774.0
43.0 45.0 45.0 35.00855 116.26933 28.52716 1.0
43.0 45.0 43.0 101.71623 137.72578 99.14806 1.0
43.0 46.0 46.0 114.55074 130.2769 52.75226 155.0
43.0 46.0 43.0 101.71623 137.72578 99.14806 155.0
44.0 0.0 0.0 55.09444 48.87307 141.96102 624.0
44.0 0.0 44.0 70.25971 22.72389 131.35009 624.0
44.0 2.0 2.0 27.39428 25.33754 87.71399 41.0
44.0 2.0 44.0 70.25971 22.72389 131.35009 41.0
44.0 3.0 3.0 83.12866 3.82818 88.01135 62.0
44.0 3.0 44.0 70.25971 22.72389 131.35009 62.0
44.0 6.0 6.0 5.4653 84.75273 74.38176 1.0
44.0 6.0 44.0 70.25971 22.72389 131.35009 1.0
44.0 11.0 11.0 48.52996 14.0946 56.56338 2.0
44.0 11.0 44.0 70.25971 22.72389 131.35009 2.0
44.0 16.0 16.0 37.09658 39.11376 124.71593 231.0
44.0 16.0 44.0 70.25971 22.72389 131.35009 231.0
44.0 17.0 17.0 122.77415 11.00068 94.58288 6.0
44.0 17.0 44.0 70.25971 22.72389 131.35009 6.0
44.0 22.0 22.0 25.0917 80.02705 119.4631 4.0
44.0 22.0 44.0 70.25971 22.72389 131.35009 4.0
44.0 26.0 26.0 132.10014 45.16414 139.13328 17.0
44.0 26.0 44.0 70.25971 22.72389 131.35009 17.0
44.0 27.0 27.0 18.73776 45.33291 103.75043 5.0
44.0 27.0 44.0 70.25971 22.72389 131.35009 5.0
44.0 28.0 28.0 84.31203 38.95404 143.15006 899.0
44.0 28.0 44.0 70.25971 22.72389 131.35009 899.0
44.0 29.0 29.0 122.66763 20.5832 121.18501 81.0
44.0 29.0 44.0 70.25971 22.72389 131.35009 81.0
44.0 33.0 33.0 97.13612 49.95583 149.24171 101.0
44.0 33.0 44.0 70.25971 22.72389 131.35009 101.0
44.0 36.0 36.0 51.17586 19.51307 119.71603 753.0
44.0 36.0 44.0 70.25971 22.72389 131.35009 753.0
44.0 37.0 37.0 80.19233 11.05069 113.79634 1467.0
44.0 37.0 44.0 70.25971 22.72389 131.35009 1467.0
44.0 38.0 38.0 88.69602 68.41928 152.61569 18.0
44.0 38.0 44.0 70.25971 22.72389 131.35009 18.0
44.0 41.0 41.0 59.83983 126.04415 122.51393 1.0
44.0 41.0 44.0 70.25971 22.72389 131.35009 1.0
44.0 42.0 42.0 56.61808 85.239 144.95249 1.0
44.0 42.0 44.0 70.25971 22.72389 131.35009 1.0
44.0 44.0 44.0 70.25971 22.72389 131.35009 1828.0
44.0 44.0 44.0 70.25971 22.72389 131.35009 1828.0
45.0 1.0 1.0 66.22979 89.22037 7.477 1905.0
45.0 1.0 45.0 35.00855 116.26933 28.52716 1905.0
45.0 6.0 6.0 5.4653 84.75273 74.38176 1208.0
45.0 6.0 45.0 35.00855 116.26933 28.52716 1208.0
45.0 8.0 8.0 89.69429 90.87674 30.29582 9.0
45.0 8.0 45.0 35.00855 116.26933 28.52716 9.0
45.0 9.0 9.0 78.57712 139.93078 102.62903 5.0
45.0 9.0 45.0 35.00855 116.26933 28.52716 5.0
45.0 14.0 14.0 128.43365 116.09752 40.37763 7.0
45.0 14.0 45.0 35.00855 116.26933 28.52716 7.0
45.0 20.0 20.0 85.07672 53.72365 22.31697 1.0
45.0 20.0 45.0 35.00855 116.26933 28.52716 1.0
45.0 21.0 21.0 28.26092 78.12439 19.31609 1875.0
45.0 21.0 45.0 35.00855 116.26933 28.52716 1875.0
45.0 22.0 22.0 25.0917 80.02705 119.4631 1.0
45.0 22.0 45.0 35.00855 116.26933 28.52716 1.0
45.0 30.0 30.0 88.47966 139.92421 62.73876 1047.0
45.0 30.0 45.0 35.00855 116.26933 28.52716 1047.0
45.0 39.0 39.0 21.80174 50.14593 32.7942 67.0
45.0 39.0 45.0 35.00855 116.26933 28.52716 67.0
45.0 45.0 45.0 35.00855 116.26933 28.52716 14751.0
45.0 45.0 45.0 35.00855 116.26933 28.52716 14751.0
45.0 46.0 46.0 114.55074 130.2769 52.75226 64.0
45.0 46.0 45.0 35.00855 116.26933 28.52716 64.0
46.0 1.0 1.0 66.22979 89.22037 7.477 191.0
46.0 1.0 46.0 114.55074 130.2769 52.75226 191.0
46.0 8.0 8.0 89.69429 90.87674 30.29582 28.0
46.0 8.0 46.0 114.55074 130.2769 52.75226 28.0
46.0 9.0 9.0 78.57712 139.93078 102.62903 9.0
46.0 9.0 46.0 114.55074 130.2769 52.75226 9.0
46.0 12.0 12.0 179.8125 86.38332 84.83073 4.0
46.0 12.0 46.0 114.55074 130.2769 52.75226 4.0
46.0 14.0 14.0 128.43365 116.09752 40.37763 3079.0
46.0 14.0 46.0 114.55074 130.2769 52.75226 3079.0
46.0 20.0 20.0 85.07672 53.72365 22.31697 4.0
46.0 20.0 46.0 114.55074 130.2769 52.75226 4.0
46.0 30.0 30.0 88.47966 139.92421 62.73876 3691.0
46.0 30.0 46.0 114.55074 130.2769 52.75226 3691.0
46.0 31.0 31.0 121.49923 38.91387 36.00694 1.0
46.0 31.0 46.0 114.55074 130.2769 52.75226 1.0
46.0 32.0 32.0 157.13097 89.18576 58.01901 281.0
46.0 32.0 46.0 114.55074 130.2769 52.75226 281.0
46.0 34.0 34.0 127.76305 111.26584 129.58393 18.0
46.0 34.0 46.0 114.55074 130.2769 52.75226 18.0
46.0 35.0 35.0 147.77195 121.15348 95.63962 1084.0
46.0 35.0 46.0 114.55074 130.2769 52.75226 1084.0
46.0 43.0 43.0 101.71623 137.72578 99.14806 169.0
46.0 43.0 46.0 114.55074 130.2769 52.75226 169.0
46.0 45.0 45.0 35.00855 116.26933 28.52716 57.0
46.0 45.0 46.0 114.55074 130.2769 52.75226 57.0
46.0 46.0 46.0 114.55074 130.2769 52.75226 7320.0
46.0 46.0 46.0 114.55074 130.2769 52.75226 7320.0
47.0 12.0 12.0 179.8125 86.38332 84.83073 384.0
47.0 12.0 47.0 164.20383 62.76751 126.11715 384.0
47.0 15.0 15.0 145.09056 26.54118 64.68972 7.0
47.0 15.0 47.0 164.20383 62.76751 126.11715 7.0
47.0 17.0 17.0 122.77415 11.00068 94.58288 16.0
47.0 17.0 47.0 164.20383 62.76751 126.11715 16.0
47.0 18.0 18.0 159.2027 24.83937 93.93346 628.0
47.0 18.0 47.0 164.20383 62.76751 126.11715 628.0
47.0 23.0 23.0 173.49278 43.56891 76.97943 347.0
47.0 23.0 47.0 164.20383 62.76751 126.11715 347.0
47.0 24.0 24.0 107.83146 87.22056 149.15428 216.0
47.0 24.0 47.0 164.20383 62.76751 126.11715 216.0
47.0 25.0 25.0 182.83654 63.9749 100.30335 1178.0
47.0 25.0 47.0 164.20383 62.76751 126.11715 1178.0
47.0 26.0 26.0 132.10014 45.16414 139.13328 1853.0
47.0 26.0 47.0 164.20383 62.76751 126.11715 1853.0
47.0 29.0 29.0 122.66763 20.5832 121.18501 251.0
47.0 29.0 47.0 164.20383 62.76751 126.11715 251.0
47.0 32.0 32.0 157.13097 89.18576 58.01901 4.0
47.0 32.0 47.0 164.20383 62.76751 126.11715 4.0
47.0 33.0 33.0 97.13612 49.95583 149.24171 5.0
47.0 33.0 47.0 164.20383 62.76751 126.11715 5.0
47.0 34.0 34.0 127.76305 111.26584 129.58393 1257.0
47.0 34.0 47.0 164.20383 62.76751 126.11715 1257.0
47.0 35.0 35.0 147.77195 121.15348 95.63962 349.0
47.0 35.0 47.0 164.20383 62.76751 126.11715 349.0
47.0 37.0 37.0 80.19233 11.05069 113.79634 1.0
47.0 37.0 47.0 164.20383 62.76751 126.11715 1.0
47.0 38.0 38.0 88.69602 68.41928 152.61569 4.0
47.0 38.0 47.0 164.20383 62.76751 126.11715 4.0
47.0 47.0 47.0 164.20383 62.76751 126.11715 8772.0
47.0 47.0 47.0 164.20383 62.76751 126.11715 8772.0
