TargetArea SourceArea Area AvgPosX AvgPosY AvgPosZ SumWeights
0.0 0.0 0.0 55.09083 48.91233 141.9746 3882.0
0.0 0.0 0.0 55.09083 48.91233 141.9746 3882.0
0.0 2.0 2.0 27.39568 25.33124 87.68576 8.0
0.0 2.0 0.0 55.09083 48.91233 141.9746 8.0
0.0 4.0 4.0 72.10169 108.41505 139.66426 12.0
0.0 4.0 0.0 55.09083 48.91233 141.9746 12.0
0.0 16.0 16.0 37.1046 39.09858 124.71145 1326.0
0.0 16.0 0.0 55.09083 48.91233 141.9746 1326.0
0.0 22.0 22.0 25.0947 80.05765 119.4612 578.0
0.0 22.0 0.0 55.09083 48.91233 141.9746 578.0
0.0 24.0 24.0 107.85068 87.22912 149.14598 14.0
0.0 24.0 0.0 55.09083 48.91233 141.9746 14.0
0.0 26.0 26.0 132.06889 45.10567 139.11465 1.0
0.0 26.0 0.0 55.09083 48.91233 141.9746 1.0
0.0 27.0 27.0 18.69463 45.37951 103.70231 40.0
0.0 27.0 0.0 55.09083 48.91233 141.9746 40.0
0.0 28.0 28.0 84.33881 38.91783 143.13327 1127.0
0.0 28.0 0.0 55.09083 48.91233 141.9746 1127.0
0.0 29.0 29.0 122.72297 20.57451 121.14431 2.0
0.0 29.0 0.0 55.09083 48.91233 141.9746 2.0
0.0 33.0 33.0 97.20351 49.93124 149.23206 272.0
0.0 33.0 0.0 55.09083 48.91233 141.9746 272.0
0.0 36.0 36.0 51.17597 19.51217 119.71814 479.0
0.0 36.0 0.0 55.09083 48.91233 141.9746 479.0
0.0 37.0 37.0 80.2325 11.05467 113.80357 83.0
0.0 37.0 0.0 55.09083 48.91233 141.9746 83.0
0.0 38.0 38.0 88.67369 68.41349 152.61354 418.0
0.0 38.0 0.0 55.09083 48.91233 141.9746 418.0
0.0 41.0 41.0 59.90046 126.07159 122.51375 2.0
0.0 41.0 0.0 55.09083 48.91233 141.9746 2.0
0.0 42.0 42.0 56.60957 85.24562 144.95053 921.0
0.0 42.0 0.0 55.09083 48.91233 141.9746 921.0
0.0 44.0 44.0 70.22932 22.72609 131.35102 656.0
0.0 44.0 0.0 55.09083 48.91233 141.9746 656.0
1.0 1.0 1.0 66.22151 89.21737 7.44838 12493.0
1.0 1.0 1.0 66.22151 89.21737 7.44838 12493.0
1.0 8.0 8.0 89.90471 90.532 30.39675 116.0
1.0 8.0 1.0 66.22151 89.21737 7.44838 116.0
1.0 11.0 11.0 48.52405 14.11929 56.50566 18.0
1.0 11.0 1.0 66.22151 89.21737 7.44838 18.0
1.0 13.0 13.0 21.81289 31.13598 56.42111 1.0
1.0 13.0 1.0 66.22151 89.21737 7.44838 1.0
1.0 14.0 14.0 128.51126 116.07814 40.41558 91.0
1.0 14.0 1.0 66.22151 89.21737 7.44838 91.0
1.0 19.0 19.0 66.40298 15.78422 45.38413 27.0
1.0 19.0 1.0 66.22151 89.21737 7.44838 27.0
1.0 20.0 20.0 84.96582 53.64739 22.26444 2394.0
1.0 20.0 1.0 66.22151 89.21737 7.44838 2394.0
1.0 21.0 21.0 28.29984 78.1092 19.28061 1413.0
1.0 21.0 1.0 66.22151 89.21737 7.44838 1413.0
1.0 30.0 30.0 88.50714 139.93519 62.76814 447.0
1.0 30.0 1.0 66.22151 89.21737 7.44838 447.0
1.0 31.0 31.0 121.52205 38.85135 35.99815 4.0
1.0 31.0 1.0 66.22151 89.21737 7.44838 4.0
1.0 39.0 39.0 21.84224 50.10634 32.76857 289.0
1.0 39.0 1.0 66.22151 89.21737 7.44838 289.0
1.0 40.0 40.0 83.27268 23.51191 42.42982 12.0
1.0 40.0 1.0 66.22151 89.21737 7.44838 12.0
1.0 45.0 45.0 35.04501 116.24706 28.45254 1829.0
1.0 45.0 1.0 66.22151 89.21737 7.44838 1829.0
1.0 46.0 46.0 114.60769 130.2764 52.79188 229.0
1.0 46.0 1.0 66.22151 89.21737 7.44838 229.0
2.0 0.0 0.0 55.09083 48.91233 141.9746 5.0
2.0 0.0 2.0 27.39568 25.33124 87.68576 5.0
2.0 2.0 2.0 27.39568 25.33124 87.68576 6729.0
2.0 2.0 2.0 27.39568 25.33124 87.68576 6729.0
2.0 3.0 3.0 83.228 3.83353 88.04422 346.0
2.0 3.0 2.0 27.39568 25.33124 87.68576 346.0
2.0 6.0 6.0 5.47044 84.735 74.3922 459.0
2.0 6.0 2.0 27.39568 25.33124 87.68576 459.0
2.0 10.0 10.0 97.05767 3.91552 61.09306 1.0
2.0 10.0 2.0 27.39568 25.33124 87.68576 1.0
2.0 11.0 11.0 48.52405 14.11929 56.50566 1364.0
2.0 11.0 2.0 27.39568 25.33124 87.68576 1364.0
2.0 13.0 13.0 21.81289 31.13598 56.42111 1390.0
2.0 13.0 2.0 27.39568 25.33124 87.68576 1390.0
2.0 16.0 16.0 37.1046 39.09858 124.71145 738.0
2.0 16.0 2.0 27.39568 25.33124 87.68576 738.0
2.0 19.0 19.0 66.40298 15.78422 45.38413 10.0
2.0 19.0 2.0 27.39568 25.33124 87.68576 10.0
2.0 20.0 20.0 84.96582 53.64739 22.26444 1.0
2.0 20.0 2.0 27.39568 25.33124 87.68576 1.0
2.0 22.0 22.0 25.0947 80.05765 119.4612 65.0
2.0 22.0 2.0 27.39568 25.33124 87.68576 65.0
2.0 27.0 27.0 18.69463 45.37951 103.70231 1652.0
2.0 27.0 2.0 27.39568 25.33124 87.68576 1652.0
2.0 36.0 36.0 51.17597 19.51217 119.71814 535.0
2.0 36.0 2.0 27.39568 25.33124 87.68576 535.0
2.0 37.0 37.0 80.2325 11.05467 113.80357 465.0
2.0 37.0 2.0 27.39568 25.33124 87.68576 465.0
2.0 39.0 39.0 21.84224 50.10634 32.76857 161.0
2.0 39.0 2.0 27.39568 25.33124 87.68576 161.0
2.0 40.0 40.0 83.27268 23.51191 42.42982 1.0
2.0 40.0 2.0 27.39568 25.33124 87.68576 1.0
2.0 44.0 44.0 70.22932 22.72609 131.35102 32.0
2.0 44.0 2.0 27.39568 25.33124 87.68576 32.0
3.0 2.0 2.0 27.39568 25.33124 87.68576 291.0
3.0 2.0 3.0 83.228 3.83353 88.04422 291.0
3.0 3.0 3.0 83.228 3.83353 88.04422 7211.0
3.0 3.0 3.0 83.228 3.83353 88.04422 7211.0
3.0 7.0 7.0 121.64338 13.43623 56.9008 254.0
3.0 7.0 3.0 83.228 3.83353 88.04422 254.0
3.0 10.0 10.0 97.05767 3.91552 61.09306 1606.0
3.0 10.0 3.0 83.228 3.83353 88.04422 1606.0
3.0 11.0 11.0 48.52405 14.11929 56.50566 1057.0
3.0 11.0 3.0 83.228 3.83353 88.04422 1057.0
3.0 13.0 13.0 21.81289 31.13598 56.42111 6.0
3.0 13.0 3.0 83.228 3.83353 88.04422 6.0
3.0 15.0 15.0 145.08628 26.53522 64.67107 27.0
3.0 15.0 3.0 83.228 3.83353 88.04422 27.0
3.0 16.0 16.0 37.1046 39.09858 124.71145 12.0
3.0 16.0 3.0 83.228 3.83353 88.04422 12.0
3.0 17.0 17.0 122.77529 10.99967 94.57706 1213.0
3.0 17.0 3.0 83.228 3.83353 88.04422 1213.0
3.0 18.0 18.0 159.22394 24.83402 93.86101 1.0
3.0 18.0 3.0 83.228 3.83353 88.04422 1.0
3.0 19.0 19.0 66.40298 15.78422 45.38413 419.0
3.0 19.0 3.0 83.228 3.83353 88.04422 419.0
3.0 28.0 28.0 84.33881 38.91783 143.13327 2.0
3.0 28.0 3.0 83.228 3.83353 88.04422 2.0
3.0 29.0 29.0 122.72297 20.57451 121.14431 199.0
3.0 29.0 3.0 83.228 3.83353 88.04422 199.0
3.0 31.0 31.0 121.52205 38.85135 35.99815 1.0
3.0 31.0 3.0 83.228 3.83353 88.04422 1.0
3.0 36.0 36.0 51.17597 19.51217 119.71814 147.0
3.0 36.0 3.0 83.228 3.83353 88.04422 147.0
3.0 37.0 37.0 80.2325 11.05467 113.80357 2611.0
3.0 37.0 3.0 83.228 3.83353 88.04422 2611.0
3.0 40.0 40.0 83.27268 23.51191 42.42982 140.0
3.0 40.0 3.0 83.228 3.83353 88.04422 140.0
3.0 44.0 44.0 70.22932 22.72609 131.35102 60.0
3.0 44.0 3.0 83.228 3.83353 88.04422 60.0
4.0 0.0 0.0 55.09083 48.91233 141.9746 20.0
4.0 0.0 4.0 72.10169 108.41505 139.66426 20.0
4.0 4.0 4.0 72.10169 108.41505 139.66426 6749.0
4.0 4.0 4.0 72.10169 108.41505 139.66426 6749.0
4.0 5.0 5.0 42.13919 126.72583 106.67534 4.0
4.0 5.0 4.0 72.10169 108.41505 139.66426 4.0
4.0 6.0 6.0 5.47044 84.735 74.3922 2.0
4.0 6.0 4.0 72.10169 108.41505 139.66426 2.0
4.0 9.0 9.0 78.61866 139.9238 102.65184 306.0
4.0 9.0 4.0 72.10169 108.41505 139.66426 306.0
4.0 22.0 22.0 25.0947 80.05765 119.4612 465.0
4.0 22.0 4.0 72.10169 108.41505 139.66426 465.0
4.0 24.0 24.0 107.85068 87.22912 149.14598 1475.0
4.0 24.0 4.0 72.10169 108.41505 139.66426 1475.0
4.0 26.0 26.0 132.06889 45.10567 139.11465 1.0
4.0 26.0 4.0 72.10169 108.41505 139.66426 1.0
4.0 28.0 28.0 84.33881 38.91783 143.13327 5.0
4.0 28.0 4.0 72.10169 108.41505 139.66426 5.0
4.0 33.0 33.0 97.20351 49.93124 149.23206 9.0
4.0 33.0 4.0 72.10169 108.41505 139.66426 9.0
4.0 34.0 34.0 127.71214 111.30864 129.57027 930.0
4.0 34.0 4.0 72.10169 108.41505 139.66426 930.0
4.0 38.0 38.0 88.67369 68.41349 152.61354 212.0
4.0 38.0 4.0 72.10169 108.41505 139.66426 212.0
4.0 41.0 41.0 59.90046 126.07159 122.51375 2714.0
4.0 41.0 4.0 72.10169 108.41505 139.66426 2714.0
4.0 42.0 42.0 56.60957 85.24562 144.95053 2076.0
4.0 42.0 4.0 72.10169 108.41505 139.66426 2076.0
4.0 43.0 43.0 101.68219 137.73762 99.13543 72.0
4.0 43.0 4.0 72.10169 108.41505 139.66426 72.0
5.0 4.0 4.0 72.10169 108.41505 139.66426 5.0
5.0 4.0 5.0 42.13919 126.72583 106.67534 5.0
5.0 5.0 5.0 42.13919 126.72583 106.67534 2.0
5.0 5.0 5.0 42.13919 126.72583 106.67534 2.0
5.0 6.0 6.0 5.47044 84.735 74.3922 14.0
5.0 6.0 5.0 42.13919 126.72583 106.67534 14.0
5.0 9.0 9.0 78.61866 139.9238 102.65184 55.0
5.0 9.0 5.0 42.13919 126.72583 106.67534 55.0
5.0 22.0 22.0 25.0947 80.05765 119.4612 35.0
5.0 22.0 5.0 42.13919 126.72583 106.67534 35.0
5.0 30.0 30.0 88.50714 139.93519 62.76814 4.0
5.0 30.0 5.0 42.13919 126.72583 106.67534 4.0
5.0 41.0 41.0 59.90046 126.07159 122.51375 127.0
5.0 41.0 5.0 42.13919 126.72583 106.67534 127.0
5.0 42.0 42.0 56.60957 85.24562 144.95053 3.0
5.0 42.0 5.0 42.13919 126.72583 106.67534 3.0
5.0 43.0 43.0 101.68219 137.73762 99.13543 1.0
5.0 43.0 5.0 42.13919 126.72583 106.67534 1.0
6.0 2.0 2.0 27.39568 25.33124 87.68576 541.0
6.0 2.0 6.0 5.47044 84.735 74.3922 541.0
6.0 4.0 4.0 72.10169 108.41505 139.66426 4.0
6.0 4.0 6.0 5.47044 84.735 74.3922 4.0
6.0 5.0 5.0 42.13919 126.72583 106.67534 7.0
6.0 5.0 6.0 5.47044 84.735 74.3922 7.0
6.0 6.0 6.0 5.47044 84.735 74.3922 17416.0
6.0 6.0 6.0 5.47044 84.735 74.3922 17416.0
6.0 11.0 11.0 48.52405 14.11929 56.50566 2.0
6.0 11.0 6.0 5.47044 84.735 74.3922 2.0
6.0 13.0 13.0 21.81289 31.13598 56.42111 475.0
6.0 13.0 6.0 5.47044 84.735 74.3922 475.0
6.0 16.0 16.0 37.1046 39.09858 124.71145 6.0
6.0 16.0 6.0 5.47044 84.735 74.3922 6.0
6.0 21.0 21.0 28.29984 78.1092 19.28061 672.0
6.0 21.0 6.0 5.47044 84.735 74.3922 672.0
6.0 22.0 22.0 25.0947 80.05765 119.4612 2262.0
6.0 22.0 6.0 5.47044 84.735 74.3922 2262.0
6.0 27.0 27.0 18.69463 45.37951 103.70231 892.0
6.0 27.0 6.0 5.47044 84.735 74.3922 892.0
6.0 39.0 39.0 21.84224 50.10634 32.76857 1340.0
6.0 39.0 6.0 5.47044 84.735 74.3922 1340.0
6.0 41.0 41.0 59.90046 126.07159 122.51375 27.0
6.0 41.0 6.0 5.47044 84.735 74.3922 27.0
6.0 42.0 42.0 56.60957 85.24562 144.95053 2.0
6.0 42.0 6.0 5.47044 84.735 74.3922 2.0
6.0 45.0 45.0 35.04501 116.24706 28.45254 1117.0
6.0 45.0 6.0 5.47044 84.735 74.3922 1117.0
7.0 3.0 3.0 83.228 3.83353 88.04422 216.0
7.0 3.0 7.0 121.64338 13.43623 56.9008 216.0
7.0 7.0 7.0 121.64338 13.43623 56.9008 4194.0
7.0 7.0 7.0 121.64338 13.43623 56.9008 4194.0
7.0 10.0 10.0 97.05767 3.91552 61.09306 1468.0
7.0 10.0 7.0 121.64338 13.43623 56.9008 1468.0
7.0 15.0 15.0 145.08628 26.53522 64.67107 1492.0
7.0 15.0 7.0 121.64338 13.43623 56.9008 1492.0
7.0 17.0 17.0 122.77529 10.99967 94.57706 807.0
7.0 17.0 7.0 121.64338 13.43623 56.9008 807.0
7.0 18.0 18.0 159.22394 24.83402 93.86101 37.0
7.0 18.0 7.0 121.64338 13.43623 56.9008 37.0
7.0 19.0 19.0 66.40298 15.78422 45.38413 11.0
7.0 19.0 7.0 121.64338 13.43623 56.9008 11.0
7.0 20.0 20.0 84.96582 53.64739 22.26444 34.0
7.0 20.0 7.0 121.64338 13.43623 56.9008 34.0
7.0 23.0 23.0 173.46297 43.56387 76.92343 12.0
7.0 23.0 7.0 121.64338 13.43623 56.9008 12.0
7.0 29.0 29.0 122.72297 20.57451 121.14431 7.0
7.0 29.0 7.0 121.64338 13.43623 56.9008 7.0
7.0 31.0 31.0 121.52205 38.85135 35.99815 1546.0
7.0 31.0 7.0 121.64338 13.43623 56.9008 1546.0
7.0 32.0 32.0 157.20644 89.16465 58.03024 1.0
7.0 32.0 7.0 121.64338 13.43623 56.9008 1.0
7.0 37.0 37.0 80.2325 11.05467 113.80357 9.0
7.0 37.0 7.0 121.64338 13.43623 56.9008 9.0
7.0 40.0 40.0 83.27268 23.51191 42.42982 283.0
7.0 40.0 7.0 121.64338 13.43623 56.9008 283.0
8.0 1.0 1.0 66.22151 89.21737 7.44838 95.0
8.0 1.0 8.0 89.90471 90.532 30.39675 95.0
8.0 8.0 8.0 89.90471 90.532 30.39675 6.0
8.0 8.0 8.0 89.90471 90.532 30.39675 6.0
8.0 14.0 14.0 128.51126 116.07814 40.41558 13.0
8.0 14.0 8.0 89.90471 90.532 30.39675 13.0
8.0 15.0 15.0 145.08628 26.53522 64.67107 1.0
8.0 15.0 8.0 89.90471 90.532 30.39675 1.0
8.0 20.0 20.0 84.96582 53.64739 22.26444 118.0
8.0 20.0 8.0 89.90471 90.532 30.39675 118.0
8.0 21.0 21.0 28.29984 78.1092 19.28061 2.0
8.0 21.0 8.0 89.90471 90.532 30.39675 2.0
8.0 30.0 30.0 88.50714 139.93519 62.76814 26.0
8.0 30.0 8.0 89.90471 90.532 30.39675 26.0
8.0 31.0 31.0 121.52205 38.85135 35.99815 16.0
8.0 31.0 8.0 89.90471 90.532 30.39675 16.0
8.0 40.0 40.0 83.27268 23.51191 42.42982 2.0
8.0 40.0 8.0 89.90471 90.532 30.39675 2.0
8.0 45.0 45.0 35.04501 116.24706 28.45254 12.0
8.0 45.0 8.0 89.90471 90.532 30.39675 12.0
8.0 46.0 46.0 114.60769 130.2764 52.79188 25.0
8.0 46.0 8.0 89.90471 90.532 30.39675 25.0
9.0 1.0 1.0 66.22151 89.21737 7.44838 1.0
9.0 1.0 9.0 78.61866 139.9238 102.65184 1.0
9.0 4.0 4.0 72.10169 108.41505 139.66426 281.0
9.0 4.0 9.0 78.61866 139.9238 102.65184 281.0
9.0 5.0 5.0 42.13919 126.72583 106.67534 45.0
9.0 5.0 9.0 78.61866 139.9238 102.65184 45.0
9.0 9.0 9.0 78.61866 139.9238 102.65184 5763.0
9.0 9.0 9.0 78.61866 139.9238 102.65184 5763.0
9.0 22.0 22.0 25.0947 80.05765 119.4612 1.0
9.0 22.0 9.0 78.61866 139.9238 102.65184 1.0
9.0 24.0 24.0 107.85068 87.22912 149.14598 26.0
9.0 24.0 9.0 78.61866 139.9238 102.65184 26.0
9.0 30.0 30.0 88.50714 139.93519 62.76814 1397.0
9.0 30.0 9.0 78.61866 139.9238 102.65184 1397.0
9.0 34.0 34.0 127.71214 111.30864 129.57027 606.0
9.0 34.0 9.0 78.61866 139.9238 102.65184 606.0
9.0 35.0 35.0 147.73477 121.18052 95.59915 14.0
9.0 35.0 9.0 78.61866 139.9238 102.65184 14.0
9.0 41.0 41.0 59.90046 126.07159 122.51375 2327.0
9.0 41.0 9.0 78.61866 139.9238 102.65184 2327.0
9.0 43.0 43.0 101.68219 137.73762 99.13543 2172.0
9.0 43.0 9.0 78.61866 139.9238 102.65184 2172.0
9.0 45.0 45.0 35.04501 116.24706 28.45254 2.0
9.0 45.0 9.0 78.61866 139.9238 102.65184 2.0
9.0 46.0 46.0 114.60769 130.2764 52.79188 2.0
9.0 46.0 9.0 78.61866 139.9238 102.65184 2.0
10.0 2.0 2.0 27.39568 25.33124 87.68576 1.0
10.0 2.0 10.0 97.05767 3.91552 61.09306 1.0
10.0 3.0 3.0 83.228 3.83353 88.04422 1562.0
10.0 3.0 10.0 97.05767 3.91552 61.09306 1562.0
10.0 7.0 7.0 121.64338 13.43623 56.9008 1521.0
10.0 7.0 10.0 97.05767 3.91552 61.09306 1521.0
10.0 10.0 10.0 97.05767 3.91552 61.09306 4185.0
10.0 10.0 10.0 97.05767 3.91552 61.09306 4185.0
10.0 11.0 11.0 48.52405 14.11929 56.50566 171.0
10.0 11.0 10.0 97.05767 3.91552 61.09306 171.0
10.0 15.0 15.0 145.08628 26.53522 64.67107 97.0
10.0 15.0 10.0 97.05767 3.91552 61.09306 97.0
10.0 17.0 17.0 122.77529 10.99967 94.57706 479.0
10.0 17.0 10.0 97.05767 3.91552 61.09306 479.0
10.0 18.0 18.0 159.22394 24.83402 93.86101 2.0
10.0 18.0 10.0 97.05767 3.91552 61.09306 2.0
10.0 19.0 19.0 66.40298 15.78422 45.38413 578.0
10.0 19.0 10.0 97.05767 3.91552 61.09306 578.0
10.0 20.0 20.0 84.96582 53.64739 22.26444 36.0
10.0 20.0 10.0 97.05767 3.91552 61.09306 36.0
10.0 29.0 29.0 122.72297 20.57451 121.14431 6.0
10.0 29.0 10.0 97.05767 3.91552 61.09306 6.0
10.0 31.0 31.0 121.52205 38.85135 35.99815 408.0
10.0 31.0 10.0 97.05767 3.91552 61.09306 408.0
10.0 37.0 37.0 80.2325 11.05467 113.80357 56.0
10.0 37.0 10.0 97.05767 3.91552 61.09306 56.0
10.0 40.0 40.0 83.27268 23.51191 42.42982 1212.0
10.0 40.0 10.0 97.05767 3.91552 61.09306 1212.0
11.0 1.0 1.0 66.22151 89.21737 7.44838 23.0
11.0 1.0 11.0 48.52405 14.11929 56.50566 23.0
11.0 2.0 2.0 27.39568 25.33124 87.68576 1353.0
11.0 2.0 11.0 48.52405 14.11929 56.50566 1353.0
11.0 3.0 3.0 83.228 3.83353 88.04422 1152.0
11.0 3.0 11.0 48.52405 14.11929 56.50566 1152.0
11.0 7.0 7.0 121.64338 13.43623 56.9008 1.0
11.0 7.0 11.0 48.52405 14.11929 56.50566 1.0
11.0 10.0 10.0 97.05767 3.91552 61.09306 189.0
11.0 10.0 11.0 48.52405 14.11929 56.50566 189.0
11.0 11.0 11.0 48.52405 14.11929 56.50566 8374.0
11.0 11.0 11.0 48.52405 14.11929 56.50566 8374.0
11.0 13.0 13.0 21.81289 31.13598 56.42111 1477.0
11.0 13.0 11.0 48.52405 14.11929 56.50566 1477.0
11.0 16.0 16.0 37.1046 39.09858 124.71145 7.0
11.0 16.0 11.0 48.52405 14.11929 56.50566 7.0
11.0 19.0 19.0 66.40298 15.78422 45.38413 2140.0
11.0 19.0 11.0 48.52405 14.11929 56.50566 2140.0
11.0 20.0 20.0 84.96582 53.64739 22.26444 294.0
11.0 20.0 11.0 48.52405 14.11929 56.50566 294.0
11.0 21.0 21.0 28.29984 78.1092 19.28061 25.0
11.0 21.0 11.0 48.52405 14.11929 56.50566 25.0
11.0 27.0 27.0 18.69463 45.37951 103.70231 11.0
11.0 27.0 11.0 48.52405 14.11929 56.50566 11.0
11.0 31.0 31.0 121.52205 38.85135 35.99815 2.0
11.0 31.0 11.0 48.52405 14.11929 56.50566 2.0
11.0 36.0 36.0 51.17597 19.51217 119.71814 75.0
11.0 36.0 11.0 48.52405 14.11929 56.50566 75.0
11.0 37.0 37.0 80.2325 11.05467 113.80357 245.0
11.0 37.0 11.0 48.52405 14.11929 56.50566 245.0
11.0 39.0 39.0 21.84224 50.10634 32.76857 806.0
11.0 39.0 11.0 48.52405 14.11929 56.50566 806.0
11.0 40.0 40.0 83.27268 23.51191 42.42982 549.0
11.0 40.0 11.0 48.52405 14.11929 56.50566 549.0
11.0 44.0 44.0 70.22932 22.72609 131.35102 4.0
11.0 44.0 11.0 48.52405 14.11929 56.50566 4.0
12.0 12.0 12.0 179.80867 86.31247 84.72713 5992.0
12.0 12.0 12.0 179.80867 86.31247 84.72713 5992.0
12.0 14.0 14.0 128.51126 116.07814 40.41558 6.0
12.0 14.0 12.0 179.80867 86.31247 84.72713 6.0
12.0 15.0 15.0 145.08628 26.53522 64.67107 34.0
12.0 15.0 12.0 179.80867 86.31247 84.72713 34.0
12.0 18.0 18.0 159.22394 24.83402 93.86101 13.0
12.0 18.0 12.0 179.80867 86.31247 84.72713 13.0
12.0 23.0 23.0 173.46297 43.56387 76.92343 600.0
12.0 23.0 12.0 179.80867 86.31247 84.72713 600.0
12.0 25.0 25.0 182.83481 64.00702 100.2942 1146.0
12.0 25.0 12.0 179.80867 86.31247 84.72713 1146.0
12.0 31.0 31.0 121.52205 38.85135 35.99815 9.0
12.0 31.0 12.0 179.80867 86.31247 84.72713 9.0
12.0 32.0 32.0 157.20644 89.16465 58.03024 1745.0
12.0 32.0 12.0 179.80867 86.31247 84.72713 1745.0
12.0 34.0 34.0 127.71214 111.30864 129.57027 85.0
12.0 34.0 12.0 179.80867 86.31247 84.72713 85.0
12.0 35.0 35.0 147.73477 121.18052 95.59915 1221.0
12.0 35.0 12.0 179.80867 86.31247 84.72713 1221.0
12.0 46.0 46.0 114.60769 130.2764 52.79188 5.0
12.0 46.0 12.0 179.80867 86.31247 84.72713 5.0
12.0 47.0 47.0 164.19318 62.70642 126.10647 408.0
12.0 47.0 12.0 179.80867 86.31247 84.72713 408.0
13.0 2.0 2.0 27.39568 25.33124 87.68576 1430.0
13.0 2.0 13.0 21.81289 31.13598 56.42111 1430.0
13.0 3.0 3.0 83.228 3.83353 88.04422 5.0
13.0 3.0 13.0 21.81289 31.13598 56.42111 5.0
13.0 6.0 6.0 5.47044 84.735 74.3922 427.0
13.0 6.0 13.0 21.81289 31.13598 56.42111 427.0
13.0 11.0 11.0 48.52405 14.11929 56.50566 1625.0
13.0 11.0 13.0 21.81289 31.13598 56.42111 1625.0
13.0 13.0 13.0 21.81289 31.13598 56.42111 3859.0
13.0 13.0 13.0 21.81289 31.13598 56.42111 3859.0
13.0 16.0 16.0 37.1046 39.09858 124.71145 2.0
13.0 16.0 13.0 21.81289 31.13598 56.42111 2.0
13.0 19.0 19.0 66.40298 15.78422 45.38413 66.0
13.0 19.0 13.0 21.81289 31.13598 56.42111 66.0
13.0 20.0 20.0 84.96582 53.64739 22.26444 8.0
13.0 20.0 13.0 21.81289 31.13598 56.42111 8.0
13.0 21.0 21.0 28.29984 78.1092 19.28061 8.0
13.0 21.0 13.0 21.81289 31.13598 56.42111 8.0
13.0 22.0 22.0 25.0947 80.05765 119.4612 1.0
13.0 22.0 13.0 21.81289 31.13598 56.42111 1.0
13.0 27.0 27.0 18.69463 45.37951 103.70231 118.0
13.0 27.0 13.0 21.81289 31.13598 56.42111 118.0
13.0 36.0 36.0 51.17597 19.51217 119.71814 4.0
13.0 36.0 13.0 21.81289 31.13598 56.42111 4.0
13.0 39.0 39.0 21.84224 50.10634 32.76857 1767.0
13.0 39.0 13.0 21.81289 31.13598 56.42111 1767.0
13.0 40.0 40.0 83.27268 23.51191 42.42982 10.0
13.0 40.0 13.0 21.81289 31.13598 56.42111 10.0
14.0 1.0 1.0 66.22151 89.21737 7.44838 68.0
14.0 1.0 14.0 128.51126 116.07814 40.41558 68.0
14.0 8.0 8.0 89.90471 90.532 30.39675 16.0
14.0 8.0 14.0 128.51126 116.07814 40.41558 16.0
14.0 12.0 12.0 179.80867 86.31247 84.72713 8.0
14.0 12.0 14.0 128.51126 116.07814 40.41558 8.0
14.0 14.0 14.0 128.51126 116.07814 40.41558 9184.0
14.0 14.0 14.0 128.51126 116.07814 40.41558 9184.0
14.0 20.0 20.0 84.96582 53.64739 22.26444 10.0
14.0 20.0 14.0 128.51126 116.07814 40.41558 10.0
14.0 30.0 30.0 88.50714 139.93519 62.76814 245.0
14.0 30.0 14.0 128.51126 116.07814 40.41558 245.0
14.0 31.0 31.0 121.52205 38.85135 35.99815 8.0
14.0 31.0 14.0 128.51126 116.07814 40.41558 8.0
14.0 32.0 32.0 157.20644 89.16465 58.03024 1653.0
14.0 32.0 14.0 128.51126 116.07814 40.41558 1653.0
14.0 34.0 34.0 127.71214 111.30864 129.57027 1.0
14.0 34.0 14.0 128.51126 116.07814 40.41558 1.0
14.0 35.0 35.0 147.73477 121.18052 95.59915 340.0
14.0 35.0 14.0 128.51126 116.07814 40.41558 340.0
14.0 43.0 43.0 101.68219 137.73762 99.13543 3.0
14.0 43.0 14.0 128.51126 116.07814 40.41558 3.0
14.0 45.0 45.0 35.04501 116.24706 28.45254 3.0
14.0 45.0 14.0 128.51126 116.07814 40.41558 3.0
14.0 46.0 46.0 114.60769 130.2764 52.79188 3204.0
14.0 46.0 14.0 128.51126 116.07814 40.41558 3204.0
15.0 3.0 3.0 83.228 3.83353 88.04422 22.0
15.0 3.0 15.0 145.08628 26.53522 64.67107 22.0
15.0 7.0 7.0 121.64338 13.43623 56.9008 1484.0
15.0 7.0 15.0 145.08628 26.53522 64.67107 1484.0
15.0 10.0 10.0 97.05767 3.91552 61.09306 68.0
15.0 10.0 15.0 145.08628 26.53522 64.67107 68.0
15.0 12.0 12.0 179.80867 86.31247 84.72713 32.0
15.0 12.0 15.0 145.08628 26.53522 64.67107 32.0
15.0 15.0 15.0 145.08628 26.53522 64.67107 5159.0
15.0 15.0 15.0 145.08628 26.53522 64.67107 5159.0
15.0 17.0 17.0 122.77529 10.99967 94.57706 882.0
15.0 17.0 15.0 145.08628 26.53522 64.67107 882.0
15.0 18.0 18.0 159.22394 24.83402 93.86101 1068.0
15.0 18.0 15.0 145.08628 26.53522 64.67107 1068.0
15.0 23.0 23.0 173.46297 43.56387 76.92343 812.0
15.0 23.0 15.0 145.08628 26.53522 64.67107 812.0
15.0 25.0 25.0 182.83481 64.00702 100.2942 8.0
15.0 25.0 15.0 145.08628 26.53522 64.67107 8.0
15.0 26.0 26.0 132.06889 45.10567 139.11465 6.0
15.0 26.0 15.0 145.08628 26.53522 64.67107 6.0
15.0 29.0 29.0 122.72297 20.57451 121.14431 58.0
15.0 29.0 15.0 145.08628 26.53522 64.67107 58.0
15.0 31.0 31.0 121.52205 38.85135 35.99815 1382.0
15.0 31.0 15.0 145.08628 26.53522 64.67107 1382.0
15.0 32.0 32.0 157.20644 89.16465 58.03024 351.0
15.0 32.0 15.0 145.08628 26.53522 64.67107 351.0
15.0 37.0 37.0 80.2325 11.05467 113.80357 1.0
15.0 37.0 15.0 145.08628 26.53522 64.67107 1.0
15.0 40.0 40.0 83.27268 23.51191 42.42982 2.0
15.0 40.0 15.0 145.08628 26.53522 64.67107 2.0
15.0 47.0 47.0 164.19318 62.70642 126.10647 9.0
15.0 47.0 15.0 145.08628 26.53522 64.67107 9.0
16.0 0.0 0.0 55.09083 48.91233 141.9746 1437.0
16.0 0.0 16.0 37.1046 39.09858 124.71145 1437.0
16.0 2.0 2.0 27.39568 25.33124 87.68576 711.0
16.0 2.0 16.0 37.1046 39.09858 124.71145 711.0
16.0 3.0 3.0 83.228 3.83353 88.04422 17.0
16.0 3.0 16.0 37.1046 39.09858 124.71145 17.0
16.0 4.0 4.0 72.10169 108.41505 139.66426 3.0
16.0 4.0 16.0 37.1046 39.09858 124.71145 3.0
16.0 6.0 6.0 5.47044 84.735 74.3922 4.0
16.0 6.0 16.0 37.1046 39.09858 124.71145 4.0
16.0 11.0 11.0 48.52405 14.11929 56.50566 16.0
16.0 11.0 16.0 37.1046 39.09858 124.71145 16.0
16.0 13.0 13.0 21.81289 31.13598 56.42111 3.0
16.0 13.0 16.0 37.1046 39.09858 124.71145 3.0
16.0 16.0 16.0 37.1046 39.09858 124.71145 4263.0
16.0 16.0 16.0 37.1046 39.09858 124.71145 4263.0
16.0 22.0 22.0 25.0947 80.05765 119.4612 1232.0
16.0 22.0 16.0 37.1046 39.09858 124.71145 1232.0
16.0 23.0 23.0 173.46297 43.56387 76.92343 1.0
16.0 23.0 16.0 37.1046 39.09858 124.71145 1.0
16.0 27.0 27.0 18.69463 45.37951 103.70231 1114.0
16.0 27.0 16.0 37.1046 39.09858 124.71145 1114.0
16.0 28.0 28.0 84.33881 38.91783 143.13327 60.0
16.0 28.0 16.0 37.1046 39.09858 124.71145 60.0
16.0 33.0 33.0 97.20351 49.93124 149.23206 2.0
16.0 33.0 16.0 37.1046 39.09858 124.71145 2.0
16.0 36.0 36.0 51.17597 19.51217 119.71814 1064.0
16.0 36.0 16.0 37.1046 39.09858 124.71145 1064.0
16.0 37.0 37.0 80.2325 11.05467 113.80357 161.0
16.0 37.0 16.0 37.1046 39.09858 124.71145 161.0
16.0 38.0 38.0 88.67369 68.41349 152.61354 17.0
16.0 38.0 16.0 37.1046 39.09858 124.71145 17.0
16.0 42.0 42.0 56.60957 85.24562 144.95053 185.0
16.0 42.0 16.0 37.1046 39.09858 124.71145 185.0
16.0 44.0 44.0 70.22932 22.72609 131.35102 256.0
16.0 44.0 16.0 37.1046 39.09858 124.71145 256.0
17.0 3.0 3.0 83.228 3.83353 88.04422 1159.0
17.0 3.0 17.0 122.77529 10.99967 94.57706 1159.0
17.0 7.0 7.0 121.64338 13.43623 56.9008 780.0
17.0 7.0 17.0 122.77529 10.99967 94.57706 780.0
17.0 10.0 10.0 97.05767 3.91552 61.09306 485.0
17.0 10.0 17.0 122.77529 10.99967 94.57706 485.0
17.0 15.0 15.0 145.08628 26.53522 64.67107 938.0
17.0 15.0 17.0 122.77529 10.99967 94.57706 938.0
17.0 17.0 17.0 122.77529 10.99967 94.57706 5096.0
17.0 17.0 17.0 122.77529 10.99967 94.57706 5096.0
17.0 18.0 18.0 159.22394 24.83402 93.86101 618.0
17.0 18.0 17.0 122.77529 10.99967 94.57706 618.0
17.0 19.0 19.0 66.40298 15.78422 45.38413 1.0
17.0 19.0 17.0 122.77529 10.99967 94.57706 1.0
17.0 23.0 23.0 173.46297 43.56387 76.92343 9.0
17.0 23.0 17.0 122.77529 10.99967 94.57706 9.0
17.0 26.0 26.0 132.06889 45.10567 139.11465 98.0
17.0 26.0 17.0 122.77529 10.99967 94.57706 98.0
17.0 28.0 28.0 84.33881 38.91783 143.13327 10.0
17.0 28.0 17.0 122.77529 10.99967 94.57706 10.0
17.0 29.0 29.0 122.72297 20.57451 121.14431 1542.0
17.0 29.0 17.0 122.77529 10.99967 94.57706 1542.0
17.0 31.0 31.0 121.52205 38.85135 35.99815 6.0
17.0 31.0 17.0 122.77529 10.99967 94.57706 6.0
17.0 36.0 36.0 51.17597 19.51217 119.71814 1.0
17.0 36.0 17.0 122.77529 10.99967 94.57706 1.0
17.0 37.0 37.0 80.2325 11.05467 113.80357 485.0
17.0 37.0 17.0 122.77529 10.99967 94.57706 485.0
17.0 40.0 40.0 83.27268 23.51191 42.42982 3.0
17.0 40.0 17.0 122.77529 10.99967 94.57706 3.0
17.0 44.0 44.0 70.22932 22.72609 131.35102 2.0
17.0 44.0 17.0 122.77529 10.99967 94.57706 2.0
17.0 45.0 45.0 35.04501 116.24706 28.45254 1.0
17.0 45.0 17.0 122.77529 10.99967 94.57706 1.0
17.0 47.0 47.0 164.19318 62.70642 126.10647 25.0
17.0 47.0 17.0 122.77529 10.99967 94.57706 25.0
18.0 7.0 7.0 121.64338 13.43623 56.9008 28.0
18.0 7.0 18.0 159.22394 24.83402 93.86101 28.0
18.0 12.0 12.0 179.80867 86.31247 84.72713 9.0
18.0 12.0 18.0 159.22394 24.83402 93.86101 9.0
18.0 15.0 15.0 145.08628 26.53522 64.67107 1122.0
18.0 15.0 18.0 159.22394 24.83402 93.86101 1122.0
18.0 17.0 17.0 122.77529 10.99967 94.57706 640.0
18.0 17.0 18.0 159.22394 24.83402 93.86101 640.0
18.0 18.0 18.0 159.22394 24.83402 93.86101 3252.0
18.0 18.0 18.0 159.22394 24.83402 93.86101 3252.0
18.0 23.0 23.0 173.46297 43.56387 76.92343 1000.0
18.0 23.0 18.0 159.22394 24.83402 93.86101 1000.0
18.0 25.0 25.0 182.83481 64.00702 100.2942 96.0
18.0 25.0 18.0 159.22394 24.83402 93.86101 96.0
18.0 26.0 26.0 132.06889 45.10567 139.11465 216.0
18.0 26.0 18.0 159.22394 24.83402 93.86101 216.0
18.0 29.0 29.0 122.72297 20.57451 121.14431 575.0
18.0 29.0 18.0 159.22394 24.83402 93.86101 575.0
18.0 31.0 31.0 121.52205 38.85135 35.99815 7.0
18.0 31.0 18.0 159.22394 24.83402 93.86101 7.0
18.0 32.0 32.0 157.20644 89.16465 58.03024 9.0
18.0 32.0 18.0 159.22394 24.83402 93.86101 9.0
18.0 37.0 37.0 80.2325 11.05467 113.80357 1.0
18.0 37.0 18.0 159.22394 24.83402 93.86101 1.0
18.0 47.0 47.0 164.19318 62.70642 126.10647 623.0
18.0 47.0 18.0 159.22394 24.83402 93.86101 623.0
19.0 1.0 1.0 66.22151 89.21737 7.44838 16.0
19.0 1.0 19.0 66.40298 15.78422 45.38413 16.0
19.0 2.0 2.0 27.39568 25.33124 87.68576 5.0
19.0 2.0 19.0 66.40298 15.78422 45.38413 5.0
19.0 3.0 3.0 83.228 3.83353 88.04422 451.0
19.0 3.0 19.0 66.40298 15.78422 45.38413 451.0
19.0 7.0 7.0 121.64338 13.43623 56.9008 16.0
19.0 7.0 19.0 66.40298 15.78422 45.38413 16.0
19.0 10.0 10.0 97.05767 3.91552 61.09306 592.0
19.0 10.0 19.0 66.40298 15.78422 45.38413 592.0
19.0 11.0 11.0 48.52405 14.11929 56.50566 1920.0
19.0 11.0 19.0 66.40298 15.78422 45.38413 1920.0
19.0 13.0 13.0 21.81289 31.13598 56.42111 73.0
19.0 13.0 19.0 66.40298 15.78422 45.38413 73.0
19.0 19.0 19.0 66.40298 15.78422 45.38413 2172.0
19.0 19.0 19.0 66.40298 15.78422 45.38413 2172.0
19.0 20.0 20.0 84.96582 53.64739 22.26444 585.0
19.0 20.0 19.0 66.40298 15.78422 45.38413 585.0
19.0 21.0 21.0 28.29984 78.1092 19.28061 17.0
19.0 21.0 19.0 66.40298 15.78422 45.38413 17.0
19.0 31.0 31.0 121.52205 38.85135 35.99815 41.0
19.0 31.0 19.0 66.40298 15.78422 45.38413 41.0
19.0 36.0 36.0 51.17597 19.51217 119.71814 1.0
19.0 36.0 19.0 66.40298 15.78422 45.38413 1.0
19.0 37.0 37.0 80.2325 11.05467 113.80357 14.0
19.0 37.0 19.0 66.40298 15.78422 45.38413 14.0
19.0 39.0 39.0 21.84224 50.10634 32.76857 196.0
19.0 39.0 19.0 66.40298 15.78422 45.38413 196.0
19.0 40.0 40.0 83.27268 23.51191 42.42982 1612.0
19.0 40.0 19.0 66.40298 15.78422 45.38413 1612.0
20.0 1.0 1.0 66.22151 89.21737 7.44838 2182.0
20.0 1.0 20.0 84.96582 53.64739 22.26444 2182.0
20.0 7.0 7.0 121.64338 13.43623 56.9008 20.0
20.0 7.0 20.0 84.96582 53.64739 22.26444 20.0
20.0 8.0 8.0 89.90471 90.532 30.39675 112.0
20.0 8.0 20.0 84.96582 53.64739 22.26444 112.0
20.0 10.0 10.0 97.05767 3.91552 61.09306 23.0
20.0 10.0 20.0 84.96582 53.64739 22.26444 23.0
20.0 11.0 11.0 48.52405 14.11929 56.50566 260.0
20.0 11.0 20.0 84.96582 53.64739 22.26444 260.0
20.0 13.0 13.0 21.81289 31.13598 56.42111 8.0
20.0 13.0 20.0 84.96582 53.64739 22.26444 8.0
20.0 14.0 14.0 128.51126 116.07814 40.41558 6.0
20.0 14.0 20.0 84.96582 53.64739 22.26444 6.0
20.0 15.0 15.0 145.08628 26.53522 64.67107 2.0
20.0 15.0 20.0 84.96582 53.64739 22.26444 2.0
20.0 19.0 19.0 66.40298 15.78422 45.38413 555.0
20.0 19.0 20.0 84.96582 53.64739 22.26444 555.0
20.0 20.0 20.0 84.96582 53.64739 22.26444 14739.0
20.0 20.0 20.0 84.96582 53.64739 22.26444 14739.0
20.0 21.0 21.0 28.29984 78.1092 19.28061 247.0
20.0 21.0 20.0 84.96582 53.64739 22.26444 247.0
20.0 31.0 31.0 121.52205 38.85135 35.99815 2509.0
20.0 31.0 20.0 84.96582 53.64739 22.26444 2509.0
20.0 32.0 32.0 157.20644 89.16465 58.03024 11.0
20.0 32.0 20.0 84.96582 53.64739 22.26444 11.0
20.0 39.0 39.0 21.84224 50.10634 32.76857 485.0
20.0 39.0 20.0 84.96582 53.64739 22.26444 485.0
20.0 40.0 40.0 83.27268 23.51191 42.42982 1786.0
20.0 40.0 20.0 84.96582 53.64739 22.26444 1786.0
20.0 45.0 45.0 35.04501 116.24706 28.45254 2.0
20.0 45.0 20.0 84.96582 53.64739 22.26444 2.0
20.0 46.0 46.0 114.60769 130.2764 52.79188 2.0
20.0 46.0 20.0 84.96582 53.64739 22.26444 2.0
21.0 1.0 1.0 66.22151 89.21737 7.44838 1552.0
21.0 1.0 21.0 28.29984 78.1092 19.28061 1552.0
21.0 6.0 6.0 5.47044 84.735 74.3922 609.0
21.0 6.0 21.0 28.29984 78.1092 19.28061 609.0
21.0 11.0 11.0 48.52405 14.11929 56.50566 38.0
21.0 11.0 21.0 28.29984 78.1092 19.28061 38.0
21.0 13.0 13.0 21.81289 31.13598 56.42111 9.0
21.0 13.0 21.0 28.29984 78.1092 19.28061 9.0
21.0 19.0 19.0 66.40298 15.78422 45.38413 12.0
21.0 19.0 21.0 28.29984 78.1092 19.28061 12.0
21.0 20.0 20.0 84.96582 53.64739 22.26444 281.0
21.0 20.0 21.0 28.29984 78.1092 19.28061 281.0
21.0 21.0 21.0 28.29984 78.1092 19.28061 6425.0
21.0 21.0 21.0 28.29984 78.1092 19.28061 6425.0
21.0 39.0 39.0 21.84224 50.10634 32.76857 2228.0
21.0 39.0 21.0 28.29984 78.1092 19.28061 2228.0
21.0 40.0 40.0 83.27268 23.51191 42.42982 1.0
21.0 40.0 21.0 28.29984 78.1092 19.28061 1.0
21.0 45.0 45.0 35.04501 116.24706 28.45254 1937.0
21.0 45.0 21.0 28.29984 78.1092 19.28061 1937.0
22.0 0.0 0.0 55.09083 48.91233 141.9746 650.0
22.0 0.0 22.0 25.0947 80.05765 119.4612 650.0
22.0 2.0 2.0 27.39568 25.33124 87.68576 81.0
22.0 2.0 22.0 25.0947 80.05765 119.4612 81.0
22.0 4.0 4.0 72.10169 108.41505 139.66426 481.0
22.0 4.0 22.0 25.0947 80.05765 119.4612 481.0
22.0 5.0 5.0 42.13919 126.72583 106.67534 50.0
22.0 5.0 22.0 25.0947 80.05765 119.4612 50.0
22.0 6.0 6.0 5.47044 84.735 74.3922 1974.0
22.0 6.0 22.0 25.0947 80.05765 119.4612 1974.0
22.0 13.0 13.0 21.81289 31.13598 56.42111 2.0
22.0 13.0 22.0 25.0947 80.05765 119.4612 2.0
22.0 16.0 16.0 37.1046 39.09858 124.71145 1287.0
22.0 16.0 22.0 25.0947 80.05765 119.4612 1287.0
22.0 22.0 22.0 25.0947 80.05765 119.4612 14647.0
22.0 22.0 22.0 25.0947 80.05765 119.4612 14647.0
22.0 24.0 24.0 107.85068 87.22912 149.14598 1.0
22.0 24.0 22.0 25.0947 80.05765 119.4612 1.0
22.0 27.0 27.0 18.69463 45.37951 103.70231 1281.0
22.0 27.0 22.0 25.0947 80.05765 119.4612 1281.0
22.0 28.0 28.0 84.33881 38.91783 143.13327 22.0
22.0 28.0 22.0 25.0947 80.05765 119.4612 22.0
22.0 33.0 33.0 97.20351 49.93124 149.23206 5.0
22.0 33.0 22.0 25.0947 80.05765 119.4612 5.0
22.0 36.0 36.0 51.17597 19.51217 119.71814 9.0
22.0 36.0 22.0 25.0947 80.05765 119.4612 9.0
22.0 37.0 37.0 80.2325 11.05467 113.80357 1.0
22.0 37.0 22.0 25.0947 80.05765 119.4612 1.0
22.0 38.0 38.0 88.67369 68.41349 152.61354 29.0
22.0 38.0 22.0 25.0947 80.05765 119.4612 29.0
22.0 41.0 41.0 59.90046 126.07159 122.51375 917.0
22.0 41.0 22.0 25.0947 80.05765 119.4612 917.0
22.0 42.0 42.0 56.60957 85.24562 144.95053 1706.0
22.0 42.0 22.0 25.0947 80.05765 119.4612 1706.0
23.0 7.0 7.0 121.64338 13.43623 56.9008 13.0
23.0 7.0 23.0 173.46297 43.56387 76.92343 13.0
23.0 12.0 12.0 179.80867 86.31247 84.72713 611.0
23.0 12.0 23.0 173.46297 43.56387 76.92343 611.0
23.0 15.0 15.0 145.08628 26.53522 64.67107 781.0
23.0 15.0 23.0 173.46297 43.56387 76.92343 781.0
23.0 17.0 17.0 122.77529 10.99967 94.57706 7.0
23.0 17.0 23.0 173.46297 43.56387 76.92343 7.0
23.0 18.0 18.0 159.22394 24.83402 93.86101 1030.0
23.0 18.0 23.0 173.46297 43.56387 76.92343 1030.0
23.0 23.0 23.0 173.46297 43.56387 76.92343 3354.0
23.0 23.0 23.0 173.46297 43.56387 76.92343 3354.0
23.0 25.0 25.0 182.83481 64.00702 100.2942 774.0
23.0 25.0 23.0 173.46297 43.56387 76.92343 774.0
23.0 26.0 26.0 132.06889 45.10567 139.11465 9.0
23.0 26.0 23.0 173.46297 43.56387 76.92343 9.0
23.0 29.0 29.0 122.72297 20.57451 121.14431 12.0
23.0 29.0 23.0 173.46297 43.56387 76.92343 12.0
23.0 31.0 31.0 121.52205 38.85135 35.99815 120.0
23.0 31.0 23.0 173.46297 43.56387 76.92343 120.0
23.0 32.0 32.0 157.20644 89.16465 58.03024 511.0
23.0 32.0 23.0 173.46297 43.56387 76.92343 511.0
23.0 47.0 47.0 164.19318 62.70642 126.10647 321.0
23.0 47.0 23.0 173.46297 43.56387 76.92343 321.0
24.0 0.0 0.0 55.09083 48.91233 141.9746 4.0
24.0 0.0 24.0 107.85068 87.22912 149.14598 4.0
24.0 4.0 4.0 72.10169 108.41505 139.66426 1529.0
24.0 4.0 24.0 107.85068 87.22912 149.14598 1529.0
24.0 9.0 9.0 78.61866 139.9238 102.65184 22.0
24.0 9.0 24.0 107.85068 87.22912 149.14598 22.0
24.0 24.0 24.0 107.85068 87.22912 149.14598 8946.0
24.0 24.0 24.0 107.85068 87.22912 149.14598 8946.0
24.0 26.0 26.0 132.06889 45.10567 139.11465 943.0
24.0 26.0 24.0 107.85068 87.22912 149.14598 943.0
24.0 28.0 28.0 84.33881 38.91783 143.13327 36.0
24.0 28.0 24.0 107.85068 87.22912 149.14598 36.0
24.0 29.0 29.0 122.72297 20.57451 121.14431 1.0
24.0 29.0 24.0 107.85068 87.22912 149.14598 1.0
24.0 30.0 30.0 88.50714 139.93519 62.76814 1.0
24.0 30.0 24.0 107.85068 87.22912 149.14598 1.0
24.0 33.0 33.0 97.20351 49.93124 149.23206 490.0
24.0 33.0 24.0 107.85068 87.22912 149.14598 490.0
24.0 34.0 34.0 127.71214 111.30864 129.57027 2590.0
24.0 34.0 24.0 107.85068 87.22912 149.14598 2590.0
24.0 35.0 35.0 147.73477 121.18052 95.59915 3.0
24.0 35.0 24.0 107.85068 87.22912 149.14598 3.0
24.0 37.0 37.0 80.2325 11.05467 113.80357 1.0
24.0 37.0 24.0 107.85068 87.22912 149.14598 1.0
24.0 38.0 38.0 88.67369 68.41349 152.61354 1872.0
24.0 38.0 24.0 107.85068 87.22912 149.14598 1872.0
24.0 41.0 41.0 59.90046 126.07159 122.51375 75.0
24.0 41.0 24.0 107.85068 87.22912 149.14598 75.0
24.0 42.0 42.0 56.60957 85.24562 144.95053 506.0
24.0 42.0 24.0 107.85068 87.22912 149.14598 506.0
24.0 43.0 43.0 101.68219 137.73762 99.13543 9.0
24.0 43.0 24.0 107.85068 87.22912 149.14598 9.0
24.0 44.0 44.0 70.22932 22.72609 131.35102 2.0
24.0 44.0 24.0 107.85068 87.22912 149.14598 2.0
24.0 47.0 47.0 164.19318 62.70642 126.10647 189.0
24.0 47.0 24.0 107.85068 87.22912 149.14598 189.0
25.0 7.0 7.0 121.64338 13.43623 56.9008 1.0
25.0 7.0 25.0 182.83481 64.00702 100.2942 1.0
25.0 12.0 12.0 179.80867 86.31247 84.72713 1183.0
25.0 12.0 25.0 182.83481 64.00702 100.2942 1183.0
25.0 15.0 15.0 145.08628 26.53522 64.67107 8.0
25.0 15.0 25.0 182.83481 64.00702 100.2942 8.0
25.0 18.0 18.0 159.22394 24.83402 93.86101 111.0
25.0 18.0 25.0 182.83481 64.00702 100.2942 111.0
25.0 23.0 23.0 173.46297 43.56387 76.92343 779.0
25.0 23.0 25.0 182.83481 64.00702 100.2942 779.0
25.0 25.0 25.0 182.83481 64.00702 100.2942 2251.0
25.0 25.0 25.0 182.83481 64.00702 100.2942 2251.0
25.0 26.0 26.0 132.06889 45.10567 139.11465 6.0
25.0 26.0 25.0 182.83481 64.00702 100.2942 6.0
25.0 32.0 32.0 157.20644 89.16465 58.03024 43.0
25.0 32.0 25.0 182.83481 64.00702 100.2942 43.0
25.0 34.0 34.0 127.71214 111.30864 129.57027 25.0
25.0 34.0 25.0 182.83481 64.00702 100.2942 25.0
25.0 35.0 35.0 147.73477 121.18052 95.59915 71.0
25.0 35.0 25.0 182.83481 64.00702 100.2942 71.0
25.0 46.0 46.0 114.60769 130.2764 52.79188 1.0
25.0 46.0 25.0 182.83481 64.00702 100.2942 1.0
25.0 47.0 47.0 164.19318 62.70642 126.10647 1219.0
25.0 47.0 25.0 182.83481 64.00702 100.2942 1219.0
26.0 15.0 15.0 145.08628 26.53522 64.67107 4.0
26.0 15.0 26.0 132.06889 45.10567 139.11465 4.0
26.0 17.0 17.0 122.77529 10.99967 94.57706 85.0
26.0 17.0 26.0 132.06889 45.10567 139.11465 85.0
26.0 18.0 18.0 159.22394 24.83402 93.86101 224.0
26.0 18.0 26.0 132.06889 45.10567 139.11465 224.0
26.0 23.0 23.0 173.46297 43.56387 76.92343 3.0
26.0 23.0 26.0 132.06889 45.10567 139.11465 3.0
26.0 24.0 24.0 107.85068 87.22912 149.14598 1016.0
26.0 24.0 26.0 132.06889 45.10567 139.11465 1016.0
26.0 25.0 25.0 182.83481 64.00702 100.2942 3.0
26.0 25.0 26.0 132.06889 45.10567 139.11465 3.0
26.0 26.0 26.0 132.06889 45.10567 139.11465 8110.0
26.0 26.0 26.0 132.06889 45.10567 139.11465 8110.0
26.0 28.0 28.0 84.33881 38.91783 143.13327 393.0
26.0 28.0 26.0 132.06889 45.10567 139.11465 393.0
26.0 29.0 29.0 122.72297 20.57451 121.14431 1875.0
26.0 29.0 26.0 132.06889 45.10567 139.11465 1875.0
26.0 33.0 33.0 97.20351 49.93124 149.23206 1071.0
26.0 33.0 26.0 132.06889 45.10567 139.11465 1071.0
26.0 34.0 34.0 127.71214 111.30864 129.57027 276.0
26.0 34.0 26.0 132.06889 45.10567 139.11465 276.0
26.0 35.0 35.0 147.73477 121.18052 95.59915 1.0
26.0 35.0 26.0 132.06889 45.10567 139.11465 1.0
26.0 37.0 37.0 80.2325 11.05467 113.80357 106.0
26.0 37.0 26.0 132.06889 45.10567 139.11465 106.0
26.0 38.0 38.0 88.67369 68.41349 152.61354 409.0
26.0 38.0 26.0 132.06889 45.10567 139.11465 409.0
26.0 44.0 44.0 70.22932 22.72609 131.35102 11.0
26.0 44.0 26.0 132.06889 45.10567 139.11465 11.0
26.0 47.0 47.0 164.19318 62.70642 126.10647 1712.0
26.0 47.0 26.0 132.06889 45.10567 139.11465 1712.0
27.0 0.0 0.0 55.09083 48.91233 141.9746 39.0
27.0 0.0 27.0 18.69463 45.37951 103.70231 39.0
27.0 2.0 2.0 27.39568 25.33124 87.68576 1574.0
27.0 2.0 27.0 18.69463 45.37951 103.70231 1574.0
27.0 3.0 3.0 83.228 3.83353 88.04422 1.0
27.0 3.0 27.0 18.69463 45.37951 103.70231 1.0
27.0 6.0 6.0 5.47044 84.735 74.3922 805.0
27.0 6.0 27.0 18.69463 45.37951 103.70231 805.0
27.0 11.0 11.0 48.52405 14.11929 56.50566 18.0
27.0 11.0 27.0 18.69463 45.37951 103.70231 18.0
27.0 13.0 13.0 21.81289 31.13598 56.42111 110.0
27.0 13.0 27.0 18.69463 45.37951 103.70231 110.0
27.0 16.0 16.0 37.1046 39.09858 124.71145 1303.0
27.0 16.0 27.0 18.69463 45.37951 103.70231 1303.0
27.0 22.0 22.0 25.0947 80.05765 119.4612 1338.0
27.0 22.0 27.0 18.69463 45.37951 103.70231 1338.0
27.0 27.0 27.0 18.69463 45.37951 103.70231 3357.0
27.0 27.0 27.0 18.69463 45.37951 103.70231 3357.0
27.0 36.0 36.0 51.17597 19.51217 119.71814 110.0
27.0 36.0 27.0 18.69463 45.37951 103.70231 110.0
27.0 37.0 37.0 80.2325 11.05467 113.80357 13.0
27.0 37.0 27.0 18.69463 45.37951 103.70231 13.0
27.0 39.0 39.0 21.84224 50.10634 32.76857 17.0
27.0 39.0 27.0 18.69463 45.37951 103.70231 17.0
27.0 42.0 42.0 56.60957 85.24562 144.95053 4.0
27.0 42.0 27.0 18.69463 45.37951 103.70231 4.0
27.0 44.0 44.0 70.22932 22.72609 131.35102 3.0
27.0 44.0 27.0 18.69463 45.37951 103.70231 3.0
28.0 0.0 0.0 55.09083 48.91233 141.9746 1064.0
28.0 0.0 28.0 84.33881 38.91783 143.13327 1064.0
28.0 3.0 3.0 83.228 3.83353 88.04422 7.0
28.0 3.0 28.0 84.33881 38.91783 143.13327 7.0
28.0 4.0 4.0 72.10169 108.41505 139.66426 5.0
28.0 4.0 28.0 84.33881 38.91783 143.13327 5.0
28.0 16.0 16.0 37.1046 39.09858 124.71145 37.0
28.0 16.0 28.0 84.33881 38.91783 143.13327 37.0
28.0 17.0 17.0 122.77529 10.99967 94.57706 8.0
28.0 17.0 28.0 84.33881 38.91783 143.13327 8.0
28.0 22.0 22.0 25.0947 80.05765 119.4612 14.0
28.0 22.0 28.0 84.33881 38.91783 143.13327 14.0
28.0 24.0 24.0 107.85068 87.22912 149.14598 36.0
28.0 24.0 28.0 84.33881 38.91783 143.13327 36.0
28.0 26.0 26.0 132.06889 45.10567 139.11465 424.0
28.0 26.0 28.0 84.33881 38.91783 143.13327 424.0
28.0 28.0 28.0 84.33881 38.91783 143.13327 3156.0
28.0 28.0 28.0 84.33881 38.91783 143.13327 3156.0
28.0 29.0 29.0 122.72297 20.57451 121.14431 492.0
28.0 29.0 28.0 84.33881 38.91783 143.13327 492.0
28.0 33.0 33.0 97.20351 49.93124 149.23206 1622.0
28.0 33.0 28.0 84.33881 38.91783 143.13327 1622.0
28.0 36.0 36.0 51.17597 19.51217 119.71814 72.0
28.0 36.0 28.0 84.33881 38.91783 143.13327 72.0
28.0 37.0 37.0 80.2325 11.05467 113.80357 703.0
28.0 37.0 28.0 84.33881 38.91783 143.13327 703.0
28.0 38.0 38.0 88.67369 68.41349 152.61354 628.0
28.0 38.0 28.0 84.33881 38.91783 143.13327 628.0
28.0 42.0 42.0 56.60957 85.24562 144.95053 175.0
28.0 42.0 28.0 84.33881 38.91783 143.13327 175.0
28.0 44.0 44.0 70.22932 22.72609 131.35102 920.0
28.0 44.0 28.0 84.33881 38.91783 143.13327 920.0
29.0 0.0 0.0 55.09083 48.91233 141.9746 3.0
29.0 0.0 29.0 122.72297 20.57451 121.14431 3.0
29.0 3.0 3.0 83.228 3.83353 88.04422 232.0
29.0 3.0 29.0 122.72297 20.57451 121.14431 232.0
29.0 7.0 7.0 121.64338 13.43623 56.9008 7.0
29.0 7.0 29.0 122.72297 20.57451 121.14431 7.0
29.0 10.0 10.0 97.05767 3.91552 61.09306 3.0
29.0 10.0 29.0 122.72297 20.57451 121.14431 3.0
29.0 15.0 15.0 145.08628 26.53522 64.67107 53.0
29.0 15.0 29.0 122.72297 20.57451 121.14431 53.0
29.0 17.0 17.0 122.77529 10.99967 94.57706 1590.0
29.0 17.0 29.0 122.72297 20.57451 121.14431 1590.0
29.0 18.0 18.0 159.22394 24.83402 93.86101 532.0
29.0 18.0 29.0 122.72297 20.57451 121.14431 532.0
29.0 23.0 23.0 173.46297 43.56387 76.92343 9.0
29.0 23.0 29.0 122.72297 20.57451 121.14431 9.0
29.0 24.0 24.0 107.85068 87.22912 149.14598 1.0
29.0 24.0 29.0 122.72297 20.57451 121.14431 1.0
29.0 25.0 25.0 182.83481 64.00702 100.2942 1.0
29.0 25.0 29.0 122.72297 20.57451 121.14431 1.0
29.0 26.0 26.0 132.06889 45.10567 139.11465 1809.0
29.0 26.0 29.0 122.72297 20.57451 121.14431 1809.0
29.0 28.0 28.0 84.33881 38.91783 143.13327 499.0
29.0 28.0 29.0 122.72297 20.57451 121.14431 499.0
29.0 29.0 29.0 122.72297 20.57451 121.14431 4797.0
29.0 29.0 29.0 122.72297 20.57451 121.14431 4797.0
29.0 33.0 33.0 97.20351 49.93124 149.23206 179.0
29.0 33.0 29.0 122.72297 20.57451 121.14431 179.0
29.0 37.0 37.0 80.2325 11.05467 113.80357 1161.0
29.0 37.0 29.0 122.72297 20.57451 121.14431 1161.0
29.0 38.0 38.0 88.67369 68.41349 152.61354 6.0
29.0 38.0 29.0 122.72297 20.57451 121.14431 6.0
29.0 44.0 44.0 70.22932 22.72609 131.35102 87.0
29.0 44.0 29.0 122.72297 20.57451 121.14431 87.0
29.0 47.0 47.0 164.19318 62.70642 126.10647 222.0
29.0 47.0 29.0 122.72297 20.57451 121.14431 222.0
30.0 1.0 1.0 66.22151 89.21737 7.44838 375.0
30.0 1.0 30.0 88.50714 139.93519 62.76814 375.0
30.0 5.0 5.0 42.13919 126.72583 106.67534 5.0
30.0 5.0 30.0 88.50714 139.93519 62.76814 5.0
30.0 8.0 8.0 89.90471 90.532 30.39675 18.0
30.0 8.0 30.0 88.50714 139.93519 62.76814 18.0
30.0 9.0 9.0 78.61866 139.9238 102.65184 1453.0
30.0 9.0 30.0 88.50714 139.93519 62.76814 1453.0
30.0 14.0 14.0 128.51126 116.07814 40.41558 225.0
30.0 14.0 30.0 88.50714 139.93519 62.76814 225.0
30.0 23.0 23.0 173.46297 43.56387 76.92343 1.0
30.0 23.0 30.0 88.50714 139.93519 62.76814 1.0
30.0 30.0 30.0 88.50714 139.93519 62.76814 16475.0
30.0 30.0 30.0 88.50714 139.93519 62.76814 16475.0
30.0 32.0 32.0 157.20644 89.16465 58.03024 4.0
30.0 32.0 30.0 88.50714 139.93519 62.76814 4.0
30.0 34.0 34.0 127.71214 111.30864 129.57027 70.0
30.0 34.0 30.0 88.50714 139.93519 62.76814 70.0
30.0 35.0 35.0 147.73477 121.18052 95.59915 714.0
30.0 35.0 30.0 88.50714 139.93519 62.76814 714.0
30.0 41.0 41.0 59.90046 126.07159 122.51375 24.0
30.0 41.0 30.0 88.50714 139.93519 62.76814 24.0
30.0 43.0 43.0 101.68219 137.73762 99.13543 2260.0
30.0 43.0 30.0 88.50714 139.93519 62.76814 2260.0
30.0 45.0 45.0 35.04501 116.24706 28.45254 889.0
30.0 45.0 30.0 88.50714 139.93519 62.76814 889.0
30.0 46.0 46.0 114.60769 130.2764 52.79188 3673.0
30.0 46.0 30.0 88.50714 139.93519 62.76814 3673.0
31.0 3.0 3.0 83.228 3.83353 88.04422 3.0
31.0 3.0 31.0 121.52205 38.85135 35.99815 3.0
31.0 7.0 7.0 121.64338 13.43623 56.9008 1642.0
31.0 7.0 31.0 121.52205 38.85135 35.99815 1642.0
31.0 8.0 8.0 89.90471 90.532 30.39675 25.0
31.0 8.0 31.0 121.52205 38.85135 35.99815 25.0
31.0 10.0 10.0 97.05767 3.91552 61.09306 392.0
31.0 10.0 31.0 121.52205 38.85135 35.99815 392.0
31.0 11.0 11.0 48.52405 14.11929 56.50566 2.0
31.0 11.0 31.0 121.52205 38.85135 35.99815 2.0
31.0 12.0 12.0 179.80867 86.31247 84.72713 8.0
31.0 12.0 31.0 121.52205 38.85135 35.99815 8.0
31.0 14.0 14.0 128.51126 116.07814 40.41558 7.0
31.0 14.0 31.0 121.52205 38.85135 35.99815 7.0
31.0 15.0 15.0 145.08628 26.53522 64.67107 1519.0
31.0 15.0 31.0 121.52205 38.85135 35.99815 1519.0
31.0 17.0 17.0 122.77529 10.99967 94.57706 4.0
31.0 17.0 31.0 121.52205 38.85135 35.99815 4.0
31.0 18.0 18.0 159.22394 24.83402 93.86101 14.0
31.0 18.0 31.0 121.52205 38.85135 35.99815 14.0
31.0 19.0 19.0 66.40298 15.78422 45.38413 38.0
31.0 19.0 31.0 121.52205 38.85135 35.99815 38.0
31.0 20.0 20.0 84.96582 53.64739 22.26444 2434.0
31.0 20.0 31.0 121.52205 38.85135 35.99815 2434.0
31.0 23.0 23.0 173.46297 43.56387 76.92343 109.0
31.0 23.0 31.0 121.52205 38.85135 35.99815 109.0
31.0 31.0 31.0 121.52205 38.85135 35.99815 13117.0
31.0 31.0 31.0 121.52205 38.85135 35.99815 13117.0
31.0 32.0 32.0 157.20644 89.16465 58.03024 757.0
31.0 32.0 31.0 121.52205 38.85135 35.99815 757.0
31.0 40.0 40.0 83.27268 23.51191 42.42982 1063.0
31.0 40.0 31.0 121.52205 38.85135 35.99815 1063.0
32.0 7.0 7.0 121.64338 13.43623 56.9008 3.0
32.0 7.0 32.0 157.20644 89.16465 58.03024 3.0
32.0 12.0 12.0 179.80867 86.31247 84.72713 1694.0
32.0 12.0 32.0 157.20644 89.16465 58.03024 1694.0
32.0 14.0 14.0 128.51126 116.07814 40.41558 1621.0
32.0 14.0 32.0 157.20644 89.16465 58.03024 1621.0
32.0 15.0 15.0 145.08628 26.53522 64.67107 381.0
32.0 15.0 32.0 157.20644 89.16465 58.03024 381.0
32.0 18.0 18.0 159.22394 24.83402 93.86101 11.0
32.0 18.0 32.0 157.20644 89.16465 58.03024 11.0
32.0 20.0 20.0 84.96582 53.64739 22.26444 8.0
32.0 20.0 32.0 157.20644 89.16465 58.03024 8.0
32.0 23.0 23.0 173.46297 43.56387 76.92343 472.0
32.0 23.0 32.0 157.20644 89.16465 58.03024 472.0
32.0 25.0 25.0 182.83481 64.00702 100.2942 49.0
32.0 25.0 32.0 157.20644 89.16465 58.03024 49.0
32.0 30.0 30.0 88.50714 139.93519 62.76814 3.0
32.0 30.0 32.0 157.20644 89.16465 58.03024 3.0
32.0 31.0 31.0 121.52205 38.85135 35.99815 734.0
32.0 31.0 32.0 157.20644 89.16465 58.03024 734.0
32.0 32.0 32.0 157.20644 89.16465 58.03024 10464.0
32.0 32.0 32.0 157.20644 89.16465 58.03024 10464.0
32.0 35.0 35.0 147.73477 121.18052 95.59915 975.0
32.0 35.0 32.0 157.20644 89.16465 58.03024 975.0
32.0 46.0 46.0 114.60769 130.2764 52.79188 286.0
32.0 46.0 32.0 157.20644 89.16465 58.03024 286.0
32.0 47.0 47.0 164.19318 62.70642 126.10647 1.0
32.0 47.0 32.0 157.20644 89.16465 58.03024 1.0
33.0 0.0 0.0 55.09083 48.91233 141.9746 239.0
33.0 0.0 33.0 97.20351 49.93124 149.23206 239.0
33.0 4.0 4.0 72.10169 108.41505 139.66426 6.0
33.0 4.0 33.0 97.20351 49.93124 149.23206 6.0
33.0 16.0 16.0 37.1046 39.09858 124.71145 2.0
33.0 16.0 33.0 97.20351 49.93124 149.23206 2.0
33.0 17.0 17.0 122.77529 10.99967 94.57706 1.0
33.0 17.0 33.0 97.20351 49.93124 149.23206 1.0
33.0 18.0 18.0 159.22394 24.83402 93.86101 1.0
33.0 18.0 33.0 97.20351 49.93124 149.23206 1.0
33.0 22.0 22.0 25.0947 80.05765 119.4612 2.0
33.0 22.0 33.0 97.20351 49.93124 149.23206 2.0
33.0 24.0 24.0 107.85068 87.22912 149.14598 497.0
33.0 24.0 33.0 97.20351 49.93124 149.23206 497.0
33.0 26.0 26.0 132.06889 45.10567 139.11465 1158.0
33.0 26.0 33.0 97.20351 49.93124 149.23206 1158.0
33.0 28.0 28.0 84.33881 38.91783 143.13327 1549.0
33.0 28.0 33.0 97.20351 49.93124 149.23206 1549.0
33.0 29.0 29.0 122.72297 20.57451 121.14431 208.0
33.0 29.0 33.0 97.20351 49.93124 149.23206 208.0
33.0 33.0 33.0 97.20351 49.93124 149.23206 2651.0
33.0 33.0 33.0 97.20351 49.93124 149.23206 2651.0
33.0 34.0 34.0 127.71214 111.30864 129.57027 3.0
33.0 34.0 33.0 97.20351 49.93124 149.23206 3.0
33.0 36.0 36.0 51.17597 19.51217 119.71814 4.0
33.0 36.0 33.0 97.20351 49.93124 149.23206 4.0
33.0 37.0 37.0 80.2325 11.05467 113.80357 70.0
33.0 37.0 33.0 97.20351 49.93124 149.23206 70.0
33.0 38.0 38.0 88.67369 68.41349 152.61354 1526.0
33.0 38.0 33.0 97.20351 49.93124 149.23206 1526.0
33.0 42.0 42.0 56.60957 85.24562 144.95053 121.0
33.0 42.0 33.0 97.20351 49.93124 149.23206 121.0
33.0 44.0 44.0 70.22932 22.72609 131.35102 118.0
33.0 44.0 33.0 97.20351 49.93124 149.23206 118.0
33.0 47.0 47.0 164.19318 62.70642 126.10647 4.0
33.0 47.0 33.0 97.20351 49.93124 149.23206 4.0
34.0 4.0 4.0 72.10169 108.41505 139.66426 891.0
34.0 4.0 34.0 127.71214 111.30864 129.57027 891.0
34.0 9.0 9.0 78.61866 139.9238 102.65184 592.0
34.0 9.0 34.0 127.71214 111.30864 129.57027 592.0
34.0 12.0 12.0 179.80867 86.31247 84.72713 94.0
34.0 12.0 34.0 127.71214 111.30864 129.57027 94.0
34.0 14.0 14.0 128.51126 116.07814 40.41558 1.0
34.0 14.0 34.0 127.71214 111.30864 129.57027 1.0
34.0 24.0 24.0 107.85068 87.22912 149.14598 2599.0
34.0 24.0 34.0 127.71214 111.30864 129.57027 2599.0
34.0 25.0 25.0 182.83481 64.00702 100.2942 27.0
34.0 25.0 34.0 127.71214 111.30864 129.57027 27.0
34.0 26.0 26.0 132.06889 45.10567 139.11465 293.0
34.0 26.0 34.0 127.71214 111.30864 129.57027 293.0
34.0 30.0 30.0 88.50714 139.93519 62.76814 81.0
34.0 30.0 34.0 127.71214 111.30864 129.57027 81.0
34.0 32.0 32.0 157.20644 89.16465 58.03024 5.0
34.0 32.0 34.0 127.71214 111.30864 129.57027 5.0
34.0 33.0 33.0 97.20351 49.93124 149.23206 5.0
34.0 33.0 34.0 127.71214 111.30864 129.57027 5.0
34.0 34.0 34.0 127.71214 111.30864 129.57027 17167.0
34.0 34.0 34.0 127.71214 111.30864 129.57027 17167.0
34.0 35.0 35.0 147.73477 121.18052 95.59915 2613.0
34.0 35.0 34.0 127.71214 111.30864 129.57027 2613.0
34.0 38.0 38.0 88.67369 68.41349 152.61354 33.0
34.0 38.0 34.0 127.71214 111.30864 129.57027 33.0
34.0 41.0 41.0 59.90046 126.07159 122.51375 357.0
34.0 41.0 34.0 127.71214 111.30864 129.57027 357.0
34.0 42.0 42.0 56.60957 85.24562 144.95053 10.0
34.0 42.0 34.0 127.71214 111.30864 129.57027 10.0
34.0 43.0 43.0 101.68219 137.73762 99.13543 1400.0
34.0 43.0 34.0 127.71214 111.30864 129.57027 1400.0
34.0 46.0 46.0 114.60769 130.2764 52.79188 12.0
34.0 46.0 34.0 127.71214 111.30864 129.57027 12.0
34.0 47.0 47.0 164.19318 62.70642 126.10647 1152.0
34.0 47.0 34.0 127.71214 111.30864 129.57027 1152.0
35.0 4.0 4.0 72.10169 108.41505 139.66426 1.0
35.0 4.0 35.0 147.73477 121.18052 95.59915 1.0
35.0 9.0 9.0 78.61866 139.9238 102.65184 15.0
35.0 9.0 35.0 147.73477 121.18052 95.59915 15.0
35.0 12.0 12.0 179.80867 86.31247 84.72713 1181.0
35.0 12.0 35.0 147.73477 121.18052 95.59915 1181.0
35.0 14.0 14.0 128.51126 116.07814 40.41558 311.0
35.0 14.0 35.0 147.73477 121.18052 95.59915 311.0
35.0 24.0 24.0 107.85068 87.22912 149.14598 2.0
35.0 24.0 35.0 147.73477 121.18052 95.59915 2.0
35.0 25.0 25.0 182.83481 64.00702 100.2942 80.0
35.0 25.0 35.0 147.73477 121.18052 95.59915 80.0
35.0 30.0 30.0 88.50714 139.93519 62.76814 712.0
35.0 30.0 35.0 147.73477 121.18052 95.59915 712.0
35.0 32.0 32.0 157.20644 89.16465 58.03024 915.0
35.0 32.0 35.0 147.73477 121.18052 95.59915 915.0
35.0 34.0 34.0 127.71214 111.30864 129.57027 2698.0
35.0 34.0 35.0 147.73477 121.18052 95.59915 2698.0
35.0 35.0 35.0 147.73477 121.18052 95.59915 11389.0
35.0 35.0 35.0 147.73477 121.18052 95.59915 11389.0
35.0 41.0 41.0 59.90046 126.07159 122.51375 3.0
35.0 41.0 35.0 147.73477 121.18052 95.59915 3.0
35.0 43.0 43.0 101.68219 137.73762 99.13543 884.0
35.0 43.0 35.0 147.73477 121.18052 95.59915 884.0
35.0 46.0 46.0 114.60769 130.2764 52.79188 1151.0
35.0 46.0 35.0 147.73477 121.18052 95.59915 1151.0
35.0 47.0 47.0 164.19318 62.70642 126.10647 355.0
35.0 47.0 35.0 147.73477 121.18052 95.59915 355.0
36.0 0.0 0.0 55.09083 48.91233 141.9746 468.0
36.0 0.0 36.0 51.17597 19.51217 119.71814 468.0
36.0 2.0 2.0 27.39568 25.33124 87.68576 492.0
36.0 2.0 36.0 51.17597 19.51217 119.71814 492.0
36.0 3.0 3.0 83.228 3.83353 88.04422 159.0
36.0 3.0 36.0 51.17597 19.51217 119.71814 159.0
36.0 11.0 11.0 48.52405 14.11929 56.50566 76.0
36.0 11.0 36.0 51.17597 19.51217 119.71814 76.0
36.0 13.0 13.0 21.81289 31.13598 56.42111 1.0
36.0 13.0 36.0 51.17597 19.51217 119.71814 1.0
36.0 16.0 16.0 37.1046 39.09858 124.71145 977.0
36.0 16.0 36.0 51.17597 19.51217 119.71814 977.0
36.0 22.0 22.0 25.0947 80.05765 119.4612 10.0
36.0 22.0 36.0 51.17597 19.51217 119.71814 10.0
36.0 27.0 27.0 18.69463 45.37951 103.70231 90.0
36.0 27.0 36.0 51.17597 19.51217 119.71814 90.0
36.0 28.0 28.0 84.33881 38.91783 143.13327 90.0
36.0 28.0 36.0 51.17597 19.51217 119.71814 90.0
36.0 29.0 29.0 122.72297 20.57451 121.14431 1.0
36.0 29.0 36.0 51.17597 19.51217 119.71814 1.0
36.0 33.0 33.0 97.20351 49.93124 149.23206 5.0
36.0 33.0 36.0 51.17597 19.51217 119.71814 5.0
36.0 36.0 36.0 51.17597 19.51217 119.71814 1551.0
36.0 36.0 36.0 51.17597 19.51217 119.71814 1551.0
36.0 37.0 37.0 80.2325 11.05467 113.80357 941.0
36.0 37.0 36.0 51.17597 19.51217 119.71814 941.0
36.0 38.0 38.0 88.67369 68.41349 152.61354 1.0
36.0 38.0 36.0 51.17597 19.51217 119.71814 1.0
36.0 42.0 42.0 56.60957 85.24562 144.95053 2.0
36.0 42.0 36.0 51.17597 19.51217 119.71814 2.0
36.0 44.0 44.0 70.22932 22.72609 131.35102 755.0
36.0 44.0 36.0 51.17597 19.51217 119.71814 755.0
37.0 0.0 0.0 55.09083 48.91233 141.9746 70.0
37.0 0.0 37.0 80.2325 11.05467 113.80357 70.0
37.0 2.0 2.0 27.39568 25.33124 87.68576 438.0
37.0 2.0 37.0 80.2325 11.05467 113.80357 438.0
37.0 3.0 3.0 83.228 3.83353 88.04422 2610.0
37.0 3.0 37.0 80.2325 11.05467 113.80357 2610.0
37.0 7.0 7.0 121.64338 13.43623 56.9008 1.0
37.0 7.0 37.0 80.2325 11.05467 113.80357 1.0
37.0 10.0 10.0 97.05767 3.91552 61.09306 43.0
37.0 10.0 37.0 80.2325 11.05467 113.80357 43.0
37.0 11.0 11.0 48.52405 14.11929 56.50566 270.0
37.0 11.0 37.0 80.2325 11.05467 113.80357 270.0
37.0 16.0 16.0 37.1046 39.09858 124.71145 160.0
37.0 16.0 37.0 80.2325 11.05467 113.80357 160.0
37.0 17.0 17.0 122.77529 10.99967 94.57706 567.0
37.0 17.0 37.0 80.2325 11.05467 113.80357 567.0
37.0 18.0 18.0 159.22394 24.83402 93.86101 2.0
37.0 18.0 37.0 80.2325 11.05467 113.80357 2.0
37.0 19.0 19.0 66.40298 15.78422 45.38413 15.0
37.0 19.0 37.0 80.2325 11.05467 113.80357 15.0
37.0 26.0 26.0 132.06889 45.10567 139.11465 124.0
37.0 26.0 37.0 80.2325 11.05467 113.80357 124.0
37.0 27.0 27.0 18.69463 45.37951 103.70231 10.0
37.0 27.0 37.0 80.2325 11.05467 113.80357 10.0
37.0 28.0 28.0 84.33881 38.91783 143.13327 717.0
37.0 28.0 37.0 80.2325 11.05467 113.80357 717.0
37.0 29.0 29.0 122.72297 20.57451 121.14431 1131.0
37.0 29.0 37.0 80.2325 11.05467 113.80357 1131.0
37.0 33.0 33.0 97.20351 49.93124 149.23206 86.0
37.0 33.0 37.0 80.2325 11.05467 113.80357 86.0
37.0 36.0 36.0 51.17597 19.51217 119.71814 812.0
37.0 36.0 37.0 80.2325 11.05467 113.80357 812.0
37.0 37.0 37.0 80.2325 11.05467 113.80357 8144.0
37.0 37.0 37.0 80.2325 11.05467 113.80357 8144.0
37.0 38.0 38.0 88.67369 68.41349 152.61354 1.0
37.0 38.0 37.0 80.2325 11.05467 113.80357 1.0
37.0 44.0 44.0 70.22932 22.72609 131.35102 1425.0
37.0 44.0 37.0 80.2325 11.05467 113.80357 1425.0
38.0 0.0 0.0 55.09083 48.91233 141.9746 416.0
38.0 0.0 38.0 88.67369 68.41349 152.61354 416.0
38.0 4.0 4.0 72.10169 108.41505 139.66426 216.0
38.0 4.0 38.0 88.67369 68.41349 152.61354 216.0
38.0 16.0 16.0 37.1046 39.09858 124.71145 14.0
38.0 16.0 38.0 88.67369 68.41349 152.61354 14.0
38.0 22.0 22.0 25.0947 80.05765 119.4612 26.0
38.0 22.0 38.0 88.67369 68.41349 152.61354 26.0
38.0 24.0 24.0 107.85068 87.22912 149.14598 1976.0
38.0 24.0 38.0 88.67369 68.41349 152.61354 1976.0
38.0 26.0 26.0 132.06889 45.10567 139.11465 361.0
38.0 26.0 38.0 88.67369 68.41349 152.61354 361.0
38.0 28.0 28.0 84.33881 38.91783 143.13327 606.0
38.0 28.0 38.0 88.67369 68.41349 152.61354 606.0
38.0 29.0 29.0 122.72297 20.57451 121.14431 3.0
38.0 29.0 38.0 88.67369 68.41349 152.61354 3.0
38.0 33.0 33.0 97.20351 49.93124 149.23206 1523.0
38.0 33.0 38.0 88.67369 68.41349 152.61354 1523.0
38.0 34.0 34.0 127.71214 111.30864 129.57027 38.0
38.0 34.0 38.0 88.67369 68.41349 152.61354 38.0
38.0 36.0 36.0 51.17597 19.51217 119.71814 1.0
38.0 36.0 38.0 88.67369 68.41349 152.61354 1.0
38.0 37.0 37.0 80.2325 11.05467 113.80357 1.0
38.0 37.0 38.0 88.67369 68.41349 152.61354 1.0
38.0 38.0 38.0 88.67369 68.41349 152.61354 3218.0
38.0 38.0 38.0 88.67369 68.41349 152.61354 3218.0
38.0 41.0 41.0 59.90046 126.07159 122.51375 4.0
38.0 41.0 38.0 88.67369 68.41349 152.61354 4.0
38.0 42.0 42.0 56.60957 85.24562 144.95053 1074.0
38.0 42.0 38.0 88.67369 68.41349 152.61354 1074.0
38.0 44.0 44.0 70.22932 22.72609 131.35102 11.0
38.0 44.0 38.0 88.67369 68.41349 152.61354 11.0
38.0 47.0 47.0 164.19318 62.70642 126.10647 9.0
38.0 47.0 38.0 88.67369 68.41349 152.61354 9.0
39.0 1.0 1.0 66.22151 89.21737 7.44838 262.0
39.0 1.0 39.0 21.84224 50.10634 32.76857 262.0
39.0 2.0 2.0 27.39568 25.33124 87.68576 160.0
39.0 2.0 39.0 21.84224 50.10634 32.76857 160.0
39.0 6.0 6.0 5.47044 84.735 74.3922 1379.0
39.0 6.0 39.0 21.84224 50.10634 32.76857 1379.0
39.0 11.0 11.0 48.52405 14.11929 56.50566 909.0
39.0 11.0 39.0 21.84224 50.10634 32.76857 909.0
39.0 13.0 13.0 21.81289 31.13598 56.42111 1858.0
39.0 13.0 39.0 21.84224 50.10634 32.76857 1858.0
39.0 19.0 19.0 66.40298 15.78422 45.38413 239.0
39.0 19.0 39.0 21.84224 50.10634 32.76857 239.0
39.0 20.0 20.0 84.96582 53.64739 22.26444 488.0
39.0 20.0 39.0 21.84224 50.10634 32.76857 488.0
39.0 21.0 21.0 28.29984 78.1092 19.28061 2168.0
39.0 21.0 39.0 21.84224 50.10634 32.76857 2168.0
39.0 27.0 27.0 18.69463 45.37951 103.70231 20.0
39.0 27.0 39.0 21.84224 50.10634 32.76857 20.0
39.0 39.0 39.0 21.84224 50.10634 32.76857 10067.0
39.0 39.0 39.0 21.84224 50.10634 32.76857 10067.0
39.0 40.0 40.0 83.27268 23.51191 42.42982 25.0
39.0 40.0 39.0 21.84224 50.10634 32.76857 25.0
39.0 45.0 45.0 35.04501 116.24706 28.45254 77.0
39.0 45.0 39.0 21.84224 50.10634 32.76857 77.0
40.0 1.0 1.0 66.22151 89.21737 7.44838 9.0
40.0 1.0 40.0 83.27268 23.51191 42.42982 9.0
40.0 3.0 3.0 83.228 3.83353 88.04422 135.0
40.0 3.0 40.0 83.27268 23.51191 42.42982 135.0
40.0 7.0 7.0 121.64338 13.43623 56.9008 287.0
40.0 7.0 40.0 83.27268 23.51191 42.42982 287.0
40.0 8.0 8.0 89.90471 90.532 30.39675 1.0
40.0 8.0 40.0 83.27268 23.51191 42.42982 1.0
40.0 10.0 10.0 97.05767 3.91552 61.09306 1274.0
40.0 10.0 40.0 83.27268 23.51191 42.42982 1274.0
40.0 11.0 11.0 48.52405 14.11929 56.50566 446.0
40.0 11.0 40.0 83.27268 23.51191 42.42982 446.0
40.0 13.0 13.0 21.81289 31.13598 56.42111 4.0
40.0 13.0 40.0 83.27268 23.51191 42.42982 4.0
40.0 15.0 15.0 145.08628 26.53522 64.67107 1.0
40.0 15.0 40.0 83.27268 23.51191 42.42982 1.0
40.0 17.0 17.0 122.77529 10.99967 94.57706 3.0
40.0 17.0 40.0 83.27268 23.51191 42.42982 3.0
40.0 19.0 19.0 66.40298 15.78422 45.38413 1456.0
40.0 19.0 40.0 83.27268 23.51191 42.42982 1456.0
40.0 20.0 20.0 84.96582 53.64739 22.26444 1783.0
40.0 20.0 40.0 83.27268 23.51191 42.42982 1783.0
40.0 21.0 21.0 28.29984 78.1092 19.28061 4.0
40.0 21.0 40.0 83.27268 23.51191 42.42982 4.0
40.0 31.0 31.0 121.52205 38.85135 35.99815 1054.0
40.0 31.0 40.0 83.27268 23.51191 42.42982 1054.0
40.0 37.0 37.0 80.2325 11.05467 113.80357 3.0
40.0 37.0 40.0 83.27268 23.51191 42.42982 3.0
40.0 39.0 39.0 21.84224 50.10634 32.76857 35.0
40.0 39.0 40.0 83.27268 23.51191 42.42982 35.0
40.0 40.0 40.0 83.27268 23.51191 42.42982 4536.0
40.0 40.0 40.0 83.27268 23.51191 42.42982 4536.0
41.0 0.0 0.0 55.09083 48.91233 141.9746 1.0
41.0 0.0 41.0 59.90046 126.07159 122.51375 1.0
41.0 4.0 4.0 72.10169 108.41505 139.66426 2809.0
41.0 4.0 41.0 59.90046 126.07159 122.51375 2809.0
41.0 5.0 5.0 42.13919 126.72583 106.67534 124.0
41.0 5.0 41.0 59.90046 126.07159 122.51375 124.0
41.0 6.0 6.0 5.47044 84.735 74.3922 19.0
41.0 6.0 41.0 59.90046 126.07159 122.51375 19.0
41.0 9.0 9.0 78.61866 139.9238 102.65184 2329.0
41.0 9.0 41.0 59.90046 126.07159 122.51375 2329.0
41.0 22.0 22.0 25.0947 80.05765 119.4612 826.0
41.0 22.0 41.0 59.90046 126.07159 122.51375 826.0
41.0 24.0 24.0 107.85068 87.22912 149.14598 69.0
41.0 24.0 41.0 59.90046 126.07159 122.51375 69.0
41.0 30.0 30.0 88.50714 139.93519 62.76814 28.0
41.0 30.0 41.0 59.90046 126.07159 122.51375 28.0
41.0 34.0 34.0 127.71214 111.30864 129.57027 425.0
41.0 34.0 41.0 59.90046 126.07159 122.51375 425.0
41.0 38.0 38.0 88.67369 68.41349 152.61354 1.0
41.0 38.0 41.0 59.90046 126.07159 122.51375 1.0
41.0 41.0 41.0 59.90046 126.07159 122.51375 10914.0
41.0 41.0 41.0 59.90046 126.07159 122.51375 10914.0
41.0 42.0 42.0 56.60957 85.24562 144.95053 417.0
41.0 42.0 41.0 59.90046 126.07159 122.51375 417.0
41.0 43.0 43.0 101.68219 137.73762 99.13543 345.0
41.0 43.0 41.0 59.90046 126.07159 122.51375 345.0
42.0 0.0 0.0 55.09083 48.91233 141.9746 882.0
42.0 0.0 42.0 56.60957 85.24562 144.95053 882.0
42.0 4.0 4.0 72.10169 108.41505 139.66426 2177.0
42.0 4.0 42.0 56.60957 85.24562 144.95053 2177.0
42.0 5.0 5.0 42.13919 126.72583 106.67534 5.0
42.0 5.0 42.0 56.60957 85.24562 144.95053 5.0
42.0 16.0 16.0 37.1046 39.09858 124.71145 159.0
42.0 16.0 42.0 56.60957 85.24562 144.95053 159.0
42.0 22.0 22.0 25.0947 80.05765 119.4612 1607.0
42.0 22.0 42.0 56.60957 85.24562 144.95053 1607.0
42.0 24.0 24.0 107.85068 87.22912 149.14598 554.0
42.0 24.0 42.0 56.60957 85.24562 144.95053 554.0
42.0 27.0 27.0 18.69463 45.37951 103.70231 1.0
42.0 27.0 42.0 56.60957 85.24562 144.95053 1.0
42.0 28.0 28.0 84.33881 38.91783 143.13327 205.0
42.0 28.0 42.0 56.60957 85.24562 144.95053 205.0
42.0 33.0 33.0 97.20351 49.93124 149.23206 128.0
42.0 33.0 42.0 56.60957 85.24562 144.95053 128.0
42.0 34.0 34.0 127.71214 111.30864 129.57027 8.0
42.0 34.0 42.0 56.60957 85.24562 144.95053 8.0
42.0 36.0 36.0 51.17597 19.51217 119.71814 1.0
42.0 36.0 42.0 56.60957 85.24562 144.95053 1.0
42.0 38.0 38.0 88.67369 68.41349 152.61354 1092.0
42.0 38.0 42.0 56.60957 85.24562 144.95053 1092.0
42.0 41.0 41.0 59.90046 126.07159 122.51375 419.0
42.0 41.0 42.0 56.60957 85.24562 144.95053 419.0
42.0 42.0 42.0 56.60957 85.24562 144.95053 5767.0
42.0 42.0 42.0 56.60957 85.24562 144.95053 5767.0
42.0 44.0 44.0 70.22932 22.72609 131.35102 1.0
42.0 44.0 42.0 56.60957 85.24562 144.95053 1.0
43.0 4.0 4.0 72.10169 108.41505 139.66426 65.0
43.0 4.0 43.0 101.68219 137.73762 99.13543 65.0
43.0 5.0 5.0 42.13919 126.72583 106.67534 3.0
43.0 5.0 43.0 101.68219 137.73762 99.13543 3.0
43.0 9.0 9.0 78.61866 139.9238 102.65184 2106.0
43.0 9.0 43.0 101.68219 137.73762 99.13543 2106.0
43.0 24.0 24.0 107.85068 87.22912 149.14598 12.0
43.0 24.0 43.0 101.68219 137.73762 99.13543 12.0
43.0 30.0 30.0 88.50714 139.93519 62.76814 2143.0
43.0 30.0 43.0 101.68219 137.73762 99.13543 2143.0
43.0 34.0 34.0 127.71214 111.30864 129.57027 1405.0
43.0 34.0 43.0 101.68219 137.73762 99.13543 1405.0
43.0 35.0 35.0 147.73477 121.18052 95.59915 870.0
43.0 35.0 43.0 101.68219 137.73762 99.13543 870.0
43.0 41.0 41.0 59.90046 126.07159 122.51375 303.0
43.0 41.0 43.0 101.68219 137.73762 99.13543 303.0
43.0 43.0 43.0 101.68219 137.73762 99.13543 4808.0
43.0 43.0 43.0 101.68219 137.73762 99.13543 4808.0
43.0 46.0 46.0 114.60769 130.2764 52.79188 142.0
43.0 46.0 43.0 101.68219 137.73762 99.13543 142.0
44.0 0.0 0.0 55.09083 48.91233 141.9746 575.0
44.0 0.0 44.0 70.22932 22.72609 131.35102 575.0
44.0 2.0 2.0 27.39568 25.33124 87.68576 28.0
44.0 2.0 44.0 70.22932 22.72609 131.35102 28.0
44.0 3.0 3.0 83.228 3.83353 88.04422 57.0
44.0 3.0 44.0 70.22932 22.72609 131.35102 57.0
44.0 6.0 6.0 5.47044 84.735 74.3922 1.0
44.0 6.0 44.0 70.22932 22.72609 131.35102 1.0
44.0 11.0 11.0 48.52405 14.11929 56.50566 2.0
44.0 11.0 44.0 70.22932 22.72609 131.35102 2.0
44.0 16.0 16.0 37.1046 39.09858 124.71145 241.0
44.0 16.0 44.0 70.22932 22.72609 131.35102 241.0
44.0 17.0 17.0 122.77529 10.99967 94.57706 2.0
44.0 17.0 44.0 70.22932 22.72609 131.35102 2.0
44.0 22.0 22.0 25.0947 80.05765 119.4612 2.0
44.0 22.0 44.0 70.22932 22.72609 131.35102 2.0
44.0 26.0 26.0 132.06889 45.10567 139.11465 18.0
44.0 26.0 44.0 70.22932 22.72609 131.35102 18.0
44.0 27.0 27.0 18.69463 45.37951 103.70231 1.0
44.0 27.0 44.0 70.22932 22.72609 131.35102 1.0
44.0 28.0 28.0 84.33881 38.91783 143.13327 924.0
44.0 28.0 44.0 70.22932 22.72609 131.35102 924.0
44.0 29.0 29.0 122.72297 20.57451 121.14431 86.0
44.0 29.0 44.0 70.22932 22.72609 131.35102 86.0
44.0 33.0 33.0 97.20351 49.93124 149.23206 101.0
44.0 33.0 44.0 70.22932 22.72609 131.35102 101.0
44.0 36.0 36.0 51.17597 19.51217 119.71814 753.0
44.0 36.0 44.0 70.22932 22.72609 131.35102 753.0
44.0 37.0 37.0 80.2325 11.05467 113.80357 1526.0
44.0 37.0 44.0 70.22932 22.72609 131.35102 1526.0
44.0 38.0 38.0 88.67369 68.41349 152.61354 12.0
44.0 38.0 44.0 70.22932 22.72609 131.35102 12.0
44.0 42.0 42.0 56.60957 85.24562 144.95053 4.0
44.0 42.0 44.0 70.22932 22.72609 131.35102 4.0
44.0 44.0 44.0 70.22932 22.72609 131.35102 1874.0
44.0 44.0 44.0 70.22932 22.72609 131.35102 1874.0
45.0 1.0 1.0 66.22151 89.21737 7.44838 1972.0
45.0 1.0 45.0 35.04501 116.24706 28.45254 1972.0
45.0 6.0 6.0 5.47044 84.735 74.3922 1117.0
45.0 6.0 45.0 35.04501 116.24706 28.45254 1117.0
45.0 8.0 8.0 89.90471 90.532 30.39675 9.0
45.0 8.0 45.0 35.04501 116.24706 28.45254 9.0
45.0 9.0 9.0 78.61866 139.9238 102.65184 3.0
45.0 9.0 45.0 35.04501 116.24706 28.45254 3.0
45.0 14.0 14.0 128.51126 116.07814 40.41558 2.0
45.0 14.0 45.0 35.04501 116.24706 28.45254 2.0
45.0 20.0 20.0 84.96582 53.64739 22.26444 1.0
45.0 20.0 45.0 35.04501 116.24706 28.45254 1.0
45.0 21.0 21.0 28.29984 78.1092 19.28061 1890.0
45.0 21.0 45.0 35.04501 116.24706 28.45254 1890.0
45.0 22.0 22.0 25.0947 80.05765 119.4612 1.0
45.0 22.0 45.0 35.04501 116.24706 28.45254 1.0
45.0 30.0 30.0 88.50714 139.93519 62.76814 1056.0
45.0 30.0 45.0 35.04501 116.24706 28.45254 1056.0
45.0 39.0 39.0 21.84224 50.10634 32.76857 72.0
45.0 39.0 45.0 35.04501 116.24706 28.45254 72.0
45.0 43.0 43.0 101.68219 137.73762 99.13543 1.0
45.0 43.0 45.0 35.04501 116.24706 28.45254 1.0
45.0 45.0 45.0 35.04501 116.24706 28.45254 15000.0
45.0 45.0 45.0 35.04501 116.24706 28.45254 15000.0
45.0 46.0 46.0 114.60769 130.2764 52.79188 69.0
45.0 46.0 45.0 35.04501 116.24706 28.45254 69.0
46.0 1.0 1.0 66.22151 89.21737 7.44838 193.0
46.0 1.0 46.0 114.60769 130.2764 52.79188 193.0
46.0 8.0 8.0 89.90471 90.532 30.39675 22.0
46.0 8.0 46.0 114.60769 130.2764 52.79188 22.0
46.0 9.0 9.0 78.61866 139.9238 102.65184 9.0
46.0 9.0 46.0 114.60769 130.2764 52.79188 9.0
46.0 12.0 12.0 179.80867 86.31247 84.72713 5.0
46.0 12.0 46.0 114.60769 130.2764 52.79188 5.0
46.0 14.0 14.0 128.51126 116.07814 40.41558 3131.0
46.0 14.0 46.0 114.60769 130.2764 52.79188 3131.0
46.0 20.0 20.0 84.96582 53.64739 22.26444 1.0
46.0 20.0 46.0 114.60769 130.2764 52.79188 1.0
46.0 30.0 30.0 88.50714 139.93519 62.76814 3599.0
46.0 30.0 46.0 114.60769 130.2764 52.79188 3599.0
46.0 32.0 32.0 157.20644 89.16465 58.03024 308.0
46.0 32.0 46.0 114.60769 130.2764 52.79188 308.0
46.0 34.0 34.0 127.71214 111.30864 129.57027 12.0
46.0 34.0 46.0 114.60769 130.2764 52.79188 12.0
46.0 35.0 35.0 147.73477 121.18052 95.59915 1163.0
46.0 35.0 46.0 114.60769 130.2764 52.79188 1163.0
46.0 43.0 43.0 101.68219 137.73762 99.13543 161.0
46.0 43.0 46.0 114.60769 130.2764 52.79188 161.0
46.0 45.0 45.0 35.04501 116.24706 28.45254 48.0
46.0 45.0 46.0 114.60769 130.2764 52.79188 48.0
46.0 46.0 46.0 114.60769 130.2764 52.79188 7556.0
46.0 46.0 46.0 114.60769 130.2764 52.79188 7556.0
47.0 12.0 12.0 179.80867 86.31247 84.72713 390.0
47.0 12.0 47.0 164.19318 62.70642 126.10647 390.0
47.0 15.0 15.0 145.08628 26.53522 64.67107 8.0
47.0 15.0 47.0 164.19318 62.70642 126.10647 8.0
47.0 17.0 17.0 122.77529 10.99967 94.57706 23.0
47.0 17.0 47.0 164.19318 62.70642 126.10647 23.0
47.0 18.0 18.0 159.22394 24.83402 93.86101 660.0
47.0 18.0 47.0 164.19318 62.70642 126.10647 660.0
47.0 23.0 23.0 173.46297 43.56387 76.92343 317.0
47.0 23.0 47.0 164.19318 62.70642 126.10647 317.0
47.0 24.0 24.0 107.85068 87.22912 149.14598 180.0
47.0 24.0 47.0 164.19318 62.70642 126.10647 180.0
47.0 25.0 25.0 182.83481 64.00702 100.2942 1220.0
47.0 25.0 47.0 164.19318 62.70642 126.10647 1220.0
47.0 26.0 26.0 132.06889 45.10567 139.11465 1819.0
47.0 26.0 47.0 164.19318 62.70642 126.10647 1819.0
47.0 29.0 29.0 122.72297 20.57451 121.14431 247.0
47.0 29.0 47.0 164.19318 62.70642 126.10647 247.0
47.0 32.0 32.0 157.20644 89.16465 58.03024 1.0
47.0 32.0 47.0 164.19318 62.70642 126.10647 1.0
47.0 33.0 33.0 97.20351 49.93124 149.23206 4.0
47.0 33.0 47.0 164.19318 62.70642 126.10647 4.0
47.0 34.0 34.0 127.71214 111.30864 129.57027 1249.0
47.0 34.0 47.0 164.19318 62.70642 126.10647 1249.0
47.0 35.0 35.0 147.73477 121.18052 95.59915 348.0
47.0 35.0 47.0 164.19318 62.70642 126.10647 348.0
47.0 37.0 37.0 80.2325 11.05467 113.80357 1.0
47.0 37.0 47.0 164.19318 62.70642 126.10647 1.0
47.0 38.0 38.0 88.67369 68.41349 152.61354 4.0
47.0 38.0 47.0 164.19318 62.70642 126.10647 4.0
47.0 47.0 47.0 164.19318 62.70642 126.10647 8870.0
47.0 47.0 47.0 164.19318 62.70642 126.10647 8870.0
