TargetArea SourceArea Area AvgPosX AvgPosY AvgPosZ SumWeights
0.0 0.0 0.0 55.08439 48.87412 141.95874 3832.0
0.0 0.0 0.0 55.08439 48.87412 141.95874 3832.0
0.0 2.0 2.0 27.3989 25.32904 87.70928 11.0
0.0 2.0 0.0 55.08439 48.87412 141.95874 11.0
0.0 4.0 4.0 72.11669 108.39637 139.67873 10.0
0.0 4.0 0.0 55.08439 48.87412 141.95874 10.0
0.0 16.0 16.0 37.11162 39.09766 124.72303 1434.0
0.0 16.0 0.0 55.08439 48.87412 141.95874 1434.0
0.0 22.0 22.0 25.10443 80.01795 119.48002 537.0
0.0 22.0 0.0 55.08439 48.87412 141.95874 537.0
0.0 24.0 24.0 107.86191 87.21017 149.15142 16.0
0.0 24.0 0.0 55.08439 48.87412 141.95874 16.0
0.0 27.0 27.0 18.72577 45.34604 103.73691 31.0
0.0 27.0 0.0 55.08439 48.87412 141.95874 31.0
0.0 28.0 28.0 84.3371 38.94381 143.14694 1140.0
0.0 28.0 0.0 55.08439 48.87412 141.95874 1140.0
0.0 29.0 29.0 122.6666 20.58085 121.18144 1.0
0.0 29.0 0.0 55.08439 48.87412 141.95874 1.0
0.0 33.0 33.0 97.17571 49.93534 149.23415 277.0
0.0 33.0 0.0 55.08439 48.87412 141.95874 277.0
0.0 36.0 36.0 51.16579 19.51045 119.70317 463.0
0.0 36.0 0.0 55.08439 48.87412 141.95874 463.0
0.0 37.0 37.0 80.2245 11.05747 113.811 84.0
0.0 37.0 0.0 55.08439 48.87412 141.95874 84.0
0.0 38.0 38.0 88.70593 68.41445 152.61557 402.0
0.0 38.0 0.0 55.08439 48.87412 141.95874 402.0
0.0 41.0 41.0 59.86757 126.06058 122.508 3.0
0.0 41.0 0.0 55.08439 48.87412 141.95874 3.0
0.0 42.0 42.0 56.63608 85.23948 144.95987 920.0
0.0 42.0 0.0 55.08439 48.87412 141.95874 920.0
0.0 44.0 44.0 70.25854 22.73678 131.36365 603.0
0.0 44.0 0.0 55.08439 48.87412 141.95874 603.0
1.0 1.0 1.0 66.2146 89.17927 7.44929 12153.0
1.0 1.0 1.0 66.2146 89.17927 7.44929 12153.0
1.0 6.0 6.0 5.45852 84.73334 74.35191 1.0
1.0 6.0 1.0 66.2146 89.17927 7.44929 1.0
1.0 8.0 8.0 89.78857 90.69111 30.28711 112.0
1.0 8.0 1.0 66.2146 89.17927 7.44929 112.0
1.0 11.0 11.0 48.5404 14.08751 56.57762 23.0
1.0 11.0 1.0 66.2146 89.17927 7.44929 23.0
1.0 13.0 13.0 21.79164 31.14706 56.45353 1.0
1.0 13.0 1.0 66.2146 89.17927 7.44929 1.0
1.0 14.0 14.0 128.45136 116.09528 40.39228 87.0
1.0 14.0 1.0 66.2146 89.17927 7.44929 87.0
1.0 19.0 19.0 66.41138 15.78333 45.4036 21.0
1.0 19.0 1.0 66.2146 89.17927 7.44929 21.0
1.0 20.0 20.0 85.06426 53.69524 22.31308 2371.0
1.0 20.0 1.0 66.2146 89.17927 7.44929 2371.0
1.0 21.0 21.0 28.30038 78.09584 19.27896 1414.0
1.0 21.0 1.0 66.2146 89.17927 7.44929 1414.0
1.0 30.0 30.0 88.53674 139.92815 62.77619 441.0
1.0 30.0 1.0 66.2146 89.17927 7.44929 441.0
1.0 31.0 31.0 121.47967 38.89479 35.99032 3.0
1.0 31.0 1.0 66.2146 89.17927 7.44929 3.0
1.0 39.0 39.0 21.81759 50.14573 32.76918 276.0
1.0 39.0 1.0 66.2146 89.17927 7.44929 276.0
1.0 40.0 40.0 83.28087 23.53807 42.42577 17.0
1.0 40.0 1.0 66.2146 89.17927 7.44929 17.0
1.0 45.0 45.0 35.01877 116.26038 28.4984 1863.0
1.0 45.0 1.0 66.2146 89.17927 7.44929 1863.0
1.0 46.0 46.0 114.59961 130.28128 52.78506 218.0
1.0 46.0 1.0 66.2146 89.17927 7.44929 218.0
2.0 0.0 0.0 55.08439 48.87412 141.95874 13.0
2.0 0.0 2.0 27.3989 25.32904 87.70928 13.0
2.0 2.0 2.0 27.3989 25.32904 87.70928 6648.0
2.0 2.0 2.0 27.3989 25.32904 87.70928 6648.0
2.0 3.0 3.0 83.14454 3.82901 88.01968 314.0
2.0 3.0 2.0 27.3989 25.32904 87.70928 314.0
2.0 6.0 6.0 5.45852 84.73334 74.35191 455.0
2.0 6.0 2.0 27.3989 25.32904 87.70928 455.0
2.0 11.0 11.0 48.5404 14.08751 56.57762 1338.0
2.0 11.0 2.0 27.3989 25.32904 87.70928 1338.0
2.0 13.0 13.0 21.79164 31.14706 56.45353 1393.0
2.0 13.0 2.0 27.3989 25.32904 87.70928 1393.0
2.0 16.0 16.0 37.11162 39.09766 124.72303 723.0
2.0 16.0 2.0 27.3989 25.32904 87.70928 723.0
2.0 19.0 19.0 66.41138 15.78333 45.4036 10.0
2.0 19.0 2.0 27.3989 25.32904 87.70928 10.0
2.0 20.0 20.0 85.06426 53.69524 22.31308 1.0
2.0 20.0 2.0 27.3989 25.32904 87.70928 1.0
2.0 22.0 22.0 25.10443 80.01795 119.48002 82.0
2.0 22.0 2.0 27.3989 25.32904 87.70928 82.0
2.0 27.0 27.0 18.72577 45.34604 103.73691 1618.0
2.0 27.0 2.0 27.3989 25.32904 87.70928 1618.0
2.0 28.0 28.0 84.3371 38.94381 143.14694 1.0
2.0 28.0 2.0 27.3989 25.32904 87.70928 1.0
2.0 36.0 36.0 51.16579 19.51045 119.70317 508.0
2.0 36.0 2.0 27.3989 25.32904 87.70928 508.0
2.0 37.0 37.0 80.2245 11.05747 113.811 466.0
2.0 37.0 2.0 27.3989 25.32904 87.70928 466.0
2.0 39.0 39.0 21.81759 50.14573 32.76918 137.0
2.0 39.0 2.0 27.3989 25.32904 87.70928 137.0
2.0 44.0 44.0 70.25854 22.73678 131.36365 34.0
2.0 44.0 2.0 27.3989 25.32904 87.70928 34.0
3.0 2.0 2.0 27.3989 25.32904 87.70928 303.0
3.0 2.0 3.0 83.14454 3.82901 88.01968 303.0
3.0 3.0 3.0 83.14454 3.82901 88.01968 7086.0
3.0 3.0 3.0 83.14454 3.82901 88.01968 7086.0
3.0 7.0 7.0 121.66934 13.44632 56.92414 220.0
3.0 7.0 3.0 83.14454 3.82901 88.01968 220.0
3.0 10.0 10.0 97.0667 3.92686 61.07837 1549.0
3.0 10.0 3.0 83.14454 3.82901 88.01968 1549.0
3.0 11.0 11.0 48.5404 14.08751 56.57762 1062.0
3.0 11.0 3.0 83.14454 3.82901 88.01968 1062.0
3.0 13.0 13.0 21.79164 31.14706 56.45353 5.0
3.0 13.0 3.0 83.14454 3.82901 88.01968 5.0
3.0 15.0 15.0 145.09296 26.5408 64.68896 14.0
3.0 15.0 3.0 83.14454 3.82901 88.01968 14.0
3.0 16.0 16.0 37.11162 39.09766 124.72303 10.0
3.0 16.0 3.0 83.14454 3.82901 88.01968 10.0
3.0 17.0 17.0 122.7754 11.00016 94.57089 1178.0
3.0 17.0 3.0 83.14454 3.82901 88.01968 1178.0
3.0 19.0 19.0 66.41138 15.78333 45.4036 441.0
3.0 19.0 3.0 83.14454 3.82901 88.01968 441.0
3.0 26.0 26.0 132.11659 45.17925 139.13464 1.0
3.0 26.0 3.0 83.14454 3.82901 88.01968 1.0
3.0 27.0 27.0 18.72577 45.34604 103.73691 1.0
3.0 27.0 3.0 83.14454 3.82901 88.01968 1.0
3.0 28.0 28.0 84.3371 38.94381 143.14694 5.0
3.0 28.0 3.0 83.14454 3.82901 88.01968 5.0
3.0 29.0 29.0 122.6666 20.58085 121.18144 222.0
3.0 29.0 3.0 83.14454 3.82901 88.01968 222.0
3.0 36.0 36.0 51.16579 19.51045 119.70317 146.0
3.0 36.0 3.0 83.14454 3.82901 88.01968 146.0
3.0 37.0 37.0 80.2245 11.05747 113.811 2627.0
3.0 37.0 3.0 83.14454 3.82901 88.01968 2627.0
3.0 40.0 40.0 83.28087 23.53807 42.42577 134.0
3.0 40.0 3.0 83.14454 3.82901 88.01968 134.0
3.0 44.0 44.0 70.25854 22.73678 131.36365 58.0
3.0 44.0 3.0 83.14454 3.82901 88.01968 58.0
4.0 0.0 0.0 55.08439 48.87412 141.95874 17.0
4.0 0.0 4.0 72.11669 108.39637 139.67873 17.0
4.0 4.0 4.0 72.11669 108.39637 139.67873 6625.0
4.0 4.0 4.0 72.11669 108.39637 139.67873 6625.0
4.0 5.0 5.0 42.456 127.09107 106.46067 8.0
4.0 5.0 4.0 72.11669 108.39637 139.67873 8.0
4.0 6.0 6.0 5.45852 84.73334 74.35191 1.0
4.0 6.0 4.0 72.11669 108.39637 139.67873 1.0
4.0 9.0 9.0 78.59179 139.92076 102.65083 271.0
4.0 9.0 4.0 72.11669 108.39637 139.67873 271.0
4.0 16.0 16.0 37.11162 39.09766 124.72303 2.0
4.0 16.0 4.0 72.11669 108.39637 139.67873 2.0
4.0 22.0 22.0 25.10443 80.01795 119.48002 492.0
4.0 22.0 4.0 72.11669 108.39637 139.67873 492.0
4.0 24.0 24.0 107.86191 87.21017 149.15142 1515.0
4.0 24.0 4.0 72.11669 108.39637 139.67873 1515.0
4.0 28.0 28.0 84.3371 38.94381 143.14694 5.0
4.0 28.0 4.0 72.11669 108.39637 139.67873 5.0
4.0 33.0 33.0 97.17571 49.93534 149.23415 7.0
4.0 33.0 4.0 72.11669 108.39637 139.67873 7.0
4.0 34.0 34.0 127.78727 111.24526 129.5948 864.0
4.0 34.0 4.0 72.11669 108.39637 139.67873 864.0
4.0 38.0 38.0 88.70593 68.41445 152.61557 223.0
4.0 38.0 4.0 72.11669 108.39637 139.67873 223.0
4.0 41.0 41.0 59.86757 126.06058 122.508 2741.0
4.0 41.0 4.0 72.11669 108.39637 139.67873 2741.0
4.0 42.0 42.0 56.63608 85.23948 144.95987 2076.0
4.0 42.0 4.0 72.11669 108.39637 139.67873 2076.0
4.0 43.0 43.0 101.71754 137.72596 99.14465 81.0
4.0 43.0 4.0 72.11669 108.39637 139.67873 81.0
4.0 45.0 45.0 35.01877 116.26038 28.4984 1.0
4.0 45.0 4.0 72.11669 108.39637 139.67873 1.0
5.0 4.0 4.0 72.11669 108.39637 139.67873 7.0
5.0 4.0 5.0 42.456 127.09107 106.46067 7.0
5.0 5.0 5.0 42.456 127.09107 106.46067 4.0
5.0 5.0 5.0 42.456 127.09107 106.46067 4.0
5.0 6.0 6.0 5.45852 84.73334 74.35191 16.0
5.0 6.0 5.0 42.456 127.09107 106.46067 16.0
5.0 9.0 9.0 78.59179 139.92076 102.65083 45.0
5.0 9.0 5.0 42.456 127.09107 106.46067 45.0
5.0 22.0 22.0 25.10443 80.01795 119.48002 32.0
5.0 22.0 5.0 42.456 127.09107 106.46067 32.0
5.0 30.0 30.0 88.53674 139.92815 62.77619 5.0
5.0 30.0 5.0 42.456 127.09107 106.46067 5.0
5.0 41.0 41.0 59.86757 126.06058 122.508 129.0
5.0 41.0 5.0 42.456 127.09107 106.46067 129.0
5.0 42.0 42.0 56.63608 85.23948 144.95987 3.0
5.0 42.0 5.0 42.456 127.09107 106.46067 3.0
5.0 43.0 43.0 101.71754 137.72596 99.14465 2.0
5.0 43.0 5.0 42.456 127.09107 106.46067 2.0
6.0 2.0 2.0 27.3989 25.32904 87.70928 521.0
6.0 2.0 6.0 5.45852 84.73334 74.35191 521.0
6.0 4.0 4.0 72.11669 108.39637 139.67873 5.0
6.0 4.0 6.0 5.45852 84.73334 74.35191 5.0
6.0 5.0 5.0 42.456 127.09107 106.46067 12.0
6.0 5.0 6.0 5.45852 84.73334 74.35191 12.0
6.0 6.0 6.0 5.45852 84.73334 74.35191 17089.0
6.0 6.0 6.0 5.45852 84.73334 74.35191 17089.0
6.0 11.0 11.0 48.5404 14.08751 56.57762 1.0
6.0 11.0 6.0 5.45852 84.73334 74.35191 1.0
6.0 13.0 13.0 21.79164 31.14706 56.45353 403.0
6.0 13.0 6.0 5.45852 84.73334 74.35191 403.0
6.0 16.0 16.0 37.11162 39.09766 124.72303 13.0
6.0 16.0 6.0 5.45852 84.73334 74.35191 13.0
6.0 21.0 21.0 28.30038 78.09584 19.27896 665.0
6.0 21.0 6.0 5.45852 84.73334 74.35191 665.0
6.0 22.0 22.0 25.10443 80.01795 119.48002 2271.0
6.0 22.0 6.0 5.45852 84.73334 74.35191 2271.0
6.0 27.0 27.0 18.72577 45.34604 103.73691 849.0
6.0 27.0 6.0 5.45852 84.73334 74.35191 849.0
6.0 39.0 39.0 21.81759 50.14573 32.76918 1308.0
6.0 39.0 6.0 5.45852 84.73334 74.35191 1308.0
6.0 41.0 41.0 59.86757 126.06058 122.508 30.0
6.0 41.0 6.0 5.45852 84.73334 74.35191 30.0
6.0 45.0 45.0 35.01877 116.26038 28.4984 1142.0
6.0 45.0 6.0 5.45852 84.73334 74.35191 1142.0
7.0 3.0 3.0 83.14454 3.82901 88.01968 215.0
7.0 3.0 7.0 121.66934 13.44632 56.92414 215.0
7.0 7.0 7.0 121.66934 13.44632 56.92414 4063.0
7.0 7.0 7.0 121.66934 13.44632 56.92414 4063.0
7.0 10.0 10.0 97.0667 3.92686 61.07837 1467.0
7.0 10.0 7.0 121.66934 13.44632 56.92414 1467.0
7.0 15.0 15.0 145.09296 26.5408 64.68896 1481.0
7.0 15.0 7.0 121.66934 13.44632 56.92414 1481.0
7.0 17.0 17.0 122.7754 11.00016 94.57089 813.0
7.0 17.0 7.0 121.66934 13.44632 56.92414 813.0
7.0 18.0 18.0 159.19227 24.83162 93.93578 33.0
7.0 18.0 7.0 121.66934 13.44632 56.92414 33.0
7.0 19.0 19.0 66.41138 15.78333 45.4036 14.0
7.0 19.0 7.0 121.66934 13.44632 56.92414 14.0
7.0 20.0 20.0 85.06426 53.69524 22.31308 35.0
7.0 20.0 7.0 121.66934 13.44632 56.92414 35.0
7.0 23.0 23.0 173.49194 43.561 76.99841 12.0
7.0 23.0 7.0 121.66934 13.44632 56.92414 12.0
7.0 29.0 29.0 122.6666 20.58085 121.18144 14.0
7.0 29.0 7.0 121.66934 13.44632 56.92414 14.0
7.0 31.0 31.0 121.47967 38.89479 35.99032 1558.0
7.0 31.0 7.0 121.66934 13.44632 56.92414 1558.0
7.0 37.0 37.0 80.2245 11.05747 113.811 3.0
7.0 37.0 7.0 121.66934 13.44632 56.92414 3.0
7.0 40.0 40.0 83.28087 23.53807 42.42577 308.0
7.0 40.0 7.0 121.66934 13.44632 56.92414 308.0
8.0 1.0 1.0 66.2146 89.17927 7.44929 99.0
8.0 1.0 8.0 89.78857 90.69111 30.28711 99.0
8.0 8.0 8.0 89.78857 90.69111 30.28711 11.0
8.0 8.0 8.0 89.78857 90.69111 30.28711 11.0
8.0 14.0 14.0 128.45136 116.09528 40.39228 16.0
8.0 14.0 8.0 89.78857 90.69111 30.28711 16.0
8.0 15.0 15.0 145.09296 26.5408 64.68896 1.0
8.0 15.0 8.0 89.78857 90.69111 30.28711 1.0
8.0 20.0 20.0 85.06426 53.69524 22.31308 110.0
8.0 20.0 8.0 89.78857 90.69111 30.28711 110.0
8.0 21.0 21.0 28.30038 78.09584 19.27896 1.0
8.0 21.0 8.0 89.78857 90.69111 30.28711 1.0
8.0 30.0 30.0 88.53674 139.92815 62.77619 35.0
8.0 30.0 8.0 89.78857 90.69111 30.28711 35.0
8.0 31.0 31.0 121.47967 38.89479 35.99032 13.0
8.0 31.0 8.0 89.78857 90.69111 30.28711 13.0
8.0 45.0 45.0 35.01877 116.26038 28.4984 7.0
8.0 45.0 8.0 89.78857 90.69111 30.28711 7.0
8.0 46.0 46.0 114.59961 130.28128 52.78506 19.0
8.0 46.0 8.0 89.78857 90.69111 30.28711 19.0
9.0 1.0 1.0 66.2146 89.17927 7.44929 1.0
9.0 1.0 9.0 78.59179 139.92076 102.65083 1.0
9.0 4.0 4.0 72.11669 108.39637 139.67873 299.0
9.0 4.0 9.0 78.59179 139.92076 102.65083 299.0
9.0 5.0 5.0 42.456 127.09107 106.46067 40.0
9.0 5.0 9.0 78.59179 139.92076 102.65083 40.0
9.0 9.0 9.0 78.59179 139.92076 102.65083 5651.0
9.0 9.0 9.0 78.59179 139.92076 102.65083 5651.0
9.0 22.0 22.0 25.10443 80.01795 119.48002 1.0
9.0 22.0 9.0 78.59179 139.92076 102.65083 1.0
9.0 24.0 24.0 107.86191 87.21017 149.15142 22.0
9.0 24.0 9.0 78.59179 139.92076 102.65083 22.0
9.0 30.0 30.0 88.53674 139.92815 62.77619 1374.0
9.0 30.0 9.0 78.59179 139.92076 102.65083 1374.0
9.0 34.0 34.0 127.78727 111.24526 129.5948 580.0
9.0 34.0 9.0 78.59179 139.92076 102.65083 580.0
9.0 35.0 35.0 147.7907 121.13845 95.65483 16.0
9.0 35.0 9.0 78.59179 139.92076 102.65083 16.0
9.0 41.0 41.0 59.86757 126.06058 122.508 2413.0
9.0 41.0 9.0 78.59179 139.92076 102.65083 2413.0
9.0 43.0 43.0 101.71754 137.72596 99.14465 2056.0
9.0 43.0 9.0 78.59179 139.92076 102.65083 2056.0
9.0 45.0 45.0 35.01877 116.26038 28.4984 4.0
9.0 45.0 9.0 78.59179 139.92076 102.65083 4.0
9.0 46.0 46.0 114.59961 130.28128 52.78506 1.0
9.0 46.0 9.0 78.59179 139.92076 102.65083 1.0
10.0 2.0 2.0 27.3989 25.32904 87.70928 2.0
10.0 2.0 10.0 97.0667 3.92686 61.07837 2.0
10.0 3.0 3.0 83.14454 3.82901 88.01968 1595.0
10.0 3.0 10.0 97.0667 3.92686 61.07837 1595.0
10.0 7.0 7.0 121.66934 13.44632 56.92414 1463.0
10.0 7.0 10.0 97.0667 3.92686 61.07837 1463.0
10.0 10.0 10.0 97.0667 3.92686 61.07837 4119.0
10.0 10.0 10.0 97.0667 3.92686 61.07837 4119.0
10.0 11.0 11.0 48.5404 14.08751 56.57762 193.0
10.0 11.0 10.0 97.0667 3.92686 61.07837 193.0
10.0 15.0 15.0 145.09296 26.5408 64.68896 72.0
10.0 15.0 10.0 97.0667 3.92686 61.07837 72.0
10.0 17.0 17.0 122.7754 11.00016 94.57089 450.0
10.0 17.0 10.0 97.0667 3.92686 61.07837 450.0
10.0 18.0 18.0 159.19227 24.83162 93.93578 2.0
10.0 18.0 10.0 97.0667 3.92686 61.07837 2.0
10.0 19.0 19.0 66.41138 15.78333 45.4036 555.0
10.0 19.0 10.0 97.0667 3.92686 61.07837 555.0
10.0 20.0 20.0 85.06426 53.69524 22.31308 37.0
10.0 20.0 10.0 97.0667 3.92686 61.07837 37.0
10.0 29.0 29.0 122.6666 20.58085 121.18144 6.0
10.0 29.0 10.0 97.0667 3.92686 61.07837 6.0
10.0 31.0 31.0 121.47967 38.89479 35.99032 391.0
10.0 31.0 10.0 97.0667 3.92686 61.07837 391.0
10.0 37.0 37.0 80.2245 11.05747 113.811 55.0
10.0 37.0 10.0 97.0667 3.92686 61.07837 55.0
10.0 40.0 40.0 83.28087 23.53807 42.42577 1216.0
10.0 40.0 10.0 97.0667 3.92686 61.07837 1216.0
11.0 1.0 1.0 66.2146 89.17927 7.44929 18.0
11.0 1.0 11.0 48.5404 14.08751 56.57762 18.0
11.0 2.0 2.0 27.3989 25.32904 87.70928 1363.0
11.0 2.0 11.0 48.5404 14.08751 56.57762 1363.0
11.0 3.0 3.0 83.14454 3.82901 88.01968 1116.0
11.0 3.0 11.0 48.5404 14.08751 56.57762 1116.0
11.0 6.0 6.0 5.45852 84.73334 74.35191 1.0
11.0 6.0 11.0 48.5404 14.08751 56.57762 1.0
11.0 10.0 10.0 97.0667 3.92686 61.07837 189.0
11.0 10.0 11.0 48.5404 14.08751 56.57762 189.0
11.0 11.0 11.0 48.5404 14.08751 56.57762 8157.0
11.0 11.0 11.0 48.5404 14.08751 56.57762 8157.0
11.0 13.0 13.0 21.79164 31.14706 56.45353 1494.0
11.0 13.0 11.0 48.5404 14.08751 56.57762 1494.0
11.0 16.0 16.0 37.11162 39.09766 124.72303 18.0
11.0 16.0 11.0 48.5404 14.08751 56.57762 18.0
11.0 19.0 19.0 66.41138 15.78333 45.4036 2069.0
11.0 19.0 11.0 48.5404 14.08751 56.57762 2069.0
11.0 20.0 20.0 85.06426 53.69524 22.31308 271.0
11.0 20.0 11.0 48.5404 14.08751 56.57762 271.0
11.0 21.0 21.0 28.30038 78.09584 19.27896 23.0
11.0 21.0 11.0 48.5404 14.08751 56.57762 23.0
11.0 27.0 27.0 18.72577 45.34604 103.73691 8.0
11.0 27.0 11.0 48.5404 14.08751 56.57762 8.0
11.0 31.0 31.0 121.47967 38.89479 35.99032 3.0
11.0 31.0 11.0 48.5404 14.08751 56.57762 3.0
11.0 36.0 36.0 51.16579 19.51045 119.70317 75.0
11.0 36.0 11.0 48.5404 14.08751 56.57762 75.0
11.0 37.0 37.0 80.2245 11.05747 113.811 256.0
11.0 37.0 11.0 48.5404 14.08751 56.57762 256.0
11.0 39.0 39.0 21.81759 50.14573 32.76918 861.0
11.0 39.0 11.0 48.5404 14.08751 56.57762 861.0
11.0 40.0 40.0 83.28087 23.53807 42.42577 517.0
11.0 40.0 11.0 48.5404 14.08751 56.57762 517.0
11.0 44.0 44.0 70.25854 22.73678 131.36365 3.0
11.0 44.0 11.0 48.5404 14.08751 56.57762 3.0
12.0 12.0 12.0 179.8081 86.40167 84.83208 5854.0
12.0 12.0 12.0 179.8081 86.40167 84.83208 5854.0
12.0 14.0 14.0 128.45136 116.09528 40.39228 5.0
12.0 14.0 12.0 179.8081 86.40167 84.83208 5.0
12.0 15.0 15.0 145.09296 26.5408 64.68896 34.0
12.0 15.0 12.0 179.8081 86.40167 84.83208 34.0
12.0 18.0 18.0 159.19227 24.83162 93.93578 13.0
12.0 18.0 12.0 179.8081 86.40167 84.83208 13.0
12.0 23.0 23.0 173.49194 43.561 76.99841 570.0
12.0 23.0 12.0 179.8081 86.40167 84.83208 570.0
12.0 25.0 25.0 182.84144 64.00308 100.28779 1151.0
12.0 25.0 12.0 179.8081 86.40167 84.83208 1151.0
12.0 31.0 31.0 121.47967 38.89479 35.99032 11.0
12.0 31.0 12.0 179.8081 86.40167 84.83208 11.0
12.0 32.0 32.0 157.13568 89.19094 58.02022 1767.0
12.0 32.0 12.0 179.8081 86.40167 84.83208 1767.0
12.0 34.0 34.0 127.78727 111.24526 129.5948 101.0
12.0 34.0 12.0 179.8081 86.40167 84.83208 101.0
12.0 35.0 35.0 147.7907 121.13845 95.65483 1241.0
12.0 35.0 12.0 179.8081 86.40167 84.83208 1241.0
12.0 46.0 46.0 114.59961 130.28128 52.78506 4.0
12.0 46.0 12.0 179.8081 86.40167 84.83208 4.0
12.0 47.0 47.0 164.19797 62.77926 126.12266 424.0
12.0 47.0 12.0 179.8081 86.40167 84.83208 424.0
13.0 2.0 2.0 27.3989 25.32904 87.70928 1377.0
13.0 2.0 13.0 21.79164 31.14706 56.45353 1377.0
13.0 3.0 3.0 83.14454 3.82901 88.01968 4.0
13.0 3.0 13.0 21.79164 31.14706 56.45353 4.0
13.0 6.0 6.0 5.45852 84.73334 74.35191 392.0
13.0 6.0 13.0 21.79164 31.14706 56.45353 392.0
13.0 11.0 11.0 48.5404 14.08751 56.57762 1622.0
13.0 11.0 13.0 21.79164 31.14706 56.45353 1622.0
13.0 13.0 13.0 21.79164 31.14706 56.45353 3817.0
13.0 13.0 13.0 21.79164 31.14706 56.45353 3817.0
13.0 19.0 19.0 66.41138 15.78333 45.4036 82.0
13.0 19.0 13.0 21.79164 31.14706 56.45353 82.0
13.0 20.0 20.0 85.06426 53.69524 22.31308 8.0
13.0 20.0 13.0 21.79164 31.14706 56.45353 8.0
13.0 21.0 21.0 28.30038 78.09584 19.27896 10.0
13.0 21.0 13.0 21.79164 31.14706 56.45353 10.0
13.0 22.0 22.0 25.10443 80.01795 119.48002 4.0
13.0 22.0 13.0 21.79164 31.14706 56.45353 4.0
13.0 27.0 27.0 18.72577 45.34604 103.73691 101.0
13.0 27.0 13.0 21.79164 31.14706 56.45353 101.0
13.0 36.0 36.0 51.16579 19.51045 119.70317 4.0
13.0 36.0 13.0 21.79164 31.14706 56.45353 4.0
13.0 37.0 37.0 80.2245 11.05747 113.811 4.0
13.0 37.0 13.0 21.79164 31.14706 56.45353 4.0
13.0 39.0 39.0 21.81759 50.14573 32.76918 1716.0
13.0 39.0 13.0 21.79164 31.14706 56.45353 1716.0
13.0 40.0 40.0 83.28087 23.53807 42.42577 2.0
13.0 40.0 13.0 21.79164 31.14706 56.45353 2.0
14.0 1.0 1.0 66.2146 89.17927 7.44929 84.0
14.0 1.0 14.0 128.45136 116.09528 40.39228 84.0
14.0 8.0 8.0 89.78857 90.69111 30.28711 13.0
14.0 8.0 14.0 128.45136 116.09528 40.39228 13.0
14.0 12.0 12.0 179.8081 86.40167 84.83208 9.0
14.0 12.0 14.0 128.45136 116.09528 40.39228 9.0
14.0 14.0 14.0 128.45136 116.09528 40.39228 9031.0
14.0 14.0 14.0 128.45136 116.09528 40.39228 9031.0
14.0 20.0 20.0 85.06426 53.69524 22.31308 10.0
14.0 20.0 14.0 128.45136 116.09528 40.39228 10.0
14.0 30.0 30.0 88.53674 139.92815 62.77619 253.0
14.0 30.0 14.0 128.45136 116.09528 40.39228 253.0
14.0 31.0 31.0 121.47967 38.89479 35.99032 7.0
14.0 31.0 14.0 128.45136 116.09528 40.39228 7.0
14.0 32.0 32.0 157.13568 89.19094 58.02022 1578.0
14.0 32.0 14.0 128.45136 116.09528 40.39228 1578.0
14.0 35.0 35.0 147.7907 121.13845 95.65483 342.0
14.0 35.0 14.0 128.45136 116.09528 40.39228 342.0
14.0 43.0 43.0 101.71754 137.72596 99.14465 2.0
14.0 43.0 14.0 128.45136 116.09528 40.39228 2.0
14.0 45.0 45.0 35.01877 116.26038 28.4984 1.0
14.0 45.0 14.0 128.45136 116.09528 40.39228 1.0
14.0 46.0 46.0 114.59961 130.28128 52.78506 3229.0
14.0 46.0 14.0 128.45136 116.09528 40.39228 3229.0
15.0 3.0 3.0 83.14454 3.82901 88.01968 22.0
15.0 3.0 15.0 145.09296 26.5408 64.68896 22.0
15.0 7.0 7.0 121.66934 13.44632 56.92414 1506.0
15.0 7.0 15.0 145.09296 26.5408 64.68896 1506.0
15.0 10.0 10.0 97.0667 3.92686 61.07837 63.0
15.0 10.0 15.0 145.09296 26.5408 64.68896 63.0
15.0 12.0 12.0 179.8081 86.40167 84.83208 34.0
15.0 12.0 15.0 145.09296 26.5408 64.68896 34.0
15.0 15.0 15.0 145.09296 26.5408 64.68896 5079.0
15.0 15.0 15.0 145.09296 26.5408 64.68896 5079.0
15.0 17.0 17.0 122.7754 11.00016 94.57089 887.0
15.0 17.0 15.0 145.09296 26.5408 64.68896 887.0
15.0 18.0 18.0 159.19227 24.83162 93.93578 1024.0
15.0 18.0 15.0 145.09296 26.5408 64.68896 1024.0
15.0 23.0 23.0 173.49194 43.561 76.99841 737.0
15.0 23.0 15.0 145.09296 26.5408 64.68896 737.0
15.0 25.0 25.0 182.84144 64.00308 100.28779 7.0
15.0 25.0 15.0 145.09296 26.5408 64.68896 7.0
15.0 26.0 26.0 132.11659 45.17925 139.13464 7.0
15.0 26.0 15.0 145.09296 26.5408 64.68896 7.0
15.0 29.0 29.0 122.6666 20.58085 121.18144 58.0
15.0 29.0 15.0 145.09296 26.5408 64.68896 58.0
15.0 31.0 31.0 121.47967 38.89479 35.99032 1393.0
15.0 31.0 15.0 145.09296 26.5408 64.68896 1393.0
15.0 32.0 32.0 157.13568 89.19094 58.02022 353.0
15.0 32.0 15.0 145.09296 26.5408 64.68896 353.0
15.0 37.0 37.0 80.2245 11.05747 113.811 1.0
15.0 37.0 15.0 145.09296 26.5408 64.68896 1.0
15.0 40.0 40.0 83.28087 23.53807 42.42577 3.0
15.0 40.0 15.0 145.09296 26.5408 64.68896 3.0
15.0 47.0 47.0 164.19797 62.77926 126.12266 13.0
15.0 47.0 15.0 145.09296 26.5408 64.68896 13.0
16.0 0.0 0.0 55.08439 48.87412 141.95874 1413.0
16.0 0.0 16.0 37.11162 39.09766 124.72303 1413.0
16.0 2.0 2.0 27.3989 25.32904 87.70928 732.0
16.0 2.0 16.0 37.11162 39.09766 124.72303 732.0
16.0 3.0 3.0 83.14454 3.82901 88.01968 17.0
16.0 3.0 16.0 37.11162 39.09766 124.72303 17.0
16.0 4.0 4.0 72.11669 108.39637 139.67873 1.0
16.0 4.0 16.0 37.11162 39.09766 124.72303 1.0
16.0 6.0 6.0 5.45852 84.73334 74.35191 4.0
16.0 6.0 16.0 37.11162 39.09766 124.72303 4.0
16.0 11.0 11.0 48.5404 14.08751 56.57762 16.0
16.0 11.0 16.0 37.11162 39.09766 124.72303 16.0
16.0 13.0 13.0 21.79164 31.14706 56.45353 2.0
16.0 13.0 16.0 37.11162 39.09766 124.72303 2.0
16.0 16.0 16.0 37.11162 39.09766 124.72303 4208.0
16.0 16.0 16.0 37.11162 39.09766 124.72303 4208.0
16.0 22.0 22.0 25.10443 80.01795 119.48002 1232.0
16.0 22.0 16.0 37.11162 39.09766 124.72303 1232.0
16.0 23.0 23.0 173.49194 43.561 76.99841 1.0
16.0 23.0 16.0 37.11162 39.09766 124.72303 1.0
16.0 27.0 27.0 18.72577 45.34604 103.73691 1121.0
16.0 27.0 16.0 37.11162 39.09766 124.72303 1121.0
16.0 28.0 28.0 84.3371 38.94381 143.14694 55.0
16.0 28.0 16.0 37.11162 39.09766 124.72303 55.0
16.0 33.0 33.0 97.17571 49.93534 149.23415 4.0
16.0 33.0 16.0 37.11162 39.09766 124.72303 4.0
16.0 36.0 36.0 51.16579 19.51045 119.70317 1072.0
16.0 36.0 16.0 37.11162 39.09766 124.72303 1072.0
16.0 37.0 37.0 80.2245 11.05747 113.811 154.0
16.0 37.0 16.0 37.11162 39.09766 124.72303 154.0
16.0 38.0 38.0 88.70593 68.41445 152.61557 16.0
16.0 38.0 16.0 37.11162 39.09766 124.72303 16.0
16.0 42.0 42.0 56.63608 85.23948 144.95987 184.0
16.0 42.0 16.0 37.11162 39.09766 124.72303 184.0
16.0 44.0 44.0 70.25854 22.73678 131.36365 237.0
16.0 44.0 16.0 37.11162 39.09766 124.72303 237.0
17.0 3.0 3.0 83.14454 3.82901 88.01968 1190.0
17.0 3.0 17.0 122.7754 11.00016 94.57089 1190.0
17.0 7.0 7.0 121.66934 13.44632 56.92414 789.0
17.0 7.0 17.0 122.7754 11.00016 94.57089 789.0
17.0 10.0 10.0 97.0667 3.92686 61.07837 475.0
17.0 10.0 17.0 122.7754 11.00016 94.57089 475.0
17.0 15.0 15.0 145.09296 26.5408 64.68896 886.0
17.0 15.0 17.0 122.7754 11.00016 94.57089 886.0
17.0 17.0 17.0 122.7754 11.00016 94.57089 5040.0
17.0 17.0 17.0 122.7754 11.00016 94.57089 5040.0
17.0 18.0 18.0 159.19227 24.83162 93.93578 605.0
17.0 18.0 17.0 122.7754 11.00016 94.57089 605.0
17.0 19.0 19.0 66.41138 15.78333 45.4036 2.0
17.0 19.0 17.0 122.7754 11.00016 94.57089 2.0
17.0 23.0 23.0 173.49194 43.561 76.99841 8.0
17.0 23.0 17.0 122.7754 11.00016 94.57089 8.0
17.0 26.0 26.0 132.11659 45.17925 139.13464 75.0
17.0 26.0 17.0 122.7754 11.00016 94.57089 75.0
17.0 28.0 28.0 84.3371 38.94381 143.14694 11.0
17.0 28.0 17.0 122.7754 11.00016 94.57089 11.0
17.0 29.0 29.0 122.6666 20.58085 121.18144 1514.0
17.0 29.0 17.0 122.7754 11.00016 94.57089 1514.0
17.0 31.0 31.0 121.47967 38.89479 35.99032 6.0
17.0 31.0 17.0 122.7754 11.00016 94.57089 6.0
17.0 33.0 33.0 97.17571 49.93534 149.23415 1.0
17.0 33.0 17.0 122.7754 11.00016 94.57089 1.0
17.0 37.0 37.0 80.2245 11.05747 113.811 493.0
17.0 37.0 17.0 122.7754 11.00016 94.57089 493.0
17.0 40.0 40.0 83.28087 23.53807 42.42577 3.0
17.0 40.0 17.0 122.7754 11.00016 94.57089 3.0
17.0 44.0 44.0 70.25854 22.73678 131.36365 3.0
17.0 44.0 17.0 122.7754 11.00016 94.57089 3.0
17.0 45.0 45.0 35.01877 116.26038 28.4984 1.0
17.0 45.0 17.0 122.7754 11.00016 94.57089 1.0
17.0 47.0 47.0 164.19797 62.77926 126.12266 18.0
17.0 47.0 17.0 122.7754 11.00016 94.57089 18.0
18.0 3.0 3.0 83.14454 3.82901 88.01968 1.0
18.0 3.0 18.0 159.19227 24.83162 93.93578 1.0
18.0 7.0 7.0 121.66934 13.44632 56.92414 42.0
18.0 7.0 18.0 159.19227 24.83162 93.93578 42.0
18.0 12.0 12.0 179.8081 86.40167 84.83208 10.0
18.0 12.0 18.0 159.19227 24.83162 93.93578 10.0
18.0 15.0 15.0 145.09296 26.5408 64.68896 1113.0
18.0 15.0 18.0 159.19227 24.83162 93.93578 1113.0
18.0 17.0 17.0 122.7754 11.00016 94.57089 627.0
18.0 17.0 18.0 159.19227 24.83162 93.93578 627.0
18.0 18.0 18.0 159.19227 24.83162 93.93578 3197.0
18.0 18.0 18.0 159.19227 24.83162 93.93578 3197.0
18.0 23.0 23.0 173.49194 43.561 76.99841 976.0
18.0 23.0 18.0 159.19227 24.83162 93.93578 976.0
18.0 25.0 25.0 182.84144 64.00308 100.28779 104.0
18.0 25.0 18.0 159.19227 24.83162 93.93578 104.0
18.0 26.0 26.0 132.11659 45.17925 139.13464 221.0
18.0 26.0 18.0 159.19227 24.83162 93.93578 221.0
18.0 29.0 29.0 122.6666 20.58085 121.18144 575.0
18.0 29.0 18.0 159.19227 24.83162 93.93578 575.0
18.0 31.0 31.0 121.47967 38.89479 35.99032 10.0
18.0 31.0 18.0 159.19227 24.83162 93.93578 10.0
18.0 32.0 32.0 157.13568 89.19094 58.02022 11.0
18.0 32.0 18.0 159.19227 24.83162 93.93578 11.0
18.0 37.0 37.0 80.2245 11.05747 113.811 3.0
18.0 37.0 18.0 159.19227 24.83162 93.93578 3.0
18.0 47.0 47.0 164.19797 62.77926 126.12266 614.0
18.0 47.0 18.0 159.19227 24.83162 93.93578 614.0
19.0 1.0 1.0 66.2146 89.17927 7.44929 22.0
19.0 1.0 19.0 66.41138 15.78333 45.4036 22.0
19.0 2.0 2.0 27.3989 25.32904 87.70928 12.0
19.0 2.0 19.0 66.41138 15.78333 45.4036 12.0
19.0 3.0 3.0 83.14454 3.82901 88.01968 458.0
19.0 3.0 19.0 66.41138 15.78333 45.4036 458.0
19.0 7.0 7.0 121.66934 13.44632 56.92414 11.0
19.0 7.0 19.0 66.41138 15.78333 45.4036 11.0
19.0 10.0 10.0 97.0667 3.92686 61.07837 573.0
19.0 10.0 19.0 66.41138 15.78333 45.4036 573.0
19.0 11.0 11.0 48.5404 14.08751 56.57762 1891.0
19.0 11.0 19.0 66.41138 15.78333 45.4036 1891.0
19.0 13.0 13.0 21.79164 31.14706 56.45353 67.0
19.0 13.0 19.0 66.41138 15.78333 45.4036 67.0
19.0 19.0 19.0 66.41138 15.78333 45.4036 2136.0
19.0 19.0 19.0 66.41138 15.78333 45.4036 2136.0
19.0 20.0 20.0 85.06426 53.69524 22.31308 558.0
19.0 20.0 19.0 66.41138 15.78333 45.4036 558.0
19.0 21.0 21.0 28.30038 78.09584 19.27896 19.0
19.0 21.0 19.0 66.41138 15.78333 45.4036 19.0
19.0 31.0 31.0 121.47967 38.89479 35.99032 31.0
19.0 31.0 19.0 66.41138 15.78333 45.4036 31.0
19.0 37.0 37.0 80.2245 11.05747 113.811 22.0
19.0 37.0 19.0 66.41138 15.78333 45.4036 22.0
19.0 39.0 39.0 21.81759 50.14573 32.76918 211.0
19.0 39.0 19.0 66.41138 15.78333 45.4036 211.0
19.0 40.0 40.0 83.28087 23.53807 42.42577 1573.0
19.0 40.0 19.0 66.41138 15.78333 45.4036 1573.0
20.0 1.0 1.0 66.2146 89.17927 7.44929 2213.0
20.0 1.0 20.0 85.06426 53.69524 22.31308 2213.0
20.0 7.0 7.0 121.66934 13.44632 56.92414 13.0
20.0 7.0 20.0 85.06426 53.69524 22.31308 13.0
20.0 8.0 8.0 89.78857 90.69111 30.28711 107.0
20.0 8.0 20.0 85.06426 53.69524 22.31308 107.0
20.0 10.0 10.0 97.0667 3.92686 61.07837 29.0
20.0 10.0 20.0 85.06426 53.69524 22.31308 29.0
20.0 11.0 11.0 48.5404 14.08751 56.57762 260.0
20.0 11.0 20.0 85.06426 53.69524 22.31308 260.0
20.0 12.0 12.0 179.8081 86.40167 84.83208 1.0
20.0 12.0 20.0 85.06426 53.69524 22.31308 1.0
20.0 13.0 13.0 21.79164 31.14706 56.45353 9.0
20.0 13.0 20.0 85.06426 53.69524 22.31308 9.0
20.0 14.0 14.0 128.45136 116.09528 40.39228 11.0
20.0 14.0 20.0 85.06426 53.69524 22.31308 11.0
20.0 15.0 15.0 145.09296 26.5408 64.68896 1.0
20.0 15.0 20.0 85.06426 53.69524 22.31308 1.0
20.0 19.0 19.0 66.41138 15.78333 45.4036 564.0
20.0 19.0 20.0 85.06426 53.69524 22.31308 564.0
20.0 20.0 20.0 85.06426 53.69524 22.31308 14556.0
20.0 20.0 20.0 85.06426 53.69524 22.31308 14556.0
20.0 21.0 21.0 28.30038 78.09584 19.27896 263.0
20.0 21.0 20.0 85.06426 53.69524 22.31308 263.0
20.0 31.0 31.0 121.47967 38.89479 35.99032 2439.0
20.0 31.0 20.0 85.06426 53.69524 22.31308 2439.0
20.0 32.0 32.0 157.13568 89.19094 58.02022 10.0
20.0 32.0 20.0 85.06426 53.69524 22.31308 10.0
20.0 39.0 39.0 21.81759 50.14573 32.76918 480.0
20.0 39.0 20.0 85.06426 53.69524 22.31308 480.0
20.0 40.0 40.0 83.28087 23.53807 42.42577 1725.0
20.0 40.0 20.0 85.06426 53.69524 22.31308 1725.0
20.0 45.0 45.0 35.01877 116.26038 28.4984 2.0
20.0 45.0 20.0 85.06426 53.69524 22.31308 2.0
20.0 46.0 46.0 114.59961 130.28128 52.78506 2.0
20.0 46.0 20.0 85.06426 53.69524 22.31308 2.0
21.0 1.0 1.0 66.2146 89.17927 7.44929 1477.0
21.0 1.0 21.0 28.30038 78.09584 19.27896 1477.0
21.0 6.0 6.0 5.45852 84.73334 74.35191 610.0
21.0 6.0 21.0 28.30038 78.09584 19.27896 610.0
21.0 11.0 11.0 48.5404 14.08751 56.57762 32.0
21.0 11.0 21.0 28.30038 78.09584 19.27896 32.0
21.0 13.0 13.0 21.79164 31.14706 56.45353 6.0
21.0 13.0 21.0 28.30038 78.09584 19.27896 6.0
21.0 19.0 19.0 66.41138 15.78333 45.4036 14.0
21.0 19.0 21.0 28.30038 78.09584 19.27896 14.0
21.0 20.0 20.0 85.06426 53.69524 22.31308 259.0
21.0 20.0 21.0 28.30038 78.09584 19.27896 259.0
21.0 21.0 21.0 28.30038 78.09584 19.27896 6246.0
21.0 21.0 21.0 28.30038 78.09584 19.27896 6246.0
21.0 39.0 39.0 21.81759 50.14573 32.76918 2321.0
21.0 39.0 21.0 28.30038 78.09584 19.27896 2321.0
21.0 40.0 40.0 83.28087 23.53807 42.42577 2.0
21.0 40.0 21.0 28.30038 78.09584 19.27896 2.0
21.0 45.0 45.0 35.01877 116.26038 28.4984 1894.0
21.0 45.0 21.0 28.30038 78.09584 19.27896 1894.0
22.0 0.0 0.0 55.08439 48.87412 141.95874 625.0
22.0 0.0 22.0 25.10443 80.01795 119.48002 625.0
22.0 2.0 2.0 27.3989 25.32904 87.70928 77.0
22.0 2.0 22.0 25.10443 80.01795 119.48002 77.0
22.0 4.0 4.0 72.11669 108.39637 139.67873 487.0
22.0 4.0 22.0 25.10443 80.01795 119.48002 487.0
22.0 5.0 5.0 42.456 127.09107 106.46067 39.0
22.0 5.0 22.0 25.10443 80.01795 119.48002 39.0
22.0 6.0 6.0 5.45852 84.73334 74.35191 2031.0
22.0 6.0 22.0 25.10443 80.01795 119.48002 2031.0
22.0 13.0 13.0 21.79164 31.14706 56.45353 3.0
22.0 13.0 22.0 25.10443 80.01795 119.48002 3.0
22.0 16.0 16.0 37.11162 39.09766 124.72303 1218.0
22.0 16.0 22.0 25.10443 80.01795 119.48002 1218.0
22.0 22.0 22.0 25.10443 80.01795 119.48002 14376.0
22.0 22.0 22.0 25.10443 80.01795 119.48002 14376.0
22.0 27.0 27.0 18.72577 45.34604 103.73691 1305.0
22.0 27.0 22.0 25.10443 80.01795 119.48002 1305.0
22.0 28.0 28.0 84.3371 38.94381 143.14694 18.0
22.0 28.0 22.0 25.10443 80.01795 119.48002 18.0
22.0 33.0 33.0 97.17571 49.93534 149.23415 3.0
22.0 33.0 22.0 25.10443 80.01795 119.48002 3.0
22.0 36.0 36.0 51.16579 19.51045 119.70317 19.0
22.0 36.0 22.0 25.10443 80.01795 119.48002 19.0
22.0 37.0 37.0 80.2245 11.05747 113.811 1.0
22.0 37.0 22.0 25.10443 80.01795 119.48002 1.0
22.0 38.0 38.0 88.70593 68.41445 152.61557 24.0
22.0 38.0 22.0 25.10443 80.01795 119.48002 24.0
22.0 41.0 41.0 59.86757 126.06058 122.508 872.0
22.0 41.0 22.0 25.10443 80.01795 119.48002 872.0
22.0 42.0 42.0 56.63608 85.23948 144.95987 1694.0
22.0 42.0 22.0 25.10443 80.01795 119.48002 1694.0
22.0 43.0 43.0 101.71754 137.72596 99.14465 1.0
22.0 43.0 22.0 25.10443 80.01795 119.48002 1.0
22.0 44.0 44.0 70.25854 22.73678 131.36365 2.0
22.0 44.0 22.0 25.10443 80.01795 119.48002 2.0
23.0 7.0 7.0 121.66934 13.44632 56.92414 16.0
23.0 7.0 23.0 173.49194 43.561 76.99841 16.0
23.0 12.0 12.0 179.8081 86.40167 84.83208 583.0
23.0 12.0 23.0 173.49194 43.561 76.99841 583.0
23.0 15.0 15.0 145.09296 26.5408 64.68896 774.0
23.0 15.0 23.0 173.49194 43.561 76.99841 774.0
23.0 17.0 17.0 122.7754 11.00016 94.57089 7.0
23.0 17.0 23.0 173.49194 43.561 76.99841 7.0
23.0 18.0 18.0 159.19227 24.83162 93.93578 1050.0
23.0 18.0 23.0 173.49194 43.561 76.99841 1050.0
23.0 23.0 23.0 173.49194 43.561 76.99841 3276.0
23.0 23.0 23.0 173.49194 43.561 76.99841 3276.0
23.0 25.0 25.0 182.84144 64.00308 100.28779 770.0
23.0 25.0 23.0 173.49194 43.561 76.99841 770.0
23.0 26.0 26.0 132.11659 45.17925 139.13464 10.0
23.0 26.0 23.0 173.49194 43.561 76.99841 10.0
23.0 29.0 29.0 122.6666 20.58085 121.18144 9.0
23.0 29.0 23.0 173.49194 43.561 76.99841 9.0
23.0 31.0 31.0 121.47967 38.89479 35.99032 124.0
23.0 31.0 23.0 173.49194 43.561 76.99841 124.0
23.0 32.0 32.0 157.13568 89.19094 58.02022 524.0
23.0 32.0 23.0 173.49194 43.561 76.99841 524.0
23.0 37.0 37.0 80.2245 11.05747 113.811 1.0
23.0 37.0 23.0 173.49194 43.561 76.99841 1.0
23.0 47.0 47.0 164.19797 62.77926 126.12266 329.0
23.0 47.0 23.0 173.49194 43.561 76.99841 329.0
24.0 0.0 0.0 55.08439 48.87412 141.95874 10.0
24.0 0.0 24.0 107.86191 87.21017 149.15142 10.0
24.0 4.0 4.0 72.11669 108.39637 139.67873 1544.0
24.0 4.0 24.0 107.86191 87.21017 149.15142 1544.0
24.0 9.0 9.0 78.59179 139.92076 102.65083 22.0
24.0 9.0 24.0 107.86191 87.21017 149.15142 22.0
24.0 24.0 24.0 107.86191 87.21017 149.15142 8895.0
24.0 24.0 24.0 107.86191 87.21017 149.15142 8895.0
24.0 26.0 26.0 132.11659 45.17925 139.13464 912.0
24.0 26.0 24.0 107.86191 87.21017 149.15142 912.0
24.0 28.0 28.0 84.3371 38.94381 143.14694 37.0
24.0 28.0 24.0 107.86191 87.21017 149.15142 37.0
24.0 29.0 29.0 122.6666 20.58085 121.18144 1.0
24.0 29.0 24.0 107.86191 87.21017 149.15142 1.0
24.0 30.0 30.0 88.53674 139.92815 62.77619 1.0
24.0 30.0 24.0 107.86191 87.21017 149.15142 1.0
24.0 33.0 33.0 97.17571 49.93534 149.23415 475.0
24.0 33.0 24.0 107.86191 87.21017 149.15142 475.0
24.0 34.0 34.0 127.78727 111.24526 129.5948 2594.0
24.0 34.0 24.0 107.86191 87.21017 149.15142 2594.0
24.0 35.0 35.0 147.7907 121.13845 95.65483 5.0
24.0 35.0 24.0 107.86191 87.21017 149.15142 5.0
24.0 38.0 38.0 88.70593 68.41445 152.61557 1929.0
24.0 38.0 24.0 107.86191 87.21017 149.15142 1929.0
24.0 41.0 41.0 59.86757 126.06058 122.508 78.0
24.0 41.0 24.0 107.86191 87.21017 149.15142 78.0
24.0 42.0 42.0 56.63608 85.23948 144.95987 527.0
24.0 42.0 24.0 107.86191 87.21017 149.15142 527.0
24.0 43.0 43.0 101.71754 137.72596 99.14465 4.0
24.0 43.0 24.0 107.86191 87.21017 149.15142 4.0
24.0 44.0 44.0 70.25854 22.73678 131.36365 2.0
24.0 44.0 24.0 107.86191 87.21017 149.15142 2.0
24.0 47.0 47.0 164.19797 62.77926 126.12266 197.0
24.0 47.0 24.0 107.86191 87.21017 149.15142 197.0
25.0 7.0 7.0 121.66934 13.44632 56.92414 1.0
25.0 7.0 25.0 182.84144 64.00308 100.28779 1.0
25.0 12.0 12.0 179.8081 86.40167 84.83208 1188.0
25.0 12.0 25.0 182.84144 64.00308 100.28779 1188.0
25.0 15.0 15.0 145.09296 26.5408 64.68896 7.0
25.0 15.0 25.0 182.84144 64.00308 100.28779 7.0
25.0 18.0 18.0 159.19227 24.83162 93.93578 120.0
25.0 18.0 25.0 182.84144 64.00308 100.28779 120.0
25.0 23.0 23.0 173.49194 43.561 76.99841 733.0
25.0 23.0 25.0 182.84144 64.00308 100.28779 733.0
25.0 25.0 25.0 182.84144 64.00308 100.28779 2203.0
25.0 25.0 25.0 182.84144 64.00308 100.28779 2203.0
25.0 26.0 26.0 132.11659 45.17925 139.13464 6.0
25.0 26.0 25.0 182.84144 64.00308 100.28779 6.0
25.0 32.0 32.0 157.13568 89.19094 58.02022 44.0
25.0 32.0 25.0 182.84144 64.00308 100.28779 44.0
25.0 34.0 34.0 127.78727 111.24526 129.5948 29.0
25.0 34.0 25.0 182.84144 64.00308 100.28779 29.0
25.0 35.0 35.0 147.7907 121.13845 95.65483 80.0
25.0 35.0 25.0 182.84144 64.00308 100.28779 80.0
25.0 46.0 46.0 114.59961 130.28128 52.78506 1.0
25.0 46.0 25.0 182.84144 64.00308 100.28779 1.0
25.0 47.0 47.0 164.19797 62.77926 126.12266 1255.0
25.0 47.0 25.0 182.84144 64.00308 100.28779 1255.0
26.0 0.0 0.0 55.08439 48.87412 141.95874 1.0
26.0 0.0 26.0 132.11659 45.17925 139.13464 1.0
26.0 3.0 3.0 83.14454 3.82901 88.01968 3.0
26.0 3.0 26.0 132.11659 45.17925 139.13464 3.0
26.0 15.0 15.0 145.09296 26.5408 64.68896 3.0
26.0 15.0 26.0 132.11659 45.17925 139.13464 3.0
26.0 17.0 17.0 122.7754 11.00016 94.57089 94.0
26.0 17.0 26.0 132.11659 45.17925 139.13464 94.0
26.0 18.0 18.0 159.19227 24.83162 93.93578 232.0
26.0 18.0 26.0 132.11659 45.17925 139.13464 232.0
26.0 23.0 23.0 173.49194 43.561 76.99841 2.0
26.0 23.0 26.0 132.11659 45.17925 139.13464 2.0
26.0 24.0 24.0 107.86191 87.21017 149.15142 1000.0
26.0 24.0 26.0 132.11659 45.17925 139.13464 1000.0
26.0 25.0 25.0 182.84144 64.00308 100.28779 4.0
26.0 25.0 26.0 132.11659 45.17925 139.13464 4.0
26.0 26.0 26.0 132.11659 45.17925 139.13464 8045.0
26.0 26.0 26.0 132.11659 45.17925 139.13464 8045.0
26.0 28.0 28.0 84.3371 38.94381 143.14694 454.0
26.0 28.0 26.0 132.11659 45.17925 139.13464 454.0
26.0 29.0 29.0 122.6666 20.58085 121.18144 1860.0
26.0 29.0 26.0 132.11659 45.17925 139.13464 1860.0
26.0 33.0 33.0 97.17571 49.93534 149.23415 1062.0
26.0 33.0 26.0 132.11659 45.17925 139.13464 1062.0
26.0 34.0 34.0 127.78727 111.24526 129.5948 282.0
26.0 34.0 26.0 132.11659 45.17925 139.13464 282.0
26.0 35.0 35.0 147.7907 121.13845 95.65483 1.0
26.0 35.0 26.0 132.11659 45.17925 139.13464 1.0
26.0 37.0 37.0 80.2245 11.05747 113.811 113.0
26.0 37.0 26.0 132.11659 45.17925 139.13464 113.0
26.0 38.0 38.0 88.70593 68.41445 152.61557 419.0
26.0 38.0 26.0 132.11659 45.17925 139.13464 419.0
26.0 44.0 44.0 70.25854 22.73678 131.36365 12.0
26.0 44.0 26.0 132.11659 45.17925 139.13464 12.0
26.0 47.0 47.0 164.19797 62.77926 126.12266 1677.0
26.0 47.0 26.0 132.11659 45.17925 139.13464 1677.0
27.0 0.0 0.0 55.08439 48.87412 141.95874 45.0
27.0 0.0 27.0 18.72577 45.34604 103.73691 45.0
27.0 2.0 2.0 27.3989 25.32904 87.70928 1572.0
27.0 2.0 27.0 18.72577 45.34604 103.73691 1572.0
27.0 3.0 3.0 83.14454 3.82901 88.01968 2.0
27.0 3.0 27.0 18.72577 45.34604 103.73691 2.0
27.0 6.0 6.0 5.45852 84.73334 74.35191 761.0
27.0 6.0 27.0 18.72577 45.34604 103.73691 761.0
27.0 11.0 11.0 48.5404 14.08751 56.57762 20.0
27.0 11.0 27.0 18.72577 45.34604 103.73691 20.0
27.0 13.0 13.0 21.79164 31.14706 56.45353 122.0
27.0 13.0 27.0 18.72577 45.34604 103.73691 122.0
27.0 16.0 16.0 37.11162 39.09766 124.72303 1271.0
27.0 16.0 27.0 18.72577 45.34604 103.73691 1271.0
27.0 22.0 22.0 25.10443 80.01795 119.48002 1332.0
27.0 22.0 27.0 18.72577 45.34604 103.73691 1332.0
27.0 27.0 27.0 18.72577 45.34604 103.73691 3314.0
27.0 27.0 27.0 18.72577 45.34604 103.73691 3314.0
27.0 36.0 36.0 51.16579 19.51045 119.70317 89.0
27.0 36.0 27.0 18.72577 45.34604 103.73691 89.0
27.0 37.0 37.0 80.2245 11.05747 113.811 10.0
27.0 37.0 27.0 18.72577 45.34604 103.73691 10.0
27.0 39.0 39.0 21.81759 50.14573 32.76918 20.0
27.0 39.0 27.0 18.72577 45.34604 103.73691 20.0
27.0 42.0 42.0 56.63608 85.23948 144.95987 2.0
27.0 42.0 27.0 18.72577 45.34604 103.73691 2.0
27.0 44.0 44.0 70.25854 22.73678 131.36365 8.0
27.0 44.0 27.0 18.72577 45.34604 103.73691 8.0
28.0 0.0 0.0 55.08439 48.87412 141.95874 1099.0
28.0 0.0 28.0 84.3371 38.94381 143.14694 1099.0
28.0 3.0 3.0 83.14454 3.82901 88.01968 6.0
28.0 3.0 28.0 84.3371 38.94381 143.14694 6.0
28.0 4.0 4.0 72.11669 108.39637 139.67873 4.0
28.0 4.0 28.0 84.3371 38.94381 143.14694 4.0
28.0 16.0 16.0 37.11162 39.09766 124.72303 50.0
28.0 16.0 28.0 84.3371 38.94381 143.14694 50.0
28.0 17.0 17.0 122.7754 11.00016 94.57089 13.0
28.0 17.0 28.0 84.3371 38.94381 143.14694 13.0
28.0 22.0 22.0 25.10443 80.01795 119.48002 11.0
28.0 22.0 28.0 84.3371 38.94381 143.14694 11.0
28.0 24.0 24.0 107.86191 87.21017 149.15142 39.0
28.0 24.0 28.0 84.3371 38.94381 143.14694 39.0
28.0 26.0 26.0 132.11659 45.17925 139.13464 401.0
28.0 26.0 28.0 84.3371 38.94381 143.14694 401.0
28.0 28.0 28.0 84.3371 38.94381 143.14694 3129.0
28.0 28.0 28.0 84.3371 38.94381 143.14694 3129.0
28.0 29.0 29.0 122.6666 20.58085 121.18144 500.0
28.0 29.0 28.0 84.3371 38.94381 143.14694 500.0
28.0 33.0 33.0 97.17571 49.93534 149.23415 1620.0
28.0 33.0 28.0 84.3371 38.94381 143.14694 1620.0
28.0 36.0 36.0 51.16579 19.51045 119.70317 79.0
28.0 36.0 28.0 84.3371 38.94381 143.14694 79.0
28.0 37.0 37.0 80.2245 11.05747 113.811 699.0
28.0 37.0 28.0 84.3371 38.94381 143.14694 699.0
28.0 38.0 38.0 88.70593 68.41445 152.61557 589.0
28.0 38.0 28.0 84.3371 38.94381 143.14694 589.0
28.0 42.0 42.0 56.63608 85.23948 144.95987 167.0
28.0 42.0 28.0 84.3371 38.94381 143.14694 167.0
28.0 44.0 44.0 70.25854 22.73678 131.36365 925.0
28.0 44.0 28.0 84.3371 38.94381 143.14694 925.0
29.0 0.0 0.0 55.08439 48.87412 141.95874 3.0
29.0 0.0 29.0 122.6666 20.58085 121.18144 3.0
29.0 3.0 3.0 83.14454 3.82901 88.01968 215.0
29.0 3.0 29.0 122.6666 20.58085 121.18144 215.0
29.0 7.0 7.0 121.66934 13.44632 56.92414 10.0
29.0 7.0 29.0 122.6666 20.58085 121.18144 10.0
29.0 10.0 10.0 97.0667 3.92686 61.07837 1.0
29.0 10.0 29.0 122.6666 20.58085 121.18144 1.0
29.0 15.0 15.0 145.09296 26.5408 64.68896 63.0
29.0 15.0 29.0 122.6666 20.58085 121.18144 63.0
29.0 17.0 17.0 122.7754 11.00016 94.57089 1594.0
29.0 17.0 29.0 122.6666 20.58085 121.18144 1594.0
29.0 18.0 18.0 159.19227 24.83162 93.93578 509.0
29.0 18.0 29.0 122.6666 20.58085 121.18144 509.0
29.0 23.0 23.0 173.49194 43.561 76.99841 15.0
29.0 23.0 29.0 122.6666 20.58085 121.18144 15.0
29.0 25.0 25.0 182.84144 64.00308 100.28779 1.0
29.0 25.0 29.0 122.6666 20.58085 121.18144 1.0
29.0 26.0 26.0 132.11659 45.17925 139.13464 1831.0
29.0 26.0 29.0 122.6666 20.58085 121.18144 1831.0
29.0 28.0 28.0 84.3371 38.94381 143.14694 475.0
29.0 28.0 29.0 122.6666 20.58085 121.18144 475.0
29.0 29.0 29.0 122.6666 20.58085 121.18144 4739.0
29.0 29.0 29.0 122.6666 20.58085 121.18144 4739.0
29.0 33.0 33.0 97.17571 49.93534 149.23415 196.0
29.0 33.0 29.0 122.6666 20.58085 121.18144 196.0
29.0 37.0 37.0 80.2245 11.05747 113.811 1162.0
29.0 37.0 29.0 122.6666 20.58085 121.18144 1162.0
29.0 38.0 38.0 88.70593 68.41445 152.61557 6.0
29.0 38.0 29.0 122.6666 20.58085 121.18144 6.0
29.0 44.0 44.0 70.25854 22.73678 131.36365 80.0
29.0 44.0 29.0 122.6666 20.58085 121.18144 80.0
29.0 46.0 46.0 114.59961 130.28128 52.78506 1.0
29.0 46.0 29.0 122.6666 20.58085 121.18144 1.0
29.0 47.0 47.0 164.19797 62.77926 126.12266 231.0
29.0 47.0 29.0 122.6666 20.58085 121.18144 231.0
30.0 1.0 1.0 66.2146 89.17927 7.44929 361.0
30.0 1.0 30.0 88.53674 139.92815 62.77619 361.0
30.0 5.0 5.0 42.456 127.09107 106.46067 8.0
30.0 5.0 30.0 88.53674 139.92815 62.77619 8.0
30.0 8.0 8.0 89.78857 90.69111 30.28711 24.0
30.0 8.0 30.0 88.53674 139.92815 62.77619 24.0
30.0 9.0 9.0 78.59179 139.92076 102.65083 1436.0
30.0 9.0 30.0 88.53674 139.92815 62.77619 1436.0
30.0 14.0 14.0 128.45136 116.09528 40.39228 216.0
30.0 14.0 30.0 88.53674 139.92815 62.77619 216.0
30.0 23.0 23.0 173.49194 43.561 76.99841 1.0
30.0 23.0 30.0 88.53674 139.92815 62.77619 1.0
30.0 30.0 30.0 88.53674 139.92815 62.77619 16145.0
30.0 30.0 30.0 88.53674 139.92815 62.77619 16145.0
30.0 32.0 32.0 157.13568 89.19094 58.02022 3.0
30.0 32.0 30.0 88.53674 139.92815 62.77619 3.0
30.0 34.0 34.0 127.78727 111.24526 129.5948 69.0
30.0 34.0 30.0 88.53674 139.92815 62.77619 69.0
30.0 35.0 35.0 147.7907 121.13845 95.65483 721.0
30.0 35.0 30.0 88.53674 139.92815 62.77619 721.0
30.0 41.0 41.0 59.86757 126.06058 122.508 25.0
30.0 41.0 30.0 88.53674 139.92815 62.77619 25.0
30.0 43.0 43.0 101.71754 137.72596 99.14465 2276.0
30.0 43.0 30.0 88.53674 139.92815 62.77619 2276.0
30.0 45.0 45.0 35.01877 116.26038 28.4984 909.0
30.0 45.0 30.0 88.53674 139.92815 62.77619 909.0
30.0 46.0 46.0 114.59961 130.28128 52.78506 3524.0
30.0 46.0 30.0 88.53674 139.92815 62.77619 3524.0
31.0 1.0 1.0 66.2146 89.17927 7.44929 1.0
31.0 1.0 31.0 121.47967 38.89479 35.99032 1.0
31.0 3.0 3.0 83.14454 3.82901 88.01968 1.0
31.0 3.0 31.0 121.47967 38.89479 35.99032 1.0
31.0 7.0 7.0 121.66934 13.44632 56.92414 1656.0
31.0 7.0 31.0 121.47967 38.89479 35.99032 1656.0
31.0 8.0 8.0 89.78857 90.69111 30.28711 24.0
31.0 8.0 31.0 121.47967 38.89479 35.99032 24.0
31.0 10.0 10.0 97.0667 3.92686 61.07837 417.0
31.0 10.0 31.0 121.47967 38.89479 35.99032 417.0
31.0 11.0 11.0 48.5404 14.08751 56.57762 4.0
31.0 11.0 31.0 121.47967 38.89479 35.99032 4.0
31.0 12.0 12.0 179.8081 86.40167 84.83208 8.0
31.0 12.0 31.0 121.47967 38.89479 35.99032 8.0
31.0 14.0 14.0 128.45136 116.09528 40.39228 7.0
31.0 14.0 31.0 121.47967 38.89479 35.99032 7.0
31.0 15.0 15.0 145.09296 26.5408 64.68896 1425.0
31.0 15.0 31.0 121.47967 38.89479 35.99032 1425.0
31.0 17.0 17.0 122.7754 11.00016 94.57089 7.0
31.0 17.0 31.0 121.47967 38.89479 35.99032 7.0
31.0 18.0 18.0 159.19227 24.83162 93.93578 12.0
31.0 18.0 31.0 121.47967 38.89479 35.99032 12.0
31.0 19.0 19.0 66.41138 15.78333 45.4036 29.0
31.0 19.0 31.0 121.47967 38.89479 35.99032 29.0
31.0 20.0 20.0 85.06426 53.69524 22.31308 2512.0
31.0 20.0 31.0 121.47967 38.89479 35.99032 2512.0
31.0 23.0 23.0 173.49194 43.561 76.99841 130.0
31.0 23.0 31.0 121.47967 38.89479 35.99032 130.0
31.0 31.0 31.0 121.47967 38.89479 35.99032 12944.0
31.0 31.0 31.0 121.47967 38.89479 35.99032 12944.0
31.0 32.0 32.0 157.13568 89.19094 58.02022 722.0
31.0 32.0 31.0 121.47967 38.89479 35.99032 722.0
31.0 35.0 35.0 147.7907 121.13845 95.65483 1.0
31.0 35.0 31.0 121.47967 38.89479 35.99032 1.0
31.0 40.0 40.0 83.28087 23.53807 42.42577 1072.0
31.0 40.0 31.0 121.47967 38.89479 35.99032 1072.0
31.0 45.0 45.0 35.01877 116.26038 28.4984 1.0
31.0 45.0 31.0 121.47967 38.89479 35.99032 1.0
32.0 7.0 7.0 121.66934 13.44632 56.92414 6.0
32.0 7.0 32.0 157.13568 89.19094 58.02022 6.0
32.0 12.0 12.0 179.8081 86.40167 84.83208 1692.0
32.0 12.0 32.0 157.13568 89.19094 58.02022 1692.0
32.0 14.0 14.0 128.45136 116.09528 40.39228 1696.0
32.0 14.0 32.0 157.13568 89.19094 58.02022 1696.0
32.0 15.0 15.0 145.09296 26.5408 64.68896 384.0
32.0 15.0 32.0 157.13568 89.19094 58.02022 384.0
32.0 18.0 18.0 159.19227 24.83162 93.93578 8.0
32.0 18.0 32.0 157.13568 89.19094 58.02022 8.0
32.0 20.0 20.0 85.06426 53.69524 22.31308 14.0
32.0 20.0 32.0 157.13568 89.19094 58.02022 14.0
32.0 23.0 23.0 173.49194 43.561 76.99841 456.0
32.0 23.0 32.0 157.13568 89.19094 58.02022 456.0
32.0 25.0 25.0 182.84144 64.00308 100.28779 59.0
32.0 25.0 32.0 157.13568 89.19094 58.02022 59.0
32.0 30.0 30.0 88.53674 139.92815 62.77619 3.0
32.0 30.0 32.0 157.13568 89.19094 58.02022 3.0
32.0 31.0 31.0 121.47967 38.89479 35.99032 765.0
32.0 31.0 32.0 157.13568 89.19094 58.02022 765.0
32.0 32.0 32.0 157.13568 89.19094 58.02022 10106.0
32.0 32.0 32.0 157.13568 89.19094 58.02022 10106.0
32.0 35.0 35.0 147.7907 121.13845 95.65483 961.0
32.0 35.0 32.0 157.13568 89.19094 58.02022 961.0
32.0 46.0 46.0 114.59961 130.28128 52.78506 321.0
32.0 46.0 32.0 157.13568 89.19094 58.02022 321.0
32.0 47.0 47.0 164.19797 62.77926 126.12266 1.0
32.0 47.0 32.0 157.13568 89.19094 58.02022 1.0
33.0 0.0 0.0 55.08439 48.87412 141.95874 234.0
33.0 0.0 33.0 97.17571 49.93534 149.23415 234.0
33.0 4.0 4.0 72.11669 108.39637 139.67873 7.0
33.0 4.0 33.0 97.17571 49.93534 149.23415 7.0
33.0 16.0 16.0 37.11162 39.09766 124.72303 4.0
33.0 16.0 33.0 97.17571 49.93534 149.23415 4.0
33.0 18.0 18.0 159.19227 24.83162 93.93578 1.0
33.0 18.0 33.0 97.17571 49.93534 149.23415 1.0
33.0 22.0 22.0 25.10443 80.01795 119.48002 2.0
33.0 22.0 33.0 97.17571 49.93534 149.23415 2.0
33.0 24.0 24.0 107.86191 87.21017 149.15142 524.0
33.0 24.0 33.0 97.17571 49.93534 149.23415 524.0
33.0 26.0 26.0 132.11659 45.17925 139.13464 1078.0
33.0 26.0 33.0 97.17571 49.93534 149.23415 1078.0
33.0 28.0 28.0 84.3371 38.94381 143.14694 1553.0
33.0 28.0 33.0 97.17571 49.93534 149.23415 1553.0
33.0 29.0 29.0 122.6666 20.58085 121.18144 193.0
33.0 29.0 33.0 97.17571 49.93534 149.23415 193.0
33.0 33.0 33.0 97.17571 49.93534 149.23415 2692.0
33.0 33.0 33.0 97.17571 49.93534 149.23415 2692.0
33.0 34.0 34.0 127.78727 111.24526 129.5948 2.0
33.0 34.0 33.0 97.17571 49.93534 149.23415 2.0
33.0 36.0 36.0 51.16579 19.51045 119.70317 1.0
33.0 36.0 33.0 97.17571 49.93534 149.23415 1.0
33.0 37.0 37.0 80.2245 11.05747 113.811 87.0
33.0 37.0 33.0 97.17571 49.93534 149.23415 87.0
33.0 38.0 38.0 88.70593 68.41445 152.61557 1577.0
33.0 38.0 33.0 97.17571 49.93534 149.23415 1577.0
33.0 42.0 42.0 56.63608 85.23948 144.95987 141.0
33.0 42.0 33.0 97.17571 49.93534 149.23415 141.0
33.0 44.0 44.0 70.25854 22.73678 131.36365 106.0
33.0 44.0 33.0 97.17571 49.93534 149.23415 106.0
33.0 47.0 47.0 164.19797 62.77926 126.12266 5.0
33.0 47.0 33.0 97.17571 49.93534 149.23415 5.0
34.0 4.0 4.0 72.11669 108.39637 139.67873 943.0
34.0 4.0 34.0 127.78727 111.24526 129.5948 943.0
34.0 9.0 9.0 78.59179 139.92076 102.65083 623.0
34.0 9.0 34.0 127.78727 111.24526 129.5948 623.0
34.0 12.0 12.0 179.8081 86.40167 84.83208 91.0
34.0 12.0 34.0 127.78727 111.24526 129.5948 91.0
34.0 14.0 14.0 128.45136 116.09528 40.39228 1.0
34.0 14.0 34.0 127.78727 111.24526 129.5948 1.0
34.0 24.0 24.0 107.86191 87.21017 149.15142 2612.0
34.0 24.0 34.0 127.78727 111.24526 129.5948 2612.0
34.0 25.0 25.0 182.84144 64.00308 100.28779 22.0
34.0 25.0 34.0 127.78727 111.24526 129.5948 22.0
34.0 26.0 26.0 132.11659 45.17925 139.13464 303.0
34.0 26.0 34.0 127.78727 111.24526 129.5948 303.0
34.0 30.0 30.0 88.53674 139.92815 62.77619 84.0
34.0 30.0 34.0 127.78727 111.24526 129.5948 84.0
34.0 32.0 32.0 157.13568 89.19094 58.02022 4.0
34.0 32.0 34.0 127.78727 111.24526 129.5948 4.0
34.0 33.0 33.0 97.17571 49.93534 149.23415 6.0
34.0 33.0 34.0 127.78727 111.24526 129.5948 6.0
34.0 34.0 34.0 127.78727 111.24526 129.5948 17049.0
34.0 34.0 34.0 127.78727 111.24526 129.5948 17049.0
34.0 35.0 35.0 147.7907 121.13845 95.65483 2547.0
34.0 35.0 34.0 127.78727 111.24526 129.5948 2547.0
34.0 38.0 38.0 88.70593 68.41445 152.61557 30.0
34.0 38.0 34.0 127.78727 111.24526 129.5948 30.0
34.0 41.0 41.0 59.86757 126.06058 122.508 397.0
34.0 41.0 34.0 127.78727 111.24526 129.5948 397.0
34.0 42.0 42.0 56.63608 85.23948 144.95987 9.0
34.0 42.0 34.0 127.78727 111.24526 129.5948 9.0
34.0 43.0 43.0 101.71754 137.72596 99.14465 1423.0
34.0 43.0 34.0 127.78727 111.24526 129.5948 1423.0
34.0 46.0 46.0 114.59961 130.28128 52.78506 7.0
34.0 46.0 34.0 127.78727 111.24526 129.5948 7.0
34.0 47.0 47.0 164.19797 62.77926 126.12266 1137.0
34.0 47.0 34.0 127.78727 111.24526 129.5948 1137.0
35.0 9.0 9.0 78.59179 139.92076 102.65083 28.0
35.0 9.0 35.0 147.7907 121.13845 95.65483 28.0
35.0 12.0 12.0 179.8081 86.40167 84.83208 1138.0
35.0 12.0 35.0 147.7907 121.13845 95.65483 1138.0
35.0 14.0 14.0 128.45136 116.09528 40.39228 315.0
35.0 14.0 35.0 147.7907 121.13845 95.65483 315.0
35.0 24.0 24.0 107.86191 87.21017 149.15142 3.0
35.0 24.0 35.0 147.7907 121.13845 95.65483 3.0
35.0 25.0 25.0 182.84144 64.00308 100.28779 83.0
35.0 25.0 35.0 147.7907 121.13845 95.65483 83.0
35.0 26.0 26.0 132.11659 45.17925 139.13464 1.0
35.0 26.0 35.0 147.7907 121.13845 95.65483 1.0
35.0 28.0 28.0 84.3371 38.94381 143.14694 1.0
35.0 28.0 35.0 147.7907 121.13845 95.65483 1.0
35.0 30.0 30.0 88.53674 139.92815 62.77619 745.0
35.0 30.0 35.0 147.7907 121.13845 95.65483 745.0
35.0 32.0 32.0 157.13568 89.19094 58.02022 889.0
35.0 32.0 35.0 147.7907 121.13845 95.65483 889.0
35.0 34.0 34.0 127.78727 111.24526 129.5948 2723.0
35.0 34.0 35.0 147.7907 121.13845 95.65483 2723.0
35.0 35.0 35.0 147.7907 121.13845 95.65483 11295.0
35.0 35.0 35.0 147.7907 121.13845 95.65483 11295.0
35.0 41.0 41.0 59.86757 126.06058 122.508 2.0
35.0 41.0 35.0 147.7907 121.13845 95.65483 2.0
35.0 43.0 43.0 101.71754 137.72596 99.14465 909.0
35.0 43.0 35.0 147.7907 121.13845 95.65483 909.0
35.0 46.0 46.0 114.59961 130.28128 52.78506 1174.0
35.0 46.0 35.0 147.7907 121.13845 95.65483 1174.0
35.0 47.0 47.0 164.19797 62.77926 126.12266 342.0
35.0 47.0 35.0 147.7907 121.13845 95.65483 342.0
36.0 0.0 0.0 55.08439 48.87412 141.95874 473.0
36.0 0.0 36.0 51.16579 19.51045 119.70317 473.0
36.0 2.0 2.0 27.3989 25.32904 87.70928 515.0
36.0 2.0 36.0 51.16579 19.51045 119.70317 515.0
36.0 3.0 3.0 83.14454 3.82901 88.01968 161.0
36.0 3.0 36.0 51.16579 19.51045 119.70317 161.0
36.0 11.0 11.0 48.5404 14.08751 56.57762 65.0
36.0 11.0 36.0 51.16579 19.51045 119.70317 65.0
36.0 13.0 13.0 21.79164 31.14706 56.45353 2.0
36.0 13.0 36.0 51.16579 19.51045 119.70317 2.0
36.0 16.0 16.0 37.11162 39.09766 124.72303 952.0
36.0 16.0 36.0 51.16579 19.51045 119.70317 952.0
36.0 17.0 17.0 122.7754 11.00016 94.57089 1.0
36.0 17.0 36.0 51.16579 19.51045 119.70317 1.0
36.0 22.0 22.0 25.10443 80.01795 119.48002 8.0
36.0 22.0 36.0 51.16579 19.51045 119.70317 8.0
36.0 27.0 27.0 18.72577 45.34604 103.73691 98.0
36.0 27.0 36.0 51.16579 19.51045 119.70317 98.0
36.0 28.0 28.0 84.3371 38.94381 143.14694 89.0
36.0 28.0 36.0 51.16579 19.51045 119.70317 89.0
36.0 29.0 29.0 122.6666 20.58085 121.18144 1.0
36.0 29.0 36.0 51.16579 19.51045 119.70317 1.0
36.0 33.0 33.0 97.17571 49.93534 149.23415 3.0
36.0 33.0 36.0 51.16579 19.51045 119.70317 3.0
36.0 36.0 36.0 51.16579 19.51045 119.70317 1518.0
36.0 36.0 36.0 51.16579 19.51045 119.70317 1518.0
36.0 37.0 37.0 80.2245 11.05747 113.811 918.0
36.0 37.0 36.0 51.16579 19.51045 119.70317 918.0
36.0 38.0 38.0 88.70593 68.41445 152.61557 1.0
36.0 38.0 36.0 51.16579 19.51045 119.70317 1.0
36.0 42.0 42.0 56.63608 85.23948 144.95987 1.0
36.0 42.0 36.0 51.16579 19.51045 119.70317 1.0
36.0 44.0 44.0 70.25854 22.73678 131.36365 797.0
36.0 44.0 36.0 51.16579 19.51045 119.70317 797.0
37.0 0.0 0.0 55.08439 48.87412 141.95874 72.0
37.0 0.0 37.0 80.2245 11.05747 113.811 72.0
37.0 2.0 2.0 27.3989 25.32904 87.70928 385.0
37.0 2.0 37.0 80.2245 11.05747 113.811 385.0
37.0 3.0 3.0 83.14454 3.82901 88.01968 2546.0
37.0 3.0 37.0 80.2245 11.05747 113.811 2546.0
37.0 7.0 7.0 121.66934 13.44632 56.92414 2.0
37.0 7.0 37.0 80.2245 11.05747 113.811 2.0
37.0 10.0 10.0 97.0667 3.92686 61.07837 53.0
37.0 10.0 37.0 80.2245 11.05747 113.811 53.0
37.0 11.0 11.0 48.5404 14.08751 56.57762 270.0
37.0 11.0 37.0 80.2245 11.05747 113.811 270.0
37.0 13.0 13.0 21.79164 31.14706 56.45353 2.0
37.0 13.0 37.0 80.2245 11.05747 113.811 2.0
37.0 16.0 16.0 37.11162 39.09766 124.72303 160.0
37.0 16.0 37.0 80.2245 11.05747 113.811 160.0
37.0 17.0 17.0 122.7754 11.00016 94.57089 504.0
37.0 17.0 37.0 80.2245 11.05747 113.811 504.0
37.0 18.0 18.0 159.19227 24.83162 93.93578 3.0
37.0 18.0 37.0 80.2245 11.05747 113.811 3.0
37.0 19.0 19.0 66.41138 15.78333 45.4036 17.0
37.0 19.0 37.0 80.2245 11.05747 113.811 17.0
37.0 26.0 26.0 132.11659 45.17925 139.13464 112.0
37.0 26.0 37.0 80.2245 11.05747 113.811 112.0
37.0 27.0 27.0 18.72577 45.34604 103.73691 18.0
37.0 27.0 37.0 80.2245 11.05747 113.811 18.0
37.0 28.0 28.0 84.3371 38.94381 143.14694 754.0
37.0 28.0 37.0 80.2245 11.05747 113.811 754.0
37.0 29.0 29.0 122.6666 20.58085 121.18144 1128.0
37.0 29.0 37.0 80.2245 11.05747 113.811 1128.0
37.0 33.0 33.0 97.17571 49.93534 149.23415 94.0
37.0 33.0 37.0 80.2245 11.05747 113.811 94.0
37.0 36.0 36.0 51.16579 19.51045 119.70317 865.0
37.0 36.0 37.0 80.2245 11.05747 113.811 865.0
37.0 37.0 37.0 80.2245 11.05747 113.811 8062.0
37.0 37.0 37.0 80.2245 11.05747 113.811 8062.0
37.0 38.0 38.0 88.70593 68.41445 152.61557 1.0
37.0 38.0 37.0 80.2245 11.05747 113.811 1.0
37.0 40.0 40.0 83.28087 23.53807 42.42577 1.0
37.0 40.0 37.0 80.2245 11.05747 113.811 1.0
37.0 44.0 44.0 70.25854 22.73678 131.36365 1438.0
37.0 44.0 37.0 80.2245 11.05747 113.811 1438.0
38.0 0.0 0.0 55.08439 48.87412 141.95874 433.0
38.0 0.0 38.0 88.70593 68.41445 152.61557 433.0
38.0 2.0 2.0 27.3989 25.32904 87.70928 1.0
38.0 2.0 38.0 88.70593 68.41445 152.61557 1.0
38.0 4.0 4.0 72.11669 108.39637 139.67873 227.0
38.0 4.0 38.0 88.70593 68.41445 152.61557 227.0
38.0 16.0 16.0 37.11162 39.09766 124.72303 10.0
38.0 16.0 38.0 88.70593 68.41445 152.61557 10.0
38.0 22.0 22.0 25.10443 80.01795 119.48002 23.0
38.0 22.0 38.0 88.70593 68.41445 152.61557 23.0
38.0 24.0 24.0 107.86191 87.21017 149.15142 1965.0
38.0 24.0 38.0 88.70593 68.41445 152.61557 1965.0
38.0 26.0 26.0 132.11659 45.17925 139.13464 385.0
38.0 26.0 38.0 88.70593 68.41445 152.61557 385.0
38.0 28.0 28.0 84.3371 38.94381 143.14694 603.0
38.0 28.0 38.0 88.70593 68.41445 152.61557 603.0
38.0 29.0 29.0 122.6666 20.58085 121.18144 5.0
38.0 29.0 38.0 88.70593 68.41445 152.61557 5.0
38.0 33.0 33.0 97.17571 49.93534 149.23415 1516.0
38.0 33.0 38.0 88.70593 68.41445 152.61557 1516.0
38.0 34.0 34.0 127.78727 111.24526 129.5948 35.0
38.0 34.0 38.0 88.70593 68.41445 152.61557 35.0
38.0 36.0 36.0 51.16579 19.51045 119.70317 3.0
38.0 36.0 38.0 88.70593 68.41445 152.61557 3.0
38.0 37.0 37.0 80.2245 11.05747 113.811 1.0
38.0 37.0 38.0 88.70593 68.41445 152.61557 1.0
38.0 38.0 38.0 88.70593 68.41445 152.61557 3188.0
38.0 38.0 38.0 88.70593 68.41445 152.61557 3188.0
38.0 41.0 41.0 59.86757 126.06058 122.508 3.0
38.0 41.0 38.0 88.70593 68.41445 152.61557 3.0
38.0 42.0 42.0 56.63608 85.23948 144.95987 1086.0
38.0 42.0 38.0 88.70593 68.41445 152.61557 1086.0
38.0 44.0 44.0 70.25854 22.73678 131.36365 9.0
38.0 44.0 38.0 88.70593 68.41445 152.61557 9.0
38.0 47.0 47.0 164.19797 62.77926 126.12266 5.0
38.0 47.0 38.0 88.70593 68.41445 152.61557 5.0
39.0 1.0 1.0 66.2146 89.17927 7.44929 293.0
39.0 1.0 39.0 21.81759 50.14573 32.76918 293.0
39.0 2.0 2.0 27.3989 25.32904 87.70928 148.0
39.0 2.0 39.0 21.81759 50.14573 32.76918 148.0
39.0 6.0 6.0 5.45852 84.73334 74.35191 1370.0
39.0 6.0 39.0 21.81759 50.14573 32.76918 1370.0
39.0 11.0 11.0 48.5404 14.08751 56.57762 887.0
39.0 11.0 39.0 21.81759 50.14573 32.76918 887.0
39.0 13.0 13.0 21.79164 31.14706 56.45353 1827.0
39.0 13.0 39.0 21.81759 50.14573 32.76918 1827.0
39.0 19.0 19.0 66.41138 15.78333 45.4036 252.0
39.0 19.0 39.0 21.81759 50.14573 32.76918 252.0
39.0 20.0 20.0 85.06426 53.69524 22.31308 490.0
39.0 20.0 39.0 21.81759 50.14573 32.76918 490.0
39.0 21.0 21.0 28.30038 78.09584 19.27896 2143.0
39.0 21.0 39.0 21.81759 50.14573 32.76918 2143.0
39.0 22.0 22.0 25.10443 80.01795 119.48002 1.0
39.0 22.0 39.0 21.81759 50.14573 32.76918 1.0
39.0 27.0 27.0 18.72577 45.34604 103.73691 18.0
39.0 27.0 39.0 21.81759 50.14573 32.76918 18.0
39.0 39.0 39.0 21.81759 50.14573 32.76918 9754.0
39.0 39.0 39.0 21.81759 50.14573 32.76918 9754.0
39.0 40.0 40.0 83.28087 23.53807 42.42577 23.0
39.0 40.0 39.0 21.81759 50.14573 32.76918 23.0
39.0 45.0 45.0 35.01877 116.26038 28.4984 74.0
39.0 45.0 39.0 21.81759 50.14573 32.76918 74.0
40.0 1.0 1.0 66.2146 89.17927 7.44929 10.0
40.0 1.0 40.0 83.28087 23.53807 42.42577 10.0
40.0 3.0 3.0 83.14454 3.82901 88.01968 127.0
40.0 3.0 40.0 83.28087 23.53807 42.42577 127.0
40.0 7.0 7.0 121.66934 13.44632 56.92414 277.0
40.0 7.0 40.0 83.28087 23.53807 42.42577 277.0
40.0 8.0 8.0 89.78857 90.69111 30.28711 1.0
40.0 8.0 40.0 83.28087 23.53807 42.42577 1.0
40.0 10.0 10.0 97.0667 3.92686 61.07837 1228.0
40.0 10.0 40.0 83.28087 23.53807 42.42577 1228.0
40.0 11.0 11.0 48.5404 14.08751 56.57762 455.0
40.0 11.0 40.0 83.28087 23.53807 42.42577 455.0
40.0 13.0 13.0 21.79164 31.14706 56.45353 3.0
40.0 13.0 40.0 83.28087 23.53807 42.42577 3.0
40.0 15.0 15.0 145.09296 26.5408 64.68896 5.0
40.0 15.0 40.0 83.28087 23.53807 42.42577 5.0
40.0 17.0 17.0 122.7754 11.00016 94.57089 2.0
40.0 17.0 40.0 83.28087 23.53807 42.42577 2.0
40.0 19.0 19.0 66.41138 15.78333 45.4036 1460.0
40.0 19.0 40.0 83.28087 23.53807 42.42577 1460.0
40.0 20.0 20.0 85.06426 53.69524 22.31308 1727.0
40.0 20.0 40.0 83.28087 23.53807 42.42577 1727.0
40.0 21.0 21.0 28.30038 78.09584 19.27896 5.0
40.0 21.0 40.0 83.28087 23.53807 42.42577 5.0
40.0 31.0 31.0 121.47967 38.89479 35.99032 1070.0
40.0 31.0 40.0 83.28087 23.53807 42.42577 1070.0
40.0 37.0 37.0 80.2245 11.05747 113.811 3.0
40.0 37.0 40.0 83.28087 23.53807 42.42577 3.0
40.0 39.0 39.0 21.81759 50.14573 32.76918 33.0
40.0 39.0 40.0 83.28087 23.53807 42.42577 33.0
40.0 40.0 40.0 83.28087 23.53807 42.42577 4446.0
40.0 40.0 40.0 83.28087 23.53807 42.42577 4446.0
41.0 0.0 0.0 55.08439 48.87412 141.95874 2.0
41.0 0.0 41.0 59.86757 126.06058 122.508 2.0
41.0 4.0 4.0 72.11669 108.39637 139.67873 2777.0
41.0 4.0 41.0 59.86757 126.06058 122.508 2777.0
41.0 5.0 5.0 42.456 127.09107 106.46067 128.0
41.0 5.0 41.0 59.86757 126.06058 122.508 128.0
41.0 6.0 6.0 5.45852 84.73334 74.35191 23.0
41.0 6.0 41.0 59.86757 126.06058 122.508 23.0
41.0 9.0 9.0 78.59179 139.92076 102.65083 2310.0
41.0 9.0 41.0 59.86757 126.06058 122.508 2310.0
41.0 13.0 13.0 21.79164 31.14706 56.45353 1.0
41.0 13.0 41.0 59.86757 126.06058 122.508 1.0
41.0 22.0 22.0 25.10443 80.01795 119.48002 818.0
41.0 22.0 41.0 59.86757 126.06058 122.508 818.0
41.0 24.0 24.0 107.86191 87.21017 149.15142 77.0
41.0 24.0 41.0 59.86757 126.06058 122.508 77.0
41.0 28.0 28.0 84.3371 38.94381 143.14694 1.0
41.0 28.0 41.0 59.86757 126.06058 122.508 1.0
41.0 30.0 30.0 88.53674 139.92815 62.77619 36.0
41.0 30.0 41.0 59.86757 126.06058 122.508 36.0
41.0 34.0 34.0 127.78727 111.24526 129.5948 411.0
41.0 34.0 41.0 59.86757 126.06058 122.508 411.0
41.0 35.0 35.0 147.7907 121.13845 95.65483 1.0
41.0 35.0 41.0 59.86757 126.06058 122.508 1.0
41.0 38.0 38.0 88.70593 68.41445 152.61557 2.0
41.0 38.0 41.0 59.86757 126.06058 122.508 2.0
41.0 41.0 41.0 59.86757 126.06058 122.508 10718.0
41.0 41.0 41.0 59.86757 126.06058 122.508 10718.0
41.0 42.0 42.0 56.63608 85.23948 144.95987 390.0
41.0 42.0 41.0 59.86757 126.06058 122.508 390.0
41.0 43.0 43.0 101.71754 137.72596 99.14465 323.0
41.0 43.0 41.0 59.86757 126.06058 122.508 323.0
42.0 0.0 0.0 55.08439 48.87412 141.95874 877.0
42.0 0.0 42.0 56.63608 85.23948 144.95987 877.0
42.0 4.0 4.0 72.11669 108.39637 139.67873 2140.0
42.0 4.0 42.0 56.63608 85.23948 144.95987 2140.0
42.0 5.0 5.0 42.456 127.09107 106.46067 3.0
42.0 5.0 42.0 56.63608 85.23948 144.95987 3.0
42.0 16.0 16.0 37.11162 39.09766 124.72303 146.0
42.0 16.0 42.0 56.63608 85.23948 144.95987 146.0
42.0 22.0 22.0 25.10443 80.01795 119.48002 1609.0
42.0 22.0 42.0 56.63608 85.23948 144.95987 1609.0
42.0 24.0 24.0 107.86191 87.21017 149.15142 529.0
42.0 24.0 42.0 56.63608 85.23948 144.95987 529.0
42.0 27.0 27.0 18.72577 45.34604 103.73691 2.0
42.0 27.0 42.0 56.63608 85.23948 144.95987 2.0
42.0 28.0 28.0 84.3371 38.94381 143.14694 197.0
42.0 28.0 42.0 56.63608 85.23948 144.95987 197.0
42.0 33.0 33.0 97.17571 49.93534 149.23415 122.0
42.0 33.0 42.0 56.63608 85.23948 144.95987 122.0
42.0 34.0 34.0 127.78727 111.24526 129.5948 6.0
42.0 34.0 42.0 56.63608 85.23948 144.95987 6.0
42.0 36.0 36.0 51.16579 19.51045 119.70317 2.0
42.0 36.0 42.0 56.63608 85.23948 144.95987 2.0
42.0 38.0 38.0 88.70593 68.41445 152.61557 1107.0
42.0 38.0 42.0 56.63608 85.23948 144.95987 1107.0
42.0 41.0 41.0 59.86757 126.06058 122.508 420.0
42.0 41.0 42.0 56.63608 85.23948 144.95987 420.0
42.0 42.0 42.0 56.63608 85.23948 144.95987 5731.0
42.0 42.0 42.0 56.63608 85.23948 144.95987 5731.0
42.0 44.0 44.0 70.25854 22.73678 131.36365 2.0
42.0 44.0 42.0 56.63608 85.23948 144.95987 2.0
43.0 4.0 4.0 72.11669 108.39637 139.67873 79.0
43.0 4.0 43.0 101.71754 137.72596 99.14465 79.0
43.0 5.0 5.0 42.456 127.09107 106.46067 3.0
43.0 5.0 43.0 101.71754 137.72596 99.14465 3.0
43.0 9.0 9.0 78.59179 139.92076 102.65083 2120.0
43.0 9.0 43.0 101.71754 137.72596 99.14465 2120.0
43.0 14.0 14.0 128.45136 116.09528 40.39228 1.0
43.0 14.0 43.0 101.71754 137.72596 99.14465 1.0
43.0 24.0 24.0 107.86191 87.21017 149.15142 6.0
43.0 24.0 43.0 101.71754 137.72596 99.14465 6.0
43.0 30.0 30.0 88.53674 139.92815 62.77619 2065.0
43.0 30.0 43.0 101.71754 137.72596 99.14465 2065.0
43.0 34.0 34.0 127.78727 111.24526 129.5948 1403.0
43.0 34.0 43.0 101.71754 137.72596 99.14465 1403.0
43.0 35.0 35.0 147.7907 121.13845 95.65483 853.0
43.0 35.0 43.0 101.71754 137.72596 99.14465 853.0
43.0 37.0 37.0 80.2245 11.05747 113.811 1.0
43.0 37.0 43.0 101.71754 137.72596 99.14465 1.0
43.0 41.0 41.0 59.86757 126.06058 122.508 270.0
43.0 41.0 43.0 101.71754 137.72596 99.14465 270.0
43.0 43.0 43.0 101.71754 137.72596 99.14465 4778.0
43.0 43.0 43.0 101.71754 137.72596 99.14465 4778.0
43.0 45.0 45.0 35.01877 116.26038 28.4984 1.0
43.0 45.0 43.0 101.71754 137.72596 99.14465 1.0
43.0 46.0 46.0 114.59961 130.28128 52.78506 158.0
43.0 46.0 43.0 101.71754 137.72596 99.14465 158.0
44.0 0.0 0.0 55.08439 48.87412 141.95874 620.0
44.0 0.0 44.0 70.25854 22.73678 131.36365 620.0
44.0 2.0 2.0 27.3989 25.32904 87.70928 36.0
44.0 2.0 44.0 70.25854 22.73678 131.36365 36.0
44.0 3.0 3.0 83.14454 3.82901 88.01968 63.0
44.0 3.0 44.0 70.25854 22.73678 131.36365 63.0
44.0 6.0 6.0 5.45852 84.73334 74.35191 1.0
44.0 6.0 44.0 70.25854 22.73678 131.36365 1.0
44.0 11.0 11.0 48.5404 14.08751 56.57762 2.0
44.0 11.0 44.0 70.25854 22.73678 131.36365 2.0
44.0 16.0 16.0 37.11162 39.09766 124.72303 233.0
44.0 16.0 44.0 70.25854 22.73678 131.36365 233.0
44.0 17.0 17.0 122.7754 11.00016 94.57089 4.0
44.0 17.0 44.0 70.25854 22.73678 131.36365 4.0
44.0 22.0 22.0 25.10443 80.01795 119.48002 4.0
44.0 22.0 44.0 70.25854 22.73678 131.36365 4.0
44.0 26.0 26.0 132.11659 45.17925 139.13464 20.0
44.0 26.0 44.0 70.25854 22.73678 131.36365 20.0
44.0 27.0 27.0 18.72577 45.34604 103.73691 4.0
44.0 27.0 44.0 70.25854 22.73678 131.36365 4.0
44.0 28.0 28.0 84.3371 38.94381 143.14694 903.0
44.0 28.0 44.0 70.25854 22.73678 131.36365 903.0
44.0 29.0 29.0 122.6666 20.58085 121.18144 78.0
44.0 29.0 44.0 70.25854 22.73678 131.36365 78.0
44.0 33.0 33.0 97.17571 49.93534 149.23415 100.0
44.0 33.0 44.0 70.25854 22.73678 131.36365 100.0
44.0 36.0 36.0 51.16579 19.51045 119.70317 767.0
44.0 36.0 44.0 70.25854 22.73678 131.36365 767.0
44.0 37.0 37.0 80.2245 11.05747 113.811 1483.0
44.0 37.0 44.0 70.25854 22.73678 131.36365 1483.0
44.0 38.0 38.0 88.70593 68.41445 152.61557 18.0
44.0 38.0 44.0 70.25854 22.73678 131.36365 18.0
44.0 41.0 41.0 59.86757 126.06058 122.508 1.0
44.0 41.0 44.0 70.25854 22.73678 131.36365 1.0
44.0 42.0 42.0 56.63608 85.23948 144.95987 1.0
44.0 42.0 44.0 70.25854 22.73678 131.36365 1.0
44.0 44.0 44.0 70.25854 22.73678 131.36365 1839.0
44.0 44.0 44.0 70.25854 22.73678 131.36365 1839.0
45.0 1.0 1.0 66.2146 89.17927 7.44929 1906.0
45.0 1.0 45.0 35.01877 116.26038 28.4984 1906.0
45.0 6.0 6.0 5.45852 84.73334 74.35191 1184.0
45.0 6.0 45.0 35.01877 116.26038 28.4984 1184.0
45.0 8.0 8.0 89.78857 90.69111 30.28711 9.0
45.0 8.0 45.0 35.01877 116.26038 28.4984 9.0
45.0 9.0 9.0 78.59179 139.92076 102.65083 5.0
45.0 9.0 45.0 35.01877 116.26038 28.4984 5.0
45.0 14.0 14.0 128.45136 116.09528 40.39228 4.0
45.0 14.0 45.0 35.01877 116.26038 28.4984 4.0
45.0 21.0 21.0 28.30038 78.09584 19.27896 1872.0
45.0 21.0 45.0 35.01877 116.26038 28.4984 1872.0
45.0 22.0 22.0 25.10443 80.01795 119.48002 1.0
45.0 22.0 45.0 35.01877 116.26038 28.4984 1.0
45.0 30.0 30.0 88.53674 139.92815 62.77619 1027.0
45.0 30.0 45.0 35.01877 116.26038 28.4984 1027.0
45.0 39.0 39.0 21.81759 50.14573 32.76918 72.0
45.0 39.0 45.0 35.01877 116.26038 28.4984 72.0
45.0 45.0 45.0 35.01877 116.26038 28.4984 14626.0
45.0 45.0 45.0 35.01877 116.26038 28.4984 14626.0
45.0 46.0 46.0 114.59961 130.28128 52.78506 66.0
45.0 46.0 45.0 35.01877 116.26038 28.4984 66.0
46.0 1.0 1.0 66.2146 89.17927 7.44929 191.0
46.0 1.0 46.0 114.59961 130.28128 52.78506 191.0
46.0 8.0 8.0 89.78857 90.69111 30.28711 25.0
46.0 8.0 46.0 114.59961 130.28128 52.78506 25.0
46.0 9.0 9.0 78.59179 139.92076 102.65083 8.0
46.0 9.0 46.0 114.59961 130.28128 52.78506 8.0
46.0 12.0 12.0 179.8081 86.40167 84.83208 4.0
46.0 12.0 46.0 114.59961 130.28128 52.78506 4.0
46.0 14.0 14.0 128.45136 116.09528 40.39228 3060.0
46.0 14.0 46.0 114.59961 130.28128 52.78506 3060.0
46.0 20.0 20.0 85.06426 53.69524 22.31308 4.0
46.0 20.0 46.0 114.59961 130.28128 52.78506 4.0
46.0 30.0 30.0 88.53674 139.92815 62.77619 3657.0
46.0 30.0 46.0 114.59961 130.28128 52.78506 3657.0
46.0 32.0 32.0 157.13568 89.19094 58.02022 283.0
46.0 32.0 46.0 114.59961 130.28128 52.78506 283.0
46.0 34.0 34.0 127.78727 111.24526 129.5948 17.0
46.0 34.0 46.0 114.59961 130.28128 52.78506 17.0
46.0 35.0 35.0 147.7907 121.13845 95.65483 1102.0
46.0 35.0 46.0 114.59961 130.28128 52.78506 1102.0
46.0 43.0 43.0 101.71754 137.72596 99.14465 154.0
46.0 43.0 46.0 114.59961 130.28128 52.78506 154.0
46.0 45.0 45.0 35.01877 116.26038 28.4984 54.0
46.0 45.0 46.0 114.59961 130.28128 52.78506 54.0
46.0 46.0 46.0 114.59961 130.28128 52.78506 7366.0
46.0 46.0 46.0 114.59961 130.28128 52.78506 7366.0
47.0 12.0 12.0 179.8081 86.40167 84.83208 386.0
47.0 12.0 47.0 164.19797 62.77926 126.12266 386.0
47.0 15.0 15.0 145.09296 26.5408 64.68896 8.0
47.0 15.0 47.0 164.19797 62.77926 126.12266 8.0
47.0 17.0 17.0 122.7754 11.00016 94.57089 17.0
47.0 17.0 47.0 164.19797 62.77926 126.12266 17.0
47.0 18.0 18.0 159.19227 24.83162 93.93578 641.0
47.0 18.0 47.0 164.19797 62.77926 126.12266 641.0
47.0 23.0 23.0 173.49194 43.561 76.99841 353.0
47.0 23.0 47.0 164.19797 62.77926 126.12266 353.0
47.0 24.0 24.0 107.86191 87.21017 149.15142 221.0
47.0 24.0 47.0 164.19797 62.77926 126.12266 221.0
47.0 25.0 25.0 182.84144 64.00308 100.28779 1176.0
47.0 25.0 47.0 164.19797 62.77926 126.12266 1176.0
47.0 26.0 26.0 132.11659 45.17925 139.13464 1879.0
47.0 26.0 47.0 164.19797 62.77926 126.12266 1879.0
47.0 29.0 29.0 122.6666 20.58085 121.18144 252.0
47.0 29.0 47.0 164.19797 62.77926 126.12266 252.0
47.0 32.0 32.0 157.13568 89.19094 58.02022 4.0
47.0 32.0 47.0 164.19797 62.77926 126.12266 4.0
47.0 33.0 33.0 97.17571 49.93534 149.23415 5.0
47.0 33.0 47.0 164.19797 62.77926 126.12266 5.0
47.0 34.0 34.0 127.78727 111.24526 129.5948 1256.0
47.0 34.0 47.0 164.19797 62.77926 126.12266 1256.0
47.0 35.0 35.0 147.7907 121.13845 95.65483 350.0
47.0 35.0 47.0 164.19797 62.77926 126.12266 350.0
47.0 37.0 37.0 80.2245 11.05747 113.811 1.0
47.0 37.0 47.0 164.19797 62.77926 126.12266 1.0
47.0 38.0 38.0 88.70593 68.41445 152.61557 5.0
47.0 38.0 47.0 164.19797 62.77926 126.12266 5.0
47.0 47.0 47.0 164.19797 62.77926 126.12266 8818.0
47.0 47.0 47.0 164.19797 62.77926 126.12266 8818.0
