TargetArea SourceArea Area AvgPosX AvgPosY AvgPosZ SumWeights
0.0 0.0 0.0 55.12575 48.8548 141.96712 3903.0
0.0 0.0 0.0 55.12575 48.8548 141.96712 3903.0
0.0 2.0 2.0 27.39479 25.33576 87.7272 12.0
0.0 2.0 0.0 55.12575 48.8548 141.96712 12.0
0.0 4.0 4.0 72.11384 108.4047 139.67526 11.0
0.0 4.0 0.0 55.12575 48.8548 141.96712 11.0
0.0 5.0 5.0 36.16587 130.04168 82.24746 1.0
0.0 5.0 0.0 55.12575 48.8548 141.96712 1.0
0.0 16.0 16.0 37.1093 39.11498 124.72975 1415.0
0.0 16.0 0.0 55.12575 48.8548 141.96712 1415.0
0.0 22.0 22.0 25.1017 80.07595 119.46729 555.0
0.0 22.0 0.0 55.12575 48.8548 141.96712 555.0
0.0 24.0 24.0 107.89328 87.21075 149.14545 10.0
0.0 24.0 0.0 55.12575 48.8548 141.96712 10.0
0.0 27.0 27.0 18.71555 45.37561 103.73961 20.0
0.0 27.0 0.0 55.12575 48.8548 141.96712 20.0
0.0 28.0 28.0 84.31259 38.94258 143.14297 1112.0
0.0 28.0 0.0 55.12575 48.8548 141.96712 1112.0
0.0 29.0 29.0 122.68242 20.58728 121.18589 1.0
0.0 29.0 0.0 55.12575 48.8548 141.96712 1.0
0.0 33.0 33.0 97.17983 49.94469 149.23815 288.0
0.0 33.0 0.0 55.12575 48.8548 141.96712 288.0
0.0 36.0 36.0 51.18774 19.51466 119.72286 463.0
0.0 36.0 0.0 55.12575 48.8548 141.96712 463.0
0.0 37.0 37.0 80.28998 11.07055 113.84569 80.0
0.0 37.0 0.0 55.12575 48.8548 141.96712 80.0
0.0 38.0 38.0 88.7186 68.41103 152.61282 430.0
0.0 38.0 0.0 55.12575 48.8548 141.96712 430.0
0.0 41.0 41.0 59.84748 126.05869 122.51185 4.0
0.0 41.0 0.0 55.12575 48.8548 141.96712 4.0
0.0 42.0 42.0 56.64872 85.22311 144.96688 937.0
0.0 42.0 0.0 55.12575 48.8548 141.96712 937.0
0.0 44.0 44.0 70.24751 22.72932 131.35194 622.0
0.0 44.0 0.0 55.12575 48.8548 141.96712 622.0
1.0 1.0 1.0 66.26101 89.27439 7.49635 11232.0
1.0 1.0 1.0 66.26101 89.27439 7.49635 11232.0
1.0 5.0 5.0 36.16587 130.04168 82.24746 25.0
1.0 5.0 1.0 66.26101 89.27439 7.49635 25.0
1.0 6.0 6.0 5.48783 84.80549 74.44093 1.0
1.0 6.0 1.0 66.26101 89.27439 7.49635 1.0
1.0 8.0 8.0 108.23411 85.92377 38.71773 1651.0
1.0 8.0 1.0 66.26101 89.27439 7.49635 1651.0
1.0 11.0 11.0 48.55103 14.10741 56.5164 22.0
1.0 11.0 1.0 66.26101 89.27439 7.49635 22.0
1.0 14.0 14.0 128.3402 116.04115 40.30745 53.0
1.0 14.0 1.0 66.26101 89.27439 7.49635 53.0
1.0 19.0 19.0 66.41168 15.7841 45.39157 27.0
1.0 19.0 1.0 66.26101 89.27439 7.49635 27.0
1.0 20.0 20.0 85.04288 53.69774 22.30178 2214.0
1.0 20.0 1.0 66.26101 89.27439 7.49635 2214.0
1.0 21.0 21.0 28.29797 78.11128 19.28458 1324.0
1.0 21.0 1.0 66.26101 89.27439 7.49635 1324.0
1.0 30.0 30.0 88.41083 139.94208 62.76674 353.0
1.0 30.0 1.0 66.26101 89.27439 7.49635 353.0
1.0 31.0 31.0 121.63056 38.9991 36.0753 2.0
1.0 31.0 1.0 66.26101 89.27439 7.49635 2.0
1.0 39.0 39.0 21.83648 50.13146 32.76527 267.0
1.0 39.0 1.0 66.26101 89.27439 7.49635 267.0
1.0 40.0 40.0 83.25882 23.54538 42.39663 16.0
1.0 40.0 1.0 66.26101 89.27439 7.49635 16.0
1.0 45.0 45.0 35.05436 116.364 28.62574 1778.0
1.0 45.0 1.0 66.26101 89.27439 7.49635 1778.0
1.0 46.0 46.0 114.57386 130.25064 52.77096 149.0
1.0 46.0 1.0 66.26101 89.27439 7.49635 149.0
2.0 0.0 0.0 55.12575 48.8548 141.96712 11.0
2.0 0.0 2.0 27.39479 25.33576 87.7272 11.0
2.0 2.0 2.0 27.39479 25.33576 87.7272 6643.0
2.0 2.0 2.0 27.39479 25.33576 87.7272 6643.0
2.0 3.0 3.0 83.21278 3.83447 88.03608 348.0
2.0 3.0 2.0 27.39479 25.33576 87.7272 348.0
2.0 6.0 6.0 5.48783 84.80549 74.44093 449.0
2.0 6.0 2.0 27.39479 25.33576 87.7272 449.0
2.0 10.0 10.0 97.10022 3.936 61.08031 2.0
2.0 10.0 2.0 27.39479 25.33576 87.7272 2.0
2.0 11.0 11.0 48.55103 14.10741 56.5164 1396.0
2.0 11.0 2.0 27.39479 25.33576 87.7272 1396.0
2.0 13.0 13.0 21.74998 31.18055 56.48241 1376.0
2.0 13.0 2.0 27.39479 25.33576 87.7272 1376.0
2.0 16.0 16.0 37.1093 39.11498 124.72975 704.0
2.0 16.0 2.0 27.39479 25.33576 87.7272 704.0
2.0 19.0 19.0 66.41168 15.7841 45.39157 18.0
2.0 19.0 2.0 27.39479 25.33576 87.7272 18.0
2.0 20.0 20.0 85.04288 53.69774 22.30178 1.0
2.0 20.0 2.0 27.39479 25.33576 87.7272 1.0
2.0 22.0 22.0 25.1017 80.07595 119.46729 83.0
2.0 22.0 2.0 27.39479 25.33576 87.7272 83.0
2.0 27.0 27.0 18.71555 45.37561 103.73961 1620.0
2.0 27.0 2.0 27.39479 25.33576 87.7272 1620.0
2.0 28.0 28.0 84.31259 38.94258 143.14297 1.0
2.0 28.0 2.0 27.39479 25.33576 87.7272 1.0
2.0 36.0 36.0 51.18774 19.51466 119.72286 512.0
2.0 36.0 2.0 27.39479 25.33576 87.7272 512.0
2.0 37.0 37.0 80.28998 11.07055 113.84569 415.0
2.0 37.0 2.0 27.39479 25.33576 87.7272 415.0
2.0 39.0 39.0 21.83648 50.13146 32.76527 146.0
2.0 39.0 2.0 27.39479 25.33576 87.7272 146.0
2.0 40.0 40.0 83.25882 23.54538 42.39663 2.0
2.0 40.0 2.0 27.39479 25.33576 87.7272 2.0
2.0 44.0 44.0 70.24751 22.72932 131.35194 35.0
2.0 44.0 2.0 27.39479 25.33576 87.7272 35.0
3.0 2.0 2.0 27.39479 25.33576 87.7272 271.0
3.0 2.0 3.0 83.21278 3.83447 88.03608 271.0
3.0 3.0 3.0 83.21278 3.83447 88.03608 7161.0
3.0 3.0 3.0 83.21278 3.83447 88.03608 7161.0
3.0 7.0 7.0 121.67197 13.4584 56.88733 222.0
3.0 7.0 3.0 83.21278 3.83447 88.03608 222.0
3.0 10.0 10.0 97.10022 3.936 61.08031 1564.0
3.0 10.0 3.0 83.21278 3.83447 88.03608 1564.0
3.0 11.0 11.0 48.55103 14.10741 56.5164 1064.0
3.0 11.0 3.0 83.21278 3.83447 88.03608 1064.0
3.0 13.0 13.0 21.74998 31.18055 56.48241 5.0
3.0 13.0 3.0 83.21278 3.83447 88.03608 5.0
3.0 15.0 15.0 145.1306 26.59462 64.64613 15.0
3.0 15.0 3.0 83.21278 3.83447 88.03608 15.0
3.0 16.0 16.0 37.1093 39.11498 124.72975 10.0
3.0 16.0 3.0 83.21278 3.83447 88.03608 10.0
3.0 17.0 17.0 122.80049 11.00644 94.58111 1205.0
3.0 17.0 3.0 83.21278 3.83447 88.03608 1205.0
3.0 19.0 19.0 66.41168 15.7841 45.39157 443.0
3.0 19.0 3.0 83.21278 3.83447 88.03608 443.0
3.0 27.0 27.0 18.71555 45.37561 103.73961 2.0
3.0 27.0 3.0 83.21278 3.83447 88.03608 2.0
3.0 28.0 28.0 84.31259 38.94258 143.14297 4.0
3.0 28.0 3.0 83.21278 3.83447 88.03608 4.0
3.0 29.0 29.0 122.68242 20.58728 121.18589 201.0
3.0 29.0 3.0 83.21278 3.83447 88.03608 201.0
3.0 31.0 31.0 121.63056 38.9991 36.0753 4.0
3.0 31.0 3.0 83.21278 3.83447 88.03608 4.0
3.0 36.0 36.0 51.18774 19.51466 119.72286 146.0
3.0 36.0 3.0 83.21278 3.83447 88.03608 146.0
3.0 37.0 37.0 80.28998 11.07055 113.84569 2598.0
3.0 37.0 3.0 83.21278 3.83447 88.03608 2598.0
3.0 40.0 40.0 83.25882 23.54538 42.39663 144.0
3.0 40.0 3.0 83.21278 3.83447 88.03608 144.0
3.0 44.0 44.0 70.24751 22.72932 131.35194 58.0
3.0 44.0 3.0 83.21278 3.83447 88.03608 58.0
4.0 0.0 0.0 55.12575 48.8548 141.96712 13.0
4.0 0.0 4.0 72.11384 108.4047 139.67526 13.0
4.0 4.0 4.0 72.11384 108.4047 139.67526 6695.0
4.0 4.0 4.0 72.11384 108.4047 139.67526 6695.0
4.0 5.0 5.0 36.16587 130.04168 82.24746 110.0
4.0 5.0 4.0 72.11384 108.4047 139.67526 110.0
4.0 6.0 6.0 5.48783 84.80549 74.44093 2.0
4.0 6.0 4.0 72.11384 108.4047 139.67526 2.0
4.0 9.0 9.0 78.6088 139.92153 102.65896 284.0
4.0 9.0 4.0 72.11384 108.4047 139.67526 284.0
4.0 16.0 16.0 37.1093 39.11498 124.72975 2.0
4.0 16.0 4.0 72.11384 108.4047 139.67526 2.0
4.0 22.0 22.0 25.1017 80.07595 119.46729 453.0
4.0 22.0 4.0 72.11384 108.4047 139.67526 453.0
4.0 24.0 24.0 107.89328 87.21075 149.14545 1529.0
4.0 24.0 4.0 72.11384 108.4047 139.67526 1529.0
4.0 28.0 28.0 84.31259 38.94258 143.14297 5.0
4.0 28.0 4.0 72.11384 108.4047 139.67526 5.0
4.0 33.0 33.0 97.17983 49.94469 149.23815 7.0
4.0 33.0 4.0 72.11384 108.4047 139.67526 7.0
4.0 34.0 34.0 127.82599 111.22988 129.59019 904.0
4.0 34.0 4.0 72.11384 108.4047 139.67526 904.0
4.0 35.0 35.0 147.77209 121.15684 95.63378 1.0
4.0 35.0 4.0 72.11384 108.4047 139.67526 1.0
4.0 38.0 38.0 88.7186 68.41103 152.61282 222.0
4.0 38.0 4.0 72.11384 108.4047 139.67526 222.0
4.0 41.0 41.0 59.84748 126.05869 122.51185 2736.0
4.0 41.0 4.0 72.11384 108.4047 139.67526 2736.0
4.0 42.0 42.0 56.64872 85.22311 144.96688 2087.0
4.0 42.0 4.0 72.11384 108.4047 139.67526 2087.0
4.0 43.0 43.0 101.71626 137.72116 99.16384 66.0
4.0 43.0 4.0 72.11384 108.4047 139.67526 66.0
4.0 45.0 45.0 35.05436 116.364 28.62574 1.0
4.0 45.0 4.0 72.11384 108.4047 139.67526 1.0
5.0 1.0 1.0 66.26101 89.27439 7.49635 20.0
5.0 1.0 5.0 36.16587 130.04168 82.24746 20.0
5.0 4.0 4.0 72.11384 108.4047 139.67526 106.0
5.0 4.0 5.0 36.16587 130.04168 82.24746 106.0
5.0 5.0 5.0 36.16587 130.04168 82.24746 21696.0
5.0 5.0 5.0 36.16587 130.04168 82.24746 21696.0
5.0 6.0 6.0 5.48783 84.80549 74.44093 1960.0
5.0 6.0 5.0 36.16587 130.04168 82.24746 1960.0
5.0 8.0 8.0 108.23411 85.92377 38.71773 7.0
5.0 8.0 5.0 36.16587 130.04168 82.24746 7.0
5.0 9.0 9.0 78.6088 139.92153 102.65896 1492.0
5.0 9.0 5.0 36.16587 130.04168 82.24746 1492.0
5.0 21.0 21.0 28.29797 78.11128 19.28458 13.0
5.0 21.0 5.0 36.16587 130.04168 82.24746 13.0
5.0 22.0 22.0 25.1017 80.07595 119.46729 1182.0
5.0 22.0 5.0 36.16587 130.04168 82.24746 1182.0
5.0 30.0 30.0 88.41083 139.94208 62.76674 1727.0
5.0 30.0 5.0 36.16587 130.04168 82.24746 1727.0
5.0 41.0 41.0 59.84748 126.05869 122.51185 2269.0
5.0 41.0 5.0 36.16587 130.04168 82.24746 2269.0
5.0 42.0 42.0 56.64872 85.22311 144.96688 30.0
5.0 42.0 5.0 36.16587 130.04168 82.24746 30.0
5.0 43.0 43.0 101.71626 137.72116 99.16384 78.0
5.0 43.0 5.0 36.16587 130.04168 82.24746 78.0
5.0 45.0 45.0 35.05436 116.364 28.62574 1973.0
5.0 45.0 5.0 36.16587 130.04168 82.24746 1973.0
5.0 46.0 46.0 114.57386 130.25064 52.77096 13.0
5.0 46.0 5.0 36.16587 130.04168 82.24746 13.0
6.0 2.0 2.0 27.39479 25.33576 87.7272 507.0
6.0 2.0 6.0 5.48783 84.80549 74.44093 507.0
6.0 4.0 4.0 72.11384 108.4047 139.67526 3.0
6.0 4.0 6.0 5.48783 84.80549 74.44093 3.0
6.0 5.0 5.0 36.16587 130.04168 82.24746 2050.0
6.0 5.0 6.0 5.48783 84.80549 74.44093 2050.0
6.0 6.0 6.0 5.48783 84.80549 74.44093 15682.0
6.0 6.0 6.0 5.48783 84.80549 74.44093 15682.0
6.0 11.0 11.0 48.55103 14.10741 56.5164 3.0
6.0 11.0 6.0 5.48783 84.80549 74.44093 3.0
6.0 13.0 13.0 21.74998 31.18055 56.48241 434.0
6.0 13.0 6.0 5.48783 84.80549 74.44093 434.0
6.0 16.0 16.0 37.1093 39.11498 124.72975 6.0
6.0 16.0 6.0 5.48783 84.80549 74.44093 6.0
6.0 21.0 21.0 28.29797 78.11128 19.28458 673.0
6.0 21.0 6.0 5.48783 84.80549 74.44093 673.0
6.0 22.0 22.0 25.1017 80.07595 119.46729 2034.0
6.0 22.0 6.0 5.48783 84.80549 74.44093 2034.0
6.0 27.0 27.0 18.71555 45.37561 103.73961 889.0
6.0 27.0 6.0 5.48783 84.80549 74.44093 889.0
6.0 39.0 39.0 21.83648 50.13146 32.76527 1315.0
6.0 39.0 6.0 5.48783 84.80549 74.44093 1315.0
6.0 41.0 41.0 59.84748 126.05869 122.51185 21.0
6.0 41.0 6.0 5.48783 84.80549 74.44093 21.0
6.0 42.0 42.0 56.64872 85.22311 144.96688 1.0
6.0 42.0 6.0 5.48783 84.80549 74.44093 1.0
6.0 45.0 45.0 35.05436 116.364 28.62574 944.0
6.0 45.0 6.0 5.48783 84.80549 74.44093 944.0
7.0 3.0 3.0 83.21278 3.83447 88.03608 199.0
7.0 3.0 7.0 121.67197 13.4584 56.88733 199.0
7.0 7.0 7.0 121.67197 13.4584 56.88733 4143.0
7.0 7.0 7.0 121.67197 13.4584 56.88733 4143.0
7.0 8.0 8.0 108.23411 85.92377 38.71773 8.0
7.0 8.0 7.0 121.67197 13.4584 56.88733 8.0
7.0 10.0 10.0 97.10022 3.936 61.08031 1421.0
7.0 10.0 7.0 121.67197 13.4584 56.88733 1421.0
7.0 15.0 15.0 145.1306 26.59462 64.64613 1530.0
7.0 15.0 7.0 121.67197 13.4584 56.88733 1530.0
7.0 17.0 17.0 122.80049 11.00644 94.58111 834.0
7.0 17.0 7.0 121.67197 13.4584 56.88733 834.0
7.0 18.0 18.0 159.19678 24.83007 93.92573 45.0
7.0 18.0 7.0 121.67197 13.4584 56.88733 45.0
7.0 19.0 19.0 66.41168 15.7841 45.39157 11.0
7.0 19.0 7.0 121.67197 13.4584 56.88733 11.0
7.0 20.0 20.0 85.04288 53.69774 22.30178 16.0
7.0 20.0 7.0 121.67197 13.4584 56.88733 16.0
7.0 23.0 23.0 173.46261 43.55129 76.92877 19.0
7.0 23.0 7.0 121.67197 13.4584 56.88733 19.0
7.0 29.0 29.0 122.68242 20.58728 121.18589 12.0
7.0 29.0 7.0 121.67197 13.4584 56.88733 12.0
7.0 31.0 31.0 121.63056 38.9991 36.0753 1579.0
7.0 31.0 7.0 121.67197 13.4584 56.88733 1579.0
7.0 32.0 32.0 156.99938 88.98485 57.96747 5.0
7.0 32.0 7.0 121.67197 13.4584 56.88733 5.0
7.0 37.0 37.0 80.28998 11.07055 113.84569 7.0
7.0 37.0 7.0 121.67197 13.4584 56.88733 7.0
7.0 40.0 40.0 83.25882 23.54538 42.39663 305.0
7.0 40.0 7.0 121.67197 13.4584 56.88733 305.0
8.0 1.0 1.0 66.26101 89.27439 7.49635 1454.0
8.0 1.0 8.0 108.23411 85.92377 38.71773 1454.0
8.0 3.0 3.0 83.21278 3.83447 88.03608 1.0
8.0 3.0 8.0 108.23411 85.92377 38.71773 1.0
8.0 4.0 4.0 72.11384 108.4047 139.67526 1.0
8.0 4.0 8.0 108.23411 85.92377 38.71773 1.0
8.0 5.0 5.0 36.16587 130.04168 82.24746 6.0
8.0 5.0 8.0 108.23411 85.92377 38.71773 6.0
8.0 7.0 7.0 121.67197 13.4584 56.88733 7.0
8.0 7.0 8.0 108.23411 85.92377 38.71773 7.0
8.0 8.0 8.0 108.23411 85.92377 38.71773 28741.0
8.0 8.0 8.0 108.23411 85.92377 38.71773 28741.0
8.0 12.0 12.0 179.80325 86.30524 84.72629 6.0
8.0 12.0 8.0 108.23411 85.92377 38.71773 6.0
8.0 14.0 14.0 128.3402 116.04115 40.30745 2633.0
8.0 14.0 8.0 108.23411 85.92377 38.71773 2633.0
8.0 15.0 15.0 145.1306 26.59462 64.64613 50.0
8.0 15.0 8.0 108.23411 85.92377 38.71773 50.0
8.0 19.0 19.0 66.41168 15.7841 45.39157 1.0
8.0 19.0 8.0 108.23411 85.92377 38.71773 1.0
8.0 20.0 20.0 85.04288 53.69774 22.30178 2900.0
8.0 20.0 8.0 108.23411 85.92377 38.71773 2900.0
8.0 23.0 23.0 173.46261 43.55129 76.92877 4.0
8.0 23.0 8.0 108.23411 85.92377 38.71773 4.0
8.0 30.0 30.0 88.41083 139.94208 62.76674 554.0
8.0 30.0 8.0 108.23411 85.92377 38.71773 554.0
8.0 31.0 31.0 121.63056 38.9991 36.0753 1771.0
8.0 31.0 8.0 108.23411 85.92377 38.71773 1771.0
8.0 32.0 32.0 156.99938 88.98485 57.96747 1443.0
8.0 32.0 8.0 108.23411 85.92377 38.71773 1443.0
8.0 35.0 35.0 147.77209 121.15684 95.63378 2.0
8.0 35.0 8.0 108.23411 85.92377 38.71773 2.0
8.0 40.0 40.0 83.25882 23.54538 42.39663 19.0
8.0 40.0 8.0 108.23411 85.92377 38.71773 19.0
8.0 41.0 41.0 59.84748 126.05869 122.51185 1.0
8.0 41.0 8.0 108.23411 85.92377 38.71773 1.0
8.0 45.0 45.0 35.05436 116.364 28.62574 83.0
8.0 45.0 8.0 108.23411 85.92377 38.71773 83.0
8.0 46.0 46.0 114.57386 130.25064 52.77096 1087.0
8.0 46.0 8.0 108.23411 85.92377 38.71773 1087.0
9.0 4.0 4.0 72.11384 108.4047 139.67526 271.0
9.0 4.0 9.0 78.6088 139.92153 102.65896 271.0
9.0 5.0 5.0 36.16587 130.04168 82.24746 1323.0
9.0 5.0 9.0 78.6088 139.92153 102.65896 1323.0
9.0 9.0 9.0 78.6088 139.92153 102.65896 4940.0
9.0 9.0 9.0 78.6088 139.92153 102.65896 4940.0
9.0 22.0 22.0 25.1017 80.07595 119.46729 1.0
9.0 22.0 9.0 78.6088 139.92153 102.65896 1.0
9.0 24.0 24.0 107.89328 87.21075 149.14545 27.0
9.0 24.0 9.0 78.6088 139.92153 102.65896 27.0
9.0 30.0 30.0 88.41083 139.94208 62.76674 1185.0
9.0 30.0 9.0 78.6088 139.92153 102.65896 1185.0
9.0 34.0 34.0 127.82599 111.22988 129.59019 614.0
9.0 34.0 9.0 78.6088 139.92153 102.65896 614.0
9.0 35.0 35.0 147.77209 121.15684 95.63378 15.0
9.0 35.0 9.0 78.6088 139.92153 102.65896 15.0
9.0 41.0 41.0 59.84748 126.05869 122.51185 2092.0
9.0 41.0 9.0 78.6088 139.92153 102.65896 2092.0
9.0 43.0 43.0 101.71626 137.72116 99.16384 2133.0
9.0 43.0 9.0 78.6088 139.92153 102.65896 2133.0
9.0 45.0 45.0 35.05436 116.364 28.62574 2.0
9.0 45.0 9.0 78.6088 139.92153 102.65896 2.0
9.0 46.0 46.0 114.57386 130.25064 52.77096 4.0
9.0 46.0 9.0 78.6088 139.92153 102.65896 4.0
10.0 2.0 2.0 27.39479 25.33576 87.7272 3.0
10.0 2.0 10.0 97.10022 3.936 61.08031 3.0
10.0 3.0 3.0 83.21278 3.83447 88.03608 1537.0
10.0 3.0 10.0 97.10022 3.936 61.08031 1537.0
10.0 7.0 7.0 121.67197 13.4584 56.88733 1510.0
10.0 7.0 10.0 97.10022 3.936 61.08031 1510.0
10.0 10.0 10.0 97.10022 3.936 61.08031 4198.0
10.0 10.0 10.0 97.10022 3.936 61.08031 4198.0
10.0 11.0 11.0 48.55103 14.10741 56.5164 181.0
10.0 11.0 10.0 97.10022 3.936 61.08031 181.0
10.0 15.0 15.0 145.1306 26.59462 64.64613 70.0
10.0 15.0 10.0 97.10022 3.936 61.08031 70.0
10.0 17.0 17.0 122.80049 11.00644 94.58111 461.0
10.0 17.0 10.0 97.10022 3.936 61.08031 461.0
10.0 18.0 18.0 159.19678 24.83007 93.92573 2.0
10.0 18.0 10.0 97.10022 3.936 61.08031 2.0
10.0 19.0 19.0 66.41168 15.7841 45.39157 557.0
10.0 19.0 10.0 97.10022 3.936 61.08031 557.0
10.0 20.0 20.0 85.04288 53.69774 22.30178 38.0
10.0 20.0 10.0 97.10022 3.936 61.08031 38.0
10.0 29.0 29.0 122.68242 20.58728 121.18589 6.0
10.0 29.0 10.0 97.10022 3.936 61.08031 6.0
10.0 31.0 31.0 121.63056 38.9991 36.0753 399.0
10.0 31.0 10.0 97.10022 3.936 61.08031 399.0
10.0 37.0 37.0 80.28998 11.07055 113.84569 39.0
10.0 37.0 10.0 97.10022 3.936 61.08031 39.0
10.0 40.0 40.0 83.25882 23.54538 42.39663 1237.0
10.0 40.0 10.0 97.10022 3.936 61.08031 1237.0
11.0 1.0 1.0 66.26101 89.27439 7.49635 21.0
11.0 1.0 11.0 48.55103 14.10741 56.5164 21.0
11.0 2.0 2.0 27.39479 25.33576 87.7272 1371.0
11.0 2.0 11.0 48.55103 14.10741 56.5164 1371.0
11.0 3.0 3.0 83.21278 3.83447 88.03608 1117.0
11.0 3.0 11.0 48.55103 14.10741 56.5164 1117.0
11.0 8.0 8.0 108.23411 85.92377 38.71773 1.0
11.0 8.0 11.0 48.55103 14.10741 56.5164 1.0
11.0 10.0 10.0 97.10022 3.936 61.08031 208.0
11.0 10.0 11.0 48.55103 14.10741 56.5164 208.0
11.0 11.0 11.0 48.55103 14.10741 56.5164 8149.0
11.0 11.0 11.0 48.55103 14.10741 56.5164 8149.0
11.0 13.0 13.0 21.74998 31.18055 56.48241 1450.0
11.0 13.0 11.0 48.55103 14.10741 56.5164 1450.0
11.0 16.0 16.0 37.1093 39.11498 124.72975 16.0
11.0 16.0 11.0 48.55103 14.10741 56.5164 16.0
11.0 19.0 19.0 66.41168 15.7841 45.39157 2118.0
11.0 19.0 11.0 48.55103 14.10741 56.5164 2118.0
11.0 20.0 20.0 85.04288 53.69774 22.30178 258.0
11.0 20.0 11.0 48.55103 14.10741 56.5164 258.0
11.0 21.0 21.0 28.29797 78.11128 19.28458 30.0
11.0 21.0 11.0 48.55103 14.10741 56.5164 30.0
11.0 27.0 27.0 18.71555 45.37561 103.73961 3.0
11.0 27.0 11.0 48.55103 14.10741 56.5164 3.0
11.0 31.0 31.0 121.63056 38.9991 36.0753 7.0
11.0 31.0 11.0 48.55103 14.10741 56.5164 7.0
11.0 36.0 36.0 51.18774 19.51466 119.72286 63.0
11.0 36.0 11.0 48.55103 14.10741 56.5164 63.0
11.0 37.0 37.0 80.28998 11.07055 113.84569 278.0
11.0 37.0 11.0 48.55103 14.10741 56.5164 278.0
11.0 39.0 39.0 21.83648 50.13146 32.76527 819.0
11.0 39.0 11.0 48.55103 14.10741 56.5164 819.0
11.0 40.0 40.0 83.25882 23.54538 42.39663 556.0
11.0 40.0 11.0 48.55103 14.10741 56.5164 556.0
11.0 44.0 44.0 70.24751 22.72932 131.35194 2.0
11.0 44.0 11.0 48.55103 14.10741 56.5164 2.0
12.0 8.0 8.0 108.23411 85.92377 38.71773 1.0
12.0 8.0 12.0 179.80325 86.30524 84.72629 1.0
12.0 12.0 12.0 179.80325 86.30524 84.72629 6010.0
12.0 12.0 12.0 179.80325 86.30524 84.72629 6010.0
12.0 14.0 14.0 128.3402 116.04115 40.30745 2.0
12.0 14.0 12.0 179.80325 86.30524 84.72629 2.0
12.0 15.0 15.0 145.1306 26.59462 64.64613 30.0
12.0 15.0 12.0 179.80325 86.30524 84.72629 30.0
12.0 18.0 18.0 159.19678 24.83007 93.92573 17.0
12.0 18.0 12.0 179.80325 86.30524 84.72629 17.0
12.0 23.0 23.0 173.46261 43.55129 76.92877 589.0
12.0 23.0 12.0 179.80325 86.30524 84.72629 589.0
12.0 25.0 25.0 182.84367 63.93316 100.26492 1169.0
12.0 25.0 12.0 179.80325 86.30524 84.72629 1169.0
12.0 31.0 31.0 121.63056 38.9991 36.0753 8.0
12.0 31.0 12.0 179.80325 86.30524 84.72629 8.0
12.0 32.0 32.0 156.99938 88.98485 57.96747 1804.0
12.0 32.0 12.0 179.80325 86.30524 84.72629 1804.0
12.0 34.0 34.0 127.82599 111.22988 129.59019 91.0
12.0 34.0 12.0 179.80325 86.30524 84.72629 91.0
12.0 35.0 35.0 147.77209 121.15684 95.63378 1219.0
12.0 35.0 12.0 179.80325 86.30524 84.72629 1219.0
12.0 46.0 46.0 114.57386 130.25064 52.77096 6.0
12.0 46.0 12.0 179.80325 86.30524 84.72629 6.0
12.0 47.0 47.0 164.17685 62.76751 126.14054 411.0
12.0 47.0 12.0 179.80325 86.30524 84.72629 411.0
13.0 1.0 1.0 66.26101 89.27439 7.49635 1.0
13.0 1.0 13.0 21.74998 31.18055 56.48241 1.0
13.0 2.0 2.0 27.39479 25.33576 87.7272 1332.0
13.0 2.0 13.0 21.74998 31.18055 56.48241 1332.0
13.0 3.0 3.0 83.21278 3.83447 88.03608 2.0
13.0 3.0 13.0 21.74998 31.18055 56.48241 2.0
13.0 6.0 6.0 5.48783 84.80549 74.44093 399.0
13.0 6.0 13.0 21.74998 31.18055 56.48241 399.0
13.0 11.0 11.0 48.55103 14.10741 56.5164 1629.0
13.0 11.0 13.0 21.74998 31.18055 56.48241 1629.0
13.0 13.0 13.0 21.74998 31.18055 56.48241 3846.0
13.0 13.0 13.0 21.74998 31.18055 56.48241 3846.0
13.0 19.0 19.0 66.41168 15.7841 45.39157 68.0
13.0 19.0 13.0 21.74998 31.18055 56.48241 68.0
13.0 20.0 20.0 85.04288 53.69774 22.30178 10.0
13.0 20.0 13.0 21.74998 31.18055 56.48241 10.0
13.0 21.0 21.0 28.29797 78.11128 19.28458 13.0
13.0 21.0 13.0 21.74998 31.18055 56.48241 13.0
13.0 22.0 22.0 25.1017 80.07595 119.46729 3.0
13.0 22.0 13.0 21.74998 31.18055 56.48241 3.0
13.0 27.0 27.0 18.71555 45.37561 103.73961 104.0
13.0 27.0 13.0 21.74998 31.18055 56.48241 104.0
13.0 36.0 36.0 51.18774 19.51466 119.72286 2.0
13.0 36.0 13.0 21.74998 31.18055 56.48241 2.0
13.0 37.0 37.0 80.28998 11.07055 113.84569 4.0
13.0 37.0 13.0 21.74998 31.18055 56.48241 4.0
13.0 39.0 39.0 21.83648 50.13146 32.76527 1748.0
13.0 39.0 13.0 21.74998 31.18055 56.48241 1748.0
13.0 40.0 40.0 83.25882 23.54538 42.39663 6.0
13.0 40.0 13.0 21.74998 31.18055 56.48241 6.0
14.0 1.0 1.0 66.26101 89.27439 7.49635 46.0
14.0 1.0 14.0 128.3402 116.04115 40.30745 46.0
14.0 8.0 8.0 108.23411 85.92377 38.71773 2742.0
14.0 8.0 14.0 128.3402 116.04115 40.30745 2742.0
14.0 12.0 12.0 179.80325 86.30524 84.72629 7.0
14.0 12.0 14.0 128.3402 116.04115 40.30745 7.0
14.0 14.0 14.0 128.3402 116.04115 40.30745 7243.0
14.0 14.0 14.0 128.3402 116.04115 40.30745 7243.0
14.0 20.0 20.0 85.04288 53.69774 22.30178 9.0
14.0 20.0 14.0 128.3402 116.04115 40.30745 9.0
14.0 30.0 30.0 88.41083 139.94208 62.76674 219.0
14.0 30.0 14.0 128.3402 116.04115 40.30745 219.0
14.0 31.0 31.0 121.63056 38.9991 36.0753 4.0
14.0 31.0 14.0 128.3402 116.04115 40.30745 4.0
14.0 32.0 32.0 156.99938 88.98485 57.96747 1475.0
14.0 32.0 14.0 128.3402 116.04115 40.30745 1475.0
14.0 35.0 35.0 147.77209 121.15684 95.63378 309.0
14.0 35.0 14.0 128.3402 116.04115 40.30745 309.0
14.0 43.0 43.0 101.71626 137.72116 99.16384 2.0
14.0 43.0 14.0 128.3402 116.04115 40.30745 2.0
14.0 45.0 45.0 35.05436 116.364 28.62574 1.0
14.0 45.0 14.0 128.3402 116.04115 40.30745 1.0
14.0 46.0 46.0 114.57386 130.25064 52.77096 2828.0
14.0 46.0 14.0 128.3402 116.04115 40.30745 2828.0
15.0 3.0 3.0 83.21278 3.83447 88.03608 19.0
15.0 3.0 15.0 145.1306 26.59462 64.64613 19.0
15.0 7.0 7.0 121.67197 13.4584 56.88733 1503.0
15.0 7.0 15.0 145.1306 26.59462 64.64613 1503.0
15.0 8.0 8.0 108.23411 85.92377 38.71773 78.0
15.0 8.0 15.0 145.1306 26.59462 64.64613 78.0
15.0 10.0 10.0 97.10022 3.936 61.08031 83.0
15.0 10.0 15.0 145.1306 26.59462 64.64613 83.0
15.0 12.0 12.0 179.80325 86.30524 84.72629 33.0
15.0 12.0 15.0 145.1306 26.59462 64.64613 33.0
15.0 15.0 15.0 145.1306 26.59462 64.64613 5201.0
15.0 15.0 15.0 145.1306 26.59462 64.64613 5201.0
15.0 17.0 17.0 122.80049 11.00644 94.58111 890.0
15.0 17.0 15.0 145.1306 26.59462 64.64613 890.0
15.0 18.0 18.0 159.19678 24.83007 93.92573 1042.0
15.0 18.0 15.0 145.1306 26.59462 64.64613 1042.0
15.0 23.0 23.0 173.46261 43.55129 76.92877 742.0
15.0 23.0 15.0 145.1306 26.59462 64.64613 742.0
15.0 25.0 25.0 182.84367 63.93316 100.26492 6.0
15.0 25.0 15.0 145.1306 26.59462 64.64613 6.0
15.0 26.0 26.0 132.10364 45.16338 139.13374 6.0
15.0 26.0 15.0 145.1306 26.59462 64.64613 6.0
15.0 29.0 29.0 122.68242 20.58728 121.18589 53.0
15.0 29.0 15.0 145.1306 26.59462 64.64613 53.0
15.0 31.0 31.0 121.63056 38.9991 36.0753 1357.0
15.0 31.0 15.0 145.1306 26.59462 64.64613 1357.0
15.0 32.0 32.0 156.99938 88.98485 57.96747 374.0
15.0 32.0 15.0 145.1306 26.59462 64.64613 374.0
15.0 37.0 37.0 80.28998 11.07055 113.84569 2.0
15.0 37.0 15.0 145.1306 26.59462 64.64613 2.0
15.0 40.0 40.0 83.25882 23.54538 42.39663 2.0
15.0 40.0 15.0 145.1306 26.59462 64.64613 2.0
15.0 47.0 47.0 164.17685 62.76751 126.14054 10.0
15.0 47.0 15.0 145.1306 26.59462 64.64613 10.0
16.0 0.0 0.0 55.12575 48.8548 141.96712 1421.0
16.0 0.0 16.0 37.1093 39.11498 124.72975 1421.0
16.0 2.0 2.0 27.39479 25.33576 87.7272 748.0
16.0 2.0 16.0 37.1093 39.11498 124.72975 748.0
16.0 3.0 3.0 83.21278 3.83447 88.03608 13.0
16.0 3.0 16.0 37.1093 39.11498 124.72975 13.0
16.0 4.0 4.0 72.11384 108.4047 139.67526 1.0
16.0 4.0 16.0 37.1093 39.11498 124.72975 1.0
16.0 6.0 6.0 5.48783 84.80549 74.44093 3.0
16.0 6.0 16.0 37.1093 39.11498 124.72975 3.0
16.0 11.0 11.0 48.55103 14.10741 56.5164 14.0
16.0 11.0 16.0 37.1093 39.11498 124.72975 14.0
16.0 16.0 16.0 37.1093 39.11498 124.72975 4254.0
16.0 16.0 16.0 37.1093 39.11498 124.72975 4254.0
16.0 22.0 22.0 25.1017 80.07595 119.46729 1192.0
16.0 22.0 16.0 37.1093 39.11498 124.72975 1192.0
16.0 23.0 23.0 173.46261 43.55129 76.92877 1.0
16.0 23.0 16.0 37.1093 39.11498 124.72975 1.0
16.0 26.0 26.0 132.10364 45.16338 139.13374 1.0
16.0 26.0 16.0 37.1093 39.11498 124.72975 1.0
16.0 27.0 27.0 18.71555 45.37561 103.73961 1139.0
16.0 27.0 16.0 37.1093 39.11498 124.72975 1139.0
16.0 28.0 28.0 84.31259 38.94258 143.14297 56.0
16.0 28.0 16.0 37.1093 39.11498 124.72975 56.0
16.0 33.0 33.0 97.17983 49.94469 149.23815 7.0
16.0 33.0 16.0 37.1093 39.11498 124.72975 7.0
16.0 36.0 36.0 51.18774 19.51466 119.72286 1075.0
16.0 36.0 16.0 37.1093 39.11498 124.72975 1075.0
16.0 37.0 37.0 80.28998 11.07055 113.84569 166.0
16.0 37.0 16.0 37.1093 39.11498 124.72975 166.0
16.0 38.0 38.0 88.7186 68.41103 152.61282 20.0
16.0 38.0 16.0 37.1093 39.11498 124.72975 20.0
16.0 42.0 42.0 56.64872 85.22311 144.96688 182.0
16.0 42.0 16.0 37.1093 39.11498 124.72975 182.0
16.0 44.0 44.0 70.24751 22.72932 131.35194 251.0
16.0 44.0 16.0 37.1093 39.11498 124.72975 251.0
17.0 3.0 3.0 83.21278 3.83447 88.03608 1195.0
17.0 3.0 17.0 122.80049 11.00644 94.58111 1195.0
17.0 7.0 7.0 121.67197 13.4584 56.88733 822.0
17.0 7.0 17.0 122.80049 11.00644 94.58111 822.0
17.0 10.0 10.0 97.10022 3.936 61.08031 480.0
17.0 10.0 17.0 122.80049 11.00644 94.58111 480.0
17.0 15.0 15.0 145.1306 26.59462 64.64613 895.0
17.0 15.0 17.0 122.80049 11.00644 94.58111 895.0
17.0 17.0 17.0 122.80049 11.00644 94.58111 5096.0
17.0 17.0 17.0 122.80049 11.00644 94.58111 5096.0
17.0 18.0 18.0 159.19678 24.83007 93.92573 615.0
17.0 18.0 17.0 122.80049 11.00644 94.58111 615.0
17.0 19.0 19.0 66.41168 15.7841 45.39157 3.0
17.0 19.0 17.0 122.80049 11.00644 94.58111 3.0
17.0 23.0 23.0 173.46261 43.55129 76.92877 7.0
17.0 23.0 17.0 122.80049 11.00644 94.58111 7.0
17.0 26.0 26.0 132.10364 45.16338 139.13374 76.0
17.0 26.0 17.0 122.80049 11.00644 94.58111 76.0
17.0 28.0 28.0 84.31259 38.94258 143.14297 9.0
17.0 28.0 17.0 122.80049 11.00644 94.58111 9.0
17.0 29.0 29.0 122.68242 20.58728 121.18589 1545.0
17.0 29.0 17.0 122.80049 11.00644 94.58111 1545.0
17.0 31.0 31.0 121.63056 38.9991 36.0753 6.0
17.0 31.0 17.0 122.80049 11.00644 94.58111 6.0
17.0 33.0 33.0 97.17983 49.94469 149.23815 3.0
17.0 33.0 17.0 122.80049 11.00644 94.58111 3.0
17.0 37.0 37.0 80.28998 11.07055 113.84569 482.0
17.0 37.0 17.0 122.80049 11.00644 94.58111 482.0
17.0 40.0 40.0 83.25882 23.54538 42.39663 3.0
17.0 40.0 17.0 122.80049 11.00644 94.58111 3.0
17.0 44.0 44.0 70.24751 22.72932 131.35194 3.0
17.0 44.0 17.0 122.80049 11.00644 94.58111 3.0
17.0 47.0 47.0 164.17685 62.76751 126.14054 16.0
17.0 47.0 17.0 122.80049 11.00644 94.58111 16.0
18.0 3.0 3.0 83.21278 3.83447 88.03608 2.0
18.0 3.0 18.0 159.19678 24.83007 93.92573 2.0
18.0 7.0 7.0 121.67197 13.4584 56.88733 32.0
18.0 7.0 18.0 159.19678 24.83007 93.92573 32.0
18.0 12.0 12.0 179.80325 86.30524 84.72629 11.0
18.0 12.0 18.0 159.19678 24.83007 93.92573 11.0
18.0 15.0 15.0 145.1306 26.59462 64.64613 1150.0
18.0 15.0 18.0 159.19678 24.83007 93.92573 1150.0
18.0 17.0 17.0 122.80049 11.00644 94.58111 603.0
18.0 17.0 18.0 159.19678 24.83007 93.92573 603.0
18.0 18.0 18.0 159.19678 24.83007 93.92573 3279.0
18.0 18.0 18.0 159.19678 24.83007 93.92573 3279.0
18.0 23.0 23.0 173.46261 43.55129 76.92877 1016.0
18.0 23.0 18.0 159.19678 24.83007 93.92573 1016.0
18.0 25.0 25.0 182.84367 63.93316 100.26492 109.0
18.0 25.0 18.0 159.19678 24.83007 93.92573 109.0
18.0 26.0 26.0 132.10364 45.16338 139.13374 228.0
18.0 26.0 18.0 159.19678 24.83007 93.92573 228.0
18.0 29.0 29.0 122.68242 20.58728 121.18589 566.0
18.0 29.0 18.0 159.19678 24.83007 93.92573 566.0
18.0 31.0 31.0 121.63056 38.9991 36.0753 8.0
18.0 31.0 18.0 159.19678 24.83007 93.92573 8.0
18.0 32.0 32.0 156.99938 88.98485 57.96747 12.0
18.0 32.0 18.0 159.19678 24.83007 93.92573 12.0
18.0 47.0 47.0 164.17685 62.76751 126.14054 631.0
18.0 47.0 18.0 159.19678 24.83007 93.92573 631.0
19.0 1.0 1.0 66.26101 89.27439 7.49635 20.0
19.0 1.0 19.0 66.41168 15.7841 45.39157 20.0
19.0 2.0 2.0 27.39479 25.33576 87.7272 16.0
19.0 2.0 19.0 66.41168 15.7841 45.39157 16.0
19.0 3.0 3.0 83.21278 3.83447 88.03608 442.0
19.0 3.0 19.0 66.41168 15.7841 45.39157 442.0
19.0 7.0 7.0 121.67197 13.4584 56.88733 11.0
19.0 7.0 19.0 66.41168 15.7841 45.39157 11.0
19.0 8.0 8.0 108.23411 85.92377 38.71773 1.0
19.0 8.0 19.0 66.41168 15.7841 45.39157 1.0
19.0 10.0 10.0 97.10022 3.936 61.08031 587.0
19.0 10.0 19.0 66.41168 15.7841 45.39157 587.0
19.0 11.0 11.0 48.55103 14.10741 56.5164 1874.0
19.0 11.0 19.0 66.41168 15.7841 45.39157 1874.0
19.0 13.0 13.0 21.74998 31.18055 56.48241 60.0
19.0 13.0 19.0 66.41168 15.7841 45.39157 60.0
19.0 19.0 19.0 66.41168 15.7841 45.39157 2121.0
19.0 19.0 19.0 66.41168 15.7841 45.39157 2121.0
19.0 20.0 20.0 85.04288 53.69774 22.30178 600.0
19.0 20.0 19.0 66.41168 15.7841 45.39157 600.0
19.0 21.0 21.0 28.29797 78.11128 19.28458 13.0
19.0 21.0 19.0 66.41168 15.7841 45.39157 13.0
19.0 31.0 31.0 121.63056 38.9991 36.0753 26.0
19.0 31.0 19.0 66.41168 15.7841 45.39157 26.0
19.0 37.0 37.0 80.28998 11.07055 113.84569 15.0
19.0 37.0 19.0 66.41168 15.7841 45.39157 15.0
19.0 39.0 39.0 21.83648 50.13146 32.76527 193.0
19.0 39.0 19.0 66.41168 15.7841 45.39157 193.0
19.0 40.0 40.0 83.25882 23.54538 42.39663 1598.0
19.0 40.0 19.0 66.41168 15.7841 45.39157 1598.0
20.0 1.0 1.0 66.26101 89.27439 7.49635 2066.0
20.0 1.0 20.0 85.04288 53.69774 22.30178 2066.0
20.0 7.0 7.0 121.67197 13.4584 56.88733 16.0
20.0 7.0 20.0 85.04288 53.69774 22.30178 16.0
20.0 8.0 8.0 108.23411 85.92377 38.71773 3084.0
20.0 8.0 20.0 85.04288 53.69774 22.30178 3084.0
20.0 10.0 10.0 97.10022 3.936 61.08031 20.0
20.0 10.0 20.0 85.04288 53.69774 22.30178 20.0
20.0 11.0 11.0 48.55103 14.10741 56.5164 240.0
20.0 11.0 20.0 85.04288 53.69774 22.30178 240.0
20.0 12.0 12.0 179.80325 86.30524 84.72629 1.0
20.0 12.0 20.0 85.04288 53.69774 22.30178 1.0
20.0 13.0 13.0 21.74998 31.18055 56.48241 5.0
20.0 13.0 20.0 85.04288 53.69774 22.30178 5.0
20.0 14.0 14.0 128.3402 116.04115 40.30745 5.0
20.0 14.0 20.0 85.04288 53.69774 22.30178 5.0
20.0 15.0 15.0 145.1306 26.59462 64.64613 1.0
20.0 15.0 20.0 85.04288 53.69774 22.30178 1.0
20.0 19.0 19.0 66.41168 15.7841 45.39157 517.0
20.0 19.0 20.0 85.04288 53.69774 22.30178 517.0
20.0 20.0 20.0 85.04288 53.69774 22.30178 12416.0
20.0 20.0 20.0 85.04288 53.69774 22.30178 12416.0
20.0 21.0 21.0 28.29797 78.11128 19.28458 245.0
20.0 21.0 20.0 85.04288 53.69774 22.30178 245.0
20.0 31.0 31.0 121.63056 38.9991 36.0753 2048.0
20.0 31.0 20.0 85.04288 53.69774 22.30178 2048.0
20.0 32.0 32.0 156.99938 88.98485 57.96747 6.0
20.0 32.0 20.0 85.04288 53.69774 22.30178 6.0
20.0 39.0 39.0 21.83648 50.13146 32.76527 506.0
20.0 39.0 20.0 85.04288 53.69774 22.30178 506.0
20.0 40.0 40.0 83.25882 23.54538 42.39663 1681.0
20.0 40.0 20.0 85.04288 53.69774 22.30178 1681.0
20.0 45.0 45.0 35.05436 116.364 28.62574 1.0
20.0 45.0 20.0 85.04288 53.69774 22.30178 1.0
21.0 1.0 1.0 66.26101 89.27439 7.49635 1465.0
21.0 1.0 21.0 28.29797 78.11128 19.28458 1465.0
21.0 5.0 5.0 36.16587 130.04168 82.24746 13.0
21.0 5.0 21.0 28.29797 78.11128 19.28458 13.0
21.0 6.0 6.0 5.48783 84.80549 74.44093 630.0
21.0 6.0 21.0 28.29797 78.11128 19.28458 630.0
21.0 11.0 11.0 48.55103 14.10741 56.5164 38.0
21.0 11.0 21.0 28.29797 78.11128 19.28458 38.0
21.0 12.0 12.0 179.80325 86.30524 84.72629 1.0
21.0 12.0 21.0 28.29797 78.11128 19.28458 1.0
21.0 13.0 13.0 21.74998 31.18055 56.48241 10.0
21.0 13.0 21.0 28.29797 78.11128 19.28458 10.0
21.0 19.0 19.0 66.41168 15.7841 45.39157 17.0
21.0 19.0 21.0 28.29797 78.11128 19.28458 17.0
21.0 20.0 20.0 85.04288 53.69774 22.30178 267.0
21.0 20.0 21.0 28.29797 78.11128 19.28458 267.0
21.0 21.0 21.0 28.29797 78.11128 19.28458 6337.0
21.0 21.0 21.0 28.29797 78.11128 19.28458 6337.0
21.0 30.0 30.0 88.41083 139.94208 62.76674 1.0
21.0 30.0 21.0 28.29797 78.11128 19.28458 1.0
21.0 39.0 39.0 21.83648 50.13146 32.76527 2212.0
21.0 39.0 21.0 28.29797 78.11128 19.28458 2212.0
21.0 40.0 40.0 83.25882 23.54538 42.39663 4.0
21.0 40.0 21.0 28.29797 78.11128 19.28458 4.0
21.0 45.0 45.0 35.05436 116.364 28.62574 1906.0
21.0 45.0 21.0 28.29797 78.11128 19.28458 1906.0
22.0 0.0 0.0 55.12575 48.8548 141.96712 650.0
22.0 0.0 22.0 25.1017 80.07595 119.46729 650.0
22.0 2.0 2.0 27.39479 25.33576 87.7272 69.0
22.0 2.0 22.0 25.1017 80.07595 119.46729 69.0
22.0 4.0 4.0 72.11384 108.4047 139.67526 463.0
22.0 4.0 22.0 25.1017 80.07595 119.46729 463.0
22.0 5.0 5.0 36.16587 130.04168 82.24746 1182.0
22.0 5.0 22.0 25.1017 80.07595 119.46729 1182.0
22.0 6.0 6.0 5.48783 84.80549 74.44093 1834.0
22.0 6.0 22.0 25.1017 80.07595 119.46729 1834.0
22.0 13.0 13.0 21.74998 31.18055 56.48241 2.0
22.0 13.0 22.0 25.1017 80.07595 119.46729 2.0
22.0 16.0 16.0 37.1093 39.11498 124.72975 1241.0
22.0 16.0 22.0 25.1017 80.07595 119.46729 1241.0
22.0 22.0 22.0 25.1017 80.07595 119.46729 13872.0
22.0 22.0 22.0 25.1017 80.07595 119.46729 13872.0
22.0 27.0 27.0 18.71555 45.37561 103.73961 1278.0
22.0 27.0 22.0 25.1017 80.07595 119.46729 1278.0
22.0 28.0 28.0 84.31259 38.94258 143.14297 19.0
22.0 28.0 22.0 25.1017 80.07595 119.46729 19.0
22.0 33.0 33.0 97.17983 49.94469 149.23815 1.0
22.0 33.0 22.0 25.1017 80.07595 119.46729 1.0
22.0 36.0 36.0 51.18774 19.51466 119.72286 15.0
22.0 36.0 22.0 25.1017 80.07595 119.46729 15.0
22.0 37.0 37.0 80.28998 11.07055 113.84569 1.0
22.0 37.0 22.0 25.1017 80.07595 119.46729 1.0
22.0 38.0 38.0 88.7186 68.41103 152.61282 26.0
22.0 38.0 22.0 25.1017 80.07595 119.46729 26.0
22.0 41.0 41.0 59.84748 126.05869 122.51185 768.0
22.0 41.0 22.0 25.1017 80.07595 119.46729 768.0
22.0 42.0 42.0 56.64872 85.22311 144.96688 1674.0
22.0 42.0 22.0 25.1017 80.07595 119.46729 1674.0
22.0 44.0 44.0 70.24751 22.72932 131.35194 2.0
22.0 44.0 22.0 25.1017 80.07595 119.46729 2.0
23.0 7.0 7.0 121.67197 13.4584 56.88733 11.0
23.0 7.0 23.0 173.46261 43.55129 76.92877 11.0
23.0 8.0 8.0 108.23411 85.92377 38.71773 5.0
23.0 8.0 23.0 173.46261 43.55129 76.92877 5.0
23.0 12.0 12.0 179.80325 86.30524 84.72629 605.0
23.0 12.0 23.0 173.46261 43.55129 76.92877 605.0
23.0 15.0 15.0 145.1306 26.59462 64.64613 790.0
23.0 15.0 23.0 173.46261 43.55129 76.92877 790.0
23.0 17.0 17.0 122.80049 11.00644 94.58111 5.0
23.0 17.0 23.0 173.46261 43.55129 76.92877 5.0
23.0 18.0 18.0 159.19678 24.83007 93.92573 1039.0
23.0 18.0 23.0 173.46261 43.55129 76.92877 1039.0
23.0 23.0 23.0 173.46261 43.55129 76.92877 3402.0
23.0 23.0 23.0 173.46261 43.55129 76.92877 3402.0
23.0 25.0 25.0 182.84367 63.93316 100.26492 789.0
23.0 25.0 23.0 173.46261 43.55129 76.92877 789.0
23.0 26.0 26.0 132.10364 45.16338 139.13374 11.0
23.0 26.0 23.0 173.46261 43.55129 76.92877 11.0
23.0 29.0 29.0 122.68242 20.58728 121.18589 9.0
23.0 29.0 23.0 173.46261 43.55129 76.92877 9.0
23.0 31.0 31.0 121.63056 38.9991 36.0753 113.0
23.0 31.0 23.0 173.46261 43.55129 76.92877 113.0
23.0 32.0 32.0 156.99938 88.98485 57.96747 519.0
23.0 32.0 23.0 173.46261 43.55129 76.92877 519.0
23.0 37.0 37.0 80.28998 11.07055 113.84569 1.0
23.0 37.0 23.0 173.46261 43.55129 76.92877 1.0
23.0 47.0 47.0 164.17685 62.76751 126.14054 339.0
23.0 47.0 23.0 173.46261 43.55129 76.92877 339.0
24.0 0.0 0.0 55.12575 48.8548 141.96712 13.0
24.0 0.0 24.0 107.89328 87.21075 149.14545 13.0
24.0 4.0 4.0 72.11384 108.4047 139.67526 1506.0
24.0 4.0 24.0 107.89328 87.21075 149.14545 1506.0
24.0 9.0 9.0 78.6088 139.92153 102.65896 26.0
24.0 9.0 24.0 107.89328 87.21075 149.14545 26.0
24.0 22.0 22.0 25.1017 80.07595 119.46729 1.0
24.0 22.0 24.0 107.89328 87.21075 149.14545 1.0
24.0 24.0 24.0 107.89328 87.21075 149.14545 9068.0
24.0 24.0 24.0 107.89328 87.21075 149.14545 9068.0
24.0 26.0 26.0 132.10364 45.16338 139.13374 951.0
24.0 26.0 24.0 107.89328 87.21075 149.14545 951.0
24.0 28.0 28.0 84.31259 38.94258 143.14297 40.0
24.0 28.0 24.0 107.89328 87.21075 149.14545 40.0
24.0 30.0 30.0 88.41083 139.94208 62.76674 1.0
24.0 30.0 24.0 107.89328 87.21075 149.14545 1.0
24.0 33.0 33.0 97.17983 49.94469 149.23815 470.0
24.0 33.0 24.0 107.89328 87.21075 149.14545 470.0
24.0 34.0 34.0 127.82599 111.22988 129.59019 2666.0
24.0 34.0 24.0 107.89328 87.21075 149.14545 2666.0
24.0 35.0 35.0 147.77209 121.15684 95.63378 3.0
24.0 35.0 24.0 107.89328 87.21075 149.14545 3.0
24.0 38.0 38.0 88.7186 68.41103 152.61282 1942.0
24.0 38.0 24.0 107.89328 87.21075 149.14545 1942.0
24.0 41.0 41.0 59.84748 126.05869 122.51185 75.0
24.0 41.0 24.0 107.89328 87.21075 149.14545 75.0
24.0 42.0 42.0 56.64872 85.22311 144.96688 503.0
24.0 42.0 24.0 107.89328 87.21075 149.14545 503.0
24.0 43.0 43.0 101.71626 137.72116 99.16384 9.0
24.0 43.0 24.0 107.89328 87.21075 149.14545 9.0
24.0 44.0 44.0 70.24751 22.72932 131.35194 1.0
24.0 44.0 24.0 107.89328 87.21075 149.14545 1.0
24.0 47.0 47.0 164.17685 62.76751 126.14054 212.0
24.0 47.0 24.0 107.89328 87.21075 149.14545 212.0
25.0 7.0 7.0 121.67197 13.4584 56.88733 1.0
25.0 7.0 25.0 182.84367 63.93316 100.26492 1.0
25.0 12.0 12.0 179.80325 86.30524 84.72629 1231.0
25.0 12.0 25.0 182.84367 63.93316 100.26492 1231.0
25.0 15.0 15.0 145.1306 26.59462 64.64613 7.0
25.0 15.0 25.0 182.84367 63.93316 100.26492 7.0
25.0 18.0 18.0 159.19678 24.83007 93.92573 119.0
25.0 18.0 25.0 182.84367 63.93316 100.26492 119.0
25.0 23.0 23.0 173.46261 43.55129 76.92877 762.0
25.0 23.0 25.0 182.84367 63.93316 100.26492 762.0
25.0 25.0 25.0 182.84367 63.93316 100.26492 2257.0
25.0 25.0 25.0 182.84367 63.93316 100.26492 2257.0
25.0 26.0 26.0 132.10364 45.16338 139.13374 5.0
25.0 26.0 25.0 182.84367 63.93316 100.26492 5.0
25.0 29.0 29.0 122.68242 20.58728 121.18589 1.0
25.0 29.0 25.0 182.84367 63.93316 100.26492 1.0
25.0 32.0 32.0 156.99938 88.98485 57.96747 44.0
25.0 32.0 25.0 182.84367 63.93316 100.26492 44.0
25.0 34.0 34.0 127.82599 111.22988 129.59019 26.0
25.0 34.0 25.0 182.84367 63.93316 100.26492 26.0
25.0 35.0 35.0 147.77209 121.15684 95.63378 78.0
25.0 35.0 25.0 182.84367 63.93316 100.26492 78.0
25.0 47.0 47.0 164.17685 62.76751 126.14054 1234.0
25.0 47.0 25.0 182.84367 63.93316 100.26492 1234.0
26.0 0.0 0.0 55.12575 48.8548 141.96712 2.0
26.0 0.0 26.0 132.10364 45.16338 139.13374 2.0
26.0 3.0 3.0 83.21278 3.83447 88.03608 2.0
26.0 3.0 26.0 132.10364 45.16338 139.13374 2.0
26.0 17.0 17.0 122.80049 11.00644 94.58111 98.0
26.0 17.0 26.0 132.10364 45.16338 139.13374 98.0
26.0 18.0 18.0 159.19678 24.83007 93.92573 250.0
26.0 18.0 26.0 132.10364 45.16338 139.13374 250.0
26.0 23.0 23.0 173.46261 43.55129 76.92877 9.0
26.0 23.0 26.0 132.10364 45.16338 139.13374 9.0
26.0 24.0 24.0 107.89328 87.21075 149.14545 969.0
26.0 24.0 26.0 132.10364 45.16338 139.13374 969.0
26.0 25.0 25.0 182.84367 63.93316 100.26492 5.0
26.0 25.0 26.0 132.10364 45.16338 139.13374 5.0
26.0 26.0 26.0 132.10364 45.16338 139.13374 8189.0
26.0 26.0 26.0 132.10364 45.16338 139.13374 8189.0
26.0 28.0 28.0 84.31259 38.94258 143.14297 430.0
26.0 28.0 26.0 132.10364 45.16338 139.13374 430.0
26.0 29.0 29.0 122.68242 20.58728 121.18589 1894.0
26.0 29.0 26.0 132.10364 45.16338 139.13374 1894.0
26.0 33.0 33.0 97.17983 49.94469 149.23815 1094.0
26.0 33.0 26.0 132.10364 45.16338 139.13374 1094.0
26.0 34.0 34.0 127.82599 111.22988 129.59019 311.0
26.0 34.0 26.0 132.10364 45.16338 139.13374 311.0
26.0 35.0 35.0 147.77209 121.15684 95.63378 1.0
26.0 35.0 26.0 132.10364 45.16338 139.13374 1.0
26.0 37.0 37.0 80.28998 11.07055 113.84569 115.0
26.0 37.0 26.0 132.10364 45.16338 139.13374 115.0
26.0 38.0 38.0 88.7186 68.41103 152.61282 386.0
26.0 38.0 26.0 132.10364 45.16338 139.13374 386.0
26.0 44.0 44.0 70.24751 22.72932 131.35194 13.0
26.0 44.0 26.0 132.10364 45.16338 139.13374 13.0
26.0 47.0 47.0 164.17685 62.76751 126.14054 1759.0
26.0 47.0 26.0 132.10364 45.16338 139.13374 1759.0
27.0 0.0 0.0 55.12575 48.8548 141.96712 48.0
27.0 0.0 27.0 18.71555 45.37561 103.73961 48.0
27.0 2.0 2.0 27.39479 25.33576 87.7272 1616.0
27.0 2.0 27.0 18.71555 45.37561 103.73961 1616.0
27.0 5.0 5.0 36.16587 130.04168 82.24746 1.0
27.0 5.0 27.0 18.71555 45.37561 103.73961 1.0
27.0 6.0 6.0 5.48783 84.80549 74.44093 785.0
27.0 6.0 27.0 18.71555 45.37561 103.73961 785.0
27.0 11.0 11.0 48.55103 14.10741 56.5164 15.0
27.0 11.0 27.0 18.71555 45.37561 103.73961 15.0
27.0 13.0 13.0 21.74998 31.18055 56.48241 116.0
27.0 13.0 27.0 18.71555 45.37561 103.73961 116.0
27.0 16.0 16.0 37.1093 39.11498 124.72975 1249.0
27.0 16.0 27.0 18.71555 45.37561 103.73961 1249.0
27.0 22.0 22.0 25.1017 80.07595 119.46729 1325.0
27.0 22.0 27.0 18.71555 45.37561 103.73961 1325.0
27.0 27.0 27.0 18.71555 45.37561 103.73961 3352.0
27.0 27.0 27.0 18.71555 45.37561 103.73961 3352.0
27.0 36.0 36.0 51.18774 19.51466 119.72286 103.0
27.0 36.0 27.0 18.71555 45.37561 103.73961 103.0
27.0 37.0 37.0 80.28998 11.07055 113.84569 9.0
27.0 37.0 27.0 18.71555 45.37561 103.73961 9.0
27.0 39.0 39.0 21.83648 50.13146 32.76527 18.0
27.0 39.0 27.0 18.71555 45.37561 103.73961 18.0
27.0 42.0 42.0 56.64872 85.22311 144.96688 1.0
27.0 42.0 27.0 18.71555 45.37561 103.73961 1.0
27.0 44.0 44.0 70.24751 22.72932 131.35194 7.0
27.0 44.0 27.0 18.71555 45.37561 103.73961 7.0
28.0 0.0 0.0 55.12575 48.8548 141.96712 1068.0
28.0 0.0 28.0 84.31259 38.94258 143.14297 1068.0
28.0 3.0 3.0 83.21278 3.83447 88.03608 8.0
28.0 3.0 28.0 84.31259 38.94258 143.14297 8.0
28.0 4.0 4.0 72.11384 108.4047 139.67526 3.0
28.0 4.0 28.0 84.31259 38.94258 143.14297 3.0
28.0 16.0 16.0 37.1093 39.11498 124.72975 45.0
28.0 16.0 28.0 84.31259 38.94258 143.14297 45.0
28.0 17.0 17.0 122.80049 11.00644 94.58111 10.0
28.0 17.0 28.0 84.31259 38.94258 143.14297 10.0
28.0 22.0 22.0 25.1017 80.07595 119.46729 10.0
28.0 22.0 28.0 84.31259 38.94258 143.14297 10.0
28.0 24.0 24.0 107.89328 87.21075 149.14545 42.0
28.0 24.0 28.0 84.31259 38.94258 143.14297 42.0
28.0 26.0 26.0 132.10364 45.16338 139.13374 409.0
28.0 26.0 28.0 84.31259 38.94258 143.14297 409.0
28.0 28.0 28.0 84.31259 38.94258 143.14297 3212.0
28.0 28.0 28.0 84.31259 38.94258 143.14297 3212.0
28.0 29.0 29.0 122.68242 20.58728 121.18589 491.0
28.0 29.0 28.0 84.31259 38.94258 143.14297 491.0
28.0 33.0 33.0 97.17983 49.94469 149.23815 1610.0
28.0 33.0 28.0 84.31259 38.94258 143.14297 1610.0
28.0 36.0 36.0 51.18774 19.51466 119.72286 86.0
28.0 36.0 28.0 84.31259 38.94258 143.14297 86.0
28.0 37.0 37.0 80.28998 11.07055 113.84569 738.0
28.0 37.0 28.0 84.31259 38.94258 143.14297 738.0
28.0 38.0 38.0 88.7186 68.41103 152.61282 593.0
28.0 38.0 28.0 84.31259 38.94258 143.14297 593.0
28.0 42.0 42.0 56.64872 85.22311 144.96688 192.0
28.0 42.0 28.0 84.31259 38.94258 143.14297 192.0
28.0 44.0 44.0 70.24751 22.72932 131.35194 905.0
28.0 44.0 28.0 84.31259 38.94258 143.14297 905.0
29.0 0.0 0.0 55.12575 48.8548 141.96712 2.0
29.0 0.0 29.0 122.68242 20.58728 121.18589 2.0
29.0 3.0 3.0 83.21278 3.83447 88.03608 205.0
29.0 3.0 29.0 122.68242 20.58728 121.18589 205.0
29.0 7.0 7.0 121.67197 13.4584 56.88733 7.0
29.0 7.0 29.0 122.68242 20.58728 121.18589 7.0
29.0 10.0 10.0 97.10022 3.936 61.08031 2.0
29.0 10.0 29.0 122.68242 20.58728 121.18589 2.0
29.0 15.0 15.0 145.1306 26.59462 64.64613 64.0
29.0 15.0 29.0 122.68242 20.58728 121.18589 64.0
29.0 17.0 17.0 122.80049 11.00644 94.58111 1599.0
29.0 17.0 29.0 122.68242 20.58728 121.18589 1599.0
29.0 18.0 18.0 159.19678 24.83007 93.92573 544.0
29.0 18.0 29.0 122.68242 20.58728 121.18589 544.0
29.0 23.0 23.0 173.46261 43.55129 76.92877 16.0
29.0 23.0 29.0 122.68242 20.58728 121.18589 16.0
29.0 24.0 24.0 107.89328 87.21075 149.14545 3.0
29.0 24.0 29.0 122.68242 20.58728 121.18589 3.0
29.0 25.0 25.0 182.84367 63.93316 100.26492 2.0
29.0 25.0 29.0 122.68242 20.58728 121.18589 2.0
29.0 26.0 26.0 132.10364 45.16338 139.13374 1824.0
29.0 26.0 29.0 122.68242 20.58728 121.18589 1824.0
29.0 28.0 28.0 84.31259 38.94258 143.14297 474.0
29.0 28.0 29.0 122.68242 20.58728 121.18589 474.0
29.0 29.0 29.0 122.68242 20.58728 121.18589 4830.0
29.0 29.0 29.0 122.68242 20.58728 121.18589 4830.0
29.0 33.0 33.0 97.17983 49.94469 149.23815 182.0
29.0 33.0 29.0 122.68242 20.58728 121.18589 182.0
29.0 36.0 36.0 51.18774 19.51466 119.72286 1.0
29.0 36.0 29.0 122.68242 20.58728 121.18589 1.0
29.0 37.0 37.0 80.28998 11.07055 113.84569 1194.0
29.0 37.0 29.0 122.68242 20.58728 121.18589 1194.0
29.0 38.0 38.0 88.7186 68.41103 152.61282 4.0
29.0 38.0 29.0 122.68242 20.58728 121.18589 4.0
29.0 44.0 44.0 70.24751 22.72932 131.35194 72.0
29.0 44.0 29.0 122.68242 20.58728 121.18589 72.0
29.0 46.0 46.0 114.57386 130.25064 52.77096 1.0
29.0 46.0 29.0 122.68242 20.58728 121.18589 1.0
29.0 47.0 47.0 164.17685 62.76751 126.14054 240.0
29.0 47.0 29.0 122.68242 20.58728 121.18589 240.0
30.0 1.0 1.0 66.26101 89.27439 7.49635 321.0
30.0 1.0 30.0 88.41083 139.94208 62.76674 321.0
30.0 5.0 5.0 36.16587 130.04168 82.24746 1644.0
30.0 5.0 30.0 88.41083 139.94208 62.76674 1644.0
30.0 8.0 8.0 108.23411 85.92377 38.71773 603.0
30.0 8.0 30.0 88.41083 139.94208 62.76674 603.0
30.0 9.0 9.0 78.6088 139.92153 102.65896 1102.0
30.0 9.0 30.0 88.41083 139.94208 62.76674 1102.0
30.0 14.0 14.0 128.3402 116.04115 40.30745 232.0
30.0 14.0 30.0 88.41083 139.94208 62.76674 232.0
30.0 23.0 23.0 173.46261 43.55129 76.92877 1.0
30.0 23.0 30.0 88.41083 139.94208 62.76674 1.0
30.0 30.0 30.0 88.41083 139.94208 62.76674 15025.0
30.0 30.0 30.0 88.41083 139.94208 62.76674 15025.0
30.0 32.0 32.0 156.99938 88.98485 57.96747 4.0
30.0 32.0 30.0 88.41083 139.94208 62.76674 4.0
30.0 34.0 34.0 127.82599 111.22988 129.59019 77.0
30.0 34.0 30.0 88.41083 139.94208 62.76674 77.0
30.0 35.0 35.0 147.77209 121.15684 95.63378 725.0
30.0 35.0 30.0 88.41083 139.94208 62.76674 725.0
30.0 41.0 41.0 59.84748 126.05869 122.51185 20.0
30.0 41.0 30.0 88.41083 139.94208 62.76674 20.0
30.0 43.0 43.0 101.71626 137.72116 99.16384 2222.0
30.0 43.0 30.0 88.41083 139.94208 62.76674 2222.0
30.0 45.0 45.0 35.05436 116.364 28.62574 747.0
30.0 45.0 30.0 88.41083 139.94208 62.76674 747.0
30.0 46.0 46.0 114.57386 130.25064 52.77096 3453.0
30.0 46.0 30.0 88.41083 139.94208 62.76674 3453.0
31.0 1.0 1.0 66.26101 89.27439 7.49635 1.0
31.0 1.0 31.0 121.63056 38.9991 36.0753 1.0
31.0 3.0 3.0 83.21278 3.83447 88.03608 2.0
31.0 3.0 31.0 121.63056 38.9991 36.0753 2.0
31.0 7.0 7.0 121.67197 13.4584 56.88733 1625.0
31.0 7.0 31.0 121.63056 38.9991 36.0753 1625.0
31.0 8.0 8.0 108.23411 85.92377 38.71773 1972.0
31.0 8.0 31.0 121.63056 38.9991 36.0753 1972.0
31.0 10.0 10.0 97.10022 3.936 61.08031 371.0
31.0 10.0 31.0 121.63056 38.9991 36.0753 371.0
31.0 11.0 11.0 48.55103 14.10741 56.5164 3.0
31.0 11.0 31.0 121.63056 38.9991 36.0753 3.0
31.0 12.0 12.0 179.80325 86.30524 84.72629 5.0
31.0 12.0 31.0 121.63056 38.9991 36.0753 5.0
31.0 14.0 14.0 128.3402 116.04115 40.30745 5.0
31.0 14.0 31.0 121.63056 38.9991 36.0753 5.0
31.0 15.0 15.0 145.1306 26.59462 64.64613 1439.0
31.0 15.0 31.0 121.63056 38.9991 36.0753 1439.0
31.0 17.0 17.0 122.80049 11.00644 94.58111 6.0
31.0 17.0 31.0 121.63056 38.9991 36.0753 6.0
31.0 18.0 18.0 159.19678 24.83007 93.92573 7.0
31.0 18.0 31.0 121.63056 38.9991 36.0753 7.0
31.0 19.0 19.0 66.41168 15.7841 45.39157 28.0
31.0 19.0 31.0 121.63056 38.9991 36.0753 28.0
31.0 20.0 20.0 85.04288 53.69774 22.30178 2103.0
31.0 20.0 31.0 121.63056 38.9991 36.0753 2103.0
31.0 23.0 23.0 173.46261 43.55129 76.92877 112.0
31.0 23.0 31.0 121.63056 38.9991 36.0753 112.0
31.0 31.0 31.0 121.63056 38.9991 36.0753 11987.0
31.0 31.0 31.0 121.63056 38.9991 36.0753 11987.0
31.0 32.0 32.0 156.99938 88.98485 57.96747 576.0
31.0 32.0 31.0 121.63056 38.9991 36.0753 576.0
31.0 40.0 40.0 83.25882 23.54538 42.39663 988.0
31.0 40.0 31.0 121.63056 38.9991 36.0753 988.0
31.0 45.0 45.0 35.05436 116.364 28.62574 1.0
31.0 45.0 31.0 121.63056 38.9991 36.0753 1.0
32.0 7.0 7.0 121.67197 13.4584 56.88733 3.0
32.0 7.0 32.0 156.99938 88.98485 57.96747 3.0
32.0 8.0 8.0 108.23411 85.92377 38.71773 1620.0
32.0 8.0 32.0 156.99938 88.98485 57.96747 1620.0
32.0 12.0 12.0 179.80325 86.30524 84.72629 1664.0
32.0 12.0 32.0 156.99938 88.98485 57.96747 1664.0
32.0 14.0 14.0 128.3402 116.04115 40.30745 1439.0
32.0 14.0 32.0 156.99938 88.98485 57.96747 1439.0
32.0 15.0 15.0 145.1306 26.59462 64.64613 386.0
32.0 15.0 32.0 156.99938 88.98485 57.96747 386.0
32.0 18.0 18.0 159.19678 24.83007 93.92573 11.0
32.0 18.0 32.0 156.99938 88.98485 57.96747 11.0
32.0 20.0 20.0 85.04288 53.69774 22.30178 5.0
32.0 20.0 32.0 156.99938 88.98485 57.96747 5.0
32.0 23.0 23.0 173.46261 43.55129 76.92877 454.0
32.0 23.0 32.0 156.99938 88.98485 57.96747 454.0
32.0 25.0 25.0 182.84367 63.93316 100.26492 47.0
32.0 25.0 32.0 156.99938 88.98485 57.96747 47.0
32.0 30.0 30.0 88.41083 139.94208 62.76674 6.0
32.0 30.0 32.0 156.99938 88.98485 57.96747 6.0
32.0 31.0 31.0 121.63056 38.9991 36.0753 591.0
32.0 31.0 32.0 156.99938 88.98485 57.96747 591.0
32.0 32.0 32.0 156.99938 88.98485 57.96747 9515.0
32.0 32.0 32.0 156.99938 88.98485 57.96747 9515.0
32.0 35.0 35.0 147.77209 121.15684 95.63378 941.0
32.0 35.0 32.0 156.99938 88.98485 57.96747 941.0
32.0 46.0 46.0 114.57386 130.25064 52.77096 287.0
32.0 46.0 32.0 156.99938 88.98485 57.96747 287.0
32.0 47.0 47.0 164.17685 62.76751 126.14054 1.0
32.0 47.0 32.0 156.99938 88.98485 57.96747 1.0
33.0 0.0 0.0 55.12575 48.8548 141.96712 232.0
33.0 0.0 33.0 97.17983 49.94469 149.23815 232.0
33.0 4.0 4.0 72.11384 108.4047 139.67526 4.0
33.0 4.0 33.0 97.17983 49.94469 149.23815 4.0
33.0 16.0 16.0 37.1093 39.11498 124.72975 4.0
33.0 16.0 33.0 97.17983 49.94469 149.23815 4.0
33.0 17.0 17.0 122.80049 11.00644 94.58111 4.0
33.0 17.0 33.0 97.17983 49.94469 149.23815 4.0
33.0 22.0 22.0 25.1017 80.07595 119.46729 3.0
33.0 22.0 33.0 97.17983 49.94469 149.23815 3.0
33.0 24.0 24.0 107.89328 87.21075 149.14545 470.0
33.0 24.0 33.0 97.17983 49.94469 149.23815 470.0
33.0 26.0 26.0 132.10364 45.16338 139.13374 1188.0
33.0 26.0 33.0 97.17983 49.94469 149.23815 1188.0
33.0 28.0 28.0 84.31259 38.94258 143.14297 1552.0
33.0 28.0 33.0 97.17983 49.94469 149.23815 1552.0
33.0 29.0 29.0 122.68242 20.58728 121.18589 198.0
33.0 29.0 33.0 97.17983 49.94469 149.23815 198.0
33.0 33.0 33.0 97.17983 49.94469 149.23815 2724.0
33.0 33.0 33.0 97.17983 49.94469 149.23815 2724.0
33.0 34.0 34.0 127.82599 111.22988 129.59019 4.0
33.0 34.0 33.0 97.17983 49.94469 149.23815 4.0
33.0 36.0 36.0 51.18774 19.51466 119.72286 3.0
33.0 36.0 33.0 97.17983 49.94469 149.23815 3.0
33.0 37.0 37.0 80.28998 11.07055 113.84569 86.0
33.0 37.0 33.0 97.17983 49.94469 149.23815 86.0
33.0 38.0 38.0 88.7186 68.41103 152.61282 1599.0
33.0 38.0 33.0 97.17983 49.94469 149.23815 1599.0
33.0 42.0 42.0 56.64872 85.22311 144.96688 129.0
33.0 42.0 33.0 97.17983 49.94469 149.23815 129.0
33.0 44.0 44.0 70.24751 22.72932 131.35194 106.0
33.0 44.0 33.0 97.17983 49.94469 149.23815 106.0
33.0 47.0 47.0 164.17685 62.76751 126.14054 6.0
33.0 47.0 33.0 97.17983 49.94469 149.23815 6.0
34.0 4.0 4.0 72.11384 108.4047 139.67526 932.0
34.0 4.0 34.0 127.82599 111.22988 129.59019 932.0
34.0 5.0 5.0 36.16587 130.04168 82.24746 1.0
34.0 5.0 34.0 127.82599 111.22988 129.59019 1.0
34.0 9.0 9.0 78.6088 139.92153 102.65896 594.0
34.0 9.0 34.0 127.82599 111.22988 129.59019 594.0
34.0 12.0 12.0 179.80325 86.30524 84.72629 86.0
34.0 12.0 34.0 127.82599 111.22988 129.59019 86.0
34.0 14.0 14.0 128.3402 116.04115 40.30745 2.0
34.0 14.0 34.0 127.82599 111.22988 129.59019 2.0
34.0 24.0 24.0 107.89328 87.21075 149.14545 2616.0
34.0 24.0 34.0 127.82599 111.22988 129.59019 2616.0
34.0 25.0 25.0 182.84367 63.93316 100.26492 23.0
34.0 25.0 34.0 127.82599 111.22988 129.59019 23.0
34.0 26.0 26.0 132.10364 45.16338 139.13374 306.0
34.0 26.0 34.0 127.82599 111.22988 129.59019 306.0
34.0 30.0 30.0 88.41083 139.94208 62.76674 82.0
34.0 30.0 34.0 127.82599 111.22988 129.59019 82.0
34.0 32.0 32.0 156.99938 88.98485 57.96747 3.0
34.0 32.0 34.0 127.82599 111.22988 129.59019 3.0
34.0 33.0 33.0 97.17983 49.94469 149.23815 6.0
34.0 33.0 34.0 127.82599 111.22988 129.59019 6.0
34.0 34.0 34.0 127.82599 111.22988 129.59019 17364.0
34.0 34.0 34.0 127.82599 111.22988 129.59019 17364.0
34.0 35.0 35.0 147.77209 121.15684 95.63378 2575.0
34.0 35.0 34.0 127.82599 111.22988 129.59019 2575.0
34.0 38.0 38.0 88.7186 68.41103 152.61282 26.0
34.0 38.0 34.0 127.82599 111.22988 129.59019 26.0
34.0 41.0 41.0 59.84748 126.05869 122.51185 405.0
34.0 41.0 34.0 127.82599 111.22988 129.59019 405.0
34.0 42.0 42.0 56.64872 85.22311 144.96688 5.0
34.0 42.0 34.0 127.82599 111.22988 129.59019 5.0
34.0 43.0 43.0 101.71626 137.72116 99.16384 1451.0
34.0 43.0 34.0 127.82599 111.22988 129.59019 1451.0
34.0 46.0 46.0 114.57386 130.25064 52.77096 14.0
34.0 46.0 34.0 127.82599 111.22988 129.59019 14.0
34.0 47.0 47.0 164.17685 62.76751 126.14054 1201.0
34.0 47.0 34.0 127.82599 111.22988 129.59019 1201.0
35.0 4.0 4.0 72.11384 108.4047 139.67526 1.0
35.0 4.0 35.0 147.77209 121.15684 95.63378 1.0
35.0 8.0 8.0 108.23411 85.92377 38.71773 3.0
35.0 8.0 35.0 147.77209 121.15684 95.63378 3.0
35.0 9.0 9.0 78.6088 139.92153 102.65896 23.0
35.0 9.0 35.0 147.77209 121.15684 95.63378 23.0
35.0 12.0 12.0 179.80325 86.30524 84.72629 1169.0
35.0 12.0 35.0 147.77209 121.15684 95.63378 1169.0
35.0 14.0 14.0 128.3402 116.04115 40.30745 327.0
35.0 14.0 35.0 147.77209 121.15684 95.63378 327.0
35.0 24.0 24.0 107.89328 87.21075 149.14545 3.0
35.0 24.0 35.0 147.77209 121.15684 95.63378 3.0
35.0 25.0 25.0 182.84367 63.93316 100.26492 79.0
35.0 25.0 35.0 147.77209 121.15684 95.63378 79.0
35.0 26.0 26.0 132.10364 45.16338 139.13374 1.0
35.0 26.0 35.0 147.77209 121.15684 95.63378 1.0
35.0 28.0 28.0 84.31259 38.94258 143.14297 1.0
35.0 28.0 35.0 147.77209 121.15684 95.63378 1.0
35.0 30.0 30.0 88.41083 139.94208 62.76674 729.0
35.0 30.0 35.0 147.77209 121.15684 95.63378 729.0
35.0 32.0 32.0 156.99938 88.98485 57.96747 909.0
35.0 32.0 35.0 147.77209 121.15684 95.63378 909.0
35.0 34.0 34.0 127.82599 111.22988 129.59019 2714.0
35.0 34.0 35.0 147.77209 121.15684 95.63378 2714.0
35.0 35.0 35.0 147.77209 121.15684 95.63378 11577.0
35.0 35.0 35.0 147.77209 121.15684 95.63378 11577.0
35.0 43.0 43.0 101.71626 137.72116 99.16384 869.0
35.0 43.0 35.0 147.77209 121.15684 95.63378 869.0
35.0 46.0 46.0 114.57386 130.25064 52.77096 1189.0
35.0 46.0 35.0 147.77209 121.15684 95.63378 1189.0
35.0 47.0 47.0 164.17685 62.76751 126.14054 323.0
35.0 47.0 35.0 147.77209 121.15684 95.63378 323.0
36.0 0.0 0.0 55.12575 48.8548 141.96712 478.0
36.0 0.0 36.0 51.18774 19.51466 119.72286 478.0
36.0 2.0 2.0 27.39479 25.33576 87.7272 505.0
36.0 2.0 36.0 51.18774 19.51466 119.72286 505.0
36.0 3.0 3.0 83.21278 3.83447 88.03608 150.0
36.0 3.0 36.0 51.18774 19.51466 119.72286 150.0
36.0 11.0 11.0 48.55103 14.10741 56.5164 75.0
36.0 11.0 36.0 51.18774 19.51466 119.72286 75.0
36.0 16.0 16.0 37.1093 39.11498 124.72975 989.0
36.0 16.0 36.0 51.18774 19.51466 119.72286 989.0
36.0 22.0 22.0 25.1017 80.07595 119.46729 9.0
36.0 22.0 36.0 51.18774 19.51466 119.72286 9.0
36.0 27.0 27.0 18.71555 45.37561 103.73961 87.0
36.0 27.0 36.0 51.18774 19.51466 119.72286 87.0
36.0 28.0 28.0 84.31259 38.94258 143.14297 91.0
36.0 28.0 36.0 51.18774 19.51466 119.72286 91.0
36.0 33.0 33.0 97.17983 49.94469 149.23815 6.0
36.0 33.0 36.0 51.18774 19.51466 119.72286 6.0
36.0 36.0 36.0 51.18774 19.51466 119.72286 1492.0
36.0 36.0 36.0 51.18774 19.51466 119.72286 1492.0
36.0 37.0 37.0 80.28998 11.07055 113.84569 945.0
36.0 37.0 36.0 51.18774 19.51466 119.72286 945.0
36.0 38.0 38.0 88.7186 68.41103 152.61282 1.0
36.0 38.0 36.0 51.18774 19.51466 119.72286 1.0
36.0 42.0 42.0 56.64872 85.22311 144.96688 3.0
36.0 42.0 36.0 51.18774 19.51466 119.72286 3.0
36.0 44.0 44.0 70.24751 22.72932 131.35194 791.0
36.0 44.0 36.0 51.18774 19.51466 119.72286 791.0
37.0 0.0 0.0 55.12575 48.8548 141.96712 75.0
37.0 0.0 37.0 80.28998 11.07055 113.84569 75.0
37.0 2.0 2.0 27.39479 25.33576 87.7272 370.0
37.0 2.0 37.0 80.28998 11.07055 113.84569 370.0
37.0 3.0 3.0 83.21278 3.83447 88.03608 2531.0
37.0 3.0 37.0 80.28998 11.07055 113.84569 2531.0
37.0 7.0 7.0 121.67197 13.4584 56.88733 6.0
37.0 7.0 37.0 80.28998 11.07055 113.84569 6.0
37.0 10.0 10.0 97.10022 3.936 61.08031 53.0
37.0 10.0 37.0 80.28998 11.07055 113.84569 53.0
37.0 11.0 11.0 48.55103 14.10741 56.5164 269.0
37.0 11.0 37.0 80.28998 11.07055 113.84569 269.0
37.0 13.0 13.0 21.74998 31.18055 56.48241 5.0
37.0 13.0 37.0 80.28998 11.07055 113.84569 5.0
37.0 16.0 16.0 37.1093 39.11498 124.72975 155.0
37.0 16.0 37.0 80.28998 11.07055 113.84569 155.0
37.0 17.0 17.0 122.80049 11.00644 94.58111 517.0
37.0 17.0 37.0 80.28998 11.07055 113.84569 517.0
37.0 18.0 18.0 159.19678 24.83007 93.92573 1.0
37.0 18.0 37.0 80.28998 11.07055 113.84569 1.0
37.0 19.0 19.0 66.41168 15.7841 45.39157 14.0
37.0 19.0 37.0 80.28998 11.07055 113.84569 14.0
37.0 26.0 26.0 132.10364 45.16338 139.13374 124.0
37.0 26.0 37.0 80.28998 11.07055 113.84569 124.0
37.0 27.0 27.0 18.71555 45.37561 103.73961 10.0
37.0 27.0 37.0 80.28998 11.07055 113.84569 10.0
37.0 28.0 28.0 84.31259 38.94258 143.14297 751.0
37.0 28.0 37.0 80.28998 11.07055 113.84569 751.0
37.0 29.0 29.0 122.68242 20.58728 121.18589 1166.0
37.0 29.0 37.0 80.28998 11.07055 113.84569 1166.0
37.0 33.0 33.0 97.17983 49.94469 149.23815 101.0
37.0 33.0 37.0 80.28998 11.07055 113.84569 101.0
37.0 36.0 36.0 51.18774 19.51466 119.72286 895.0
37.0 36.0 37.0 80.28998 11.07055 113.84569 895.0
37.0 37.0 37.0 80.28998 11.07055 113.84569 8057.0
37.0 37.0 37.0 80.28998 11.07055 113.84569 8057.0
37.0 38.0 38.0 88.7186 68.41103 152.61282 1.0
37.0 38.0 37.0 80.28998 11.07055 113.84569 1.0
37.0 40.0 40.0 83.25882 23.54538 42.39663 1.0
37.0 40.0 37.0 80.28998 11.07055 113.84569 1.0
37.0 44.0 44.0 70.24751 22.72932 131.35194 1517.0
37.0 44.0 37.0 80.28998 11.07055 113.84569 1517.0
38.0 0.0 0.0 55.12575 48.8548 141.96712 417.0
38.0 0.0 38.0 88.7186 68.41103 152.61282 417.0
38.0 4.0 4.0 72.11384 108.4047 139.67526 233.0
38.0 4.0 38.0 88.7186 68.41103 152.61282 233.0
38.0 16.0 16.0 37.1093 39.11498 124.72975 14.0
38.0 16.0 38.0 88.7186 68.41103 152.61282 14.0
38.0 22.0 22.0 25.1017 80.07595 119.46729 25.0
38.0 22.0 38.0 88.7186 68.41103 152.61282 25.0
38.0 24.0 24.0 107.89328 87.21075 149.14545 2015.0
38.0 24.0 38.0 88.7186 68.41103 152.61282 2015.0
38.0 26.0 26.0 132.10364 45.16338 139.13374 399.0
38.0 26.0 38.0 88.7186 68.41103 152.61282 399.0
38.0 28.0 28.0 84.31259 38.94258 143.14297 604.0
38.0 28.0 38.0 88.7186 68.41103 152.61282 604.0
38.0 29.0 29.0 122.68242 20.58728 121.18589 5.0
38.0 29.0 38.0 88.7186 68.41103 152.61282 5.0
38.0 33.0 33.0 97.17983 49.94469 149.23815 1539.0
38.0 33.0 38.0 88.7186 68.41103 152.61282 1539.0
38.0 34.0 34.0 127.82599 111.22988 129.59019 29.0
38.0 34.0 38.0 88.7186 68.41103 152.61282 29.0
38.0 36.0 36.0 51.18774 19.51466 119.72286 3.0
38.0 36.0 38.0 88.7186 68.41103 152.61282 3.0
38.0 37.0 37.0 80.28998 11.07055 113.84569 3.0
38.0 37.0 38.0 88.7186 68.41103 152.61282 3.0
38.0 38.0 38.0 88.7186 68.41103 152.61282 3194.0
38.0 38.0 38.0 88.7186 68.41103 152.61282 3194.0
38.0 41.0 41.0 59.84748 126.05869 122.51185 4.0
38.0 41.0 38.0 88.7186 68.41103 152.61282 4.0
38.0 42.0 42.0 56.64872 85.22311 144.96688 1130.0
38.0 42.0 38.0 88.7186 68.41103 152.61282 1130.0
38.0 44.0 44.0 70.24751 22.72932 131.35194 8.0
38.0 44.0 38.0 88.7186 68.41103 152.61282 8.0
38.0 47.0 47.0 164.17685 62.76751 126.14054 4.0
38.0 47.0 38.0 88.7186 68.41103 152.61282 4.0
39.0 1.0 1.0 66.26101 89.27439 7.49635 281.0
39.0 1.0 39.0 21.83648 50.13146 32.76527 281.0
39.0 2.0 2.0 27.39479 25.33576 87.7272 140.0
39.0 2.0 39.0 21.83648 50.13146 32.76527 140.0
39.0 5.0 5.0 36.16587 130.04168 82.24746 1.0
39.0 5.0 39.0 21.83648 50.13146 32.76527 1.0
39.0 6.0 6.0 5.48783 84.80549 74.44093 1359.0
39.0 6.0 39.0 21.83648 50.13146 32.76527 1359.0
39.0 11.0 11.0 48.55103 14.10741 56.5164 871.0
39.0 11.0 39.0 21.83648 50.13146 32.76527 871.0
39.0 13.0 13.0 21.74998 31.18055 56.48241 1789.0
39.0 13.0 39.0 21.83648 50.13146 32.76527 1789.0
39.0 19.0 19.0 66.41168 15.7841 45.39157 221.0
39.0 19.0 39.0 21.83648 50.13146 32.76527 221.0
39.0 20.0 20.0 85.04288 53.69774 22.30178 543.0
39.0 20.0 39.0 21.83648 50.13146 32.76527 543.0
39.0 21.0 21.0 28.29797 78.11128 19.28458 2196.0
39.0 21.0 39.0 21.83648 50.13146 32.76527 2196.0
39.0 22.0 22.0 25.1017 80.07595 119.46729 3.0
39.0 22.0 39.0 21.83648 50.13146 32.76527 3.0
39.0 27.0 27.0 18.71555 45.37561 103.73961 22.0
39.0 27.0 39.0 21.83648 50.13146 32.76527 22.0
39.0 39.0 39.0 21.83648 50.13146 32.76527 9800.0
39.0 39.0 39.0 21.83648 50.13146 32.76527 9800.0
39.0 40.0 40.0 83.25882 23.54538 42.39663 24.0
39.0 40.0 39.0 21.83648 50.13146 32.76527 24.0
39.0 45.0 45.0 35.05436 116.364 28.62574 65.0
39.0 45.0 39.0 21.83648 50.13146 32.76527 65.0
40.0 1.0 1.0 66.26101 89.27439 7.49635 11.0
40.0 1.0 40.0 83.25882 23.54538 42.39663 11.0
40.0 3.0 3.0 83.21278 3.83447 88.03608 136.0
40.0 3.0 40.0 83.25882 23.54538 42.39663 136.0
40.0 7.0 7.0 121.67197 13.4584 56.88733 279.0
40.0 7.0 40.0 83.25882 23.54538 42.39663 279.0
40.0 8.0 8.0 108.23411 85.92377 38.71773 33.0
40.0 8.0 40.0 83.25882 23.54538 42.39663 33.0
40.0 10.0 10.0 97.10022 3.936 61.08031 1209.0
40.0 10.0 40.0 83.25882 23.54538 42.39663 1209.0
40.0 11.0 11.0 48.55103 14.10741 56.5164 457.0
40.0 11.0 40.0 83.25882 23.54538 42.39663 457.0
40.0 13.0 13.0 21.74998 31.18055 56.48241 6.0
40.0 13.0 40.0 83.25882 23.54538 42.39663 6.0
40.0 15.0 15.0 145.1306 26.59462 64.64613 2.0
40.0 15.0 40.0 83.25882 23.54538 42.39663 2.0
40.0 17.0 17.0 122.80049 11.00644 94.58111 2.0
40.0 17.0 40.0 83.25882 23.54538 42.39663 2.0
40.0 19.0 19.0 66.41168 15.7841 45.39157 1450.0
40.0 19.0 40.0 83.25882 23.54538 42.39663 1450.0
40.0 20.0 20.0 85.04288 53.69774 22.30178 1698.0
40.0 20.0 40.0 83.25882 23.54538 42.39663 1698.0
40.0 21.0 21.0 28.29797 78.11128 19.28458 1.0
40.0 21.0 40.0 83.25882 23.54538 42.39663 1.0
40.0 31.0 31.0 121.63056 38.9991 36.0753 1078.0
40.0 31.0 40.0 83.25882 23.54538 42.39663 1078.0
40.0 37.0 37.0 80.28998 11.07055 113.84569 3.0
40.0 37.0 40.0 83.25882 23.54538 42.39663 3.0
40.0 39.0 39.0 21.83648 50.13146 32.76527 28.0
40.0 39.0 40.0 83.25882 23.54538 42.39663 28.0
40.0 40.0 40.0 83.25882 23.54538 42.39663 4527.0
40.0 40.0 40.0 83.25882 23.54538 42.39663 4527.0
41.0 0.0 0.0 55.12575 48.8548 141.96712 1.0
41.0 0.0 41.0 59.84748 126.05869 122.51185 1.0
41.0 4.0 4.0 72.11384 108.4047 139.67526 2793.0
41.0 4.0 41.0 59.84748 126.05869 122.51185 2793.0
41.0 5.0 5.0 36.16587 130.04168 82.24746 2206.0
41.0 5.0 41.0 59.84748 126.05869 122.51185 2206.0
41.0 6.0 6.0 5.48783 84.80549 74.44093 14.0
41.0 6.0 41.0 59.84748 126.05869 122.51185 14.0
41.0 9.0 9.0 78.6088 139.92153 102.65896 2120.0
41.0 9.0 41.0 59.84748 126.05869 122.51185 2120.0
41.0 13.0 13.0 21.74998 31.18055 56.48241 1.0
41.0 13.0 41.0 59.84748 126.05869 122.51185 1.0
41.0 22.0 22.0 25.1017 80.07595 119.46729 667.0
41.0 22.0 41.0 59.84748 126.05869 122.51185 667.0
41.0 24.0 24.0 107.89328 87.21075 149.14545 84.0
41.0 24.0 41.0 59.84748 126.05869 122.51185 84.0
41.0 28.0 28.0 84.31259 38.94258 143.14297 1.0
41.0 28.0 41.0 59.84748 126.05869 122.51185 1.0
41.0 30.0 30.0 88.41083 139.94208 62.76674 18.0
41.0 30.0 41.0 59.84748 126.05869 122.51185 18.0
41.0 34.0 34.0 127.82599 111.22988 129.59019 404.0
41.0 34.0 41.0 59.84748 126.05869 122.51185 404.0
41.0 35.0 35.0 147.77209 121.15684 95.63378 3.0
41.0 35.0 41.0 59.84748 126.05869 122.51185 3.0
41.0 38.0 38.0 88.7186 68.41103 152.61282 3.0
41.0 38.0 41.0 59.84748 126.05869 122.51185 3.0
41.0 41.0 41.0 59.84748 126.05869 122.51185 9225.0
41.0 41.0 41.0 59.84748 126.05869 122.51185 9225.0
41.0 42.0 42.0 56.64872 85.22311 144.96688 384.0
41.0 42.0 41.0 59.84748 126.05869 122.51185 384.0
41.0 43.0 43.0 101.71626 137.72116 99.16384 344.0
41.0 43.0 41.0 59.84748 126.05869 122.51185 344.0
42.0 0.0 0.0 55.12575 48.8548 141.96712 853.0
42.0 0.0 42.0 56.64872 85.22311 144.96688 853.0
42.0 4.0 4.0 72.11384 108.4047 139.67526 2213.0
42.0 4.0 42.0 56.64872 85.22311 144.96688 2213.0
42.0 5.0 5.0 36.16587 130.04168 82.24746 36.0
42.0 5.0 42.0 56.64872 85.22311 144.96688 36.0
42.0 6.0 6.0 5.48783 84.80549 74.44093 1.0
42.0 6.0 42.0 56.64872 85.22311 144.96688 1.0
42.0 16.0 16.0 37.1093 39.11498 124.72975 155.0
42.0 16.0 42.0 56.64872 85.22311 144.96688 155.0
42.0 22.0 22.0 25.1017 80.07595 119.46729 1586.0
42.0 22.0 42.0 56.64872 85.22311 144.96688 1586.0
42.0 24.0 24.0 107.89328 87.21075 149.14545 581.0
42.0 24.0 42.0 56.64872 85.22311 144.96688 581.0
42.0 27.0 27.0 18.71555 45.37561 103.73961 1.0
42.0 27.0 42.0 56.64872 85.22311 144.96688 1.0
42.0 28.0 28.0 84.31259 38.94258 143.14297 213.0
42.0 28.0 42.0 56.64872 85.22311 144.96688 213.0
42.0 33.0 33.0 97.17983 49.94469 149.23815 125.0
42.0 33.0 42.0 56.64872 85.22311 144.96688 125.0
42.0 34.0 34.0 127.82599 111.22988 129.59019 8.0
42.0 34.0 42.0 56.64872 85.22311 144.96688 8.0
42.0 36.0 36.0 51.18774 19.51466 119.72286 1.0
42.0 36.0 42.0 56.64872 85.22311 144.96688 1.0
42.0 38.0 38.0 88.7186 68.41103 152.61282 1134.0
42.0 38.0 42.0 56.64872 85.22311 144.96688 1134.0
42.0 41.0 41.0 59.84748 126.05869 122.51185 369.0
42.0 41.0 42.0 56.64872 85.22311 144.96688 369.0
42.0 42.0 42.0 56.64872 85.22311 144.96688 5801.0
42.0 42.0 42.0 56.64872 85.22311 144.96688 5801.0
42.0 44.0 44.0 70.24751 22.72932 131.35194 3.0
42.0 44.0 42.0 56.64872 85.22311 144.96688 3.0
43.0 4.0 4.0 72.11384 108.4047 139.67526 69.0
43.0 4.0 43.0 101.71626 137.72116 99.16384 69.0
43.0 5.0 5.0 36.16587 130.04168 82.24746 59.0
43.0 5.0 43.0 101.71626 137.72116 99.16384 59.0
43.0 9.0 9.0 78.6088 139.92153 102.65896 2059.0
43.0 9.0 43.0 101.71626 137.72116 99.16384 2059.0
43.0 24.0 24.0 107.89328 87.21075 149.14545 7.0
43.0 24.0 43.0 101.71626 137.72116 99.16384 7.0
43.0 30.0 30.0 88.41083 139.94208 62.76674 2153.0
43.0 30.0 43.0 101.71626 137.72116 99.16384 2153.0
43.0 34.0 34.0 127.82599 111.22988 129.59019 1421.0
43.0 34.0 43.0 101.71626 137.72116 99.16384 1421.0
43.0 35.0 35.0 147.77209 121.15684 95.63378 855.0
43.0 35.0 43.0 101.71626 137.72116 99.16384 855.0
43.0 41.0 41.0 59.84748 126.05869 122.51185 271.0
43.0 41.0 43.0 101.71626 137.72116 99.16384 271.0
43.0 43.0 43.0 101.71626 137.72116 99.16384 4836.0
43.0 43.0 43.0 101.71626 137.72116 99.16384 4836.0
43.0 46.0 46.0 114.57386 130.25064 52.77096 169.0
43.0 46.0 43.0 101.71626 137.72116 99.16384 169.0
44.0 0.0 0.0 55.12575 48.8548 141.96712 638.0
44.0 0.0 44.0 70.24751 22.72932 131.35194 638.0
44.0 2.0 2.0 27.39479 25.33576 87.7272 36.0
44.0 2.0 44.0 70.24751 22.72932 131.35194 36.0
44.0 3.0 3.0 83.21278 3.83447 88.03608 69.0
44.0 3.0 44.0 70.24751 22.72932 131.35194 69.0
44.0 6.0 6.0 5.48783 84.80549 74.44093 1.0
44.0 6.0 44.0 70.24751 22.72932 131.35194 1.0
44.0 11.0 11.0 48.55103 14.10741 56.5164 2.0
44.0 11.0 44.0 70.24751 22.72932 131.35194 2.0
44.0 16.0 16.0 37.1093 39.11498 124.72975 228.0
44.0 16.0 44.0 70.24751 22.72932 131.35194 228.0
44.0 17.0 17.0 122.80049 11.00644 94.58111 3.0
44.0 17.0 44.0 70.24751 22.72932 131.35194 3.0
44.0 22.0 22.0 25.1017 80.07595 119.46729 2.0
44.0 22.0 44.0 70.24751 22.72932 131.35194 2.0
44.0 26.0 26.0 132.10364 45.16338 139.13374 15.0
44.0 26.0 44.0 70.24751 22.72932 131.35194 15.0
44.0 27.0 27.0 18.71555 45.37561 103.73961 3.0
44.0 27.0 44.0 70.24751 22.72932 131.35194 3.0
44.0 28.0 28.0 84.31259 38.94258 143.14297 943.0
44.0 28.0 44.0 70.24751 22.72932 131.35194 943.0
44.0 29.0 29.0 122.68242 20.58728 121.18589 89.0
44.0 29.0 44.0 70.24751 22.72932 131.35194 89.0
44.0 33.0 33.0 97.17983 49.94469 149.23815 105.0
44.0 33.0 44.0 70.24751 22.72932 131.35194 105.0
44.0 36.0 36.0 51.18774 19.51466 119.72286 751.0
44.0 36.0 44.0 70.24751 22.72932 131.35194 751.0
44.0 37.0 37.0 80.28998 11.07055 113.84569 1523.0
44.0 37.0 44.0 70.24751 22.72932 131.35194 1523.0
44.0 38.0 38.0 88.7186 68.41103 152.61282 18.0
44.0 38.0 44.0 70.24751 22.72932 131.35194 18.0
44.0 42.0 42.0 56.64872 85.22311 144.96688 2.0
44.0 42.0 44.0 70.24751 22.72932 131.35194 2.0
44.0 44.0 44.0 70.24751 22.72932 131.35194 1794.0
44.0 44.0 44.0 70.24751 22.72932 131.35194 1794.0
45.0 1.0 1.0 66.26101 89.27439 7.49635 1933.0
45.0 1.0 45.0 35.05436 116.364 28.62574 1933.0
45.0 5.0 5.0 36.16587 130.04168 82.24746 1999.0
45.0 5.0 45.0 35.05436 116.364 28.62574 1999.0
45.0 6.0 6.0 5.48783 84.80549 74.44093 954.0
45.0 6.0 45.0 35.05436 116.364 28.62574 954.0
45.0 8.0 8.0 108.23411 85.92377 38.71773 107.0
45.0 8.0 45.0 35.05436 116.364 28.62574 107.0
45.0 9.0 9.0 78.6088 139.92153 102.65896 4.0
45.0 9.0 45.0 35.05436 116.364 28.62574 4.0
45.0 14.0 14.0 128.3402 116.04115 40.30745 3.0
45.0 14.0 45.0 35.05436 116.364 28.62574 3.0
45.0 20.0 20.0 85.04288 53.69774 22.30178 1.0
45.0 20.0 45.0 35.05436 116.364 28.62574 1.0
45.0 21.0 21.0 28.29797 78.11128 19.28458 1816.0
45.0 21.0 45.0 35.05436 116.364 28.62574 1816.0
45.0 30.0 30.0 88.41083 139.94208 62.76674 812.0
45.0 30.0 45.0 35.05436 116.364 28.62574 812.0
45.0 39.0 39.0 21.83648 50.13146 32.76527 70.0
45.0 39.0 45.0 35.05436 116.364 28.62574 70.0
45.0 45.0 45.0 35.05436 116.364 28.62574 13293.0
45.0 45.0 45.0 35.05436 116.364 28.62574 13293.0
45.0 46.0 46.0 114.57386 130.25064 52.77096 51.0
45.0 46.0 45.0 35.05436 116.364 28.62574 51.0
46.0 1.0 1.0 66.26101 89.27439 7.49635 134.0
46.0 1.0 46.0 114.57386 130.25064 52.77096 134.0
46.0 5.0 5.0 36.16587 130.04168 82.24746 4.0
46.0 5.0 46.0 114.57386 130.25064 52.77096 4.0
46.0 8.0 8.0 108.23411 85.92377 38.71773 1098.0
46.0 8.0 46.0 114.57386 130.25064 52.77096 1098.0
46.0 9.0 9.0 78.6088 139.92153 102.65896 2.0
46.0 9.0 46.0 114.57386 130.25064 52.77096 2.0
46.0 12.0 12.0 179.80325 86.30524 84.72629 4.0
46.0 12.0 46.0 114.57386 130.25064 52.77096 4.0
46.0 14.0 14.0 128.3402 116.04115 40.30745 2829.0
46.0 14.0 46.0 114.57386 130.25064 52.77096 2829.0
46.0 20.0 20.0 85.04288 53.69774 22.30178 1.0
46.0 20.0 46.0 114.57386 130.25064 52.77096 1.0
46.0 30.0 30.0 88.41083 139.94208 62.76674 3425.0
46.0 30.0 46.0 114.57386 130.25064 52.77096 3425.0
46.0 32.0 32.0 156.99938 88.98485 57.96747 283.0
46.0 32.0 46.0 114.57386 130.25064 52.77096 283.0
46.0 34.0 34.0 127.82599 111.22988 129.59019 10.0
46.0 34.0 46.0 114.57386 130.25064 52.77096 10.0
46.0 35.0 35.0 147.77209 121.15684 95.63378 1135.0
46.0 35.0 46.0 114.57386 130.25064 52.77096 1135.0
46.0 43.0 43.0 101.71626 137.72116 99.16384 139.0
46.0 43.0 46.0 114.57386 130.25064 52.77096 139.0
46.0 45.0 45.0 35.05436 116.364 28.62574 33.0
46.0 45.0 46.0 114.57386 130.25064 52.77096 33.0
46.0 46.0 46.0 114.57386 130.25064 52.77096 7065.0
46.0 46.0 46.0 114.57386 130.25064 52.77096 7065.0
47.0 12.0 12.0 179.80325 86.30524 84.72629 414.0
47.0 12.0 47.0 164.17685 62.76751 126.14054 414.0
47.0 15.0 15.0 145.1306 26.59462 64.64613 5.0
47.0 15.0 47.0 164.17685 62.76751 126.14054 5.0
47.0 17.0 17.0 122.80049 11.00644 94.58111 19.0
47.0 17.0 47.0 164.17685 62.76751 126.14054 19.0
47.0 18.0 18.0 159.19678 24.83007 93.92573 648.0
47.0 18.0 47.0 164.17685 62.76751 126.14054 648.0
47.0 23.0 23.0 173.46261 43.55129 76.92877 363.0
47.0 23.0 47.0 164.17685 62.76751 126.14054 363.0
47.0 24.0 24.0 107.89328 87.21075 149.14545 205.0
47.0 24.0 47.0 164.17685 62.76751 126.14054 205.0
47.0 25.0 25.0 182.84367 63.93316 100.26492 1200.0
47.0 25.0 47.0 164.17685 62.76751 126.14054 1200.0
47.0 26.0 26.0 132.10364 45.16338 139.13374 1890.0
47.0 26.0 47.0 164.17685 62.76751 126.14054 1890.0
47.0 29.0 29.0 122.68242 20.58728 121.18589 252.0
47.0 29.0 47.0 164.17685 62.76751 126.14054 252.0
47.0 32.0 32.0 156.99938 88.98485 57.96747 2.0
47.0 32.0 47.0 164.17685 62.76751 126.14054 2.0
47.0 33.0 33.0 97.17983 49.94469 149.23815 5.0
47.0 33.0 47.0 164.17685 62.76751 126.14054 5.0
47.0 34.0 34.0 127.82599 111.22988 129.59019 1252.0
47.0 34.0 47.0 164.17685 62.76751 126.14054 1252.0
47.0 35.0 35.0 147.77209 121.15684 95.63378 368.0
47.0 35.0 47.0 164.17685 62.76751 126.14054 368.0
47.0 37.0 37.0 80.28998 11.07055 113.84569 1.0
47.0 37.0 47.0 164.17685 62.76751 126.14054 1.0
47.0 38.0 38.0 88.7186 68.41103 152.61282 7.0
47.0 38.0 47.0 164.17685 62.76751 126.14054 7.0
47.0 47.0 47.0 164.17685 62.76751 126.14054 8982.0
47.0 47.0 47.0 164.17685 62.76751 126.14054 8982.0
