TargetArea SourceArea Area AvgPosX AvgPosY AvgPosZ SumWeights
0.0 0.0 0.0 55.11273 48.87686 141.96979 3905.0
0.0 0.0 0.0 55.11273 48.87686 141.96979 3905.0
0.0 2.0 2.0 27.40445 25.31603 87.67811 13.0
0.0 2.0 0.0 55.11273 48.87686 141.96979 13.0
0.0 4.0 4.0 72.11933 108.39793 139.67626 14.0
0.0 4.0 0.0 55.11273 48.87686 141.96979 14.0
0.0 5.0 5.0 36.1764 130.0549 82.18582 1.0
0.0 5.0 0.0 55.11273 48.87686 141.96979 1.0
0.0 16.0 16.0 37.10798 39.09522 124.71646 1388.0
0.0 16.0 0.0 55.11273 48.87686 141.96979 1388.0
0.0 22.0 22.0 25.09094 80.04905 119.45798 558.0
0.0 22.0 0.0 55.11273 48.87686 141.96979 558.0
0.0 24.0 24.0 107.88485 87.18824 149.15506 8.0
0.0 24.0 0.0 55.11273 48.87686 141.96979 8.0
0.0 27.0 27.0 18.72222 45.35464 103.73426 19.0
0.0 27.0 0.0 55.11273 48.87686 141.96979 19.0
0.0 28.0 28.0 84.3409 38.92736 143.13787 1138.0
0.0 28.0 0.0 55.11273 48.87686 141.96979 1138.0
0.0 29.0 29.0 122.7329 20.59345 121.16898 1.0
0.0 29.0 0.0 55.11273 48.87686 141.96979 1.0
0.0 33.0 33.0 97.18482 49.97091 149.24486 296.0
0.0 33.0 0.0 55.11273 48.87686 141.96979 296.0
0.0 36.0 36.0 51.17318 19.51792 119.7217 463.0
0.0 36.0 0.0 55.11273 48.87686 141.96979 463.0
0.0 37.0 37.0 80.27069 11.05187 113.79883 89.0
0.0 37.0 0.0 55.11273 48.87686 141.96979 89.0
0.0 38.0 38.0 88.72285 68.40944 152.61439 418.0
0.0 38.0 0.0 55.11273 48.87686 141.96979 418.0
0.0 41.0 41.0 59.86757 126.07249 122.4923 4.0
0.0 41.0 0.0 55.11273 48.87686 141.96979 4.0
0.0 42.0 42.0 56.64094 85.24051 144.9593 937.0
0.0 42.0 0.0 55.11273 48.87686 141.96979 937.0
0.0 44.0 44.0 70.24108 22.71985 131.34381 638.0
0.0 44.0 0.0 55.11273 48.87686 141.96979 638.0
1.0 1.0 1.0 66.23231 89.26688 7.47568 11358.0
1.0 1.0 1.0 66.23231 89.26688 7.47568 11358.0
1.0 5.0 5.0 36.1764 130.0549 82.18582 25.0
1.0 5.0 1.0 66.23231 89.26688 7.47568 25.0
1.0 6.0 6.0 5.47951 84.75891 74.42838 1.0
1.0 6.0 1.0 66.23231 89.26688 7.47568 1.0
1.0 8.0 8.0 108.19409 85.93129 38.71087 1664.0
1.0 8.0 1.0 66.23231 89.26688 7.47568 1664.0
1.0 11.0 11.0 48.53465 14.09541 56.5576 21.0
1.0 11.0 1.0 66.23231 89.26688 7.47568 21.0
1.0 14.0 14.0 128.33708 116.03124 40.29671 53.0
1.0 14.0 1.0 66.23231 89.26688 7.47568 53.0
1.0 19.0 19.0 66.4015 15.78947 45.39552 27.0
1.0 19.0 1.0 66.23231 89.26688 7.47568 27.0
1.0 20.0 20.0 85.06188 53.69844 22.3139 2213.0
1.0 20.0 1.0 66.23231 89.26688 7.47568 2213.0
1.0 21.0 21.0 28.2984 78.10727 19.28124 1348.0
1.0 21.0 1.0 66.23231 89.26688 7.47568 1348.0
1.0 30.0 30.0 88.40087 139.93714 62.7308 363.0
1.0 30.0 1.0 66.23231 89.26688 7.47568 363.0
1.0 31.0 31.0 121.55612 38.93934 36.03256 2.0
1.0 31.0 1.0 66.23231 89.26688 7.47568 2.0
1.0 39.0 39.0 21.81106 50.13868 32.79539 261.0
1.0 39.0 1.0 66.23231 89.26688 7.47568 261.0
1.0 40.0 40.0 83.24164 23.54039 42.40589 15.0
1.0 40.0 1.0 66.23231 89.26688 7.47568 15.0
1.0 45.0 45.0 35.0798 116.36596 28.5956 1799.0
1.0 45.0 1.0 66.23231 89.26688 7.47568 1799.0
1.0 46.0 46.0 114.49896 130.25678 52.72467 148.0
1.0 46.0 1.0 66.23231 89.26688 7.47568 148.0
2.0 0.0 0.0 55.11273 48.87686 141.96979 11.0
2.0 0.0 2.0 27.40445 25.31603 87.67811 11.0
2.0 2.0 2.0 27.40445 25.31603 87.67811 6703.0
2.0 2.0 2.0 27.40445 25.31603 87.67811 6703.0
2.0 3.0 3.0 83.18547 3.83105 88.01771 355.0
2.0 3.0 2.0 27.40445 25.31603 87.67811 355.0
2.0 6.0 6.0 5.47951 84.75891 74.42838 454.0
2.0 6.0 2.0 27.40445 25.31603 87.67811 454.0
2.0 10.0 10.0 97.07596 3.93252 61.06944 2.0
2.0 10.0 2.0 27.40445 25.31603 87.67811 2.0
2.0 11.0 11.0 48.53465 14.09541 56.5576 1432.0
2.0 11.0 2.0 27.40445 25.31603 87.67811 1432.0
2.0 13.0 13.0 21.77056 31.16731 56.45704 1391.0
2.0 13.0 2.0 27.40445 25.31603 87.67811 1391.0
2.0 16.0 16.0 37.10798 39.09522 124.71646 708.0
2.0 16.0 2.0 27.40445 25.31603 87.67811 708.0
2.0 19.0 19.0 66.4015 15.78947 45.39552 17.0
2.0 19.0 2.0 27.40445 25.31603 87.67811 17.0
2.0 22.0 22.0 25.09094 80.04905 119.45798 82.0
2.0 22.0 2.0 27.40445 25.31603 87.67811 82.0
2.0 27.0 27.0 18.72222 45.35464 103.73426 1625.0
2.0 27.0 2.0 27.40445 25.31603 87.67811 1625.0
2.0 28.0 28.0 84.3409 38.92736 143.13787 1.0
2.0 28.0 2.0 27.40445 25.31603 87.67811 1.0
2.0 36.0 36.0 51.17318 19.51792 119.7217 527.0
2.0 36.0 2.0 27.40445 25.31603 87.67811 527.0
2.0 37.0 37.0 80.27069 11.05187 113.79883 433.0
2.0 37.0 2.0 27.40445 25.31603 87.67811 433.0
2.0 39.0 39.0 21.81106 50.13868 32.79539 142.0
2.0 39.0 2.0 27.40445 25.31603 87.67811 142.0
2.0 40.0 40.0 83.24164 23.54039 42.40589 2.0
2.0 40.0 2.0 27.40445 25.31603 87.67811 2.0
2.0 44.0 44.0 70.24108 22.71985 131.34381 33.0
2.0 44.0 2.0 27.40445 25.31603 87.67811 33.0
3.0 2.0 2.0 27.40445 25.31603 87.67811 264.0
3.0 2.0 3.0 83.18547 3.83105 88.01771 264.0
3.0 3.0 3.0 83.18547 3.83105 88.01771 7235.0
3.0 3.0 3.0 83.18547 3.83105 88.01771 7235.0
3.0 7.0 7.0 121.67967 13.46424 56.87412 232.0
3.0 7.0 3.0 83.18547 3.83105 88.01771 232.0
3.0 10.0 10.0 97.07596 3.93252 61.06944 1580.0
3.0 10.0 3.0 83.18547 3.83105 88.01771 1580.0
3.0 11.0 11.0 48.53465 14.09541 56.5576 1084.0
3.0 11.0 3.0 83.18547 3.83105 88.01771 1084.0
3.0 13.0 13.0 21.77056 31.16731 56.45704 5.0
3.0 13.0 3.0 83.18547 3.83105 88.01771 5.0
3.0 15.0 15.0 145.11163 26.56445 64.66462 17.0
3.0 15.0 3.0 83.18547 3.83105 88.01771 17.0
3.0 16.0 16.0 37.10798 39.09522 124.71646 11.0
3.0 16.0 3.0 83.18547 3.83105 88.01771 11.0
3.0 17.0 17.0 122.78589 11.00533 94.62591 1205.0
3.0 17.0 3.0 83.18547 3.83105 88.01771 1205.0
3.0 19.0 19.0 66.4015 15.78947 45.39552 443.0
3.0 19.0 3.0 83.18547 3.83105 88.01771 443.0
3.0 27.0 27.0 18.72222 45.35464 103.73426 2.0
3.0 27.0 3.0 83.18547 3.83105 88.01771 2.0
3.0 28.0 28.0 84.3409 38.92736 143.13787 2.0
3.0 28.0 3.0 83.18547 3.83105 88.01771 2.0
3.0 29.0 29.0 122.7329 20.59345 121.16898 205.0
3.0 29.0 3.0 83.18547 3.83105 88.01771 205.0
3.0 31.0 31.0 121.55612 38.93934 36.03256 3.0
3.0 31.0 3.0 83.18547 3.83105 88.01771 3.0
3.0 36.0 36.0 51.17318 19.51792 119.7217 149.0
3.0 36.0 3.0 83.18547 3.83105 88.01771 149.0
3.0 37.0 37.0 80.27069 11.05187 113.79883 2600.0
3.0 37.0 3.0 83.18547 3.83105 88.01771 2600.0
3.0 40.0 40.0 83.24164 23.54039 42.40589 147.0
3.0 40.0 3.0 83.18547 3.83105 88.01771 147.0
3.0 44.0 44.0 70.24108 22.71985 131.34381 59.0
3.0 44.0 3.0 83.18547 3.83105 88.01771 59.0
4.0 0.0 0.0 55.11273 48.87686 141.96979 11.0
4.0 0.0 4.0 72.11933 108.39793 139.67626 11.0
4.0 4.0 4.0 72.11933 108.39793 139.67626 6606.0
4.0 4.0 4.0 72.11933 108.39793 139.67626 6606.0
4.0 5.0 5.0 36.1764 130.0549 82.18582 111.0
4.0 5.0 4.0 72.11933 108.39793 139.67626 111.0
4.0 6.0 6.0 5.47951 84.75891 74.42838 2.0
4.0 6.0 4.0 72.11933 108.39793 139.67626 2.0
4.0 9.0 9.0 78.59379 139.92754 102.61626 287.0
4.0 9.0 4.0 72.11933 108.39793 139.67626 287.0
4.0 16.0 16.0 37.10798 39.09522 124.71646 2.0
4.0 16.0 4.0 72.11933 108.39793 139.67626 2.0
4.0 22.0 22.0 25.09094 80.04905 119.45798 461.0
4.0 22.0 4.0 72.11933 108.39793 139.67626 461.0
4.0 24.0 24.0 107.88485 87.18824 149.15506 1535.0
4.0 24.0 4.0 72.11933 108.39793 139.67626 1535.0
4.0 28.0 28.0 84.3409 38.92736 143.13787 5.0
4.0 28.0 4.0 72.11933 108.39793 139.67626 5.0
4.0 33.0 33.0 97.18482 49.97091 149.24486 5.0
4.0 33.0 4.0 72.11933 108.39793 139.67626 5.0
4.0 34.0 34.0 127.80428 111.23458 129.59577 893.0
4.0 34.0 4.0 72.11933 108.39793 139.67626 893.0
4.0 35.0 35.0 147.79305 121.14615 95.61781 1.0
4.0 35.0 4.0 72.11933 108.39793 139.67626 1.0
4.0 38.0 38.0 88.72285 68.40944 152.61439 229.0
4.0 38.0 4.0 72.11933 108.39793 139.67626 229.0
4.0 41.0 41.0 59.86757 126.07249 122.4923 2730.0
4.0 41.0 4.0 72.11933 108.39793 139.67626 2730.0
4.0 42.0 42.0 56.64094 85.24051 144.9593 2060.0
4.0 42.0 4.0 72.11933 108.39793 139.67626 2060.0
4.0 43.0 43.0 101.6879 137.73304 99.13738 63.0
4.0 43.0 4.0 72.11933 108.39793 139.67626 63.0
4.0 45.0 45.0 35.0798 116.36596 28.5956 1.0
4.0 45.0 4.0 72.11933 108.39793 139.67626 1.0
5.0 1.0 1.0 66.23231 89.26688 7.47568 19.0
5.0 1.0 5.0 36.1764 130.0549 82.18582 19.0
5.0 4.0 4.0 72.11933 108.39793 139.67626 98.0
5.0 4.0 5.0 36.1764 130.0549 82.18582 98.0
5.0 5.0 5.0 36.1764 130.0549 82.18582 21687.0
5.0 5.0 5.0 36.1764 130.0549 82.18582 21687.0
5.0 6.0 6.0 5.47951 84.75891 74.42838 1943.0
5.0 6.0 5.0 36.1764 130.0549 82.18582 1943.0
5.0 8.0 8.0 108.19409 85.93129 38.71087 7.0
5.0 8.0 5.0 36.1764 130.0549 82.18582 7.0
5.0 9.0 9.0 78.59379 139.92754 102.61626 1503.0
5.0 9.0 5.0 36.1764 130.0549 82.18582 1503.0
5.0 21.0 21.0 28.2984 78.10727 19.28124 13.0
5.0 21.0 5.0 36.1764 130.0549 82.18582 13.0
5.0 22.0 22.0 25.09094 80.04905 119.45798 1162.0
5.0 22.0 5.0 36.1764 130.0549 82.18582 1162.0
5.0 30.0 30.0 88.40087 139.93714 62.7308 1749.0
5.0 30.0 5.0 36.1764 130.0549 82.18582 1749.0
5.0 41.0 41.0 59.86757 126.07249 122.4923 2272.0
5.0 41.0 5.0 36.1764 130.0549 82.18582 2272.0
5.0 42.0 42.0 56.64094 85.24051 144.9593 28.0
5.0 42.0 5.0 36.1764 130.0549 82.18582 28.0
5.0 43.0 43.0 101.6879 137.73304 99.13738 86.0
5.0 43.0 5.0 36.1764 130.0549 82.18582 86.0
5.0 45.0 45.0 35.0798 116.36596 28.5956 1995.0
5.0 45.0 5.0 36.1764 130.0549 82.18582 1995.0
5.0 46.0 46.0 114.49896 130.25678 52.72467 14.0
5.0 46.0 5.0 36.1764 130.0549 82.18582 14.0
6.0 2.0 2.0 27.40445 25.31603 87.67811 507.0
6.0 2.0 6.0 5.47951 84.75891 74.42838 507.0
6.0 4.0 4.0 72.11933 108.39793 139.67626 2.0
6.0 4.0 6.0 5.47951 84.75891 74.42838 2.0
6.0 5.0 5.0 36.1764 130.0549 82.18582 2040.0
6.0 5.0 6.0 5.47951 84.75891 74.42838 2040.0
6.0 6.0 6.0 5.47951 84.75891 74.42838 15812.0
6.0 6.0 6.0 5.47951 84.75891 74.42838 15812.0
6.0 11.0 11.0 48.53465 14.09541 56.5576 3.0
6.0 11.0 6.0 5.47951 84.75891 74.42838 3.0
6.0 13.0 13.0 21.77056 31.16731 56.45704 453.0
6.0 13.0 6.0 5.47951 84.75891 74.42838 453.0
6.0 16.0 16.0 37.10798 39.09522 124.71646 8.0
6.0 16.0 6.0 5.47951 84.75891 74.42838 8.0
6.0 21.0 21.0 28.2984 78.10727 19.28124 673.0
6.0 21.0 6.0 5.47951 84.75891 74.42838 673.0
6.0 22.0 22.0 25.09094 80.04905 119.45798 2053.0
6.0 22.0 6.0 5.47951 84.75891 74.42838 2053.0
6.0 27.0 27.0 18.72222 45.35464 103.73426 889.0
6.0 27.0 6.0 5.47951 84.75891 74.42838 889.0
6.0 39.0 39.0 21.81106 50.13868 32.79539 1346.0
6.0 39.0 6.0 5.47951 84.75891 74.42838 1346.0
6.0 41.0 41.0 59.86757 126.07249 122.4923 19.0
6.0 41.0 6.0 5.47951 84.75891 74.42838 19.0
6.0 45.0 45.0 35.0798 116.36596 28.5956 954.0
6.0 45.0 6.0 5.47951 84.75891 74.42838 954.0
7.0 3.0 3.0 83.18547 3.83105 88.01771 204.0
7.0 3.0 7.0 121.67967 13.46424 56.87412 204.0
7.0 7.0 7.0 121.67967 13.46424 56.87412 4138.0
7.0 7.0 7.0 121.67967 13.46424 56.87412 4138.0
7.0 8.0 8.0 108.19409 85.93129 38.71087 6.0
7.0 8.0 7.0 121.67967 13.46424 56.87412 6.0
7.0 10.0 10.0 97.07596 3.93252 61.06944 1439.0
7.0 10.0 7.0 121.67967 13.46424 56.87412 1439.0
7.0 15.0 15.0 145.11163 26.56445 64.66462 1528.0
7.0 15.0 7.0 121.67967 13.46424 56.87412 1528.0
7.0 17.0 17.0 122.78589 11.00533 94.62591 812.0
7.0 17.0 7.0 121.67967 13.46424 56.87412 812.0
7.0 18.0 18.0 159.21345 24.84522 93.91086 42.0
7.0 18.0 7.0 121.67967 13.46424 56.87412 42.0
7.0 19.0 19.0 66.4015 15.78947 45.39552 9.0
7.0 19.0 7.0 121.67967 13.46424 56.87412 9.0
7.0 20.0 20.0 85.06188 53.69844 22.3139 18.0
7.0 20.0 7.0 121.67967 13.46424 56.87412 18.0
7.0 23.0 23.0 173.47829 43.53185 76.97684 18.0
7.0 23.0 7.0 121.67967 13.46424 56.87412 18.0
7.0 29.0 29.0 122.7329 20.59345 121.16898 10.0
7.0 29.0 7.0 121.67967 13.46424 56.87412 10.0
7.0 31.0 31.0 121.55612 38.93934 36.03256 1599.0
7.0 31.0 7.0 121.67967 13.46424 56.87412 1599.0
7.0 32.0 32.0 156.97077 89.02174 57.96107 6.0
7.0 32.0 7.0 121.67967 13.46424 56.87412 6.0
7.0 37.0 37.0 80.27069 11.05187 113.79883 8.0
7.0 37.0 7.0 121.67967 13.46424 56.87412 8.0
7.0 40.0 40.0 83.24164 23.54039 42.40589 294.0
7.0 40.0 7.0 121.67967 13.46424 56.87412 294.0
8.0 1.0 1.0 66.23231 89.26688 7.47568 1436.0
8.0 1.0 8.0 108.19409 85.93129 38.71087 1436.0
8.0 3.0 3.0 83.18547 3.83105 88.01771 1.0
8.0 3.0 8.0 108.19409 85.93129 38.71087 1.0
8.0 4.0 4.0 72.11933 108.39793 139.67626 1.0
8.0 4.0 8.0 108.19409 85.93129 38.71087 1.0
8.0 5.0 5.0 36.1764 130.0549 82.18582 5.0
8.0 5.0 8.0 108.19409 85.93129 38.71087 5.0
8.0 7.0 7.0 121.67967 13.46424 56.87412 8.0
8.0 7.0 8.0 108.19409 85.93129 38.71087 8.0
8.0 8.0 8.0 108.19409 85.93129 38.71087 28800.0
8.0 8.0 8.0 108.19409 85.93129 38.71087 28800.0
8.0 12.0 12.0 179.7924 86.34256 84.73058 4.0
8.0 12.0 8.0 108.19409 85.93129 38.71087 4.0
8.0 14.0 14.0 128.33708 116.03124 40.29671 2609.0
8.0 14.0 8.0 108.19409 85.93129 38.71087 2609.0
8.0 15.0 15.0 145.11163 26.56445 64.66462 45.0
8.0 15.0 8.0 108.19409 85.93129 38.71087 45.0
8.0 19.0 19.0 66.4015 15.78947 45.39552 1.0
8.0 19.0 8.0 108.19409 85.93129 38.71087 1.0
8.0 20.0 20.0 85.06188 53.69844 22.3139 2937.0
8.0 20.0 8.0 108.19409 85.93129 38.71087 2937.0
8.0 23.0 23.0 173.47829 43.53185 76.97684 4.0
8.0 23.0 8.0 108.19409 85.93129 38.71087 4.0
8.0 30.0 30.0 88.40087 139.93714 62.7308 564.0
8.0 30.0 8.0 108.19409 85.93129 38.71087 564.0
8.0 31.0 31.0 121.55612 38.93934 36.03256 1768.0
8.0 31.0 8.0 108.19409 85.93129 38.71087 1768.0
8.0 32.0 32.0 156.97077 89.02174 57.96107 1464.0
8.0 32.0 8.0 108.19409 85.93129 38.71087 1464.0
8.0 35.0 35.0 147.79305 121.14615 95.61781 3.0
8.0 35.0 8.0 108.19409 85.93129 38.71087 3.0
8.0 40.0 40.0 83.24164 23.54039 42.40589 20.0
8.0 40.0 8.0 108.19409 85.93129 38.71087 20.0
8.0 41.0 41.0 59.86757 126.07249 122.4923 1.0
8.0 41.0 8.0 108.19409 85.93129 38.71087 1.0
8.0 45.0 45.0 35.0798 116.36596 28.5956 77.0
8.0 45.0 8.0 108.19409 85.93129 38.71087 77.0
8.0 46.0 46.0 114.49896 130.25678 52.72467 1105.0
8.0 46.0 8.0 108.19409 85.93129 38.71087 1105.0
9.0 4.0 4.0 72.11933 108.39793 139.67626 275.0
9.0 4.0 9.0 78.59379 139.92754 102.61626 275.0
9.0 5.0 5.0 36.1764 130.0549 82.18582 1322.0
9.0 5.0 9.0 78.59379 139.92754 102.61626 1322.0
9.0 9.0 9.0 78.59379 139.92754 102.61626 4927.0
9.0 9.0 9.0 78.59379 139.92754 102.61626 4927.0
9.0 22.0 22.0 25.09094 80.04905 119.45798 1.0
9.0 22.0 9.0 78.59379 139.92754 102.61626 1.0
9.0 24.0 24.0 107.88485 87.18824 149.15506 28.0
9.0 24.0 9.0 78.59379 139.92754 102.61626 28.0
9.0 30.0 30.0 88.40087 139.93714 62.7308 1179.0
9.0 30.0 9.0 78.59379 139.92754 102.61626 1179.0
9.0 34.0 34.0 127.80428 111.23458 129.59577 612.0
9.0 34.0 9.0 78.59379 139.92754 102.61626 612.0
9.0 35.0 35.0 147.79305 121.14615 95.61781 13.0
9.0 35.0 9.0 78.59379 139.92754 102.61626 13.0
9.0 41.0 41.0 59.86757 126.07249 122.4923 2089.0
9.0 41.0 9.0 78.59379 139.92754 102.61626 2089.0
9.0 43.0 43.0 101.6879 137.73304 99.13738 2112.0
9.0 43.0 9.0 78.59379 139.92754 102.61626 2112.0
9.0 45.0 45.0 35.0798 116.36596 28.5956 2.0
9.0 45.0 9.0 78.59379 139.92754 102.61626 2.0
9.0 46.0 46.0 114.49896 130.25678 52.72467 3.0
9.0 46.0 9.0 78.59379 139.92754 102.61626 3.0
10.0 2.0 2.0 27.40445 25.31603 87.67811 1.0
10.0 2.0 10.0 97.07596 3.93252 61.06944 1.0
10.0 3.0 3.0 83.18547 3.83105 88.01771 1533.0
10.0 3.0 10.0 97.07596 3.93252 61.06944 1533.0
10.0 7.0 7.0 121.67967 13.46424 56.87412 1496.0
10.0 7.0 10.0 97.07596 3.93252 61.06944 1496.0
10.0 10.0 10.0 97.07596 3.93252 61.06944 4239.0
10.0 10.0 10.0 97.07596 3.93252 61.06944 4239.0
10.0 11.0 11.0 48.53465 14.09541 56.5576 188.0
10.0 11.0 10.0 97.07596 3.93252 61.06944 188.0
10.0 15.0 15.0 145.11163 26.56445 64.66462 74.0
10.0 15.0 10.0 97.07596 3.93252 61.06944 74.0
10.0 17.0 17.0 122.78589 11.00533 94.62591 467.0
10.0 17.0 10.0 97.07596 3.93252 61.06944 467.0
10.0 18.0 18.0 159.21345 24.84522 93.91086 1.0
10.0 18.0 10.0 97.07596 3.93252 61.06944 1.0
10.0 19.0 19.0 66.4015 15.78947 45.39552 553.0
10.0 19.0 10.0 97.07596 3.93252 61.06944 553.0
10.0 20.0 20.0 85.06188 53.69844 22.3139 40.0
10.0 20.0 10.0 97.07596 3.93252 61.06944 40.0
10.0 29.0 29.0 122.7329 20.59345 121.16898 7.0
10.0 29.0 10.0 97.07596 3.93252 61.06944 7.0
10.0 31.0 31.0 121.55612 38.93934 36.03256 402.0
10.0 31.0 10.0 97.07596 3.93252 61.06944 402.0
10.0 37.0 37.0 80.27069 11.05187 113.79883 35.0
10.0 37.0 10.0 97.07596 3.93252 61.06944 35.0
10.0 40.0 40.0 83.24164 23.54039 42.40589 1269.0
10.0 40.0 10.0 97.07596 3.93252 61.06944 1269.0
11.0 1.0 1.0 66.23231 89.26688 7.47568 22.0
11.0 1.0 11.0 48.53465 14.09541 56.5576 22.0
11.0 2.0 2.0 27.40445 25.31603 87.67811 1406.0
11.0 2.0 11.0 48.53465 14.09541 56.5576 1406.0
11.0 3.0 3.0 83.18547 3.83105 88.01771 1123.0
11.0 3.0 11.0 48.53465 14.09541 56.5576 1123.0
11.0 8.0 8.0 108.19409 85.93129 38.71087 1.0
11.0 8.0 11.0 48.53465 14.09541 56.5576 1.0
11.0 10.0 10.0 97.07596 3.93252 61.06944 214.0
11.0 10.0 11.0 48.53465 14.09541 56.5576 214.0
11.0 11.0 11.0 48.53465 14.09541 56.5576 8190.0
11.0 11.0 11.0 48.53465 14.09541 56.5576 8190.0
11.0 13.0 13.0 21.77056 31.16731 56.45704 1474.0
11.0 13.0 11.0 48.53465 14.09541 56.5576 1474.0
11.0 16.0 16.0 37.10798 39.09522 124.71646 18.0
11.0 16.0 11.0 48.53465 14.09541 56.5576 18.0
11.0 19.0 19.0 66.4015 15.78947 45.39552 2176.0
11.0 19.0 11.0 48.53465 14.09541 56.5576 2176.0
11.0 20.0 20.0 85.06188 53.69844 22.3139 273.0
11.0 20.0 11.0 48.53465 14.09541 56.5576 273.0
11.0 21.0 21.0 28.2984 78.10727 19.28124 30.0
11.0 21.0 11.0 48.53465 14.09541 56.5576 30.0
11.0 27.0 27.0 18.72222 45.35464 103.73426 2.0
11.0 27.0 11.0 48.53465 14.09541 56.5576 2.0
11.0 31.0 31.0 121.55612 38.93934 36.03256 7.0
11.0 31.0 11.0 48.53465 14.09541 56.5576 7.0
11.0 36.0 36.0 51.17318 19.51792 119.7217 65.0
11.0 36.0 11.0 48.53465 14.09541 56.5576 65.0
11.0 37.0 37.0 80.27069 11.05187 113.79883 279.0
11.0 37.0 11.0 48.53465 14.09541 56.5576 279.0
11.0 39.0 39.0 21.81106 50.13868 32.79539 809.0
11.0 39.0 11.0 48.53465 14.09541 56.5576 809.0
11.0 40.0 40.0 83.24164 23.54039 42.40589 561.0
11.0 40.0 11.0 48.53465 14.09541 56.5576 561.0
11.0 44.0 44.0 70.24108 22.71985 131.34381 4.0
11.0 44.0 11.0 48.53465 14.09541 56.5576 4.0
12.0 8.0 8.0 108.19409 85.93129 38.71087 1.0
12.0 8.0 12.0 179.7924 86.34256 84.73058 1.0
12.0 12.0 12.0 179.7924 86.34256 84.73058 5981.0
12.0 12.0 12.0 179.7924 86.34256 84.73058 5981.0
12.0 14.0 14.0 128.33708 116.03124 40.29671 2.0
12.0 14.0 12.0 179.7924 86.34256 84.73058 2.0
12.0 15.0 15.0 145.11163 26.56445 64.66462 29.0
12.0 15.0 12.0 179.7924 86.34256 84.73058 29.0
12.0 18.0 18.0 159.21345 24.84522 93.91086 18.0
12.0 18.0 12.0 179.7924 86.34256 84.73058 18.0
12.0 23.0 23.0 173.47829 43.53185 76.97684 589.0
12.0 23.0 12.0 179.7924 86.34256 84.73058 589.0
12.0 25.0 25.0 182.84214 64.00461 100.28587 1166.0
12.0 25.0 12.0 179.7924 86.34256 84.73058 1166.0
12.0 31.0 31.0 121.55612 38.93934 36.03256 8.0
12.0 31.0 12.0 179.7924 86.34256 84.73058 8.0
12.0 32.0 32.0 156.97077 89.02174 57.96107 1785.0
12.0 32.0 12.0 179.7924 86.34256 84.73058 1785.0
12.0 34.0 34.0 127.80428 111.23458 129.59577 98.0
12.0 34.0 12.0 179.7924 86.34256 84.73058 98.0
12.0 35.0 35.0 147.79305 121.14615 95.61781 1215.0
12.0 35.0 12.0 179.7924 86.34256 84.73058 1215.0
12.0 46.0 46.0 114.49896 130.25678 52.72467 5.0
12.0 46.0 12.0 179.7924 86.34256 84.73058 5.0
12.0 47.0 47.0 164.17948 62.74482 126.13693 406.0
12.0 47.0 12.0 179.7924 86.34256 84.73058 406.0
13.0 1.0 1.0 66.23231 89.26688 7.47568 1.0
13.0 1.0 13.0 21.77056 31.16731 56.45704 1.0
13.0 2.0 2.0 27.40445 25.31603 87.67811 1374.0
13.0 2.0 13.0 21.77056 31.16731 56.45704 1374.0
13.0 3.0 3.0 83.18547 3.83105 88.01771 2.0
13.0 3.0 13.0 21.77056 31.16731 56.45704 2.0
13.0 6.0 6.0 5.47951 84.75891 74.42838 404.0
13.0 6.0 13.0 21.77056 31.16731 56.45704 404.0
13.0 11.0 11.0 48.53465 14.09541 56.5576 1640.0
13.0 11.0 13.0 21.77056 31.16731 56.45704 1640.0
13.0 13.0 13.0 21.77056 31.16731 56.45704 3931.0
13.0 13.0 13.0 21.77056 31.16731 56.45704 3931.0
13.0 19.0 19.0 66.4015 15.78947 45.39552 73.0
13.0 19.0 13.0 21.77056 31.16731 56.45704 73.0
13.0 20.0 20.0 85.06188 53.69844 22.3139 10.0
13.0 20.0 13.0 21.77056 31.16731 56.45704 10.0
13.0 21.0 21.0 28.2984 78.10727 19.28124 12.0
13.0 21.0 13.0 21.77056 31.16731 56.45704 12.0
13.0 22.0 22.0 25.09094 80.04905 119.45798 3.0
13.0 22.0 13.0 21.77056 31.16731 56.45704 3.0
13.0 27.0 27.0 18.72222 45.35464 103.73426 108.0
13.0 27.0 13.0 21.77056 31.16731 56.45704 108.0
13.0 36.0 36.0 51.17318 19.51792 119.7217 1.0
13.0 36.0 13.0 21.77056 31.16731 56.45704 1.0
13.0 37.0 37.0 80.27069 11.05187 113.79883 4.0
13.0 37.0 13.0 21.77056 31.16731 56.45704 4.0
13.0 39.0 39.0 21.81106 50.13868 32.79539 1728.0
13.0 39.0 13.0 21.77056 31.16731 56.45704 1728.0
13.0 40.0 40.0 83.24164 23.54039 42.40589 8.0
13.0 40.0 13.0 21.77056 31.16731 56.45704 8.0
14.0 1.0 1.0 66.23231 89.26688 7.47568 41.0
14.0 1.0 14.0 128.33708 116.03124 40.29671 41.0
14.0 8.0 8.0 108.19409 85.93129 38.71087 2706.0
14.0 8.0 14.0 128.33708 116.03124 40.29671 2706.0
14.0 12.0 12.0 179.7924 86.34256 84.73058 7.0
14.0 12.0 14.0 128.33708 116.03124 40.29671 7.0
14.0 14.0 14.0 128.33708 116.03124 40.29671 7246.0
14.0 14.0 14.0 128.33708 116.03124 40.29671 7246.0
14.0 20.0 20.0 85.06188 53.69844 22.3139 8.0
14.0 20.0 14.0 128.33708 116.03124 40.29671 8.0
14.0 30.0 30.0 88.40087 139.93714 62.7308 216.0
14.0 30.0 14.0 128.33708 116.03124 40.29671 216.0
14.0 31.0 31.0 121.55612 38.93934 36.03256 3.0
14.0 31.0 14.0 128.33708 116.03124 40.29671 3.0
14.0 32.0 32.0 156.97077 89.02174 57.96107 1481.0
14.0 32.0 14.0 128.33708 116.03124 40.29671 1481.0
14.0 35.0 35.0 147.79305 121.14615 95.61781 308.0
14.0 35.0 14.0 128.33708 116.03124 40.29671 308.0
14.0 43.0 43.0 101.6879 137.73304 99.13738 2.0
14.0 43.0 14.0 128.33708 116.03124 40.29671 2.0
14.0 45.0 45.0 35.0798 116.36596 28.5956 1.0
14.0 45.0 14.0 128.33708 116.03124 40.29671 1.0
14.0 46.0 46.0 114.49896 130.25678 52.72467 2799.0
14.0 46.0 14.0 128.33708 116.03124 40.29671 2799.0
15.0 3.0 3.0 83.18547 3.83105 88.01771 18.0
15.0 3.0 15.0 145.11163 26.56445 64.66462 18.0
15.0 7.0 7.0 121.67967 13.46424 56.87412 1500.0
15.0 7.0 15.0 145.11163 26.56445 64.66462 1500.0
15.0 8.0 8.0 108.19409 85.93129 38.71087 81.0
15.0 8.0 15.0 145.11163 26.56445 64.66462 81.0
15.0 10.0 10.0 97.07596 3.93252 61.06944 85.0
15.0 10.0 15.0 145.11163 26.56445 64.66462 85.0
15.0 12.0 12.0 179.7924 86.34256 84.73058 41.0
15.0 12.0 15.0 145.11163 26.56445 64.66462 41.0
15.0 15.0 15.0 145.11163 26.56445 64.66462 5147.0
15.0 15.0 15.0 145.11163 26.56445 64.66462 5147.0
15.0 17.0 17.0 122.78589 11.00533 94.62591 888.0
15.0 17.0 15.0 145.11163 26.56445 64.66462 888.0
15.0 18.0 18.0 159.21345 24.84522 93.91086 1040.0
15.0 18.0 15.0 145.11163 26.56445 64.66462 1040.0
15.0 23.0 23.0 173.47829 43.53185 76.97684 733.0
15.0 23.0 15.0 145.11163 26.56445 64.66462 733.0
15.0 25.0 25.0 182.84214 64.00461 100.28587 6.0
15.0 25.0 15.0 145.11163 26.56445 64.66462 6.0
15.0 26.0 26.0 132.08696 45.13359 139.12487 7.0
15.0 26.0 15.0 145.11163 26.56445 64.66462 7.0
15.0 29.0 29.0 122.7329 20.59345 121.16898 57.0
15.0 29.0 15.0 145.11163 26.56445 64.66462 57.0
15.0 31.0 31.0 121.55612 38.93934 36.03256 1348.0
15.0 31.0 15.0 145.11163 26.56445 64.66462 1348.0
15.0 32.0 32.0 156.97077 89.02174 57.96107 370.0
15.0 32.0 15.0 145.11163 26.56445 64.66462 370.0
15.0 37.0 37.0 80.27069 11.05187 113.79883 2.0
15.0 37.0 15.0 145.11163 26.56445 64.66462 2.0
15.0 40.0 40.0 83.24164 23.54039 42.40589 1.0
15.0 40.0 15.0 145.11163 26.56445 64.66462 1.0
15.0 47.0 47.0 164.17948 62.74482 126.13693 10.0
15.0 47.0 15.0 145.11163 26.56445 64.66462 10.0
16.0 0.0 0.0 55.11273 48.87686 141.96979 1437.0
16.0 0.0 16.0 37.10798 39.09522 124.71646 1437.0
16.0 2.0 2.0 27.40445 25.31603 87.67811 756.0
16.0 2.0 16.0 37.10798 39.09522 124.71646 756.0
16.0 3.0 3.0 83.18547 3.83105 88.01771 14.0
16.0 3.0 16.0 37.10798 39.09522 124.71646 14.0
16.0 4.0 4.0 72.11933 108.39793 139.67626 2.0
16.0 4.0 16.0 37.10798 39.09522 124.71646 2.0
16.0 6.0 6.0 5.47951 84.75891 74.42838 3.0
16.0 6.0 16.0 37.10798 39.09522 124.71646 3.0
16.0 11.0 11.0 48.53465 14.09541 56.5576 15.0
16.0 11.0 16.0 37.10798 39.09522 124.71646 15.0
16.0 16.0 16.0 37.10798 39.09522 124.71646 4243.0
16.0 16.0 16.0 37.10798 39.09522 124.71646 4243.0
16.0 22.0 22.0 25.09094 80.04905 119.45798 1209.0
16.0 22.0 16.0 37.10798 39.09522 124.71646 1209.0
16.0 23.0 23.0 173.47829 43.53185 76.97684 1.0
16.0 23.0 16.0 37.10798 39.09522 124.71646 1.0
16.0 26.0 26.0 132.08696 45.13359 139.12487 1.0
16.0 26.0 16.0 37.10798 39.09522 124.71646 1.0
16.0 27.0 27.0 18.72222 45.35464 103.73426 1133.0
16.0 27.0 16.0 37.10798 39.09522 124.71646 1133.0
16.0 28.0 28.0 84.3409 38.92736 143.13787 54.0
16.0 28.0 16.0 37.10798 39.09522 124.71646 54.0
16.0 33.0 33.0 97.18482 49.97091 149.24486 6.0
16.0 33.0 16.0 37.10798 39.09522 124.71646 6.0
16.0 36.0 36.0 51.17318 19.51792 119.7217 1082.0
16.0 36.0 16.0 37.10798 39.09522 124.71646 1082.0
16.0 37.0 37.0 80.27069 11.05187 113.79883 176.0
16.0 37.0 16.0 37.10798 39.09522 124.71646 176.0
16.0 38.0 38.0 88.72285 68.40944 152.61439 18.0
16.0 38.0 16.0 37.10798 39.09522 124.71646 18.0
16.0 42.0 42.0 56.64094 85.24051 144.9593 183.0
16.0 42.0 16.0 37.10798 39.09522 124.71646 183.0
16.0 44.0 44.0 70.24108 22.71985 131.34381 240.0
16.0 44.0 16.0 37.10798 39.09522 124.71646 240.0
17.0 3.0 3.0 83.18547 3.83105 88.01771 1191.0
17.0 3.0 17.0 122.78589 11.00533 94.62591 1191.0
17.0 7.0 7.0 121.67967 13.46424 56.87412 819.0
17.0 7.0 17.0 122.78589 11.00533 94.62591 819.0
17.0 10.0 10.0 97.07596 3.93252 61.06944 479.0
17.0 10.0 17.0 122.78589 11.00533 94.62591 479.0
17.0 15.0 15.0 145.11163 26.56445 64.66462 899.0
17.0 15.0 17.0 122.78589 11.00533 94.62591 899.0
17.0 17.0 17.0 122.78589 11.00533 94.62591 5106.0
17.0 17.0 17.0 122.78589 11.00533 94.62591 5106.0
17.0 18.0 18.0 159.21345 24.84522 93.91086 595.0
17.0 18.0 17.0 122.78589 11.00533 94.62591 595.0
17.0 19.0 19.0 66.4015 15.78947 45.39552 3.0
17.0 19.0 17.0 122.78589 11.00533 94.62591 3.0
17.0 23.0 23.0 173.47829 43.53185 76.97684 9.0
17.0 23.0 17.0 122.78589 11.00533 94.62591 9.0
17.0 26.0 26.0 132.08696 45.13359 139.12487 83.0
17.0 26.0 17.0 122.78589 11.00533 94.62591 83.0
17.0 28.0 28.0 84.3409 38.92736 143.13787 10.0
17.0 28.0 17.0 122.78589 11.00533 94.62591 10.0
17.0 29.0 29.0 122.7329 20.59345 121.16898 1539.0
17.0 29.0 17.0 122.78589 11.00533 94.62591 1539.0
17.0 31.0 31.0 121.55612 38.93934 36.03256 6.0
17.0 31.0 17.0 122.78589 11.00533 94.62591 6.0
17.0 33.0 33.0 97.18482 49.97091 149.24486 3.0
17.0 33.0 17.0 122.78589 11.00533 94.62591 3.0
17.0 37.0 37.0 80.27069 11.05187 113.79883 484.0
17.0 37.0 17.0 122.78589 11.00533 94.62591 484.0
17.0 40.0 40.0 83.24164 23.54039 42.40589 4.0
17.0 40.0 17.0 122.78589 11.00533 94.62591 4.0
17.0 44.0 44.0 70.24108 22.71985 131.34381 3.0
17.0 44.0 17.0 122.78589 11.00533 94.62591 3.0
17.0 47.0 47.0 164.17948 62.74482 126.13693 19.0
17.0 47.0 17.0 122.78589 11.00533 94.62591 19.0
18.0 3.0 3.0 83.18547 3.83105 88.01771 3.0
18.0 3.0 18.0 159.21345 24.84522 93.91086 3.0
18.0 7.0 7.0 121.67967 13.46424 56.87412 29.0
18.0 7.0 18.0 159.21345 24.84522 93.91086 29.0
18.0 12.0 12.0 179.7924 86.34256 84.73058 11.0
18.0 12.0 18.0 159.21345 24.84522 93.91086 11.0
18.0 15.0 15.0 145.11163 26.56445 64.66462 1169.0
18.0 15.0 18.0 159.21345 24.84522 93.91086 1169.0
18.0 17.0 17.0 122.78589 11.00533 94.62591 606.0
18.0 17.0 18.0 159.21345 24.84522 93.91086 606.0
18.0 18.0 18.0 159.21345 24.84522 93.91086 3234.0
18.0 18.0 18.0 159.21345 24.84522 93.91086 3234.0
18.0 23.0 23.0 173.47829 43.53185 76.97684 1011.0
18.0 23.0 18.0 159.21345 24.84522 93.91086 1011.0
18.0 25.0 25.0 182.84214 64.00461 100.28587 108.0
18.0 25.0 18.0 159.21345 24.84522 93.91086 108.0
18.0 26.0 26.0 132.08696 45.13359 139.12487 213.0
18.0 26.0 18.0 159.21345 24.84522 93.91086 213.0
18.0 29.0 29.0 122.7329 20.59345 121.16898 558.0
18.0 29.0 18.0 159.21345 24.84522 93.91086 558.0
18.0 31.0 31.0 121.55612 38.93934 36.03256 8.0
18.0 31.0 18.0 159.21345 24.84522 93.91086 8.0
18.0 32.0 32.0 156.97077 89.02174 57.96107 11.0
18.0 32.0 18.0 159.21345 24.84522 93.91086 11.0
18.0 47.0 47.0 164.17948 62.74482 126.13693 633.0
18.0 47.0 18.0 159.21345 24.84522 93.91086 633.0
19.0 1.0 1.0 66.23231 89.26688 7.47568 21.0
19.0 1.0 19.0 66.4015 15.78947 45.39552 21.0
19.0 2.0 2.0 27.40445 25.31603 87.67811 16.0
19.0 2.0 19.0 66.4015 15.78947 45.39552 16.0
19.0 3.0 3.0 83.18547 3.83105 88.01771 438.0
19.0 3.0 19.0 66.4015 15.78947 45.39552 438.0
19.0 7.0 7.0 121.67967 13.46424 56.87412 12.0
19.0 7.0 19.0 66.4015 15.78947 45.39552 12.0
19.0 8.0 8.0 108.19409 85.93129 38.71087 1.0
19.0 8.0 19.0 66.4015 15.78947 45.39552 1.0
19.0 10.0 10.0 97.07596 3.93252 61.06944 594.0
19.0 10.0 19.0 66.4015 15.78947 45.39552 594.0
19.0 11.0 11.0 48.53465 14.09541 56.5576 1892.0
19.0 11.0 19.0 66.4015 15.78947 45.39552 1892.0
19.0 13.0 13.0 21.77056 31.16731 56.45704 60.0
19.0 13.0 19.0 66.4015 15.78947 45.39552 60.0
19.0 19.0 19.0 66.4015 15.78947 45.39552 2148.0
19.0 19.0 19.0 66.4015 15.78947 45.39552 2148.0
19.0 20.0 20.0 85.06188 53.69844 22.3139 601.0
19.0 20.0 19.0 66.4015 15.78947 45.39552 601.0
19.0 21.0 21.0 28.2984 78.10727 19.28124 13.0
19.0 21.0 19.0 66.4015 15.78947 45.39552 13.0
19.0 31.0 31.0 121.55612 38.93934 36.03256 25.0
19.0 31.0 19.0 66.4015 15.78947 45.39552 25.0
19.0 37.0 37.0 80.27069 11.05187 113.79883 12.0
19.0 37.0 19.0 66.4015 15.78947 45.39552 12.0
19.0 39.0 39.0 21.81106 50.13868 32.79539 193.0
19.0 39.0 19.0 66.4015 15.78947 45.39552 193.0
19.0 40.0 40.0 83.24164 23.54039 42.40589 1622.0
19.0 40.0 19.0 66.4015 15.78947 45.39552 1622.0
20.0 1.0 1.0 66.23231 89.26688 7.47568 2057.0
20.0 1.0 20.0 85.06188 53.69844 22.3139 2057.0
20.0 7.0 7.0 121.67967 13.46424 56.87412 19.0
20.0 7.0 20.0 85.06188 53.69844 22.3139 19.0
20.0 8.0 8.0 108.19409 85.93129 38.71087 3099.0
20.0 8.0 20.0 85.06188 53.69844 22.3139 3099.0
20.0 10.0 10.0 97.07596 3.93252 61.06944 18.0
20.0 10.0 20.0 85.06188 53.69844 22.3139 18.0
20.0 11.0 11.0 48.53465 14.09541 56.5576 238.0
20.0 11.0 20.0 85.06188 53.69844 22.3139 238.0
20.0 12.0 12.0 179.7924 86.34256 84.73058 1.0
20.0 12.0 20.0 85.06188 53.69844 22.3139 1.0
20.0 13.0 13.0 21.77056 31.16731 56.45704 4.0
20.0 13.0 20.0 85.06188 53.69844 22.3139 4.0
20.0 14.0 14.0 128.33708 116.03124 40.29671 5.0
20.0 14.0 20.0 85.06188 53.69844 22.3139 5.0
20.0 15.0 15.0 145.11163 26.56445 64.66462 1.0
20.0 15.0 20.0 85.06188 53.69844 22.3139 1.0
20.0 19.0 19.0 66.4015 15.78947 45.39552 523.0
20.0 19.0 20.0 85.06188 53.69844 22.3139 523.0
20.0 20.0 20.0 85.06188 53.69844 22.3139 12536.0
20.0 20.0 20.0 85.06188 53.69844 22.3139 12536.0
20.0 21.0 21.0 28.2984 78.10727 19.28124 245.0
20.0 21.0 20.0 85.06188 53.69844 22.3139 245.0
20.0 31.0 31.0 121.55612 38.93934 36.03256 2093.0
20.0 31.0 20.0 85.06188 53.69844 22.3139 2093.0
20.0 32.0 32.0 156.97077 89.02174 57.96107 6.0
20.0 32.0 20.0 85.06188 53.69844 22.3139 6.0
20.0 39.0 39.0 21.81106 50.13868 32.79539 498.0
20.0 39.0 20.0 85.06188 53.69844 22.3139 498.0
20.0 40.0 40.0 83.24164 23.54039 42.40589 1672.0
20.0 40.0 20.0 85.06188 53.69844 22.3139 1672.0
20.0 45.0 45.0 35.0798 116.36596 28.5956 1.0
20.0 45.0 20.0 85.06188 53.69844 22.3139 1.0
21.0 1.0 1.0 66.23231 89.26688 7.47568 1504.0
21.0 1.0 21.0 28.2984 78.10727 19.28124 1504.0
21.0 5.0 5.0 36.1764 130.0549 82.18582 13.0
21.0 5.0 21.0 28.2984 78.10727 19.28124 13.0
21.0 6.0 6.0 5.47951 84.75891 74.42838 635.0
21.0 6.0 21.0 28.2984 78.10727 19.28124 635.0
21.0 11.0 11.0 48.53465 14.09541 56.5576 38.0
21.0 11.0 21.0 28.2984 78.10727 19.28124 38.0
21.0 12.0 12.0 179.7924 86.34256 84.73058 1.0
21.0 12.0 21.0 28.2984 78.10727 19.28124 1.0
21.0 13.0 13.0 21.77056 31.16731 56.45704 10.0
21.0 13.0 21.0 28.2984 78.10727 19.28124 10.0
21.0 19.0 19.0 66.4015 15.78947 45.39552 19.0
21.0 19.0 21.0 28.2984 78.10727 19.28124 19.0
21.0 20.0 20.0 85.06188 53.69844 22.3139 278.0
21.0 20.0 21.0 28.2984 78.10727 19.28124 278.0
21.0 21.0 21.0 28.2984 78.10727 19.28124 6372.0
21.0 21.0 21.0 28.2984 78.10727 19.28124 6372.0
21.0 30.0 30.0 88.40087 139.93714 62.7308 1.0
21.0 30.0 21.0 28.2984 78.10727 19.28124 1.0
21.0 39.0 39.0 21.81106 50.13868 32.79539 2221.0
21.0 39.0 21.0 28.2984 78.10727 19.28124 2221.0
21.0 40.0 40.0 83.24164 23.54039 42.40589 4.0
21.0 40.0 21.0 28.2984 78.10727 19.28124 4.0
21.0 45.0 45.0 35.0798 116.36596 28.5956 1896.0
21.0 45.0 21.0 28.2984 78.10727 19.28124 1896.0
22.0 0.0 0.0 55.11273 48.87686 141.96979 654.0
22.0 0.0 22.0 25.09094 80.04905 119.45798 654.0
22.0 2.0 2.0 27.40445 25.31603 87.67811 72.0
22.0 2.0 22.0 25.09094 80.04905 119.45798 72.0
22.0 4.0 4.0 72.11933 108.39793 139.67626 464.0
22.0 4.0 22.0 25.09094 80.04905 119.45798 464.0
22.0 5.0 5.0 36.1764 130.0549 82.18582 1179.0
22.0 5.0 22.0 25.09094 80.04905 119.45798 1179.0
22.0 6.0 6.0 5.47951 84.75891 74.42838 1853.0
22.0 6.0 22.0 25.09094 80.04905 119.45798 1853.0
22.0 13.0 13.0 21.77056 31.16731 56.45704 2.0
22.0 13.0 22.0 25.09094 80.04905 119.45798 2.0
22.0 16.0 16.0 37.10798 39.09522 124.71646 1256.0
22.0 16.0 22.0 25.09094 80.04905 119.45798 1256.0
22.0 22.0 22.0 25.09094 80.04905 119.45798 13867.0
22.0 22.0 22.0 25.09094 80.04905 119.45798 13867.0
22.0 24.0 24.0 107.88485 87.18824 149.15506 1.0
22.0 24.0 22.0 25.09094 80.04905 119.45798 1.0
22.0 27.0 27.0 18.72222 45.35464 103.73426 1278.0
22.0 27.0 22.0 25.09094 80.04905 119.45798 1278.0
22.0 28.0 28.0 84.3409 38.92736 143.13787 14.0
22.0 28.0 22.0 25.09094 80.04905 119.45798 14.0
22.0 33.0 33.0 97.18482 49.97091 149.24486 1.0
22.0 33.0 22.0 25.09094 80.04905 119.45798 1.0
22.0 36.0 36.0 51.17318 19.51792 119.7217 14.0
22.0 36.0 22.0 25.09094 80.04905 119.45798 14.0
22.0 37.0 37.0 80.27069 11.05187 113.79883 1.0
22.0 37.0 22.0 25.09094 80.04905 119.45798 1.0
22.0 38.0 38.0 88.72285 68.40944 152.61439 29.0
22.0 38.0 22.0 25.09094 80.04905 119.45798 29.0
22.0 41.0 41.0 59.86757 126.07249 122.4923 747.0
22.0 41.0 22.0 25.09094 80.04905 119.45798 747.0
22.0 42.0 42.0 56.64094 85.24051 144.9593 1668.0
22.0 42.0 22.0 25.09094 80.04905 119.45798 1668.0
22.0 44.0 44.0 70.24108 22.71985 131.34381 2.0
22.0 44.0 22.0 25.09094 80.04905 119.45798 2.0
23.0 7.0 7.0 121.67967 13.46424 56.87412 10.0
23.0 7.0 23.0 173.47829 43.53185 76.97684 10.0
23.0 8.0 8.0 108.19409 85.93129 38.71087 5.0
23.0 8.0 23.0 173.47829 43.53185 76.97684 5.0
23.0 12.0 12.0 179.7924 86.34256 84.73058 601.0
23.0 12.0 23.0 173.47829 43.53185 76.97684 601.0
23.0 15.0 15.0 145.11163 26.56445 64.66462 797.0
23.0 15.0 23.0 173.47829 43.53185 76.97684 797.0
23.0 17.0 17.0 122.78589 11.00533 94.62591 6.0
23.0 17.0 23.0 173.47829 43.53185 76.97684 6.0
23.0 18.0 18.0 159.21345 24.84522 93.91086 1054.0
23.0 18.0 23.0 173.47829 43.53185 76.97684 1054.0
23.0 23.0 23.0 173.47829 43.53185 76.97684 3367.0
23.0 23.0 23.0 173.47829 43.53185 76.97684 3367.0
23.0 25.0 25.0 182.84214 64.00461 100.28587 781.0
23.0 25.0 23.0 173.47829 43.53185 76.97684 781.0
23.0 26.0 26.0 132.08696 45.13359 139.12487 10.0
23.0 26.0 23.0 173.47829 43.53185 76.97684 10.0
23.0 29.0 29.0 122.7329 20.59345 121.16898 9.0
23.0 29.0 23.0 173.47829 43.53185 76.97684 9.0
23.0 31.0 31.0 121.55612 38.93934 36.03256 106.0
23.0 31.0 23.0 173.47829 43.53185 76.97684 106.0
23.0 32.0 32.0 156.97077 89.02174 57.96107 508.0
23.0 32.0 23.0 173.47829 43.53185 76.97684 508.0
23.0 37.0 37.0 80.27069 11.05187 113.79883 1.0
23.0 37.0 23.0 173.47829 43.53185 76.97684 1.0
23.0 47.0 47.0 164.17948 62.74482 126.13693 340.0
23.0 47.0 23.0 173.47829 43.53185 76.97684 340.0
24.0 0.0 0.0 55.11273 48.87686 141.96979 10.0
24.0 0.0 24.0 107.88485 87.18824 149.15506 10.0
24.0 4.0 4.0 72.11933 108.39793 139.67626 1497.0
24.0 4.0 24.0 107.88485 87.18824 149.15506 1497.0
24.0 9.0 9.0 78.59379 139.92754 102.61626 23.0
24.0 9.0 24.0 107.88485 87.18824 149.15506 23.0
24.0 22.0 22.0 25.09094 80.04905 119.45798 1.0
24.0 22.0 24.0 107.88485 87.18824 149.15506 1.0
24.0 24.0 24.0 107.88485 87.18824 149.15506 8984.0
24.0 24.0 24.0 107.88485 87.18824 149.15506 8984.0
24.0 26.0 26.0 132.08696 45.13359 139.12487 931.0
24.0 26.0 24.0 107.88485 87.18824 149.15506 931.0
24.0 28.0 28.0 84.3409 38.92736 143.13787 40.0
24.0 28.0 24.0 107.88485 87.18824 149.15506 40.0
24.0 30.0 30.0 88.40087 139.93714 62.7308 1.0
24.0 30.0 24.0 107.88485 87.18824 149.15506 1.0
24.0 33.0 33.0 97.18482 49.97091 149.24486 481.0
24.0 33.0 24.0 107.88485 87.18824 149.15506 481.0
24.0 34.0 34.0 127.80428 111.23458 129.59577 2645.0
24.0 34.0 24.0 107.88485 87.18824 149.15506 2645.0
24.0 35.0 35.0 147.79305 121.14615 95.61781 3.0
24.0 35.0 24.0 107.88485 87.18824 149.15506 3.0
24.0 38.0 38.0 88.72285 68.40944 152.61439 1916.0
24.0 38.0 24.0 107.88485 87.18824 149.15506 1916.0
24.0 41.0 41.0 59.86757 126.07249 122.4923 75.0
24.0 41.0 24.0 107.88485 87.18824 149.15506 75.0
24.0 42.0 42.0 56.64094 85.24051 144.9593 486.0
24.0 42.0 24.0 107.88485 87.18824 149.15506 486.0
24.0 43.0 43.0 101.6879 137.73304 99.13738 9.0
24.0 43.0 24.0 107.88485 87.18824 149.15506 9.0
24.0 44.0 44.0 70.24108 22.71985 131.34381 1.0
24.0 44.0 24.0 107.88485 87.18824 149.15506 1.0
24.0 47.0 47.0 164.17948 62.74482 126.13693 203.0
24.0 47.0 24.0 107.88485 87.18824 149.15506 203.0
25.0 7.0 7.0 121.67967 13.46424 56.87412 1.0
25.0 7.0 25.0 182.84214 64.00461 100.28587 1.0
25.0 12.0 12.0 179.7924 86.34256 84.73058 1199.0
25.0 12.0 25.0 182.84214 64.00461 100.28587 1199.0
25.0 15.0 15.0 145.11163 26.56445 64.66462 7.0
25.0 15.0 25.0 182.84214 64.00461 100.28587 7.0
25.0 18.0 18.0 159.21345 24.84522 93.91086 115.0
25.0 18.0 25.0 182.84214 64.00461 100.28587 115.0
25.0 23.0 23.0 173.47829 43.53185 76.97684 764.0
25.0 23.0 25.0 182.84214 64.00461 100.28587 764.0
25.0 25.0 25.0 182.84214 64.00461 100.28587 2252.0
25.0 25.0 25.0 182.84214 64.00461 100.28587 2252.0
25.0 26.0 26.0 132.08696 45.13359 139.12487 5.0
25.0 26.0 25.0 182.84214 64.00461 100.28587 5.0
25.0 29.0 29.0 122.7329 20.59345 121.16898 1.0
25.0 29.0 25.0 182.84214 64.00461 100.28587 1.0
25.0 32.0 32.0 156.97077 89.02174 57.96107 41.0
25.0 32.0 25.0 182.84214 64.00461 100.28587 41.0
25.0 34.0 34.0 127.80428 111.23458 129.59577 25.0
25.0 34.0 25.0 182.84214 64.00461 100.28587 25.0
25.0 35.0 35.0 147.79305 121.14615 95.61781 76.0
25.0 35.0 25.0 182.84214 64.00461 100.28587 76.0
25.0 47.0 47.0 164.17948 62.74482 126.13693 1229.0
25.0 47.0 25.0 182.84214 64.00461 100.28587 1229.0
26.0 0.0 0.0 55.11273 48.87686 141.96979 2.0
26.0 0.0 26.0 132.08696 45.13359 139.12487 2.0
26.0 3.0 3.0 83.18547 3.83105 88.01771 2.0
26.0 3.0 26.0 132.08696 45.13359 139.12487 2.0
26.0 15.0 15.0 145.11163 26.56445 64.66462 1.0
26.0 15.0 26.0 132.08696 45.13359 139.12487 1.0
26.0 17.0 17.0 122.78589 11.00533 94.62591 94.0
26.0 17.0 26.0 132.08696 45.13359 139.12487 94.0
26.0 18.0 18.0 159.21345 24.84522 93.91086 239.0
26.0 18.0 26.0 132.08696 45.13359 139.12487 239.0
26.0 23.0 23.0 173.47829 43.53185 76.97684 7.0
26.0 23.0 26.0 132.08696 45.13359 139.12487 7.0
26.0 24.0 24.0 107.88485 87.18824 149.15506 965.0
26.0 24.0 26.0 132.08696 45.13359 139.12487 965.0
26.0 25.0 25.0 182.84214 64.00461 100.28587 4.0
26.0 25.0 26.0 132.08696 45.13359 139.12487 4.0
26.0 26.0 26.0 132.08696 45.13359 139.12487 8196.0
26.0 26.0 26.0 132.08696 45.13359 139.12487 8196.0
26.0 28.0 28.0 84.3409 38.92736 143.13787 407.0
26.0 28.0 26.0 132.08696 45.13359 139.12487 407.0
26.0 29.0 29.0 122.7329 20.59345 121.16898 1902.0
26.0 29.0 26.0 132.08696 45.13359 139.12487 1902.0
26.0 33.0 33.0 97.18482 49.97091 149.24486 1091.0
26.0 33.0 26.0 132.08696 45.13359 139.12487 1091.0
26.0 34.0 34.0 127.80428 111.23458 129.59577 296.0
26.0 34.0 26.0 132.08696 45.13359 139.12487 296.0
26.0 35.0 35.0 147.79305 121.14615 95.61781 1.0
26.0 35.0 26.0 132.08696 45.13359 139.12487 1.0
26.0 37.0 37.0 80.27069 11.05187 113.79883 114.0
26.0 37.0 26.0 132.08696 45.13359 139.12487 114.0
26.0 38.0 38.0 88.72285 68.40944 152.61439 381.0
26.0 38.0 26.0 132.08696 45.13359 139.12487 381.0
26.0 44.0 44.0 70.24108 22.71985 131.34381 13.0
26.0 44.0 26.0 132.08696 45.13359 139.12487 13.0
26.0 47.0 47.0 164.17948 62.74482 126.13693 1745.0
26.0 47.0 26.0 132.08696 45.13359 139.12487 1745.0
27.0 0.0 0.0 55.11273 48.87686 141.96979 44.0
27.0 0.0 27.0 18.72222 45.35464 103.73426 44.0
27.0 2.0 2.0 27.40445 25.31603 87.67811 1602.0
27.0 2.0 27.0 18.72222 45.35464 103.73426 1602.0
27.0 5.0 5.0 36.1764 130.0549 82.18582 1.0
27.0 5.0 27.0 18.72222 45.35464 103.73426 1.0
27.0 6.0 6.0 5.47951 84.75891 74.42838 780.0
27.0 6.0 27.0 18.72222 45.35464 103.73426 780.0
27.0 11.0 11.0 48.53465 14.09541 56.5576 13.0
27.0 11.0 27.0 18.72222 45.35464 103.73426 13.0
27.0 13.0 13.0 21.77056 31.16731 56.45704 112.0
27.0 13.0 27.0 18.72222 45.35464 103.73426 112.0
27.0 16.0 16.0 37.10798 39.09522 124.71646 1280.0
27.0 16.0 27.0 18.72222 45.35464 103.73426 1280.0
27.0 22.0 22.0 25.09094 80.04905 119.45798 1341.0
27.0 22.0 27.0 18.72222 45.35464 103.73426 1341.0
27.0 27.0 27.0 18.72222 45.35464 103.73426 3390.0
27.0 27.0 27.0 18.72222 45.35464 103.73426 3390.0
27.0 36.0 36.0 51.17318 19.51792 119.7217 109.0
27.0 36.0 27.0 18.72222 45.35464 103.73426 109.0
27.0 37.0 37.0 80.27069 11.05187 113.79883 6.0
27.0 37.0 27.0 18.72222 45.35464 103.73426 6.0
27.0 39.0 39.0 21.81106 50.13868 32.79539 16.0
27.0 39.0 27.0 18.72222 45.35464 103.73426 16.0
27.0 42.0 42.0 56.64094 85.24051 144.9593 1.0
27.0 42.0 27.0 18.72222 45.35464 103.73426 1.0
27.0 44.0 44.0 70.24108 22.71985 131.34381 6.0
27.0 44.0 27.0 18.72222 45.35464 103.73426 6.0
28.0 0.0 0.0 55.11273 48.87686 141.96979 1075.0
28.0 0.0 28.0 84.3409 38.92736 143.13787 1075.0
28.0 3.0 3.0 83.18547 3.83105 88.01771 7.0
28.0 3.0 28.0 84.3409 38.92736 143.13787 7.0
28.0 4.0 4.0 72.11933 108.39793 139.67626 2.0
28.0 4.0 28.0 84.3409 38.92736 143.13787 2.0
28.0 16.0 16.0 37.10798 39.09522 124.71646 42.0
28.0 16.0 28.0 84.3409 38.92736 143.13787 42.0
28.0 17.0 17.0 122.78589 11.00533 94.62591 9.0
28.0 17.0 28.0 84.3409 38.92736 143.13787 9.0
28.0 22.0 22.0 25.09094 80.04905 119.45798 10.0
28.0 22.0 28.0 84.3409 38.92736 143.13787 10.0
28.0 24.0 24.0 107.88485 87.18824 149.15506 35.0
28.0 24.0 28.0 84.3409 38.92736 143.13787 35.0
28.0 26.0 26.0 132.08696 45.13359 139.12487 427.0
28.0 26.0 28.0 84.3409 38.92736 143.13787 427.0
28.0 28.0 28.0 84.3409 38.92736 143.13787 3204.0
28.0 28.0 28.0 84.3409 38.92736 143.13787 3204.0
28.0 29.0 29.0 122.7329 20.59345 121.16898 498.0
28.0 29.0 28.0 84.3409 38.92736 143.13787 498.0
28.0 33.0 33.0 97.18482 49.97091 149.24486 1569.0
28.0 33.0 28.0 84.3409 38.92736 143.13787 1569.0
28.0 36.0 36.0 51.17318 19.51792 119.7217 92.0
28.0 36.0 28.0 84.3409 38.92736 143.13787 92.0
28.0 37.0 37.0 80.27069 11.05187 113.79883 749.0
28.0 37.0 28.0 84.3409 38.92736 143.13787 749.0
28.0 38.0 38.0 88.72285 68.40944 152.61439 593.0
28.0 38.0 28.0 84.3409 38.92736 143.13787 593.0
28.0 42.0 42.0 56.64094 85.24051 144.9593 190.0
28.0 42.0 28.0 84.3409 38.92736 143.13787 190.0
28.0 44.0 44.0 70.24108 22.71985 131.34381 907.0
28.0 44.0 28.0 84.3409 38.92736 143.13787 907.0
29.0 0.0 0.0 55.11273 48.87686 141.96979 2.0
29.0 0.0 29.0 122.7329 20.59345 121.16898 2.0
29.0 3.0 3.0 83.18547 3.83105 88.01771 204.0
29.0 3.0 29.0 122.7329 20.59345 121.16898 204.0
29.0 7.0 7.0 121.67967 13.46424 56.87412 8.0
29.0 7.0 29.0 122.7329 20.59345 121.16898 8.0
29.0 10.0 10.0 97.07596 3.93252 61.06944 1.0
29.0 10.0 29.0 122.7329 20.59345 121.16898 1.0
29.0 15.0 15.0 145.11163 26.56445 64.66462 62.0
29.0 15.0 29.0 122.7329 20.59345 121.16898 62.0
29.0 17.0 17.0 122.78589 11.00533 94.62591 1645.0
29.0 17.0 29.0 122.7329 20.59345 121.16898 1645.0
29.0 18.0 18.0 159.21345 24.84522 93.91086 547.0
29.0 18.0 29.0 122.7329 20.59345 121.16898 547.0
29.0 23.0 23.0 173.47829 43.53185 76.97684 17.0
29.0 23.0 29.0 122.7329 20.59345 121.16898 17.0
29.0 24.0 24.0 107.88485 87.18824 149.15506 3.0
29.0 24.0 29.0 122.7329 20.59345 121.16898 3.0
29.0 25.0 25.0 182.84214 64.00461 100.28587 1.0
29.0 25.0 29.0 122.7329 20.59345 121.16898 1.0
29.0 26.0 26.0 132.08696 45.13359 139.12487 1810.0
29.0 26.0 29.0 122.7329 20.59345 121.16898 1810.0
29.0 28.0 28.0 84.3409 38.92736 143.13787 472.0
29.0 28.0 29.0 122.7329 20.59345 121.16898 472.0
29.0 29.0 29.0 122.7329 20.59345 121.16898 4790.0
29.0 29.0 29.0 122.7329 20.59345 121.16898 4790.0
29.0 33.0 33.0 97.18482 49.97091 149.24486 186.0
29.0 33.0 29.0 122.7329 20.59345 121.16898 186.0
29.0 36.0 36.0 51.17318 19.51792 119.7217 1.0
29.0 36.0 29.0 122.7329 20.59345 121.16898 1.0
29.0 37.0 37.0 80.27069 11.05187 113.79883 1218.0
29.0 37.0 29.0 122.7329 20.59345 121.16898 1218.0
29.0 38.0 38.0 88.72285 68.40944 152.61439 4.0
29.0 38.0 29.0 122.7329 20.59345 121.16898 4.0
29.0 44.0 44.0 70.24108 22.71985 131.34381 73.0
29.0 44.0 29.0 122.7329 20.59345 121.16898 73.0
29.0 46.0 46.0 114.49896 130.25678 52.72467 1.0
29.0 46.0 29.0 122.7329 20.59345 121.16898 1.0
29.0 47.0 47.0 164.17948 62.74482 126.13693 237.0
29.0 47.0 29.0 122.7329 20.59345 121.16898 237.0
30.0 1.0 1.0 66.23231 89.26688 7.47568 322.0
30.0 1.0 30.0 88.40087 139.93714 62.7308 322.0
30.0 5.0 5.0 36.1764 130.0549 82.18582 1697.0
30.0 5.0 30.0 88.40087 139.93714 62.7308 1697.0
30.0 8.0 8.0 108.19409 85.93129 38.71087 606.0
30.0 8.0 30.0 88.40087 139.93714 62.7308 606.0
30.0 9.0 9.0 78.59379 139.92754 102.61626 1120.0
30.0 9.0 30.0 88.40087 139.93714 62.7308 1120.0
30.0 14.0 14.0 128.33708 116.03124 40.29671 227.0
30.0 14.0 30.0 88.40087 139.93714 62.7308 227.0
30.0 23.0 23.0 173.47829 43.53185 76.97684 1.0
30.0 23.0 30.0 88.40087 139.93714 62.7308 1.0
30.0 30.0 30.0 88.40087 139.93714 62.7308 14979.0
30.0 30.0 30.0 88.40087 139.93714 62.7308 14979.0
30.0 32.0 32.0 156.97077 89.02174 57.96107 4.0
30.0 32.0 30.0 88.40087 139.93714 62.7308 4.0
30.0 34.0 34.0 127.80428 111.23458 129.59577 83.0
30.0 34.0 30.0 88.40087 139.93714 62.7308 83.0
30.0 35.0 35.0 147.79305 121.14615 95.61781 732.0
30.0 35.0 30.0 88.40087 139.93714 62.7308 732.0
30.0 41.0 41.0 59.86757 126.07249 122.4923 17.0
30.0 41.0 30.0 88.40087 139.93714 62.7308 17.0
30.0 43.0 43.0 101.6879 137.73304 99.13738 2193.0
30.0 43.0 30.0 88.40087 139.93714 62.7308 2193.0
30.0 45.0 45.0 35.0798 116.36596 28.5956 734.0
30.0 45.0 30.0 88.40087 139.93714 62.7308 734.0
30.0 46.0 46.0 114.49896 130.25678 52.72467 3456.0
30.0 46.0 30.0 88.40087 139.93714 62.7308 3456.0
31.0 1.0 1.0 66.23231 89.26688 7.47568 1.0
31.0 1.0 31.0 121.55612 38.93934 36.03256 1.0
31.0 3.0 3.0 83.18547 3.83105 88.01771 2.0
31.0 3.0 31.0 121.55612 38.93934 36.03256 2.0
31.0 7.0 7.0 121.67967 13.46424 56.87412 1626.0
31.0 7.0 31.0 121.55612 38.93934 36.03256 1626.0
31.0 8.0 8.0 108.19409 85.93129 38.71087 1964.0
31.0 8.0 31.0 121.55612 38.93934 36.03256 1964.0
31.0 10.0 10.0 97.07596 3.93252 61.06944 389.0
31.0 10.0 31.0 121.55612 38.93934 36.03256 389.0
31.0 11.0 11.0 48.53465 14.09541 56.5576 2.0
31.0 11.0 31.0 121.55612 38.93934 36.03256 2.0
31.0 12.0 12.0 179.7924 86.34256 84.73058 4.0
31.0 12.0 31.0 121.55612 38.93934 36.03256 4.0
31.0 14.0 14.0 128.33708 116.03124 40.29671 5.0
31.0 14.0 31.0 121.55612 38.93934 36.03256 5.0
31.0 15.0 15.0 145.11163 26.56445 64.66462 1415.0
31.0 15.0 31.0 121.55612 38.93934 36.03256 1415.0
31.0 17.0 17.0 122.78589 11.00533 94.62591 9.0
31.0 17.0 31.0 121.55612 38.93934 36.03256 9.0
31.0 18.0 18.0 159.21345 24.84522 93.91086 7.0
31.0 18.0 31.0 121.55612 38.93934 36.03256 7.0
31.0 19.0 19.0 66.4015 15.78947 45.39552 23.0
31.0 19.0 31.0 121.55612 38.93934 36.03256 23.0
31.0 20.0 20.0 85.06188 53.69844 22.3139 2119.0
31.0 20.0 31.0 121.55612 38.93934 36.03256 2119.0
31.0 23.0 23.0 173.47829 43.53185 76.97684 111.0
31.0 23.0 31.0 121.55612 38.93934 36.03256 111.0
31.0 31.0 31.0 121.55612 38.93934 36.03256 12048.0
31.0 31.0 31.0 121.55612 38.93934 36.03256 12048.0
31.0 32.0 32.0 156.97077 89.02174 57.96107 557.0
31.0 32.0 31.0 121.55612 38.93934 36.03256 557.0
31.0 40.0 40.0 83.24164 23.54039 42.40589 989.0
31.0 40.0 31.0 121.55612 38.93934 36.03256 989.0
31.0 45.0 45.0 35.0798 116.36596 28.5956 1.0
31.0 45.0 31.0 121.55612 38.93934 36.03256 1.0
32.0 7.0 7.0 121.67967 13.46424 56.87412 2.0
32.0 7.0 32.0 156.97077 89.02174 57.96107 2.0
32.0 8.0 8.0 108.19409 85.93129 38.71087 1592.0
32.0 8.0 32.0 156.97077 89.02174 57.96107 1592.0
32.0 12.0 12.0 179.7924 86.34256 84.73058 1661.0
32.0 12.0 32.0 156.97077 89.02174 57.96107 1661.0
32.0 14.0 14.0 128.33708 116.03124 40.29671 1440.0
32.0 14.0 32.0 156.97077 89.02174 57.96107 1440.0
32.0 15.0 15.0 145.11163 26.56445 64.66462 368.0
32.0 15.0 32.0 156.97077 89.02174 57.96107 368.0
32.0 18.0 18.0 159.21345 24.84522 93.91086 12.0
32.0 18.0 32.0 156.97077 89.02174 57.96107 12.0
32.0 20.0 20.0 85.06188 53.69844 22.3139 4.0
32.0 20.0 32.0 156.97077 89.02174 57.96107 4.0
32.0 23.0 23.0 173.47829 43.53185 76.97684 455.0
32.0 23.0 32.0 156.97077 89.02174 57.96107 455.0
32.0 25.0 25.0 182.84214 64.00461 100.28587 51.0
32.0 25.0 32.0 156.97077 89.02174 57.96107 51.0
32.0 30.0 30.0 88.40087 139.93714 62.7308 6.0
32.0 30.0 32.0 156.97077 89.02174 57.96107 6.0
32.0 31.0 31.0 121.55612 38.93934 36.03256 574.0
32.0 31.0 32.0 156.97077 89.02174 57.96107 574.0
32.0 32.0 32.0 156.97077 89.02174 57.96107 9484.0
32.0 32.0 32.0 156.97077 89.02174 57.96107 9484.0
32.0 35.0 35.0 147.79305 121.14615 95.61781 959.0
32.0 35.0 32.0 156.97077 89.02174 57.96107 959.0
32.0 46.0 46.0 114.49896 130.25678 52.72467 294.0
32.0 46.0 32.0 156.97077 89.02174 57.96107 294.0
33.0 0.0 0.0 55.11273 48.87686 141.96979 240.0
33.0 0.0 33.0 97.18482 49.97091 149.24486 240.0
33.0 4.0 4.0 72.11933 108.39793 139.67626 4.0
33.0 4.0 33.0 97.18482 49.97091 149.24486 4.0
33.0 16.0 16.0 37.10798 39.09522 124.71646 4.0
33.0 16.0 33.0 97.18482 49.97091 149.24486 4.0
33.0 17.0 17.0 122.78589 11.00533 94.62591 3.0
33.0 17.0 33.0 97.18482 49.97091 149.24486 3.0
33.0 22.0 22.0 25.09094 80.04905 119.45798 2.0
33.0 22.0 33.0 97.18482 49.97091 149.24486 2.0
33.0 24.0 24.0 107.88485 87.18824 149.15506 459.0
33.0 24.0 33.0 97.18482 49.97091 149.24486 459.0
33.0 26.0 26.0 132.08696 45.13359 139.12487 1163.0
33.0 26.0 33.0 97.18482 49.97091 149.24486 1163.0
33.0 28.0 28.0 84.3409 38.92736 143.13787 1523.0
33.0 28.0 33.0 97.18482 49.97091 149.24486 1523.0
33.0 29.0 29.0 122.7329 20.59345 121.16898 191.0
33.0 29.0 33.0 97.18482 49.97091 149.24486 191.0
33.0 33.0 33.0 97.18482 49.97091 149.24486 2736.0
33.0 33.0 33.0 97.18482 49.97091 149.24486 2736.0
33.0 34.0 34.0 127.80428 111.23458 129.59577 3.0
33.0 34.0 33.0 97.18482 49.97091 149.24486 3.0
33.0 36.0 36.0 51.17318 19.51792 119.7217 3.0
33.0 36.0 33.0 97.18482 49.97091 149.24486 3.0
33.0 37.0 37.0 80.27069 11.05187 113.79883 88.0
33.0 37.0 33.0 97.18482 49.97091 149.24486 88.0
33.0 38.0 38.0 88.72285 68.40944 152.61439 1600.0
33.0 38.0 33.0 97.18482 49.97091 149.24486 1600.0
33.0 42.0 42.0 56.64094 85.24051 144.9593 123.0
33.0 42.0 33.0 97.18482 49.97091 149.24486 123.0
33.0 44.0 44.0 70.24108 22.71985 131.34381 108.0
33.0 44.0 33.0 97.18482 49.97091 149.24486 108.0
33.0 47.0 47.0 164.17948 62.74482 126.13693 7.0
33.0 47.0 33.0 97.18482 49.97091 149.24486 7.0
34.0 4.0 4.0 72.11933 108.39793 139.67626 922.0
34.0 4.0 34.0 127.80428 111.23458 129.59577 922.0
34.0 5.0 5.0 36.1764 130.0549 82.18582 1.0
34.0 5.0 34.0 127.80428 111.23458 129.59577 1.0
34.0 9.0 9.0 78.59379 139.92754 102.61626 594.0
34.0 9.0 34.0 127.80428 111.23458 129.59577 594.0
34.0 12.0 12.0 179.7924 86.34256 84.73058 88.0
34.0 12.0 34.0 127.80428 111.23458 129.59577 88.0
34.0 14.0 14.0 128.33708 116.03124 40.29671 2.0
34.0 14.0 34.0 127.80428 111.23458 129.59577 2.0
34.0 24.0 24.0 107.88485 87.18824 149.15506 2595.0
34.0 24.0 34.0 127.80428 111.23458 129.59577 2595.0
34.0 25.0 25.0 182.84214 64.00461 100.28587 22.0
34.0 25.0 34.0 127.80428 111.23458 129.59577 22.0
34.0 26.0 26.0 132.08696 45.13359 139.12487 294.0
34.0 26.0 34.0 127.80428 111.23458 129.59577 294.0
34.0 30.0 30.0 88.40087 139.93714 62.7308 82.0
34.0 30.0 34.0 127.80428 111.23458 129.59577 82.0
34.0 32.0 32.0 156.97077 89.02174 57.96107 4.0
34.0 32.0 34.0 127.80428 111.23458 129.59577 4.0
34.0 33.0 33.0 97.18482 49.97091 149.24486 6.0
34.0 33.0 34.0 127.80428 111.23458 129.59577 6.0
34.0 34.0 34.0 127.80428 111.23458 129.59577 17189.0
34.0 34.0 34.0 127.80428 111.23458 129.59577 17189.0
34.0 35.0 35.0 147.79305 121.14615 95.61781 2574.0
34.0 35.0 34.0 127.80428 111.23458 129.59577 2574.0
34.0 38.0 38.0 88.72285 68.40944 152.61439 24.0
34.0 38.0 34.0 127.80428 111.23458 129.59577 24.0
34.0 41.0 41.0 59.86757 126.07249 122.4923 397.0
34.0 41.0 34.0 127.80428 111.23458 129.59577 397.0
34.0 42.0 42.0 56.64094 85.24051 144.9593 6.0
34.0 42.0 34.0 127.80428 111.23458 129.59577 6.0
34.0 43.0 43.0 101.6879 137.73304 99.13738 1449.0
34.0 43.0 34.0 127.80428 111.23458 129.59577 1449.0
34.0 46.0 46.0 114.49896 130.25678 52.72467 14.0
34.0 46.0 34.0 127.80428 111.23458 129.59577 14.0
34.0 47.0 47.0 164.17948 62.74482 126.13693 1183.0
34.0 47.0 34.0 127.80428 111.23458 129.59577 1183.0
35.0 4.0 4.0 72.11933 108.39793 139.67626 1.0
35.0 4.0 35.0 147.79305 121.14615 95.61781 1.0
35.0 8.0 8.0 108.19409 85.93129 38.71087 2.0
35.0 8.0 35.0 147.79305 121.14615 95.61781 2.0
35.0 9.0 9.0 78.59379 139.92754 102.61626 21.0
35.0 9.0 35.0 147.79305 121.14615 95.61781 21.0
35.0 12.0 12.0 179.7924 86.34256 84.73058 1169.0
35.0 12.0 35.0 147.79305 121.14615 95.61781 1169.0
35.0 14.0 14.0 128.33708 116.03124 40.29671 308.0
35.0 14.0 35.0 147.79305 121.14615 95.61781 308.0
35.0 24.0 24.0 107.88485 87.18824 149.15506 3.0
35.0 24.0 35.0 147.79305 121.14615 95.61781 3.0
35.0 25.0 25.0 182.84214 64.00461 100.28587 77.0
35.0 25.0 35.0 147.79305 121.14615 95.61781 77.0
35.0 26.0 26.0 132.08696 45.13359 139.12487 1.0
35.0 26.0 35.0 147.79305 121.14615 95.61781 1.0
35.0 28.0 28.0 84.3409 38.92736 143.13787 1.0
35.0 28.0 35.0 147.79305 121.14615 95.61781 1.0
35.0 30.0 30.0 88.40087 139.93714 62.7308 735.0
35.0 30.0 35.0 147.79305 121.14615 95.61781 735.0
35.0 32.0 32.0 156.97077 89.02174 57.96107 897.0
35.0 32.0 35.0 147.79305 121.14615 95.61781 897.0
35.0 34.0 34.0 127.80428 111.23458 129.59577 2667.0
35.0 34.0 35.0 147.79305 121.14615 95.61781 2667.0
35.0 35.0 35.0 147.79305 121.14615 95.61781 11544.0
35.0 35.0 35.0 147.79305 121.14615 95.61781 11544.0
35.0 43.0 43.0 101.6879 137.73304 99.13738 859.0
35.0 43.0 35.0 147.79305 121.14615 95.61781 859.0
35.0 46.0 46.0 114.49896 130.25678 52.72467 1190.0
35.0 46.0 35.0 147.79305 121.14615 95.61781 1190.0
35.0 47.0 47.0 164.17948 62.74482 126.13693 320.0
35.0 47.0 35.0 147.79305 121.14615 95.61781 320.0
36.0 0.0 0.0 55.11273 48.87686 141.96979 475.0
36.0 0.0 36.0 51.17318 19.51792 119.7217 475.0
36.0 2.0 2.0 27.40445 25.31603 87.67811 511.0
36.0 2.0 36.0 51.17318 19.51792 119.7217 511.0
36.0 3.0 3.0 83.18547 3.83105 88.01771 151.0
36.0 3.0 36.0 51.17318 19.51792 119.7217 151.0
36.0 11.0 11.0 48.53465 14.09541 56.5576 81.0
36.0 11.0 36.0 51.17318 19.51792 119.7217 81.0
36.0 13.0 13.0 21.77056 31.16731 56.45704 1.0
36.0 13.0 36.0 51.17318 19.51792 119.7217 1.0
36.0 16.0 16.0 37.10798 39.09522 124.71646 1004.0
36.0 16.0 36.0 51.17318 19.51792 119.7217 1004.0
36.0 22.0 22.0 25.09094 80.04905 119.45798 9.0
36.0 22.0 36.0 51.17318 19.51792 119.7217 9.0
36.0 27.0 27.0 18.72222 45.35464 103.73426 91.0
36.0 27.0 36.0 51.17318 19.51792 119.7217 91.0
36.0 28.0 28.0 84.3409 38.92736 143.13787 93.0
36.0 28.0 36.0 51.17318 19.51792 119.7217 93.0
36.0 33.0 33.0 97.18482 49.97091 149.24486 5.0
36.0 33.0 36.0 51.17318 19.51792 119.7217 5.0
36.0 36.0 36.0 51.17318 19.51792 119.7217 1498.0
36.0 36.0 36.0 51.17318 19.51792 119.7217 1498.0
36.0 37.0 37.0 80.27069 11.05187 113.79883 930.0
36.0 37.0 36.0 51.17318 19.51792 119.7217 930.0
36.0 38.0 38.0 88.72285 68.40944 152.61439 1.0
36.0 38.0 36.0 51.17318 19.51792 119.7217 1.0
36.0 42.0 42.0 56.64094 85.24051 144.9593 3.0
36.0 42.0 36.0 51.17318 19.51792 119.7217 3.0
36.0 44.0 44.0 70.24108 22.71985 131.34381 806.0
36.0 44.0 36.0 51.17318 19.51792 119.7217 806.0
37.0 0.0 0.0 55.11273 48.87686 141.96979 78.0
37.0 0.0 37.0 80.27069 11.05187 113.79883 78.0
37.0 2.0 2.0 27.40445 25.31603 87.67811 389.0
37.0 2.0 37.0 80.27069 11.05187 113.79883 389.0
37.0 3.0 3.0 83.18547 3.83105 88.01771 2564.0
37.0 3.0 37.0 80.27069 11.05187 113.79883 2564.0
37.0 7.0 7.0 121.67967 13.46424 56.87412 6.0
37.0 7.0 37.0 80.27069 11.05187 113.79883 6.0
37.0 10.0 10.0 97.07596 3.93252 61.06944 52.0
37.0 10.0 37.0 80.27069 11.05187 113.79883 52.0
37.0 11.0 11.0 48.53465 14.09541 56.5576 277.0
37.0 11.0 37.0 80.27069 11.05187 113.79883 277.0
37.0 13.0 13.0 21.77056 31.16731 56.45704 4.0
37.0 13.0 37.0 80.27069 11.05187 113.79883 4.0
37.0 16.0 16.0 37.10798 39.09522 124.71646 160.0
37.0 16.0 37.0 80.27069 11.05187 113.79883 160.0
37.0 17.0 17.0 122.78589 11.00533 94.62591 500.0
37.0 17.0 37.0 80.27069 11.05187 113.79883 500.0
37.0 18.0 18.0 159.21345 24.84522 93.91086 2.0
37.0 18.0 37.0 80.27069 11.05187 113.79883 2.0
37.0 19.0 19.0 66.4015 15.78947 45.39552 16.0
37.0 19.0 37.0 80.27069 11.05187 113.79883 16.0
37.0 26.0 26.0 132.08696 45.13359 139.12487 122.0
37.0 26.0 37.0 80.27069 11.05187 113.79883 122.0
37.0 27.0 27.0 18.72222 45.35464 103.73426 11.0
37.0 27.0 37.0 80.27069 11.05187 113.79883 11.0
37.0 28.0 28.0 84.3409 38.92736 143.13787 754.0
37.0 28.0 37.0 80.27069 11.05187 113.79883 754.0
37.0 29.0 29.0 122.7329 20.59345 121.16898 1181.0
37.0 29.0 37.0 80.27069 11.05187 113.79883 1181.0
37.0 33.0 33.0 97.18482 49.97091 149.24486 100.0
37.0 33.0 37.0 80.27069 11.05187 113.79883 100.0
37.0 36.0 36.0 51.17318 19.51792 119.7217 893.0
37.0 36.0 37.0 80.27069 11.05187 113.79883 893.0
37.0 37.0 37.0 80.27069 11.05187 113.79883 8054.0
37.0 37.0 37.0 80.27069 11.05187 113.79883 8054.0
37.0 38.0 38.0 88.72285 68.40944 152.61439 1.0
37.0 38.0 37.0 80.27069 11.05187 113.79883 1.0
37.0 40.0 40.0 83.24164 23.54039 42.40589 1.0
37.0 40.0 37.0 80.27069 11.05187 113.79883 1.0
37.0 44.0 44.0 70.24108 22.71985 131.34381 1504.0
37.0 44.0 37.0 80.27069 11.05187 113.79883 1504.0
38.0 0.0 0.0 55.11273 48.87686 141.96979 407.0
38.0 0.0 38.0 88.72285 68.40944 152.61439 407.0
38.0 4.0 4.0 72.11933 108.39793 139.67626 231.0
38.0 4.0 38.0 88.72285 68.40944 152.61439 231.0
38.0 16.0 16.0 37.10798 39.09522 124.71646 14.0
38.0 16.0 38.0 88.72285 68.40944 152.61439 14.0
38.0 22.0 22.0 25.09094 80.04905 119.45798 22.0
38.0 22.0 38.0 88.72285 68.40944 152.61439 22.0
38.0 24.0 24.0 107.88485 87.18824 149.15506 1993.0
38.0 24.0 38.0 88.72285 68.40944 152.61439 1993.0
38.0 26.0 26.0 132.08696 45.13359 139.12487 390.0
38.0 26.0 38.0 88.72285 68.40944 152.61439 390.0
38.0 28.0 28.0 84.3409 38.92736 143.13787 600.0
38.0 28.0 38.0 88.72285 68.40944 152.61439 600.0
38.0 29.0 29.0 122.7329 20.59345 121.16898 6.0
38.0 29.0 38.0 88.72285 68.40944 152.61439 6.0
38.0 33.0 33.0 97.18482 49.97091 149.24486 1524.0
38.0 33.0 38.0 88.72285 68.40944 152.61439 1524.0
38.0 34.0 34.0 127.80428 111.23458 129.59577 31.0
38.0 34.0 38.0 88.72285 68.40944 152.61439 31.0
38.0 36.0 36.0 51.17318 19.51792 119.7217 3.0
38.0 36.0 38.0 88.72285 68.40944 152.61439 3.0
38.0 37.0 37.0 80.27069 11.05187 113.79883 4.0
38.0 37.0 38.0 88.72285 68.40944 152.61439 4.0
38.0 38.0 38.0 88.72285 68.40944 152.61439 3187.0
38.0 38.0 38.0 88.72285 68.40944 152.61439 3187.0
38.0 41.0 41.0 59.86757 126.07249 122.4923 5.0
38.0 41.0 38.0 88.72285 68.40944 152.61439 5.0
38.0 42.0 42.0 56.64094 85.24051 144.9593 1129.0
38.0 42.0 38.0 88.72285 68.40944 152.61439 1129.0
38.0 44.0 44.0 70.24108 22.71985 131.34381 9.0
38.0 44.0 38.0 88.72285 68.40944 152.61439 9.0
38.0 47.0 47.0 164.17948 62.74482 126.13693 5.0
38.0 47.0 38.0 88.72285 68.40944 152.61439 5.0
39.0 1.0 1.0 66.23231 89.26688 7.47568 290.0
39.0 1.0 39.0 21.81106 50.13868 32.79539 290.0
39.0 2.0 2.0 27.40445 25.31603 87.67811 142.0
39.0 2.0 39.0 21.81106 50.13868 32.79539 142.0
39.0 5.0 5.0 36.1764 130.0549 82.18582 1.0
39.0 5.0 39.0 21.81106 50.13868 32.79539 1.0
39.0 6.0 6.0 5.47951 84.75891 74.42838 1372.0
39.0 6.0 39.0 21.81106 50.13868 32.79539 1372.0
39.0 11.0 11.0 48.53465 14.09541 56.5576 882.0
39.0 11.0 39.0 21.81106 50.13868 32.79539 882.0
39.0 13.0 13.0 21.77056 31.16731 56.45704 1795.0
39.0 13.0 39.0 21.81106 50.13868 32.79539 1795.0
39.0 19.0 19.0 66.4015 15.78947 45.39552 218.0
39.0 19.0 39.0 21.81106 50.13868 32.79539 218.0
39.0 20.0 20.0 85.06188 53.69844 22.3139 532.0
39.0 20.0 39.0 21.81106 50.13868 32.79539 532.0
39.0 21.0 21.0 28.2984 78.10727 19.28124 2205.0
39.0 21.0 39.0 21.81106 50.13868 32.79539 2205.0
39.0 22.0 22.0 25.09094 80.04905 119.45798 3.0
39.0 22.0 39.0 21.81106 50.13868 32.79539 3.0
39.0 27.0 27.0 18.72222 45.35464 103.73426 19.0
39.0 27.0 39.0 21.81106 50.13868 32.79539 19.0
39.0 39.0 39.0 21.81106 50.13868 32.79539 9925.0
39.0 39.0 39.0 21.81106 50.13868 32.79539 9925.0
39.0 40.0 40.0 83.24164 23.54039 42.40589 24.0
39.0 40.0 39.0 21.81106 50.13868 32.79539 24.0
39.0 45.0 45.0 35.0798 116.36596 28.5956 62.0
39.0 45.0 39.0 21.81106 50.13868 32.79539 62.0
40.0 1.0 1.0 66.23231 89.26688 7.47568 11.0
40.0 1.0 40.0 83.24164 23.54039 42.40589 11.0
40.0 3.0 3.0 83.18547 3.83105 88.01771 143.0
40.0 3.0 40.0 83.24164 23.54039 42.40589 143.0
40.0 7.0 7.0 121.67967 13.46424 56.87412 285.0
40.0 7.0 40.0 83.24164 23.54039 42.40589 285.0
40.0 8.0 8.0 108.19409 85.93129 38.71087 33.0
40.0 8.0 40.0 83.24164 23.54039 42.40589 33.0
40.0 10.0 10.0 97.07596 3.93252 61.06944 1226.0
40.0 10.0 40.0 83.24164 23.54039 42.40589 1226.0
40.0 11.0 11.0 48.53465 14.09541 56.5576 454.0
40.0 11.0 40.0 83.24164 23.54039 42.40589 454.0
40.0 13.0 13.0 21.77056 31.16731 56.45704 6.0
40.0 13.0 40.0 83.24164 23.54039 42.40589 6.0
40.0 15.0 15.0 145.11163 26.56445 64.66462 2.0
40.0 15.0 40.0 83.24164 23.54039 42.40589 2.0
40.0 17.0 17.0 122.78589 11.00533 94.62591 4.0
40.0 17.0 40.0 83.24164 23.54039 42.40589 4.0
40.0 19.0 19.0 66.4015 15.78947 45.39552 1448.0
40.0 19.0 40.0 83.24164 23.54039 42.40589 1448.0
40.0 20.0 20.0 85.06188 53.69844 22.3139 1729.0
40.0 20.0 40.0 83.24164 23.54039 42.40589 1729.0
40.0 21.0 21.0 28.2984 78.10727 19.28124 1.0
40.0 21.0 40.0 83.24164 23.54039 42.40589 1.0
40.0 31.0 31.0 121.55612 38.93934 36.03256 1074.0
40.0 31.0 40.0 83.24164 23.54039 42.40589 1074.0
40.0 37.0 37.0 80.27069 11.05187 113.79883 2.0
40.0 37.0 40.0 83.24164 23.54039 42.40589 2.0
40.0 39.0 39.0 21.81106 50.13868 32.79539 31.0
40.0 39.0 40.0 83.24164 23.54039 42.40589 31.0
40.0 40.0 40.0 83.24164 23.54039 42.40589 4525.0
40.0 40.0 40.0 83.24164 23.54039 42.40589 4525.0
41.0 4.0 4.0 72.11933 108.39793 139.67626 2787.0
41.0 4.0 41.0 59.86757 126.07249 122.4923 2787.0
41.0 5.0 5.0 36.1764 130.0549 82.18582 2185.0
41.0 5.0 41.0 59.86757 126.07249 122.4923 2185.0
41.0 6.0 6.0 5.47951 84.75891 74.42838 16.0
41.0 6.0 41.0 59.86757 126.07249 122.4923 16.0
41.0 9.0 9.0 78.59379 139.92754 102.61626 2099.0
41.0 9.0 41.0 59.86757 126.07249 122.4923 2099.0
41.0 13.0 13.0 21.77056 31.16731 56.45704 1.0
41.0 13.0 41.0 59.86757 126.07249 122.4923 1.0
41.0 22.0 22.0 25.09094 80.04905 119.45798 674.0
41.0 22.0 41.0 59.86757 126.07249 122.4923 674.0
41.0 24.0 24.0 107.88485 87.18824 149.15506 84.0
41.0 24.0 41.0 59.86757 126.07249 122.4923 84.0
41.0 28.0 28.0 84.3409 38.92736 143.13787 1.0
41.0 28.0 41.0 59.86757 126.07249 122.4923 1.0
41.0 30.0 30.0 88.40087 139.93714 62.7308 19.0
41.0 30.0 41.0 59.86757 126.07249 122.4923 19.0
41.0 34.0 34.0 127.80428 111.23458 129.59577 392.0
41.0 34.0 41.0 59.86757 126.07249 122.4923 392.0
41.0 35.0 35.0 147.79305 121.14615 95.61781 3.0
41.0 35.0 41.0 59.86757 126.07249 122.4923 3.0
41.0 38.0 38.0 88.72285 68.40944 152.61439 3.0
41.0 38.0 41.0 59.86757 126.07249 122.4923 3.0
41.0 41.0 41.0 59.86757 126.07249 122.4923 9119.0
41.0 41.0 41.0 59.86757 126.07249 122.4923 9119.0
41.0 42.0 42.0 56.64094 85.24051 144.9593 392.0
41.0 42.0 41.0 59.86757 126.07249 122.4923 392.0
41.0 43.0 43.0 101.6879 137.73304 99.13738 329.0
41.0 43.0 41.0 59.86757 126.07249 122.4923 329.0
42.0 0.0 0.0 55.11273 48.87686 141.96979 841.0
42.0 0.0 42.0 56.64094 85.24051 144.9593 841.0
42.0 4.0 4.0 72.11933 108.39793 139.67626 2187.0
42.0 4.0 42.0 56.64094 85.24051 144.9593 2187.0
42.0 5.0 5.0 36.1764 130.0549 82.18582 40.0
42.0 5.0 42.0 56.64094 85.24051 144.9593 40.0
42.0 6.0 6.0 5.47951 84.75891 74.42838 1.0
42.0 6.0 42.0 56.64094 85.24051 144.9593 1.0
42.0 16.0 16.0 37.10798 39.09522 124.71646 158.0
42.0 16.0 42.0 56.64094 85.24051 144.9593 158.0
42.0 22.0 22.0 25.09094 80.04905 119.45798 1566.0
42.0 22.0 42.0 56.64094 85.24051 144.9593 1566.0
42.0 24.0 24.0 107.88485 87.18824 149.15506 580.0
42.0 24.0 42.0 56.64094 85.24051 144.9593 580.0
42.0 27.0 27.0 18.72222 45.35464 103.73426 1.0
42.0 27.0 42.0 56.64094 85.24051 144.9593 1.0
42.0 28.0 28.0 84.3409 38.92736 143.13787 211.0
42.0 28.0 42.0 56.64094 85.24051 144.9593 211.0
42.0 33.0 33.0 97.18482 49.97091 149.24486 122.0
42.0 33.0 42.0 56.64094 85.24051 144.9593 122.0
42.0 34.0 34.0 127.80428 111.23458 129.59577 9.0
42.0 34.0 42.0 56.64094 85.24051 144.9593 9.0
42.0 36.0 36.0 51.17318 19.51792 119.7217 1.0
42.0 36.0 42.0 56.64094 85.24051 144.9593 1.0
42.0 38.0 38.0 88.72285 68.40944 152.61439 1105.0
42.0 38.0 42.0 56.64094 85.24051 144.9593 1105.0
42.0 41.0 41.0 59.86757 126.07249 122.4923 363.0
42.0 41.0 42.0 56.64094 85.24051 144.9593 363.0
42.0 42.0 42.0 56.64094 85.24051 144.9593 5814.0
42.0 42.0 42.0 56.64094 85.24051 144.9593 5814.0
42.0 44.0 44.0 70.24108 22.71985 131.34381 3.0
42.0 44.0 42.0 56.64094 85.24051 144.9593 3.0
43.0 4.0 4.0 72.11933 108.39793 139.67626 62.0
43.0 4.0 43.0 101.6879 137.73304 99.13738 62.0
43.0 5.0 5.0 36.1764 130.0549 82.18582 62.0
43.0 5.0 43.0 101.6879 137.73304 99.13738 62.0
43.0 9.0 9.0 78.59379 139.92754 102.61626 2041.0
43.0 9.0 43.0 101.6879 137.73304 99.13738 2041.0
43.0 24.0 24.0 107.88485 87.18824 149.15506 5.0
43.0 24.0 43.0 101.6879 137.73304 99.13738 5.0
43.0 30.0 30.0 88.40087 139.93714 62.7308 2147.0
43.0 30.0 43.0 101.6879 137.73304 99.13738 2147.0
43.0 34.0 34.0 127.80428 111.23458 129.59577 1390.0
43.0 34.0 43.0 101.6879 137.73304 99.13738 1390.0
43.0 35.0 35.0 147.79305 121.14615 95.61781 859.0
43.0 35.0 43.0 101.6879 137.73304 99.13738 859.0
43.0 41.0 41.0 59.86757 126.07249 122.4923 279.0
43.0 41.0 43.0 101.6879 137.73304 99.13738 279.0
43.0 43.0 43.0 101.6879 137.73304 99.13738 4826.0
43.0 43.0 43.0 101.6879 137.73304 99.13738 4826.0
43.0 46.0 46.0 114.49896 130.25678 52.72467 155.0
43.0 46.0 43.0 101.6879 137.73304 99.13738 155.0
44.0 0.0 0.0 55.11273 48.87686 141.96979 631.0
44.0 0.0 44.0 70.24108 22.71985 131.34381 631.0
44.0 2.0 2.0 27.40445 25.31603 87.67811 36.0
44.0 2.0 44.0 70.24108 22.71985 131.34381 36.0
44.0 3.0 3.0 83.18547 3.83105 88.01771 67.0
44.0 3.0 44.0 70.24108 22.71985 131.34381 67.0
44.0 11.0 11.0 48.53465 14.09541 56.5576 2.0
44.0 11.0 44.0 70.24108 22.71985 131.34381 2.0
44.0 16.0 16.0 37.10798 39.09522 124.71646 212.0
44.0 16.0 44.0 70.24108 22.71985 131.34381 212.0
44.0 17.0 17.0 122.78589 11.00533 94.62591 3.0
44.0 17.0 44.0 70.24108 22.71985 131.34381 3.0
44.0 22.0 22.0 25.09094 80.04905 119.45798 2.0
44.0 22.0 44.0 70.24108 22.71985 131.34381 2.0
44.0 26.0 26.0 132.08696 45.13359 139.12487 14.0
44.0 26.0 44.0 70.24108 22.71985 131.34381 14.0
44.0 27.0 27.0 18.72222 45.35464 103.73426 3.0
44.0 27.0 44.0 70.24108 22.71985 131.34381 3.0
44.0 28.0 28.0 84.3409 38.92736 143.13787 953.0
44.0 28.0 44.0 70.24108 22.71985 131.34381 953.0
44.0 29.0 29.0 122.7329 20.59345 121.16898 85.0
44.0 29.0 44.0 70.24108 22.71985 131.34381 85.0
44.0 33.0 33.0 97.18482 49.97091 149.24486 109.0
44.0 33.0 44.0 70.24108 22.71985 131.34381 109.0
44.0 36.0 36.0 51.17318 19.51792 119.7217 744.0
44.0 36.0 44.0 70.24108 22.71985 131.34381 744.0
44.0 37.0 37.0 80.27069 11.05187 113.79883 1536.0
44.0 37.0 44.0 70.24108 22.71985 131.34381 1536.0
44.0 38.0 38.0 88.72285 68.40944 152.61439 21.0
44.0 38.0 44.0 70.24108 22.71985 131.34381 21.0
44.0 42.0 42.0 56.64094 85.24051 144.9593 2.0
44.0 42.0 44.0 70.24108 22.71985 131.34381 2.0
44.0 44.0 44.0 70.24108 22.71985 131.34381 1813.0
44.0 44.0 44.0 70.24108 22.71985 131.34381 1813.0
45.0 1.0 1.0 66.23231 89.26688 7.47568 1950.0
45.0 1.0 45.0 35.0798 116.36596 28.5956 1950.0
45.0 5.0 5.0 36.1764 130.0549 82.18582 2008.0
45.0 5.0 45.0 35.0798 116.36596 28.5956 2008.0
45.0 6.0 6.0 5.47951 84.75891 74.42838 962.0
45.0 6.0 45.0 35.0798 116.36596 28.5956 962.0
45.0 8.0 8.0 108.19409 85.93129 38.71087 109.0
45.0 8.0 45.0 35.0798 116.36596 28.5956 109.0
45.0 9.0 9.0 78.59379 139.92754 102.61626 3.0
45.0 9.0 45.0 35.0798 116.36596 28.5956 3.0
45.0 14.0 14.0 128.33708 116.03124 40.29671 2.0
45.0 14.0 45.0 35.0798 116.36596 28.5956 2.0
45.0 20.0 20.0 85.06188 53.69844 22.3139 1.0
45.0 20.0 45.0 35.0798 116.36596 28.5956 1.0
45.0 21.0 21.0 28.2984 78.10727 19.28124 1833.0
45.0 21.0 45.0 35.0798 116.36596 28.5956 1833.0
45.0 30.0 30.0 88.40087 139.93714 62.7308 804.0
45.0 30.0 45.0 35.0798 116.36596 28.5956 804.0
45.0 39.0 39.0 21.81106 50.13868 32.79539 70.0
45.0 39.0 45.0 35.0798 116.36596 28.5956 70.0
45.0 45.0 45.0 35.0798 116.36596 28.5956 13432.0
45.0 45.0 45.0 35.0798 116.36596 28.5956 13432.0
45.0 46.0 46.0 114.49896 130.25678 52.72467 53.0
45.0 46.0 45.0 35.0798 116.36596 28.5956 53.0
46.0 1.0 1.0 66.23231 89.26688 7.47568 132.0
46.0 1.0 46.0 114.49896 130.25678 52.72467 132.0
46.0 5.0 5.0 36.1764 130.0549 82.18582 4.0
46.0 5.0 46.0 114.49896 130.25678 52.72467 4.0
46.0 8.0 8.0 108.19409 85.93129 38.71087 1111.0
46.0 8.0 46.0 114.49896 130.25678 52.72467 1111.0
46.0 9.0 9.0 78.59379 139.92754 102.61626 4.0
46.0 9.0 46.0 114.49896 130.25678 52.72467 4.0
46.0 12.0 12.0 179.7924 86.34256 84.73058 4.0
46.0 12.0 46.0 114.49896 130.25678 52.72467 4.0
46.0 14.0 14.0 128.33708 116.03124 40.29671 2835.0
46.0 14.0 46.0 114.49896 130.25678 52.72467 2835.0
46.0 20.0 20.0 85.06188 53.69844 22.3139 1.0
46.0 20.0 46.0 114.49896 130.25678 52.72467 1.0
46.0 30.0 30.0 88.40087 139.93714 62.7308 3417.0
46.0 30.0 46.0 114.49896 130.25678 52.72467 3417.0
46.0 32.0 32.0 156.97077 89.02174 57.96107 277.0
46.0 32.0 46.0 114.49896 130.25678 52.72467 277.0
46.0 34.0 34.0 127.80428 111.23458 129.59577 9.0
46.0 34.0 46.0 114.49896 130.25678 52.72467 9.0
46.0 35.0 35.0 147.79305 121.14615 95.61781 1118.0
46.0 35.0 46.0 114.49896 130.25678 52.72467 1118.0
46.0 43.0 43.0 101.6879 137.73304 99.13738 143.0
46.0 43.0 46.0 114.49896 130.25678 52.72467 143.0
46.0 45.0 45.0 35.0798 116.36596 28.5956 32.0
46.0 45.0 46.0 114.49896 130.25678 52.72467 32.0
46.0 46.0 46.0 114.49896 130.25678 52.72467 7062.0
46.0 46.0 46.0 114.49896 130.25678 52.72467 7062.0
47.0 12.0 12.0 179.7924 86.34256 84.73058 423.0
47.0 12.0 47.0 164.17948 62.74482 126.13693 423.0
47.0 15.0 15.0 145.11163 26.56445 64.66462 6.0
47.0 15.0 47.0 164.17948 62.74482 126.13693 6.0
47.0 17.0 17.0 122.78589 11.00533 94.62591 22.0
47.0 17.0 47.0 164.17948 62.74482 126.13693 22.0
47.0 18.0 18.0 159.21345 24.84522 93.91086 655.0
47.0 18.0 47.0 164.17948 62.74482 126.13693 655.0
47.0 23.0 23.0 173.47829 43.53185 76.97684 360.0
47.0 23.0 47.0 164.17948 62.74482 126.13693 360.0
47.0 24.0 24.0 107.88485 87.18824 149.15506 201.0
47.0 24.0 47.0 164.17948 62.74482 126.13693 201.0
47.0 25.0 25.0 182.84214 64.00461 100.28587 1190.0
47.0 25.0 47.0 164.17948 62.74482 126.13693 1190.0
47.0 26.0 26.0 132.08696 45.13359 139.12487 1866.0
47.0 26.0 47.0 164.17948 62.74482 126.13693 1866.0
47.0 29.0 29.0 122.7329 20.59345 121.16898 254.0
47.0 29.0 47.0 164.17948 62.74482 126.13693 254.0
47.0 32.0 32.0 156.97077 89.02174 57.96107 2.0
47.0 32.0 47.0 164.17948 62.74482 126.13693 2.0
47.0 33.0 33.0 97.18482 49.97091 149.24486 4.0
47.0 33.0 47.0 164.17948 62.74482 126.13693 4.0
47.0 34.0 34.0 127.80428 111.23458 129.59577 1228.0
47.0 34.0 47.0 164.17948 62.74482 126.13693 1228.0
47.0 35.0 35.0 147.79305 121.14615 95.61781 367.0
47.0 35.0 47.0 164.17948 62.74482 126.13693 367.0
47.0 37.0 37.0 80.27069 11.05187 113.79883 1.0
47.0 37.0 47.0 164.17948 62.74482 126.13693 1.0
47.0 38.0 38.0 88.72285 68.40944 152.61439 4.0
47.0 38.0 47.0 164.17948 62.74482 126.13693 4.0
47.0 47.0 47.0 164.17948 62.74482 126.13693 8953.0
47.0 47.0 47.0 164.17948 62.74482 126.13693 8953.0
