TargetArea SourceArea Area AvgPosX AvgPosY AvgPosZ SumWeights
0.0 0.0 0.0 55.08949 48.88809 141.96583 3942.0
0.0 0.0 0.0 55.08949 48.88809 141.96583 3942.0
0.0 2.0 2.0 27.39006 25.33793 87.70526 12.0
0.0 2.0 0.0 55.08949 48.88809 141.96583 12.0
0.0 4.0 4.0 72.08568 108.39195 139.67587 10.0
0.0 4.0 0.0 55.08949 48.88809 141.96583 10.0
0.0 5.0 5.0 36.1641 130.04756 82.18851 1.0
0.0 5.0 0.0 55.08949 48.88809 141.96583 1.0
0.0 16.0 16.0 37.08698 39.12087 124.70918 1435.0
0.0 16.0 0.0 55.08949 48.88809 141.96583 1435.0
0.0 22.0 22.0 25.08606 80.05576 119.45126 563.0
0.0 22.0 0.0 55.08949 48.88809 141.96583 563.0
0.0 24.0 24.0 107.85804 87.23475 149.1474 12.0
0.0 24.0 0.0 55.08949 48.88809 141.96583 12.0
0.0 27.0 27.0 18.70413 45.38305 103.73199 26.0
0.0 27.0 0.0 55.08949 48.88809 141.96583 26.0
0.0 28.0 28.0 84.3283 38.93281 143.14095 1134.0
0.0 28.0 0.0 55.08949 48.88809 141.96583 1134.0
0.0 29.0 29.0 122.70662 20.59044 121.17675 1.0
0.0 29.0 0.0 55.08949 48.88809 141.96583 1.0
0.0 33.0 33.0 97.16186 49.94809 149.23825 274.0
0.0 33.0 0.0 55.08949 48.88809 141.96583 274.0
0.0 36.0 36.0 51.17108 19.5037 119.70509 470.0
0.0 36.0 0.0 55.08949 48.88809 141.96583 470.0
0.0 37.0 37.0 80.21806 11.05324 113.79743 70.0
0.0 37.0 0.0 55.08949 48.88809 141.96583 70.0
0.0 38.0 38.0 88.6474 68.41843 152.61292 438.0
0.0 38.0 0.0 55.08949 48.88809 141.96583 438.0
0.0 41.0 41.0 59.82522 126.0631 122.4887 3.0
0.0 41.0 0.0 55.08949 48.88809 141.96583 3.0
0.0 42.0 42.0 56.60963 85.25004 144.94272 915.0
0.0 42.0 0.0 55.08949 48.88809 141.96583 915.0
0.0 44.0 44.0 70.23756 22.71609 131.34435 588.0
0.0 44.0 0.0 55.08949 48.88809 141.96583 588.0
1.0 1.0 1.0 66.23461 89.20432 7.4641 11379.0
1.0 1.0 1.0 66.23461 89.20432 7.4641 11379.0
1.0 5.0 5.0 36.1641 130.04756 82.18851 26.0
1.0 5.0 1.0 66.23461 89.20432 7.4641 26.0
1.0 6.0 6.0 5.47198 84.79873 74.40774 1.0
1.0 6.0 1.0 66.23461 89.20432 7.4641 1.0
1.0 8.0 8.0 108.15084 85.97243 38.67497 1653.0
1.0 8.0 1.0 66.23461 89.20432 7.4641 1653.0
1.0 11.0 11.0 48.52574 14.12287 56.49519 20.0
1.0 11.0 1.0 66.23461 89.20432 7.4641 20.0
1.0 14.0 14.0 128.36144 116.03759 40.31307 50.0
1.0 14.0 1.0 66.23461 89.20432 7.4641 50.0
1.0 19.0 19.0 66.39133 15.82332 45.33549 22.0
1.0 19.0 1.0 66.23461 89.20432 7.4641 22.0
1.0 20.0 20.0 85.04009 53.69713 22.2978 2223.0
1.0 20.0 1.0 66.23461 89.20432 7.4641 2223.0
1.0 21.0 21.0 28.30688 78.09075 19.28009 1374.0
1.0 21.0 1.0 66.23461 89.20432 7.4641 1374.0
1.0 30.0 30.0 88.32236 139.92613 62.67577 354.0
1.0 30.0 1.0 66.23461 89.20432 7.4641 354.0
1.0 31.0 31.0 121.4933 38.94038 36.02623 2.0
1.0 31.0 1.0 66.23461 89.20432 7.4641 2.0
1.0 39.0 39.0 21.8367 50.12468 32.76035 279.0
1.0 39.0 1.0 66.23461 89.20432 7.4641 279.0
1.0 40.0 40.0 83.22175 23.58133 42.40122 17.0
1.0 40.0 1.0 66.23461 89.20432 7.4641 17.0
1.0 45.0 45.0 35.02985 116.35503 28.61994 1841.0
1.0 45.0 1.0 66.23461 89.20432 7.4641 1841.0
1.0 46.0 46.0 114.46274 130.24452 52.68744 152.0
1.0 46.0 1.0 66.23461 89.20432 7.4641 152.0
2.0 0.0 0.0 55.08949 48.88809 141.96583 13.0
2.0 0.0 2.0 27.39006 25.33793 87.70526 13.0
2.0 2.0 2.0 27.39006 25.33793 87.70526 6713.0
2.0 2.0 2.0 27.39006 25.33793 87.70526 6713.0
2.0 3.0 3.0 83.14082 3.82889 88.01443 355.0
2.0 3.0 2.0 27.39006 25.33793 87.70526 355.0
2.0 6.0 6.0 5.47198 84.79873 74.40774 445.0
2.0 6.0 2.0 27.39006 25.33793 87.70526 445.0
2.0 10.0 10.0 97.06488 3.92967 61.06409 2.0
2.0 10.0 2.0 27.39006 25.33793 87.70526 2.0
2.0 11.0 11.0 48.52574 14.12287 56.49519 1394.0
2.0 11.0 2.0 27.39006 25.33793 87.70526 1394.0
2.0 13.0 13.0 21.79444 31.15319 56.4273 1428.0
2.0 13.0 2.0 27.39006 25.33793 87.70526 1428.0
2.0 16.0 16.0 37.08698 39.12087 124.70918 704.0
2.0 16.0 2.0 27.39006 25.33793 87.70526 704.0
2.0 19.0 19.0 66.39133 15.82332 45.33549 14.0
2.0 19.0 2.0 27.39006 25.33793 87.70526 14.0
2.0 20.0 20.0 85.04009 53.69713 22.2978 1.0
2.0 20.0 2.0 27.39006 25.33793 87.70526 1.0
2.0 22.0 22.0 25.08606 80.05576 119.45126 92.0
2.0 22.0 2.0 27.39006 25.33793 87.70526 92.0
2.0 27.0 27.0 18.70413 45.38305 103.73199 1654.0
2.0 27.0 2.0 27.39006 25.33793 87.70526 1654.0
2.0 28.0 28.0 84.3283 38.93281 143.14095 1.0
2.0 28.0 2.0 27.39006 25.33793 87.70526 1.0
2.0 36.0 36.0 51.17108 19.5037 119.70509 535.0
2.0 36.0 2.0 27.39006 25.33793 87.70526 535.0
2.0 37.0 37.0 80.21806 11.05324 113.79743 433.0
2.0 37.0 2.0 27.39006 25.33793 87.70526 433.0
2.0 39.0 39.0 21.8367 50.12468 32.76035 148.0
2.0 39.0 2.0 27.39006 25.33793 87.70526 148.0
2.0 40.0 40.0 83.22175 23.58133 42.40122 2.0
2.0 40.0 2.0 27.39006 25.33793 87.70526 2.0
2.0 44.0 44.0 70.23756 22.71609 131.34435 36.0
2.0 44.0 2.0 27.39006 25.33793 87.70526 36.0
3.0 2.0 2.0 27.39006 25.33793 87.70526 302.0
3.0 2.0 3.0 83.14082 3.82889 88.01443 302.0
3.0 3.0 3.0 83.14082 3.82889 88.01443 7148.0
3.0 3.0 3.0 83.14082 3.82889 88.01443 7148.0
3.0 7.0 7.0 121.65871 13.45216 56.88428 220.0
3.0 7.0 3.0 83.14082 3.82889 88.01443 220.0
3.0 10.0 10.0 97.06488 3.92967 61.06409 1583.0
3.0 10.0 3.0 83.14082 3.82889 88.01443 1583.0
3.0 11.0 11.0 48.52574 14.12287 56.49519 1080.0
3.0 11.0 3.0 83.14082 3.82889 88.01443 1080.0
3.0 13.0 13.0 21.79444 31.15319 56.4273 7.0
3.0 13.0 3.0 83.14082 3.82889 88.01443 7.0
3.0 15.0 15.0 145.11065 26.56315 64.67758 15.0
3.0 15.0 3.0 83.14082 3.82889 88.01443 15.0
3.0 16.0 16.0 37.08698 39.12087 124.70918 7.0
3.0 16.0 3.0 83.14082 3.82889 88.01443 7.0
3.0 17.0 17.0 122.80581 11.00874 94.5963 1228.0
3.0 17.0 3.0 83.14082 3.82889 88.01443 1228.0
3.0 19.0 19.0 66.39133 15.82332 45.33549 443.0
3.0 19.0 3.0 83.14082 3.82889 88.01443 443.0
3.0 27.0 27.0 18.70413 45.38305 103.73199 2.0
3.0 27.0 3.0 83.14082 3.82889 88.01443 2.0
3.0 28.0 28.0 84.3283 38.93281 143.14095 7.0
3.0 28.0 3.0 83.14082 3.82889 88.01443 7.0
3.0 29.0 29.0 122.70662 20.59044 121.17675 194.0
3.0 29.0 3.0 83.14082 3.82889 88.01443 194.0
3.0 31.0 31.0 121.4933 38.94038 36.02623 3.0
3.0 31.0 3.0 83.14082 3.82889 88.01443 3.0
3.0 36.0 36.0 51.17108 19.5037 119.70509 147.0
3.0 36.0 3.0 83.14082 3.82889 88.01443 147.0
3.0 37.0 37.0 80.21806 11.05324 113.79743 2577.0
3.0 37.0 3.0 83.14082 3.82889 88.01443 2577.0
3.0 40.0 40.0 83.22175 23.58133 42.40122 143.0
3.0 40.0 3.0 83.14082 3.82889 88.01443 143.0
3.0 44.0 44.0 70.23756 22.71609 131.34435 51.0
3.0 44.0 3.0 83.14082 3.82889 88.01443 51.0
4.0 0.0 0.0 55.08949 48.88809 141.96583 15.0
4.0 0.0 4.0 72.08568 108.39195 139.67587 15.0
4.0 4.0 4.0 72.08568 108.39195 139.67587 6635.0
4.0 4.0 4.0 72.08568 108.39195 139.67587 6635.0
4.0 5.0 5.0 36.1641 130.04756 82.18851 100.0
4.0 5.0 4.0 72.08568 108.39195 139.67587 100.0
4.0 6.0 6.0 5.47198 84.79873 74.40774 3.0
4.0 6.0 4.0 72.08568 108.39195 139.67587 3.0
4.0 9.0 9.0 78.59126 139.92662 102.62739 272.0
4.0 9.0 4.0 72.08568 108.39195 139.67587 272.0
4.0 16.0 16.0 37.08698 39.12087 124.70918 1.0
4.0 16.0 4.0 72.08568 108.39195 139.67587 1.0
4.0 22.0 22.0 25.08606 80.05576 119.45126 475.0
4.0 22.0 4.0 72.08568 108.39195 139.67587 475.0
4.0 24.0 24.0 107.85804 87.23475 149.1474 1560.0
4.0 24.0 4.0 72.08568 108.39195 139.67587 1560.0
4.0 28.0 28.0 84.3283 38.93281 143.14095 4.0
4.0 28.0 4.0 72.08568 108.39195 139.67587 4.0
4.0 33.0 33.0 97.16186 49.94809 149.23825 12.0
4.0 33.0 4.0 72.08568 108.39195 139.67587 12.0
4.0 34.0 34.0 127.76541 111.26986 129.58645 901.0
4.0 34.0 4.0 72.08568 108.39195 139.67587 901.0
4.0 35.0 35.0 147.75806 121.17004 95.61097 1.0
4.0 35.0 4.0 72.08568 108.39195 139.67587 1.0
4.0 38.0 38.0 88.6474 68.41843 152.61292 220.0
4.0 38.0 4.0 72.08568 108.39195 139.67587 220.0
4.0 41.0 41.0 59.82522 126.0631 122.4887 2737.0
4.0 41.0 4.0 72.08568 108.39195 139.67587 2737.0
4.0 42.0 42.0 56.60963 85.25004 144.94272 2091.0
4.0 42.0 4.0 72.08568 108.39195 139.67587 2091.0
4.0 43.0 43.0 101.68154 137.73236 99.15078 76.0
4.0 43.0 4.0 72.08568 108.39195 139.67587 76.0
4.0 45.0 45.0 35.02985 116.35503 28.61994 1.0
4.0 45.0 4.0 72.08568 108.39195 139.67587 1.0
5.0 1.0 1.0 66.23461 89.20432 7.4641 16.0
5.0 1.0 5.0 36.1641 130.04756 82.18851 16.0
5.0 4.0 4.0 72.08568 108.39195 139.67587 100.0
5.0 4.0 5.0 36.1641 130.04756 82.18851 100.0
5.0 5.0 5.0 36.1641 130.04756 82.18851 21895.0
5.0 5.0 5.0 36.1641 130.04756 82.18851 21895.0
5.0 6.0 6.0 5.47198 84.79873 74.40774 1993.0
5.0 6.0 5.0 36.1641 130.04756 82.18851 1993.0
5.0 8.0 8.0 108.15084 85.97243 38.67497 8.0
5.0 8.0 5.0 36.1641 130.04756 82.18851 8.0
5.0 9.0 9.0 78.59126 139.92662 102.62739 1460.0
5.0 9.0 5.0 36.1641 130.04756 82.18851 1460.0
5.0 21.0 21.0 28.30688 78.09075 19.28009 16.0
5.0 21.0 5.0 36.1641 130.04756 82.18851 16.0
5.0 22.0 22.0 25.08606 80.05576 119.45126 1182.0
5.0 22.0 5.0 36.1641 130.04756 82.18851 1182.0
5.0 30.0 30.0 88.32236 139.92613 62.67577 1764.0
5.0 30.0 5.0 36.1641 130.04756 82.18851 1764.0
5.0 41.0 41.0 59.82522 126.0631 122.4887 2359.0
5.0 41.0 5.0 36.1641 130.04756 82.18851 2359.0
5.0 42.0 42.0 56.60963 85.25004 144.94272 30.0
5.0 42.0 5.0 36.1641 130.04756 82.18851 30.0
5.0 43.0 43.0 101.68154 137.73236 99.15078 78.0
5.0 43.0 5.0 36.1641 130.04756 82.18851 78.0
5.0 45.0 45.0 35.02985 116.35503 28.61994 1996.0
5.0 45.0 5.0 36.1641 130.04756 82.18851 1996.0
5.0 46.0 46.0 114.46274 130.24452 52.68744 12.0
5.0 46.0 5.0 36.1641 130.04756 82.18851 12.0
6.0 2.0 2.0 27.39006 25.33793 87.70526 524.0
6.0 2.0 6.0 5.47198 84.79873 74.40774 524.0
6.0 4.0 4.0 72.08568 108.39195 139.67587 4.0
6.0 4.0 6.0 5.47198 84.79873 74.40774 4.0
6.0 5.0 5.0 36.1641 130.04756 82.18851 2091.0
6.0 5.0 6.0 5.47198 84.79873 74.40774 2091.0
6.0 6.0 6.0 5.47198 84.79873 74.40774 15996.0
6.0 6.0 6.0 5.47198 84.79873 74.40774 15996.0
6.0 11.0 11.0 48.52574 14.12287 56.49519 3.0
6.0 11.0 6.0 5.47198 84.79873 74.40774 3.0
6.0 13.0 13.0 21.79444 31.15319 56.4273 425.0
6.0 13.0 6.0 5.47198 84.79873 74.40774 425.0
6.0 16.0 16.0 37.08698 39.12087 124.70918 8.0
6.0 16.0 6.0 5.47198 84.79873 74.40774 8.0
6.0 21.0 21.0 28.30688 78.09075 19.28009 657.0
6.0 21.0 6.0 5.47198 84.79873 74.40774 657.0
6.0 22.0 22.0 25.08606 80.05576 119.45126 2078.0
6.0 22.0 6.0 5.47198 84.79873 74.40774 2078.0
6.0 27.0 27.0 18.70413 45.38305 103.73199 853.0
6.0 27.0 6.0 5.47198 84.79873 74.40774 853.0
6.0 39.0 39.0 21.8367 50.12468 32.76035 1351.0
6.0 39.0 6.0 5.47198 84.79873 74.40774 1351.0
6.0 41.0 41.0 59.82522 126.0631 122.4887 24.0
6.0 41.0 6.0 5.47198 84.79873 74.40774 24.0
6.0 45.0 45.0 35.02985 116.35503 28.61994 958.0
6.0 45.0 6.0 5.47198 84.79873 74.40774 958.0
7.0 3.0 3.0 83.14082 3.82889 88.01443 210.0
7.0 3.0 7.0 121.65871 13.45216 56.88428 210.0
7.0 7.0 7.0 121.65871 13.45216 56.88428 4128.0
7.0 7.0 7.0 121.65871 13.45216 56.88428 4128.0
7.0 8.0 8.0 108.15084 85.97243 38.67497 8.0
7.0 8.0 7.0 121.65871 13.45216 56.88428 8.0
7.0 10.0 10.0 97.06488 3.92967 61.06409 1438.0
7.0 10.0 7.0 121.65871 13.45216 56.88428 1438.0
7.0 15.0 15.0 145.11065 26.56315 64.67758 1488.0
7.0 15.0 7.0 121.65871 13.45216 56.88428 1488.0
7.0 17.0 17.0 122.80581 11.00874 94.5963 805.0
7.0 17.0 7.0 121.65871 13.45216 56.88428 805.0
7.0 18.0 18.0 159.19145 24.82879 93.91841 43.0
7.0 18.0 7.0 121.65871 13.45216 56.88428 43.0
7.0 19.0 19.0 66.39133 15.82332 45.33549 12.0
7.0 19.0 7.0 121.65871 13.45216 56.88428 12.0
7.0 20.0 20.0 85.04009 53.69713 22.2978 22.0
7.0 20.0 7.0 121.65871 13.45216 56.88428 22.0
7.0 23.0 23.0 173.47575 43.55819 76.97414 15.0
7.0 23.0 7.0 121.65871 13.45216 56.88428 15.0
7.0 29.0 29.0 122.70662 20.59044 121.17675 11.0
7.0 29.0 7.0 121.65871 13.45216 56.88428 11.0
7.0 31.0 31.0 121.4933 38.94038 36.02623 1545.0
7.0 31.0 7.0 121.65871 13.45216 56.88428 1545.0
7.0 32.0 32.0 156.99542 89.07442 57.97655 4.0
7.0 32.0 7.0 121.65871 13.45216 56.88428 4.0
7.0 37.0 37.0 80.21806 11.05324 113.79743 6.0
7.0 37.0 7.0 121.65871 13.45216 56.88428 6.0
7.0 40.0 40.0 83.22175 23.58133 42.40122 302.0
7.0 40.0 7.0 121.65871 13.45216 56.88428 302.0
8.0 1.0 1.0 66.23461 89.20432 7.4641 1484.0
8.0 1.0 8.0 108.15084 85.97243 38.67497 1484.0
8.0 3.0 3.0 83.14082 3.82889 88.01443 1.0
8.0 3.0 8.0 108.15084 85.97243 38.67497 1.0
8.0 4.0 4.0 72.08568 108.39195 139.67587 1.0
8.0 4.0 8.0 108.15084 85.97243 38.67497 1.0
8.0 5.0 5.0 36.1641 130.04756 82.18851 8.0
8.0 5.0 8.0 108.15084 85.97243 38.67497 8.0
8.0 7.0 7.0 121.65871 13.45216 56.88428 7.0
8.0 7.0 8.0 108.15084 85.97243 38.67497 7.0
8.0 8.0 8.0 108.15084 85.97243 38.67497 28709.0
8.0 8.0 8.0 108.15084 85.97243 38.67497 28709.0
8.0 12.0 12.0 179.80442 86.31961 84.70779 6.0
8.0 12.0 8.0 108.15084 85.97243 38.67497 6.0
8.0 14.0 14.0 128.36144 116.03759 40.31307 2634.0
8.0 14.0 8.0 108.15084 85.97243 38.67497 2634.0
8.0 15.0 15.0 145.11065 26.56315 64.67758 48.0
8.0 15.0 8.0 108.15084 85.97243 38.67497 48.0
8.0 19.0 19.0 66.39133 15.82332 45.33549 1.0
8.0 19.0 8.0 108.15084 85.97243 38.67497 1.0
8.0 20.0 20.0 85.04009 53.69713 22.2978 2970.0
8.0 20.0 8.0 108.15084 85.97243 38.67497 2970.0
8.0 23.0 23.0 173.47575 43.55819 76.97414 5.0
8.0 23.0 8.0 108.15084 85.97243 38.67497 5.0
8.0 30.0 30.0 88.32236 139.92613 62.67577 576.0
8.0 30.0 8.0 108.15084 85.97243 38.67497 576.0
8.0 31.0 31.0 121.4933 38.94038 36.02623 1771.0
8.0 31.0 8.0 108.15084 85.97243 38.67497 1771.0
8.0 32.0 32.0 156.99542 89.07442 57.97655 1471.0
8.0 32.0 8.0 108.15084 85.97243 38.67497 1471.0
8.0 35.0 35.0 147.75806 121.17004 95.61097 1.0
8.0 35.0 8.0 108.15084 85.97243 38.67497 1.0
8.0 40.0 40.0 83.22175 23.58133 42.40122 17.0
8.0 40.0 8.0 108.15084 85.97243 38.67497 17.0
8.0 41.0 41.0 59.82522 126.0631 122.4887 1.0
8.0 41.0 8.0 108.15084 85.97243 38.67497 1.0
8.0 43.0 43.0 101.68154 137.73236 99.15078 1.0
8.0 43.0 8.0 108.15084 85.97243 38.67497 1.0
8.0 45.0 45.0 35.02985 116.35503 28.61994 85.0
8.0 45.0 8.0 108.15084 85.97243 38.67497 85.0
8.0 46.0 46.0 114.46274 130.24452 52.68744 1083.0
8.0 46.0 8.0 108.15084 85.97243 38.67497 1083.0
9.0 4.0 4.0 72.08568 108.39195 139.67587 295.0
9.0 4.0 9.0 78.59126 139.92662 102.62739 295.0
9.0 5.0 5.0 36.1641 130.04756 82.18851 1330.0
9.0 5.0 9.0 78.59126 139.92662 102.62739 1330.0
9.0 9.0 9.0 78.59126 139.92662 102.62739 4945.0
9.0 9.0 9.0 78.59126 139.92662 102.62739 4945.0
9.0 22.0 22.0 25.08606 80.05576 119.45126 1.0
9.0 22.0 9.0 78.59126 139.92662 102.62739 1.0
9.0 24.0 24.0 107.85804 87.23475 149.1474 25.0
9.0 24.0 9.0 78.59126 139.92662 102.62739 25.0
9.0 30.0 30.0 88.32236 139.92613 62.67577 1188.0
9.0 30.0 9.0 78.59126 139.92662 102.62739 1188.0
9.0 34.0 34.0 127.76541 111.26986 129.58645 588.0
9.0 34.0 9.0 78.59126 139.92662 102.62739 588.0
9.0 35.0 35.0 147.75806 121.17004 95.61097 21.0
9.0 35.0 9.0 78.59126 139.92662 102.62739 21.0
9.0 41.0 41.0 59.82522 126.0631 122.4887 2090.0
9.0 41.0 9.0 78.59126 139.92662 102.62739 2090.0
9.0 43.0 43.0 101.68154 137.73236 99.15078 2114.0
9.0 43.0 9.0 78.59126 139.92662 102.62739 2114.0
9.0 45.0 45.0 35.02985 116.35503 28.61994 2.0
9.0 45.0 9.0 78.59126 139.92662 102.62739 2.0
9.0 46.0 46.0 114.46274 130.24452 52.68744 4.0
9.0 46.0 9.0 78.59126 139.92662 102.62739 4.0
10.0 2.0 2.0 27.39006 25.33793 87.70526 2.0
10.0 2.0 10.0 97.06488 3.92967 61.06409 2.0
10.0 3.0 3.0 83.14082 3.82889 88.01443 1551.0
10.0 3.0 10.0 97.06488 3.92967 61.06409 1551.0
10.0 7.0 7.0 121.65871 13.45216 56.88428 1499.0
10.0 7.0 10.0 97.06488 3.92967 61.06409 1499.0
10.0 10.0 10.0 97.06488 3.92967 61.06409 4192.0
10.0 10.0 10.0 97.06488 3.92967 61.06409 4192.0
10.0 11.0 11.0 48.52574 14.12287 56.49519 184.0
10.0 11.0 10.0 97.06488 3.92967 61.06409 184.0
10.0 15.0 15.0 145.11065 26.56315 64.67758 67.0
10.0 15.0 10.0 97.06488 3.92967 61.06409 67.0
10.0 17.0 17.0 122.80581 11.00874 94.5963 451.0
10.0 17.0 10.0 97.06488 3.92967 61.06409 451.0
10.0 18.0 18.0 159.19145 24.82879 93.91841 3.0
10.0 18.0 10.0 97.06488 3.92967 61.06409 3.0
10.0 19.0 19.0 66.39133 15.82332 45.33549 566.0
10.0 19.0 10.0 97.06488 3.92967 61.06409 566.0
10.0 20.0 20.0 85.04009 53.69713 22.2978 45.0
10.0 20.0 10.0 97.06488 3.92967 61.06409 45.0
10.0 29.0 29.0 122.70662 20.59044 121.17675 7.0
10.0 29.0 10.0 97.06488 3.92967 61.06409 7.0
10.0 31.0 31.0 121.4933 38.94038 36.02623 388.0
10.0 31.0 10.0 97.06488 3.92967 61.06409 388.0
10.0 37.0 37.0 80.21806 11.05324 113.79743 47.0
10.0 37.0 10.0 97.06488 3.92967 61.06409 47.0
10.0 40.0 40.0 83.22175 23.58133 42.40122 1261.0
10.0 40.0 10.0 97.06488 3.92967 61.06409 1261.0
11.0 1.0 1.0 66.23461 89.20432 7.4641 17.0
11.0 1.0 11.0 48.52574 14.12287 56.49519 17.0
11.0 2.0 2.0 27.39006 25.33793 87.70526 1375.0
11.0 2.0 11.0 48.52574 14.12287 56.49519 1375.0
11.0 3.0 3.0 83.14082 3.82889 88.01443 1100.0
11.0 3.0 11.0 48.52574 14.12287 56.49519 1100.0
11.0 8.0 8.0 108.15084 85.97243 38.67497 1.0
11.0 8.0 11.0 48.52574 14.12287 56.49519 1.0
11.0 10.0 10.0 97.06488 3.92967 61.06409 199.0
11.0 10.0 11.0 48.52574 14.12287 56.49519 199.0
11.0 11.0 11.0 48.52574 14.12287 56.49519 8306.0
11.0 11.0 11.0 48.52574 14.12287 56.49519 8306.0
11.0 13.0 13.0 21.79444 31.15319 56.4273 1500.0
11.0 13.0 11.0 48.52574 14.12287 56.49519 1500.0
11.0 16.0 16.0 37.08698 39.12087 124.70918 16.0
11.0 16.0 11.0 48.52574 14.12287 56.49519 16.0
11.0 19.0 19.0 66.39133 15.82332 45.33549 2138.0
11.0 19.0 11.0 48.52574 14.12287 56.49519 2138.0
11.0 20.0 20.0 85.04009 53.69713 22.2978 279.0
11.0 20.0 11.0 48.52574 14.12287 56.49519 279.0
11.0 21.0 21.0 28.30688 78.09075 19.28009 29.0
11.0 21.0 11.0 48.52574 14.12287 56.49519 29.0
11.0 27.0 27.0 18.70413 45.38305 103.73199 6.0
11.0 27.0 11.0 48.52574 14.12287 56.49519 6.0
11.0 31.0 31.0 121.4933 38.94038 36.02623 7.0
11.0 31.0 11.0 48.52574 14.12287 56.49519 7.0
11.0 36.0 36.0 51.17108 19.5037 119.70509 68.0
11.0 36.0 11.0 48.52574 14.12287 56.49519 68.0
11.0 37.0 37.0 80.21806 11.05324 113.79743 261.0
11.0 37.0 11.0 48.52574 14.12287 56.49519 261.0
11.0 39.0 39.0 21.8367 50.12468 32.76035 838.0
11.0 39.0 11.0 48.52574 14.12287 56.49519 838.0
11.0 40.0 40.0 83.22175 23.58133 42.40122 571.0
11.0 40.0 11.0 48.52574 14.12287 56.49519 571.0
11.0 44.0 44.0 70.23756 22.71609 131.34435 2.0
11.0 44.0 11.0 48.52574 14.12287 56.49519 2.0
12.0 8.0 8.0 108.15084 85.97243 38.67497 1.0
12.0 8.0 12.0 179.80442 86.31961 84.70779 1.0
12.0 12.0 12.0 179.80442 86.31961 84.70779 5928.0
12.0 12.0 12.0 179.80442 86.31961 84.70779 5928.0
12.0 14.0 14.0 128.36144 116.03759 40.31307 1.0
12.0 14.0 12.0 179.80442 86.31961 84.70779 1.0
12.0 15.0 15.0 145.11065 26.56315 64.67758 35.0
12.0 15.0 12.0 179.80442 86.31961 84.70779 35.0
12.0 18.0 18.0 159.19145 24.82879 93.91841 15.0
12.0 18.0 12.0 179.80442 86.31961 84.70779 15.0
12.0 23.0 23.0 173.47575 43.55819 76.97414 590.0
12.0 23.0 12.0 179.80442 86.31961 84.70779 590.0
12.0 25.0 25.0 182.83545 63.99737 100.27803 1155.0
12.0 25.0 12.0 179.80442 86.31961 84.70779 1155.0
12.0 31.0 31.0 121.4933 38.94038 36.02623 11.0
12.0 31.0 12.0 179.80442 86.31961 84.70779 11.0
12.0 32.0 32.0 156.99542 89.07442 57.97655 1765.0
12.0 32.0 12.0 179.80442 86.31961 84.70779 1765.0
12.0 34.0 34.0 127.76541 111.26986 129.58645 97.0
12.0 34.0 12.0 179.80442 86.31961 84.70779 97.0
12.0 35.0 35.0 147.75806 121.17004 95.61097 1220.0
12.0 35.0 12.0 179.80442 86.31961 84.70779 1220.0
12.0 46.0 46.0 114.46274 130.24452 52.68744 5.0
12.0 46.0 12.0 179.80442 86.31961 84.70779 5.0
12.0 47.0 47.0 164.19796 62.78184 126.12356 405.0
12.0 47.0 12.0 179.80442 86.31961 84.70779 405.0
13.0 2.0 2.0 27.39006 25.33793 87.70526 1392.0
13.0 2.0 13.0 21.79444 31.15319 56.4273 1392.0
13.0 3.0 3.0 83.14082 3.82889 88.01443 4.0
13.0 3.0 13.0 21.79444 31.15319 56.4273 4.0
13.0 6.0 6.0 5.47198 84.79873 74.40774 398.0
13.0 6.0 13.0 21.79444 31.15319 56.4273 398.0
13.0 11.0 11.0 48.52574 14.12287 56.49519 1645.0
13.0 11.0 13.0 21.79444 31.15319 56.4273 1645.0
13.0 13.0 13.0 21.79444 31.15319 56.4273 3863.0
13.0 13.0 13.0 21.79444 31.15319 56.4273 3863.0
13.0 16.0 16.0 37.08698 39.12087 124.70918 1.0
13.0 16.0 13.0 21.79444 31.15319 56.4273 1.0
13.0 19.0 19.0 66.39133 15.82332 45.33549 76.0
13.0 19.0 13.0 21.79444 31.15319 56.4273 76.0
13.0 20.0 20.0 85.04009 53.69713 22.2978 8.0
13.0 20.0 13.0 21.79444 31.15319 56.4273 8.0
13.0 21.0 21.0 28.30688 78.09075 19.28009 14.0
13.0 21.0 13.0 21.79444 31.15319 56.4273 14.0
13.0 22.0 22.0 25.08606 80.05576 119.45126 3.0
13.0 22.0 13.0 21.79444 31.15319 56.4273 3.0
13.0 27.0 27.0 18.70413 45.38305 103.73199 109.0
13.0 27.0 13.0 21.79444 31.15319 56.4273 109.0
13.0 36.0 36.0 51.17108 19.5037 119.70509 2.0
13.0 36.0 13.0 21.79444 31.15319 56.4273 2.0
13.0 37.0 37.0 80.21806 11.05324 113.79743 4.0
13.0 37.0 13.0 21.79444 31.15319 56.4273 4.0
13.0 39.0 39.0 21.8367 50.12468 32.76035 1792.0
13.0 39.0 13.0 21.79444 31.15319 56.4273 1792.0
13.0 40.0 40.0 83.22175 23.58133 42.40122 7.0
13.0 40.0 13.0 21.79444 31.15319 56.4273 7.0
14.0 1.0 1.0 66.23461 89.20432 7.4641 42.0
14.0 1.0 14.0 128.36144 116.03759 40.31307 42.0
14.0 8.0 8.0 108.15084 85.97243 38.67497 2723.0
14.0 8.0 14.0 128.36144 116.03759 40.31307 2723.0
14.0 12.0 12.0 179.80442 86.31961 84.70779 9.0
14.0 12.0 14.0 128.36144 116.03759 40.31307 9.0
14.0 14.0 14.0 128.36144 116.03759 40.31307 7167.0
14.0 14.0 14.0 128.36144 116.03759 40.31307 7167.0
14.0 20.0 20.0 85.04009 53.69713 22.2978 10.0
14.0 20.0 14.0 128.36144 116.03759 40.31307 10.0
14.0 30.0 30.0 88.32236 139.92613 62.67577 206.0
14.0 30.0 14.0 128.36144 116.03759 40.31307 206.0
14.0 31.0 31.0 121.4933 38.94038 36.02623 6.0
14.0 31.0 14.0 128.36144 116.03759 40.31307 6.0
14.0 32.0 32.0 156.99542 89.07442 57.97655 1439.0
14.0 32.0 14.0 128.36144 116.03759 40.31307 1439.0
14.0 35.0 35.0 147.75806 121.17004 95.61097 321.0
14.0 35.0 14.0 128.36144 116.03759 40.31307 321.0
14.0 43.0 43.0 101.68154 137.73236 99.15078 2.0
14.0 43.0 14.0 128.36144 116.03759 40.31307 2.0
14.0 45.0 45.0 35.02985 116.35503 28.61994 1.0
14.0 45.0 14.0 128.36144 116.03759 40.31307 1.0
14.0 46.0 46.0 114.46274 130.24452 52.68744 2858.0
14.0 46.0 14.0 128.36144 116.03759 40.31307 2858.0
15.0 3.0 3.0 83.14082 3.82889 88.01443 22.0
15.0 3.0 15.0 145.11065 26.56315 64.67758 22.0
15.0 7.0 7.0 121.65871 13.45216 56.88428 1458.0
15.0 7.0 15.0 145.11065 26.56315 64.67758 1458.0
15.0 8.0 8.0 108.15084 85.97243 38.67497 69.0
15.0 8.0 15.0 145.11065 26.56315 64.67758 69.0
15.0 10.0 10.0 97.06488 3.92967 61.06409 75.0
15.0 10.0 15.0 145.11065 26.56315 64.67758 75.0
15.0 12.0 12.0 179.80442 86.31961 84.70779 33.0
15.0 12.0 15.0 145.11065 26.56315 64.67758 33.0
15.0 15.0 15.0 145.11065 26.56315 64.67758 5134.0
15.0 15.0 15.0 145.11065 26.56315 64.67758 5134.0
15.0 17.0 17.0 122.80581 11.00874 94.5963 909.0
15.0 17.0 15.0 145.11065 26.56315 64.67758 909.0
15.0 18.0 18.0 159.19145 24.82879 93.91841 1021.0
15.0 18.0 15.0 145.11065 26.56315 64.67758 1021.0
15.0 23.0 23.0 173.47575 43.55819 76.97414 724.0
15.0 23.0 15.0 145.11065 26.56315 64.67758 724.0
15.0 25.0 25.0 182.83545 63.99737 100.27803 7.0
15.0 25.0 15.0 145.11065 26.56315 64.67758 7.0
15.0 26.0 26.0 132.0777 45.13663 139.12666 7.0
15.0 26.0 15.0 145.11065 26.56315 64.67758 7.0
15.0 29.0 29.0 122.70662 20.59044 121.17675 50.0
15.0 29.0 15.0 145.11065 26.56315 64.67758 50.0
15.0 31.0 31.0 121.4933 38.94038 36.02623 1362.0
15.0 31.0 15.0 145.11065 26.56315 64.67758 1362.0
15.0 32.0 32.0 156.99542 89.07442 57.97655 368.0
15.0 32.0 15.0 145.11065 26.56315 64.67758 368.0
15.0 37.0 37.0 80.21806 11.05324 113.79743 1.0
15.0 37.0 15.0 145.11065 26.56315 64.67758 1.0
15.0 40.0 40.0 83.22175 23.58133 42.40122 3.0
15.0 40.0 15.0 145.11065 26.56315 64.67758 3.0
15.0 47.0 47.0 164.19796 62.78184 126.12356 9.0
15.0 47.0 15.0 145.11065 26.56315 64.67758 9.0
16.0 0.0 0.0 55.08949 48.88809 141.96583 1410.0
16.0 0.0 16.0 37.08698 39.12087 124.70918 1410.0
16.0 2.0 2.0 27.39006 25.33793 87.70526 735.0
16.0 2.0 16.0 37.08698 39.12087 124.70918 735.0
16.0 3.0 3.0 83.14082 3.82889 88.01443 14.0
16.0 3.0 16.0 37.08698 39.12087 124.70918 14.0
16.0 4.0 4.0 72.08568 108.39195 139.67587 1.0
16.0 4.0 16.0 37.08698 39.12087 124.70918 1.0
16.0 6.0 6.0 5.47198 84.79873 74.40774 7.0
16.0 6.0 16.0 37.08698 39.12087 124.70918 7.0
16.0 11.0 11.0 48.52574 14.12287 56.49519 17.0
16.0 11.0 16.0 37.08698 39.12087 124.70918 17.0
16.0 16.0 16.0 37.08698 39.12087 124.70918 4294.0
16.0 16.0 16.0 37.08698 39.12087 124.70918 4294.0
16.0 22.0 22.0 25.08606 80.05576 119.45126 1211.0
16.0 22.0 16.0 37.08698 39.12087 124.70918 1211.0
16.0 23.0 23.0 173.47575 43.55819 76.97414 1.0
16.0 23.0 16.0 37.08698 39.12087 124.70918 1.0
16.0 26.0 26.0 132.0777 45.13663 139.12666 1.0
16.0 26.0 16.0 37.08698 39.12087 124.70918 1.0
16.0 27.0 27.0 18.70413 45.38305 103.73199 1160.0
16.0 27.0 16.0 37.08698 39.12087 124.70918 1160.0
16.0 28.0 28.0 84.3283 38.93281 143.14095 57.0
16.0 28.0 16.0 37.08698 39.12087 124.70918 57.0
16.0 33.0 33.0 97.16186 49.94809 149.23825 8.0
16.0 33.0 16.0 37.08698 39.12087 124.70918 8.0
16.0 36.0 36.0 51.17108 19.5037 119.70509 1070.0
16.0 36.0 16.0 37.08698 39.12087 124.70918 1070.0
16.0 37.0 37.0 80.21806 11.05324 113.79743 169.0
16.0 37.0 16.0 37.08698 39.12087 124.70918 169.0
16.0 38.0 38.0 88.6474 68.41843 152.61292 19.0
16.0 38.0 16.0 37.08698 39.12087 124.70918 19.0
16.0 42.0 42.0 56.60963 85.25004 144.94272 190.0
16.0 42.0 16.0 37.08698 39.12087 124.70918 190.0
16.0 44.0 44.0 70.23756 22.71609 131.34435 259.0
16.0 44.0 16.0 37.08698 39.12087 124.70918 259.0
17.0 3.0 3.0 83.14082 3.82889 88.01443 1185.0
17.0 3.0 17.0 122.80581 11.00874 94.5963 1185.0
17.0 7.0 7.0 121.65871 13.45216 56.88428 823.0
17.0 7.0 17.0 122.80581 11.00874 94.5963 823.0
17.0 10.0 10.0 97.06488 3.92967 61.06409 468.0
17.0 10.0 17.0 122.80581 11.00874 94.5963 468.0
17.0 15.0 15.0 145.11065 26.56315 64.67758 901.0
17.0 15.0 17.0 122.80581 11.00874 94.5963 901.0
17.0 17.0 17.0 122.80581 11.00874 94.5963 5060.0
17.0 17.0 17.0 122.80581 11.00874 94.5963 5060.0
17.0 18.0 18.0 159.19145 24.82879 93.91841 599.0
17.0 18.0 17.0 122.80581 11.00874 94.5963 599.0
17.0 19.0 19.0 66.39133 15.82332 45.33549 2.0
17.0 19.0 17.0 122.80581 11.00874 94.5963 2.0
17.0 23.0 23.0 173.47575 43.55819 76.97414 11.0
17.0 23.0 17.0 122.80581 11.00874 94.5963 11.0
17.0 26.0 26.0 132.0777 45.13663 139.12666 82.0
17.0 26.0 17.0 122.80581 11.00874 94.5963 82.0
17.0 28.0 28.0 84.3283 38.93281 143.14095 8.0
17.0 28.0 17.0 122.80581 11.00874 94.5963 8.0
17.0 29.0 29.0 122.70662 20.59044 121.17675 1519.0
17.0 29.0 17.0 122.80581 11.00874 94.5963 1519.0
17.0 31.0 31.0 121.4933 38.94038 36.02623 5.0
17.0 31.0 17.0 122.80581 11.00874 94.5963 5.0
17.0 33.0 33.0 97.16186 49.94809 149.23825 3.0
17.0 33.0 17.0 122.80581 11.00874 94.5963 3.0
17.0 37.0 37.0 80.21806 11.05324 113.79743 488.0
17.0 37.0 17.0 122.80581 11.00874 94.5963 488.0
17.0 40.0 40.0 83.22175 23.58133 42.40122 2.0
17.0 40.0 17.0 122.80581 11.00874 94.5963 2.0
17.0 44.0 44.0 70.23756 22.71609 131.34435 3.0
17.0 44.0 17.0 122.80581 11.00874 94.5963 3.0
17.0 47.0 47.0 164.19796 62.78184 126.12356 12.0
17.0 47.0 17.0 122.80581 11.00874 94.5963 12.0
18.0 3.0 3.0 83.14082 3.82889 88.01443 2.0
18.0 3.0 18.0 159.19145 24.82879 93.91841 2.0
18.0 7.0 7.0 121.65871 13.45216 56.88428 34.0
18.0 7.0 18.0 159.19145 24.82879 93.91841 34.0
18.0 12.0 12.0 179.80442 86.31961 84.70779 10.0
18.0 12.0 18.0 159.19145 24.82879 93.91841 10.0
18.0 15.0 15.0 145.11065 26.56315 64.67758 1122.0
18.0 15.0 18.0 159.19145 24.82879 93.91841 1122.0
18.0 17.0 17.0 122.80581 11.00874 94.5963 601.0
18.0 17.0 18.0 159.19145 24.82879 93.91841 601.0
18.0 18.0 18.0 159.19145 24.82879 93.91841 3249.0
18.0 18.0 18.0 159.19145 24.82879 93.91841 3249.0
18.0 23.0 23.0 173.47575 43.55819 76.97414 986.0
18.0 23.0 18.0 159.19145 24.82879 93.91841 986.0
18.0 25.0 25.0 182.83545 63.99737 100.27803 102.0
18.0 25.0 18.0 159.19145 24.82879 93.91841 102.0
18.0 26.0 26.0 132.0777 45.13663 139.12666 230.0
18.0 26.0 18.0 159.19145 24.82879 93.91841 230.0
18.0 29.0 29.0 122.70662 20.59044 121.17675 573.0
18.0 29.0 18.0 159.19145 24.82879 93.91841 573.0
18.0 31.0 31.0 121.4933 38.94038 36.02623 9.0
18.0 31.0 18.0 159.19145 24.82879 93.91841 9.0
18.0 32.0 32.0 156.99542 89.07442 57.97655 11.0
18.0 32.0 18.0 159.19145 24.82879 93.91841 11.0
18.0 37.0 37.0 80.21806 11.05324 113.79743 1.0
18.0 37.0 18.0 159.19145 24.82879 93.91841 1.0
18.0 47.0 47.0 164.19796 62.78184 126.12356 622.0
18.0 47.0 18.0 159.19145 24.82879 93.91841 622.0
19.0 1.0 1.0 66.23461 89.20432 7.4641 24.0
19.0 1.0 19.0 66.39133 15.82332 45.33549 24.0
19.0 2.0 2.0 27.39006 25.33793 87.70526 13.0
19.0 2.0 19.0 66.39133 15.82332 45.33549 13.0
19.0 3.0 3.0 83.14082 3.82889 88.01443 444.0
19.0 3.0 19.0 66.39133 15.82332 45.33549 444.0
19.0 7.0 7.0 121.65871 13.45216 56.88428 8.0
19.0 7.0 19.0 66.39133 15.82332 45.33549 8.0
19.0 8.0 8.0 108.15084 85.97243 38.67497 1.0
19.0 8.0 19.0 66.39133 15.82332 45.33549 1.0
19.0 10.0 10.0 97.06488 3.92967 61.06409 575.0
19.0 10.0 19.0 66.39133 15.82332 45.33549 575.0
19.0 11.0 11.0 48.52574 14.12287 56.49519 1913.0
19.0 11.0 19.0 66.39133 15.82332 45.33549 1913.0
19.0 13.0 13.0 21.79444 31.15319 56.4273 62.0
19.0 13.0 19.0 66.39133 15.82332 45.33549 62.0
19.0 17.0 17.0 122.80581 11.00874 94.5963 1.0
19.0 17.0 19.0 66.39133 15.82332 45.33549 1.0
19.0 19.0 19.0 66.39133 15.82332 45.33549 2148.0
19.0 19.0 19.0 66.39133 15.82332 45.33549 2148.0
19.0 20.0 20.0 85.04009 53.69713 22.2978 582.0
19.0 20.0 19.0 66.39133 15.82332 45.33549 582.0
19.0 21.0 21.0 28.30688 78.09075 19.28009 15.0
19.0 21.0 19.0 66.39133 15.82332 45.33549 15.0
19.0 31.0 31.0 121.4933 38.94038 36.02623 32.0
19.0 31.0 19.0 66.39133 15.82332 45.33549 32.0
19.0 37.0 37.0 80.21806 11.05324 113.79743 17.0
19.0 37.0 19.0 66.39133 15.82332 45.33549 17.0
19.0 39.0 39.0 21.8367 50.12468 32.76035 216.0
19.0 39.0 19.0 66.39133 15.82332 45.33549 216.0
19.0 40.0 40.0 83.22175 23.58133 42.40122 1638.0
19.0 40.0 19.0 66.39133 15.82332 45.33549 1638.0
20.0 1.0 1.0 66.23461 89.20432 7.4641 2105.0
20.0 1.0 20.0 85.04009 53.69713 22.2978 2105.0
20.0 7.0 7.0 121.65871 13.45216 56.88428 14.0
20.0 7.0 20.0 85.04009 53.69713 22.2978 14.0
20.0 8.0 8.0 108.15084 85.97243 38.67497 3154.0
20.0 8.0 20.0 85.04009 53.69713 22.2978 3154.0
20.0 10.0 10.0 97.06488 3.92967 61.06409 22.0
20.0 10.0 20.0 85.04009 53.69713 22.2978 22.0
20.0 11.0 11.0 48.52574 14.12287 56.49519 242.0
20.0 11.0 20.0 85.04009 53.69713 22.2978 242.0
20.0 12.0 12.0 179.80442 86.31961 84.70779 1.0
20.0 12.0 20.0 85.04009 53.69713 22.2978 1.0
20.0 13.0 13.0 21.79444 31.15319 56.4273 7.0
20.0 13.0 20.0 85.04009 53.69713 22.2978 7.0
20.0 14.0 14.0 128.36144 116.03759 40.31307 5.0
20.0 14.0 20.0 85.04009 53.69713 22.2978 5.0
20.0 15.0 15.0 145.11065 26.56315 64.67758 1.0
20.0 15.0 20.0 85.04009 53.69713 22.2978 1.0
20.0 19.0 19.0 66.39133 15.82332 45.33549 535.0
20.0 19.0 20.0 85.04009 53.69713 22.2978 535.0
20.0 20.0 20.0 85.04009 53.69713 22.2978 12597.0
20.0 20.0 20.0 85.04009 53.69713 22.2978 12597.0
20.0 21.0 21.0 28.30688 78.09075 19.28009 252.0
20.0 21.0 20.0 85.04009 53.69713 22.2978 252.0
20.0 31.0 31.0 121.4933 38.94038 36.02623 2051.0
20.0 31.0 20.0 85.04009 53.69713 22.2978 2051.0
20.0 32.0 32.0 156.99542 89.07442 57.97655 5.0
20.0 32.0 20.0 85.04009 53.69713 22.2978 5.0
20.0 39.0 39.0 21.8367 50.12468 32.76035 486.0
20.0 39.0 20.0 85.04009 53.69713 22.2978 486.0
20.0 40.0 40.0 83.22175 23.58133 42.40122 1677.0
20.0 40.0 20.0 85.04009 53.69713 22.2978 1677.0
20.0 45.0 45.0 35.02985 116.35503 28.61994 1.0
20.0 45.0 20.0 85.04009 53.69713 22.2978 1.0
21.0 1.0 1.0 66.23461 89.20432 7.4641 1496.0
21.0 1.0 21.0 28.30688 78.09075 19.28009 1496.0
21.0 5.0 5.0 36.1641 130.04756 82.18851 10.0
21.0 5.0 21.0 28.30688 78.09075 19.28009 10.0
21.0 6.0 6.0 5.47198 84.79873 74.40774 632.0
21.0 6.0 21.0 28.30688 78.09075 19.28009 632.0
21.0 11.0 11.0 48.52574 14.12287 56.49519 37.0
21.0 11.0 21.0 28.30688 78.09075 19.28009 37.0
21.0 12.0 12.0 179.80442 86.31961 84.70779 1.0
21.0 12.0 21.0 28.30688 78.09075 19.28009 1.0
21.0 13.0 13.0 21.79444 31.15319 56.4273 8.0
21.0 13.0 21.0 28.30688 78.09075 19.28009 8.0
21.0 19.0 19.0 66.39133 15.82332 45.33549 15.0
21.0 19.0 21.0 28.30688 78.09075 19.28009 15.0
21.0 20.0 20.0 85.04009 53.69713 22.2978 269.0
21.0 20.0 21.0 28.30688 78.09075 19.28009 269.0
21.0 21.0 21.0 28.30688 78.09075 19.28009 6467.0
21.0 21.0 21.0 28.30688 78.09075 19.28009 6467.0
21.0 30.0 30.0 88.32236 139.92613 62.67577 1.0
21.0 30.0 21.0 28.30688 78.09075 19.28009 1.0
21.0 39.0 39.0 21.8367 50.12468 32.76035 2288.0
21.0 39.0 21.0 28.30688 78.09075 19.28009 2288.0
21.0 40.0 40.0 83.22175 23.58133 42.40122 4.0
21.0 40.0 21.0 28.30688 78.09075 19.28009 4.0
21.0 45.0 45.0 35.02985 116.35503 28.61994 1927.0
21.0 45.0 21.0 28.30688 78.09075 19.28009 1927.0
22.0 0.0 0.0 55.08949 48.88809 141.96583 645.0
22.0 0.0 22.0 25.08606 80.05576 119.45126 645.0
22.0 2.0 2.0 27.39006 25.33793 87.70526 76.0
22.0 2.0 22.0 25.08606 80.05576 119.45126 76.0
22.0 4.0 4.0 72.08568 108.39195 139.67587 468.0
22.0 4.0 22.0 25.08606 80.05576 119.45126 468.0
22.0 5.0 5.0 36.1641 130.04756 82.18851 1202.0
22.0 5.0 22.0 25.08606 80.05576 119.45126 1202.0
22.0 6.0 6.0 5.47198 84.79873 74.40774 1840.0
22.0 6.0 22.0 25.08606 80.05576 119.45126 1840.0
22.0 8.0 8.0 108.15084 85.97243 38.67497 1.0
22.0 8.0 22.0 25.08606 80.05576 119.45126 1.0
22.0 13.0 13.0 21.79444 31.15319 56.4273 2.0
22.0 13.0 22.0 25.08606 80.05576 119.45126 2.0
22.0 16.0 16.0 37.08698 39.12087 124.70918 1235.0
22.0 16.0 22.0 25.08606 80.05576 119.45126 1235.0
22.0 22.0 22.0 25.08606 80.05576 119.45126 14027.0
22.0 22.0 22.0 25.08606 80.05576 119.45126 14027.0
22.0 27.0 27.0 18.70413 45.38305 103.73199 1319.0
22.0 27.0 22.0 25.08606 80.05576 119.45126 1319.0
22.0 28.0 28.0 84.3283 38.93281 143.14095 20.0
22.0 28.0 22.0 25.08606 80.05576 119.45126 20.0
22.0 33.0 33.0 97.16186 49.94809 149.23825 2.0
22.0 33.0 22.0 25.08606 80.05576 119.45126 2.0
22.0 36.0 36.0 51.17108 19.5037 119.70509 14.0
22.0 36.0 22.0 25.08606 80.05576 119.45126 14.0
22.0 37.0 37.0 80.21806 11.05324 113.79743 1.0
22.0 37.0 22.0 25.08606 80.05576 119.45126 1.0
22.0 38.0 38.0 88.6474 68.41843 152.61292 29.0
22.0 38.0 22.0 25.08606 80.05576 119.45126 29.0
22.0 41.0 41.0 59.82522 126.0631 122.4887 740.0
22.0 41.0 22.0 25.08606 80.05576 119.45126 740.0
22.0 42.0 42.0 56.60963 85.25004 144.94272 1688.0
22.0 42.0 22.0 25.08606 80.05576 119.45126 1688.0
22.0 43.0 43.0 101.68154 137.73236 99.15078 1.0
22.0 43.0 22.0 25.08606 80.05576 119.45126 1.0
22.0 44.0 44.0 70.23756 22.71609 131.34435 2.0
22.0 44.0 22.0 25.08606 80.05576 119.45126 2.0
23.0 7.0 7.0 121.65871 13.45216 56.88428 13.0
23.0 7.0 23.0 173.47575 43.55819 76.97414 13.0
23.0 8.0 8.0 108.15084 85.97243 38.67497 5.0
23.0 8.0 23.0 173.47575 43.55819 76.97414 5.0
23.0 12.0 12.0 179.80442 86.31961 84.70779 587.0
23.0 12.0 23.0 173.47575 43.55819 76.97414 587.0
23.0 15.0 15.0 145.11065 26.56315 64.67758 784.0
23.0 15.0 23.0 173.47575 43.55819 76.97414 784.0
23.0 17.0 17.0 122.80581 11.00874 94.5963 7.0
23.0 17.0 23.0 173.47575 43.55819 76.97414 7.0
23.0 18.0 18.0 159.19145 24.82879 93.91841 1043.0
23.0 18.0 23.0 173.47575 43.55819 76.97414 1043.0
23.0 23.0 23.0 173.47575 43.55819 76.97414 3329.0
23.0 23.0 23.0 173.47575 43.55819 76.97414 3329.0
23.0 25.0 25.0 182.83545 63.99737 100.27803 769.0
23.0 25.0 23.0 173.47575 43.55819 76.97414 769.0
23.0 26.0 26.0 132.0777 45.13663 139.12666 11.0
23.0 26.0 23.0 173.47575 43.55819 76.97414 11.0
23.0 29.0 29.0 122.70662 20.59044 121.17675 11.0
23.0 29.0 23.0 173.47575 43.55819 76.97414 11.0
23.0 31.0 31.0 121.4933 38.94038 36.02623 109.0
23.0 31.0 23.0 173.47575 43.55819 76.97414 109.0
23.0 32.0 32.0 156.99542 89.07442 57.97655 524.0
23.0 32.0 23.0 173.47575 43.55819 76.97414 524.0
23.0 37.0 37.0 80.21806 11.05324 113.79743 1.0
23.0 37.0 23.0 173.47575 43.55819 76.97414 1.0
23.0 47.0 47.0 164.19796 62.78184 126.12356 330.0
23.0 47.0 23.0 173.47575 43.55819 76.97414 330.0
24.0 0.0 0.0 55.08949 48.88809 141.96583 9.0
24.0 0.0 24.0 107.85804 87.23475 149.1474 9.0
24.0 4.0 4.0 72.08568 108.39195 139.67587 1532.0
24.0 4.0 24.0 107.85804 87.23475 149.1474 1532.0
24.0 9.0 9.0 78.59126 139.92662 102.62739 23.0
24.0 9.0 24.0 107.85804 87.23475 149.1474 23.0
24.0 22.0 22.0 25.08606 80.05576 119.45126 1.0
24.0 22.0 24.0 107.85804 87.23475 149.1474 1.0
24.0 24.0 24.0 107.85804 87.23475 149.1474 8938.0
24.0 24.0 24.0 107.85804 87.23475 149.1474 8938.0
24.0 26.0 26.0 132.0777 45.13663 139.12666 928.0
24.0 26.0 24.0 107.85804 87.23475 149.1474 928.0
24.0 28.0 28.0 84.3283 38.93281 143.14095 40.0
24.0 28.0 24.0 107.85804 87.23475 149.1474 40.0
24.0 30.0 30.0 88.32236 139.92613 62.67577 1.0
24.0 30.0 24.0 107.85804 87.23475 149.1474 1.0
24.0 33.0 33.0 97.16186 49.94809 149.23825 462.0
24.0 33.0 24.0 107.85804 87.23475 149.1474 462.0
24.0 34.0 34.0 127.76541 111.26986 129.58645 2643.0
24.0 34.0 24.0 107.85804 87.23475 149.1474 2643.0
24.0 35.0 35.0 147.75806 121.17004 95.61097 3.0
24.0 35.0 24.0 107.85804 87.23475 149.1474 3.0
24.0 38.0 38.0 88.6474 68.41843 152.61292 1929.0
24.0 38.0 24.0 107.85804 87.23475 149.1474 1929.0
24.0 41.0 41.0 59.82522 126.0631 122.4887 81.0
24.0 41.0 24.0 107.85804 87.23475 149.1474 81.0
24.0 42.0 42.0 56.60963 85.25004 144.94272 510.0
24.0 42.0 24.0 107.85804 87.23475 149.1474 510.0
24.0 43.0 43.0 101.68154 137.73236 99.15078 7.0
24.0 43.0 24.0 107.85804 87.23475 149.1474 7.0
24.0 44.0 44.0 70.23756 22.71609 131.34435 1.0
24.0 44.0 24.0 107.85804 87.23475 149.1474 1.0
24.0 47.0 47.0 164.19796 62.78184 126.12356 211.0
24.0 47.0 24.0 107.85804 87.23475 149.1474 211.0
25.0 7.0 7.0 121.65871 13.45216 56.88428 1.0
25.0 7.0 25.0 182.83545 63.99737 100.27803 1.0
25.0 12.0 12.0 179.80442 86.31961 84.70779 1216.0
25.0 12.0 25.0 182.83545 63.99737 100.27803 1216.0
25.0 15.0 15.0 145.11065 26.56315 64.67758 7.0
25.0 15.0 25.0 182.83545 63.99737 100.27803 7.0
25.0 18.0 18.0 159.19145 24.82879 93.91841 124.0
25.0 18.0 25.0 182.83545 63.99737 100.27803 124.0
25.0 23.0 23.0 173.47575 43.55819 76.97414 743.0
25.0 23.0 25.0 182.83545 63.99737 100.27803 743.0
25.0 25.0 25.0 182.83545 63.99737 100.27803 2216.0
25.0 25.0 25.0 182.83545 63.99737 100.27803 2216.0
25.0 26.0 26.0 132.0777 45.13663 139.12666 7.0
25.0 26.0 25.0 182.83545 63.99737 100.27803 7.0
25.0 29.0 29.0 122.70662 20.59044 121.17675 1.0
25.0 29.0 25.0 182.83545 63.99737 100.27803 1.0
25.0 32.0 32.0 156.99542 89.07442 57.97655 44.0
25.0 32.0 25.0 182.83545 63.99737 100.27803 44.0
25.0 34.0 34.0 127.76541 111.26986 129.58645 26.0
25.0 34.0 25.0 182.83545 63.99737 100.27803 26.0
25.0 35.0 35.0 147.75806 121.17004 95.61097 72.0
25.0 35.0 25.0 182.83545 63.99737 100.27803 72.0
25.0 47.0 47.0 164.19796 62.78184 126.12356 1216.0
25.0 47.0 25.0 182.83545 63.99737 100.27803 1216.0
26.0 0.0 0.0 55.08949 48.88809 141.96583 2.0
26.0 0.0 26.0 132.0777 45.13663 139.12666 2.0
26.0 3.0 3.0 83.14082 3.82889 88.01443 2.0
26.0 3.0 26.0 132.0777 45.13663 139.12666 2.0
26.0 17.0 17.0 122.80581 11.00874 94.5963 95.0
26.0 17.0 26.0 132.0777 45.13663 139.12666 95.0
26.0 18.0 18.0 159.19145 24.82879 93.91841 248.0
26.0 18.0 26.0 132.0777 45.13663 139.12666 248.0
26.0 23.0 23.0 173.47575 43.55819 76.97414 9.0
26.0 23.0 26.0 132.0777 45.13663 139.12666 9.0
26.0 24.0 24.0 107.85804 87.23475 149.1474 983.0
26.0 24.0 26.0 132.0777 45.13663 139.12666 983.0
26.0 25.0 25.0 182.83545 63.99737 100.27803 4.0
26.0 25.0 26.0 132.0777 45.13663 139.12666 4.0
26.0 26.0 26.0 132.0777 45.13663 139.12666 8052.0
26.0 26.0 26.0 132.0777 45.13663 139.12666 8052.0
26.0 28.0 28.0 84.3283 38.93281 143.14095 446.0
26.0 28.0 26.0 132.0777 45.13663 139.12666 446.0
26.0 29.0 29.0 122.70662 20.59044 121.17675 1871.0
26.0 29.0 26.0 132.0777 45.13663 139.12666 1871.0
26.0 33.0 33.0 97.16186 49.94809 149.23825 1081.0
26.0 33.0 26.0 132.0777 45.13663 139.12666 1081.0
26.0 34.0 34.0 127.76541 111.26986 129.58645 290.0
26.0 34.0 26.0 132.0777 45.13663 139.12666 290.0
26.0 35.0 35.0 147.75806 121.17004 95.61097 1.0
26.0 35.0 26.0 132.0777 45.13663 139.12666 1.0
26.0 37.0 37.0 80.21806 11.05324 113.79743 117.0
26.0 37.0 26.0 132.0777 45.13663 139.12666 117.0
26.0 38.0 38.0 88.6474 68.41843 152.61292 397.0
26.0 38.0 26.0 132.0777 45.13663 139.12666 397.0
26.0 44.0 44.0 70.23756 22.71609 131.34435 13.0
26.0 44.0 26.0 132.0777 45.13663 139.12666 13.0
26.0 47.0 47.0 164.19796 62.78184 126.12356 1681.0
26.0 47.0 26.0 132.0777 45.13663 139.12666 1681.0
27.0 0.0 0.0 55.08949 48.88809 141.96583 49.0
27.0 0.0 27.0 18.70413 45.38305 103.73199 49.0
27.0 2.0 2.0 27.39006 25.33793 87.70526 1639.0
27.0 2.0 27.0 18.70413 45.38305 103.73199 1639.0
27.0 3.0 3.0 83.14082 3.82889 88.01443 2.0
27.0 3.0 27.0 18.70413 45.38305 103.73199 2.0
27.0 5.0 5.0 36.1641 130.04756 82.18851 1.0
27.0 5.0 27.0 18.70413 45.38305 103.73199 1.0
27.0 6.0 6.0 5.47198 84.79873 74.40774 792.0
27.0 6.0 27.0 18.70413 45.38305 103.73199 792.0
27.0 11.0 11.0 48.52574 14.12287 56.49519 14.0
27.0 11.0 27.0 18.70413 45.38305 103.73199 14.0
27.0 13.0 13.0 21.79444 31.15319 56.4273 117.0
27.0 13.0 27.0 18.70413 45.38305 103.73199 117.0
27.0 16.0 16.0 37.08698 39.12087 124.70918 1257.0
27.0 16.0 27.0 18.70413 45.38305 103.73199 1257.0
27.0 22.0 22.0 25.08606 80.05576 119.45126 1348.0
27.0 22.0 27.0 18.70413 45.38305 103.73199 1348.0
27.0 27.0 27.0 18.70413 45.38305 103.73199 3397.0
27.0 27.0 27.0 18.70413 45.38305 103.73199 3397.0
27.0 36.0 36.0 51.17108 19.5037 119.70509 113.0
27.0 36.0 27.0 18.70413 45.38305 103.73199 113.0
27.0 37.0 37.0 80.21806 11.05324 113.79743 9.0
27.0 37.0 27.0 18.70413 45.38305 103.73199 9.0
27.0 39.0 39.0 21.8367 50.12468 32.76035 21.0
27.0 39.0 27.0 18.70413 45.38305 103.73199 21.0
27.0 44.0 44.0 70.23756 22.71609 131.34435 7.0
27.0 44.0 27.0 18.70413 45.38305 103.73199 7.0
28.0 0.0 0.0 55.08949 48.88809 141.96583 1061.0
28.0 0.0 28.0 84.3283 38.93281 143.14095 1061.0
28.0 3.0 3.0 83.14082 3.82889 88.01443 8.0
28.0 3.0 28.0 84.3283 38.93281 143.14095 8.0
28.0 4.0 4.0 72.08568 108.39195 139.67587 3.0
28.0 4.0 28.0 84.3283 38.93281 143.14095 3.0
28.0 16.0 16.0 37.08698 39.12087 124.70918 47.0
28.0 16.0 28.0 84.3283 38.93281 143.14095 47.0
28.0 17.0 17.0 122.80581 11.00874 94.5963 11.0
28.0 17.0 28.0 84.3283 38.93281 143.14095 11.0
28.0 22.0 22.0 25.08606 80.05576 119.45126 14.0
28.0 22.0 28.0 84.3283 38.93281 143.14095 14.0
28.0 24.0 24.0 107.85804 87.23475 149.1474 41.0
28.0 24.0 28.0 84.3283 38.93281 143.14095 41.0
28.0 26.0 26.0 132.0777 45.13663 139.12666 393.0
28.0 26.0 28.0 84.3283 38.93281 143.14095 393.0
28.0 28.0 28.0 84.3283 38.93281 143.14095 3207.0
28.0 28.0 28.0 84.3283 38.93281 143.14095 3207.0
28.0 29.0 29.0 122.70662 20.59044 121.17675 484.0
28.0 29.0 28.0 84.3283 38.93281 143.14095 484.0
28.0 33.0 33.0 97.16186 49.94809 149.23825 1635.0
28.0 33.0 28.0 84.3283 38.93281 143.14095 1635.0
28.0 36.0 36.0 51.17108 19.5037 119.70509 79.0
28.0 36.0 28.0 84.3283 38.93281 143.14095 79.0
28.0 37.0 37.0 80.21806 11.05324 113.79743 733.0
28.0 37.0 28.0 84.3283 38.93281 143.14095 733.0
28.0 38.0 38.0 88.6474 68.41843 152.61292 588.0
28.0 38.0 28.0 84.3283 38.93281 143.14095 588.0
28.0 42.0 42.0 56.60963 85.25004 144.94272 179.0
28.0 42.0 28.0 84.3283 38.93281 143.14095 179.0
28.0 44.0 44.0 70.23756 22.71609 131.34435 903.0
28.0 44.0 28.0 84.3283 38.93281 143.14095 903.0
29.0 0.0 0.0 55.08949 48.88809 141.96583 2.0
29.0 0.0 29.0 122.70662 20.59044 121.17675 2.0
29.0 3.0 3.0 83.14082 3.82889 88.01443 207.0
29.0 3.0 29.0 122.70662 20.59044 121.17675 207.0
29.0 7.0 7.0 121.65871 13.45216 56.88428 9.0
29.0 7.0 29.0 122.70662 20.59044 121.17675 9.0
29.0 10.0 10.0 97.06488 3.92967 61.06409 3.0
29.0 10.0 29.0 122.70662 20.59044 121.17675 3.0
29.0 15.0 15.0 145.11065 26.56315 64.67758 61.0
29.0 15.0 29.0 122.70662 20.59044 121.17675 61.0
29.0 17.0 17.0 122.80581 11.00874 94.5963 1589.0
29.0 17.0 29.0 122.70662 20.59044 121.17675 1589.0
29.0 18.0 18.0 159.19145 24.82879 93.91841 540.0
29.0 18.0 29.0 122.70662 20.59044 121.17675 540.0
29.0 23.0 23.0 173.47575 43.55819 76.97414 15.0
29.0 23.0 29.0 122.70662 20.59044 121.17675 15.0
29.0 24.0 24.0 107.85804 87.23475 149.1474 1.0
29.0 24.0 29.0 122.70662 20.59044 121.17675 1.0
29.0 25.0 25.0 182.83545 63.99737 100.27803 1.0
29.0 25.0 29.0 122.70662 20.59044 121.17675 1.0
29.0 26.0 26.0 132.0777 45.13663 139.12666 1803.0
29.0 26.0 29.0 122.70662 20.59044 121.17675 1803.0
29.0 28.0 28.0 84.3283 38.93281 143.14095 466.0
29.0 28.0 29.0 122.70662 20.59044 121.17675 466.0
29.0 29.0 29.0 122.70662 20.59044 121.17675 4824.0
29.0 29.0 29.0 122.70662 20.59044 121.17675 4824.0
29.0 33.0 33.0 97.16186 49.94809 149.23825 176.0
29.0 33.0 29.0 122.70662 20.59044 121.17675 176.0
29.0 36.0 36.0 51.17108 19.5037 119.70509 1.0
29.0 36.0 29.0 122.70662 20.59044 121.17675 1.0
29.0 37.0 37.0 80.21806 11.05324 113.79743 1157.0
29.0 37.0 29.0 122.70662 20.59044 121.17675 1157.0
29.0 38.0 38.0 88.6474 68.41843 152.61292 5.0
29.0 38.0 29.0 122.70662 20.59044 121.17675 5.0
29.0 44.0 44.0 70.23756 22.71609 131.34435 77.0
29.0 44.0 29.0 122.70662 20.59044 121.17675 77.0
29.0 46.0 46.0 114.46274 130.24452 52.68744 1.0
29.0 46.0 29.0 122.70662 20.59044 121.17675 1.0
29.0 47.0 47.0 164.19796 62.78184 126.12356 229.0
29.0 47.0 29.0 122.70662 20.59044 121.17675 229.0
30.0 1.0 1.0 66.23461 89.20432 7.4641 331.0
30.0 1.0 30.0 88.32236 139.92613 62.67577 331.0
30.0 5.0 5.0 36.1641 130.04756 82.18851 1684.0
30.0 5.0 30.0 88.32236 139.92613 62.67577 1684.0
30.0 8.0 8.0 108.15084 85.97243 38.67497 603.0
30.0 8.0 30.0 88.32236 139.92613 62.67577 603.0
30.0 9.0 9.0 78.59126 139.92662 102.62739 1115.0
30.0 9.0 30.0 88.32236 139.92613 62.67577 1115.0
30.0 14.0 14.0 128.36144 116.03759 40.31307 227.0
30.0 14.0 30.0 88.32236 139.92613 62.67577 227.0
30.0 23.0 23.0 173.47575 43.55819 76.97414 1.0
30.0 23.0 30.0 88.32236 139.92613 62.67577 1.0
30.0 30.0 30.0 88.32236 139.92613 62.67577 14938.0
30.0 30.0 30.0 88.32236 139.92613 62.67577 14938.0
30.0 32.0 32.0 156.99542 89.07442 57.97655 4.0
30.0 32.0 30.0 88.32236 139.92613 62.67577 4.0
30.0 34.0 34.0 127.76541 111.26986 129.58645 70.0
30.0 34.0 30.0 88.32236 139.92613 62.67577 70.0
30.0 35.0 35.0 147.75806 121.17004 95.61097 729.0
30.0 35.0 30.0 88.32236 139.92613 62.67577 729.0
30.0 41.0 41.0 59.82522 126.0631 122.4887 18.0
30.0 41.0 30.0 88.32236 139.92613 62.67577 18.0
30.0 43.0 43.0 101.68154 137.73236 99.15078 2240.0
30.0 43.0 30.0 88.32236 139.92613 62.67577 2240.0
30.0 45.0 45.0 35.02985 116.35503 28.61994 759.0
30.0 45.0 30.0 88.32236 139.92613 62.67577 759.0
30.0 46.0 46.0 114.46274 130.24452 52.68744 3416.0
30.0 46.0 30.0 88.32236 139.92613 62.67577 3416.0
31.0 1.0 1.0 66.23461 89.20432 7.4641 2.0
31.0 1.0 31.0 121.4933 38.94038 36.02623 2.0
31.0 3.0 3.0 83.14082 3.82889 88.01443 1.0
31.0 3.0 31.0 121.4933 38.94038 36.02623 1.0
31.0 7.0 7.0 121.65871 13.45216 56.88428 1605.0
31.0 7.0 31.0 121.4933 38.94038 36.02623 1605.0
31.0 8.0 8.0 108.15084 85.97243 38.67497 1976.0
31.0 8.0 31.0 121.4933 38.94038 36.02623 1976.0
31.0 10.0 10.0 97.06488 3.92967 61.06409 376.0
31.0 10.0 31.0 121.4933 38.94038 36.02623 376.0
31.0 11.0 11.0 48.52574 14.12287 56.49519 2.0
31.0 11.0 31.0 121.4933 38.94038 36.02623 2.0
31.0 12.0 12.0 179.80442 86.31961 84.70779 7.0
31.0 12.0 31.0 121.4933 38.94038 36.02623 7.0
31.0 14.0 14.0 128.36144 116.03759 40.31307 4.0
31.0 14.0 31.0 121.4933 38.94038 36.02623 4.0
31.0 15.0 15.0 145.11065 26.56315 64.67758 1406.0
31.0 15.0 31.0 121.4933 38.94038 36.02623 1406.0
31.0 17.0 17.0 122.80581 11.00874 94.5963 7.0
31.0 17.0 31.0 121.4933 38.94038 36.02623 7.0
31.0 18.0 18.0 159.19145 24.82879 93.91841 8.0
31.0 18.0 31.0 121.4933 38.94038 36.02623 8.0
31.0 19.0 19.0 66.39133 15.82332 45.33549 31.0
31.0 19.0 31.0 121.4933 38.94038 36.02623 31.0
31.0 20.0 20.0 85.04009 53.69713 22.2978 2127.0
31.0 20.0 31.0 121.4933 38.94038 36.02623 2127.0
31.0 23.0 23.0 173.47575 43.55819 76.97414 114.0
31.0 23.0 31.0 121.4933 38.94038 36.02623 114.0
31.0 31.0 31.0 121.4933 38.94038 36.02623 12012.0
31.0 31.0 31.0 121.4933 38.94038 36.02623 12012.0
31.0 32.0 32.0 156.99542 89.07442 57.97655 544.0
31.0 32.0 31.0 121.4933 38.94038 36.02623 544.0
31.0 40.0 40.0 83.22175 23.58133 42.40122 984.0
31.0 40.0 31.0 121.4933 38.94038 36.02623 984.0
31.0 45.0 45.0 35.02985 116.35503 28.61994 1.0
31.0 45.0 31.0 121.4933 38.94038 36.02623 1.0
32.0 7.0 7.0 121.65871 13.45216 56.88428 3.0
32.0 7.0 32.0 156.99542 89.07442 57.97655 3.0
32.0 8.0 8.0 108.15084 85.97243 38.67497 1609.0
32.0 8.0 32.0 156.99542 89.07442 57.97655 1609.0
32.0 12.0 12.0 179.80442 86.31961 84.70779 1675.0
32.0 12.0 32.0 156.99542 89.07442 57.97655 1675.0
32.0 14.0 14.0 128.36144 116.03759 40.31307 1436.0
32.0 14.0 32.0 156.99542 89.07442 57.97655 1436.0
32.0 15.0 15.0 145.11065 26.56315 64.67758 375.0
32.0 15.0 32.0 156.99542 89.07442 57.97655 375.0
32.0 18.0 18.0 159.19145 24.82879 93.91841 9.0
32.0 18.0 32.0 156.99542 89.07442 57.97655 9.0
32.0 20.0 20.0 85.04009 53.69713 22.2978 8.0
32.0 20.0 32.0 156.99542 89.07442 57.97655 8.0
32.0 23.0 23.0 173.47575 43.55819 76.97414 442.0
32.0 23.0 32.0 156.99542 89.07442 57.97655 442.0
32.0 25.0 25.0 182.83545 63.99737 100.27803 53.0
32.0 25.0 32.0 156.99542 89.07442 57.97655 53.0
32.0 30.0 30.0 88.32236 139.92613 62.67577 6.0
32.0 30.0 32.0 156.99542 89.07442 57.97655 6.0
32.0 31.0 31.0 121.4933 38.94038 36.02623 573.0
32.0 31.0 32.0 156.99542 89.07442 57.97655 573.0
32.0 32.0 32.0 156.99542 89.07442 57.97655 9367.0
32.0 32.0 32.0 156.99542 89.07442 57.97655 9367.0
32.0 35.0 35.0 147.75806 121.17004 95.61097 936.0
32.0 35.0 32.0 156.99542 89.07442 57.97655 936.0
32.0 46.0 46.0 114.46274 130.24452 52.68744 287.0
32.0 46.0 32.0 156.99542 89.07442 57.97655 287.0
32.0 47.0 47.0 164.19796 62.78184 126.12356 1.0
32.0 47.0 32.0 156.99542 89.07442 57.97655 1.0
33.0 0.0 0.0 55.08949 48.88809 141.96583 218.0
33.0 0.0 33.0 97.16186 49.94809 149.23825 218.0
33.0 4.0 4.0 72.08568 108.39195 139.67587 4.0
33.0 4.0 33.0 97.16186 49.94809 149.23825 4.0
33.0 16.0 16.0 37.08698 39.12087 124.70918 4.0
33.0 16.0 33.0 97.16186 49.94809 149.23825 4.0
33.0 17.0 17.0 122.80581 11.00874 94.5963 3.0
33.0 17.0 33.0 97.16186 49.94809 149.23825 3.0
33.0 22.0 22.0 25.08606 80.05576 119.45126 3.0
33.0 22.0 33.0 97.16186 49.94809 149.23825 3.0
33.0 24.0 24.0 107.85804 87.23475 149.1474 487.0
33.0 24.0 33.0 97.16186 49.94809 149.23825 487.0
33.0 26.0 26.0 132.0777 45.13663 139.12666 1155.0
33.0 26.0 33.0 97.16186 49.94809 149.23825 1155.0
33.0 28.0 28.0 84.3283 38.93281 143.14095 1531.0
33.0 28.0 33.0 97.16186 49.94809 149.23825 1531.0
33.0 29.0 29.0 122.70662 20.59044 121.17675 189.0
33.0 29.0 33.0 97.16186 49.94809 149.23825 189.0
33.0 33.0 33.0 97.16186 49.94809 149.23825 2690.0
33.0 33.0 33.0 97.16186 49.94809 149.23825 2690.0
33.0 34.0 34.0 127.76541 111.26986 129.58645 3.0
33.0 34.0 33.0 97.16186 49.94809 149.23825 3.0
33.0 36.0 36.0 51.17108 19.5037 119.70509 1.0
33.0 36.0 33.0 97.16186 49.94809 149.23825 1.0
33.0 37.0 37.0 80.21806 11.05324 113.79743 90.0
33.0 37.0 33.0 97.16186 49.94809 149.23825 90.0
33.0 38.0 38.0 88.6474 68.41843 152.61292 1591.0
33.0 38.0 33.0 97.16186 49.94809 149.23825 1591.0
33.0 42.0 42.0 56.60963 85.25004 144.94272 141.0
33.0 42.0 33.0 97.16186 49.94809 149.23825 141.0
33.0 44.0 44.0 70.23756 22.71609 131.34435 104.0
33.0 44.0 33.0 97.16186 49.94809 149.23825 104.0
33.0 47.0 47.0 164.19796 62.78184 126.12356 4.0
33.0 47.0 33.0 97.16186 49.94809 149.23825 4.0
34.0 4.0 4.0 72.08568 108.39195 139.67587 942.0
34.0 4.0 34.0 127.76541 111.26986 129.58645 942.0
34.0 5.0 5.0 36.1641 130.04756 82.18851 1.0
34.0 5.0 34.0 127.76541 111.26986 129.58645 1.0
34.0 9.0 9.0 78.59126 139.92662 102.62739 591.0
34.0 9.0 34.0 127.76541 111.26986 129.58645 591.0
34.0 12.0 12.0 179.80442 86.31961 84.70779 81.0
34.0 12.0 34.0 127.76541 111.26986 129.58645 81.0
34.0 14.0 14.0 128.36144 116.03759 40.31307 2.0
34.0 14.0 34.0 127.76541 111.26986 129.58645 2.0
34.0 24.0 24.0 107.85804 87.23475 149.1474 2598.0
34.0 24.0 34.0 127.76541 111.26986 129.58645 2598.0
34.0 25.0 25.0 182.83545 63.99737 100.27803 25.0
34.0 25.0 34.0 127.76541 111.26986 129.58645 25.0
34.0 26.0 26.0 132.0777 45.13663 139.12666 296.0
34.0 26.0 34.0 127.76541 111.26986 129.58645 296.0
34.0 30.0 30.0 88.32236 139.92613 62.67577 81.0
34.0 30.0 34.0 127.76541 111.26986 129.58645 81.0
34.0 32.0 32.0 156.99542 89.07442 57.97655 3.0
34.0 32.0 34.0 127.76541 111.26986 129.58645 3.0
34.0 33.0 33.0 97.16186 49.94809 149.23825 6.0
34.0 33.0 34.0 127.76541 111.26986 129.58645 6.0
34.0 34.0 34.0 127.76541 111.26986 129.58645 17175.0
34.0 34.0 34.0 127.76541 111.26986 129.58645 17175.0
34.0 35.0 35.0 147.75806 121.17004 95.61097 2571.0
34.0 35.0 34.0 127.76541 111.26986 129.58645 2571.0
34.0 38.0 38.0 88.6474 68.41843 152.61292 26.0
34.0 38.0 34.0 127.76541 111.26986 129.58645 26.0
34.0 41.0 41.0 59.82522 126.0631 122.4887 416.0
34.0 41.0 34.0 127.76541 111.26986 129.58645 416.0
34.0 42.0 42.0 56.60963 85.25004 144.94272 7.0
34.0 42.0 34.0 127.76541 111.26986 129.58645 7.0
34.0 43.0 43.0 101.68154 137.73236 99.15078 1450.0
34.0 43.0 34.0 127.76541 111.26986 129.58645 1450.0
34.0 46.0 46.0 114.46274 130.24452 52.68744 13.0
34.0 46.0 34.0 127.76541 111.26986 129.58645 13.0
34.0 47.0 47.0 164.19796 62.78184 126.12356 1174.0
34.0 47.0 34.0 127.76541 111.26986 129.58645 1174.0
35.0 8.0 8.0 108.15084 85.97243 38.67497 4.0
35.0 8.0 35.0 147.75806 121.17004 95.61097 4.0
35.0 9.0 9.0 78.59126 139.92662 102.62739 22.0
35.0 9.0 35.0 147.75806 121.17004 95.61097 22.0
35.0 12.0 12.0 179.80442 86.31961 84.70779 1138.0
35.0 12.0 35.0 147.75806 121.17004 95.61097 1138.0
35.0 14.0 14.0 128.36144 116.03759 40.31307 331.0
35.0 14.0 35.0 147.75806 121.17004 95.61097 331.0
35.0 24.0 24.0 107.85804 87.23475 149.1474 3.0
35.0 24.0 35.0 147.75806 121.17004 95.61097 3.0
35.0 25.0 25.0 182.83545 63.99737 100.27803 81.0
35.0 25.0 35.0 147.75806 121.17004 95.61097 81.0
35.0 26.0 26.0 132.0777 45.13663 139.12666 1.0
35.0 26.0 35.0 147.75806 121.17004 95.61097 1.0
35.0 28.0 28.0 84.3283 38.93281 143.14095 1.0
35.0 28.0 35.0 147.75806 121.17004 95.61097 1.0
35.0 30.0 30.0 88.32236 139.92613 62.67577 720.0
35.0 30.0 35.0 147.75806 121.17004 95.61097 720.0
35.0 32.0 32.0 156.99542 89.07442 57.97655 923.0
35.0 32.0 35.0 147.75806 121.17004 95.61097 923.0
35.0 34.0 34.0 127.76541 111.26986 129.58645 2642.0
35.0 34.0 35.0 147.75806 121.17004 95.61097 2642.0
35.0 35.0 35.0 147.75806 121.17004 95.61097 11502.0
35.0 35.0 35.0 147.75806 121.17004 95.61097 11502.0
35.0 43.0 43.0 101.68154 137.73236 99.15078 866.0
35.0 43.0 35.0 147.75806 121.17004 95.61097 866.0
35.0 46.0 46.0 114.46274 130.24452 52.68744 1178.0
35.0 46.0 35.0 147.75806 121.17004 95.61097 1178.0
35.0 47.0 47.0 164.19796 62.78184 126.12356 311.0
35.0 47.0 35.0 147.75806 121.17004 95.61097 311.0
36.0 0.0 0.0 55.08949 48.88809 141.96583 496.0
36.0 0.0 36.0 51.17108 19.5037 119.70509 496.0
36.0 2.0 2.0 27.39006 25.33793 87.70526 518.0
36.0 2.0 36.0 51.17108 19.5037 119.70509 518.0
36.0 3.0 3.0 83.14082 3.82889 88.01443 149.0
36.0 3.0 36.0 51.17108 19.5037 119.70509 149.0
36.0 11.0 11.0 48.52574 14.12287 56.49519 73.0
36.0 11.0 36.0 51.17108 19.5037 119.70509 73.0
36.0 13.0 13.0 21.79444 31.15319 56.4273 1.0
36.0 13.0 36.0 51.17108 19.5037 119.70509 1.0
36.0 16.0 16.0 37.08698 39.12087 124.70918 989.0
36.0 16.0 36.0 51.17108 19.5037 119.70509 989.0
36.0 22.0 22.0 25.08606 80.05576 119.45126 9.0
36.0 22.0 36.0 51.17108 19.5037 119.70509 9.0
36.0 27.0 27.0 18.70413 45.38305 103.73199 88.0
36.0 27.0 36.0 51.17108 19.5037 119.70509 88.0
36.0 28.0 28.0 84.3283 38.93281 143.14095 86.0
36.0 28.0 36.0 51.17108 19.5037 119.70509 86.0
36.0 29.0 29.0 122.70662 20.59044 121.17675 1.0
36.0 29.0 36.0 51.17108 19.5037 119.70509 1.0
36.0 33.0 33.0 97.16186 49.94809 149.23825 5.0
36.0 33.0 36.0 51.17108 19.5037 119.70509 5.0
36.0 36.0 36.0 51.17108 19.5037 119.70509 1511.0
36.0 36.0 36.0 51.17108 19.5037 119.70509 1511.0
36.0 37.0 37.0 80.21806 11.05324 113.79743 955.0
36.0 37.0 36.0 51.17108 19.5037 119.70509 955.0
36.0 38.0 38.0 88.6474 68.41843 152.61292 1.0
36.0 38.0 36.0 51.17108 19.5037 119.70509 1.0
36.0 42.0 42.0 56.60963 85.25004 144.94272 2.0
36.0 42.0 36.0 51.17108 19.5037 119.70509 2.0
36.0 44.0 44.0 70.23756 22.71609 131.34435 782.0
36.0 44.0 36.0 51.17108 19.5037 119.70509 782.0
37.0 0.0 0.0 55.08949 48.88809 141.96583 75.0
37.0 0.0 37.0 80.21806 11.05324 113.79743 75.0
37.0 2.0 2.0 27.39006 25.33793 87.70526 350.0
37.0 2.0 37.0 80.21806 11.05324 113.79743 350.0
37.0 3.0 3.0 83.14082 3.82889 88.01443 2538.0
37.0 3.0 37.0 80.21806 11.05324 113.79743 2538.0
37.0 7.0 7.0 121.65871 13.45216 56.88428 4.0
37.0 7.0 37.0 80.21806 11.05324 113.79743 4.0
37.0 10.0 10.0 97.06488 3.92967 61.06409 55.0
37.0 10.0 37.0 80.21806 11.05324 113.79743 55.0
37.0 11.0 11.0 48.52574 14.12287 56.49519 258.0
37.0 11.0 37.0 80.21806 11.05324 113.79743 258.0
37.0 13.0 13.0 21.79444 31.15319 56.4273 3.0
37.0 13.0 37.0 80.21806 11.05324 113.79743 3.0
37.0 16.0 16.0 37.08698 39.12087 124.70918 162.0
37.0 16.0 37.0 80.21806 11.05324 113.79743 162.0
37.0 17.0 17.0 122.80581 11.00874 94.5963 523.0
37.0 17.0 37.0 80.21806 11.05324 113.79743 523.0
37.0 18.0 18.0 159.19145 24.82879 93.91841 2.0
37.0 18.0 37.0 80.21806 11.05324 113.79743 2.0
37.0 19.0 19.0 66.39133 15.82332 45.33549 16.0
37.0 19.0 37.0 80.21806 11.05324 113.79743 16.0
37.0 26.0 26.0 132.0777 45.13663 139.12666 110.0
37.0 26.0 37.0 80.21806 11.05324 113.79743 110.0
37.0 27.0 27.0 18.70413 45.38305 103.73199 10.0
37.0 27.0 37.0 80.21806 11.05324 113.79743 10.0
37.0 28.0 28.0 84.3283 38.93281 143.14095 752.0
37.0 28.0 37.0 80.21806 11.05324 113.79743 752.0
37.0 29.0 29.0 122.70662 20.59044 121.17675 1117.0
37.0 29.0 37.0 80.21806 11.05324 113.79743 1117.0
37.0 33.0 33.0 97.16186 49.94809 149.23825 101.0
37.0 33.0 37.0 80.21806 11.05324 113.79743 101.0
37.0 36.0 36.0 51.17108 19.5037 119.70509 869.0
37.0 36.0 37.0 80.21806 11.05324 113.79743 869.0
37.0 37.0 37.0 80.21806 11.05324 113.79743 8154.0
37.0 37.0 37.0 80.21806 11.05324 113.79743 8154.0
37.0 38.0 38.0 88.6474 68.41843 152.61292 1.0
37.0 38.0 37.0 80.21806 11.05324 113.79743 1.0
37.0 40.0 40.0 83.22175 23.58133 42.40122 1.0
37.0 40.0 37.0 80.21806 11.05324 113.79743 1.0
37.0 44.0 44.0 70.23756 22.71609 131.34435 1505.0
37.0 44.0 37.0 80.21806 11.05324 113.79743 1505.0
38.0 0.0 0.0 55.08949 48.88809 141.96583 414.0
38.0 0.0 38.0 88.6474 68.41843 152.61292 414.0
38.0 4.0 4.0 72.08568 108.39195 139.67587 239.0
38.0 4.0 38.0 88.6474 68.41843 152.61292 239.0
38.0 16.0 16.0 37.08698 39.12087 124.70918 14.0
38.0 16.0 38.0 88.6474 68.41843 152.61292 14.0
38.0 22.0 22.0 25.08606 80.05576 119.45126 25.0
38.0 22.0 38.0 88.6474 68.41843 152.61292 25.0
38.0 24.0 24.0 107.85804 87.23475 149.1474 1998.0
38.0 24.0 38.0 88.6474 68.41843 152.61292 1998.0
38.0 26.0 26.0 132.0777 45.13663 139.12666 401.0
38.0 26.0 38.0 88.6474 68.41843 152.61292 401.0
38.0 28.0 28.0 84.3283 38.93281 143.14095 591.0
38.0 28.0 38.0 88.6474 68.41843 152.61292 591.0
38.0 29.0 29.0 122.70662 20.59044 121.17675 7.0
38.0 29.0 38.0 88.6474 68.41843 152.61292 7.0
38.0 33.0 33.0 97.16186 49.94809 149.23825 1482.0
38.0 33.0 38.0 88.6474 68.41843 152.61292 1482.0
38.0 34.0 34.0 127.76541 111.26986 129.58645 32.0
38.0 34.0 38.0 88.6474 68.41843 152.61292 32.0
38.0 36.0 36.0 51.17108 19.5037 119.70509 2.0
38.0 36.0 38.0 88.6474 68.41843 152.61292 2.0
38.0 37.0 37.0 80.21806 11.05324 113.79743 3.0
38.0 37.0 38.0 88.6474 68.41843 152.61292 3.0
38.0 38.0 38.0 88.6474 68.41843 152.61292 3190.0
38.0 38.0 38.0 88.6474 68.41843 152.61292 3190.0
38.0 41.0 41.0 59.82522 126.0631 122.4887 5.0
38.0 41.0 38.0 88.6474 68.41843 152.61292 5.0
38.0 42.0 42.0 56.60963 85.25004 144.94272 1139.0
38.0 42.0 38.0 88.6474 68.41843 152.61292 1139.0
38.0 44.0 44.0 70.23756 22.71609 131.34435 8.0
38.0 44.0 38.0 88.6474 68.41843 152.61292 8.0
38.0 47.0 47.0 164.19796 62.78184 126.12356 5.0
38.0 47.0 38.0 88.6474 68.41843 152.61292 5.0
39.0 1.0 1.0 66.23461 89.20432 7.4641 291.0
39.0 1.0 39.0 21.8367 50.12468 32.76035 291.0
39.0 2.0 2.0 27.39006 25.33793 87.70526 148.0
39.0 2.0 39.0 21.8367 50.12468 32.76035 148.0
39.0 5.0 5.0 36.1641 130.04756 82.18851 2.0
39.0 5.0 39.0 21.8367 50.12468 32.76035 2.0
39.0 6.0 6.0 5.47198 84.79873 74.40774 1414.0
39.0 6.0 39.0 21.8367 50.12468 32.76035 1414.0
39.0 11.0 11.0 48.52574 14.12287 56.49519 896.0
39.0 11.0 39.0 21.8367 50.12468 32.76035 896.0
39.0 13.0 13.0 21.79444 31.15319 56.4273 1840.0
39.0 13.0 39.0 21.8367 50.12468 32.76035 1840.0
39.0 19.0 19.0 66.39133 15.82332 45.33549 231.0
39.0 19.0 39.0 21.8367 50.12468 32.76035 231.0
39.0 20.0 20.0 85.04009 53.69713 22.2978 538.0
39.0 20.0 39.0 21.8367 50.12468 32.76035 538.0
39.0 21.0 21.0 28.30688 78.09075 19.28009 2212.0
39.0 21.0 39.0 21.8367 50.12468 32.76035 2212.0
39.0 22.0 22.0 25.08606 80.05576 119.45126 2.0
39.0 22.0 39.0 21.8367 50.12468 32.76035 2.0
39.0 27.0 27.0 18.70413 45.38305 103.73199 19.0
39.0 27.0 39.0 21.8367 50.12468 32.76035 19.0
39.0 39.0 39.0 21.8367 50.12468 32.76035 9986.0
39.0 39.0 39.0 21.8367 50.12468 32.76035 9986.0
39.0 40.0 40.0 83.22175 23.58133 42.40122 29.0
39.0 40.0 39.0 21.8367 50.12468 32.76035 29.0
39.0 45.0 45.0 35.02985 116.35503 28.61994 60.0
39.0 45.0 39.0 21.8367 50.12468 32.76035 60.0
40.0 1.0 1.0 66.23461 89.20432 7.4641 10.0
40.0 1.0 40.0 83.22175 23.58133 42.40122 10.0
40.0 3.0 3.0 83.14082 3.82889 88.01443 137.0
40.0 3.0 40.0 83.22175 23.58133 42.40122 137.0
40.0 7.0 7.0 121.65871 13.45216 56.88428 289.0
40.0 7.0 40.0 83.22175 23.58133 42.40122 289.0
40.0 8.0 8.0 108.15084 85.97243 38.67497 34.0
40.0 8.0 40.0 83.22175 23.58133 42.40122 34.0
40.0 10.0 10.0 97.06488 3.92967 61.06409 1208.0
40.0 10.0 40.0 83.22175 23.58133 42.40122 1208.0
40.0 11.0 11.0 48.52574 14.12287 56.49519 470.0
40.0 11.0 40.0 83.22175 23.58133 42.40122 470.0
40.0 13.0 13.0 21.79444 31.15319 56.4273 7.0
40.0 13.0 40.0 83.22175 23.58133 42.40122 7.0
40.0 15.0 15.0 145.11065 26.56315 64.67758 3.0
40.0 15.0 40.0 83.22175 23.58133 42.40122 3.0
40.0 17.0 17.0 122.80581 11.00874 94.5963 2.0
40.0 17.0 40.0 83.22175 23.58133 42.40122 2.0
40.0 19.0 19.0 66.39133 15.82332 45.33549 1476.0
40.0 19.0 40.0 83.22175 23.58133 42.40122 1476.0
40.0 20.0 20.0 85.04009 53.69713 22.2978 1696.0
40.0 20.0 40.0 83.22175 23.58133 42.40122 1696.0
40.0 21.0 21.0 28.30688 78.09075 19.28009 1.0
40.0 21.0 40.0 83.22175 23.58133 42.40122 1.0
40.0 31.0 31.0 121.4933 38.94038 36.02623 1108.0
40.0 31.0 40.0 83.22175 23.58133 42.40122 1108.0
40.0 37.0 37.0 80.21806 11.05324 113.79743 3.0
40.0 37.0 40.0 83.22175 23.58133 42.40122 3.0
40.0 39.0 39.0 21.8367 50.12468 32.76035 38.0
40.0 39.0 40.0 83.22175 23.58133 42.40122 38.0
40.0 40.0 40.0 83.22175 23.58133 42.40122 4569.0
40.0 40.0 40.0 83.22175 23.58133 42.40122 4569.0
41.0 4.0 4.0 72.08568 108.39195 139.67587 2807.0
41.0 4.0 41.0 59.82522 126.0631 122.4887 2807.0
41.0 5.0 5.0 36.1641 130.04756 82.18851 2214.0
41.0 5.0 41.0 59.82522 126.0631 122.4887 2214.0
41.0 6.0 6.0 5.47198 84.79873 74.40774 14.0
41.0 6.0 41.0 59.82522 126.0631 122.4887 14.0
41.0 9.0 9.0 78.59126 139.92662 102.62739 2175.0
41.0 9.0 41.0 59.82522 126.0631 122.4887 2175.0
41.0 13.0 13.0 21.79444 31.15319 56.4273 1.0
41.0 13.0 41.0 59.82522 126.0631 122.4887 1.0
41.0 22.0 22.0 25.08606 80.05576 119.45126 671.0
41.0 22.0 41.0 59.82522 126.0631 122.4887 671.0
41.0 24.0 24.0 107.85804 87.23475 149.1474 87.0
41.0 24.0 41.0 59.82522 126.0631 122.4887 87.0
41.0 28.0 28.0 84.3283 38.93281 143.14095 1.0
41.0 28.0 41.0 59.82522 126.0631 122.4887 1.0
41.0 30.0 30.0 88.32236 139.92613 62.67577 17.0
41.0 30.0 41.0 59.82522 126.0631 122.4887 17.0
41.0 34.0 34.0 127.76541 111.26986 129.58645 391.0
41.0 34.0 41.0 59.82522 126.0631 122.4887 391.0
41.0 35.0 35.0 147.75806 121.17004 95.61097 3.0
41.0 35.0 41.0 59.82522 126.0631 122.4887 3.0
41.0 38.0 38.0 88.6474 68.41843 152.61292 3.0
41.0 38.0 41.0 59.82522 126.0631 122.4887 3.0
41.0 41.0 41.0 59.82522 126.0631 122.4887 9235.0
41.0 41.0 41.0 59.82522 126.0631 122.4887 9235.0
41.0 42.0 42.0 56.60963 85.25004 144.94272 399.0
41.0 42.0 41.0 59.82522 126.0631 122.4887 399.0
41.0 43.0 43.0 101.68154 137.73236 99.15078 320.0
41.0 43.0 41.0 59.82522 126.0631 122.4887 320.0
42.0 0.0 0.0 55.08949 48.88809 141.96583 867.0
42.0 0.0 42.0 56.60963 85.25004 144.94272 867.0
42.0 4.0 4.0 72.08568 108.39195 139.67587 2172.0
42.0 4.0 42.0 56.60963 85.25004 144.94272 2172.0
42.0 5.0 5.0 36.1641 130.04756 82.18851 43.0
42.0 5.0 42.0 56.60963 85.25004 144.94272 43.0
42.0 6.0 6.0 5.47198 84.79873 74.40774 1.0
42.0 6.0 42.0 56.60963 85.25004 144.94272 1.0
42.0 16.0 16.0 37.08698 39.12087 124.70918 145.0
42.0 16.0 42.0 56.60963 85.25004 144.94272 145.0
42.0 22.0 22.0 25.08606 80.05576 119.45126 1611.0
42.0 22.0 42.0 56.60963 85.25004 144.94272 1611.0
42.0 24.0 24.0 107.85804 87.23475 149.1474 561.0
42.0 24.0 42.0 56.60963 85.25004 144.94272 561.0
42.0 27.0 27.0 18.70413 45.38305 103.73199 2.0
42.0 27.0 42.0 56.60963 85.25004 144.94272 2.0
42.0 28.0 28.0 84.3283 38.93281 143.14095 210.0
42.0 28.0 42.0 56.60963 85.25004 144.94272 210.0
42.0 33.0 33.0 97.16186 49.94809 149.23825 131.0
42.0 33.0 42.0 56.60963 85.25004 144.94272 131.0
42.0 34.0 34.0 127.76541 111.26986 129.58645 8.0
42.0 34.0 42.0 56.60963 85.25004 144.94272 8.0
42.0 36.0 36.0 51.17108 19.5037 119.70509 1.0
42.0 36.0 42.0 56.60963 85.25004 144.94272 1.0
42.0 38.0 38.0 88.6474 68.41843 152.61292 1131.0
42.0 38.0 42.0 56.60963 85.25004 144.94272 1131.0
42.0 41.0 41.0 59.82522 126.0631 122.4887 393.0
42.0 41.0 42.0 56.60963 85.25004 144.94272 393.0
42.0 42.0 42.0 56.60963 85.25004 144.94272 5799.0
42.0 42.0 42.0 56.60963 85.25004 144.94272 5799.0
42.0 44.0 44.0 70.23756 22.71609 131.34435 3.0
42.0 44.0 42.0 56.60963 85.25004 144.94272 3.0
43.0 4.0 4.0 72.08568 108.39195 139.67587 63.0
43.0 4.0 43.0 101.68154 137.73236 99.15078 63.0
43.0 5.0 5.0 36.1641 130.04756 82.18851 61.0
43.0 5.0 43.0 101.68154 137.73236 99.15078 61.0
43.0 9.0 9.0 78.59126 139.92662 102.62739 2066.0
43.0 9.0 43.0 101.68154 137.73236 99.15078 2066.0
43.0 24.0 24.0 107.85804 87.23475 149.1474 6.0
43.0 24.0 43.0 101.68154 137.73236 99.15078 6.0
43.0 30.0 30.0 88.32236 139.92613 62.67577 2119.0
43.0 30.0 43.0 101.68154 137.73236 99.15078 2119.0
43.0 34.0 34.0 127.76541 111.26986 129.58645 1448.0
43.0 34.0 43.0 101.68154 137.73236 99.15078 1448.0
43.0 35.0 35.0 147.75806 121.17004 95.61097 853.0
43.0 35.0 43.0 101.68154 137.73236 99.15078 853.0
43.0 41.0 41.0 59.82522 126.0631 122.4887 268.0
43.0 41.0 43.0 101.68154 137.73236 99.15078 268.0
43.0 43.0 43.0 101.68154 137.73236 99.15078 4798.0
43.0 43.0 43.0 101.68154 137.73236 99.15078 4798.0
43.0 46.0 46.0 114.46274 130.24452 52.68744 167.0
43.0 46.0 43.0 101.68154 137.73236 99.15078 167.0
44.0 0.0 0.0 55.08949 48.88809 141.96583 624.0
44.0 0.0 44.0 70.23756 22.71609 131.34435 624.0
44.0 2.0 2.0 27.39006 25.33793 87.70526 33.0
44.0 2.0 44.0 70.23756 22.71609 131.34435 33.0
44.0 3.0 3.0 83.14082 3.82889 88.01443 75.0
44.0 3.0 44.0 70.23756 22.71609 131.34435 75.0
44.0 6.0 6.0 5.47198 84.79873 74.40774 1.0
44.0 6.0 44.0 70.23756 22.71609 131.34435 1.0
44.0 11.0 11.0 48.52574 14.12287 56.49519 1.0
44.0 11.0 44.0 70.23756 22.71609 131.34435 1.0
44.0 16.0 16.0 37.08698 39.12087 124.70918 226.0
44.0 16.0 44.0 70.23756 22.71609 131.34435 226.0
44.0 17.0 17.0 122.80581 11.00874 94.5963 3.0
44.0 17.0 44.0 70.23756 22.71609 131.34435 3.0
44.0 22.0 22.0 25.08606 80.05576 119.45126 2.0
44.0 22.0 44.0 70.23756 22.71609 131.34435 2.0
44.0 26.0 26.0 132.0777 45.13663 139.12666 15.0
44.0 26.0 44.0 70.23756 22.71609 131.34435 15.0
44.0 27.0 27.0 18.70413 45.38305 103.73199 3.0
44.0 27.0 44.0 70.23756 22.71609 131.34435 3.0
44.0 28.0 28.0 84.3283 38.93281 143.14095 924.0
44.0 28.0 44.0 70.23756 22.71609 131.34435 924.0
44.0 29.0 29.0 122.70662 20.59044 121.17675 80.0
44.0 29.0 44.0 70.23756 22.71609 131.34435 80.0
44.0 33.0 33.0 97.16186 49.94809 149.23825 107.0
44.0 33.0 44.0 70.23756 22.71609 131.34435 107.0
44.0 36.0 36.0 51.17108 19.5037 119.70509 756.0
44.0 36.0 44.0 70.23756 22.71609 131.34435 756.0
44.0 37.0 37.0 80.21806 11.05324 113.79743 1509.0
44.0 37.0 44.0 70.23756 22.71609 131.34435 1509.0
44.0 38.0 38.0 88.6474 68.41843 152.61292 16.0
44.0 38.0 44.0 70.23756 22.71609 131.34435 16.0
44.0 42.0 42.0 56.60963 85.25004 144.94272 2.0
44.0 42.0 44.0 70.23756 22.71609 131.34435 2.0
44.0 44.0 44.0 70.23756 22.71609 131.34435 1838.0
44.0 44.0 44.0 70.23756 22.71609 131.34435 1838.0
45.0 1.0 1.0 66.23461 89.20432 7.4641 1954.0
45.0 1.0 45.0 35.02985 116.35503 28.61994 1954.0
45.0 5.0 5.0 36.1641 130.04756 82.18851 2050.0
45.0 5.0 45.0 35.02985 116.35503 28.61994 2050.0
45.0 6.0 6.0 5.47198 84.79873 74.40774 976.0
45.0 6.0 45.0 35.02985 116.35503 28.61994 976.0
45.0 8.0 8.0 108.15084 85.97243 38.67497 116.0
45.0 8.0 45.0 35.02985 116.35503 28.61994 116.0
45.0 9.0 9.0 78.59126 139.92662 102.62739 5.0
45.0 9.0 45.0 35.02985 116.35503 28.61994 5.0
45.0 14.0 14.0 128.36144 116.03759 40.31307 3.0
45.0 14.0 45.0 35.02985 116.35503 28.61994 3.0
45.0 20.0 20.0 85.04009 53.69713 22.2978 1.0
45.0 20.0 45.0 35.02985 116.35503 28.61994 1.0
45.0 21.0 21.0 28.30688 78.09075 19.28009 1870.0
45.0 21.0 45.0 35.02985 116.35503 28.61994 1870.0
45.0 30.0 30.0 88.32236 139.92613 62.67577 826.0
45.0 30.0 45.0 35.02985 116.35503 28.61994 826.0
45.0 39.0 39.0 21.8367 50.12468 32.76035 76.0
45.0 39.0 45.0 35.02985 116.35503 28.61994 76.0
45.0 45.0 45.0 35.02985 116.35503 28.61994 13450.0
45.0 45.0 45.0 35.02985 116.35503 28.61994 13450.0
45.0 46.0 46.0 114.46274 130.24452 52.68744 50.0
45.0 46.0 45.0 35.02985 116.35503 28.61994 50.0
46.0 1.0 1.0 66.23461 89.20432 7.4641 134.0
46.0 1.0 46.0 114.46274 130.24452 52.68744 134.0
46.0 5.0 5.0 36.1641 130.04756 82.18851 6.0
46.0 5.0 46.0 114.46274 130.24452 52.68744 6.0
46.0 8.0 8.0 108.15084 85.97243 38.67497 1103.0
46.0 8.0 46.0 114.46274 130.24452 52.68744 1103.0
46.0 9.0 9.0 78.59126 139.92662 102.62739 2.0
46.0 9.0 46.0 114.46274 130.24452 52.68744 2.0
46.0 12.0 12.0 179.80442 86.31961 84.70779 5.0
46.0 12.0 46.0 114.46274 130.24452 52.68744 5.0
46.0 14.0 14.0 128.36144 116.03759 40.31307 2808.0
46.0 14.0 46.0 114.46274 130.24452 52.68744 2808.0
46.0 20.0 20.0 85.04009 53.69713 22.2978 1.0
46.0 20.0 46.0 114.46274 130.24452 52.68744 1.0
46.0 30.0 30.0 88.32236 139.92613 62.67577 3416.0
46.0 30.0 46.0 114.46274 130.24452 52.68744 3416.0
46.0 32.0 32.0 156.99542 89.07442 57.97655 292.0
46.0 32.0 46.0 114.46274 130.24452 52.68744 292.0
46.0 34.0 34.0 127.76541 111.26986 129.58645 14.0
46.0 34.0 46.0 114.46274 130.24452 52.68744 14.0
46.0 35.0 35.0 147.75806 121.17004 95.61097 1120.0
46.0 35.0 46.0 114.46274 130.24452 52.68744 1120.0
46.0 43.0 43.0 101.68154 137.73236 99.15078 134.0
46.0 43.0 46.0 114.46274 130.24452 52.68744 134.0
46.0 45.0 45.0 35.02985 116.35503 28.61994 39.0
46.0 45.0 46.0 114.46274 130.24452 52.68744 39.0
46.0 46.0 46.0 114.46274 130.24452 52.68744 7027.0
46.0 46.0 46.0 114.46274 130.24452 52.68744 7027.0
47.0 12.0 12.0 179.80442 86.31961 84.70779 384.0
47.0 12.0 47.0 164.19796 62.78184 126.12356 384.0
47.0 15.0 15.0 145.11065 26.56315 64.67758 8.0
47.0 15.0 47.0 164.19796 62.78184 126.12356 8.0
47.0 17.0 17.0 122.80581 11.00874 94.5963 17.0
47.0 17.0 47.0 164.19796 62.78184 126.12356 17.0
47.0 18.0 18.0 159.19145 24.82879 93.91841 640.0
47.0 18.0 47.0 164.19796 62.78184 126.12356 640.0
47.0 23.0 23.0 173.47575 43.55819 76.97414 355.0
47.0 23.0 47.0 164.19796 62.78184 126.12356 355.0
47.0 24.0 24.0 107.85804 87.23475 149.1474 204.0
47.0 24.0 47.0 164.19796 62.78184 126.12356 204.0
47.0 25.0 25.0 182.83545 63.99737 100.27803 1183.0
47.0 25.0 47.0 164.19796 62.78184 126.12356 1183.0
47.0 26.0 26.0 132.0777 45.13663 139.12666 1854.0
47.0 26.0 47.0 164.19796 62.78184 126.12356 1854.0
47.0 29.0 29.0 122.70662 20.59044 121.17675 263.0
47.0 29.0 47.0 164.19796 62.78184 126.12356 263.0
47.0 32.0 32.0 156.99542 89.07442 57.97655 2.0
47.0 32.0 47.0 164.19796 62.78184 126.12356 2.0
47.0 33.0 33.0 97.16186 49.94809 149.23825 4.0
47.0 33.0 47.0 164.19796 62.78184 126.12356 4.0
47.0 34.0 34.0 127.76541 111.26986 129.58645 1257.0
47.0 34.0 47.0 164.19796 62.78184 126.12356 1257.0
47.0 35.0 35.0 147.75806 121.17004 95.61097 351.0
47.0 35.0 47.0 164.19796 62.78184 126.12356 351.0
47.0 37.0 37.0 80.21806 11.05324 113.79743 1.0
47.0 37.0 47.0 164.19796 62.78184 126.12356 1.0
47.0 38.0 38.0 88.6474 68.41843 152.61292 5.0
47.0 38.0 47.0 164.19796 62.78184 126.12356 5.0
47.0 47.0 47.0 164.19796 62.78184 126.12356 8859.0
47.0 47.0 47.0 164.19796 62.78184 126.12356 8859.0
