TargetArea SourceArea Area AvgPosX AvgPosY AvgPosZ SumWeights
0.0 0.0 0.0 55.10363 48.864 141.95893 3861.0
0.0 0.0 0.0 55.10363 48.864 141.95893 3861.0
0.0 2.0 2.0 27.41084 25.31661 87.71222 13.0
0.0 2.0 0.0 55.10363 48.864 141.95893 13.0
0.0 4.0 4.0 72.05169 108.40154 139.66126 13.0
0.0 4.0 0.0 55.10363 48.864 141.95893 13.0
0.0 5.0 5.0 36.18429 130.05069 82.24697 1.0
0.0 5.0 0.0 55.10363 48.864 141.95893 1.0
0.0 16.0 16.0 37.0999 39.10277 124.71291 1394.0
0.0 16.0 0.0 55.10363 48.864 141.95893 1394.0
0.0 22.0 22.0 25.0845 80.06687 119.44695 559.0
0.0 22.0 0.0 55.10363 48.864 141.95893 559.0
0.0 24.0 24.0 107.89441 87.21119 149.14636 12.0
0.0 24.0 0.0 55.10363 48.864 141.95893 12.0
0.0 27.0 27.0 18.70933 45.36954 103.72515 19.0
0.0 27.0 0.0 55.10363 48.864 141.95893 19.0
0.0 28.0 28.0 84.31338 38.93843 143.14199 1124.0
0.0 28.0 0.0 55.10363 48.864 141.95893 1124.0
0.0 29.0 29.0 122.73484 20.58514 121.15538 1.0
0.0 29.0 0.0 55.10363 48.864 141.95893 1.0
0.0 33.0 33.0 97.17372 49.95488 149.2417 298.0
0.0 33.0 0.0 55.10363 48.864 141.95893 298.0
0.0 36.0 36.0 51.17957 19.50773 119.71906 465.0
0.0 36.0 0.0 55.10363 48.864 141.95893 465.0
0.0 37.0 37.0 80.24732 11.04887 113.79287 78.0
0.0 37.0 0.0 55.10363 48.864 141.95893 78.0
0.0 38.0 38.0 88.73886 68.40845 152.61563 410.0
0.0 38.0 0.0 55.10363 48.864 141.95893 410.0
0.0 41.0 41.0 59.82919 126.06247 122.49814 4.0
0.0 41.0 0.0 55.10363 48.864 141.95893 4.0
0.0 42.0 42.0 56.62468 85.24122 144.9551 934.0
0.0 42.0 0.0 55.10363 48.864 141.95893 934.0
0.0 44.0 44.0 70.24602 22.71324 131.33781 632.0
0.0 44.0 0.0 55.10363 48.864 141.95893 632.0
1.0 1.0 1.0 66.24307 89.25312 7.46873 11318.0
1.0 1.0 1.0 66.24307 89.25312 7.46873 11318.0
1.0 5.0 5.0 36.18429 130.05069 82.24697 24.0
1.0 5.0 1.0 66.24307 89.25312 7.46873 24.0
1.0 6.0 6.0 5.48062 84.77968 74.43612 1.0
1.0 6.0 1.0 66.24307 89.25312 7.46873 1.0
1.0 8.0 8.0 108.17721 85.97639 38.68473 1647.0
1.0 8.0 1.0 66.24307 89.25312 7.46873 1647.0
1.0 11.0 11.0 48.54284 14.11118 56.51291 21.0
1.0 11.0 1.0 66.24307 89.25312 7.46873 21.0
1.0 14.0 14.0 128.35562 116.03579 40.31867 52.0
1.0 14.0 1.0 66.24307 89.25312 7.46873 52.0
1.0 19.0 19.0 66.3824 15.81979 45.3471 28.0
1.0 19.0 1.0 66.24307 89.25312 7.46873 28.0
1.0 20.0 20.0 84.99819 53.68737 22.26431 2218.0
1.0 20.0 1.0 66.24307 89.25312 7.46873 2218.0
1.0 21.0 21.0 28.29545 78.10642 19.28858 1338.0
1.0 21.0 1.0 66.24307 89.25312 7.46873 1338.0
1.0 30.0 30.0 88.3847 139.94507 62.75917 352.0
1.0 30.0 1.0 66.24307 89.25312 7.46873 352.0
1.0 31.0 31.0 121.57252 38.96079 36.0499 2.0
1.0 31.0 1.0 66.24307 89.25312 7.46873 2.0
1.0 39.0 39.0 21.84393 50.12444 32.76288 264.0
1.0 39.0 1.0 66.24307 89.25312 7.46873 264.0
1.0 40.0 40.0 83.26343 23.5168 42.41163 15.0
1.0 40.0 1.0 66.24307 89.25312 7.46873 15.0
1.0 45.0 45.0 35.05202 116.35957 28.61601 1792.0
1.0 45.0 1.0 66.24307 89.25312 7.46873 1792.0
1.0 46.0 46.0 114.55087 130.24776 52.75761 150.0
1.0 46.0 1.0 66.24307 89.25312 7.46873 150.0
2.0 0.0 0.0 55.10363 48.864 141.95893 12.0
2.0 0.0 2.0 27.41084 25.31661 87.71222 12.0
2.0 2.0 2.0 27.41084 25.31661 87.71222 6696.0
2.0 2.0 2.0 27.41084 25.31661 87.71222 6696.0
2.0 3.0 3.0 83.18955 3.83317 88.03074 353.0
2.0 3.0 2.0 27.41084 25.31661 87.71222 353.0
2.0 6.0 6.0 5.48062 84.77968 74.43612 446.0
2.0 6.0 2.0 27.41084 25.31661 87.71222 446.0
2.0 10.0 10.0 97.06281 3.92634 61.09482 2.0
2.0 10.0 2.0 27.41084 25.31661 87.71222 2.0
2.0 11.0 11.0 48.54284 14.11118 56.51291 1423.0
2.0 11.0 2.0 27.41084 25.31661 87.71222 1423.0
2.0 13.0 13.0 21.81258 31.13331 56.42838 1382.0
2.0 13.0 2.0 27.41084 25.31661 87.71222 1382.0
2.0 16.0 16.0 37.0999 39.10277 124.71291 699.0
2.0 16.0 2.0 27.41084 25.31661 87.71222 699.0
2.0 19.0 19.0 66.3824 15.81979 45.3471 17.0
2.0 19.0 2.0 27.41084 25.31661 87.71222 17.0
2.0 20.0 20.0 84.99819 53.68737 22.26431 1.0
2.0 20.0 2.0 27.41084 25.31661 87.71222 1.0
2.0 22.0 22.0 25.0845 80.06687 119.44695 84.0
2.0 22.0 2.0 27.41084 25.31661 87.71222 84.0
2.0 27.0 27.0 18.70933 45.36954 103.72515 1635.0
2.0 27.0 2.0 27.41084 25.31661 87.71222 1635.0
2.0 28.0 28.0 84.31338 38.93843 143.14199 1.0
2.0 28.0 2.0 27.41084 25.31661 87.71222 1.0
2.0 36.0 36.0 51.17957 19.50773 119.71906 520.0
2.0 36.0 2.0 27.41084 25.31661 87.71222 520.0
2.0 37.0 37.0 80.24732 11.04887 113.79287 428.0
2.0 37.0 2.0 27.41084 25.31661 87.71222 428.0
2.0 39.0 39.0 21.84393 50.12444 32.76288 146.0
2.0 39.0 2.0 27.41084 25.31661 87.71222 146.0
2.0 40.0 40.0 83.26343 23.5168 42.41163 2.0
2.0 40.0 2.0 27.41084 25.31661 87.71222 2.0
2.0 44.0 44.0 70.24602 22.71324 131.33781 33.0
2.0 44.0 2.0 27.41084 25.31661 87.71222 33.0
3.0 2.0 2.0 27.41084 25.31661 87.71222 267.0
3.0 2.0 3.0 83.18955 3.83317 88.03074 267.0
3.0 3.0 3.0 83.18955 3.83317 88.03074 7212.0
3.0 3.0 3.0 83.18955 3.83317 88.03074 7212.0
3.0 7.0 7.0 121.67474 13.4587 56.8948 231.0
3.0 7.0 3.0 83.18955 3.83317 88.03074 231.0
3.0 10.0 10.0 97.06281 3.92634 61.09482 1572.0
3.0 10.0 3.0 83.18955 3.83317 88.03074 1572.0
3.0 11.0 11.0 48.54284 14.11118 56.51291 1058.0
3.0 11.0 3.0 83.18955 3.83317 88.03074 1058.0
3.0 13.0 13.0 21.81258 31.13331 56.42838 6.0
3.0 13.0 3.0 83.18955 3.83317 88.03074 6.0
3.0 15.0 15.0 145.12012 26.57874 64.67765 17.0
3.0 15.0 3.0 83.18955 3.83317 88.03074 17.0
3.0 16.0 16.0 37.0999 39.10277 124.71291 10.0
3.0 16.0 3.0 83.18955 3.83317 88.03074 10.0
3.0 17.0 17.0 122.81431 11.01131 94.6156 1192.0
3.0 17.0 3.0 83.18955 3.83317 88.03074 1192.0
3.0 19.0 19.0 66.3824 15.81979 45.3471 442.0
3.0 19.0 3.0 83.18955 3.83317 88.03074 442.0
3.0 27.0 27.0 18.70933 45.36954 103.72515 2.0
3.0 27.0 3.0 83.18955 3.83317 88.03074 2.0
3.0 28.0 28.0 84.31338 38.93843 143.14199 4.0
3.0 28.0 3.0 83.18955 3.83317 88.03074 4.0
3.0 29.0 29.0 122.73484 20.58514 121.15538 196.0
3.0 29.0 3.0 83.18955 3.83317 88.03074 196.0
3.0 31.0 31.0 121.57252 38.96079 36.0499 3.0
3.0 31.0 3.0 83.18955 3.83317 88.03074 3.0
3.0 36.0 36.0 51.17957 19.50773 119.71906 142.0
3.0 36.0 3.0 83.18955 3.83317 88.03074 142.0
3.0 37.0 37.0 80.24732 11.04887 113.79287 2588.0
3.0 37.0 3.0 83.18955 3.83317 88.03074 2588.0
3.0 40.0 40.0 83.26343 23.5168 42.41163 145.0
3.0 40.0 3.0 83.18955 3.83317 88.03074 145.0
3.0 44.0 44.0 70.24602 22.71324 131.33781 59.0
3.0 44.0 3.0 83.18955 3.83317 88.03074 59.0
4.0 0.0 0.0 55.10363 48.864 141.95893 12.0
4.0 0.0 4.0 72.05169 108.40154 139.66126 12.0
4.0 4.0 4.0 72.05169 108.40154 139.66126 6628.0
4.0 4.0 4.0 72.05169 108.40154 139.66126 6628.0
4.0 5.0 5.0 36.18429 130.05069 82.24697 111.0
4.0 5.0 4.0 72.05169 108.40154 139.66126 111.0
4.0 6.0 6.0 5.48062 84.77968 74.43612 2.0
4.0 6.0 4.0 72.05169 108.40154 139.66126 2.0
4.0 9.0 9.0 78.59674 139.92422 102.65069 289.0
4.0 9.0 4.0 72.05169 108.40154 139.66126 289.0
4.0 16.0 16.0 37.0999 39.10277 124.71291 2.0
4.0 16.0 4.0 72.05169 108.40154 139.66126 2.0
4.0 22.0 22.0 25.0845 80.06687 119.44695 457.0
4.0 22.0 4.0 72.05169 108.40154 139.66126 457.0
4.0 24.0 24.0 107.89441 87.21119 149.14636 1521.0
4.0 24.0 4.0 72.05169 108.40154 139.66126 1521.0
4.0 28.0 28.0 84.31338 38.93843 143.14199 5.0
4.0 28.0 4.0 72.05169 108.40154 139.66126 5.0
4.0 33.0 33.0 97.17372 49.95488 149.2417 5.0
4.0 33.0 4.0 72.05169 108.40154 139.66126 5.0
4.0 34.0 34.0 127.8051 111.24563 129.58568 904.0
4.0 34.0 4.0 72.05169 108.40154 139.66126 904.0
4.0 35.0 35.0 147.81867 121.136 95.62699 1.0
4.0 35.0 4.0 72.05169 108.40154 139.66126 1.0
4.0 38.0 38.0 88.73886 68.40845 152.61563 220.0
4.0 38.0 4.0 72.05169 108.40154 139.66126 220.0
4.0 41.0 41.0 59.82919 126.06247 122.49814 2728.0
4.0 41.0 4.0 72.05169 108.40154 139.66126 2728.0
4.0 42.0 42.0 56.62468 85.24122 144.9551 2085.0
4.0 42.0 4.0 72.05169 108.40154 139.66126 2085.0
4.0 43.0 43.0 101.71794 137.72651 99.14805 64.0
4.0 43.0 4.0 72.05169 108.40154 139.66126 64.0
4.0 45.0 45.0 35.05202 116.35957 28.61601 1.0
4.0 45.0 4.0 72.05169 108.40154 139.66126 1.0
5.0 1.0 1.0 66.24307 89.25312 7.46873 18.0
5.0 1.0 5.0 36.18429 130.05069 82.24697 18.0
5.0 4.0 4.0 72.05169 108.40154 139.66126 107.0
5.0 4.0 5.0 36.18429 130.05069 82.24697 107.0
5.0 5.0 5.0 36.18429 130.05069 82.24697 21737.0
5.0 5.0 5.0 36.18429 130.05069 82.24697 21737.0
5.0 6.0 6.0 5.48062 84.77968 74.43612 1952.0
5.0 6.0 5.0 36.18429 130.05069 82.24697 1952.0
5.0 8.0 8.0 108.17721 85.97639 38.68473 7.0
5.0 8.0 5.0 36.18429 130.05069 82.24697 7.0
5.0 9.0 9.0 78.59674 139.92422 102.65069 1496.0
5.0 9.0 5.0 36.18429 130.05069 82.24697 1496.0
5.0 21.0 21.0 28.29545 78.10642 19.28858 13.0
5.0 21.0 5.0 36.18429 130.05069 82.24697 13.0
5.0 22.0 22.0 25.0845 80.06687 119.44695 1175.0
5.0 22.0 5.0 36.18429 130.05069 82.24697 1175.0
5.0 30.0 30.0 88.3847 139.94507 62.75917 1733.0
5.0 30.0 5.0 36.18429 130.05069 82.24697 1733.0
5.0 41.0 41.0 59.82919 126.06247 122.49814 2290.0
5.0 41.0 5.0 36.18429 130.05069 82.24697 2290.0
5.0 42.0 42.0 56.62468 85.24122 144.9551 27.0
5.0 42.0 5.0 36.18429 130.05069 82.24697 27.0
5.0 43.0 43.0 101.71794 137.72651 99.14805 82.0
5.0 43.0 5.0 36.18429 130.05069 82.24697 82.0
5.0 45.0 45.0 35.05202 116.35957 28.61601 1982.0
5.0 45.0 5.0 36.18429 130.05069 82.24697 1982.0
5.0 46.0 46.0 114.55087 130.24776 52.75761 14.0
5.0 46.0 5.0 36.18429 130.05069 82.24697 14.0
6.0 2.0 2.0 27.41084 25.31661 87.71222 507.0
6.0 2.0 6.0 5.48062 84.77968 74.43612 507.0
6.0 4.0 4.0 72.05169 108.40154 139.66126 3.0
6.0 4.0 6.0 5.48062 84.77968 74.43612 3.0
6.0 5.0 5.0 36.18429 130.05069 82.24697 2050.0
6.0 5.0 6.0 5.48062 84.77968 74.43612 2050.0
6.0 6.0 6.0 5.48062 84.77968 74.43612 15811.0
6.0 6.0 6.0 5.48062 84.77968 74.43612 15811.0
6.0 11.0 11.0 48.54284 14.11118 56.51291 2.0
6.0 11.0 6.0 5.48062 84.77968 74.43612 2.0
6.0 13.0 13.0 21.81258 31.13331 56.42838 433.0
6.0 13.0 6.0 5.48062 84.77968 74.43612 433.0
6.0 16.0 16.0 37.0999 39.10277 124.71291 7.0
6.0 16.0 6.0 5.48062 84.77968 74.43612 7.0
6.0 21.0 21.0 28.29545 78.10642 19.28858 675.0
6.0 21.0 6.0 5.48062 84.77968 74.43612 675.0
6.0 22.0 22.0 25.0845 80.06687 119.44695 2068.0
6.0 22.0 6.0 5.48062 84.77968 74.43612 2068.0
6.0 27.0 27.0 18.70933 45.36954 103.72515 893.0
6.0 27.0 6.0 5.48062 84.77968 74.43612 893.0
6.0 39.0 39.0 21.84393 50.12444 32.76288 1325.0
6.0 39.0 6.0 5.48062 84.77968 74.43612 1325.0
6.0 41.0 41.0 59.82919 126.06247 122.49814 22.0
6.0 41.0 6.0 5.48062 84.77968 74.43612 22.0
6.0 45.0 45.0 35.05202 116.35957 28.61601 937.0
6.0 45.0 6.0 5.48062 84.77968 74.43612 937.0
7.0 3.0 3.0 83.18955 3.83317 88.03074 199.0
7.0 3.0 7.0 121.67474 13.4587 56.8948 199.0
7.0 7.0 7.0 121.67474 13.4587 56.8948 4086.0
7.0 7.0 7.0 121.67474 13.4587 56.8948 4086.0
7.0 8.0 8.0 108.17721 85.97639 38.68473 8.0
7.0 8.0 7.0 121.67474 13.4587 56.8948 8.0
7.0 10.0 10.0 97.06281 3.92634 61.09482 1434.0
7.0 10.0 7.0 121.67474 13.4587 56.8948 1434.0
7.0 15.0 15.0 145.12012 26.57874 64.67765 1518.0
7.0 15.0 7.0 121.67474 13.4587 56.8948 1518.0
7.0 17.0 17.0 122.81431 11.01131 94.6156 818.0
7.0 17.0 7.0 121.67474 13.4587 56.8948 818.0
7.0 18.0 18.0 159.21046 24.83556 93.90415 44.0
7.0 18.0 7.0 121.67474 13.4587 56.8948 44.0
7.0 19.0 19.0 66.3824 15.81979 45.3471 10.0
7.0 19.0 7.0 121.67474 13.4587 56.8948 10.0
7.0 20.0 20.0 84.99819 53.68737 22.26431 16.0
7.0 20.0 7.0 121.67474 13.4587 56.8948 16.0
7.0 23.0 23.0 173.46933 43.56267 76.94177 18.0
7.0 23.0 7.0 121.67474 13.4587 56.8948 18.0
7.0 29.0 29.0 122.73484 20.58514 121.15538 12.0
7.0 29.0 7.0 121.67474 13.4587 56.8948 12.0
7.0 31.0 31.0 121.57252 38.96079 36.0499 1573.0
7.0 31.0 7.0 121.67474 13.4587 56.8948 1573.0
7.0 32.0 32.0 156.98733 89.05549 57.9671 6.0
7.0 32.0 7.0 121.67474 13.4587 56.8948 6.0
7.0 37.0 37.0 80.24732 11.04887 113.79287 8.0
7.0 37.0 7.0 121.67474 13.4587 56.8948 8.0
7.0 40.0 40.0 83.26343 23.5168 42.41163 296.0
7.0 40.0 7.0 121.67474 13.4587 56.8948 296.0
8.0 1.0 1.0 66.24307 89.25312 7.46873 1430.0
8.0 1.0 8.0 108.17721 85.97639 38.68473 1430.0
8.0 3.0 3.0 83.18955 3.83317 88.03074 1.0
8.0 3.0 8.0 108.17721 85.97639 38.68473 1.0
8.0 4.0 4.0 72.05169 108.40154 139.66126 1.0
8.0 4.0 8.0 108.17721 85.97639 38.68473 1.0
8.0 5.0 5.0 36.18429 130.05069 82.24697 6.0
8.0 5.0 8.0 108.17721 85.97639 38.68473 6.0
8.0 7.0 7.0 121.67474 13.4587 56.8948 8.0
8.0 7.0 8.0 108.17721 85.97639 38.68473 8.0
8.0 8.0 8.0 108.17721 85.97639 38.68473 28570.0
8.0 8.0 8.0 108.17721 85.97639 38.68473 28570.0
8.0 12.0 12.0 179.80304 86.3447 84.72806 6.0
8.0 12.0 8.0 108.17721 85.97639 38.68473 6.0
8.0 14.0 14.0 128.35562 116.03579 40.31867 2628.0
8.0 14.0 8.0 108.17721 85.97639 38.68473 2628.0
8.0 15.0 15.0 145.12012 26.57874 64.67765 45.0
8.0 15.0 8.0 108.17721 85.97639 38.68473 45.0
8.0 19.0 19.0 66.3824 15.81979 45.3471 1.0
8.0 19.0 8.0 108.17721 85.97639 38.68473 1.0
8.0 20.0 20.0 84.99819 53.68737 22.26431 2896.0
8.0 20.0 8.0 108.17721 85.97639 38.68473 2896.0
8.0 23.0 23.0 173.46933 43.56267 76.94177 4.0
8.0 23.0 8.0 108.17721 85.97639 38.68473 4.0
8.0 30.0 30.0 88.3847 139.94507 62.75917 556.0
8.0 30.0 8.0 108.17721 85.97639 38.68473 556.0
8.0 31.0 31.0 121.57252 38.96079 36.0499 1749.0
8.0 31.0 8.0 108.17721 85.97639 38.68473 1749.0
8.0 32.0 32.0 156.98733 89.05549 57.9671 1442.0
8.0 32.0 8.0 108.17721 85.97639 38.68473 1442.0
8.0 35.0 35.0 147.81867 121.136 95.62699 3.0
8.0 35.0 8.0 108.17721 85.97639 38.68473 3.0
8.0 40.0 40.0 83.26343 23.5168 42.41163 21.0
8.0 40.0 8.0 108.17721 85.97639 38.68473 21.0
8.0 41.0 41.0 59.82919 126.06247 122.49814 1.0
8.0 41.0 8.0 108.17721 85.97639 38.68473 1.0
8.0 45.0 45.0 35.05202 116.35957 28.61601 81.0
8.0 45.0 8.0 108.17721 85.97639 38.68473 81.0
8.0 46.0 46.0 114.55087 130.24776 52.75761 1090.0
8.0 46.0 8.0 108.17721 85.97639 38.68473 1090.0
9.0 4.0 4.0 72.05169 108.40154 139.66126 272.0
9.0 4.0 9.0 78.59674 139.92422 102.65069 272.0
9.0 5.0 5.0 36.18429 130.05069 82.24697 1314.0
9.0 5.0 9.0 78.59674 139.92422 102.65069 1314.0
9.0 9.0 9.0 78.59674 139.92422 102.65069 4948.0
9.0 9.0 9.0 78.59674 139.92422 102.65069 4948.0
9.0 22.0 22.0 25.0845 80.06687 119.44695 1.0
9.0 22.0 9.0 78.59674 139.92422 102.65069 1.0
9.0 24.0 24.0 107.89441 87.21119 149.14636 27.0
9.0 24.0 9.0 78.59674 139.92422 102.65069 27.0
9.0 30.0 30.0 88.3847 139.94507 62.75917 1185.0
9.0 30.0 9.0 78.59674 139.92422 102.65069 1185.0
9.0 34.0 34.0 127.8051 111.24563 129.58568 621.0
9.0 34.0 9.0 78.59674 139.92422 102.65069 621.0
9.0 35.0 35.0 147.81867 121.136 95.62699 15.0
9.0 35.0 9.0 78.59674 139.92422 102.65069 15.0
9.0 41.0 41.0 59.82919 126.06247 122.49814 2086.0
9.0 41.0 9.0 78.59674 139.92422 102.65069 2086.0
9.0 43.0 43.0 101.71794 137.72651 99.14805 2127.0
9.0 43.0 9.0 78.59674 139.92422 102.65069 2127.0
9.0 45.0 45.0 35.05202 116.35957 28.61601 2.0
9.0 45.0 9.0 78.59674 139.92422 102.65069 2.0
9.0 46.0 46.0 114.55087 130.24776 52.75761 4.0
9.0 46.0 9.0 78.59674 139.92422 102.65069 4.0
10.0 2.0 2.0 27.41084 25.31661 87.71222 3.0
10.0 2.0 10.0 97.06281 3.92634 61.09482 3.0
10.0 3.0 3.0 83.18955 3.83317 88.03074 1527.0
10.0 3.0 10.0 97.06281 3.92634 61.09482 1527.0
10.0 7.0 7.0 121.67474 13.4587 56.8948 1480.0
10.0 7.0 10.0 97.06281 3.92634 61.09482 1480.0
10.0 10.0 10.0 97.06281 3.92634 61.09482 4206.0
10.0 10.0 10.0 97.06281 3.92634 61.09482 4206.0
10.0 11.0 11.0 48.54284 14.11118 56.51291 188.0
10.0 11.0 10.0 97.06281 3.92634 61.09482 188.0
10.0 15.0 15.0 145.12012 26.57874 64.67765 69.0
10.0 15.0 10.0 97.06281 3.92634 61.09482 69.0
10.0 17.0 17.0 122.81431 11.01131 94.6156 460.0
10.0 17.0 10.0 97.06281 3.92634 61.09482 460.0
10.0 18.0 18.0 159.21046 24.83556 93.90415 1.0
10.0 18.0 10.0 97.06281 3.92634 61.09482 1.0
10.0 19.0 19.0 66.3824 15.81979 45.3471 550.0
10.0 19.0 10.0 97.06281 3.92634 61.09482 550.0
10.0 20.0 20.0 84.99819 53.68737 22.26431 38.0
10.0 20.0 10.0 97.06281 3.92634 61.09482 38.0
10.0 29.0 29.0 122.73484 20.58514 121.15538 7.0
10.0 29.0 10.0 97.06281 3.92634 61.09482 7.0
10.0 31.0 31.0 121.57252 38.96079 36.0499 391.0
10.0 31.0 10.0 97.06281 3.92634 61.09482 391.0
10.0 37.0 37.0 80.24732 11.04887 113.79287 39.0
10.0 37.0 10.0 97.06281 3.92634 61.09482 39.0
10.0 40.0 40.0 83.26343 23.5168 42.41163 1264.0
10.0 40.0 10.0 97.06281 3.92634 61.09482 1264.0
11.0 1.0 1.0 66.24307 89.25312 7.46873 23.0
11.0 1.0 11.0 48.54284 14.11118 56.51291 23.0
11.0 2.0 2.0 27.41084 25.31661 87.71222 1391.0
11.0 2.0 11.0 48.54284 14.11118 56.51291 1391.0
11.0 3.0 3.0 83.18955 3.83317 88.03074 1112.0
11.0 3.0 11.0 48.54284 14.11118 56.51291 1112.0
11.0 8.0 8.0 108.17721 85.97639 38.68473 1.0
11.0 8.0 11.0 48.54284 14.11118 56.51291 1.0
11.0 10.0 10.0 97.06281 3.92634 61.09482 216.0
11.0 10.0 11.0 48.54284 14.11118 56.51291 216.0
11.0 11.0 11.0 48.54284 14.11118 56.51291 8195.0
11.0 11.0 11.0 48.54284 14.11118 56.51291 8195.0
11.0 13.0 13.0 21.81258 31.13331 56.42838 1476.0
11.0 13.0 11.0 48.54284 14.11118 56.51291 1476.0
11.0 16.0 16.0 37.0999 39.10277 124.71291 17.0
11.0 16.0 11.0 48.54284 14.11118 56.51291 17.0
11.0 19.0 19.0 66.3824 15.81979 45.3471 2148.0
11.0 19.0 11.0 48.54284 14.11118 56.51291 2148.0
11.0 20.0 20.0 84.99819 53.68737 22.26431 262.0
11.0 20.0 11.0 48.54284 14.11118 56.51291 262.0
11.0 21.0 21.0 28.29545 78.10642 19.28858 29.0
11.0 21.0 11.0 48.54284 14.11118 56.51291 29.0
11.0 27.0 27.0 18.70933 45.36954 103.72515 2.0
11.0 27.0 11.0 48.54284 14.11118 56.51291 2.0
11.0 31.0 31.0 121.57252 38.96079 36.0499 7.0
11.0 31.0 11.0 48.54284 14.11118 56.51291 7.0
11.0 36.0 36.0 51.17957 19.50773 119.71906 60.0
11.0 36.0 11.0 48.54284 14.11118 56.51291 60.0
11.0 37.0 37.0 80.24732 11.04887 113.79287 281.0
11.0 37.0 11.0 48.54284 14.11118 56.51291 281.0
11.0 39.0 39.0 21.84393 50.12444 32.76288 819.0
11.0 39.0 11.0 48.54284 14.11118 56.51291 819.0
11.0 40.0 40.0 83.26343 23.5168 42.41163 551.0
11.0 40.0 11.0 48.54284 14.11118 56.51291 551.0
11.0 44.0 44.0 70.24602 22.71324 131.33781 3.0
11.0 44.0 11.0 48.54284 14.11118 56.51291 3.0
12.0 8.0 8.0 108.17721 85.97639 38.68473 1.0
12.0 8.0 12.0 179.80304 86.3447 84.72806 1.0
12.0 12.0 12.0 179.80304 86.3447 84.72806 6012.0
12.0 12.0 12.0 179.80304 86.3447 84.72806 6012.0
12.0 14.0 14.0 128.35562 116.03579 40.31867 2.0
12.0 14.0 12.0 179.80304 86.3447 84.72806 2.0
12.0 15.0 15.0 145.12012 26.57874 64.67765 28.0
12.0 15.0 12.0 179.80304 86.3447 84.72806 28.0
12.0 18.0 18.0 159.21046 24.83556 93.90415 17.0
12.0 18.0 12.0 179.80304 86.3447 84.72806 17.0
12.0 23.0 23.0 173.46933 43.56267 76.94177 596.0
12.0 23.0 12.0 179.80304 86.3447 84.72806 596.0
12.0 25.0 25.0 182.8501 63.9751 100.26922 1167.0
12.0 25.0 12.0 179.80304 86.3447 84.72806 1167.0
12.0 31.0 31.0 121.57252 38.96079 36.0499 8.0
12.0 31.0 12.0 179.80304 86.3447 84.72806 8.0
12.0 32.0 32.0 156.98733 89.05549 57.9671 1791.0
12.0 32.0 12.0 179.80304 86.3447 84.72806 1791.0
12.0 34.0 34.0 127.8051 111.24563 129.58568 92.0
12.0 34.0 12.0 179.80304 86.3447 84.72806 92.0
12.0 35.0 35.0 147.81867 121.136 95.62699 1226.0
12.0 35.0 12.0 179.80304 86.3447 84.72806 1226.0
12.0 46.0 46.0 114.55087 130.24776 52.75761 5.0
12.0 46.0 12.0 179.80304 86.3447 84.72806 5.0
12.0 47.0 47.0 164.18908 62.7426 126.12277 410.0
12.0 47.0 12.0 179.80304 86.3447 84.72806 410.0
13.0 1.0 1.0 66.24307 89.25312 7.46873 1.0
13.0 1.0 13.0 21.81258 31.13331 56.42838 1.0
13.0 2.0 2.0 27.41084 25.31661 87.71222 1346.0
13.0 2.0 13.0 21.81258 31.13331 56.42838 1346.0
13.0 3.0 3.0 83.18955 3.83317 88.03074 2.0
13.0 3.0 13.0 21.81258 31.13331 56.42838 2.0
13.0 6.0 6.0 5.48062 84.77968 74.43612 400.0
13.0 6.0 13.0 21.81258 31.13331 56.42838 400.0
13.0 11.0 11.0 48.54284 14.11118 56.51291 1663.0
13.0 11.0 13.0 21.81258 31.13331 56.42838 1663.0
13.0 13.0 13.0 21.81258 31.13331 56.42838 3911.0
13.0 13.0 13.0 21.81258 31.13331 56.42838 3911.0
13.0 19.0 19.0 66.3824 15.81979 45.3471 69.0
13.0 19.0 13.0 21.81258 31.13331 56.42838 69.0
13.0 20.0 20.0 84.99819 53.68737 22.26431 11.0
13.0 20.0 13.0 21.81258 31.13331 56.42838 11.0
13.0 21.0 21.0 28.29545 78.10642 19.28858 13.0
13.0 21.0 13.0 21.81258 31.13331 56.42838 13.0
13.0 22.0 22.0 25.0845 80.06687 119.44695 3.0
13.0 22.0 13.0 21.81258 31.13331 56.42838 3.0
13.0 27.0 27.0 18.70933 45.36954 103.72515 108.0
13.0 27.0 13.0 21.81258 31.13331 56.42838 108.0
13.0 36.0 36.0 51.17957 19.50773 119.71906 1.0
13.0 36.0 13.0 21.81258 31.13331 56.42838 1.0
13.0 37.0 37.0 80.24732 11.04887 113.79287 4.0
13.0 37.0 13.0 21.81258 31.13331 56.42838 4.0
13.0 39.0 39.0 21.84393 50.12444 32.76288 1755.0
13.0 39.0 13.0 21.81258 31.13331 56.42838 1755.0
13.0 40.0 40.0 83.26343 23.5168 42.41163 7.0
13.0 40.0 13.0 21.81258 31.13331 56.42838 7.0
14.0 1.0 1.0 66.24307 89.25312 7.46873 42.0
14.0 1.0 14.0 128.35562 116.03579 40.31867 42.0
14.0 8.0 8.0 108.17721 85.97639 38.68473 2703.0
14.0 8.0 14.0 128.35562 116.03579 40.31867 2703.0
14.0 12.0 12.0 179.80304 86.3447 84.72806 6.0
14.0 12.0 14.0 128.35562 116.03579 40.31867 6.0
14.0 14.0 14.0 128.35562 116.03579 40.31867 7259.0
14.0 14.0 14.0 128.35562 116.03579 40.31867 7259.0
14.0 20.0 20.0 84.99819 53.68737 22.26431 8.0
14.0 20.0 14.0 128.35562 116.03579 40.31867 8.0
14.0 30.0 30.0 88.3847 139.94507 62.75917 220.0
14.0 30.0 14.0 128.35562 116.03579 40.31867 220.0
14.0 31.0 31.0 121.57252 38.96079 36.0499 3.0
14.0 31.0 14.0 128.35562 116.03579 40.31867 3.0
14.0 32.0 32.0 156.98733 89.05549 57.9671 1479.0
14.0 32.0 14.0 128.35562 116.03579 40.31867 1479.0
14.0 35.0 35.0 147.81867 121.136 95.62699 310.0
14.0 35.0 14.0 128.35562 116.03579 40.31867 310.0
14.0 43.0 43.0 101.71794 137.72651 99.14805 2.0
14.0 43.0 14.0 128.35562 116.03579 40.31867 2.0
14.0 45.0 45.0 35.05202 116.35957 28.61601 1.0
14.0 45.0 14.0 128.35562 116.03579 40.31867 1.0
14.0 46.0 46.0 114.55087 130.24776 52.75761 2821.0
14.0 46.0 14.0 128.35562 116.03579 40.31867 2821.0
15.0 3.0 3.0 83.18955 3.83317 88.03074 19.0
15.0 3.0 15.0 145.12012 26.57874 64.67765 19.0
15.0 7.0 7.0 121.67474 13.4587 56.8948 1491.0
15.0 7.0 15.0 145.12012 26.57874 64.67765 1491.0
15.0 8.0 8.0 108.17721 85.97639 38.68473 82.0
15.0 8.0 15.0 145.12012 26.57874 64.67765 82.0
15.0 10.0 10.0 97.06281 3.92634 61.09482 83.0
15.0 10.0 15.0 145.12012 26.57874 64.67765 83.0
15.0 12.0 12.0 179.80304 86.3447 84.72806 37.0
15.0 12.0 15.0 145.12012 26.57874 64.67765 37.0
15.0 15.0 15.0 145.12012 26.57874 64.67765 5119.0
15.0 15.0 15.0 145.12012 26.57874 64.67765 5119.0
15.0 17.0 17.0 122.81431 11.01131 94.6156 897.0
15.0 17.0 15.0 145.12012 26.57874 64.67765 897.0
15.0 18.0 18.0 159.21046 24.83556 93.90415 1049.0
15.0 18.0 15.0 145.12012 26.57874 64.67765 1049.0
15.0 23.0 23.0 173.46933 43.56267 76.94177 741.0
15.0 23.0 15.0 145.12012 26.57874 64.67765 741.0
15.0 25.0 25.0 182.8501 63.9751 100.26922 6.0
15.0 25.0 15.0 145.12012 26.57874 64.67765 6.0
15.0 26.0 26.0 132.12578 45.14478 139.11207 7.0
15.0 26.0 15.0 145.12012 26.57874 64.67765 7.0
15.0 29.0 29.0 122.73484 20.58514 121.15538 53.0
15.0 29.0 15.0 145.12012 26.57874 64.67765 53.0
15.0 31.0 31.0 121.57252 38.96079 36.0499 1353.0
15.0 31.0 15.0 145.12012 26.57874 64.67765 1353.0
15.0 32.0 32.0 156.98733 89.05549 57.9671 379.0
15.0 32.0 15.0 145.12012 26.57874 64.67765 379.0
15.0 37.0 37.0 80.24732 11.04887 113.79287 2.0
15.0 37.0 15.0 145.12012 26.57874 64.67765 2.0
15.0 40.0 40.0 83.26343 23.5168 42.41163 1.0
15.0 40.0 15.0 145.12012 26.57874 64.67765 1.0
15.0 47.0 47.0 164.18908 62.7426 126.12277 9.0
15.0 47.0 15.0 145.12012 26.57874 64.67765 9.0
16.0 0.0 0.0 55.10363 48.864 141.95893 1435.0
16.0 0.0 16.0 37.0999 39.10277 124.71291 1435.0
16.0 2.0 2.0 27.41084 25.31661 87.71222 753.0
16.0 2.0 16.0 37.0999 39.10277 124.71291 753.0
16.0 3.0 3.0 83.18955 3.83317 88.03074 13.0
16.0 3.0 16.0 37.0999 39.10277 124.71291 13.0
16.0 4.0 4.0 72.05169 108.40154 139.66126 2.0
16.0 4.0 16.0 37.0999 39.10277 124.71291 2.0
16.0 6.0 6.0 5.48062 84.77968 74.43612 3.0
16.0 6.0 16.0 37.0999 39.10277 124.71291 3.0
16.0 11.0 11.0 48.54284 14.11118 56.51291 16.0
16.0 11.0 16.0 37.0999 39.10277 124.71291 16.0
16.0 16.0 16.0 37.0999 39.10277 124.71291 4231.0
16.0 16.0 16.0 37.0999 39.10277 124.71291 4231.0
16.0 22.0 22.0 25.0845 80.06687 119.44695 1202.0
16.0 22.0 16.0 37.0999 39.10277 124.71291 1202.0
16.0 23.0 23.0 173.46933 43.56267 76.94177 1.0
16.0 23.0 16.0 37.0999 39.10277 124.71291 1.0
16.0 26.0 26.0 132.12578 45.14478 139.11207 1.0
16.0 26.0 16.0 37.0999 39.10277 124.71291 1.0
16.0 27.0 27.0 18.70933 45.36954 103.72515 1133.0
16.0 27.0 16.0 37.0999 39.10277 124.71291 1133.0
16.0 28.0 28.0 84.31338 38.93843 143.14199 53.0
16.0 28.0 16.0 37.0999 39.10277 124.71291 53.0
16.0 33.0 33.0 97.17372 49.95488 149.2417 7.0
16.0 33.0 16.0 37.0999 39.10277 124.71291 7.0
16.0 36.0 36.0 51.17957 19.50773 119.71906 1089.0
16.0 36.0 16.0 37.0999 39.10277 124.71291 1089.0
16.0 37.0 37.0 80.24732 11.04887 113.79287 169.0
16.0 37.0 16.0 37.0999 39.10277 124.71291 169.0
16.0 38.0 38.0 88.73886 68.40845 152.61563 20.0
16.0 38.0 16.0 37.0999 39.10277 124.71291 20.0
16.0 42.0 42.0 56.62468 85.24122 144.9551 185.0
16.0 42.0 16.0 37.0999 39.10277 124.71291 185.0
16.0 44.0 44.0 70.24602 22.71324 131.33781 245.0
16.0 44.0 16.0 37.0999 39.10277 124.71291 245.0
17.0 3.0 3.0 83.18955 3.83317 88.03074 1191.0
17.0 3.0 17.0 122.81431 11.01131 94.6156 1191.0
17.0 7.0 7.0 121.67474 13.4587 56.8948 825.0
17.0 7.0 17.0 122.81431 11.01131 94.6156 825.0
17.0 10.0 10.0 97.06281 3.92634 61.09482 474.0
17.0 10.0 17.0 122.81431 11.01131 94.6156 474.0
17.0 15.0 15.0 145.12012 26.57874 64.67765 888.0
17.0 15.0 17.0 122.81431 11.01131 94.6156 888.0
17.0 17.0 17.0 122.81431 11.01131 94.6156 5093.0
17.0 17.0 17.0 122.81431 11.01131 94.6156 5093.0
17.0 18.0 18.0 159.21046 24.83556 93.90415 603.0
17.0 18.0 17.0 122.81431 11.01131 94.6156 603.0
17.0 19.0 19.0 66.3824 15.81979 45.3471 3.0
17.0 19.0 17.0 122.81431 11.01131 94.6156 3.0
17.0 23.0 23.0 173.46933 43.56267 76.94177 7.0
17.0 23.0 17.0 122.81431 11.01131 94.6156 7.0
17.0 26.0 26.0 132.12578 45.14478 139.11207 80.0
17.0 26.0 17.0 122.81431 11.01131 94.6156 80.0
17.0 28.0 28.0 84.31338 38.93843 143.14199 10.0
17.0 28.0 17.0 122.81431 11.01131 94.6156 10.0
17.0 29.0 29.0 122.73484 20.58514 121.15538 1535.0
17.0 29.0 17.0 122.81431 11.01131 94.6156 1535.0
17.0 31.0 31.0 121.57252 38.96079 36.0499 6.0
17.0 31.0 17.0 122.81431 11.01131 94.6156 6.0
17.0 33.0 33.0 97.17372 49.95488 149.2417 3.0
17.0 33.0 17.0 122.81431 11.01131 94.6156 3.0
17.0 37.0 37.0 80.24732 11.04887 113.79287 477.0
17.0 37.0 17.0 122.81431 11.01131 94.6156 477.0
17.0 40.0 40.0 83.26343 23.5168 42.41163 3.0
17.0 40.0 17.0 122.81431 11.01131 94.6156 3.0
17.0 44.0 44.0 70.24602 22.71324 131.33781 3.0
17.0 44.0 17.0 122.81431 11.01131 94.6156 3.0
17.0 47.0 47.0 164.18908 62.7426 126.12277 15.0
17.0 47.0 17.0 122.81431 11.01131 94.6156 15.0
18.0 3.0 3.0 83.18955 3.83317 88.03074 2.0
18.0 3.0 18.0 159.21046 24.83556 93.90415 2.0
18.0 7.0 7.0 121.67474 13.4587 56.8948 31.0
18.0 7.0 18.0 159.21046 24.83556 93.90415 31.0
18.0 12.0 12.0 179.80304 86.3447 84.72806 11.0
18.0 12.0 18.0 159.21046 24.83556 93.90415 11.0
18.0 15.0 15.0 145.12012 26.57874 64.67765 1152.0
18.0 15.0 18.0 159.21046 24.83556 93.90415 1152.0
18.0 17.0 17.0 122.81431 11.01131 94.6156 607.0
18.0 17.0 18.0 159.21046 24.83556 93.90415 607.0
18.0 18.0 18.0 159.21046 24.83556 93.90415 3255.0
18.0 18.0 18.0 159.21046 24.83556 93.90415 3255.0
18.0 23.0 23.0 173.46933 43.56267 76.94177 1013.0
18.0 23.0 18.0 159.21046 24.83556 93.90415 1013.0
18.0 25.0 25.0 182.8501 63.9751 100.26922 106.0
18.0 25.0 18.0 159.21046 24.83556 93.90415 106.0
18.0 26.0 26.0 132.12578 45.14478 139.11207 214.0
18.0 26.0 18.0 159.21046 24.83556 93.90415 214.0
18.0 29.0 29.0 122.73484 20.58514 121.15538 561.0
18.0 29.0 18.0 159.21046 24.83556 93.90415 561.0
18.0 31.0 31.0 121.57252 38.96079 36.0499 8.0
18.0 31.0 18.0 159.21046 24.83556 93.90415 8.0
18.0 32.0 32.0 156.98733 89.05549 57.9671 12.0
18.0 32.0 18.0 159.21046 24.83556 93.90415 12.0
18.0 47.0 47.0 164.18908 62.7426 126.12277 639.0
18.0 47.0 18.0 159.21046 24.83556 93.90415 639.0
19.0 1.0 1.0 66.24307 89.25312 7.46873 22.0
19.0 1.0 19.0 66.3824 15.81979 45.3471 22.0
19.0 2.0 2.0 27.41084 25.31661 87.71222 15.0
19.0 2.0 19.0 66.3824 15.81979 45.3471 15.0
19.0 3.0 3.0 83.18955 3.83317 88.03074 441.0
19.0 3.0 19.0 66.3824 15.81979 45.3471 441.0
19.0 7.0 7.0 121.67474 13.4587 56.8948 11.0
19.0 7.0 19.0 66.3824 15.81979 45.3471 11.0
19.0 8.0 8.0 108.17721 85.97639 38.68473 1.0
19.0 8.0 19.0 66.3824 15.81979 45.3471 1.0
19.0 10.0 10.0 97.06281 3.92634 61.09482 587.0
19.0 10.0 19.0 66.3824 15.81979 45.3471 587.0
19.0 11.0 11.0 48.54284 14.11118 56.51291 1877.0
19.0 11.0 19.0 66.3824 15.81979 45.3471 1877.0
19.0 13.0 13.0 21.81258 31.13331 56.42838 60.0
19.0 13.0 19.0 66.3824 15.81979 45.3471 60.0
19.0 19.0 19.0 66.3824 15.81979 45.3471 2151.0
19.0 19.0 19.0 66.3824 15.81979 45.3471 2151.0
19.0 20.0 20.0 84.99819 53.68737 22.26431 616.0
19.0 20.0 19.0 66.3824 15.81979 45.3471 616.0
19.0 21.0 21.0 28.29545 78.10642 19.28858 12.0
19.0 21.0 19.0 66.3824 15.81979 45.3471 12.0
19.0 31.0 31.0 121.57252 38.96079 36.0499 24.0
19.0 31.0 19.0 66.3824 15.81979 45.3471 24.0
19.0 37.0 37.0 80.24732 11.04887 113.79287 13.0
19.0 37.0 19.0 66.3824 15.81979 45.3471 13.0
19.0 39.0 39.0 21.84393 50.12444 32.76288 194.0
19.0 39.0 19.0 66.3824 15.81979 45.3471 194.0
19.0 40.0 40.0 83.26343 23.5168 42.41163 1610.0
19.0 40.0 19.0 66.3824 15.81979 45.3471 1610.0
20.0 1.0 1.0 66.24307 89.25312 7.46873 2067.0
20.0 1.0 20.0 84.99819 53.68737 22.26431 2067.0
20.0 7.0 7.0 121.67474 13.4587 56.8948 18.0
20.0 7.0 20.0 84.99819 53.68737 22.26431 18.0
20.0 8.0 8.0 108.17721 85.97639 38.68473 3081.0
20.0 8.0 20.0 84.99819 53.68737 22.26431 3081.0
20.0 10.0 10.0 97.06281 3.92634 61.09482 21.0
20.0 10.0 20.0 84.99819 53.68737 22.26431 21.0
20.0 11.0 11.0 48.54284 14.11118 56.51291 240.0
20.0 11.0 20.0 84.99819 53.68737 22.26431 240.0
20.0 12.0 12.0 179.80304 86.3447 84.72806 1.0
20.0 12.0 20.0 84.99819 53.68737 22.26431 1.0
20.0 13.0 13.0 21.81258 31.13331 56.42838 4.0
20.0 13.0 20.0 84.99819 53.68737 22.26431 4.0
20.0 14.0 14.0 128.35562 116.03579 40.31867 5.0
20.0 14.0 20.0 84.99819 53.68737 22.26431 5.0
20.0 15.0 15.0 145.12012 26.57874 64.67765 1.0
20.0 15.0 20.0 84.99819 53.68737 22.26431 1.0
20.0 19.0 19.0 66.3824 15.81979 45.3471 514.0
20.0 19.0 20.0 84.99819 53.68737 22.26431 514.0
20.0 20.0 20.0 84.99819 53.68737 22.26431 12443.0
20.0 20.0 20.0 84.99819 53.68737 22.26431 12443.0
20.0 21.0 21.0 28.29545 78.10642 19.28858 246.0
20.0 21.0 20.0 84.99819 53.68737 22.26431 246.0
20.0 31.0 31.0 121.57252 38.96079 36.0499 2055.0
20.0 31.0 20.0 84.99819 53.68737 22.26431 2055.0
20.0 32.0 32.0 156.98733 89.05549 57.9671 6.0
20.0 32.0 20.0 84.99819 53.68737 22.26431 6.0
20.0 39.0 39.0 21.84393 50.12444 32.76288 500.0
20.0 39.0 20.0 84.99819 53.68737 22.26431 500.0
20.0 40.0 40.0 83.26343 23.5168 42.41163 1683.0
20.0 40.0 20.0 84.99819 53.68737 22.26431 1683.0
20.0 45.0 45.0 35.05202 116.35957 28.61601 1.0
20.0 45.0 20.0 84.99819 53.68737 22.26431 1.0
21.0 1.0 1.0 66.24307 89.25312 7.46873 1479.0
21.0 1.0 21.0 28.29545 78.10642 19.28858 1479.0
21.0 5.0 5.0 36.18429 130.05069 82.24697 12.0
21.0 5.0 21.0 28.29545 78.10642 19.28858 12.0
21.0 6.0 6.0 5.48062 84.77968 74.43612 628.0
21.0 6.0 21.0 28.29545 78.10642 19.28858 628.0
21.0 11.0 11.0 48.54284 14.11118 56.51291 38.0
21.0 11.0 21.0 28.29545 78.10642 19.28858 38.0
21.0 12.0 12.0 179.80304 86.3447 84.72806 1.0
21.0 12.0 21.0 28.29545 78.10642 19.28858 1.0
21.0 13.0 13.0 21.81258 31.13331 56.42838 10.0
21.0 13.0 21.0 28.29545 78.10642 19.28858 10.0
21.0 19.0 19.0 66.3824 15.81979 45.3471 18.0
21.0 19.0 21.0 28.29545 78.10642 19.28858 18.0
21.0 20.0 20.0 84.99819 53.68737 22.26431 275.0
21.0 20.0 21.0 28.29545 78.10642 19.28858 275.0
21.0 21.0 21.0 28.29545 78.10642 19.28858 6390.0
21.0 21.0 21.0 28.29545 78.10642 19.28858 6390.0
21.0 30.0 30.0 88.3847 139.94507 62.75917 1.0
21.0 30.0 21.0 28.29545 78.10642 19.28858 1.0
21.0 39.0 39.0 21.84393 50.12444 32.76288 2214.0
21.0 39.0 21.0 28.29545 78.10642 19.28858 2214.0
21.0 40.0 40.0 83.26343 23.5168 42.41163 4.0
21.0 40.0 21.0 28.29545 78.10642 19.28858 4.0
21.0 45.0 45.0 35.05202 116.35957 28.61601 1917.0
21.0 45.0 21.0 28.29545 78.10642 19.28858 1917.0
22.0 0.0 0.0 55.10363 48.864 141.95893 657.0
22.0 0.0 22.0 25.0845 80.06687 119.44695 657.0
22.0 2.0 2.0 27.41084 25.31661 87.71222 69.0
22.0 2.0 22.0 25.0845 80.06687 119.44695 69.0
22.0 4.0 4.0 72.05169 108.40154 139.66126 469.0
22.0 4.0 22.0 25.0845 80.06687 119.44695 469.0
22.0 5.0 5.0 36.18429 130.05069 82.24697 1188.0
22.0 5.0 22.0 25.0845 80.06687 119.44695 1188.0
22.0 6.0 6.0 5.48062 84.77968 74.43612 1865.0
22.0 6.0 22.0 25.0845 80.06687 119.44695 1865.0
22.0 13.0 13.0 21.81258 31.13331 56.42838 2.0
22.0 13.0 22.0 25.0845 80.06687 119.44695 2.0
22.0 16.0 16.0 37.0999 39.10277 124.71291 1257.0
22.0 16.0 22.0 25.0845 80.06687 119.44695 1257.0
22.0 22.0 22.0 25.0845 80.06687 119.44695 13911.0
22.0 22.0 22.0 25.0845 80.06687 119.44695 13911.0
22.0 24.0 24.0 107.89441 87.21119 149.14636 1.0
22.0 24.0 22.0 25.0845 80.06687 119.44695 1.0
22.0 27.0 27.0 18.70933 45.36954 103.72515 1287.0
22.0 27.0 22.0 25.0845 80.06687 119.44695 1287.0
22.0 28.0 28.0 84.31338 38.93843 143.14199 16.0
22.0 28.0 22.0 25.0845 80.06687 119.44695 16.0
22.0 33.0 33.0 97.17372 49.95488 149.2417 1.0
22.0 33.0 22.0 25.0845 80.06687 119.44695 1.0
22.0 36.0 36.0 51.17957 19.50773 119.71906 15.0
22.0 36.0 22.0 25.0845 80.06687 119.44695 15.0
22.0 37.0 37.0 80.24732 11.04887 113.79287 1.0
22.0 37.0 22.0 25.0845 80.06687 119.44695 1.0
22.0 38.0 38.0 88.73886 68.40845 152.61563 27.0
22.0 38.0 22.0 25.0845 80.06687 119.44695 27.0
22.0 41.0 41.0 59.82919 126.06247 122.49814 763.0
22.0 41.0 22.0 25.0845 80.06687 119.44695 763.0
22.0 42.0 42.0 56.62468 85.24122 144.9551 1663.0
22.0 42.0 22.0 25.0845 80.06687 119.44695 1663.0
22.0 44.0 44.0 70.24602 22.71324 131.33781 2.0
22.0 44.0 22.0 25.0845 80.06687 119.44695 2.0
23.0 7.0 7.0 121.67474 13.4587 56.8948 9.0
23.0 7.0 23.0 173.46933 43.56267 76.94177 9.0
23.0 8.0 8.0 108.17721 85.97639 38.68473 5.0
23.0 8.0 23.0 173.46933 43.56267 76.94177 5.0
23.0 12.0 12.0 179.80304 86.3447 84.72806 605.0
23.0 12.0 23.0 173.46933 43.56267 76.94177 605.0
23.0 15.0 15.0 145.12012 26.57874 64.67765 797.0
23.0 15.0 23.0 173.46933 43.56267 76.94177 797.0
23.0 17.0 17.0 122.81431 11.01131 94.6156 4.0
23.0 17.0 23.0 173.46933 43.56267 76.94177 4.0
23.0 18.0 18.0 159.21046 24.83556 93.90415 1047.0
23.0 18.0 23.0 173.46933 43.56267 76.94177 1047.0
23.0 23.0 23.0 173.46933 43.56267 76.94177 3397.0
23.0 23.0 23.0 173.46933 43.56267 76.94177 3397.0
23.0 25.0 25.0 182.8501 63.9751 100.26922 778.0
23.0 25.0 23.0 173.46933 43.56267 76.94177 778.0
23.0 26.0 26.0 132.12578 45.14478 139.11207 11.0
23.0 26.0 23.0 173.46933 43.56267 76.94177 11.0
23.0 29.0 29.0 122.73484 20.58514 121.15538 8.0
23.0 29.0 23.0 173.46933 43.56267 76.94177 8.0
23.0 31.0 31.0 121.57252 38.96079 36.0499 108.0
23.0 31.0 23.0 173.46933 43.56267 76.94177 108.0
23.0 32.0 32.0 156.98733 89.05549 57.9671 511.0
23.0 32.0 23.0 173.46933 43.56267 76.94177 511.0
23.0 37.0 37.0 80.24732 11.04887 113.79287 1.0
23.0 37.0 23.0 173.46933 43.56267 76.94177 1.0
23.0 47.0 47.0 164.18908 62.7426 126.12277 338.0
23.0 47.0 23.0 173.46933 43.56267 76.94177 338.0
24.0 0.0 0.0 55.10363 48.864 141.95893 11.0
24.0 0.0 24.0 107.89441 87.21119 149.14636 11.0
24.0 4.0 4.0 72.05169 108.40154 139.66126 1483.0
24.0 4.0 24.0 107.89441 87.21119 149.14636 1483.0
24.0 9.0 9.0 78.59674 139.92422 102.65069 25.0
24.0 9.0 24.0 107.89441 87.21119 149.14636 25.0
24.0 22.0 22.0 25.0845 80.06687 119.44695 1.0
24.0 22.0 24.0 107.89441 87.21119 149.14636 1.0
24.0 24.0 24.0 107.89441 87.21119 149.14636 8970.0
24.0 24.0 24.0 107.89441 87.21119 149.14636 8970.0
24.0 26.0 26.0 132.12578 45.14478 139.11207 935.0
24.0 26.0 24.0 107.89441 87.21119 149.14636 935.0
24.0 28.0 28.0 84.31338 38.93843 143.14199 42.0
24.0 28.0 24.0 107.89441 87.21119 149.14636 42.0
24.0 30.0 30.0 88.3847 139.94507 62.75917 1.0
24.0 30.0 24.0 107.89441 87.21119 149.14636 1.0
24.0 33.0 33.0 97.17372 49.95488 149.2417 465.0
24.0 33.0 24.0 107.89441 87.21119 149.14636 465.0
24.0 34.0 34.0 127.8051 111.24563 129.58568 2657.0
24.0 34.0 24.0 107.89441 87.21119 149.14636 2657.0
24.0 35.0 35.0 147.81867 121.136 95.62699 3.0
24.0 35.0 24.0 107.89441 87.21119 149.14636 3.0
24.0 38.0 38.0 88.73886 68.40845 152.61563 1905.0
24.0 38.0 24.0 107.89441 87.21119 149.14636 1905.0
24.0 41.0 41.0 59.82919 126.06247 122.49814 78.0
24.0 41.0 24.0 107.89441 87.21119 149.14636 78.0
24.0 42.0 42.0 56.62468 85.24122 144.9551 493.0
24.0 42.0 24.0 107.89441 87.21119 149.14636 493.0
24.0 43.0 43.0 101.71794 137.72651 99.14805 8.0
24.0 43.0 24.0 107.89441 87.21119 149.14636 8.0
24.0 44.0 44.0 70.24602 22.71324 131.33781 1.0
24.0 44.0 24.0 107.89441 87.21119 149.14636 1.0
24.0 47.0 47.0 164.18908 62.7426 126.12277 210.0
24.0 47.0 24.0 107.89441 87.21119 149.14636 210.0
25.0 7.0 7.0 121.67474 13.4587 56.8948 1.0
25.0 7.0 25.0 182.8501 63.9751 100.26922 1.0
25.0 12.0 12.0 179.80304 86.3447 84.72806 1225.0
25.0 12.0 25.0 182.8501 63.9751 100.26922 1225.0
25.0 15.0 15.0 145.12012 26.57874 64.67765 7.0
25.0 15.0 25.0 182.8501 63.9751 100.26922 7.0
25.0 18.0 18.0 159.21046 24.83556 93.90415 118.0
25.0 18.0 25.0 182.8501 63.9751 100.26922 118.0
25.0 23.0 23.0 173.46933 43.56267 76.94177 764.0
25.0 23.0 25.0 182.8501 63.9751 100.26922 764.0
25.0 25.0 25.0 182.8501 63.9751 100.26922 2251.0
25.0 25.0 25.0 182.8501 63.9751 100.26922 2251.0
25.0 26.0 26.0 132.12578 45.14478 139.11207 5.0
25.0 26.0 25.0 182.8501 63.9751 100.26922 5.0
25.0 29.0 29.0 122.73484 20.58514 121.15538 1.0
25.0 29.0 25.0 182.8501 63.9751 100.26922 1.0
25.0 32.0 32.0 156.98733 89.05549 57.9671 39.0
25.0 32.0 25.0 182.8501 63.9751 100.26922 39.0
25.0 34.0 34.0 127.8051 111.24563 129.58568 25.0
25.0 34.0 25.0 182.8501 63.9751 100.26922 25.0
25.0 35.0 35.0 147.81867 121.136 95.62699 78.0
25.0 35.0 25.0 182.8501 63.9751 100.26922 78.0
25.0 47.0 47.0 164.18908 62.7426 126.12277 1221.0
25.0 47.0 25.0 182.8501 63.9751 100.26922 1221.0
26.0 0.0 0.0 55.10363 48.864 141.95893 2.0
26.0 0.0 26.0 132.12578 45.14478 139.11207 2.0
26.0 3.0 3.0 83.18955 3.83317 88.03074 2.0
26.0 3.0 26.0 132.12578 45.14478 139.11207 2.0
26.0 15.0 15.0 145.12012 26.57874 64.67765 1.0
26.0 15.0 26.0 132.12578 45.14478 139.11207 1.0
26.0 17.0 17.0 122.81431 11.01131 94.6156 96.0
26.0 17.0 26.0 132.12578 45.14478 139.11207 96.0
26.0 18.0 18.0 159.21046 24.83556 93.90415 241.0
26.0 18.0 26.0 132.12578 45.14478 139.11207 241.0
26.0 23.0 23.0 173.46933 43.56267 76.94177 9.0
26.0 23.0 26.0 132.12578 45.14478 139.11207 9.0
26.0 24.0 24.0 107.89441 87.21119 149.14636 961.0
26.0 24.0 26.0 132.12578 45.14478 139.11207 961.0
26.0 25.0 25.0 182.8501 63.9751 100.26922 4.0
26.0 25.0 26.0 132.12578 45.14478 139.11207 4.0
26.0 26.0 26.0 132.12578 45.14478 139.11207 8147.0
26.0 26.0 26.0 132.12578 45.14478 139.11207 8147.0
26.0 28.0 28.0 84.31338 38.93843 143.14199 412.0
26.0 28.0 26.0 132.12578 45.14478 139.11207 412.0
26.0 29.0 29.0 122.73484 20.58514 121.15538 1875.0
26.0 29.0 26.0 132.12578 45.14478 139.11207 1875.0
26.0 33.0 33.0 97.17372 49.95488 149.2417 1088.0
26.0 33.0 26.0 132.12578 45.14478 139.11207 1088.0
26.0 34.0 34.0 127.8051 111.24563 129.58568 307.0
26.0 34.0 26.0 132.12578 45.14478 139.11207 307.0
26.0 35.0 35.0 147.81867 121.136 95.62699 1.0
26.0 35.0 26.0 132.12578 45.14478 139.11207 1.0
26.0 37.0 37.0 80.24732 11.04887 113.79287 108.0
26.0 37.0 26.0 132.12578 45.14478 139.11207 108.0
26.0 38.0 38.0 88.73886 68.40845 152.61563 382.0
26.0 38.0 26.0 132.12578 45.14478 139.11207 382.0
26.0 44.0 44.0 70.24602 22.71324 131.33781 13.0
26.0 44.0 26.0 132.12578 45.14478 139.11207 13.0
26.0 47.0 47.0 164.18908 62.7426 126.12277 1748.0
26.0 47.0 26.0 132.12578 45.14478 139.11207 1748.0
27.0 0.0 0.0 55.10363 48.864 141.95893 45.0
27.0 0.0 27.0 18.70933 45.36954 103.72515 45.0
27.0 2.0 2.0 27.41084 25.31661 87.71222 1618.0
27.0 2.0 27.0 18.70933 45.36954 103.72515 1618.0
27.0 5.0 5.0 36.18429 130.05069 82.24697 1.0
27.0 5.0 27.0 18.70933 45.36954 103.72515 1.0
27.0 6.0 6.0 5.48062 84.77968 74.43612 791.0
27.0 6.0 27.0 18.70933 45.36954 103.72515 791.0
27.0 11.0 11.0 48.54284 14.11118 56.51291 13.0
27.0 11.0 27.0 18.70933 45.36954 103.72515 13.0
27.0 13.0 13.0 21.81258 31.13331 56.42838 118.0
27.0 13.0 27.0 18.70933 45.36954 103.72515 118.0
27.0 16.0 16.0 37.0999 39.10277 124.71291 1264.0
27.0 16.0 27.0 18.70933 45.36954 103.72515 1264.0
27.0 22.0 22.0 25.0845 80.06687 119.44695 1341.0
27.0 22.0 27.0 18.70933 45.36954 103.72515 1341.0
27.0 27.0 27.0 18.70933 45.36954 103.72515 3358.0
27.0 27.0 27.0 18.70933 45.36954 103.72515 3358.0
27.0 36.0 36.0 51.17957 19.50773 119.71906 107.0
27.0 36.0 27.0 18.70933 45.36954 103.72515 107.0
27.0 37.0 37.0 80.24732 11.04887 113.79287 8.0
27.0 37.0 27.0 18.70933 45.36954 103.72515 8.0
27.0 39.0 39.0 21.84393 50.12444 32.76288 16.0
27.0 39.0 27.0 18.70933 45.36954 103.72515 16.0
27.0 42.0 42.0 56.62468 85.24122 144.9551 1.0
27.0 42.0 27.0 18.70933 45.36954 103.72515 1.0
27.0 44.0 44.0 70.24602 22.71324 131.33781 6.0
27.0 44.0 27.0 18.70933 45.36954 103.72515 6.0
28.0 0.0 0.0 55.10363 48.864 141.95893 1071.0
28.0 0.0 28.0 84.31338 38.93843 143.14199 1071.0
28.0 3.0 3.0 83.18955 3.83317 88.03074 7.0
28.0 3.0 28.0 84.31338 38.93843 143.14199 7.0
28.0 4.0 4.0 72.05169 108.40154 139.66126 3.0
28.0 4.0 28.0 84.31338 38.93843 143.14199 3.0
28.0 16.0 16.0 37.0999 39.10277 124.71291 44.0
28.0 16.0 28.0 84.31338 38.93843 143.14199 44.0
28.0 17.0 17.0 122.81431 11.01131 94.6156 9.0
28.0 17.0 28.0 84.31338 38.93843 143.14199 9.0
28.0 22.0 22.0 25.0845 80.06687 119.44695 10.0
28.0 22.0 28.0 84.31338 38.93843 143.14199 10.0
28.0 24.0 24.0 107.89441 87.21119 149.14636 37.0
28.0 24.0 28.0 84.31338 38.93843 143.14199 37.0
28.0 26.0 26.0 132.12578 45.14478 139.11207 413.0
28.0 26.0 28.0 84.31338 38.93843 143.14199 413.0
28.0 28.0 28.0 84.31338 38.93843 143.14199 3184.0
28.0 28.0 28.0 84.31338 38.93843 143.14199 3184.0
28.0 29.0 29.0 122.73484 20.58514 121.15538 499.0
28.0 29.0 28.0 84.31338 38.93843 143.14199 499.0
28.0 33.0 33.0 97.17372 49.95488 149.2417 1573.0
28.0 33.0 28.0 84.31338 38.93843 143.14199 1573.0
28.0 36.0 36.0 51.17957 19.50773 119.71906 87.0
28.0 36.0 28.0 84.31338 38.93843 143.14199 87.0
28.0 37.0 37.0 80.24732 11.04887 113.79287 740.0
28.0 37.0 28.0 84.31338 38.93843 143.14199 740.0
28.0 38.0 38.0 88.73886 68.40845 152.61563 594.0
28.0 38.0 28.0 84.31338 38.93843 143.14199 594.0
28.0 42.0 42.0 56.62468 85.24122 144.9551 194.0
28.0 42.0 28.0 84.31338 38.93843 143.14199 194.0
28.0 44.0 44.0 70.24602 22.71324 131.33781 900.0
28.0 44.0 28.0 84.31338 38.93843 143.14199 900.0
29.0 0.0 0.0 55.10363 48.864 141.95893 2.0
29.0 0.0 29.0 122.73484 20.58514 121.15538 2.0
29.0 3.0 3.0 83.18955 3.83317 88.03074 205.0
29.0 3.0 29.0 122.73484 20.58514 121.15538 205.0
29.0 7.0 7.0 121.67474 13.4587 56.8948 6.0
29.0 7.0 29.0 122.73484 20.58514 121.15538 6.0
29.0 10.0 10.0 97.06281 3.92634 61.09482 1.0
29.0 10.0 29.0 122.73484 20.58514 121.15538 1.0
29.0 15.0 15.0 145.12012 26.57874 64.67765 64.0
29.0 15.0 29.0 122.73484 20.58514 121.15538 64.0
29.0 17.0 17.0 122.81431 11.01131 94.6156 1614.0
29.0 17.0 29.0 122.73484 20.58514 121.15538 1614.0
29.0 18.0 18.0 159.21046 24.83556 93.90415 544.0
29.0 18.0 29.0 122.73484 20.58514 121.15538 544.0
29.0 23.0 23.0 173.46933 43.56267 76.94177 17.0
29.0 23.0 29.0 122.73484 20.58514 121.15538 17.0
29.0 24.0 24.0 107.89441 87.21119 149.14636 3.0
29.0 24.0 29.0 122.73484 20.58514 121.15538 3.0
29.0 25.0 25.0 182.8501 63.9751 100.26922 1.0
29.0 25.0 29.0 122.73484 20.58514 121.15538 1.0
29.0 26.0 26.0 132.12578 45.14478 139.11207 1810.0
29.0 26.0 29.0 122.73484 20.58514 121.15538 1810.0
29.0 28.0 28.0 84.31338 38.93843 143.14199 462.0
29.0 28.0 29.0 122.73484 20.58514 121.15538 462.0
29.0 29.0 29.0 122.73484 20.58514 121.15538 4806.0
29.0 29.0 29.0 122.73484 20.58514 121.15538 4806.0
29.0 33.0 33.0 97.17372 49.95488 149.2417 187.0
29.0 33.0 29.0 122.73484 20.58514 121.15538 187.0
29.0 36.0 36.0 51.17957 19.50773 119.71906 1.0
29.0 36.0 29.0 122.73484 20.58514 121.15538 1.0
29.0 37.0 37.0 80.24732 11.04887 113.79287 1188.0
29.0 37.0 29.0 122.73484 20.58514 121.15538 1188.0
29.0 38.0 38.0 88.73886 68.40845 152.61563 4.0
29.0 38.0 29.0 122.73484 20.58514 121.15538 4.0
29.0 44.0 44.0 70.24602 22.71324 131.33781 69.0
29.0 44.0 29.0 122.73484 20.58514 121.15538 69.0
29.0 46.0 46.0 114.55087 130.24776 52.75761 1.0
29.0 46.0 29.0 122.73484 20.58514 121.15538 1.0
29.0 47.0 47.0 164.18908 62.7426 126.12277 236.0
29.0 47.0 29.0 122.73484 20.58514 121.15538 236.0
30.0 1.0 1.0 66.24307 89.25312 7.46873 327.0
30.0 1.0 30.0 88.3847 139.94507 62.75917 327.0
30.0 5.0 5.0 36.18429 130.05069 82.24697 1679.0
30.0 5.0 30.0 88.3847 139.94507 62.75917 1679.0
30.0 8.0 8.0 108.17721 85.97639 38.68473 608.0
30.0 8.0 30.0 88.3847 139.94507 62.75917 608.0
30.0 9.0 9.0 78.59674 139.92422 102.65069 1119.0
30.0 9.0 30.0 88.3847 139.94507 62.75917 1119.0
30.0 14.0 14.0 128.35562 116.03579 40.31867 227.0
30.0 14.0 30.0 88.3847 139.94507 62.75917 227.0
30.0 23.0 23.0 173.46933 43.56267 76.94177 1.0
30.0 23.0 30.0 88.3847 139.94507 62.75917 1.0
30.0 30.0 30.0 88.3847 139.94507 62.75917 14981.0
30.0 30.0 30.0 88.3847 139.94507 62.75917 14981.0
30.0 32.0 32.0 156.98733 89.05549 57.9671 4.0
30.0 32.0 30.0 88.3847 139.94507 62.75917 4.0
30.0 34.0 34.0 127.8051 111.24563 129.58568 79.0
30.0 34.0 30.0 88.3847 139.94507 62.75917 79.0
30.0 35.0 35.0 147.81867 121.136 95.62699 721.0
30.0 35.0 30.0 88.3847 139.94507 62.75917 721.0
30.0 41.0 41.0 59.82919 126.06247 122.49814 19.0
30.0 41.0 30.0 88.3847 139.94507 62.75917 19.0
30.0 43.0 43.0 101.71794 137.72651 99.14805 2223.0
30.0 43.0 30.0 88.3847 139.94507 62.75917 2223.0
30.0 45.0 45.0 35.05202 116.35957 28.61601 737.0
30.0 45.0 30.0 88.3847 139.94507 62.75917 737.0
30.0 46.0 46.0 114.55087 130.24776 52.75761 3437.0
30.0 46.0 30.0 88.3847 139.94507 62.75917 3437.0
31.0 1.0 1.0 66.24307 89.25312 7.46873 1.0
31.0 1.0 31.0 121.57252 38.96079 36.0499 1.0
31.0 3.0 3.0 83.18955 3.83317 88.03074 2.0
31.0 3.0 31.0 121.57252 38.96079 36.0499 2.0
31.0 7.0 7.0 121.67474 13.4587 56.8948 1614.0
31.0 7.0 31.0 121.57252 38.96079 36.0499 1614.0
31.0 8.0 8.0 108.17721 85.97639 38.68473 1957.0
31.0 8.0 31.0 121.57252 38.96079 36.0499 1957.0
31.0 10.0 10.0 97.06281 3.92634 61.09482 370.0
31.0 10.0 31.0 121.57252 38.96079 36.0499 370.0
31.0 11.0 11.0 48.54284 14.11118 56.51291 3.0
31.0 11.0 31.0 121.57252 38.96079 36.0499 3.0
31.0 12.0 12.0 179.80304 86.3447 84.72806 5.0
31.0 12.0 31.0 121.57252 38.96079 36.0499 5.0
31.0 14.0 14.0 128.35562 116.03579 40.31867 5.0
31.0 14.0 31.0 121.57252 38.96079 36.0499 5.0
31.0 15.0 15.0 145.12012 26.57874 64.67765 1428.0
31.0 15.0 31.0 121.57252 38.96079 36.0499 1428.0
31.0 17.0 17.0 122.81431 11.01131 94.6156 7.0
31.0 17.0 31.0 121.57252 38.96079 36.0499 7.0
31.0 18.0 18.0 159.21046 24.83556 93.90415 7.0
31.0 18.0 31.0 121.57252 38.96079 36.0499 7.0
31.0 19.0 19.0 66.3824 15.81979 45.3471 24.0
31.0 19.0 31.0 121.57252 38.96079 36.0499 24.0
31.0 20.0 20.0 84.99819 53.68737 22.26431 2108.0
31.0 20.0 31.0 121.57252 38.96079 36.0499 2108.0
31.0 23.0 23.0 173.46933 43.56267 76.94177 113.0
31.0 23.0 31.0 121.57252 38.96079 36.0499 113.0
31.0 31.0 31.0 121.57252 38.96079 36.0499 11939.0
31.0 31.0 31.0 121.57252 38.96079 36.0499 11939.0
31.0 32.0 32.0 156.98733 89.05549 57.9671 566.0
31.0 32.0 31.0 121.57252 38.96079 36.0499 566.0
31.0 40.0 40.0 83.26343 23.5168 42.41163 988.0
31.0 40.0 31.0 121.57252 38.96079 36.0499 988.0
31.0 45.0 45.0 35.05202 116.35957 28.61601 1.0
31.0 45.0 31.0 121.57252 38.96079 36.0499 1.0
32.0 7.0 7.0 121.67474 13.4587 56.8948 3.0
32.0 7.0 32.0 156.98733 89.05549 57.9671 3.0
32.0 8.0 8.0 108.17721 85.97639 38.68473 1598.0
32.0 8.0 32.0 156.98733 89.05549 57.9671 1598.0
32.0 12.0 12.0 179.80304 86.3447 84.72806 1670.0
32.0 12.0 32.0 156.98733 89.05549 57.9671 1670.0
32.0 14.0 14.0 128.35562 116.03579 40.31867 1454.0
32.0 14.0 32.0 156.98733 89.05549 57.9671 1454.0
32.0 15.0 15.0 145.12012 26.57874 64.67765 373.0
32.0 15.0 32.0 156.98733 89.05549 57.9671 373.0
32.0 18.0 18.0 159.21046 24.83556 93.90415 11.0
32.0 18.0 32.0 156.98733 89.05549 57.9671 11.0
32.0 20.0 20.0 84.99819 53.68737 22.26431 4.0
32.0 20.0 32.0 156.98733 89.05549 57.9671 4.0
32.0 23.0 23.0 173.46933 43.56267 76.94177 456.0
32.0 23.0 32.0 156.98733 89.05549 57.9671 456.0
32.0 25.0 25.0 182.8501 63.9751 100.26922 49.0
32.0 25.0 32.0 156.98733 89.05549 57.9671 49.0
32.0 30.0 30.0 88.3847 139.94507 62.75917 6.0
32.0 30.0 32.0 156.98733 89.05549 57.9671 6.0
32.0 31.0 31.0 121.57252 38.96079 36.0499 579.0
32.0 31.0 32.0 156.98733 89.05549 57.9671 579.0
32.0 32.0 32.0 156.98733 89.05549 57.9671 9506.0
32.0 32.0 32.0 156.98733 89.05549 57.9671 9506.0
32.0 35.0 35.0 147.81867 121.136 95.62699 956.0
32.0 35.0 32.0 156.98733 89.05549 57.9671 956.0
32.0 46.0 46.0 114.55087 130.24776 52.75761 292.0
32.0 46.0 32.0 156.98733 89.05549 57.9671 292.0
33.0 0.0 0.0 55.10363 48.864 141.95893 230.0
33.0 0.0 33.0 97.17372 49.95488 149.2417 230.0
33.0 4.0 4.0 72.05169 108.40154 139.66126 4.0
33.0 4.0 33.0 97.17372 49.95488 149.2417 4.0
33.0 16.0 16.0 37.0999 39.10277 124.71291 4.0
33.0 16.0 33.0 97.17372 49.95488 149.2417 4.0
33.0 17.0 17.0 122.81431 11.01131 94.6156 4.0
33.0 17.0 33.0 97.17372 49.95488 149.2417 4.0
33.0 22.0 22.0 25.0845 80.06687 119.44695 3.0
33.0 22.0 33.0 97.17372 49.95488 149.2417 3.0
33.0 24.0 24.0 107.89441 87.21119 149.14636 468.0
33.0 24.0 33.0 97.17372 49.95488 149.2417 468.0
33.0 26.0 26.0 132.12578 45.14478 139.11207 1158.0
33.0 26.0 33.0 97.17372 49.95488 149.2417 1158.0
33.0 28.0 28.0 84.31338 38.93843 143.14199 1534.0
33.0 28.0 33.0 97.17372 49.95488 149.2417 1534.0
33.0 29.0 29.0 122.73484 20.58514 121.15538 197.0
33.0 29.0 33.0 97.17372 49.95488 149.2417 197.0
33.0 33.0 33.0 97.17372 49.95488 149.2417 2699.0
33.0 33.0 33.0 97.17372 49.95488 149.2417 2699.0
33.0 34.0 34.0 127.8051 111.24563 129.58568 3.0
33.0 34.0 33.0 97.17372 49.95488 149.2417 3.0
33.0 36.0 36.0 51.17957 19.50773 119.71906 2.0
33.0 36.0 33.0 97.17372 49.95488 149.2417 2.0
33.0 37.0 37.0 80.24732 11.04887 113.79287 83.0
33.0 37.0 33.0 97.17372 49.95488 149.2417 83.0
33.0 38.0 38.0 88.73886 68.40845 152.61563 1587.0
33.0 38.0 33.0 97.17372 49.95488 149.2417 1587.0
33.0 42.0 42.0 56.62468 85.24122 144.9551 124.0
33.0 42.0 33.0 97.17372 49.95488 149.2417 124.0
33.0 44.0 44.0 70.24602 22.71324 131.33781 106.0
33.0 44.0 33.0 97.17372 49.95488 149.2417 106.0
33.0 47.0 47.0 164.18908 62.7426 126.12277 6.0
33.0 47.0 33.0 97.17372 49.95488 149.2417 6.0
34.0 4.0 4.0 72.05169 108.40154 139.66126 923.0
34.0 4.0 34.0 127.8051 111.24563 129.58568 923.0
34.0 5.0 5.0 36.18429 130.05069 82.24697 1.0
34.0 5.0 34.0 127.8051 111.24563 129.58568 1.0
34.0 9.0 9.0 78.59674 139.92422 102.65069 588.0
34.0 9.0 34.0 127.8051 111.24563 129.58568 588.0
34.0 12.0 12.0 179.80304 86.3447 84.72806 88.0
34.0 12.0 34.0 127.8051 111.24563 129.58568 88.0
34.0 14.0 14.0 128.35562 116.03579 40.31867 2.0
34.0 14.0 34.0 127.8051 111.24563 129.58568 2.0
34.0 24.0 24.0 107.89441 87.21119 149.14636 2594.0
34.0 24.0 34.0 127.8051 111.24563 129.58568 2594.0
34.0 25.0 25.0 182.8501 63.9751 100.26922 23.0
34.0 25.0 34.0 127.8051 111.24563 129.58568 23.0
34.0 26.0 26.0 132.12578 45.14478 139.11207 301.0
34.0 26.0 34.0 127.8051 111.24563 129.58568 301.0
34.0 30.0 30.0 88.3847 139.94507 62.75917 82.0
34.0 30.0 34.0 127.8051 111.24563 129.58568 82.0
34.0 32.0 32.0 156.98733 89.05549 57.9671 3.0
34.0 32.0 34.0 127.8051 111.24563 129.58568 3.0
34.0 33.0 33.0 97.17372 49.95488 149.2417 5.0
34.0 33.0 34.0 127.8051 111.24563 129.58568 5.0
34.0 34.0 34.0 127.8051 111.24563 129.58568 17237.0
34.0 34.0 34.0 127.8051 111.24563 129.58568 17237.0
34.0 35.0 35.0 147.81867 121.136 95.62699 2568.0
34.0 35.0 34.0 127.8051 111.24563 129.58568 2568.0
34.0 38.0 38.0 88.73886 68.40845 152.61563 27.0
34.0 38.0 34.0 127.8051 111.24563 129.58568 27.0
34.0 41.0 41.0 59.82919 126.06247 122.49814 399.0
34.0 41.0 34.0 127.8051 111.24563 129.58568 399.0
34.0 42.0 42.0 56.62468 85.24122 144.9551 6.0
34.0 42.0 34.0 127.8051 111.24563 129.58568 6.0
34.0 43.0 43.0 101.71794 137.72651 99.14805 1453.0
34.0 43.0 34.0 127.8051 111.24563 129.58568 1453.0
34.0 46.0 46.0 114.55087 130.24776 52.75761 14.0
34.0 46.0 34.0 127.8051 111.24563 129.58568 14.0
34.0 47.0 47.0 164.18908 62.7426 126.12277 1189.0
34.0 47.0 34.0 127.8051 111.24563 129.58568 1189.0
35.0 4.0 4.0 72.05169 108.40154 139.66126 1.0
35.0 4.0 35.0 147.81867 121.136 95.62699 1.0
35.0 8.0 8.0 108.17721 85.97639 38.68473 2.0
35.0 8.0 35.0 147.81867 121.136 95.62699 2.0
35.0 9.0 9.0 78.59674 139.92422 102.65069 20.0
35.0 9.0 35.0 147.81867 121.136 95.62699 20.0
35.0 12.0 12.0 179.80304 86.3447 84.72806 1167.0
35.0 12.0 35.0 147.81867 121.136 95.62699 1167.0
35.0 14.0 14.0 128.35562 116.03579 40.31867 319.0
35.0 14.0 35.0 147.81867 121.136 95.62699 319.0
35.0 24.0 24.0 107.89441 87.21119 149.14636 3.0
35.0 24.0 35.0 147.81867 121.136 95.62699 3.0
35.0 25.0 25.0 182.8501 63.9751 100.26922 79.0
35.0 25.0 35.0 147.81867 121.136 95.62699 79.0
35.0 26.0 26.0 132.12578 45.14478 139.11207 1.0
35.0 26.0 35.0 147.81867 121.136 95.62699 1.0
35.0 28.0 28.0 84.31338 38.93843 143.14199 1.0
35.0 28.0 35.0 147.81867 121.136 95.62699 1.0
35.0 30.0 30.0 88.3847 139.94507 62.75917 727.0
35.0 30.0 35.0 147.81867 121.136 95.62699 727.0
35.0 32.0 32.0 156.98733 89.05549 57.9671 904.0
35.0 32.0 35.0 147.81867 121.136 95.62699 904.0
35.0 34.0 34.0 127.8051 111.24563 129.58568 2680.0
35.0 34.0 35.0 147.81867 121.136 95.62699 2680.0
35.0 35.0 35.0 147.81867 121.136 95.62699 11579.0
35.0 35.0 35.0 147.81867 121.136 95.62699 11579.0
35.0 43.0 43.0 101.71794 137.72651 99.14805 858.0
35.0 43.0 35.0 147.81867 121.136 95.62699 858.0
35.0 46.0 46.0 114.55087 130.24776 52.75761 1190.0
35.0 46.0 35.0 147.81867 121.136 95.62699 1190.0
35.0 47.0 47.0 164.18908 62.7426 126.12277 321.0
35.0 47.0 35.0 147.81867 121.136 95.62699 321.0
36.0 0.0 0.0 55.10363 48.864 141.95893 474.0
36.0 0.0 36.0 51.17957 19.50773 119.71906 474.0
36.0 2.0 2.0 27.41084 25.31661 87.71222 507.0
36.0 2.0 36.0 51.17957 19.50773 119.71906 507.0
36.0 3.0 3.0 83.18955 3.83317 88.03074 145.0
36.0 3.0 36.0 51.17957 19.50773 119.71906 145.0
36.0 11.0 11.0 48.54284 14.11118 56.51291 76.0
36.0 11.0 36.0 51.17957 19.50773 119.71906 76.0
36.0 13.0 13.0 21.81258 31.13331 56.42838 1.0
36.0 13.0 36.0 51.17957 19.50773 119.71906 1.0
36.0 16.0 16.0 37.0999 39.10277 124.71291 1002.0
36.0 16.0 36.0 51.17957 19.50773 119.71906 1002.0
36.0 22.0 22.0 25.0845 80.06687 119.44695 9.0
36.0 22.0 36.0 51.17957 19.50773 119.71906 9.0
36.0 27.0 27.0 18.70933 45.36954 103.72515 88.0
36.0 27.0 36.0 51.17957 19.50773 119.71906 88.0
36.0 28.0 28.0 84.31338 38.93843 143.14199 94.0
36.0 28.0 36.0 51.17957 19.50773 119.71906 94.0
36.0 33.0 33.0 97.17372 49.95488 149.2417 5.0
36.0 33.0 36.0 51.17957 19.50773 119.71906 5.0
36.0 36.0 36.0 51.17957 19.50773 119.71906 1495.0
36.0 36.0 36.0 51.17957 19.50773 119.71906 1495.0
36.0 37.0 37.0 80.24732 11.04887 113.79287 938.0
36.0 37.0 36.0 51.17957 19.50773 119.71906 938.0
36.0 38.0 38.0 88.73886 68.40845 152.61563 1.0
36.0 38.0 36.0 51.17957 19.50773 119.71906 1.0
36.0 42.0 42.0 56.62468 85.24122 144.9551 3.0
36.0 42.0 36.0 51.17957 19.50773 119.71906 3.0
36.0 44.0 44.0 70.24602 22.71324 131.33781 798.0
36.0 44.0 36.0 51.17957 19.50773 119.71906 798.0
37.0 0.0 0.0 55.10363 48.864 141.95893 74.0
37.0 0.0 37.0 80.24732 11.04887 113.79287 74.0
37.0 2.0 2.0 27.41084 25.31661 87.71222 380.0
37.0 2.0 37.0 80.24732 11.04887 113.79287 380.0
37.0 3.0 3.0 83.18955 3.83317 88.03074 2565.0
37.0 3.0 37.0 80.24732 11.04887 113.79287 2565.0
37.0 7.0 7.0 121.67474 13.4587 56.8948 6.0
37.0 7.0 37.0 80.24732 11.04887 113.79287 6.0
37.0 10.0 10.0 97.06281 3.92634 61.09482 56.0
37.0 10.0 37.0 80.24732 11.04887 113.79287 56.0
37.0 11.0 11.0 48.54284 14.11118 56.51291 276.0
37.0 11.0 37.0 80.24732 11.04887 113.79287 276.0
37.0 13.0 13.0 21.81258 31.13331 56.42838 5.0
37.0 13.0 37.0 80.24732 11.04887 113.79287 5.0
37.0 16.0 16.0 37.0999 39.10277 124.71291 160.0
37.0 16.0 37.0 80.24732 11.04887 113.79287 160.0
37.0 17.0 17.0 122.81431 11.01131 94.6156 502.0
37.0 17.0 37.0 80.24732 11.04887 113.79287 502.0
37.0 18.0 18.0 159.21046 24.83556 93.90415 2.0
37.0 18.0 37.0 80.24732 11.04887 113.79287 2.0
37.0 19.0 19.0 66.3824 15.81979 45.3471 14.0
37.0 19.0 37.0 80.24732 11.04887 113.79287 14.0
37.0 26.0 26.0 132.12578 45.14478 139.11207 122.0
37.0 26.0 37.0 80.24732 11.04887 113.79287 122.0
37.0 27.0 27.0 18.70933 45.36954 103.72515 10.0
37.0 27.0 37.0 80.24732 11.04887 113.79287 10.0
37.0 28.0 28.0 84.31338 38.93843 143.14199 751.0
37.0 28.0 37.0 80.24732 11.04887 113.79287 751.0
37.0 29.0 29.0 122.73484 20.58514 121.15538 1155.0
37.0 29.0 37.0 80.24732 11.04887 113.79287 1155.0
37.0 33.0 33.0 97.17372 49.95488 149.2417 100.0
37.0 33.0 37.0 80.24732 11.04887 113.79287 100.0
37.0 36.0 36.0 51.17957 19.50773 119.71906 884.0
37.0 36.0 37.0 80.24732 11.04887 113.79287 884.0
37.0 37.0 37.0 80.24732 11.04887 113.79287 8026.0
37.0 37.0 37.0 80.24732 11.04887 113.79287 8026.0
37.0 38.0 38.0 88.73886 68.40845 152.61563 1.0
37.0 38.0 37.0 80.24732 11.04887 113.79287 1.0
37.0 40.0 40.0 83.26343 23.5168 42.41163 1.0
37.0 40.0 37.0 80.24732 11.04887 113.79287 1.0
37.0 44.0 44.0 70.24602 22.71324 131.33781 1501.0
37.0 44.0 37.0 80.24732 11.04887 113.79287 1501.0
38.0 0.0 0.0 55.10363 48.864 141.95893 406.0
38.0 0.0 38.0 88.73886 68.40845 152.61563 406.0
38.0 4.0 4.0 72.05169 108.40154 139.66126 232.0
38.0 4.0 38.0 88.73886 68.40845 152.61563 232.0
38.0 16.0 16.0 37.0999 39.10277 124.71291 14.0
38.0 16.0 38.0 88.73886 68.40845 152.61563 14.0
38.0 22.0 22.0 25.0845 80.06687 119.44695 23.0
38.0 22.0 38.0 88.73886 68.40845 152.61563 23.0
38.0 24.0 24.0 107.89441 87.21119 149.14636 1999.0
38.0 24.0 38.0 88.73886 68.40845 152.61563 1999.0
38.0 26.0 26.0 132.12578 45.14478 139.11207 382.0
38.0 26.0 38.0 88.73886 68.40845 152.61563 382.0
38.0 28.0 28.0 84.31338 38.93843 143.14199 602.0
38.0 28.0 38.0 88.73886 68.40845 152.61563 602.0
38.0 29.0 29.0 122.73484 20.58514 121.15538 5.0
38.0 29.0 38.0 88.73886 68.40845 152.61563 5.0
38.0 33.0 33.0 97.17372 49.95488 149.2417 1508.0
38.0 33.0 38.0 88.73886 68.40845 152.61563 1508.0
38.0 34.0 34.0 127.8051 111.24563 129.58568 29.0
38.0 34.0 38.0 88.73886 68.40845 152.61563 29.0
38.0 36.0 36.0 51.17957 19.50773 119.71906 3.0
38.0 36.0 38.0 88.73886 68.40845 152.61563 3.0
38.0 37.0 37.0 80.24732 11.04887 113.79287 3.0
38.0 37.0 38.0 88.73886 68.40845 152.61563 3.0
38.0 38.0 38.0 88.73886 68.40845 152.61563 3141.0
38.0 38.0 38.0 88.73886 68.40845 152.61563 3141.0
38.0 41.0 41.0 59.82919 126.06247 122.49814 5.0
38.0 41.0 38.0 88.73886 68.40845 152.61563 5.0
38.0 42.0 42.0 56.62468 85.24122 144.9551 1121.0
38.0 42.0 38.0 88.73886 68.40845 152.61563 1121.0
38.0 44.0 44.0 70.24602 22.71324 131.33781 8.0
38.0 44.0 38.0 88.73886 68.40845 152.61563 8.0
38.0 47.0 47.0 164.18908 62.7426 126.12277 5.0
38.0 47.0 38.0 88.73886 68.40845 152.61563 5.0
39.0 1.0 1.0 66.24307 89.25312 7.46873 289.0
39.0 1.0 39.0 21.84393 50.12444 32.76288 289.0
39.0 2.0 2.0 27.41084 25.31661 87.71222 144.0
39.0 2.0 39.0 21.84393 50.12444 32.76288 144.0
39.0 5.0 5.0 36.18429 130.05069 82.24697 1.0
39.0 5.0 39.0 21.84393 50.12444 32.76288 1.0
39.0 6.0 6.0 5.48062 84.77968 74.43612 1370.0
39.0 6.0 39.0 21.84393 50.12444 32.76288 1370.0
39.0 11.0 11.0 48.54284 14.11118 56.51291 887.0
39.0 11.0 39.0 21.84393 50.12444 32.76288 887.0
39.0 13.0 13.0 21.81258 31.13331 56.42838 1787.0
39.0 13.0 39.0 21.84393 50.12444 32.76288 1787.0
39.0 19.0 19.0 66.3824 15.81979 45.3471 225.0
39.0 19.0 39.0 21.84393 50.12444 32.76288 225.0
39.0 20.0 20.0 84.99819 53.68737 22.26431 544.0
39.0 20.0 39.0 21.84393 50.12444 32.76288 544.0
39.0 21.0 21.0 28.29545 78.10642 19.28858 2195.0
39.0 21.0 39.0 21.84393 50.12444 32.76288 2195.0
39.0 22.0 22.0 25.0845 80.06687 119.44695 3.0
39.0 22.0 39.0 21.84393 50.12444 32.76288 3.0
39.0 27.0 27.0 18.70933 45.36954 103.72515 23.0
39.0 27.0 39.0 21.84393 50.12444 32.76288 23.0
39.0 39.0 39.0 21.84393 50.12444 32.76288 9898.0
39.0 39.0 39.0 21.84393 50.12444 32.76288 9898.0
39.0 40.0 40.0 83.26343 23.5168 42.41163 24.0
39.0 40.0 39.0 21.84393 50.12444 32.76288 24.0
39.0 45.0 45.0 35.05202 116.35957 28.61601 65.0
39.0 45.0 39.0 21.84393 50.12444 32.76288 65.0
40.0 1.0 1.0 66.24307 89.25312 7.46873 11.0
40.0 1.0 40.0 83.26343 23.5168 42.41163 11.0
40.0 3.0 3.0 83.18955 3.83317 88.03074 141.0
40.0 3.0 40.0 83.26343 23.5168 42.41163 141.0
40.0 7.0 7.0 121.67474 13.4587 56.8948 293.0
40.0 7.0 40.0 83.26343 23.5168 42.41163 293.0
40.0 8.0 8.0 108.17721 85.97639 38.68473 32.0
40.0 8.0 40.0 83.26343 23.5168 42.41163 32.0
40.0 10.0 10.0 97.06281 3.92634 61.09482 1210.0
40.0 10.0 40.0 83.26343 23.5168 42.41163 1210.0
40.0 11.0 11.0 48.54284 14.11118 56.51291 452.0
40.0 11.0 40.0 83.26343 23.5168 42.41163 452.0
40.0 13.0 13.0 21.81258 31.13331 56.42838 6.0
40.0 13.0 40.0 83.26343 23.5168 42.41163 6.0
40.0 15.0 15.0 145.12012 26.57874 64.67765 2.0
40.0 15.0 40.0 83.26343 23.5168 42.41163 2.0
40.0 17.0 17.0 122.81431 11.01131 94.6156 3.0
40.0 17.0 40.0 83.26343 23.5168 42.41163 3.0
40.0 19.0 19.0 66.3824 15.81979 45.3471 1463.0
40.0 19.0 40.0 83.26343 23.5168 42.41163 1463.0
40.0 20.0 20.0 84.99819 53.68737 22.26431 1723.0
40.0 20.0 40.0 83.26343 23.5168 42.41163 1723.0
40.0 21.0 21.0 28.29545 78.10642 19.28858 1.0
40.0 21.0 40.0 83.26343 23.5168 42.41163 1.0
40.0 31.0 31.0 121.57252 38.96079 36.0499 1089.0
40.0 31.0 40.0 83.26343 23.5168 42.41163 1089.0
40.0 37.0 37.0 80.24732 11.04887 113.79287 2.0
40.0 37.0 40.0 83.26343 23.5168 42.41163 2.0
40.0 39.0 39.0 21.84393 50.12444 32.76288 30.0
40.0 39.0 40.0 83.26343 23.5168 42.41163 30.0
40.0 40.0 40.0 83.26343 23.5168 42.41163 4505.0
40.0 40.0 40.0 83.26343 23.5168 42.41163 4505.0
41.0 4.0 4.0 72.05169 108.40154 139.66126 2790.0
41.0 4.0 41.0 59.82919 126.06247 122.49814 2790.0
41.0 5.0 5.0 36.18429 130.05069 82.24697 2197.0
41.0 5.0 41.0 59.82919 126.06247 122.49814 2197.0
41.0 6.0 6.0 5.48062 84.77968 74.43612 14.0
41.0 6.0 41.0 59.82919 126.06247 122.49814 14.0
41.0 9.0 9.0 78.59674 139.92422 102.65069 2118.0
41.0 9.0 41.0 59.82919 126.06247 122.49814 2118.0
41.0 13.0 13.0 21.81258 31.13331 56.42838 1.0
41.0 13.0 41.0 59.82919 126.06247 122.49814 1.0
41.0 22.0 22.0 25.0845 80.06687 119.44695 676.0
41.0 22.0 41.0 59.82919 126.06247 122.49814 676.0
41.0 24.0 24.0 107.89441 87.21119 149.14636 85.0
41.0 24.0 41.0 59.82919 126.06247 122.49814 85.0
41.0 28.0 28.0 84.31338 38.93843 143.14199 1.0
41.0 28.0 41.0 59.82919 126.06247 122.49814 1.0
41.0 30.0 30.0 88.3847 139.94507 62.75917 19.0
41.0 30.0 41.0 59.82919 126.06247 122.49814 19.0
41.0 34.0 34.0 127.8051 111.24563 129.58568 398.0
41.0 34.0 41.0 59.82919 126.06247 122.49814 398.0
41.0 35.0 35.0 147.81867 121.136 95.62699 3.0
41.0 35.0 41.0 59.82919 126.06247 122.49814 3.0
41.0 38.0 38.0 88.73886 68.40845 152.61563 3.0
41.0 38.0 41.0 59.82919 126.06247 122.49814 3.0
41.0 41.0 41.0 59.82919 126.06247 122.49814 9233.0
41.0 41.0 41.0 59.82919 126.06247 122.49814 9233.0
41.0 42.0 42.0 56.62468 85.24122 144.9551 393.0
41.0 42.0 41.0 59.82919 126.06247 122.49814 393.0
41.0 43.0 43.0 101.71794 137.72651 99.14805 334.0
41.0 43.0 41.0 59.82919 126.06247 122.49814 334.0
42.0 0.0 0.0 55.10363 48.864 141.95893 854.0
42.0 0.0 42.0 56.62468 85.24122 144.9551 854.0
42.0 4.0 4.0 72.05169 108.40154 139.66126 2207.0
42.0 4.0 42.0 56.62468 85.24122 144.9551 2207.0
42.0 5.0 5.0 36.18429 130.05069 82.24697 39.0
42.0 5.0 42.0 56.62468 85.24122 144.9551 39.0
42.0 6.0 6.0 5.48062 84.77968 74.43612 1.0
42.0 6.0 42.0 56.62468 85.24122 144.9551 1.0
42.0 16.0 16.0 37.0999 39.10277 124.71291 158.0
42.0 16.0 42.0 56.62468 85.24122 144.9551 158.0
42.0 22.0 22.0 25.0845 80.06687 119.44695 1578.0
42.0 22.0 42.0 56.62468 85.24122 144.9551 1578.0
42.0 24.0 24.0 107.89441 87.21119 149.14636 576.0
42.0 24.0 42.0 56.62468 85.24122 144.9551 576.0
42.0 27.0 27.0 18.70933 45.36954 103.72515 1.0
42.0 27.0 42.0 56.62468 85.24122 144.9551 1.0
42.0 28.0 28.0 84.31338 38.93843 143.14199 208.0
42.0 28.0 42.0 56.62468 85.24122 144.9551 208.0
42.0 33.0 33.0 97.17372 49.95488 149.2417 122.0
42.0 33.0 42.0 56.62468 85.24122 144.9551 122.0
42.0 34.0 34.0 127.8051 111.24563 129.58568 9.0
42.0 34.0 42.0 56.62468 85.24122 144.9551 9.0
42.0 36.0 36.0 51.17957 19.50773 119.71906 1.0
42.0 36.0 42.0 56.62468 85.24122 144.9551 1.0
42.0 38.0 38.0 88.73886 68.40845 152.61563 1113.0
42.0 38.0 42.0 56.62468 85.24122 144.9551 1113.0
42.0 41.0 41.0 59.82919 126.06247 122.49814 376.0
42.0 41.0 42.0 56.62468 85.24122 144.9551 376.0
42.0 42.0 42.0 56.62468 85.24122 144.9551 5776.0
42.0 42.0 42.0 56.62468 85.24122 144.9551 5776.0
42.0 44.0 44.0 70.24602 22.71324 131.33781 3.0
42.0 44.0 42.0 56.62468 85.24122 144.9551 3.0
43.0 4.0 4.0 72.05169 108.40154 139.66126 64.0
43.0 4.0 43.0 101.71794 137.72651 99.14805 64.0
43.0 5.0 5.0 36.18429 130.05069 82.24697 62.0
43.0 5.0 43.0 101.71794 137.72651 99.14805 62.0
43.0 9.0 9.0 78.59674 139.92422 102.65069 2041.0
43.0 9.0 43.0 101.71794 137.72651 99.14805 2041.0
43.0 24.0 24.0 107.89441 87.21119 149.14636 6.0
43.0 24.0 43.0 101.71794 137.72651 99.14805 6.0
43.0 30.0 30.0 88.3847 139.94507 62.75917 2155.0
43.0 30.0 43.0 101.71794 137.72651 99.14805 2155.0
43.0 34.0 34.0 127.8051 111.24563 129.58568 1398.0
43.0 34.0 43.0 101.71794 137.72651 99.14805 1398.0
43.0 35.0 35.0 147.81867 121.136 95.62699 861.0
43.0 35.0 43.0 101.71794 137.72651 99.14805 861.0
43.0 41.0 41.0 59.82919 126.06247 122.49814 273.0
43.0 41.0 43.0 101.71794 137.72651 99.14805 273.0
43.0 43.0 43.0 101.71794 137.72651 99.14805 4852.0
43.0 43.0 43.0 101.71794 137.72651 99.14805 4852.0
43.0 46.0 46.0 114.55087 130.24776 52.75761 161.0
43.0 46.0 43.0 101.71794 137.72651 99.14805 161.0
44.0 0.0 0.0 55.10363 48.864 141.95893 635.0
44.0 0.0 44.0 70.24602 22.71324 131.33781 635.0
44.0 2.0 2.0 27.41084 25.31661 87.71222 35.0
44.0 2.0 44.0 70.24602 22.71324 131.33781 35.0
44.0 3.0 3.0 83.18955 3.83317 88.03074 70.0
44.0 3.0 44.0 70.24602 22.71324 131.33781 70.0
44.0 6.0 6.0 5.48062 84.77968 74.43612 1.0
44.0 6.0 44.0 70.24602 22.71324 131.33781 1.0
44.0 11.0 11.0 48.54284 14.11118 56.51291 2.0
44.0 11.0 44.0 70.24602 22.71324 131.33781 2.0
44.0 16.0 16.0 37.0999 39.10277 124.71291 220.0
44.0 16.0 44.0 70.24602 22.71324 131.33781 220.0
44.0 17.0 17.0 122.81431 11.01131 94.6156 3.0
44.0 17.0 44.0 70.24602 22.71324 131.33781 3.0
44.0 22.0 22.0 25.0845 80.06687 119.44695 2.0
44.0 22.0 44.0 70.24602 22.71324 131.33781 2.0
44.0 26.0 26.0 132.12578 45.14478 139.11207 14.0
44.0 26.0 44.0 70.24602 22.71324 131.33781 14.0
44.0 27.0 27.0 18.70933 45.36954 103.72515 4.0
44.0 27.0 44.0 70.24602 22.71324 131.33781 4.0
44.0 28.0 28.0 84.31338 38.93843 143.14199 942.0
44.0 28.0 44.0 70.24602 22.71324 131.33781 942.0
44.0 29.0 29.0 122.73484 20.58514 121.15538 85.0
44.0 29.0 44.0 70.24602 22.71324 131.33781 85.0
44.0 33.0 33.0 97.17372 49.95488 149.2417 108.0
44.0 33.0 44.0 70.24602 22.71324 131.33781 108.0
44.0 36.0 36.0 51.17957 19.50773 119.71906 747.0
44.0 36.0 44.0 70.24602 22.71324 131.33781 747.0
44.0 37.0 37.0 80.24732 11.04887 113.79287 1513.0
44.0 37.0 44.0 70.24602 22.71324 131.33781 1513.0
44.0 38.0 38.0 88.73886 68.40845 152.61563 21.0
44.0 38.0 44.0 70.24602 22.71324 131.33781 21.0
44.0 42.0 42.0 56.62468 85.24122 144.9551 2.0
44.0 42.0 44.0 70.24602 22.71324 131.33781 2.0
44.0 44.0 44.0 70.24602 22.71324 131.33781 1818.0
44.0 44.0 44.0 70.24602 22.71324 131.33781 1818.0
45.0 1.0 1.0 66.24307 89.25312 7.46873 1948.0
45.0 1.0 45.0 35.05202 116.35957 28.61601 1948.0
45.0 5.0 5.0 36.18429 130.05069 82.24697 1986.0
45.0 5.0 45.0 35.05202 116.35957 28.61601 1986.0
45.0 6.0 6.0 5.48062 84.77968 74.43612 965.0
45.0 6.0 45.0 35.05202 116.35957 28.61601 965.0
45.0 8.0 8.0 108.17721 85.97639 38.68473 109.0
45.0 8.0 45.0 35.05202 116.35957 28.61601 109.0
45.0 9.0 9.0 78.59674 139.92422 102.65069 4.0
45.0 9.0 45.0 35.05202 116.35957 28.61601 4.0
45.0 14.0 14.0 128.35562 116.03579 40.31867 2.0
45.0 14.0 45.0 35.05202 116.35957 28.61601 2.0
45.0 20.0 20.0 84.99819 53.68737 22.26431 1.0
45.0 20.0 45.0 35.05202 116.35957 28.61601 1.0
45.0 21.0 21.0 28.29545 78.10642 19.28858 1821.0
45.0 21.0 45.0 35.05202 116.35957 28.61601 1821.0
45.0 30.0 30.0 88.3847 139.94507 62.75917 805.0
45.0 30.0 45.0 35.05202 116.35957 28.61601 805.0
45.0 39.0 39.0 21.84393 50.12444 32.76288 67.0
45.0 39.0 45.0 35.05202 116.35957 28.61601 67.0
45.0 45.0 45.0 35.05202 116.35957 28.61601 13396.0
45.0 45.0 45.0 35.05202 116.35957 28.61601 13396.0
45.0 46.0 46.0 114.55087 130.24776 52.75761 51.0
45.0 46.0 45.0 35.05202 116.35957 28.61601 51.0
46.0 1.0 1.0 66.24307 89.25312 7.46873 135.0
46.0 1.0 46.0 114.55087 130.24776 52.75761 135.0
46.0 5.0 5.0 36.18429 130.05069 82.24697 4.0
46.0 5.0 46.0 114.55087 130.24776 52.75761 4.0
46.0 8.0 8.0 108.17721 85.97639 38.68473 1110.0
46.0 8.0 46.0 114.55087 130.24776 52.75761 1110.0
46.0 9.0 9.0 78.59674 139.92422 102.65069 3.0
46.0 9.0 46.0 114.55087 130.24776 52.75761 3.0
46.0 12.0 12.0 179.80304 86.3447 84.72806 4.0
46.0 12.0 46.0 114.55087 130.24776 52.75761 4.0
46.0 14.0 14.0 128.35562 116.03579 40.31867 2837.0
46.0 14.0 46.0 114.55087 130.24776 52.75761 2837.0
46.0 20.0 20.0 84.99819 53.68737 22.26431 1.0
46.0 20.0 46.0 114.55087 130.24776 52.75761 1.0
46.0 30.0 30.0 88.3847 139.94507 62.75917 3421.0
46.0 30.0 46.0 114.55087 130.24776 52.75761 3421.0
46.0 32.0 32.0 156.98733 89.05549 57.9671 285.0
46.0 32.0 46.0 114.55087 130.24776 52.75761 285.0
46.0 34.0 34.0 127.8051 111.24563 129.58568 10.0
46.0 34.0 46.0 114.55087 130.24776 52.75761 10.0
46.0 35.0 35.0 147.81867 121.136 95.62699 1122.0
46.0 35.0 46.0 114.55087 130.24776 52.75761 1122.0
46.0 43.0 43.0 101.71794 137.72651 99.14805 142.0
46.0 43.0 46.0 114.55087 130.24776 52.75761 142.0
46.0 45.0 45.0 35.05202 116.35957 28.61601 33.0
46.0 45.0 46.0 114.55087 130.24776 52.75761 33.0
46.0 46.0 46.0 114.55087 130.24776 52.75761 7085.0
46.0 46.0 46.0 114.55087 130.24776 52.75761 7085.0
47.0 12.0 12.0 179.80304 86.3447 84.72806 422.0
47.0 12.0 47.0 164.18908 62.7426 126.12277 422.0
47.0 15.0 15.0 145.12012 26.57874 64.67765 6.0
47.0 15.0 47.0 164.18908 62.7426 126.12277 6.0
47.0 17.0 17.0 122.81431 11.01131 94.6156 20.0
47.0 17.0 47.0 164.18908 62.7426 126.12277 20.0
47.0 18.0 18.0 159.21046 24.83556 93.90415 642.0
47.0 18.0 47.0 164.18908 62.7426 126.12277 642.0
47.0 23.0 23.0 173.46933 43.56267 76.94177 359.0
47.0 23.0 47.0 164.18908 62.7426 126.12277 359.0
47.0 24.0 24.0 107.89441 87.21119 149.14636 205.0
47.0 24.0 47.0 164.18908 62.7426 126.12277 205.0
47.0 25.0 25.0 182.8501 63.9751 100.26922 1201.0
47.0 25.0 47.0 164.18908 62.7426 126.12277 1201.0
47.0 26.0 26.0 132.12578 45.14478 139.11207 1880.0
47.0 26.0 47.0 164.18908 62.7426 126.12277 1880.0
47.0 29.0 29.0 122.73484 20.58514 121.15538 258.0
47.0 29.0 47.0 164.18908 62.7426 126.12277 258.0
47.0 32.0 32.0 156.98733 89.05549 57.9671 2.0
47.0 32.0 47.0 164.18908 62.7426 126.12277 2.0
47.0 33.0 33.0 97.17372 49.95488 149.2417 4.0
47.0 33.0 47.0 164.18908 62.7426 126.12277 4.0
47.0 34.0 34.0 127.8051 111.24563 129.58568 1234.0
47.0 34.0 47.0 164.18908 62.7426 126.12277 1234.0
47.0 35.0 35.0 147.81867 121.136 95.62699 373.0
47.0 35.0 47.0 164.18908 62.7426 126.12277 373.0
47.0 37.0 37.0 80.24732 11.04887 113.79287 1.0
47.0 37.0 47.0 164.18908 62.7426 126.12277 1.0
47.0 38.0 38.0 88.73886 68.40845 152.61563 6.0
47.0 38.0 47.0 164.18908 62.7426 126.12277 6.0
47.0 47.0 47.0 164.18908 62.7426 126.12277 8942.0
47.0 47.0 47.0 164.18908 62.7426 126.12277 8942.0
