TargetArea SourceArea Area AvgPosX AvgPosY AvgPosZ SumWeights
0.0 0.0 0.0 55.10986 48.90806 141.98338 3906.0
0.0 0.0 0.0 55.10986 48.90806 141.98338 3906.0
0.0 2.0 2.0 27.3815 25.33978 87.68593 12.0
0.0 2.0 0.0 55.10986 48.90806 141.98338 12.0
0.0 4.0 4.0 72.10249 108.39276 139.67689 12.0
0.0 4.0 0.0 55.10986 48.90806 141.98338 12.0
0.0 5.0 5.0 36.16845 130.04749 82.23775 1.0
0.0 5.0 0.0 55.10986 48.90806 141.98338 1.0
0.0 16.0 16.0 37.10574 39.06978 124.69297 1412.0
0.0 16.0 0.0 55.10986 48.90806 141.98338 1412.0
0.0 22.0 22.0 25.07094 80.10921 119.42265 554.0
0.0 22.0 0.0 55.10986 48.90806 141.98338 554.0
0.0 24.0 24.0 107.85712 87.22937 149.15085 13.0
0.0 24.0 0.0 55.10986 48.90806 141.98338 13.0
0.0 27.0 27.0 18.70463 45.37525 103.71945 21.0
0.0 27.0 0.0 55.10986 48.90806 141.98338 21.0
0.0 28.0 28.0 84.30759 38.95258 143.14527 1103.0
0.0 28.0 0.0 55.10986 48.90806 141.98338 1103.0
0.0 29.0 29.0 122.71659 20.58465 121.16104 1.0
0.0 29.0 0.0 55.10986 48.90806 141.98338 1.0
0.0 33.0 33.0 97.18675 49.96486 149.24285 276.0
0.0 33.0 0.0 55.10986 48.90806 141.98338 276.0
0.0 36.0 36.0 51.17379 19.51243 119.71609 460.0
0.0 36.0 0.0 55.10986 48.90806 141.98338 460.0
0.0 37.0 37.0 80.212 11.04878 113.78503 76.0
0.0 37.0 0.0 55.10986 48.90806 141.98338 76.0
0.0 38.0 38.0 88.69892 68.43101 152.61372 427.0
0.0 38.0 0.0 55.10986 48.90806 141.98338 427.0
0.0 41.0 41.0 59.7881 126.03728 122.50232 4.0
0.0 41.0 0.0 55.10986 48.90806 141.98338 4.0
0.0 42.0 42.0 56.63208 85.26409 144.94827 918.0
0.0 42.0 0.0 55.10986 48.90806 141.98338 918.0
0.0 44.0 44.0 70.24314 22.71965 131.34483 598.0
0.0 44.0 0.0 55.10986 48.90806 141.98338 598.0
1.0 1.0 1.0 66.25458 89.21988 7.46434 11404.0
1.0 1.0 1.0 66.25458 89.21988 7.46434 11404.0
1.0 5.0 5.0 36.16845 130.04749 82.23775 24.0
1.0 5.0 1.0 66.25458 89.21988 7.46434 24.0
1.0 6.0 6.0 5.47771 84.80303 74.401 1.0
1.0 6.0 1.0 66.25458 89.21988 7.46434 1.0
1.0 8.0 8.0 108.16631 85.96981 38.6782 1675.0
1.0 8.0 1.0 66.25458 89.21988 7.46434 1675.0
1.0 11.0 11.0 48.523 14.12619 56.4802 22.0
1.0 11.0 1.0 66.25458 89.21988 7.46434 22.0
1.0 14.0 14.0 128.32263 116.03628 40.28616 51.0
1.0 14.0 1.0 66.25458 89.21988 7.46434 51.0
1.0 19.0 19.0 66.37941 15.836 45.33209 24.0
1.0 19.0 1.0 66.25458 89.21988 7.46434 24.0
1.0 20.0 20.0 85.04458 53.72162 22.282 2247.0
1.0 20.0 1.0 66.25458 89.21988 7.46434 2247.0
1.0 21.0 21.0 28.30431 78.09594 19.27578 1351.0
1.0 21.0 1.0 66.25458 89.21988 7.46434 1351.0
1.0 30.0 30.0 88.34193 139.93489 62.69739 356.0
1.0 30.0 1.0 66.25458 89.21988 7.46434 356.0
1.0 31.0 31.0 121.57708 38.96626 36.05504 2.0
1.0 31.0 1.0 66.25458 89.21988 7.46434 2.0
1.0 39.0 39.0 21.80793 50.16037 32.78641 274.0
1.0 39.0 1.0 66.25458 89.21988 7.46434 274.0
1.0 40.0 40.0 83.26816 23.54008 42.41237 17.0
1.0 40.0 1.0 66.25458 89.21988 7.46434 17.0
1.0 45.0 45.0 35.07394 116.38677 28.62083 1828.0
1.0 45.0 1.0 66.25458 89.21988 7.46434 1828.0
1.0 46.0 46.0 114.48484 130.24483 52.69771 154.0
1.0 46.0 1.0 66.25458 89.21988 7.46434 154.0
2.0 0.0 0.0 55.10986 48.90806 141.98338 13.0
2.0 0.0 2.0 27.3815 25.33978 87.68593 13.0
2.0 2.0 2.0 27.3815 25.33978 87.68593 6680.0
2.0 2.0 2.0 27.3815 25.33978 87.68593 6680.0
2.0 3.0 3.0 83.21837 3.83493 88.0414 349.0
2.0 3.0 2.0 27.3815 25.33978 87.68593 349.0
2.0 6.0 6.0 5.47771 84.80303 74.401 455.0
2.0 6.0 2.0 27.3815 25.33978 87.68593 455.0
2.0 10.0 10.0 97.07752 3.92379 61.09525 2.0
2.0 10.0 2.0 27.3815 25.33978 87.68593 2.0
2.0 11.0 11.0 48.523 14.12619 56.4802 1383.0
2.0 11.0 2.0 27.3815 25.33978 87.68593 1383.0
2.0 13.0 13.0 21.78797 31.15428 56.4424 1421.0
2.0 13.0 2.0 27.3815 25.33978 87.68593 1421.0
2.0 16.0 16.0 37.10574 39.06978 124.69297 711.0
2.0 16.0 2.0 27.3815 25.33978 87.68593 711.0
2.0 19.0 19.0 66.37941 15.836 45.33209 19.0
2.0 19.0 2.0 27.3815 25.33978 87.68593 19.0
2.0 20.0 20.0 85.04458 53.72162 22.282 1.0
2.0 20.0 2.0 27.3815 25.33978 87.68593 1.0
2.0 22.0 22.0 25.07094 80.10921 119.42265 85.0
2.0 22.0 2.0 27.3815 25.33978 87.68593 85.0
2.0 27.0 27.0 18.70463 45.37525 103.71945 1638.0
2.0 27.0 2.0 27.3815 25.33978 87.68593 1638.0
2.0 28.0 28.0 84.30759 38.95258 143.14527 1.0
2.0 28.0 2.0 27.3815 25.33978 87.68593 1.0
2.0 36.0 36.0 51.17379 19.51243 119.71609 521.0
2.0 36.0 2.0 27.3815 25.33978 87.68593 521.0
2.0 37.0 37.0 80.212 11.04878 113.78503 420.0
2.0 37.0 2.0 27.3815 25.33978 87.68593 420.0
2.0 39.0 39.0 21.80793 50.16037 32.78641 146.0
2.0 39.0 2.0 27.3815 25.33978 87.68593 146.0
2.0 40.0 40.0 83.26816 23.54008 42.41237 2.0
2.0 40.0 2.0 27.3815 25.33978 87.68593 2.0
2.0 44.0 44.0 70.24314 22.71965 131.34483 35.0
2.0 44.0 2.0 27.3815 25.33978 87.68593 35.0
3.0 2.0 2.0 27.3815 25.33978 87.68593 289.0
3.0 2.0 3.0 83.21837 3.83493 88.0414 289.0
3.0 3.0 3.0 83.21837 3.83493 88.0414 7131.0
3.0 3.0 3.0 83.21837 3.83493 88.0414 7131.0
3.0 7.0 7.0 121.67965 13.46399 56.88408 216.0
3.0 7.0 3.0 83.21837 3.83493 88.0414 216.0
3.0 10.0 10.0 97.07752 3.92379 61.09525 1581.0
3.0 10.0 3.0 83.21837 3.83493 88.0414 1581.0
3.0 11.0 11.0 48.523 14.12619 56.4802 1073.0
3.0 11.0 3.0 83.21837 3.83493 88.0414 1073.0
3.0 13.0 13.0 21.78797 31.15428 56.4424 6.0
3.0 13.0 3.0 83.21837 3.83493 88.0414 6.0
3.0 15.0 15.0 145.12517 26.59051 64.65306 17.0
3.0 15.0 3.0 83.21837 3.83493 88.0414 17.0
3.0 16.0 16.0 37.10574 39.06978 124.69297 9.0
3.0 16.0 3.0 83.21837 3.83493 88.0414 9.0
3.0 17.0 17.0 122.82847 11.0149 94.58993 1212.0
3.0 17.0 3.0 83.21837 3.83493 88.0414 1212.0
3.0 19.0 19.0 66.37941 15.836 45.33209 441.0
3.0 19.0 3.0 83.21837 3.83493 88.0414 441.0
3.0 27.0 27.0 18.70463 45.37525 103.71945 2.0
3.0 27.0 3.0 83.21837 3.83493 88.0414 2.0
3.0 28.0 28.0 84.30759 38.95258 143.14527 6.0
3.0 28.0 3.0 83.21837 3.83493 88.0414 6.0
3.0 29.0 29.0 122.71659 20.58465 121.16104 193.0
3.0 29.0 3.0 83.21837 3.83493 88.0414 193.0
3.0 31.0 31.0 121.57708 38.96626 36.05504 3.0
3.0 31.0 3.0 83.21837 3.83493 88.0414 3.0
3.0 36.0 36.0 51.17379 19.51243 119.71609 143.0
3.0 36.0 3.0 83.21837 3.83493 88.0414 143.0
3.0 37.0 37.0 80.212 11.04878 113.78503 2558.0
3.0 37.0 3.0 83.21837 3.83493 88.0414 2558.0
3.0 40.0 40.0 83.26816 23.54008 42.41237 140.0
3.0 40.0 3.0 83.21837 3.83493 88.0414 140.0
3.0 44.0 44.0 70.24314 22.71965 131.34483 56.0
3.0 44.0 3.0 83.21837 3.83493 88.0414 56.0
4.0 0.0 0.0 55.10986 48.90806 141.98338 12.0
4.0 0.0 4.0 72.10249 108.39276 139.67689 12.0
4.0 4.0 4.0 72.10249 108.39276 139.67689 6624.0
4.0 4.0 4.0 72.10249 108.39276 139.67689 6624.0
4.0 5.0 5.0 36.16845 130.04749 82.23775 99.0
4.0 5.0 4.0 72.10249 108.39276 139.67689 99.0
4.0 6.0 6.0 5.47771 84.80303 74.401 3.0
4.0 6.0 4.0 72.10249 108.39276 139.67689 3.0
4.0 9.0 9.0 78.61323 139.92618 102.65117 284.0
4.0 9.0 4.0 72.10249 108.39276 139.67689 284.0
4.0 16.0 16.0 37.10574 39.06978 124.69297 2.0
4.0 16.0 4.0 72.10249 108.39276 139.67689 2.0
4.0 22.0 22.0 25.07094 80.10921 119.42265 454.0
4.0 22.0 4.0 72.10249 108.39276 139.67689 454.0
4.0 24.0 24.0 107.85712 87.22937 149.15085 1526.0
4.0 24.0 4.0 72.10249 108.39276 139.67689 1526.0
4.0 28.0 28.0 84.30759 38.95258 143.14527 5.0
4.0 28.0 4.0 72.10249 108.39276 139.67689 5.0
4.0 33.0 33.0 97.18675 49.96486 149.24285 9.0
4.0 33.0 4.0 72.10249 108.39276 139.67689 9.0
4.0 34.0 34.0 127.80144 111.22798 129.60203 901.0
4.0 34.0 4.0 72.10249 108.39276 139.67689 901.0
4.0 35.0 35.0 147.77026 121.16322 95.60693 1.0
4.0 35.0 4.0 72.10249 108.39276 139.67689 1.0
4.0 38.0 38.0 88.69892 68.43101 152.61372 225.0
4.0 38.0 4.0 72.10249 108.39276 139.67689 225.0
4.0 41.0 41.0 59.7881 126.03728 122.50232 2721.0
4.0 41.0 4.0 72.10249 108.39276 139.67689 2721.0
4.0 42.0 42.0 56.63208 85.26409 144.94827 2081.0
4.0 42.0 4.0 72.10249 108.39276 139.67689 2081.0
4.0 43.0 43.0 101.67416 137.73799 99.13439 71.0
4.0 43.0 4.0 72.10249 108.39276 139.67689 71.0
4.0 45.0 45.0 35.07394 116.38677 28.62083 1.0
4.0 45.0 4.0 72.10249 108.39276 139.67689 1.0
5.0 1.0 1.0 66.25458 89.21988 7.46434 16.0
5.0 1.0 5.0 36.16845 130.04749 82.23775 16.0
5.0 4.0 4.0 72.10249 108.39276 139.67689 103.0
5.0 4.0 5.0 36.16845 130.04749 82.23775 103.0
5.0 5.0 5.0 36.16845 130.04749 82.23775 21761.0
5.0 5.0 5.0 36.16845 130.04749 82.23775 21761.0
5.0 6.0 6.0 5.47771 84.80303 74.401 1991.0
5.0 6.0 5.0 36.16845 130.04749 82.23775 1991.0
5.0 8.0 8.0 108.16631 85.96981 38.6782 8.0
5.0 8.0 5.0 36.16845 130.04749 82.23775 8.0
5.0 9.0 9.0 78.61323 139.92618 102.65117 1478.0
5.0 9.0 5.0 36.16845 130.04749 82.23775 1478.0
5.0 21.0 21.0 28.30431 78.09594 19.27578 15.0
5.0 21.0 5.0 36.16845 130.04749 82.23775 15.0
5.0 22.0 22.0 25.07094 80.10921 119.42265 1206.0
5.0 22.0 5.0 36.16845 130.04749 82.23775 1206.0
5.0 30.0 30.0 88.34193 139.93489 62.69739 1737.0
5.0 30.0 5.0 36.16845 130.04749 82.23775 1737.0
5.0 41.0 41.0 59.7881 126.03728 122.50232 2318.0
5.0 41.0 5.0 36.16845 130.04749 82.23775 2318.0
5.0 42.0 42.0 56.63208 85.26409 144.94827 27.0
5.0 42.0 5.0 36.16845 130.04749 82.23775 27.0
5.0 43.0 43.0 101.67416 137.73799 99.13439 77.0
5.0 43.0 5.0 36.16845 130.04749 82.23775 77.0
5.0 45.0 45.0 35.07394 116.38677 28.62083 1998.0
5.0 45.0 5.0 36.16845 130.04749 82.23775 1998.0
5.0 46.0 46.0 114.48484 130.24483 52.69771 12.0
5.0 46.0 5.0 36.16845 130.04749 82.23775 12.0
6.0 2.0 2.0 27.3815 25.33978 87.68593 516.0
6.0 2.0 6.0 5.47771 84.80303 74.401 516.0
6.0 4.0 4.0 72.10249 108.39276 139.67689 4.0
6.0 4.0 6.0 5.47771 84.80303 74.401 4.0
6.0 5.0 5.0 36.16845 130.04749 82.23775 2067.0
6.0 5.0 6.0 5.47771 84.80303 74.401 2067.0
6.0 6.0 6.0 5.47771 84.80303 74.401 15919.0
6.0 6.0 6.0 5.47771 84.80303 74.401 15919.0
6.0 11.0 11.0 48.523 14.12619 56.4802 4.0
6.0 11.0 6.0 5.47771 84.80303 74.401 4.0
6.0 13.0 13.0 21.78797 31.15428 56.4424 417.0
6.0 13.0 6.0 5.47771 84.80303 74.401 417.0
6.0 16.0 16.0 37.10574 39.06978 124.69297 7.0
6.0 16.0 6.0 5.47771 84.80303 74.401 7.0
6.0 21.0 21.0 28.30431 78.09594 19.27578 664.0
6.0 21.0 6.0 5.47771 84.80303 74.401 664.0
6.0 22.0 22.0 25.07094 80.10921 119.42265 2062.0
6.0 22.0 6.0 5.47771 84.80303 74.401 2062.0
6.0 27.0 27.0 18.70463 45.37525 103.71945 865.0
6.0 27.0 6.0 5.47771 84.80303 74.401 865.0
6.0 39.0 39.0 21.80793 50.16037 32.78641 1342.0
6.0 39.0 6.0 5.47771 84.80303 74.401 1342.0
6.0 41.0 41.0 59.7881 126.03728 122.50232 22.0
6.0 41.0 6.0 5.47771 84.80303 74.401 22.0
6.0 45.0 45.0 35.07394 116.38677 28.62083 965.0
6.0 45.0 6.0 5.47771 84.80303 74.401 965.0
7.0 3.0 3.0 83.21837 3.83493 88.0414 211.0
7.0 3.0 7.0 121.67965 13.46399 56.88408 211.0
7.0 7.0 7.0 121.67965 13.46399 56.88408 4141.0
7.0 7.0 7.0 121.67965 13.46399 56.88408 4141.0
7.0 8.0 8.0 108.16631 85.96981 38.6782 9.0
7.0 8.0 7.0 121.67965 13.46399 56.88408 9.0
7.0 10.0 10.0 97.07752 3.92379 61.09525 1439.0
7.0 10.0 7.0 121.67965 13.46399 56.88408 1439.0
7.0 15.0 15.0 145.12517 26.59051 64.65306 1490.0
7.0 15.0 7.0 121.67965 13.46399 56.88408 1490.0
7.0 17.0 17.0 122.82847 11.0149 94.58993 814.0
7.0 17.0 7.0 121.67965 13.46399 56.88408 814.0
7.0 18.0 18.0 159.1997 24.8333 93.91421 42.0
7.0 18.0 7.0 121.67965 13.46399 56.88408 42.0
7.0 19.0 19.0 66.37941 15.836 45.33209 11.0
7.0 19.0 7.0 121.67965 13.46399 56.88408 11.0
7.0 20.0 20.0 85.04458 53.72162 22.282 17.0
7.0 20.0 7.0 121.67965 13.46399 56.88408 17.0
7.0 23.0 23.0 173.46534 43.56927 76.93275 16.0
7.0 23.0 7.0 121.67965 13.46399 56.88408 16.0
7.0 29.0 29.0 122.71659 20.58465 121.16104 11.0
7.0 29.0 7.0 121.67965 13.46399 56.88408 11.0
7.0 31.0 31.0 121.57708 38.96626 36.05504 1559.0
7.0 31.0 7.0 121.67965 13.46399 56.88408 1559.0
7.0 32.0 32.0 156.98759 89.00331 57.96153 4.0
7.0 32.0 7.0 121.67965 13.46399 56.88408 4.0
7.0 37.0 37.0 80.212 11.04878 113.78503 6.0
7.0 37.0 7.0 121.67965 13.46399 56.88408 6.0
7.0 40.0 40.0 83.26816 23.54008 42.41237 300.0
7.0 40.0 7.0 121.67965 13.46399 56.88408 300.0
8.0 1.0 1.0 66.25458 89.21988 7.46434 1460.0
8.0 1.0 8.0 108.16631 85.96981 38.6782 1460.0
8.0 3.0 3.0 83.21837 3.83493 88.0414 1.0
8.0 3.0 8.0 108.16631 85.96981 38.6782 1.0
8.0 4.0 4.0 72.10249 108.39276 139.67689 1.0
8.0 4.0 8.0 108.16631 85.96981 38.6782 1.0
8.0 5.0 5.0 36.16845 130.04749 82.23775 7.0
8.0 5.0 8.0 108.16631 85.96981 38.6782 7.0
8.0 7.0 7.0 121.67965 13.46399 56.88408 6.0
8.0 7.0 8.0 108.16631 85.96981 38.6782 6.0
8.0 8.0 8.0 108.16631 85.96981 38.6782 28774.0
8.0 8.0 8.0 108.16631 85.96981 38.6782 28774.0
8.0 12.0 12.0 179.79682 86.3099 84.6944 5.0
8.0 12.0 8.0 108.16631 85.96981 38.6782 5.0
8.0 14.0 14.0 128.32263 116.03628 40.28616 2652.0
8.0 14.0 8.0 108.16631 85.96981 38.6782 2652.0
8.0 15.0 15.0 145.12517 26.59051 64.65306 50.0
8.0 15.0 8.0 108.16631 85.96981 38.6782 50.0
8.0 19.0 19.0 66.37941 15.836 45.33209 1.0
8.0 19.0 8.0 108.16631 85.96981 38.6782 1.0
8.0 20.0 20.0 85.04458 53.72162 22.282 2937.0
8.0 20.0 8.0 108.16631 85.96981 38.6782 2937.0
8.0 23.0 23.0 173.46534 43.56927 76.93275 5.0
8.0 23.0 8.0 108.16631 85.96981 38.6782 5.0
8.0 30.0 30.0 88.34193 139.93489 62.69739 562.0
8.0 30.0 8.0 108.16631 85.96981 38.6782 562.0
8.0 31.0 31.0 121.57708 38.96626 36.05504 1771.0
8.0 31.0 8.0 108.16631 85.96981 38.6782 1771.0
8.0 32.0 32.0 156.98759 89.00331 57.96153 1439.0
8.0 32.0 8.0 108.16631 85.96981 38.6782 1439.0
8.0 35.0 35.0 147.77026 121.16322 95.60693 1.0
8.0 35.0 8.0 108.16631 85.96981 38.6782 1.0
8.0 40.0 40.0 83.26816 23.54008 42.41237 19.0
8.0 40.0 8.0 108.16631 85.96981 38.6782 19.0
8.0 41.0 41.0 59.7881 126.03728 122.50232 1.0
8.0 41.0 8.0 108.16631 85.96981 38.6782 1.0
8.0 45.0 45.0 35.07394 116.38677 28.62083 83.0
8.0 45.0 8.0 108.16631 85.96981 38.6782 83.0
8.0 46.0 46.0 114.48484 130.24483 52.69771 1097.0
8.0 46.0 8.0 108.16631 85.96981 38.6782 1097.0
9.0 4.0 4.0 72.10249 108.39276 139.67689 268.0
9.0 4.0 9.0 78.61323 139.92618 102.65117 268.0
9.0 5.0 5.0 36.16845 130.04749 82.23775 1328.0
9.0 5.0 9.0 78.61323 139.92618 102.65117 1328.0
9.0 9.0 9.0 78.61323 139.92618 102.65117 4930.0
9.0 9.0 9.0 78.61323 139.92618 102.65117 4930.0
9.0 22.0 22.0 25.07094 80.10921 119.42265 1.0
9.0 22.0 9.0 78.61323 139.92618 102.65117 1.0
9.0 24.0 24.0 107.85712 87.22937 149.15085 29.0
9.0 24.0 9.0 78.61323 139.92618 102.65117 29.0
9.0 30.0 30.0 88.34193 139.93489 62.69739 1188.0
9.0 30.0 9.0 78.61323 139.92618 102.65117 1188.0
9.0 34.0 34.0 127.80144 111.22798 129.60203 598.0
9.0 34.0 9.0 78.61323 139.92618 102.65117 598.0
9.0 35.0 35.0 147.77026 121.16322 95.60693 17.0
9.0 35.0 9.0 78.61323 139.92618 102.65117 17.0
9.0 41.0 41.0 59.7881 126.03728 122.50232 2083.0
9.0 41.0 9.0 78.61323 139.92618 102.65117 2083.0
9.0 43.0 43.0 101.67416 137.73799 99.13439 2133.0
9.0 43.0 9.0 78.61323 139.92618 102.65117 2133.0
9.0 45.0 45.0 35.07394 116.38677 28.62083 2.0
9.0 45.0 9.0 78.61323 139.92618 102.65117 2.0
9.0 46.0 46.0 114.48484 130.24483 52.69771 4.0
9.0 46.0 9.0 78.61323 139.92618 102.65117 4.0
10.0 2.0 2.0 27.3815 25.33978 87.68593 3.0
10.0 2.0 10.0 97.07752 3.92379 61.09525 3.0
10.0 3.0 3.0 83.21837 3.83493 88.0414 1542.0
10.0 3.0 10.0 97.07752 3.92379 61.09525 1542.0
10.0 7.0 7.0 121.67965 13.46399 56.88408 1483.0
10.0 7.0 10.0 97.07752 3.92379 61.09525 1483.0
10.0 10.0 10.0 97.07752 3.92379 61.09525 4181.0
10.0 10.0 10.0 97.07752 3.92379 61.09525 4181.0
10.0 11.0 11.0 48.523 14.12619 56.4802 186.0
10.0 11.0 10.0 97.07752 3.92379 61.09525 186.0
10.0 15.0 15.0 145.12517 26.59051 64.65306 69.0
10.0 15.0 10.0 97.07752 3.92379 61.09525 69.0
10.0 17.0 17.0 122.82847 11.0149 94.58993 460.0
10.0 17.0 10.0 97.07752 3.92379 61.09525 460.0
10.0 18.0 18.0 159.1997 24.8333 93.91421 3.0
10.0 18.0 10.0 97.07752 3.92379 61.09525 3.0
10.0 19.0 19.0 66.37941 15.836 45.33209 557.0
10.0 19.0 10.0 97.07752 3.92379 61.09525 557.0
10.0 20.0 20.0 85.04458 53.72162 22.282 42.0
10.0 20.0 10.0 97.07752 3.92379 61.09525 42.0
10.0 29.0 29.0 122.71659 20.58465 121.16104 6.0
10.0 29.0 10.0 97.07752 3.92379 61.09525 6.0
10.0 31.0 31.0 121.57708 38.96626 36.05504 393.0
10.0 31.0 10.0 97.07752 3.92379 61.09525 393.0
10.0 37.0 37.0 80.212 11.04878 113.78503 39.0
10.0 37.0 10.0 97.07752 3.92379 61.09525 39.0
10.0 40.0 40.0 83.26816 23.54008 42.41237 1262.0
10.0 40.0 10.0 97.07752 3.92379 61.09525 1262.0
11.0 1.0 1.0 66.25458 89.21988 7.46434 20.0
11.0 1.0 11.0 48.523 14.12619 56.4802 20.0
11.0 2.0 2.0 27.3815 25.33978 87.68593 1366.0
11.0 2.0 11.0 48.523 14.12619 56.4802 1366.0
11.0 3.0 3.0 83.21837 3.83493 88.0414 1102.0
11.0 3.0 11.0 48.523 14.12619 56.4802 1102.0
11.0 8.0 8.0 108.16631 85.96981 38.6782 1.0
11.0 8.0 11.0 48.523 14.12619 56.4802 1.0
11.0 10.0 10.0 97.07752 3.92379 61.09525 195.0
11.0 10.0 11.0 48.523 14.12619 56.4802 195.0
11.0 11.0 11.0 48.523 14.12619 56.4802 8235.0
11.0 11.0 11.0 48.523 14.12619 56.4802 8235.0
11.0 13.0 13.0 21.78797 31.15428 56.4424 1488.0
11.0 13.0 11.0 48.523 14.12619 56.4802 1488.0
11.0 16.0 16.0 37.10574 39.06978 124.69297 16.0
11.0 16.0 11.0 48.523 14.12619 56.4802 16.0
11.0 19.0 19.0 66.37941 15.836 45.33209 2151.0
11.0 19.0 11.0 48.523 14.12619 56.4802 2151.0
11.0 20.0 20.0 85.04458 53.72162 22.282 274.0
11.0 20.0 11.0 48.523 14.12619 56.4802 274.0
11.0 21.0 21.0 28.30431 78.09594 19.27578 28.0
11.0 21.0 11.0 48.523 14.12619 56.4802 28.0
11.0 27.0 27.0 18.70463 45.37525 103.71945 6.0
11.0 27.0 11.0 48.523 14.12619 56.4802 6.0
11.0 31.0 31.0 121.57708 38.96626 36.05504 7.0
11.0 31.0 11.0 48.523 14.12619 56.4802 7.0
11.0 36.0 36.0 51.17379 19.51243 119.71609 62.0
11.0 36.0 11.0 48.523 14.12619 56.4802 62.0
11.0 37.0 37.0 80.212 11.04878 113.78503 266.0
11.0 37.0 11.0 48.523 14.12619 56.4802 266.0
11.0 39.0 39.0 21.80793 50.16037 32.78641 829.0
11.0 39.0 11.0 48.523 14.12619 56.4802 829.0
11.0 40.0 40.0 83.26816 23.54008 42.41237 556.0
11.0 40.0 11.0 48.523 14.12619 56.4802 556.0
11.0 44.0 44.0 70.24314 22.71965 131.34483 2.0
11.0 44.0 11.0 48.523 14.12619 56.4802 2.0
12.0 8.0 8.0 108.16631 85.96981 38.6782 1.0
12.0 8.0 12.0 179.79682 86.3099 84.6944 1.0
12.0 12.0 12.0 179.79682 86.3099 84.6944 5954.0
12.0 12.0 12.0 179.79682 86.3099 84.6944 5954.0
12.0 14.0 14.0 128.32263 116.03628 40.28616 1.0
12.0 14.0 12.0 179.79682 86.3099 84.6944 1.0
12.0 15.0 15.0 145.12517 26.59051 64.65306 34.0
12.0 15.0 12.0 179.79682 86.3099 84.6944 34.0
12.0 18.0 18.0 159.1997 24.8333 93.91421 16.0
12.0 18.0 12.0 179.79682 86.3099 84.6944 16.0
12.0 23.0 23.0 173.46534 43.56927 76.93275 599.0
12.0 23.0 12.0 179.79682 86.3099 84.6944 599.0
12.0 25.0 25.0 182.83913 63.98194 100.27944 1165.0
12.0 25.0 12.0 179.79682 86.3099 84.6944 1165.0
12.0 31.0 31.0 121.57708 38.96626 36.05504 10.0
12.0 31.0 12.0 179.79682 86.3099 84.6944 10.0
12.0 32.0 32.0 156.98759 89.00331 57.96153 1790.0
12.0 32.0 12.0 179.79682 86.3099 84.6944 1790.0
12.0 34.0 34.0 127.80144 111.22798 129.60203 96.0
12.0 34.0 12.0 179.79682 86.3099 84.6944 96.0
12.0 35.0 35.0 147.77026 121.16322 95.60693 1218.0
12.0 35.0 12.0 179.79682 86.3099 84.6944 1218.0
12.0 46.0 46.0 114.48484 130.24483 52.69771 5.0
12.0 46.0 12.0 179.79682 86.3099 84.6944 5.0
12.0 47.0 47.0 164.18996 62.73947 126.12084 399.0
12.0 47.0 12.0 179.79682 86.3099 84.6944 399.0
13.0 2.0 2.0 27.3815 25.33978 87.68593 1376.0
13.0 2.0 13.0 21.78797 31.15428 56.4424 1376.0
13.0 3.0 3.0 83.21837 3.83493 88.0414 2.0
13.0 3.0 13.0 21.78797 31.15428 56.4424 2.0
13.0 6.0 6.0 5.47771 84.80303 74.401 394.0
13.0 6.0 13.0 21.78797 31.15428 56.4424 394.0
13.0 11.0 11.0 48.523 14.12619 56.4802 1659.0
13.0 11.0 13.0 21.78797 31.15428 56.4424 1659.0
13.0 13.0 13.0 21.78797 31.15428 56.4424 3878.0
13.0 13.0 13.0 21.78797 31.15428 56.4424 3878.0
13.0 19.0 19.0 66.37941 15.836 45.33209 69.0
13.0 19.0 13.0 21.78797 31.15428 56.4424 69.0
13.0 20.0 20.0 85.04458 53.72162 22.282 8.0
13.0 20.0 13.0 21.78797 31.15428 56.4424 8.0
13.0 21.0 21.0 28.30431 78.09594 19.27578 14.0
13.0 21.0 13.0 21.78797 31.15428 56.4424 14.0
13.0 22.0 22.0 25.07094 80.10921 119.42265 4.0
13.0 22.0 13.0 21.78797 31.15428 56.4424 4.0
13.0 27.0 27.0 18.70463 45.37525 103.71945 102.0
13.0 27.0 13.0 21.78797 31.15428 56.4424 102.0
13.0 36.0 36.0 51.17379 19.51243 119.71609 2.0
13.0 36.0 13.0 21.78797 31.15428 56.4424 2.0
13.0 37.0 37.0 80.212 11.04878 113.78503 4.0
13.0 37.0 13.0 21.78797 31.15428 56.4424 4.0
13.0 39.0 39.0 21.80793 50.16037 32.78641 1793.0
13.0 39.0 13.0 21.78797 31.15428 56.4424 1793.0
13.0 40.0 40.0 83.26816 23.54008 42.41237 6.0
13.0 40.0 13.0 21.78797 31.15428 56.4424 6.0
14.0 1.0 1.0 66.25458 89.21988 7.46434 45.0
14.0 1.0 14.0 128.32263 116.03628 40.28616 45.0
14.0 8.0 8.0 108.16631 85.96981 38.6782 2751.0
14.0 8.0 14.0 128.32263 116.03628 40.28616 2751.0
14.0 12.0 12.0 179.79682 86.3099 84.6944 7.0
14.0 12.0 14.0 128.32263 116.03628 40.28616 7.0
14.0 14.0 14.0 128.32263 116.03628 40.28616 7190.0
14.0 14.0 14.0 128.32263 116.03628 40.28616 7190.0
14.0 20.0 20.0 85.04458 53.72162 22.282 10.0
14.0 20.0 14.0 128.32263 116.03628 40.28616 10.0
14.0 30.0 30.0 88.34193 139.93489 62.69739 211.0
14.0 30.0 14.0 128.32263 116.03628 40.28616 211.0
14.0 31.0 31.0 121.57708 38.96626 36.05504 6.0
14.0 31.0 14.0 128.32263 116.03628 40.28616 6.0
14.0 32.0 32.0 156.98759 89.00331 57.96153 1462.0
14.0 32.0 14.0 128.32263 116.03628 40.28616 1462.0
14.0 35.0 35.0 147.77026 121.16322 95.60693 308.0
14.0 35.0 14.0 128.32263 116.03628 40.28616 308.0
14.0 43.0 43.0 101.67416 137.73799 99.13439 2.0
14.0 43.0 14.0 128.32263 116.03628 40.28616 2.0
14.0 45.0 45.0 35.07394 116.38677 28.62083 1.0
14.0 45.0 14.0 128.32263 116.03628 40.28616 1.0
14.0 46.0 46.0 114.48484 130.24483 52.69771 2858.0
14.0 46.0 14.0 128.32263 116.03628 40.28616 2858.0
15.0 3.0 3.0 83.21837 3.83493 88.0414 21.0
15.0 3.0 15.0 145.12517 26.59051 64.65306 21.0
15.0 7.0 7.0 121.67965 13.46399 56.88408 1470.0
15.0 7.0 15.0 145.12517 26.59051 64.65306 1470.0
15.0 8.0 8.0 108.16631 85.96981 38.6782 73.0
15.0 8.0 15.0 145.12517 26.59051 64.65306 73.0
15.0 10.0 10.0 97.07752 3.92379 61.09525 75.0
15.0 10.0 15.0 145.12517 26.59051 64.65306 75.0
15.0 12.0 12.0 179.79682 86.3099 84.6944 35.0
15.0 12.0 15.0 145.12517 26.59051 64.65306 35.0
15.0 15.0 15.0 145.12517 26.59051 64.65306 5185.0
15.0 15.0 15.0 145.12517 26.59051 64.65306 5185.0
15.0 17.0 17.0 122.82847 11.0149 94.58993 907.0
15.0 17.0 15.0 145.12517 26.59051 64.65306 907.0
15.0 18.0 18.0 159.1997 24.8333 93.91421 1028.0
15.0 18.0 15.0 145.12517 26.59051 64.65306 1028.0
15.0 23.0 23.0 173.46534 43.56927 76.93275 719.0
15.0 23.0 15.0 145.12517 26.59051 64.65306 719.0
15.0 25.0 25.0 182.83913 63.98194 100.27944 6.0
15.0 25.0 15.0 145.12517 26.59051 64.65306 6.0
15.0 26.0 26.0 132.08333 45.1552 139.1381 5.0
15.0 26.0 15.0 145.12517 26.59051 64.65306 5.0
15.0 29.0 29.0 122.71659 20.58465 121.16104 48.0
15.0 29.0 15.0 145.12517 26.59051 64.65306 48.0
15.0 31.0 31.0 121.57708 38.96626 36.05504 1355.0
15.0 31.0 15.0 145.12517 26.59051 64.65306 1355.0
15.0 32.0 32.0 156.98759 89.00331 57.96153 368.0
15.0 32.0 15.0 145.12517 26.59051 64.65306 368.0
15.0 37.0 37.0 80.212 11.04878 113.78503 1.0
15.0 37.0 15.0 145.12517 26.59051 64.65306 1.0
15.0 40.0 40.0 83.26816 23.54008 42.41237 2.0
15.0 40.0 15.0 145.12517 26.59051 64.65306 2.0
15.0 47.0 47.0 164.18996 62.73947 126.12084 9.0
15.0 47.0 15.0 145.12517 26.59051 64.65306 9.0
16.0 0.0 0.0 55.10986 48.90806 141.98338 1395.0
16.0 0.0 16.0 37.10574 39.06978 124.69297 1395.0
16.0 2.0 2.0 27.3815 25.33978 87.68593 750.0
16.0 2.0 16.0 37.10574 39.06978 124.69297 750.0
16.0 3.0 3.0 83.21837 3.83493 88.0414 14.0
16.0 3.0 16.0 37.10574 39.06978 124.69297 14.0
16.0 4.0 4.0 72.10249 108.39276 139.67689 1.0
16.0 4.0 16.0 37.10574 39.06978 124.69297 1.0
16.0 6.0 6.0 5.47771 84.80303 74.401 5.0
16.0 6.0 16.0 37.10574 39.06978 124.69297 5.0
16.0 11.0 11.0 48.523 14.12619 56.4802 17.0
16.0 11.0 16.0 37.10574 39.06978 124.69297 17.0
16.0 16.0 16.0 37.10574 39.06978 124.69297 4243.0
16.0 16.0 16.0 37.10574 39.06978 124.69297 4243.0
16.0 22.0 22.0 25.07094 80.10921 119.42265 1189.0
16.0 22.0 16.0 37.10574 39.06978 124.69297 1189.0
16.0 23.0 23.0 173.46534 43.56927 76.93275 1.0
16.0 23.0 16.0 37.10574 39.06978 124.69297 1.0
16.0 26.0 26.0 132.08333 45.1552 139.1381 1.0
16.0 26.0 16.0 37.10574 39.06978 124.69297 1.0
16.0 27.0 27.0 18.70463 45.37525 103.71945 1135.0
16.0 27.0 16.0 37.10574 39.06978 124.69297 1135.0
16.0 28.0 28.0 84.30759 38.95258 143.14527 57.0
16.0 28.0 16.0 37.10574 39.06978 124.69297 57.0
16.0 33.0 33.0 97.18675 49.96486 149.24285 7.0
16.0 33.0 16.0 37.10574 39.06978 124.69297 7.0
16.0 36.0 36.0 51.17379 19.51243 119.71609 1057.0
16.0 36.0 16.0 37.10574 39.06978 124.69297 1057.0
16.0 37.0 37.0 80.212 11.04878 113.78503 167.0
16.0 37.0 16.0 37.10574 39.06978 124.69297 167.0
16.0 38.0 38.0 88.69892 68.43101 152.61372 21.0
16.0 38.0 16.0 37.10574 39.06978 124.69297 21.0
16.0 42.0 42.0 56.63208 85.26409 144.94827 186.0
16.0 42.0 16.0 37.10574 39.06978 124.69297 186.0
16.0 44.0 44.0 70.24314 22.71965 131.34483 260.0
16.0 44.0 16.0 37.10574 39.06978 124.69297 260.0
17.0 3.0 3.0 83.21837 3.83493 88.0414 1190.0
17.0 3.0 17.0 122.82847 11.0149 94.58993 1190.0
17.0 7.0 7.0 121.67965 13.46399 56.88408 820.0
17.0 7.0 17.0 122.82847 11.0149 94.58993 820.0
17.0 10.0 10.0 97.07752 3.92379 61.09525 489.0
17.0 10.0 17.0 122.82847 11.0149 94.58993 489.0
17.0 15.0 15.0 145.12517 26.59051 64.65306 884.0
17.0 15.0 17.0 122.82847 11.0149 94.58993 884.0
17.0 17.0 17.0 122.82847 11.0149 94.58993 5037.0
17.0 17.0 17.0 122.82847 11.0149 94.58993 5037.0
17.0 18.0 18.0 159.1997 24.8333 93.91421 616.0
17.0 18.0 17.0 122.82847 11.0149 94.58993 616.0
17.0 19.0 19.0 66.37941 15.836 45.33209 2.0
17.0 19.0 17.0 122.82847 11.0149 94.58993 2.0
17.0 23.0 23.0 173.46534 43.56927 76.93275 10.0
17.0 23.0 17.0 122.82847 11.0149 94.58993 10.0
17.0 26.0 26.0 132.08333 45.1552 139.1381 81.0
17.0 26.0 17.0 122.82847 11.0149 94.58993 81.0
17.0 28.0 28.0 84.30759 38.95258 143.14527 8.0
17.0 28.0 17.0 122.82847 11.0149 94.58993 8.0
17.0 29.0 29.0 122.71659 20.58465 121.16104 1530.0
17.0 29.0 17.0 122.82847 11.0149 94.58993 1530.0
17.0 31.0 31.0 121.57708 38.96626 36.05504 5.0
17.0 31.0 17.0 122.82847 11.0149 94.58993 5.0
17.0 33.0 33.0 97.18675 49.96486 149.24285 3.0
17.0 33.0 17.0 122.82847 11.0149 94.58993 3.0
17.0 37.0 37.0 80.212 11.04878 113.78503 492.0
17.0 37.0 17.0 122.82847 11.0149 94.58993 492.0
17.0 40.0 40.0 83.26816 23.54008 42.41237 3.0
17.0 40.0 17.0 122.82847 11.0149 94.58993 3.0
17.0 44.0 44.0 70.24314 22.71965 131.34483 2.0
17.0 44.0 17.0 122.82847 11.0149 94.58993 2.0
17.0 47.0 47.0 164.18996 62.73947 126.12084 14.0
17.0 47.0 17.0 122.82847 11.0149 94.58993 14.0
18.0 3.0 3.0 83.21837 3.83493 88.0414 2.0
18.0 3.0 18.0 159.1997 24.8333 93.91421 2.0
18.0 7.0 7.0 121.67965 13.46399 56.88408 34.0
18.0 7.0 18.0 159.1997 24.8333 93.91421 34.0
18.0 12.0 12.0 179.79682 86.3099 84.6944 11.0
18.0 12.0 18.0 159.1997 24.8333 93.91421 11.0
18.0 15.0 15.0 145.12517 26.59051 64.65306 1127.0
18.0 15.0 18.0 159.1997 24.8333 93.91421 1127.0
18.0 17.0 17.0 122.82847 11.0149 94.58993 609.0
18.0 17.0 18.0 159.1997 24.8333 93.91421 609.0
18.0 18.0 18.0 159.1997 24.8333 93.91421 3252.0
18.0 18.0 18.0 159.1997 24.8333 93.91421 3252.0
18.0 23.0 23.0 173.46534 43.56927 76.93275 1024.0
18.0 23.0 18.0 159.1997 24.8333 93.91421 1024.0
18.0 25.0 25.0 182.83913 63.98194 100.27944 107.0
18.0 25.0 18.0 159.1997 24.8333 93.91421 107.0
18.0 26.0 26.0 132.08333 45.1552 139.1381 221.0
18.0 26.0 18.0 159.1997 24.8333 93.91421 221.0
18.0 29.0 29.0 122.71659 20.58465 121.16104 564.0
18.0 29.0 18.0 159.1997 24.8333 93.91421 564.0
18.0 31.0 31.0 121.57708 38.96626 36.05504 8.0
18.0 31.0 18.0 159.1997 24.8333 93.91421 8.0
18.0 32.0 32.0 156.98759 89.00331 57.96153 12.0
18.0 32.0 18.0 159.1997 24.8333 93.91421 12.0
18.0 47.0 47.0 164.18996 62.73947 126.12084 631.0
18.0 47.0 18.0 159.1997 24.8333 93.91421 631.0
19.0 1.0 1.0 66.25458 89.21988 7.46434 21.0
19.0 1.0 19.0 66.37941 15.836 45.33209 21.0
19.0 2.0 2.0 27.3815 25.33978 87.68593 14.0
19.0 2.0 19.0 66.37941 15.836 45.33209 14.0
19.0 3.0 3.0 83.21837 3.83493 88.0414 440.0
19.0 3.0 19.0 66.37941 15.836 45.33209 440.0
19.0 7.0 7.0 121.67965 13.46399 56.88408 8.0
19.0 7.0 19.0 66.37941 15.836 45.33209 8.0
19.0 8.0 8.0 108.16631 85.96981 38.6782 1.0
19.0 8.0 19.0 66.37941 15.836 45.33209 1.0
19.0 10.0 10.0 97.07752 3.92379 61.09525 586.0
19.0 10.0 19.0 66.37941 15.836 45.33209 586.0
19.0 11.0 11.0 48.523 14.12619 56.4802 1870.0
19.0 11.0 19.0 66.37941 15.836 45.33209 1870.0
19.0 13.0 13.0 21.78797 31.15428 56.4424 63.0
19.0 13.0 19.0 66.37941 15.836 45.33209 63.0
19.0 19.0 19.0 66.37941 15.836 45.33209 2167.0
19.0 19.0 19.0 66.37941 15.836 45.33209 2167.0
19.0 20.0 20.0 85.04458 53.72162 22.282 596.0
19.0 20.0 19.0 66.37941 15.836 45.33209 596.0
19.0 21.0 21.0 28.30431 78.09594 19.27578 13.0
19.0 21.0 19.0 66.37941 15.836 45.33209 13.0
19.0 31.0 31.0 121.57708 38.96626 36.05504 27.0
19.0 31.0 19.0 66.37941 15.836 45.33209 27.0
19.0 37.0 37.0 80.212 11.04878 113.78503 19.0
19.0 37.0 19.0 66.37941 15.836 45.33209 19.0
19.0 39.0 39.0 21.80793 50.16037 32.78641 200.0
19.0 39.0 19.0 66.37941 15.836 45.33209 200.0
19.0 40.0 40.0 83.26816 23.54008 42.41237 1628.0
19.0 40.0 19.0 66.37941 15.836 45.33209 1628.0
20.0 1.0 1.0 66.25458 89.21988 7.46434 2105.0
20.0 1.0 20.0 85.04458 53.72162 22.282 2105.0
20.0 7.0 7.0 121.67965 13.46399 56.88408 15.0
20.0 7.0 20.0 85.04458 53.72162 22.282 15.0
20.0 8.0 8.0 108.16631 85.96981 38.6782 3131.0
20.0 8.0 20.0 85.04458 53.72162 22.282 3131.0
20.0 10.0 10.0 97.07752 3.92379 61.09525 20.0
20.0 10.0 20.0 85.04458 53.72162 22.282 20.0
20.0 11.0 11.0 48.523 14.12619 56.4802 243.0
20.0 11.0 20.0 85.04458 53.72162 22.282 243.0
20.0 12.0 12.0 179.79682 86.3099 84.6944 1.0
20.0 12.0 20.0 85.04458 53.72162 22.282 1.0
20.0 13.0 13.0 21.78797 31.15428 56.4424 6.0
20.0 13.0 20.0 85.04458 53.72162 22.282 6.0
20.0 14.0 14.0 128.32263 116.03628 40.28616 5.0
20.0 14.0 20.0 85.04458 53.72162 22.282 5.0
20.0 15.0 15.0 145.12517 26.59051 64.65306 1.0
20.0 15.0 20.0 85.04458 53.72162 22.282 1.0
20.0 19.0 19.0 66.37941 15.836 45.33209 518.0
20.0 19.0 20.0 85.04458 53.72162 22.282 518.0
20.0 20.0 20.0 85.04458 53.72162 22.282 12537.0
20.0 20.0 20.0 85.04458 53.72162 22.282 12537.0
20.0 21.0 21.0 28.30431 78.09594 19.27578 243.0
20.0 21.0 20.0 85.04458 53.72162 22.282 243.0
20.0 31.0 31.0 121.57708 38.96626 36.05504 2037.0
20.0 31.0 20.0 85.04458 53.72162 22.282 2037.0
20.0 32.0 32.0 156.98759 89.00331 57.96153 7.0
20.0 32.0 20.0 85.04458 53.72162 22.282 7.0
20.0 39.0 39.0 21.80793 50.16037 32.78641 494.0
20.0 39.0 20.0 85.04458 53.72162 22.282 494.0
20.0 40.0 40.0 83.26816 23.54008 42.41237 1653.0
20.0 40.0 20.0 85.04458 53.72162 22.282 1653.0
20.0 45.0 45.0 35.07394 116.38677 28.62083 1.0
20.0 45.0 20.0 85.04458 53.72162 22.282 1.0
21.0 1.0 1.0 66.25458 89.21988 7.46434 1482.0
21.0 1.0 21.0 28.30431 78.09594 19.27578 1482.0
21.0 5.0 5.0 36.16845 130.04749 82.23775 11.0
21.0 5.0 21.0 28.30431 78.09594 19.27578 11.0
21.0 6.0 6.0 5.47771 84.80303 74.401 628.0
21.0 6.0 21.0 28.30431 78.09594 19.27578 628.0
21.0 11.0 11.0 48.523 14.12619 56.4802 38.0
21.0 11.0 21.0 28.30431 78.09594 19.27578 38.0
21.0 12.0 12.0 179.79682 86.3099 84.6944 1.0
21.0 12.0 21.0 28.30431 78.09594 19.27578 1.0
21.0 13.0 13.0 21.78797 31.15428 56.4424 9.0
21.0 13.0 21.0 28.30431 78.09594 19.27578 9.0
21.0 19.0 19.0 66.37941 15.836 45.33209 13.0
21.0 19.0 21.0 28.30431 78.09594 19.27578 13.0
21.0 20.0 20.0 85.04458 53.72162 22.282 266.0
21.0 20.0 21.0 28.30431 78.09594 19.27578 266.0
21.0 21.0 21.0 28.30431 78.09594 19.27578 6419.0
21.0 21.0 21.0 28.30431 78.09594 19.27578 6419.0
21.0 30.0 30.0 88.34193 139.93489 62.69739 1.0
21.0 30.0 21.0 28.30431 78.09594 19.27578 1.0
21.0 39.0 39.0 21.80793 50.16037 32.78641 2276.0
21.0 39.0 21.0 28.30431 78.09594 19.27578 2276.0
21.0 40.0 40.0 83.26816 23.54008 42.41237 3.0
21.0 40.0 21.0 28.30431 78.09594 19.27578 3.0
21.0 45.0 45.0 35.07394 116.38677 28.62083 1907.0
21.0 45.0 21.0 28.30431 78.09594 19.27578 1907.0
22.0 0.0 0.0 55.10986 48.90806 141.98338 662.0
22.0 0.0 22.0 25.07094 80.10921 119.42265 662.0
22.0 2.0 2.0 27.3815 25.33978 87.68593 73.0
22.0 2.0 22.0 25.07094 80.10921 119.42265 73.0
22.0 4.0 4.0 72.10249 108.39276 139.67689 458.0
22.0 4.0 22.0 25.07094 80.10921 119.42265 458.0
22.0 5.0 5.0 36.16845 130.04749 82.23775 1216.0
22.0 5.0 22.0 25.07094 80.10921 119.42265 1216.0
22.0 6.0 6.0 5.47771 84.80303 74.401 1839.0
22.0 6.0 22.0 25.07094 80.10921 119.42265 1839.0
22.0 13.0 13.0 21.78797 31.15428 56.4424 3.0
22.0 13.0 22.0 25.07094 80.10921 119.42265 3.0
22.0 16.0 16.0 37.10574 39.06978 124.69297 1243.0
22.0 16.0 22.0 25.07094 80.10921 119.42265 1243.0
22.0 22.0 22.0 25.07094 80.10921 119.42265 13940.0
22.0 22.0 22.0 25.07094 80.10921 119.42265 13940.0
22.0 27.0 27.0 18.70463 45.37525 103.71945 1291.0
22.0 27.0 22.0 25.07094 80.10921 119.42265 1291.0
22.0 28.0 28.0 84.30759 38.95258 143.14527 20.0
22.0 28.0 22.0 25.07094 80.10921 119.42265 20.0
22.0 33.0 33.0 97.18675 49.96486 149.24285 1.0
22.0 33.0 22.0 25.07094 80.10921 119.42265 1.0
22.0 36.0 36.0 51.17379 19.51243 119.71609 16.0
22.0 36.0 22.0 25.07094 80.10921 119.42265 16.0
22.0 37.0 37.0 80.212 11.04878 113.78503 1.0
22.0 37.0 22.0 25.07094 80.10921 119.42265 1.0
22.0 38.0 38.0 88.69892 68.43101 152.61372 28.0
22.0 38.0 22.0 25.07094 80.10921 119.42265 28.0
22.0 41.0 41.0 59.7881 126.03728 122.50232 748.0
22.0 41.0 22.0 25.07094 80.10921 119.42265 748.0
22.0 42.0 42.0 56.63208 85.26409 144.94827 1675.0
22.0 42.0 22.0 25.07094 80.10921 119.42265 1675.0
22.0 43.0 43.0 101.67416 137.73799 99.13439 1.0
22.0 43.0 22.0 25.07094 80.10921 119.42265 1.0
22.0 44.0 44.0 70.24314 22.71965 131.34483 2.0
22.0 44.0 22.0 25.07094 80.10921 119.42265 2.0
23.0 7.0 7.0 121.67965 13.46399 56.88408 12.0
23.0 7.0 23.0 173.46534 43.56927 76.93275 12.0
23.0 8.0 8.0 108.16631 85.96981 38.6782 5.0
23.0 8.0 23.0 173.46534 43.56927 76.93275 5.0
23.0 12.0 12.0 179.79682 86.3099 84.6944 599.0
23.0 12.0 23.0 173.46534 43.56927 76.93275 599.0
23.0 15.0 15.0 145.12517 26.59051 64.65306 781.0
23.0 15.0 23.0 173.46534 43.56927 76.93275 781.0
23.0 17.0 17.0 122.82847 11.0149 94.58993 5.0
23.0 17.0 23.0 173.46534 43.56927 76.93275 5.0
23.0 18.0 18.0 159.1997 24.8333 93.91421 1041.0
23.0 18.0 23.0 173.46534 43.56927 76.93275 1041.0
23.0 23.0 23.0 173.46534 43.56927 76.93275 3380.0
23.0 23.0 23.0 173.46534 43.56927 76.93275 3380.0
23.0 25.0 25.0 182.83913 63.98194 100.27944 779.0
23.0 25.0 23.0 173.46534 43.56927 76.93275 779.0
23.0 26.0 26.0 132.08333 45.1552 139.1381 11.0
23.0 26.0 23.0 173.46534 43.56927 76.93275 11.0
23.0 29.0 29.0 122.71659 20.58465 121.16104 11.0
23.0 29.0 23.0 173.46534 43.56927 76.93275 11.0
23.0 31.0 31.0 121.57708 38.96626 36.05504 109.0
23.0 31.0 23.0 173.46534 43.56927 76.93275 109.0
23.0 32.0 32.0 156.98759 89.00331 57.96153 515.0
23.0 32.0 23.0 173.46534 43.56927 76.93275 515.0
23.0 37.0 37.0 80.212 11.04878 113.78503 1.0
23.0 37.0 23.0 173.46534 43.56927 76.93275 1.0
23.0 47.0 47.0 164.18996 62.73947 126.12084 333.0
23.0 47.0 23.0 173.46534 43.56927 76.93275 333.0
24.0 0.0 0.0 55.10986 48.90806 141.98338 12.0
24.0 0.0 24.0 107.85712 87.22937 149.15085 12.0
24.0 4.0 4.0 72.10249 108.39276 139.67689 1511.0
24.0 4.0 24.0 107.85712 87.22937 149.15085 1511.0
24.0 9.0 9.0 78.61323 139.92618 102.65117 26.0
24.0 9.0 24.0 107.85712 87.22937 149.15085 26.0
24.0 22.0 22.0 25.07094 80.10921 119.42265 1.0
24.0 22.0 24.0 107.85712 87.22937 149.15085 1.0
24.0 24.0 24.0 107.85712 87.22937 149.15085 8949.0
24.0 24.0 24.0 107.85712 87.22937 149.15085 8949.0
24.0 26.0 26.0 132.08333 45.1552 139.1381 925.0
24.0 26.0 24.0 107.85712 87.22937 149.15085 925.0
24.0 28.0 28.0 84.30759 38.95258 143.14527 38.0
24.0 28.0 24.0 107.85712 87.22937 149.15085 38.0
24.0 30.0 30.0 88.34193 139.93489 62.69739 1.0
24.0 30.0 24.0 107.85712 87.22937 149.15085 1.0
24.0 33.0 33.0 97.18675 49.96486 149.24285 473.0
24.0 33.0 24.0 107.85712 87.22937 149.15085 473.0
24.0 34.0 34.0 127.80144 111.22798 129.60203 2641.0
24.0 34.0 24.0 107.85712 87.22937 149.15085 2641.0
24.0 35.0 35.0 147.77026 121.16322 95.60693 3.0
24.0 35.0 24.0 107.85712 87.22937 149.15085 3.0
24.0 38.0 38.0 88.69892 68.43101 152.61372 1927.0
24.0 38.0 24.0 107.85712 87.22937 149.15085 1927.0
24.0 41.0 41.0 59.7881 126.03728 122.50232 81.0
24.0 41.0 24.0 107.85712 87.22937 149.15085 81.0
24.0 42.0 42.0 56.63208 85.26409 144.94827 504.0
24.0 42.0 24.0 107.85712 87.22937 149.15085 504.0
24.0 43.0 43.0 101.67416 137.73799 99.13439 8.0
24.0 43.0 24.0 107.85712 87.22937 149.15085 8.0
24.0 44.0 44.0 70.24314 22.71965 131.34483 1.0
24.0 44.0 24.0 107.85712 87.22937 149.15085 1.0
24.0 47.0 47.0 164.18996 62.73947 126.12084 211.0
24.0 47.0 24.0 107.85712 87.22937 149.15085 211.0
25.0 7.0 7.0 121.67965 13.46399 56.88408 1.0
25.0 7.0 25.0 182.83913 63.98194 100.27944 1.0
25.0 12.0 12.0 179.79682 86.3099 84.6944 1210.0
25.0 12.0 25.0 182.83913 63.98194 100.27944 1210.0
25.0 15.0 15.0 145.12517 26.59051 64.65306 8.0
25.0 15.0 25.0 182.83913 63.98194 100.27944 8.0
25.0 18.0 18.0 159.1997 24.8333 93.91421 115.0
25.0 18.0 25.0 182.83913 63.98194 100.27944 115.0
25.0 23.0 23.0 173.46534 43.56927 76.93275 748.0
25.0 23.0 25.0 182.83913 63.98194 100.27944 748.0
25.0 25.0 25.0 182.83913 63.98194 100.27944 2255.0
25.0 25.0 25.0 182.83913 63.98194 100.27944 2255.0
25.0 26.0 26.0 132.08333 45.1552 139.1381 5.0
25.0 26.0 25.0 182.83913 63.98194 100.27944 5.0
25.0 29.0 29.0 122.71659 20.58465 121.16104 1.0
25.0 29.0 25.0 182.83913 63.98194 100.27944 1.0
25.0 32.0 32.0 156.98759 89.00331 57.96153 43.0
25.0 32.0 25.0 182.83913 63.98194 100.27944 43.0
25.0 34.0 34.0 127.80144 111.22798 129.60203 27.0
25.0 34.0 25.0 182.83913 63.98194 100.27944 27.0
25.0 35.0 35.0 147.77026 121.16322 95.60693 75.0
25.0 35.0 25.0 182.83913 63.98194 100.27944 75.0
25.0 47.0 47.0 164.18996 62.73947 126.12084 1222.0
25.0 47.0 25.0 182.83913 63.98194 100.27944 1222.0
26.0 0.0 0.0 55.10986 48.90806 141.98338 2.0
26.0 0.0 26.0 132.08333 45.1552 139.1381 2.0
26.0 3.0 3.0 83.21837 3.83493 88.0414 2.0
26.0 3.0 26.0 132.08333 45.1552 139.1381 2.0
26.0 17.0 17.0 122.82847 11.0149 94.58993 100.0
26.0 17.0 26.0 132.08333 45.1552 139.1381 100.0
26.0 18.0 18.0 159.1997 24.8333 93.91421 250.0
26.0 18.0 26.0 132.08333 45.1552 139.1381 250.0
26.0 23.0 23.0 173.46534 43.56927 76.93275 8.0
26.0 23.0 26.0 132.08333 45.1552 139.1381 8.0
26.0 24.0 24.0 107.85712 87.22937 149.15085 974.0
26.0 24.0 26.0 132.08333 45.1552 139.1381 974.0
26.0 25.0 25.0 182.83913 63.98194 100.27944 4.0
26.0 25.0 26.0 132.08333 45.1552 139.1381 4.0
26.0 26.0 26.0 132.08333 45.1552 139.1381 8054.0
26.0 26.0 26.0 132.08333 45.1552 139.1381 8054.0
26.0 28.0 28.0 84.30759 38.95258 143.14527 426.0
26.0 28.0 26.0 132.08333 45.1552 139.1381 426.0
26.0 29.0 29.0 122.71659 20.58465 121.16104 1886.0
26.0 29.0 26.0 132.08333 45.1552 139.1381 1886.0
26.0 33.0 33.0 97.18675 49.96486 149.24285 1088.0
26.0 33.0 26.0 132.08333 45.1552 139.1381 1088.0
26.0 34.0 34.0 127.80144 111.22798 129.60203 291.0
26.0 34.0 26.0 132.08333 45.1552 139.1381 291.0
26.0 35.0 35.0 147.77026 121.16322 95.60693 1.0
26.0 35.0 26.0 132.08333 45.1552 139.1381 1.0
26.0 37.0 37.0 80.212 11.04878 113.78503 117.0
26.0 37.0 26.0 132.08333 45.1552 139.1381 117.0
26.0 38.0 38.0 88.69892 68.43101 152.61372 387.0
26.0 38.0 26.0 132.08333 45.1552 139.1381 387.0
26.0 44.0 44.0 70.24314 22.71965 131.34483 12.0
26.0 44.0 26.0 132.08333 45.1552 139.1381 12.0
26.0 47.0 47.0 164.18996 62.73947 126.12084 1714.0
26.0 47.0 26.0 132.08333 45.1552 139.1381 1714.0
27.0 0.0 0.0 55.10986 48.90806 141.98338 44.0
27.0 0.0 27.0 18.70463 45.37525 103.71945 44.0
27.0 2.0 2.0 27.3815 25.33978 87.68593 1629.0
27.0 2.0 27.0 18.70463 45.37525 103.71945 1629.0
27.0 5.0 5.0 36.16845 130.04749 82.23775 1.0
27.0 5.0 27.0 18.70463 45.37525 103.71945 1.0
27.0 6.0 6.0 5.47771 84.80303 74.401 778.0
27.0 6.0 27.0 18.70463 45.37525 103.71945 778.0
27.0 11.0 11.0 48.523 14.12619 56.4802 12.0
27.0 11.0 27.0 18.70463 45.37525 103.71945 12.0
27.0 13.0 13.0 21.78797 31.15428 56.4424 114.0
27.0 13.0 27.0 18.70463 45.37525 103.71945 114.0
27.0 16.0 16.0 37.10574 39.06978 124.69297 1227.0
27.0 16.0 27.0 18.70463 45.37525 103.71945 1227.0
27.0 22.0 22.0 25.07094 80.10921 119.42265 1337.0
27.0 22.0 27.0 18.70463 45.37525 103.71945 1337.0
27.0 27.0 27.0 18.70463 45.37525 103.71945 3368.0
27.0 27.0 27.0 18.70463 45.37525 103.71945 3368.0
27.0 36.0 36.0 51.17379 19.51243 119.71609 110.0
27.0 36.0 27.0 18.70463 45.37525 103.71945 110.0
27.0 37.0 37.0 80.212 11.04878 113.78503 9.0
27.0 37.0 27.0 18.70463 45.37525 103.71945 9.0
27.0 39.0 39.0 21.80793 50.16037 32.78641 21.0
27.0 39.0 27.0 18.70463 45.37525 103.71945 21.0
27.0 42.0 42.0 56.63208 85.26409 144.94827 1.0
27.0 42.0 27.0 18.70463 45.37525 103.71945 1.0
27.0 44.0 44.0 70.24314 22.71965 131.34483 7.0
27.0 44.0 27.0 18.70463 45.37525 103.71945 7.0
28.0 0.0 0.0 55.10986 48.90806 141.98338 1065.0
28.0 0.0 28.0 84.30759 38.95258 143.14527 1065.0
28.0 3.0 3.0 83.21837 3.83493 88.0414 9.0
28.0 3.0 28.0 84.30759 38.95258 143.14527 9.0
28.0 4.0 4.0 72.10249 108.39276 139.67689 3.0
28.0 4.0 28.0 84.30759 38.95258 143.14527 3.0
28.0 16.0 16.0 37.10574 39.06978 124.69297 43.0
28.0 16.0 28.0 84.30759 38.95258 143.14527 43.0
28.0 17.0 17.0 122.82847 11.0149 94.58993 11.0
28.0 17.0 28.0 84.30759 38.95258 143.14527 11.0
28.0 22.0 22.0 25.07094 80.10921 119.42265 11.0
28.0 22.0 28.0 84.30759 38.95258 143.14527 11.0
28.0 24.0 24.0 107.85712 87.22937 149.15085 42.0
28.0 24.0 28.0 84.30759 38.95258 143.14527 42.0
28.0 26.0 26.0 132.08333 45.1552 139.1381 395.0
28.0 26.0 28.0 84.30759 38.95258 143.14527 395.0
28.0 28.0 28.0 84.30759 38.95258 143.14527 3203.0
28.0 28.0 28.0 84.30759 38.95258 143.14527 3203.0
28.0 29.0 29.0 122.71659 20.58465 121.16104 492.0
28.0 29.0 28.0 84.30759 38.95258 143.14527 492.0
28.0 33.0 33.0 97.18675 49.96486 149.24285 1621.0
28.0 33.0 28.0 84.30759 38.95258 143.14527 1621.0
28.0 36.0 36.0 51.17379 19.51243 119.71609 79.0
28.0 36.0 28.0 84.30759 38.95258 143.14527 79.0
28.0 37.0 37.0 80.212 11.04878 113.78503 740.0
28.0 37.0 28.0 84.30759 38.95258 143.14527 740.0
28.0 38.0 38.0 88.69892 68.43101 152.61372 574.0
28.0 38.0 28.0 84.30759 38.95258 143.14527 574.0
28.0 42.0 42.0 56.63208 85.26409 144.94827 175.0
28.0 42.0 28.0 84.30759 38.95258 143.14527 175.0
28.0 44.0 44.0 70.24314 22.71965 131.34483 882.0
28.0 44.0 28.0 84.30759 38.95258 143.14527 882.0
29.0 0.0 0.0 55.10986 48.90806 141.98338 2.0
29.0 0.0 29.0 122.71659 20.58465 121.16104 2.0
29.0 3.0 3.0 83.21837 3.83493 88.0414 203.0
29.0 3.0 29.0 122.71659 20.58465 121.16104 203.0
29.0 7.0 7.0 121.67965 13.46399 56.88408 7.0
29.0 7.0 29.0 122.71659 20.58465 121.16104 7.0
29.0 10.0 10.0 97.07752 3.92379 61.09525 1.0
29.0 10.0 29.0 122.71659 20.58465 121.16104 1.0
29.0 15.0 15.0 145.12517 26.59051 64.65306 62.0
29.0 15.0 29.0 122.71659 20.58465 121.16104 62.0
29.0 17.0 17.0 122.82847 11.0149 94.58993 1598.0
29.0 17.0 29.0 122.71659 20.58465 121.16104 1598.0
29.0 18.0 18.0 159.1997 24.8333 93.91421 531.0
29.0 18.0 29.0 122.71659 20.58465 121.16104 531.0
29.0 23.0 23.0 173.46534 43.56927 76.93275 15.0
29.0 23.0 29.0 122.71659 20.58465 121.16104 15.0
29.0 24.0 24.0 107.85712 87.22937 149.15085 1.0
29.0 24.0 29.0 122.71659 20.58465 121.16104 1.0
29.0 25.0 25.0 182.83913 63.98194 100.27944 1.0
29.0 25.0 29.0 122.71659 20.58465 121.16104 1.0
29.0 26.0 26.0 132.08333 45.1552 139.1381 1824.0
29.0 26.0 29.0 122.71659 20.58465 121.16104 1824.0
29.0 28.0 28.0 84.30759 38.95258 143.14527 478.0
29.0 28.0 29.0 122.71659 20.58465 121.16104 478.0
29.0 29.0 29.0 122.71659 20.58465 121.16104 4803.0
29.0 29.0 29.0 122.71659 20.58465 121.16104 4803.0
29.0 33.0 33.0 97.18675 49.96486 149.24285 176.0
29.0 33.0 29.0 122.71659 20.58465 121.16104 176.0
29.0 36.0 36.0 51.17379 19.51243 119.71609 1.0
29.0 36.0 29.0 122.71659 20.58465 121.16104 1.0
29.0 37.0 37.0 80.212 11.04878 113.78503 1171.0
29.0 37.0 29.0 122.71659 20.58465 121.16104 1171.0
29.0 38.0 38.0 88.69892 68.43101 152.61372 4.0
29.0 38.0 29.0 122.71659 20.58465 121.16104 4.0
29.0 44.0 44.0 70.24314 22.71965 131.34483 70.0
29.0 44.0 29.0 122.71659 20.58465 121.16104 70.0
29.0 46.0 46.0 114.48484 130.24483 52.69771 1.0
29.0 46.0 29.0 122.71659 20.58465 121.16104 1.0
29.0 47.0 47.0 164.18996 62.73947 126.12084 228.0
29.0 47.0 29.0 122.71659 20.58465 121.16104 228.0
30.0 1.0 1.0 66.25458 89.21988 7.46434 329.0
30.0 1.0 30.0 88.34193 139.93489 62.69739 329.0
30.0 5.0 5.0 36.16845 130.04749 82.23775 1679.0
30.0 5.0 30.0 88.34193 139.93489 62.69739 1679.0
30.0 8.0 8.0 108.16631 85.96981 38.6782 614.0
30.0 8.0 30.0 88.34193 139.93489 62.69739 614.0
30.0 9.0 9.0 78.61323 139.92618 102.65117 1111.0
30.0 9.0 30.0 88.34193 139.93489 62.69739 1111.0
30.0 14.0 14.0 128.32263 116.03628 40.28616 225.0
30.0 14.0 30.0 88.34193 139.93489 62.69739 225.0
30.0 23.0 23.0 173.46534 43.56927 76.93275 1.0
30.0 23.0 30.0 88.34193 139.93489 62.69739 1.0
30.0 30.0 30.0 88.34193 139.93489 62.69739 15005.0
30.0 30.0 30.0 88.34193 139.93489 62.69739 15005.0
30.0 32.0 32.0 156.98759 89.00331 57.96153 5.0
30.0 32.0 30.0 88.34193 139.93489 62.69739 5.0
30.0 34.0 34.0 127.80144 111.22798 129.60203 75.0
30.0 34.0 30.0 88.34193 139.93489 62.69739 75.0
30.0 35.0 35.0 147.77026 121.16322 95.60693 719.0
30.0 35.0 30.0 88.34193 139.93489 62.69739 719.0
30.0 41.0 41.0 59.7881 126.03728 122.50232 17.0
30.0 41.0 30.0 88.34193 139.93489 62.69739 17.0
30.0 43.0 43.0 101.67416 137.73799 99.13439 2227.0
30.0 43.0 30.0 88.34193 139.93489 62.69739 2227.0
30.0 45.0 45.0 35.07394 116.38677 28.62083 741.0
30.0 45.0 30.0 88.34193 139.93489 62.69739 741.0
30.0 46.0 46.0 114.48484 130.24483 52.69771 3415.0
30.0 46.0 30.0 88.34193 139.93489 62.69739 3415.0
31.0 1.0 1.0 66.25458 89.21988 7.46434 1.0
31.0 1.0 31.0 121.57708 38.96626 36.05504 1.0
31.0 3.0 3.0 83.21837 3.83493 88.0414 1.0
31.0 3.0 31.0 121.57708 38.96626 36.05504 1.0
31.0 7.0 7.0 121.67965 13.46399 56.88408 1626.0
31.0 7.0 31.0 121.57708 38.96626 36.05504 1626.0
31.0 8.0 8.0 108.16631 85.96981 38.6782 1978.0
31.0 8.0 31.0 121.57708 38.96626 36.05504 1978.0
31.0 10.0 10.0 97.07752 3.92379 61.09525 381.0
31.0 10.0 31.0 121.57708 38.96626 36.05504 381.0
31.0 11.0 11.0 48.523 14.12619 56.4802 3.0
31.0 11.0 31.0 121.57708 38.96626 36.05504 3.0
31.0 12.0 12.0 179.79682 86.3099 84.6944 7.0
31.0 12.0 31.0 121.57708 38.96626 36.05504 7.0
31.0 14.0 14.0 128.32263 116.03628 40.28616 5.0
31.0 14.0 31.0 121.57708 38.96626 36.05504 5.0
31.0 15.0 15.0 145.12517 26.59051 64.65306 1420.0
31.0 15.0 31.0 121.57708 38.96626 36.05504 1420.0
31.0 17.0 17.0 122.82847 11.0149 94.58993 6.0
31.0 17.0 31.0 121.57708 38.96626 36.05504 6.0
31.0 18.0 18.0 159.1997 24.8333 93.91421 8.0
31.0 18.0 31.0 121.57708 38.96626 36.05504 8.0
31.0 19.0 19.0 66.37941 15.836 45.33209 34.0
31.0 19.0 31.0 121.57708 38.96626 36.05504 34.0
31.0 20.0 20.0 85.04458 53.72162 22.282 2102.0
31.0 20.0 31.0 121.57708 38.96626 36.05504 2102.0
31.0 23.0 23.0 173.46534 43.56927 76.93275 112.0
31.0 23.0 31.0 121.57708 38.96626 36.05504 112.0
31.0 31.0 31.0 121.57708 38.96626 36.05504 12032.0
31.0 31.0 31.0 121.57708 38.96626 36.05504 12032.0
31.0 32.0 32.0 156.98759 89.00331 57.96153 565.0
31.0 32.0 31.0 121.57708 38.96626 36.05504 565.0
31.0 40.0 40.0 83.26816 23.54008 42.41237 981.0
31.0 40.0 31.0 121.57708 38.96626 36.05504 981.0
31.0 45.0 45.0 35.07394 116.38677 28.62083 1.0
31.0 45.0 31.0 121.57708 38.96626 36.05504 1.0
32.0 7.0 7.0 121.67965 13.46399 56.88408 3.0
32.0 7.0 32.0 156.98759 89.00331 57.96153 3.0
32.0 8.0 8.0 108.16631 85.96981 38.6782 1603.0
32.0 8.0 32.0 156.98759 89.00331 57.96153 1603.0
32.0 12.0 12.0 179.79682 86.3099 84.6944 1685.0
32.0 12.0 32.0 156.98759 89.00331 57.96153 1685.0
32.0 14.0 14.0 128.32263 116.03628 40.28616 1448.0
32.0 14.0 32.0 156.98759 89.00331 57.96153 1448.0
32.0 15.0 15.0 145.12517 26.59051 64.65306 385.0
32.0 15.0 32.0 156.98759 89.00331 57.96153 385.0
32.0 18.0 18.0 159.1997 24.8333 93.91421 9.0
32.0 18.0 32.0 156.98759 89.00331 57.96153 9.0
32.0 20.0 20.0 85.04458 53.72162 22.282 7.0
32.0 20.0 32.0 156.98759 89.00331 57.96153 7.0
32.0 23.0 23.0 173.46534 43.56927 76.93275 457.0
32.0 23.0 32.0 156.98759 89.00331 57.96153 457.0
32.0 25.0 25.0 182.83913 63.98194 100.27944 49.0
32.0 25.0 32.0 156.98759 89.00331 57.96153 49.0
32.0 30.0 30.0 88.34193 139.93489 62.69739 6.0
32.0 30.0 32.0 156.98759 89.00331 57.96153 6.0
32.0 31.0 31.0 121.57708 38.96626 36.05504 575.0
32.0 31.0 32.0 156.98759 89.00331 57.96153 575.0
32.0 32.0 32.0 156.98759 89.00331 57.96153 9408.0
32.0 32.0 32.0 156.98759 89.00331 57.96153 9408.0
32.0 35.0 35.0 147.77026 121.16322 95.60693 938.0
32.0 35.0 32.0 156.98759 89.00331 57.96153 938.0
32.0 46.0 46.0 114.48484 130.24483 52.69771 286.0
32.0 46.0 32.0 156.98759 89.00331 57.96153 286.0
32.0 47.0 47.0 164.18996 62.73947 126.12084 1.0
32.0 47.0 32.0 156.98759 89.00331 57.96153 1.0
33.0 0.0 0.0 55.10986 48.90806 141.98338 235.0
33.0 0.0 33.0 97.18675 49.96486 149.24285 235.0
33.0 4.0 4.0 72.10249 108.39276 139.67689 5.0
33.0 4.0 33.0 97.18675 49.96486 149.24285 5.0
33.0 16.0 16.0 37.10574 39.06978 124.69297 4.0
33.0 16.0 33.0 97.18675 49.96486 149.24285 4.0
33.0 17.0 17.0 122.82847 11.0149 94.58993 3.0
33.0 17.0 33.0 97.18675 49.96486 149.24285 3.0
33.0 22.0 22.0 25.07094 80.10921 119.42265 3.0
33.0 22.0 33.0 97.18675 49.96486 149.24285 3.0
33.0 24.0 24.0 107.85712 87.22937 149.15085 487.0
33.0 24.0 33.0 97.18675 49.96486 149.24285 487.0
33.0 26.0 26.0 132.08333 45.1552 139.1381 1184.0
33.0 26.0 33.0 97.18675 49.96486 149.24285 1184.0
33.0 28.0 28.0 84.30759 38.95258 143.14527 1516.0
33.0 28.0 33.0 97.18675 49.96486 149.24285 1516.0
33.0 29.0 29.0 122.71659 20.58465 121.16104 186.0
33.0 29.0 33.0 97.18675 49.96486 149.24285 186.0
33.0 33.0 33.0 97.18675 49.96486 149.24285 2689.0
33.0 33.0 33.0 97.18675 49.96486 149.24285 2689.0
33.0 34.0 34.0 127.80144 111.22798 129.60203 4.0
33.0 34.0 33.0 97.18675 49.96486 149.24285 4.0
33.0 36.0 36.0 51.17379 19.51243 119.71609 1.0
33.0 36.0 33.0 97.18675 49.96486 149.24285 1.0
33.0 37.0 37.0 80.212 11.04878 113.78503 91.0
33.0 37.0 33.0 97.18675 49.96486 149.24285 91.0
33.0 38.0 38.0 88.69892 68.43101 152.61372 1578.0
33.0 38.0 33.0 97.18675 49.96486 149.24285 1578.0
33.0 42.0 42.0 56.63208 85.26409 144.94827 135.0
33.0 42.0 33.0 97.18675 49.96486 149.24285 135.0
33.0 44.0 44.0 70.24314 22.71965 131.34483 99.0
33.0 44.0 33.0 97.18675 49.96486 149.24285 99.0
33.0 47.0 47.0 164.18996 62.73947 126.12084 4.0
33.0 47.0 33.0 97.18675 49.96486 149.24285 4.0
34.0 4.0 4.0 72.10249 108.39276 139.67689 943.0
34.0 4.0 34.0 127.80144 111.22798 129.60203 943.0
34.0 5.0 5.0 36.16845 130.04749 82.23775 1.0
34.0 5.0 34.0 127.80144 111.22798 129.60203 1.0
34.0 9.0 9.0 78.61323 139.92618 102.65117 595.0
34.0 9.0 34.0 127.80144 111.22798 129.60203 595.0
34.0 12.0 12.0 179.79682 86.3099 84.6944 81.0
34.0 12.0 34.0 127.80144 111.22798 129.60203 81.0
34.0 14.0 14.0 128.32263 116.03628 40.28616 3.0
34.0 14.0 34.0 127.80144 111.22798 129.60203 3.0
34.0 24.0 24.0 107.85712 87.22937 149.15085 2594.0
34.0 24.0 34.0 127.80144 111.22798 129.60203 2594.0
34.0 25.0 25.0 182.83913 63.98194 100.27944 22.0
34.0 25.0 34.0 127.80144 111.22798 129.60203 22.0
34.0 26.0 26.0 132.08333 45.1552 139.1381 301.0
34.0 26.0 34.0 127.80144 111.22798 129.60203 301.0
34.0 30.0 30.0 88.34193 139.93489 62.69739 79.0
34.0 30.0 34.0 127.80144 111.22798 129.60203 79.0
34.0 32.0 32.0 156.98759 89.00331 57.96153 3.0
34.0 32.0 34.0 127.80144 111.22798 129.60203 3.0
34.0 33.0 33.0 97.18675 49.96486 149.24285 6.0
34.0 33.0 34.0 127.80144 111.22798 129.60203 6.0
34.0 34.0 34.0 127.80144 111.22798 129.60203 17192.0
34.0 34.0 34.0 127.80144 111.22798 129.60203 17192.0
34.0 35.0 35.0 147.77026 121.16322 95.60693 2575.0
34.0 35.0 34.0 127.80144 111.22798 129.60203 2575.0
34.0 38.0 38.0 88.69892 68.43101 152.61372 26.0
34.0 38.0 34.0 127.80144 111.22798 129.60203 26.0
34.0 41.0 41.0 59.7881 126.03728 122.50232 408.0
34.0 41.0 34.0 127.80144 111.22798 129.60203 408.0
34.0 42.0 42.0 56.63208 85.26409 144.94827 7.0
34.0 42.0 34.0 127.80144 111.22798 129.60203 7.0
34.0 43.0 43.0 101.67416 137.73799 99.13439 1438.0
34.0 43.0 34.0 127.80144 111.22798 129.60203 1438.0
34.0 46.0 46.0 114.48484 130.24483 52.69771 13.0
34.0 46.0 34.0 127.80144 111.22798 129.60203 13.0
34.0 47.0 47.0 164.18996 62.73947 126.12084 1187.0
34.0 47.0 34.0 127.80144 111.22798 129.60203 1187.0
35.0 8.0 8.0 108.16631 85.96981 38.6782 4.0
35.0 8.0 35.0 147.77026 121.16322 95.60693 4.0
35.0 9.0 9.0 78.61323 139.92618 102.65117 21.0
35.0 9.0 35.0 147.77026 121.16322 95.60693 21.0
35.0 12.0 12.0 179.79682 86.3099 84.6944 1142.0
35.0 12.0 35.0 147.77026 121.16322 95.60693 1142.0
35.0 14.0 14.0 128.32263 116.03628 40.28616 323.0
35.0 14.0 35.0 147.77026 121.16322 95.60693 323.0
35.0 24.0 24.0 107.85712 87.22937 149.15085 3.0
35.0 24.0 35.0 147.77026 121.16322 95.60693 3.0
35.0 25.0 25.0 182.83913 63.98194 100.27944 84.0
35.0 25.0 35.0 147.77026 121.16322 95.60693 84.0
35.0 26.0 26.0 132.08333 45.1552 139.1381 1.0
35.0 26.0 35.0 147.77026 121.16322 95.60693 1.0
35.0 28.0 28.0 84.30759 38.95258 143.14527 1.0
35.0 28.0 35.0 147.77026 121.16322 95.60693 1.0
35.0 30.0 30.0 88.34193 139.93489 62.69739 720.0
35.0 30.0 35.0 147.77026 121.16322 95.60693 720.0
35.0 32.0 32.0 156.98759 89.00331 57.96153 911.0
35.0 32.0 35.0 147.77026 121.16322 95.60693 911.0
35.0 34.0 34.0 127.80144 111.22798 129.60203 2701.0
35.0 34.0 35.0 147.77026 121.16322 95.60693 2701.0
35.0 35.0 35.0 147.77026 121.16322 95.60693 11483.0
35.0 35.0 35.0 147.77026 121.16322 95.60693 11483.0
35.0 43.0 43.0 101.67416 137.73799 99.13439 848.0
35.0 43.0 35.0 147.77026 121.16322 95.60693 848.0
35.0 46.0 46.0 114.48484 130.24483 52.69771 1176.0
35.0 46.0 35.0 147.77026 121.16322 95.60693 1176.0
35.0 47.0 47.0 164.18996 62.73947 126.12084 318.0
35.0 47.0 35.0 147.77026 121.16322 95.60693 318.0
36.0 0.0 0.0 55.10986 48.90806 141.98338 465.0
36.0 0.0 36.0 51.17379 19.51243 119.71609 465.0
36.0 2.0 2.0 27.3815 25.33978 87.68593 494.0
36.0 2.0 36.0 51.17379 19.51243 119.71609 494.0
36.0 3.0 3.0 83.21837 3.83493 88.0414 147.0
36.0 3.0 36.0 51.17379 19.51243 119.71609 147.0
36.0 11.0 11.0 48.523 14.12619 56.4802 73.0
36.0 11.0 36.0 51.17379 19.51243 119.71609 73.0
36.0 16.0 16.0 37.10574 39.06978 124.69297 989.0
36.0 16.0 36.0 51.17379 19.51243 119.71609 989.0
36.0 22.0 22.0 25.07094 80.10921 119.42265 9.0
36.0 22.0 36.0 51.17379 19.51243 119.71609 9.0
36.0 27.0 27.0 18.70463 45.37525 103.71945 81.0
36.0 27.0 36.0 51.17379 19.51243 119.71609 81.0
36.0 28.0 28.0 84.30759 38.95258 143.14527 86.0
36.0 28.0 36.0 51.17379 19.51243 119.71609 86.0
36.0 33.0 33.0 97.18675 49.96486 149.24285 5.0
36.0 33.0 36.0 51.17379 19.51243 119.71609 5.0
36.0 36.0 36.0 51.17379 19.51243 119.71609 1530.0
36.0 36.0 36.0 51.17379 19.51243 119.71609 1530.0
36.0 37.0 37.0 80.212 11.04878 113.78503 947.0
36.0 37.0 36.0 51.17379 19.51243 119.71609 947.0
36.0 38.0 38.0 88.69892 68.43101 152.61372 1.0
36.0 38.0 36.0 51.17379 19.51243 119.71609 1.0
36.0 42.0 42.0 56.63208 85.26409 144.94827 3.0
36.0 42.0 36.0 51.17379 19.51243 119.71609 3.0
36.0 44.0 44.0 70.24314 22.71965 131.34483 775.0
36.0 44.0 36.0 51.17379 19.51243 119.71609 775.0
37.0 0.0 0.0 55.10986 48.90806 141.98338 74.0
37.0 0.0 37.0 80.212 11.04878 113.78503 74.0
37.0 2.0 2.0 27.3815 25.33978 87.68593 362.0
37.0 2.0 37.0 80.212 11.04878 113.78503 362.0
37.0 3.0 3.0 83.21837 3.83493 88.0414 2536.0
37.0 3.0 37.0 80.212 11.04878 113.78503 2536.0
37.0 7.0 7.0 121.67965 13.46399 56.88408 4.0
37.0 7.0 37.0 80.212 11.04878 113.78503 4.0
37.0 10.0 10.0 97.07752 3.92379 61.09525 55.0
37.0 10.0 37.0 80.212 11.04878 113.78503 55.0
37.0 11.0 11.0 48.523 14.12619 56.4802 259.0
37.0 11.0 37.0 80.212 11.04878 113.78503 259.0
37.0 13.0 13.0 21.78797 31.15428 56.4424 3.0
37.0 13.0 37.0 80.212 11.04878 113.78503 3.0
37.0 16.0 16.0 37.10574 39.06978 124.69297 149.0
37.0 16.0 37.0 80.212 11.04878 113.78503 149.0
37.0 17.0 17.0 122.82847 11.0149 94.58993 512.0
37.0 17.0 37.0 80.212 11.04878 113.78503 512.0
37.0 18.0 18.0 159.1997 24.8333 93.91421 2.0
37.0 18.0 37.0 80.212 11.04878 113.78503 2.0
37.0 19.0 19.0 66.37941 15.836 45.33209 14.0
37.0 19.0 37.0 80.212 11.04878 113.78503 14.0
37.0 26.0 26.0 132.08333 45.1552 139.1381 109.0
37.0 26.0 37.0 80.212 11.04878 113.78503 109.0
37.0 27.0 27.0 18.70463 45.37525 103.71945 11.0
37.0 27.0 37.0 80.212 11.04878 113.78503 11.0
37.0 28.0 28.0 84.30759 38.95258 143.14527 752.0
37.0 28.0 37.0 80.212 11.04878 113.78503 752.0
37.0 29.0 29.0 122.71659 20.58465 121.16104 1139.0
37.0 29.0 37.0 80.212 11.04878 113.78503 1139.0
37.0 33.0 33.0 97.18675 49.96486 149.24285 102.0
37.0 33.0 37.0 80.212 11.04878 113.78503 102.0
37.0 36.0 36.0 51.17379 19.51243 119.71609 876.0
37.0 36.0 37.0 80.212 11.04878 113.78503 876.0
37.0 37.0 37.0 80.212 11.04878 113.78503 8034.0
37.0 37.0 37.0 80.212 11.04878 113.78503 8034.0
37.0 38.0 38.0 88.69892 68.43101 152.61372 1.0
37.0 38.0 37.0 80.212 11.04878 113.78503 1.0
37.0 40.0 40.0 83.26816 23.54008 42.41237 1.0
37.0 40.0 37.0 80.212 11.04878 113.78503 1.0
37.0 44.0 44.0 70.24314 22.71965 131.34483 1512.0
37.0 44.0 37.0 80.212 11.04878 113.78503 1512.0
38.0 0.0 0.0 55.10986 48.90806 141.98338 419.0
38.0 0.0 38.0 88.69892 68.43101 152.61372 419.0
38.0 4.0 4.0 72.10249 108.39276 139.67689 243.0
38.0 4.0 38.0 88.69892 68.43101 152.61372 243.0
38.0 16.0 16.0 37.10574 39.06978 124.69297 15.0
38.0 16.0 38.0 88.69892 68.43101 152.61372 15.0
38.0 22.0 22.0 25.07094 80.10921 119.42265 23.0
38.0 22.0 38.0 88.69892 68.43101 152.61372 23.0
38.0 24.0 24.0 107.85712 87.22937 149.15085 2005.0
38.0 24.0 38.0 88.69892 68.43101 152.61372 2005.0
38.0 26.0 26.0 132.08333 45.1552 139.1381 384.0
38.0 26.0 38.0 88.69892 68.43101 152.61372 384.0
38.0 28.0 28.0 84.30759 38.95258 143.14527 595.0
38.0 28.0 38.0 88.69892 68.43101 152.61372 595.0
38.0 29.0 29.0 122.71659 20.58465 121.16104 6.0
38.0 29.0 38.0 88.69892 68.43101 152.61372 6.0
38.0 33.0 33.0 97.18675 49.96486 149.24285 1509.0
38.0 33.0 38.0 88.69892 68.43101 152.61372 1509.0
38.0 34.0 34.0 127.80144 111.22798 129.60203 33.0
38.0 34.0 38.0 88.69892 68.43101 152.61372 33.0
38.0 36.0 36.0 51.17379 19.51243 119.71609 2.0
38.0 36.0 38.0 88.69892 68.43101 152.61372 2.0
38.0 37.0 37.0 80.212 11.04878 113.78503 2.0
38.0 37.0 38.0 88.69892 68.43101 152.61372 2.0
38.0 38.0 38.0 88.69892 68.43101 152.61372 3170.0
38.0 38.0 38.0 88.69892 68.43101 152.61372 3170.0
38.0 41.0 41.0 59.7881 126.03728 122.50232 5.0
38.0 41.0 38.0 88.69892 68.43101 152.61372 5.0
38.0 42.0 42.0 56.63208 85.26409 144.94827 1117.0
38.0 42.0 38.0 88.69892 68.43101 152.61372 1117.0
38.0 44.0 44.0 70.24314 22.71965 131.34483 8.0
38.0 44.0 38.0 88.69892 68.43101 152.61372 8.0
38.0 47.0 47.0 164.18996 62.73947 126.12084 3.0
38.0 47.0 38.0 88.69892 68.43101 152.61372 3.0
39.0 1.0 1.0 66.25458 89.21988 7.46434 287.0
39.0 1.0 39.0 21.80793 50.16037 32.78641 287.0
39.0 2.0 2.0 27.3815 25.33978 87.68593 141.0
39.0 2.0 39.0 21.80793 50.16037 32.78641 141.0
39.0 5.0 5.0 36.16845 130.04749 82.23775 2.0
39.0 5.0 39.0 21.80793 50.16037 32.78641 2.0
39.0 6.0 6.0 5.47771 84.80303 74.401 1410.0
39.0 6.0 39.0 21.80793 50.16037 32.78641 1410.0
39.0 11.0 11.0 48.523 14.12619 56.4802 875.0
39.0 11.0 39.0 21.80793 50.16037 32.78641 875.0
39.0 13.0 13.0 21.78797 31.15428 56.4424 1841.0
39.0 13.0 39.0 21.80793 50.16037 32.78641 1841.0
39.0 19.0 19.0 66.37941 15.836 45.33209 236.0
39.0 19.0 39.0 21.80793 50.16037 32.78641 236.0
39.0 20.0 20.0 85.04458 53.72162 22.282 534.0
39.0 20.0 39.0 21.80793 50.16037 32.78641 534.0
39.0 21.0 21.0 28.30431 78.09594 19.27578 2203.0
39.0 21.0 39.0 21.80793 50.16037 32.78641 2203.0
39.0 22.0 22.0 25.07094 80.10921 119.42265 2.0
39.0 22.0 39.0 21.80793 50.16037 32.78641 2.0
39.0 27.0 27.0 18.70463 45.37525 103.71945 22.0
39.0 27.0 39.0 21.80793 50.16037 32.78641 22.0
39.0 39.0 39.0 21.80793 50.16037 32.78641 9951.0
39.0 39.0 39.0 21.80793 50.16037 32.78641 9951.0
39.0 40.0 40.0 83.26816 23.54008 42.41237 26.0
39.0 40.0 39.0 21.80793 50.16037 32.78641 26.0
39.0 45.0 45.0 35.07394 116.38677 28.62083 63.0
39.0 45.0 39.0 21.80793 50.16037 32.78641 63.0
40.0 1.0 1.0 66.25458 89.21988 7.46434 11.0
40.0 1.0 40.0 83.26816 23.54008 42.41237 11.0
40.0 3.0 3.0 83.21837 3.83493 88.0414 133.0
40.0 3.0 40.0 83.26816 23.54008 42.41237 133.0
40.0 7.0 7.0 121.67965 13.46399 56.88408 283.0
40.0 7.0 40.0 83.26816 23.54008 42.41237 283.0
40.0 8.0 8.0 108.16631 85.96981 38.6782 36.0
40.0 8.0 40.0 83.26816 23.54008 42.41237 36.0
40.0 10.0 10.0 97.07752 3.92379 61.09525 1206.0
40.0 10.0 40.0 83.26816 23.54008 42.41237 1206.0
40.0 11.0 11.0 48.523 14.12619 56.4802 454.0
40.0 11.0 40.0 83.26816 23.54008 42.41237 454.0
40.0 13.0 13.0 21.78797 31.15428 56.4424 6.0
40.0 13.0 40.0 83.26816 23.54008 42.41237 6.0
40.0 15.0 15.0 145.12517 26.59051 64.65306 3.0
40.0 15.0 40.0 83.26816 23.54008 42.41237 3.0
40.0 17.0 17.0 122.82847 11.0149 94.58993 1.0
40.0 17.0 40.0 83.26816 23.54008 42.41237 1.0
40.0 19.0 19.0 66.37941 15.836 45.33209 1437.0
40.0 19.0 40.0 83.26816 23.54008 42.41237 1437.0
40.0 20.0 20.0 85.04458 53.72162 22.282 1686.0
40.0 20.0 40.0 83.26816 23.54008 42.41237 1686.0
40.0 21.0 21.0 28.30431 78.09594 19.27578 1.0
40.0 21.0 40.0 83.26816 23.54008 42.41237 1.0
40.0 31.0 31.0 121.57708 38.96626 36.05504 1108.0
40.0 31.0 40.0 83.26816 23.54008 42.41237 1108.0
40.0 37.0 37.0 80.212 11.04878 113.78503 3.0
40.0 37.0 40.0 83.26816 23.54008 42.41237 3.0
40.0 39.0 39.0 21.80793 50.16037 32.78641 33.0
40.0 39.0 40.0 83.26816 23.54008 42.41237 33.0
40.0 40.0 40.0 83.26816 23.54008 42.41237 4550.0
40.0 40.0 40.0 83.26816 23.54008 42.41237 4550.0
41.0 4.0 4.0 72.10249 108.39276 139.67689 2778.0
41.0 4.0 41.0 59.7881 126.03728 122.50232 2778.0
41.0 5.0 5.0 36.16845 130.04749 82.23775 2197.0
41.0 5.0 41.0 59.7881 126.03728 122.50232 2197.0
41.0 6.0 6.0 5.47771 84.80303 74.401 12.0
41.0 6.0 41.0 59.7881 126.03728 122.50232 12.0
41.0 9.0 9.0 78.61323 139.92618 102.65117 2134.0
41.0 9.0 41.0 59.7881 126.03728 122.50232 2134.0
41.0 13.0 13.0 21.78797 31.15428 56.4424 1.0
41.0 13.0 41.0 59.7881 126.03728 122.50232 1.0
41.0 22.0 22.0 25.07094 80.10921 119.42265 666.0
41.0 22.0 41.0 59.7881 126.03728 122.50232 666.0
41.0 24.0 24.0 107.85712 87.22937 149.15085 92.0
41.0 24.0 41.0 59.7881 126.03728 122.50232 92.0
41.0 28.0 28.0 84.30759 38.95258 143.14527 1.0
41.0 28.0 41.0 59.7881 126.03728 122.50232 1.0
41.0 30.0 30.0 88.34193 139.93489 62.69739 16.0
41.0 30.0 41.0 59.7881 126.03728 122.50232 16.0
41.0 34.0 34.0 127.80144 111.22798 129.60203 396.0
41.0 34.0 41.0 59.7881 126.03728 122.50232 396.0
41.0 35.0 35.0 147.77026 121.16322 95.60693 3.0
41.0 35.0 41.0 59.7881 126.03728 122.50232 3.0
41.0 38.0 38.0 88.69892 68.43101 152.61372 3.0
41.0 38.0 41.0 59.7881 126.03728 122.50232 3.0
41.0 41.0 41.0 59.7881 126.03728 122.50232 9204.0
41.0 41.0 41.0 59.7881 126.03728 122.50232 9204.0
41.0 42.0 42.0 56.63208 85.26409 144.94827 396.0
41.0 42.0 41.0 59.7881 126.03728 122.50232 396.0
41.0 43.0 43.0 101.67416 137.73799 99.13439 324.0
41.0 43.0 41.0 59.7881 126.03728 122.50232 324.0
42.0 0.0 0.0 55.10986 48.90806 141.98338 847.0
42.0 0.0 42.0 56.63208 85.26409 144.94827 847.0
42.0 4.0 4.0 72.10249 108.39276 139.67689 2173.0
42.0 4.0 42.0 56.63208 85.26409 144.94827 2173.0
42.0 5.0 5.0 36.16845 130.04749 82.23775 41.0
42.0 5.0 42.0 56.63208 85.26409 144.94827 41.0
42.0 6.0 6.0 5.47771 84.80303 74.401 1.0
42.0 6.0 42.0 56.63208 85.26409 144.94827 1.0
42.0 16.0 16.0 37.10574 39.06978 124.69297 139.0
42.0 16.0 42.0 56.63208 85.26409 144.94827 139.0
42.0 22.0 22.0 25.07094 80.10921 119.42265 1593.0
42.0 22.0 42.0 56.63208 85.26409 144.94827 1593.0
42.0 24.0 24.0 107.85712 87.22937 149.15085 572.0
42.0 24.0 42.0 56.63208 85.26409 144.94827 572.0
42.0 27.0 27.0 18.70463 45.37525 103.71945 1.0
42.0 27.0 42.0 56.63208 85.26409 144.94827 1.0
42.0 28.0 28.0 84.30759 38.95258 143.14527 211.0
42.0 28.0 42.0 56.63208 85.26409 144.94827 211.0
42.0 33.0 33.0 97.18675 49.96486 149.24285 132.0
42.0 33.0 42.0 56.63208 85.26409 144.94827 132.0
42.0 34.0 34.0 127.80144 111.22798 129.60203 8.0
42.0 34.0 42.0 56.63208 85.26409 144.94827 8.0
42.0 36.0 36.0 51.17379 19.51243 119.71609 1.0
42.0 36.0 42.0 56.63208 85.26409 144.94827 1.0
42.0 38.0 38.0 88.69892 68.43101 152.61372 1131.0
42.0 38.0 42.0 56.63208 85.26409 144.94827 1131.0
42.0 41.0 41.0 59.7881 126.03728 122.50232 376.0
42.0 41.0 42.0 56.63208 85.26409 144.94827 376.0
42.0 42.0 42.0 56.63208 85.26409 144.94827 5773.0
42.0 42.0 42.0 56.63208 85.26409 144.94827 5773.0
42.0 44.0 44.0 70.24314 22.71965 131.34483 3.0
42.0 44.0 42.0 56.63208 85.26409 144.94827 3.0
43.0 4.0 4.0 72.10249 108.39276 139.67689 65.0
43.0 4.0 43.0 101.67416 137.73799 99.13439 65.0
43.0 5.0 5.0 36.16845 130.04749 82.23775 64.0
43.0 5.0 43.0 101.67416 137.73799 99.13439 64.0
43.0 9.0 9.0 78.61323 139.92618 102.65117 2054.0
43.0 9.0 43.0 101.67416 137.73799 99.13439 2054.0
43.0 14.0 14.0 128.32263 116.03628 40.28616 1.0
43.0 14.0 43.0 101.67416 137.73799 99.13439 1.0
43.0 24.0 24.0 107.85712 87.22937 149.15085 6.0
43.0 24.0 43.0 101.67416 137.73799 99.13439 6.0
43.0 30.0 30.0 88.34193 139.93489 62.69739 2137.0
43.0 30.0 43.0 101.67416 137.73799 99.13439 2137.0
43.0 34.0 34.0 127.80144 111.22798 129.60203 1425.0
43.0 34.0 43.0 101.67416 137.73799 99.13439 1425.0
43.0 35.0 35.0 147.77026 121.16322 95.60693 853.0
43.0 35.0 43.0 101.67416 137.73799 99.13439 853.0
43.0 41.0 41.0 59.7881 126.03728 122.50232 278.0
43.0 41.0 43.0 101.67416 137.73799 99.13439 278.0
43.0 43.0 43.0 101.67416 137.73799 99.13439 4823.0
43.0 43.0 43.0 101.67416 137.73799 99.13439 4823.0
43.0 46.0 46.0 114.48484 130.24483 52.69771 165.0
43.0 46.0 43.0 101.67416 137.73799 99.13439 165.0
44.0 0.0 0.0 55.10986 48.90806 141.98338 625.0
44.0 0.0 44.0 70.24314 22.71965 131.34483 625.0
44.0 2.0 2.0 27.3815 25.33978 87.68593 33.0
44.0 2.0 44.0 70.24314 22.71965 131.34483 33.0
44.0 3.0 3.0 83.21837 3.83493 88.0414 76.0
44.0 3.0 44.0 70.24314 22.71965 131.34483 76.0
44.0 6.0 6.0 5.47771 84.80303 74.401 1.0
44.0 6.0 44.0 70.24314 22.71965 131.34483 1.0
44.0 11.0 11.0 48.523 14.12619 56.4802 2.0
44.0 11.0 44.0 70.24314 22.71965 131.34483 2.0
44.0 16.0 16.0 37.10574 39.06978 124.69297 225.0
44.0 16.0 44.0 70.24314 22.71965 131.34483 225.0
44.0 17.0 17.0 122.82847 11.0149 94.58993 4.0
44.0 17.0 44.0 70.24314 22.71965 131.34483 4.0
44.0 22.0 22.0 25.07094 80.10921 119.42265 2.0
44.0 22.0 44.0 70.24314 22.71965 131.34483 2.0
44.0 26.0 26.0 132.08333 45.1552 139.1381 15.0
44.0 26.0 44.0 70.24314 22.71965 131.34483 15.0
44.0 27.0 27.0 18.70463 45.37525 103.71945 2.0
44.0 27.0 44.0 70.24314 22.71965 131.34483 2.0
44.0 28.0 28.0 84.30759 38.95258 143.14527 916.0
44.0 28.0 44.0 70.24314 22.71965 131.34483 916.0
44.0 29.0 29.0 122.71659 20.58465 121.16104 84.0
44.0 29.0 44.0 70.24314 22.71965 131.34483 84.0
44.0 33.0 33.0 97.18675 49.96486 149.24285 98.0
44.0 33.0 44.0 70.24314 22.71965 131.34483 98.0
44.0 36.0 36.0 51.17379 19.51243 119.71609 748.0
44.0 36.0 44.0 70.24314 22.71965 131.34483 748.0
44.0 37.0 37.0 80.212 11.04878 113.78503 1497.0
44.0 37.0 44.0 70.24314 22.71965 131.34483 1497.0
44.0 38.0 38.0 88.69892 68.43101 152.61372 16.0
44.0 38.0 44.0 70.24314 22.71965 131.34483 16.0
44.0 42.0 42.0 56.63208 85.26409 144.94827 1.0
44.0 42.0 44.0 70.24314 22.71965 131.34483 1.0
44.0 44.0 44.0 70.24314 22.71965 131.34483 1834.0
44.0 44.0 44.0 70.24314 22.71965 131.34483 1834.0
45.0 1.0 1.0 66.25458 89.21988 7.46434 1946.0
45.0 1.0 45.0 35.07394 116.38677 28.62083 1946.0
45.0 5.0 5.0 36.16845 130.04749 82.23775 2026.0
45.0 5.0 45.0 35.07394 116.38677 28.62083 2026.0
45.0 6.0 6.0 5.47771 84.80303 74.401 962.0
45.0 6.0 45.0 35.07394 116.38677 28.62083 962.0
45.0 8.0 8.0 108.16631 85.96981 38.6782 106.0
45.0 8.0 45.0 35.07394 116.38677 28.62083 106.0
45.0 9.0 9.0 78.61323 139.92618 102.65117 4.0
45.0 9.0 45.0 35.07394 116.38677 28.62083 4.0
45.0 14.0 14.0 128.32263 116.03628 40.28616 3.0
45.0 14.0 45.0 35.07394 116.38677 28.62083 3.0
45.0 20.0 20.0 85.04458 53.72162 22.282 1.0
45.0 20.0 45.0 35.07394 116.38677 28.62083 1.0
45.0 21.0 21.0 28.30431 78.09594 19.27578 1857.0
45.0 21.0 45.0 35.07394 116.38677 28.62083 1857.0
45.0 30.0 30.0 88.34193 139.93489 62.69739 805.0
45.0 30.0 45.0 35.07394 116.38677 28.62083 805.0
45.0 39.0 39.0 21.80793 50.16037 32.78641 76.0
45.0 39.0 45.0 35.07394 116.38677 28.62083 76.0
45.0 45.0 45.0 35.07394 116.38677 28.62083 13430.0
45.0 45.0 45.0 35.07394 116.38677 28.62083 13430.0
45.0 46.0 46.0 114.48484 130.24483 52.69771 52.0
45.0 46.0 45.0 35.07394 116.38677 28.62083 52.0
46.0 1.0 1.0 66.25458 89.21988 7.46434 131.0
46.0 1.0 46.0 114.48484 130.24483 52.69771 131.0
46.0 5.0 5.0 36.16845 130.04749 82.23775 5.0
46.0 5.0 46.0 114.48484 130.24483 52.69771 5.0
46.0 8.0 8.0 108.16631 85.96981 38.6782 1105.0
46.0 8.0 46.0 114.48484 130.24483 52.69771 1105.0
46.0 9.0 9.0 78.61323 139.92618 102.65117 2.0
46.0 9.0 46.0 114.48484 130.24483 52.69771 2.0
46.0 12.0 12.0 179.79682 86.3099 84.6944 4.0
46.0 12.0 46.0 114.48484 130.24483 52.69771 4.0
46.0 14.0 14.0 128.32263 116.03628 40.28616 2809.0
46.0 14.0 46.0 114.48484 130.24483 52.69771 2809.0
46.0 20.0 20.0 85.04458 53.72162 22.282 1.0
46.0 20.0 46.0 114.48484 130.24483 52.69771 1.0
46.0 30.0 30.0 88.34193 139.93489 62.69739 3448.0
46.0 30.0 46.0 114.48484 130.24483 52.69771 3448.0
46.0 32.0 32.0 156.98759 89.00331 57.96153 286.0
46.0 32.0 46.0 114.48484 130.24483 52.69771 286.0
46.0 34.0 34.0 127.80144 111.22798 129.60203 13.0
46.0 34.0 46.0 114.48484 130.24483 52.69771 13.0
46.0 35.0 35.0 147.77026 121.16322 95.60693 1125.0
46.0 35.0 46.0 114.48484 130.24483 52.69771 1125.0
46.0 43.0 43.0 101.67416 137.73799 99.13439 131.0
46.0 43.0 46.0 114.48484 130.24483 52.69771 131.0
46.0 45.0 45.0 35.07394 116.38677 28.62083 38.0
46.0 45.0 46.0 114.48484 130.24483 52.69771 38.0
46.0 46.0 46.0 114.48484 130.24483 52.69771 7101.0
46.0 46.0 46.0 114.48484 130.24483 52.69771 7101.0
47.0 12.0 12.0 179.79682 86.3099 84.6944 397.0
47.0 12.0 47.0 164.18996 62.73947 126.12084 397.0
47.0 15.0 15.0 145.12517 26.59051 64.65306 6.0
47.0 15.0 47.0 164.18996 62.73947 126.12084 6.0
47.0 17.0 17.0 122.82847 11.0149 94.58993 19.0
47.0 17.0 47.0 164.18996 62.73947 126.12084 19.0
47.0 18.0 18.0 159.1997 24.8333 93.91421 630.0
47.0 18.0 47.0 164.18996 62.73947 126.12084 630.0
47.0 23.0 23.0 173.46534 43.56927 76.93275 364.0
47.0 23.0 47.0 164.18996 62.73947 126.12084 364.0
47.0 24.0 24.0 107.85712 87.22937 149.15085 206.0
47.0 24.0 47.0 164.18996 62.73947 126.12084 206.0
47.0 25.0 25.0 182.83913 63.98194 100.27944 1180.0
47.0 25.0 47.0 164.18996 62.73947 126.12084 1180.0
47.0 26.0 26.0 132.08333 45.1552 139.1381 1858.0
47.0 26.0 47.0 164.18996 62.73947 126.12084 1858.0
47.0 29.0 29.0 122.71659 20.58465 121.16104 265.0
47.0 29.0 47.0 164.18996 62.73947 126.12084 265.0
47.0 32.0 32.0 156.98759 89.00331 57.96153 2.0
47.0 32.0 47.0 164.18996 62.73947 126.12084 2.0
47.0 33.0 33.0 97.18675 49.96486 149.24285 4.0
47.0 33.0 47.0 164.18996 62.73947 126.12084 4.0
47.0 34.0 34.0 127.80144 111.22798 129.60203 1239.0
47.0 34.0 47.0 164.18996 62.73947 126.12084 1239.0
47.0 35.0 35.0 147.77026 121.16322 95.60693 350.0
47.0 35.0 47.0 164.18996 62.73947 126.12084 350.0
47.0 37.0 37.0 80.212 11.04878 113.78503 1.0
47.0 37.0 47.0 164.18996 62.73947 126.12084 1.0
47.0 38.0 38.0 88.69892 68.43101 152.61372 7.0
47.0 38.0 47.0 164.18996 62.73947 126.12084 7.0
47.0 47.0 47.0 164.18996 62.73947 126.12084 8904.0
47.0 47.0 47.0 164.18996 62.73947 126.12084 8904.0
