TargetArea SourceArea Area AvgPosX AvgPosY AvgPosZ SumWeights
0.0 0.0 0.0 55.08222 48.91834 141.97481 3862.0
0.0 0.0 0.0 55.08222 48.91834 141.97481 3862.0
0.0 2.0 2.0 27.37734 25.34718 87.697 12.0
0.0 2.0 0.0 55.08222 48.91834 141.97481 12.0
0.0 4.0 4.0 72.05578 108.3962 139.66939 14.0
0.0 4.0 0.0 55.08222 48.91834 141.97481 14.0
0.0 5.0 5.0 36.14422 130.01812 82.24033 1.0
0.0 5.0 0.0 55.08222 48.91834 141.97481 1.0
0.0 16.0 16.0 37.09661 39.1068 124.70999 1453.0
0.0 16.0 0.0 55.08222 48.91834 141.97481 1453.0
0.0 22.0 22.0 25.08985 80.05559 119.45716 565.0
0.0 22.0 0.0 55.08222 48.91834 141.97481 565.0
0.0 24.0 24.0 107.85946 87.21685 149.149 13.0
0.0 24.0 0.0 55.08222 48.91834 141.97481 13.0
0.0 27.0 27.0 18.71751 45.34354 103.72477 31.0
0.0 27.0 0.0 55.08222 48.91834 141.97481 31.0
0.0 28.0 28.0 84.30616 38.96608 143.15605 1109.0
0.0 28.0 0.0 55.08222 48.91834 141.97481 1109.0
0.0 29.0 29.0 122.69607 20.59172 121.18419 1.0
0.0 29.0 0.0 55.08222 48.91834 141.97481 1.0
0.0 33.0 33.0 97.17521 49.93371 149.2333 273.0
0.0 33.0 0.0 55.08222 48.91834 141.97481 273.0
0.0 36.0 36.0 51.16782 19.48925 119.67923 468.0
0.0 36.0 0.0 55.08222 48.91834 141.97481 468.0
0.0 37.0 37.0 80.19971 11.04569 113.78344 81.0
0.0 37.0 0.0 55.08222 48.91834 141.97481 81.0
0.0 38.0 38.0 88.70108 68.42603 152.61541 410.0
0.0 38.0 0.0 55.08222 48.91834 141.97481 410.0
0.0 41.0 41.0 59.80558 126.03978 122.50088 2.0
0.0 41.0 0.0 55.08222 48.91834 141.97481 2.0
0.0 42.0 42.0 56.62503 85.23874 144.9542 909.0
0.0 42.0 0.0 55.08222 48.91834 141.97481 909.0
0.0 44.0 44.0 70.25078 22.71678 131.34495 562.0
0.0 44.0 0.0 55.08222 48.91834 141.97481 562.0
1.0 1.0 1.0 66.21985 89.24355 7.46971 11175.0
1.0 1.0 1.0 66.21985 89.24355 7.46971 11175.0
1.0 5.0 5.0 36.14422 130.01812 82.24033 20.0
1.0 5.0 1.0 66.21985 89.24355 7.46971 20.0
1.0 6.0 6.0 5.47689 84.80245 74.39589 1.0
1.0 6.0 1.0 66.21985 89.24355 7.46971 1.0
1.0 8.0 8.0 108.14369 85.97878 38.6646 1650.0
1.0 8.0 1.0 66.21985 89.24355 7.46971 1650.0
1.0 11.0 11.0 48.52695 14.09937 56.56116 21.0
1.0 11.0 1.0 66.21985 89.24355 7.46971 21.0
1.0 13.0 13.0 21.77342 31.16106 56.46578 1.0
1.0 13.0 1.0 66.21985 89.24355 7.46971 1.0
1.0 14.0 14.0 128.28934 116.04708 40.26684 59.0
1.0 14.0 1.0 66.21985 89.24355 7.46971 59.0
1.0 19.0 19.0 66.42371 15.76321 45.43211 22.0
1.0 19.0 1.0 66.21985 89.24355 7.46971 22.0
1.0 20.0 20.0 85.09046 53.74948 22.31396 2135.0
1.0 20.0 1.0 66.21985 89.24355 7.46971 2135.0
1.0 21.0 21.0 28.2748 78.1319 19.30449 1416.0
1.0 21.0 1.0 66.21985 89.24355 7.46971 1416.0
1.0 30.0 30.0 88.32154 139.9339 62.69271 364.0
1.0 30.0 1.0 66.21985 89.24355 7.46971 364.0
1.0 31.0 31.0 121.49381 38.95509 36.02592 2.0
1.0 31.0 1.0 66.21985 89.24355 7.46971 2.0
1.0 39.0 39.0 21.7764 50.18384 32.8116 282.0
1.0 39.0 1.0 66.21985 89.24355 7.46971 282.0
1.0 40.0 40.0 83.26221 23.54258 42.42914 16.0
1.0 40.0 1.0 66.21985 89.24355 7.46971 16.0
1.0 45.0 45.0 34.99639 116.33443 28.63633 1839.0
1.0 45.0 1.0 66.21985 89.24355 7.46971 1839.0
1.0 46.0 46.0 114.49209 130.24569 52.70951 147.0
1.0 46.0 1.0 66.21985 89.24355 7.46971 147.0
2.0 0.0 0.0 55.08222 48.91834 141.97481 11.0
2.0 0.0 2.0 27.37734 25.34718 87.697 11.0
2.0 2.0 2.0 27.37734 25.34718 87.697 6706.0
2.0 2.0 2.0 27.37734 25.34718 87.697 6706.0
2.0 3.0 3.0 83.13994 3.82911 88.00604 315.0
2.0 3.0 2.0 27.37734 25.34718 87.697 315.0
2.0 6.0 6.0 5.47689 84.80245 74.39589 445.0
2.0 6.0 2.0 27.37734 25.34718 87.697 445.0
2.0 10.0 10.0 97.04249 3.92024 61.10098 1.0
2.0 10.0 2.0 27.37734 25.34718 87.697 1.0
2.0 11.0 11.0 48.52695 14.09937 56.56116 1316.0
2.0 11.0 2.0 27.37734 25.34718 87.697 1316.0
2.0 13.0 13.0 21.77342 31.16106 56.46578 1403.0
2.0 13.0 2.0 27.37734 25.34718 87.697 1403.0
2.0 16.0 16.0 37.09661 39.1068 124.70999 717.0
2.0 16.0 2.0 27.37734 25.34718 87.697 717.0
2.0 19.0 19.0 66.42371 15.76321 45.43211 9.0
2.0 19.0 2.0 27.37734 25.34718 87.697 9.0
2.0 20.0 20.0 85.09046 53.74948 22.31396 1.0
2.0 20.0 2.0 27.37734 25.34718 87.697 1.0
2.0 22.0 22.0 25.08985 80.05559 119.45716 84.0
2.0 22.0 2.0 27.37734 25.34718 87.697 84.0
2.0 27.0 27.0 18.71751 45.34354 103.72477 1696.0
2.0 27.0 2.0 27.37734 25.34718 87.697 1696.0
2.0 28.0 28.0 84.30616 38.96608 143.15605 1.0
2.0 28.0 2.0 27.37734 25.34718 87.697 1.0
2.0 36.0 36.0 51.16782 19.48925 119.67923 535.0
2.0 36.0 2.0 27.37734 25.34718 87.697 535.0
2.0 37.0 37.0 80.19971 11.04569 113.78344 444.0
2.0 37.0 2.0 27.37734 25.34718 87.697 444.0
2.0 39.0 39.0 21.7764 50.18384 32.8116 151.0
2.0 39.0 2.0 27.37734 25.34718 87.697 151.0
2.0 44.0 44.0 70.25078 22.71678 131.34495 32.0
2.0 44.0 2.0 27.37734 25.34718 87.697 32.0
3.0 2.0 2.0 27.37734 25.34718 87.697 313.0
3.0 2.0 3.0 83.13994 3.82911 88.00604 313.0
3.0 3.0 3.0 83.13994 3.82911 88.00604 7085.0
3.0 3.0 3.0 83.13994 3.82911 88.00604 7085.0
3.0 7.0 7.0 121.6426 13.43218 56.92236 215.0
3.0 7.0 3.0 83.13994 3.82911 88.00604 215.0
3.0 10.0 10.0 97.04249 3.92024 61.10098 1567.0
3.0 10.0 3.0 83.13994 3.82911 88.00604 1567.0
3.0 11.0 11.0 48.52695 14.09937 56.56116 1066.0
3.0 11.0 3.0 83.13994 3.82911 88.00604 1066.0
3.0 13.0 13.0 21.77342 31.16106 56.46578 7.0
3.0 13.0 3.0 83.13994 3.82911 88.00604 7.0
3.0 15.0 15.0 145.09399 26.52648 64.71245 13.0
3.0 15.0 3.0 83.13994 3.82911 88.00604 13.0
3.0 16.0 16.0 37.09661 39.1068 124.70999 14.0
3.0 16.0 3.0 83.13994 3.82911 88.00604 14.0
3.0 17.0 17.0 122.7884 11.00293 94.58205 1171.0
3.0 17.0 3.0 83.13994 3.82911 88.00604 1171.0
3.0 19.0 19.0 66.42371 15.76321 45.43211 436.0
3.0 19.0 3.0 83.13994 3.82911 88.00604 436.0
3.0 26.0 26.0 132.10338 45.16369 139.13338 1.0
3.0 26.0 3.0 83.13994 3.82911 88.00604 1.0
3.0 27.0 27.0 18.71751 45.34354 103.72477 1.0
3.0 27.0 3.0 83.13994 3.82911 88.00604 1.0
3.0 28.0 28.0 84.30616 38.96608 143.15605 7.0
3.0 28.0 3.0 83.13994 3.82911 88.00604 7.0
3.0 29.0 29.0 122.69607 20.59172 121.18419 212.0
3.0 29.0 3.0 83.13994 3.82911 88.00604 212.0
3.0 31.0 31.0 121.49381 38.95509 36.02592 1.0
3.0 31.0 3.0 83.13994 3.82911 88.00604 1.0
3.0 36.0 36.0 51.16782 19.48925 119.67923 151.0
3.0 36.0 3.0 83.13994 3.82911 88.00604 151.0
3.0 37.0 37.0 80.19971 11.04569 113.78344 2552.0
3.0 37.0 3.0 83.13994 3.82911 88.00604 2552.0
3.0 40.0 40.0 83.26221 23.54258 42.42914 135.0
3.0 40.0 3.0 83.13994 3.82911 88.00604 135.0
3.0 44.0 44.0 70.25078 22.71678 131.34495 57.0
3.0 44.0 3.0 83.13994 3.82911 88.00604 57.0
4.0 0.0 0.0 55.08222 48.91834 141.97481 14.0
4.0 0.0 4.0 72.05578 108.3962 139.66939 14.0
4.0 4.0 4.0 72.05578 108.3962 139.66939 6577.0
4.0 4.0 4.0 72.05578 108.3962 139.66939 6577.0
4.0 5.0 5.0 36.14422 130.01812 82.24033 91.0
4.0 5.0 4.0 72.05578 108.3962 139.66939 91.0
4.0 6.0 6.0 5.47689 84.80245 74.39589 2.0
4.0 6.0 4.0 72.05578 108.3962 139.66939 2.0
4.0 9.0 9.0 78.56115 139.94162 102.59631 276.0
4.0 9.0 4.0 72.05578 108.3962 139.66939 276.0
4.0 16.0 16.0 37.09661 39.1068 124.70999 3.0
4.0 16.0 4.0 72.05578 108.3962 139.66939 3.0
4.0 22.0 22.0 25.08985 80.05559 119.45716 468.0
4.0 22.0 4.0 72.05578 108.3962 139.66939 468.0
4.0 24.0 24.0 107.85946 87.21685 149.149 1504.0
4.0 24.0 4.0 72.05578 108.3962 139.66939 1504.0
4.0 28.0 28.0 84.30616 38.96608 143.15605 4.0
4.0 28.0 4.0 72.05578 108.3962 139.66939 4.0
4.0 33.0 33.0 97.17521 49.93371 149.2333 6.0
4.0 33.0 4.0 72.05578 108.3962 139.66939 6.0
4.0 34.0 34.0 127.7886 111.24276 129.59221 856.0
4.0 34.0 4.0 72.05578 108.3962 139.66939 856.0
4.0 38.0 38.0 88.70108 68.42603 152.61541 224.0
4.0 38.0 4.0 72.05578 108.3962 139.66939 224.0
4.0 41.0 41.0 59.80558 126.03978 122.50088 2705.0
4.0 41.0 4.0 72.05578 108.3962 139.66939 2705.0
4.0 42.0 42.0 56.62503 85.23874 144.9542 2088.0
4.0 42.0 4.0 72.05578 108.3962 139.66939 2088.0
4.0 43.0 43.0 101.69962 137.72817 99.14767 79.0
4.0 43.0 4.0 72.05578 108.3962 139.66939 79.0
4.0 45.0 45.0 34.99639 116.33443 28.63633 1.0
4.0 45.0 4.0 72.05578 108.3962 139.66939 1.0
5.0 1.0 1.0 66.21985 89.24355 7.46971 17.0
5.0 1.0 5.0 36.14422 130.01812 82.24033 17.0
5.0 4.0 4.0 72.05578 108.3962 139.66939 94.0
5.0 4.0 5.0 36.14422 130.01812 82.24033 94.0
5.0 5.0 5.0 36.14422 130.01812 82.24033 21714.0
5.0 5.0 5.0 36.14422 130.01812 82.24033 21714.0
5.0 6.0 6.0 5.47689 84.80245 74.39589 2039.0
5.0 6.0 5.0 36.14422 130.01812 82.24033 2039.0
5.0 8.0 8.0 108.14369 85.97878 38.6646 5.0
5.0 8.0 5.0 36.14422 130.01812 82.24033 5.0
5.0 9.0 9.0 78.56115 139.94162 102.59631 1422.0
5.0 9.0 5.0 36.14422 130.01812 82.24033 1422.0
5.0 21.0 21.0 28.2748 78.1319 19.30449 15.0
5.0 21.0 5.0 36.14422 130.01812 82.24033 15.0
5.0 22.0 22.0 25.08985 80.05559 119.45716 1187.0
5.0 22.0 5.0 36.14422 130.01812 82.24033 1187.0
5.0 30.0 30.0 88.32154 139.9339 62.69271 1710.0
5.0 30.0 5.0 36.14422 130.01812 82.24033 1710.0
5.0 41.0 41.0 59.80558 126.03978 122.50088 2262.0
5.0 41.0 5.0 36.14422 130.01812 82.24033 2262.0
5.0 42.0 42.0 56.62503 85.23874 144.9542 32.0
5.0 42.0 5.0 36.14422 130.01812 82.24033 32.0
5.0 43.0 43.0 101.69962 137.72817 99.14767 76.0
5.0 43.0 5.0 36.14422 130.01812 82.24033 76.0
5.0 45.0 45.0 34.99639 116.33443 28.63633 1985.0
5.0 45.0 5.0 36.14422 130.01812 82.24033 1985.0
5.0 46.0 46.0 114.49209 130.24569 52.70951 11.0
5.0 46.0 5.0 36.14422 130.01812 82.24033 11.0
6.0 2.0 2.0 27.37734 25.34718 87.697 532.0
6.0 2.0 6.0 5.47689 84.80245 74.39589 532.0
6.0 4.0 4.0 72.05578 108.3962 139.66939 4.0
6.0 4.0 6.0 5.47689 84.80245 74.39589 4.0
6.0 5.0 5.0 36.14422 130.01812 82.24033 2032.0
6.0 5.0 6.0 5.47689 84.80245 74.39589 2032.0
6.0 6.0 6.0 5.47689 84.80245 74.39589 15855.0
6.0 6.0 6.0 5.47689 84.80245 74.39589 15855.0
6.0 11.0 11.0 48.52695 14.09937 56.56116 1.0
6.0 11.0 6.0 5.47689 84.80245 74.39589 1.0
6.0 13.0 13.0 21.77342 31.16106 56.46578 410.0
6.0 13.0 6.0 5.47689 84.80245 74.39589 410.0
6.0 16.0 16.0 37.09661 39.1068 124.70999 11.0
6.0 16.0 6.0 5.47689 84.80245 74.39589 11.0
6.0 21.0 21.0 28.2748 78.1319 19.30449 662.0
6.0 21.0 6.0 5.47689 84.80245 74.39589 662.0
6.0 22.0 22.0 25.08985 80.05559 119.45716 2057.0
6.0 22.0 6.0 5.47689 84.80245 74.39589 2057.0
6.0 27.0 27.0 18.71751 45.34354 103.72477 869.0
6.0 27.0 6.0 5.47689 84.80245 74.39589 869.0
6.0 39.0 39.0 21.7764 50.18384 32.8116 1320.0
6.0 39.0 6.0 5.47689 84.80245 74.39589 1320.0
6.0 41.0 41.0 59.80558 126.03978 122.50088 18.0
6.0 41.0 6.0 5.47689 84.80245 74.39589 18.0
6.0 45.0 45.0 34.99639 116.33443 28.63633 974.0
6.0 45.0 6.0 5.47689 84.80245 74.39589 974.0
7.0 3.0 3.0 83.13994 3.82911 88.00604 206.0
7.0 3.0 7.0 121.6426 13.43218 56.92236 206.0
7.0 7.0 7.0 121.6426 13.43218 56.92236 4055.0
7.0 7.0 7.0 121.6426 13.43218 56.92236 4055.0
7.0 8.0 8.0 108.14369 85.97878 38.6646 8.0
7.0 8.0 7.0 121.6426 13.43218 56.92236 8.0
7.0 10.0 10.0 97.04249 3.92024 61.10098 1462.0
7.0 10.0 7.0 121.6426 13.43218 56.92236 1462.0
7.0 15.0 15.0 145.09399 26.52648 64.71245 1450.0
7.0 15.0 7.0 121.6426 13.43218 56.92236 1450.0
7.0 17.0 17.0 122.7884 11.00293 94.58205 801.0
7.0 17.0 7.0 121.6426 13.43218 56.92236 801.0
7.0 18.0 18.0 159.20223 24.83443 93.91785 35.0
7.0 18.0 7.0 121.6426 13.43218 56.92236 35.0
7.0 19.0 19.0 66.42371 15.76321 45.43211 13.0
7.0 19.0 7.0 121.6426 13.43218 56.92236 13.0
7.0 20.0 20.0 85.09046 53.74948 22.31396 29.0
7.0 20.0 7.0 121.6426 13.43218 56.92236 29.0
7.0 23.0 23.0 173.49231 43.56575 76.98779 13.0
7.0 23.0 7.0 121.6426 13.43218 56.92236 13.0
7.0 29.0 29.0 122.69607 20.59172 121.18419 14.0
7.0 29.0 7.0 121.6426 13.43218 56.92236 14.0
7.0 31.0 31.0 121.49381 38.95509 36.02592 1555.0
7.0 31.0 7.0 121.6426 13.43218 56.92236 1555.0
7.0 32.0 32.0 156.95556 89.08756 57.96886 3.0
7.0 32.0 7.0 121.6426 13.43218 56.92236 3.0
7.0 37.0 37.0 80.19971 11.04569 113.78344 4.0
7.0 37.0 7.0 121.6426 13.43218 56.92236 4.0
7.0 40.0 40.0 83.26221 23.54258 42.42914 298.0
7.0 40.0 7.0 121.6426 13.43218 56.92236 298.0
8.0 1.0 1.0 66.21985 89.24355 7.46971 1487.0
8.0 1.0 8.0 108.14369 85.97878 38.6646 1487.0
8.0 3.0 3.0 83.13994 3.82911 88.00604 1.0
8.0 3.0 8.0 108.14369 85.97878 38.6646 1.0
8.0 4.0 4.0 72.05578 108.3962 139.66939 1.0
8.0 4.0 8.0 108.14369 85.97878 38.6646 1.0
8.0 5.0 5.0 36.14422 130.01812 82.24033 8.0
8.0 5.0 8.0 108.14369 85.97878 38.6646 8.0
8.0 7.0 7.0 121.6426 13.43218 56.92236 6.0
8.0 7.0 8.0 108.14369 85.97878 38.6646 6.0
8.0 8.0 8.0 108.14369 85.97878 38.6646 28303.0
8.0 8.0 8.0 108.14369 85.97878 38.6646 28303.0
8.0 12.0 12.0 179.81071 86.36473 84.82655 6.0
8.0 12.0 8.0 108.14369 85.97878 38.6646 6.0
8.0 14.0 14.0 128.28934 116.04708 40.26684 2595.0
8.0 14.0 8.0 108.14369 85.97878 38.6646 2595.0
8.0 15.0 15.0 145.09399 26.52648 64.71245 41.0
8.0 15.0 8.0 108.14369 85.97878 38.6646 41.0
8.0 19.0 19.0 66.42371 15.76321 45.43211 1.0
8.0 19.0 8.0 108.14369 85.97878 38.6646 1.0
8.0 20.0 20.0 85.09046 53.74948 22.31396 2966.0
8.0 20.0 8.0 108.14369 85.97878 38.6646 2966.0
8.0 23.0 23.0 173.49231 43.56575 76.98779 4.0
8.0 23.0 8.0 108.14369 85.97878 38.6646 4.0
8.0 24.0 24.0 107.85946 87.21685 149.149 1.0
8.0 24.0 8.0 108.14369 85.97878 38.6646 1.0
8.0 30.0 30.0 88.32154 139.9339 62.69271 590.0
8.0 30.0 8.0 108.14369 85.97878 38.6646 590.0
8.0 31.0 31.0 121.49381 38.95509 36.02592 1740.0
8.0 31.0 8.0 108.14369 85.97878 38.6646 1740.0
8.0 32.0 32.0 156.95556 89.08756 57.96886 1417.0
8.0 32.0 8.0 108.14369 85.97878 38.6646 1417.0
8.0 35.0 35.0 147.79488 121.1397 95.65339 1.0
8.0 35.0 8.0 108.14369 85.97878 38.6646 1.0
8.0 40.0 40.0 83.26221 23.54258 42.42914 18.0
8.0 40.0 8.0 108.14369 85.97878 38.6646 18.0
8.0 41.0 41.0 59.80558 126.03978 122.50088 1.0
8.0 41.0 8.0 108.14369 85.97878 38.6646 1.0
8.0 43.0 43.0 101.69962 137.72817 99.14767 1.0
8.0 43.0 8.0 108.14369 85.97878 38.6646 1.0
8.0 45.0 45.0 34.99639 116.33443 28.63633 75.0
8.0 45.0 8.0 108.14369 85.97878 38.6646 75.0
8.0 46.0 46.0 114.49209 130.24569 52.70951 1075.0
8.0 46.0 8.0 108.14369 85.97878 38.6646 1075.0
9.0 4.0 4.0 72.05578 108.3962 139.66939 295.0
9.0 4.0 9.0 78.56115 139.94162 102.59631 295.0
9.0 5.0 5.0 36.14422 130.01812 82.24033 1344.0
9.0 5.0 9.0 78.56115 139.94162 102.59631 1344.0
9.0 9.0 9.0 78.56115 139.94162 102.59631 4847.0
9.0 9.0 9.0 78.56115 139.94162 102.59631 4847.0
9.0 22.0 22.0 25.08985 80.05559 119.45716 1.0
9.0 22.0 9.0 78.56115 139.94162 102.59631 1.0
9.0 24.0 24.0 107.85946 87.21685 149.149 23.0
9.0 24.0 9.0 78.56115 139.94162 102.59631 23.0
9.0 30.0 30.0 88.32154 139.9339 62.69271 1186.0
9.0 30.0 9.0 78.56115 139.94162 102.59631 1186.0
9.0 34.0 34.0 127.7886 111.24276 129.59221 596.0
9.0 34.0 9.0 78.56115 139.94162 102.59631 596.0
9.0 35.0 35.0 147.79488 121.1397 95.65339 18.0
9.0 35.0 9.0 78.56115 139.94162 102.59631 18.0
9.0 41.0 41.0 59.80558 126.03978 122.50088 2146.0
9.0 41.0 9.0 78.56115 139.94162 102.59631 2146.0
9.0 43.0 43.0 101.69962 137.72817 99.14767 2009.0
9.0 43.0 9.0 78.56115 139.94162 102.59631 2009.0
9.0 45.0 45.0 34.99639 116.33443 28.63633 3.0
9.0 45.0 9.0 78.56115 139.94162 102.59631 3.0
9.0 46.0 46.0 114.49209 130.24569 52.70951 1.0
9.0 46.0 9.0 78.56115 139.94162 102.59631 1.0
10.0 2.0 2.0 27.37734 25.34718 87.697 2.0
10.0 2.0 10.0 97.04249 3.92024 61.10098 2.0
10.0 3.0 3.0 83.13994 3.82911 88.00604 1559.0
10.0 3.0 10.0 97.04249 3.92024 61.10098 1559.0
10.0 7.0 7.0 121.6426 13.43218 56.92236 1459.0
10.0 7.0 10.0 97.04249 3.92024 61.10098 1459.0
10.0 10.0 10.0 97.04249 3.92024 61.10098 4149.0
10.0 10.0 10.0 97.04249 3.92024 61.10098 4149.0
10.0 11.0 11.0 48.52695 14.09937 56.56116 198.0
10.0 11.0 10.0 97.04249 3.92024 61.10098 198.0
10.0 15.0 15.0 145.09399 26.52648 64.71245 66.0
10.0 15.0 10.0 97.04249 3.92024 61.10098 66.0
10.0 17.0 17.0 122.7884 11.00293 94.58205 438.0
10.0 17.0 10.0 97.04249 3.92024 61.10098 438.0
10.0 18.0 18.0 159.20223 24.83443 93.91785 2.0
10.0 18.0 10.0 97.04249 3.92024 61.10098 2.0
10.0 19.0 19.0 66.42371 15.76321 45.43211 565.0
10.0 19.0 10.0 97.04249 3.92024 61.10098 565.0
10.0 20.0 20.0 85.09046 53.74948 22.31396 40.0
10.0 20.0 10.0 97.04249 3.92024 61.10098 40.0
10.0 29.0 29.0 122.69607 20.59172 121.18419 6.0
10.0 29.0 10.0 97.04249 3.92024 61.10098 6.0
10.0 31.0 31.0 121.49381 38.95509 36.02592 381.0
10.0 31.0 10.0 97.04249 3.92024 61.10098 381.0
10.0 37.0 37.0 80.19971 11.04569 113.78344 54.0
10.0 37.0 10.0 97.04249 3.92024 61.10098 54.0
10.0 40.0 40.0 83.26221 23.54258 42.42914 1214.0
10.0 40.0 10.0 97.04249 3.92024 61.10098 1214.0
11.0 1.0 1.0 66.21985 89.24355 7.46971 16.0
11.0 1.0 11.0 48.52695 14.09937 56.56116 16.0
11.0 2.0 2.0 27.37734 25.34718 87.697 1347.0
11.0 2.0 11.0 48.52695 14.09937 56.56116 1347.0
11.0 3.0 3.0 83.13994 3.82911 88.00604 1108.0
11.0 3.0 11.0 48.52695 14.09937 56.56116 1108.0
11.0 6.0 6.0 5.47689 84.80245 74.39589 1.0
11.0 6.0 11.0 48.52695 14.09937 56.56116 1.0
11.0 8.0 8.0 108.14369 85.97878 38.6646 1.0
11.0 8.0 11.0 48.52695 14.09937 56.56116 1.0
11.0 10.0 10.0 97.04249 3.92024 61.10098 181.0
11.0 10.0 11.0 48.52695 14.09937 56.56116 181.0
11.0 11.0 11.0 48.52695 14.09937 56.56116 8224.0
11.0 11.0 11.0 48.52695 14.09937 56.56116 8224.0
11.0 13.0 13.0 21.77342 31.16106 56.46578 1509.0
11.0 13.0 11.0 48.52695 14.09937 56.56116 1509.0
11.0 16.0 16.0 37.09661 39.1068 124.70999 15.0
11.0 16.0 11.0 48.52695 14.09937 56.56116 15.0
11.0 19.0 19.0 66.42371 15.76321 45.43211 2066.0
11.0 19.0 11.0 48.52695 14.09937 56.56116 2066.0
11.0 20.0 20.0 85.09046 53.74948 22.31396 258.0
11.0 20.0 11.0 48.52695 14.09937 56.56116 258.0
11.0 21.0 21.0 28.2748 78.1319 19.30449 27.0
11.0 21.0 11.0 48.52695 14.09937 56.56116 27.0
11.0 27.0 27.0 18.71751 45.34354 103.72477 8.0
11.0 27.0 11.0 48.52695 14.09937 56.56116 8.0
11.0 31.0 31.0 121.49381 38.95509 36.02592 7.0
11.0 31.0 11.0 48.52695 14.09937 56.56116 7.0
11.0 36.0 36.0 51.16782 19.48925 119.67923 65.0
11.0 36.0 11.0 48.52695 14.09937 56.56116 65.0
11.0 37.0 37.0 80.19971 11.04569 113.78344 269.0
11.0 37.0 11.0 48.52695 14.09937 56.56116 269.0
11.0 39.0 39.0 21.7764 50.18384 32.8116 853.0
11.0 39.0 11.0 48.52695 14.09937 56.56116 853.0
11.0 40.0 40.0 83.26221 23.54258 42.42914 536.0
11.0 40.0 11.0 48.52695 14.09937 56.56116 536.0
11.0 44.0 44.0 70.25078 22.71678 131.34495 4.0
11.0 44.0 11.0 48.52695 14.09937 56.56116 4.0
12.0 8.0 8.0 108.14369 85.97878 38.6646 1.0
12.0 8.0 12.0 179.81071 86.36473 84.82655 1.0
12.0 12.0 12.0 179.81071 86.36473 84.82655 5837.0
12.0 12.0 12.0 179.81071 86.36473 84.82655 5837.0
12.0 14.0 14.0 128.28934 116.04708 40.26684 1.0
12.0 14.0 12.0 179.81071 86.36473 84.82655 1.0
12.0 15.0 15.0 145.09399 26.52648 64.71245 34.0
12.0 15.0 12.0 179.81071 86.36473 84.82655 34.0
12.0 18.0 18.0 159.20223 24.83443 93.91785 15.0
12.0 18.0 12.0 179.81071 86.36473 84.82655 15.0
12.0 23.0 23.0 173.49231 43.56575 76.98779 566.0
12.0 23.0 12.0 179.81071 86.36473 84.82655 566.0
12.0 25.0 25.0 182.84191 63.98462 100.29045 1145.0
12.0 25.0 12.0 179.81071 86.36473 84.82655 1145.0
12.0 31.0 31.0 121.49381 38.95509 36.02592 11.0
12.0 31.0 12.0 179.81071 86.36473 84.82655 11.0
12.0 32.0 32.0 156.95556 89.08756 57.96886 1748.0
12.0 32.0 12.0 179.81071 86.36473 84.82655 1748.0
12.0 34.0 34.0 127.7886 111.24276 129.59221 91.0
12.0 34.0 12.0 179.81071 86.36473 84.82655 91.0
12.0 35.0 35.0 147.79488 121.1397 95.65339 1228.0
12.0 35.0 12.0 179.81071 86.36473 84.82655 1228.0
12.0 46.0 46.0 114.49209 130.24569 52.70951 4.0
12.0 46.0 12.0 179.81071 86.36473 84.82655 4.0
12.0 47.0 47.0 164.20304 62.75396 126.11362 425.0
12.0 47.0 12.0 179.81071 86.36473 84.82655 425.0
13.0 2.0 2.0 27.37734 25.34718 87.697 1389.0
13.0 2.0 13.0 21.77342 31.16106 56.46578 1389.0
13.0 3.0 3.0 83.13994 3.82911 88.00604 4.0
13.0 3.0 13.0 21.77342 31.16106 56.46578 4.0
13.0 6.0 6.0 5.47689 84.80245 74.39589 406.0
13.0 6.0 13.0 21.77342 31.16106 56.46578 406.0
13.0 11.0 11.0 48.52695 14.09937 56.56116 1583.0
13.0 11.0 13.0 21.77342 31.16106 56.46578 1583.0
13.0 13.0 13.0 21.77342 31.16106 56.46578 3839.0
13.0 13.0 13.0 21.77342 31.16106 56.46578 3839.0
13.0 19.0 19.0 66.42371 15.76321 45.43211 77.0
13.0 19.0 13.0 21.77342 31.16106 56.46578 77.0
13.0 20.0 20.0 85.09046 53.74948 22.31396 7.0
13.0 20.0 13.0 21.77342 31.16106 56.46578 7.0
13.0 21.0 21.0 28.2748 78.1319 19.30449 10.0
13.0 21.0 13.0 21.77342 31.16106 56.46578 10.0
13.0 22.0 22.0 25.08985 80.05559 119.45716 4.0
13.0 22.0 13.0 21.77342 31.16106 56.46578 4.0
13.0 27.0 27.0 18.71751 45.34354 103.72477 103.0
13.0 27.0 13.0 21.77342 31.16106 56.46578 103.0
13.0 36.0 36.0 51.16782 19.48925 119.67923 2.0
13.0 36.0 13.0 21.77342 31.16106 56.46578 2.0
13.0 37.0 37.0 80.19971 11.04569 113.78344 3.0
13.0 37.0 13.0 21.77342 31.16106 56.46578 3.0
13.0 39.0 39.0 21.7764 50.18384 32.8116 1765.0
13.0 39.0 13.0 21.77342 31.16106 56.46578 1765.0
13.0 40.0 40.0 83.26221 23.54258 42.42914 2.0
13.0 40.0 13.0 21.77342 31.16106 56.46578 2.0
14.0 1.0 1.0 66.21985 89.24355 7.46971 49.0
14.0 1.0 14.0 128.28934 116.04708 40.26684 49.0
14.0 8.0 8.0 108.14369 85.97878 38.6646 2720.0
14.0 8.0 14.0 128.28934 116.04708 40.26684 2720.0
14.0 12.0 12.0 179.81071 86.36473 84.82655 10.0
14.0 12.0 14.0 128.28934 116.04708 40.26684 10.0
14.0 14.0 14.0 128.28934 116.04708 40.26684 7161.0
14.0 14.0 14.0 128.28934 116.04708 40.26684 7161.0
14.0 20.0 20.0 85.09046 53.74948 22.31396 9.0
14.0 20.0 14.0 128.28934 116.04708 40.26684 9.0
14.0 30.0 30.0 88.32154 139.9339 62.69271 207.0
14.0 30.0 14.0 128.28934 116.04708 40.26684 207.0
14.0 31.0 31.0 121.49381 38.95509 36.02592 6.0
14.0 31.0 14.0 128.28934 116.04708 40.26684 6.0
14.0 32.0 32.0 156.95556 89.08756 57.96886 1361.0
14.0 32.0 14.0 128.28934 116.04708 40.26684 1361.0
14.0 35.0 35.0 147.79488 121.1397 95.65339 308.0
14.0 35.0 14.0 128.28934 116.04708 40.26684 308.0
14.0 43.0 43.0 101.69962 137.72817 99.14767 2.0
14.0 43.0 14.0 128.28934 116.04708 40.26684 2.0
14.0 46.0 46.0 114.49209 130.24569 52.70951 2857.0
14.0 46.0 14.0 128.28934 116.04708 40.26684 2857.0
15.0 3.0 3.0 83.13994 3.82911 88.00604 21.0
15.0 3.0 15.0 145.09399 26.52648 64.71245 21.0
15.0 7.0 7.0 121.6426 13.43218 56.92236 1491.0
15.0 7.0 15.0 145.09399 26.52648 64.71245 1491.0
15.0 8.0 8.0 108.14369 85.97878 38.6646 72.0
15.0 8.0 15.0 145.09399 26.52648 64.71245 72.0
15.0 10.0 10.0 97.04249 3.92024 61.10098 68.0
15.0 10.0 15.0 145.09399 26.52648 64.71245 68.0
15.0 12.0 12.0 179.81071 86.36473 84.82655 32.0
15.0 12.0 15.0 145.09399 26.52648 64.71245 32.0
15.0 15.0 15.0 145.09399 26.52648 64.71245 5048.0
15.0 15.0 15.0 145.09399 26.52648 64.71245 5048.0
15.0 17.0 17.0 122.7884 11.00293 94.58205 889.0
15.0 17.0 15.0 145.09399 26.52648 64.71245 889.0
15.0 18.0 18.0 159.20223 24.83443 93.91785 1001.0
15.0 18.0 15.0 145.09399 26.52648 64.71245 1001.0
15.0 23.0 23.0 173.49231 43.56575 76.98779 713.0
15.0 23.0 15.0 145.09399 26.52648 64.71245 713.0
15.0 25.0 25.0 182.84191 63.98462 100.29045 6.0
15.0 25.0 15.0 145.09399 26.52648 64.71245 6.0
15.0 26.0 26.0 132.10338 45.16369 139.13338 6.0
15.0 26.0 15.0 145.09399 26.52648 64.71245 6.0
15.0 29.0 29.0 122.69607 20.59172 121.18419 54.0
15.0 29.0 15.0 145.09399 26.52648 64.71245 54.0
15.0 31.0 31.0 121.49381 38.95509 36.02592 1358.0
15.0 31.0 15.0 145.09399 26.52648 64.71245 1358.0
15.0 32.0 32.0 156.95556 89.08756 57.96886 347.0
15.0 32.0 15.0 145.09399 26.52648 64.71245 347.0
15.0 37.0 37.0 80.19971 11.04569 113.78344 1.0
15.0 37.0 15.0 145.09399 26.52648 64.71245 1.0
15.0 40.0 40.0 83.26221 23.54258 42.42914 4.0
15.0 40.0 15.0 145.09399 26.52648 64.71245 4.0
15.0 47.0 47.0 164.20304 62.75396 126.11362 10.0
15.0 47.0 15.0 145.09399 26.52648 64.71245 10.0
16.0 0.0 0.0 55.08222 48.91834 141.97481 1394.0
16.0 0.0 16.0 37.09661 39.1068 124.70999 1394.0
16.0 2.0 2.0 27.37734 25.34718 87.697 736.0
16.0 2.0 16.0 37.09661 39.1068 124.70999 736.0
16.0 3.0 3.0 83.13994 3.82911 88.00604 15.0
16.0 3.0 16.0 37.09661 39.1068 124.70999 15.0
16.0 4.0 4.0 72.05578 108.3962 139.66939 2.0
16.0 4.0 16.0 37.09661 39.1068 124.70999 2.0
16.0 6.0 6.0 5.47689 84.80245 74.39589 7.0
16.0 6.0 16.0 37.09661 39.1068 124.70999 7.0
16.0 11.0 11.0 48.52695 14.09937 56.56116 15.0
16.0 11.0 16.0 37.09661 39.1068 124.70999 15.0
16.0 13.0 13.0 21.77342 31.16106 56.46578 1.0
16.0 13.0 16.0 37.09661 39.1068 124.70999 1.0
16.0 16.0 16.0 37.09661 39.1068 124.70999 4225.0
16.0 16.0 16.0 37.09661 39.1068 124.70999 4225.0
16.0 22.0 22.0 25.08985 80.05559 119.45716 1234.0
16.0 22.0 16.0 37.09661 39.1068 124.70999 1234.0
16.0 23.0 23.0 173.49231 43.56575 76.98779 1.0
16.0 23.0 16.0 37.09661 39.1068 124.70999 1.0
16.0 26.0 26.0 132.10338 45.16369 139.13338 1.0
16.0 26.0 16.0 37.09661 39.1068 124.70999 1.0
16.0 27.0 27.0 18.71751 45.34354 103.72477 1146.0
16.0 27.0 16.0 37.09661 39.1068 124.70999 1146.0
16.0 28.0 28.0 84.30616 38.96608 143.15605 51.0
16.0 28.0 16.0 37.09661 39.1068 124.70999 51.0
16.0 33.0 33.0 97.17521 49.93371 149.2333 6.0
16.0 33.0 16.0 37.09661 39.1068 124.70999 6.0
16.0 36.0 36.0 51.16782 19.48925 119.67923 1057.0
16.0 36.0 16.0 37.09661 39.1068 124.70999 1057.0
16.0 37.0 37.0 80.19971 11.04569 113.78344 168.0
16.0 37.0 16.0 37.09661 39.1068 124.70999 168.0
16.0 38.0 38.0 88.70108 68.42603 152.61541 16.0
16.0 38.0 16.0 37.09661 39.1068 124.70999 16.0
16.0 42.0 42.0 56.62503 85.23874 144.9542 174.0
16.0 42.0 16.0 37.09661 39.1068 124.70999 174.0
16.0 44.0 44.0 70.25078 22.71678 131.34495 248.0
16.0 44.0 16.0 37.09661 39.1068 124.70999 248.0
17.0 3.0 3.0 83.13994 3.82911 88.00604 1185.0
17.0 3.0 17.0 122.7884 11.00293 94.58205 1185.0
17.0 7.0 7.0 121.6426 13.43218 56.92236 815.0
17.0 7.0 17.0 122.7884 11.00293 94.58205 815.0
17.0 10.0 10.0 97.04249 3.92024 61.10098 486.0
17.0 10.0 17.0 122.7884 11.00293 94.58205 486.0
17.0 15.0 15.0 145.09399 26.52648 64.71245 897.0
17.0 15.0 17.0 122.7884 11.00293 94.58205 897.0
17.0 17.0 17.0 122.7884 11.00293 94.58205 4997.0
17.0 17.0 17.0 122.7884 11.00293 94.58205 4997.0
17.0 18.0 18.0 159.20223 24.83443 93.91785 580.0
17.0 18.0 17.0 122.7884 11.00293 94.58205 580.0
17.0 19.0 19.0 66.42371 15.76321 45.43211 2.0
17.0 19.0 17.0 122.7884 11.00293 94.58205 2.0
17.0 23.0 23.0 173.49231 43.56575 76.98779 9.0
17.0 23.0 17.0 122.7884 11.00293 94.58205 9.0
17.0 26.0 26.0 132.10338 45.16369 139.13338 79.0
17.0 26.0 17.0 122.7884 11.00293 94.58205 79.0
17.0 28.0 28.0 84.30616 38.96608 143.15605 11.0
17.0 28.0 17.0 122.7884 11.00293 94.58205 11.0
17.0 29.0 29.0 122.69607 20.59172 121.18419 1498.0
17.0 29.0 17.0 122.7884 11.00293 94.58205 1498.0
17.0 31.0 31.0 121.49381 38.95509 36.02592 5.0
17.0 31.0 17.0 122.7884 11.00293 94.58205 5.0
17.0 33.0 33.0 97.17521 49.93371 149.2333 1.0
17.0 33.0 17.0 122.7884 11.00293 94.58205 1.0
17.0 37.0 37.0 80.19971 11.04569 113.78344 484.0
17.0 37.0 17.0 122.7884 11.00293 94.58205 484.0
17.0 40.0 40.0 83.26221 23.54258 42.42914 3.0
17.0 40.0 17.0 122.7884 11.00293 94.58205 3.0
17.0 44.0 44.0 70.25078 22.71678 131.34495 3.0
17.0 44.0 17.0 122.7884 11.00293 94.58205 3.0
17.0 45.0 45.0 34.99639 116.33443 28.63633 1.0
17.0 45.0 17.0 122.7884 11.00293 94.58205 1.0
17.0 47.0 47.0 164.20304 62.75396 126.11362 15.0
17.0 47.0 17.0 122.7884 11.00293 94.58205 15.0
18.0 3.0 3.0 83.13994 3.82911 88.00604 2.0
18.0 3.0 18.0 159.20223 24.83443 93.91785 2.0
18.0 7.0 7.0 121.6426 13.43218 56.92236 38.0
18.0 7.0 18.0 159.20223 24.83443 93.91785 38.0
18.0 12.0 12.0 179.81071 86.36473 84.82655 9.0
18.0 12.0 18.0 159.20223 24.83443 93.91785 9.0
18.0 15.0 15.0 145.09399 26.52648 64.71245 1103.0
18.0 15.0 18.0 159.20223 24.83443 93.91785 1103.0
18.0 17.0 17.0 122.7884 11.00293 94.58205 619.0
18.0 17.0 18.0 159.20223 24.83443 93.91785 619.0
18.0 18.0 18.0 159.20223 24.83443 93.91785 3190.0
18.0 18.0 18.0 159.20223 24.83443 93.91785 3190.0
18.0 23.0 23.0 173.49231 43.56575 76.98779 961.0
18.0 23.0 18.0 159.20223 24.83443 93.91785 961.0
18.0 25.0 25.0 182.84191 63.98462 100.29045 103.0
18.0 25.0 18.0 159.20223 24.83443 93.91785 103.0
18.0 26.0 26.0 132.10338 45.16369 139.13338 219.0
18.0 26.0 18.0 159.20223 24.83443 93.91785 219.0
18.0 29.0 29.0 122.69607 20.59172 121.18419 571.0
18.0 29.0 18.0 159.20223 24.83443 93.91785 571.0
18.0 31.0 31.0 121.49381 38.95509 36.02592 11.0
18.0 31.0 18.0 159.20223 24.83443 93.91785 11.0
18.0 32.0 32.0 156.95556 89.08756 57.96886 11.0
18.0 32.0 18.0 159.20223 24.83443 93.91785 11.0
18.0 37.0 37.0 80.19971 11.04569 113.78344 2.0
18.0 37.0 18.0 159.20223 24.83443 93.91785 2.0
18.0 47.0 47.0 164.20304 62.75396 126.11362 625.0
18.0 47.0 18.0 159.20223 24.83443 93.91785 625.0
19.0 1.0 1.0 66.21985 89.24355 7.46971 22.0
19.0 1.0 19.0 66.42371 15.76321 45.43211 22.0
19.0 2.0 2.0 27.37734 25.34718 87.697 14.0
19.0 2.0 19.0 66.42371 15.76321 45.43211 14.0
19.0 3.0 3.0 83.13994 3.82911 88.00604 452.0
19.0 3.0 19.0 66.42371 15.76321 45.43211 452.0
19.0 7.0 7.0 121.6426 13.43218 56.92236 12.0
19.0 7.0 19.0 66.42371 15.76321 45.43211 12.0
19.0 8.0 8.0 108.14369 85.97878 38.6646 1.0
19.0 8.0 19.0 66.42371 15.76321 45.43211 1.0
19.0 10.0 10.0 97.04249 3.92024 61.10098 561.0
19.0 10.0 19.0 66.42371 15.76321 45.43211 561.0
19.0 11.0 11.0 48.52695 14.09937 56.56116 1902.0
19.0 11.0 19.0 66.42371 15.76321 45.43211 1902.0
19.0 13.0 13.0 21.77342 31.16106 56.46578 68.0
19.0 13.0 19.0 66.42371 15.76321 45.43211 68.0
19.0 17.0 17.0 122.7884 11.00293 94.58205 1.0
19.0 17.0 19.0 66.42371 15.76321 45.43211 1.0
19.0 19.0 19.0 66.42371 15.76321 45.43211 2101.0
19.0 19.0 19.0 66.42371 15.76321 45.43211 2101.0
19.0 20.0 20.0 85.09046 53.74948 22.31396 547.0
19.0 20.0 19.0 66.42371 15.76321 45.43211 547.0
19.0 21.0 21.0 28.2748 78.1319 19.30449 19.0
19.0 21.0 19.0 66.42371 15.76321 45.43211 19.0
19.0 31.0 31.0 121.49381 38.95509 36.02592 36.0
19.0 31.0 19.0 66.42371 15.76321 45.43211 36.0
19.0 37.0 37.0 80.19971 11.04569 113.78344 19.0
19.0 37.0 19.0 66.42371 15.76321 45.43211 19.0
19.0 39.0 39.0 21.7764 50.18384 32.8116 221.0
19.0 39.0 19.0 66.42371 15.76321 45.43211 221.0
19.0 40.0 40.0 83.26221 23.54258 42.42914 1610.0
19.0 40.0 19.0 66.42371 15.76321 45.43211 1610.0
20.0 1.0 1.0 66.21985 89.24355 7.46971 2009.0
20.0 1.0 20.0 85.09046 53.74948 22.31396 2009.0
20.0 7.0 7.0 121.6426 13.43218 56.92236 11.0
20.0 7.0 20.0 85.09046 53.74948 22.31396 11.0
20.0 8.0 8.0 108.14369 85.97878 38.6646 3128.0
20.0 8.0 20.0 85.09046 53.74948 22.31396 3128.0
20.0 10.0 10.0 97.04249 3.92024 61.10098 26.0
20.0 10.0 20.0 85.09046 53.74948 22.31396 26.0
20.0 11.0 11.0 48.52695 14.09937 56.56116 246.0
20.0 11.0 20.0 85.09046 53.74948 22.31396 246.0
20.0 12.0 12.0 179.81071 86.36473 84.82655 1.0
20.0 12.0 20.0 85.09046 53.74948 22.31396 1.0
20.0 13.0 13.0 21.77342 31.16106 56.46578 6.0
20.0 13.0 20.0 85.09046 53.74948 22.31396 6.0
20.0 14.0 14.0 128.28934 116.04708 40.26684 5.0
20.0 14.0 20.0 85.09046 53.74948 22.31396 5.0
20.0 15.0 15.0 145.09399 26.52648 64.71245 1.0
20.0 15.0 20.0 85.09046 53.74948 22.31396 1.0
20.0 19.0 19.0 66.42371 15.76321 45.43211 538.0
20.0 19.0 20.0 85.09046 53.74948 22.31396 538.0
20.0 20.0 20.0 85.09046 53.74948 22.31396 12357.0
20.0 20.0 20.0 85.09046 53.74948 22.31396 12357.0
20.0 21.0 21.0 28.2748 78.1319 19.30449 251.0
20.0 21.0 20.0 85.09046 53.74948 22.31396 251.0
20.0 31.0 31.0 121.49381 38.95509 36.02592 2006.0
20.0 31.0 20.0 85.09046 53.74948 22.31396 2006.0
20.0 32.0 32.0 156.95556 89.08756 57.96886 4.0
20.0 32.0 20.0 85.09046 53.74948 22.31396 4.0
20.0 39.0 39.0 21.7764 50.18384 32.8116 486.0
20.0 39.0 20.0 85.09046 53.74948 22.31396 486.0
20.0 40.0 40.0 83.26221 23.54258 42.42914 1636.0
20.0 40.0 20.0 85.09046 53.74948 22.31396 1636.0
20.0 45.0 45.0 34.99639 116.33443 28.63633 2.0
20.0 45.0 20.0 85.09046 53.74948 22.31396 2.0
21.0 1.0 1.0 66.21985 89.24355 7.46971 1484.0
21.0 1.0 21.0 28.2748 78.1319 19.30449 1484.0
21.0 5.0 5.0 36.14422 130.01812 82.24033 11.0
21.0 5.0 21.0 28.2748 78.1319 19.30449 11.0
21.0 6.0 6.0 5.47689 84.80245 74.39589 603.0
21.0 6.0 21.0 28.2748 78.1319 19.30449 603.0
21.0 8.0 8.0 108.14369 85.97878 38.6646 2.0
21.0 8.0 21.0 28.2748 78.1319 19.30449 2.0
21.0 11.0 11.0 48.52695 14.09937 56.56116 28.0
21.0 11.0 21.0 28.2748 78.1319 19.30449 28.0
21.0 12.0 12.0 179.81071 86.36473 84.82655 1.0
21.0 12.0 21.0 28.2748 78.1319 19.30449 1.0
21.0 13.0 13.0 21.77342 31.16106 56.46578 8.0
21.0 13.0 21.0 28.2748 78.1319 19.30449 8.0
21.0 19.0 19.0 66.42371 15.76321 45.43211 15.0
21.0 19.0 21.0 28.2748 78.1319 19.30449 15.0
21.0 20.0 20.0 85.09046 53.74948 22.31396 259.0
21.0 20.0 21.0 28.2748 78.1319 19.30449 259.0
21.0 21.0 21.0 28.2748 78.1319 19.30449 6347.0
21.0 21.0 21.0 28.2748 78.1319 19.30449 6347.0
21.0 39.0 39.0 21.7764 50.18384 32.8116 2296.0
21.0 39.0 21.0 28.2748 78.1319 19.30449 2296.0
21.0 40.0 40.0 83.26221 23.54258 42.42914 3.0
21.0 40.0 21.0 28.2748 78.1319 19.30449 3.0
21.0 45.0 45.0 34.99639 116.33443 28.63633 1908.0
21.0 45.0 21.0 28.2748 78.1319 19.30449 1908.0
22.0 0.0 0.0 55.08222 48.91834 141.97481 615.0
22.0 0.0 22.0 25.08985 80.05559 119.45716 615.0
22.0 2.0 2.0 27.37734 25.34718 87.697 84.0
22.0 2.0 22.0 25.08985 80.05559 119.45716 84.0
22.0 4.0 4.0 72.05578 108.3962 139.66939 456.0
22.0 4.0 22.0 25.08985 80.05559 119.45716 456.0
22.0 5.0 5.0 36.14422 130.01812 82.24033 1201.0
22.0 5.0 22.0 25.08985 80.05559 119.45716 1201.0
22.0 6.0 6.0 5.47689 84.80245 74.39589 1870.0
22.0 6.0 22.0 25.08985 80.05559 119.45716 1870.0
22.0 8.0 8.0 108.14369 85.97878 38.6646 1.0
22.0 8.0 22.0 25.08985 80.05559 119.45716 1.0
22.0 13.0 13.0 21.77342 31.16106 56.46578 3.0
22.0 13.0 22.0 25.08985 80.05559 119.45716 3.0
22.0 16.0 16.0 37.09661 39.1068 124.70999 1229.0
22.0 16.0 22.0 25.08985 80.05559 119.45716 1229.0
22.0 22.0 22.0 25.08985 80.05559 119.45716 13925.0
22.0 22.0 22.0 25.08985 80.05559 119.45716 13925.0
22.0 27.0 27.0 18.71751 45.34354 103.72477 1331.0
22.0 27.0 22.0 25.08985 80.05559 119.45716 1331.0
22.0 28.0 28.0 84.30616 38.96608 143.15605 18.0
22.0 28.0 22.0 25.08985 80.05559 119.45716 18.0
22.0 33.0 33.0 97.17521 49.93371 149.2333 3.0
22.0 33.0 22.0 25.08985 80.05559 119.45716 3.0
22.0 36.0 36.0 51.16782 19.48925 119.67923 15.0
22.0 36.0 22.0 25.08985 80.05559 119.45716 15.0
22.0 37.0 37.0 80.19971 11.04569 113.78344 1.0
22.0 37.0 22.0 25.08985 80.05559 119.45716 1.0
22.0 38.0 38.0 88.70108 68.42603 152.61541 23.0
22.0 38.0 22.0 25.08985 80.05559 119.45716 23.0
22.0 41.0 41.0 59.80558 126.03978 122.50088 705.0
22.0 41.0 22.0 25.08985 80.05559 119.45716 705.0
22.0 42.0 42.0 56.62503 85.23874 144.9542 1670.0
22.0 42.0 22.0 25.08985 80.05559 119.45716 1670.0
22.0 43.0 43.0 101.69962 137.72817 99.14767 1.0
22.0 43.0 22.0 25.08985 80.05559 119.45716 1.0
22.0 44.0 44.0 70.25078 22.71678 131.34495 2.0
22.0 44.0 22.0 25.08985 80.05559 119.45716 2.0
23.0 7.0 7.0 121.6426 13.43218 56.92236 14.0
23.0 7.0 23.0 173.49231 43.56575 76.98779 14.0
23.0 8.0 8.0 108.14369 85.97878 38.6646 4.0
23.0 8.0 23.0 173.49231 43.56575 76.98779 4.0
23.0 12.0 12.0 179.81071 86.36473 84.82655 577.0
23.0 12.0 23.0 173.49231 43.56575 76.98779 577.0
23.0 15.0 15.0 145.09399 26.52648 64.71245 779.0
23.0 15.0 23.0 173.49231 43.56575 76.98779 779.0
23.0 17.0 17.0 122.7884 11.00293 94.58205 8.0
23.0 17.0 23.0 173.49231 43.56575 76.98779 8.0
23.0 18.0 18.0 159.20223 24.83443 93.91785 1019.0
23.0 18.0 23.0 173.49231 43.56575 76.98779 1019.0
23.0 23.0 23.0 173.49231 43.56575 76.98779 3277.0
23.0 23.0 23.0 173.49231 43.56575 76.98779 3277.0
23.0 25.0 25.0 182.84191 63.98462 100.29045 773.0
23.0 25.0 23.0 173.49231 43.56575 76.98779 773.0
23.0 26.0 26.0 132.10338 45.16369 139.13338 11.0
23.0 26.0 23.0 173.49231 43.56575 76.98779 11.0
23.0 29.0 29.0 122.69607 20.59172 121.18419 9.0
23.0 29.0 23.0 173.49231 43.56575 76.98779 9.0
23.0 31.0 31.0 121.49381 38.95509 36.02592 115.0
23.0 31.0 23.0 173.49231 43.56575 76.98779 115.0
23.0 32.0 32.0 156.95556 89.08756 57.96886 512.0
23.0 32.0 23.0 173.49231 43.56575 76.98779 512.0
23.0 37.0 37.0 80.19971 11.04569 113.78344 1.0
23.0 37.0 23.0 173.49231 43.56575 76.98779 1.0
23.0 47.0 47.0 164.20304 62.75396 126.11362 333.0
23.0 47.0 23.0 173.49231 43.56575 76.98779 333.0
24.0 0.0 0.0 55.08222 48.91834 141.97481 9.0
24.0 0.0 24.0 107.85946 87.21685 149.149 9.0
24.0 4.0 4.0 72.05578 108.3962 139.66939 1514.0
24.0 4.0 24.0 107.85946 87.21685 149.149 1514.0
24.0 9.0 9.0 78.56115 139.94162 102.59631 20.0
24.0 9.0 24.0 107.85946 87.21685 149.149 20.0
24.0 24.0 24.0 107.85946 87.21685 149.149 8794.0
24.0 24.0 24.0 107.85946 87.21685 149.149 8794.0
24.0 26.0 26.0 132.10338 45.16369 139.13338 907.0
24.0 26.0 24.0 107.85946 87.21685 149.149 907.0
24.0 28.0 28.0 84.30616 38.96608 143.15605 35.0
24.0 28.0 24.0 107.85946 87.21685 149.149 35.0
24.0 30.0 30.0 88.32154 139.9339 62.69271 1.0
24.0 30.0 24.0 107.85946 87.21685 149.149 1.0
24.0 33.0 33.0 97.17521 49.93371 149.2333 466.0
24.0 33.0 24.0 107.85946 87.21685 149.149 466.0
24.0 34.0 34.0 127.7886 111.24276 129.59221 2575.0
24.0 34.0 24.0 107.85946 87.21685 149.149 2575.0
24.0 35.0 35.0 147.79488 121.1397 95.65339 4.0
24.0 35.0 24.0 107.85946 87.21685 149.149 4.0
24.0 38.0 38.0 88.70108 68.42603 152.61541 1917.0
24.0 38.0 24.0 107.85946 87.21685 149.149 1917.0
24.0 41.0 41.0 59.80558 126.03978 122.50088 84.0
24.0 41.0 24.0 107.85946 87.21685 149.149 84.0
24.0 42.0 42.0 56.62503 85.23874 144.9542 533.0
24.0 42.0 24.0 107.85946 87.21685 149.149 533.0
24.0 43.0 43.0 101.69962 137.72817 99.14767 7.0
24.0 43.0 24.0 107.85946 87.21685 149.149 7.0
24.0 44.0 44.0 70.25078 22.71678 131.34495 2.0
24.0 44.0 24.0 107.85946 87.21685 149.149 2.0
24.0 47.0 47.0 164.20304 62.75396 126.11362 199.0
24.0 47.0 24.0 107.85946 87.21685 149.149 199.0
25.0 7.0 7.0 121.6426 13.43218 56.92236 1.0
25.0 7.0 25.0 182.84191 63.98462 100.29045 1.0
25.0 12.0 12.0 179.81071 86.36473 84.82655 1195.0
25.0 12.0 25.0 182.84191 63.98462 100.29045 1195.0
25.0 15.0 15.0 145.09399 26.52648 64.71245 6.0
25.0 15.0 25.0 182.84191 63.98462 100.29045 6.0
25.0 18.0 18.0 159.20223 24.83443 93.91785 123.0
25.0 18.0 25.0 182.84191 63.98462 100.29045 123.0
25.0 23.0 23.0 173.49231 43.56575 76.98779 746.0
25.0 23.0 25.0 182.84191 63.98462 100.29045 746.0
25.0 25.0 25.0 182.84191 63.98462 100.29045 2194.0
25.0 25.0 25.0 182.84191 63.98462 100.29045 2194.0
25.0 26.0 26.0 132.10338 45.16369 139.13338 8.0
25.0 26.0 25.0 182.84191 63.98462 100.29045 8.0
25.0 29.0 29.0 122.69607 20.59172 121.18419 1.0
25.0 29.0 25.0 182.84191 63.98462 100.29045 1.0
25.0 32.0 32.0 156.95556 89.08756 57.96886 44.0
25.0 32.0 25.0 182.84191 63.98462 100.29045 44.0
25.0 34.0 34.0 127.7886 111.24276 129.59221 26.0
25.0 34.0 25.0 182.84191 63.98462 100.29045 26.0
25.0 35.0 35.0 147.79488 121.1397 95.65339 77.0
25.0 35.0 25.0 182.84191 63.98462 100.29045 77.0
25.0 47.0 47.0 164.20304 62.75396 126.11362 1218.0
25.0 47.0 25.0 182.84191 63.98462 100.29045 1218.0
26.0 0.0 0.0 55.08222 48.91834 141.97481 1.0
26.0 0.0 26.0 132.10338 45.16369 139.13338 1.0
26.0 3.0 3.0 83.13994 3.82911 88.00604 2.0
26.0 3.0 26.0 132.10338 45.16369 139.13338 2.0
26.0 15.0 15.0 145.09399 26.52648 64.71245 1.0
26.0 15.0 26.0 132.10338 45.16369 139.13338 1.0
26.0 17.0 17.0 122.7884 11.00293 94.58205 92.0
26.0 17.0 26.0 132.10338 45.16369 139.13338 92.0
26.0 18.0 18.0 159.20223 24.83443 93.91785 223.0
26.0 18.0 26.0 132.10338 45.16369 139.13338 223.0
26.0 23.0 23.0 173.49231 43.56575 76.98779 4.0
26.0 23.0 26.0 132.10338 45.16369 139.13338 4.0
26.0 24.0 24.0 107.85946 87.21685 149.149 991.0
26.0 24.0 26.0 132.10338 45.16369 139.13338 991.0
26.0 25.0 25.0 182.84191 63.98462 100.29045 4.0
26.0 25.0 26.0 132.10338 45.16369 139.13338 4.0
26.0 26.0 26.0 132.10338 45.16369 139.13338 7998.0
26.0 26.0 26.0 132.10338 45.16369 139.13338 7998.0
26.0 28.0 28.0 84.30616 38.96608 143.15605 452.0
26.0 28.0 26.0 132.10338 45.16369 139.13338 452.0
26.0 29.0 29.0 122.69607 20.59172 121.18419 1851.0
26.0 29.0 26.0 132.10338 45.16369 139.13338 1851.0
26.0 33.0 33.0 97.17521 49.93371 149.2333 1072.0
26.0 33.0 26.0 132.10338 45.16369 139.13338 1072.0
26.0 34.0 34.0 127.7886 111.24276 129.59221 287.0
26.0 34.0 26.0 132.10338 45.16369 139.13338 287.0
26.0 35.0 35.0 147.79488 121.1397 95.65339 1.0
26.0 35.0 26.0 132.10338 45.16369 139.13338 1.0
26.0 37.0 37.0 80.19971 11.04569 113.78344 107.0
26.0 37.0 26.0 132.10338 45.16369 139.13338 107.0
26.0 38.0 38.0 88.70108 68.42603 152.61541 400.0
26.0 38.0 26.0 132.10338 45.16369 139.13338 400.0
26.0 44.0 44.0 70.25078 22.71678 131.34495 13.0
26.0 44.0 26.0 132.10338 45.16369 139.13338 13.0
26.0 47.0 47.0 164.20304 62.75396 126.11362 1680.0
26.0 47.0 26.0 132.10338 45.16369 139.13338 1680.0
27.0 0.0 0.0 55.08222 48.91834 141.97481 46.0
27.0 0.0 27.0 18.71751 45.34354 103.72477 46.0
27.0 2.0 2.0 27.37734 25.34718 87.697 1615.0
27.0 2.0 27.0 18.71751 45.34354 103.72477 1615.0
27.0 3.0 3.0 83.13994 3.82911 88.00604 1.0
27.0 3.0 27.0 18.71751 45.34354 103.72477 1.0
27.0 5.0 5.0 36.14422 130.01812 82.24033 1.0
27.0 5.0 27.0 18.71751 45.34354 103.72477 1.0
27.0 6.0 6.0 5.47689 84.80245 74.39589 797.0
27.0 6.0 27.0 18.71751 45.34354 103.72477 797.0
27.0 11.0 11.0 48.52695 14.09937 56.56116 17.0
27.0 11.0 27.0 18.71751 45.34354 103.72477 17.0
27.0 13.0 13.0 21.77342 31.16106 56.46578 118.0
27.0 13.0 27.0 18.71751 45.34354 103.72477 118.0
27.0 16.0 16.0 37.09661 39.1068 124.70999 1255.0
27.0 16.0 27.0 18.71751 45.34354 103.72477 1255.0
27.0 22.0 22.0 25.08985 80.05559 119.45716 1377.0
27.0 22.0 27.0 18.71751 45.34354 103.72477 1377.0
27.0 27.0 27.0 18.71751 45.34354 103.72477 3318.0
27.0 27.0 27.0 18.71751 45.34354 103.72477 3318.0
27.0 36.0 36.0 51.16782 19.48925 119.67923 93.0
27.0 36.0 27.0 18.71751 45.34354 103.72477 93.0
27.0 37.0 37.0 80.19971 11.04569 113.78344 8.0
27.0 37.0 27.0 18.71751 45.34354 103.72477 8.0
27.0 39.0 39.0 21.7764 50.18384 32.8116 21.0
27.0 39.0 27.0 18.71751 45.34354 103.72477 21.0
27.0 42.0 42.0 56.62503 85.23874 144.9542 2.0
27.0 42.0 27.0 18.71751 45.34354 103.72477 2.0
27.0 44.0 44.0 70.25078 22.71678 131.34495 8.0
27.0 44.0 27.0 18.71751 45.34354 103.72477 8.0
28.0 0.0 0.0 55.08222 48.91834 141.97481 1091.0
28.0 0.0 28.0 84.30616 38.96608 143.15605 1091.0
28.0 3.0 3.0 83.13994 3.82911 88.00604 5.0
28.0 3.0 28.0 84.30616 38.96608 143.15605 5.0
28.0 4.0 4.0 72.05578 108.3962 139.66939 4.0
28.0 4.0 28.0 84.30616 38.96608 143.15605 4.0
28.0 5.0 5.0 36.14422 130.01812 82.24033 1.0
28.0 5.0 28.0 84.30616 38.96608 143.15605 1.0
28.0 16.0 16.0 37.09661 39.1068 124.70999 49.0
28.0 16.0 28.0 84.30616 38.96608 143.15605 49.0
28.0 17.0 17.0 122.7884 11.00293 94.58205 10.0
28.0 17.0 28.0 84.30616 38.96608 143.15605 10.0
28.0 22.0 22.0 25.08985 80.05559 119.45716 14.0
28.0 22.0 28.0 84.30616 38.96608 143.15605 14.0
28.0 24.0 24.0 107.85946 87.21685 149.149 34.0
28.0 24.0 28.0 84.30616 38.96608 143.15605 34.0
28.0 26.0 26.0 132.10338 45.16369 139.13338 403.0
28.0 26.0 28.0 84.30616 38.96608 143.15605 403.0
28.0 28.0 28.0 84.30616 38.96608 143.15605 3125.0
28.0 28.0 28.0 84.30616 38.96608 143.15605 3125.0
28.0 29.0 29.0 122.69607 20.59172 121.18419 447.0
28.0 29.0 28.0 84.30616 38.96608 143.15605 447.0
28.0 33.0 33.0 97.17521 49.93371 149.2333 1614.0
28.0 33.0 28.0 84.30616 38.96608 143.15605 1614.0
28.0 36.0 36.0 51.16782 19.48925 119.67923 82.0
28.0 36.0 28.0 84.30616 38.96608 143.15605 82.0
28.0 37.0 37.0 80.19971 11.04569 113.78344 703.0
28.0 37.0 28.0 84.30616 38.96608 143.15605 703.0
28.0 38.0 38.0 88.70108 68.42603 152.61541 589.0
28.0 38.0 28.0 84.30616 38.96608 143.15605 589.0
28.0 42.0 42.0 56.62503 85.23874 144.9542 179.0
28.0 42.0 28.0 84.30616 38.96608 143.15605 179.0
28.0 44.0 44.0 70.25078 22.71678 131.34495 936.0
28.0 44.0 28.0 84.30616 38.96608 143.15605 936.0
29.0 0.0 0.0 55.08222 48.91834 141.97481 2.0
29.0 0.0 29.0 122.69607 20.59172 121.18419 2.0
29.0 3.0 3.0 83.13994 3.82911 88.00604 229.0
29.0 3.0 29.0 122.69607 20.59172 121.18419 229.0
29.0 7.0 7.0 121.6426 13.43218 56.92236 10.0
29.0 7.0 29.0 122.69607 20.59172 121.18419 10.0
29.0 10.0 10.0 97.04249 3.92024 61.10098 1.0
29.0 10.0 29.0 122.69607 20.59172 121.18419 1.0
29.0 15.0 15.0 145.09399 26.52648 64.71245 60.0
29.0 15.0 29.0 122.69607 20.59172 121.18419 60.0
29.0 17.0 17.0 122.7884 11.00293 94.58205 1575.0
29.0 17.0 29.0 122.69607 20.59172 121.18419 1575.0
29.0 18.0 18.0 159.20223 24.83443 93.91785 517.0
29.0 18.0 29.0 122.69607 20.59172 121.18419 517.0
29.0 23.0 23.0 173.49231 43.56575 76.98779 14.0
29.0 23.0 29.0 122.69607 20.59172 121.18419 14.0
29.0 25.0 25.0 182.84191 63.98462 100.29045 1.0
29.0 25.0 29.0 122.69607 20.59172 121.18419 1.0
29.0 26.0 26.0 132.10338 45.16369 139.13338 1799.0
29.0 26.0 29.0 122.69607 20.59172 121.18419 1799.0
29.0 28.0 28.0 84.30616 38.96608 143.15605 454.0
29.0 28.0 29.0 122.69607 20.59172 121.18419 454.0
29.0 29.0 29.0 122.69607 20.59172 121.18419 4707.0
29.0 29.0 29.0 122.69607 20.59172 121.18419 4707.0
29.0 33.0 33.0 97.17521 49.93371 149.2333 188.0
29.0 33.0 29.0 122.69607 20.59172 121.18419 188.0
29.0 37.0 37.0 80.19971 11.04569 113.78344 1171.0
29.0 37.0 29.0 122.69607 20.59172 121.18419 1171.0
29.0 38.0 38.0 88.70108 68.42603 152.61541 4.0
29.0 38.0 29.0 122.69607 20.59172 121.18419 4.0
29.0 44.0 44.0 70.25078 22.71678 131.34495 85.0
29.0 44.0 29.0 122.69607 20.59172 121.18419 85.0
29.0 46.0 46.0 114.49209 130.24569 52.70951 1.0
29.0 46.0 29.0 122.69607 20.59172 121.18419 1.0
29.0 47.0 47.0 164.20304 62.75396 126.11362 233.0
29.0 47.0 29.0 122.69607 20.59172 121.18419 233.0
30.0 1.0 1.0 66.21985 89.24355 7.46971 318.0
30.0 1.0 30.0 88.32154 139.9339 62.69271 318.0
30.0 5.0 5.0 36.14422 130.01812 82.24033 1689.0
30.0 5.0 30.0 88.32154 139.9339 62.69271 1689.0
30.0 8.0 8.0 108.14369 85.97878 38.6646 575.0
30.0 8.0 30.0 88.32154 139.9339 62.69271 575.0
30.0 9.0 9.0 78.56115 139.94162 102.59631 1126.0
30.0 9.0 30.0 88.32154 139.9339 62.69271 1126.0
30.0 14.0 14.0 128.28934 116.04708 40.26684 216.0
30.0 14.0 30.0 88.32154 139.9339 62.69271 216.0
30.0 23.0 23.0 173.49231 43.56575 76.98779 1.0
30.0 23.0 30.0 88.32154 139.9339 62.69271 1.0
30.0 30.0 30.0 88.32154 139.9339 62.69271 14849.0
30.0 30.0 30.0 88.32154 139.9339 62.69271 14849.0
30.0 32.0 32.0 156.95556 89.08756 57.96886 2.0
30.0 32.0 30.0 88.32154 139.9339 62.69271 2.0
30.0 34.0 34.0 127.7886 111.24276 129.59221 73.0
30.0 34.0 30.0 88.32154 139.9339 62.69271 73.0
30.0 35.0 35.0 147.79488 121.1397 95.65339 706.0
30.0 35.0 30.0 88.32154 139.9339 62.69271 706.0
30.0 41.0 41.0 59.80558 126.03978 122.50088 19.0
30.0 41.0 30.0 88.32154 139.9339 62.69271 19.0
30.0 43.0 43.0 101.69962 137.72817 99.14767 2234.0
30.0 43.0 30.0 88.32154 139.9339 62.69271 2234.0
30.0 45.0 45.0 34.99639 116.33443 28.63633 766.0
30.0 45.0 30.0 88.32154 139.9339 62.69271 766.0
30.0 46.0 46.0 114.49209 130.24569 52.70951 3345.0
30.0 46.0 30.0 88.32154 139.9339 62.69271 3345.0
31.0 1.0 1.0 66.21985 89.24355 7.46971 1.0
31.0 1.0 31.0 121.49381 38.95509 36.02592 1.0
31.0 3.0 3.0 83.13994 3.82911 88.00604 1.0
31.0 3.0 31.0 121.49381 38.95509 36.02592 1.0
31.0 7.0 7.0 121.6426 13.43218 56.92236 1573.0
31.0 7.0 31.0 121.49381 38.95509 36.02592 1573.0
31.0 8.0 8.0 108.14369 85.97878 38.6646 1969.0
31.0 8.0 31.0 121.49381 38.95509 36.02592 1969.0
31.0 10.0 10.0 97.04249 3.92024 61.10098 380.0
31.0 10.0 31.0 121.49381 38.95509 36.02592 380.0
31.0 11.0 11.0 48.52695 14.09937 56.56116 4.0
31.0 11.0 31.0 121.49381 38.95509 36.02592 4.0
31.0 12.0 12.0 179.81071 86.36473 84.82655 7.0
31.0 12.0 31.0 121.49381 38.95509 36.02592 7.0
31.0 14.0 14.0 128.28934 116.04708 40.26684 3.0
31.0 14.0 31.0 121.49381 38.95509 36.02592 3.0
31.0 15.0 15.0 145.09399 26.52648 64.71245 1343.0
31.0 15.0 31.0 121.49381 38.95509 36.02592 1343.0
31.0 17.0 17.0 122.7884 11.00293 94.58205 5.0
31.0 17.0 31.0 121.49381 38.95509 36.02592 5.0
31.0 18.0 18.0 159.20223 24.83443 93.91785 8.0
31.0 18.0 31.0 121.49381 38.95509 36.02592 8.0
31.0 19.0 19.0 66.42371 15.76321 45.43211 24.0
31.0 19.0 31.0 121.49381 38.95509 36.02592 24.0
31.0 20.0 20.0 85.09046 53.74948 22.31396 2114.0
31.0 20.0 31.0 121.49381 38.95509 36.02592 2114.0
31.0 23.0 23.0 173.49231 43.56575 76.98779 113.0
31.0 23.0 31.0 121.49381 38.95509 36.02592 113.0
31.0 31.0 31.0 121.49381 38.95509 36.02592 11781.0
31.0 31.0 31.0 121.49381 38.95509 36.02592 11781.0
31.0 32.0 32.0 156.95556 89.08756 57.96886 526.0
31.0 32.0 31.0 121.49381 38.95509 36.02592 526.0
31.0 40.0 40.0 83.26221 23.54258 42.42914 1052.0
31.0 40.0 31.0 121.49381 38.95509 36.02592 1052.0
31.0 45.0 45.0 34.99639 116.33443 28.63633 1.0
31.0 45.0 31.0 121.49381 38.95509 36.02592 1.0
32.0 7.0 7.0 121.6426 13.43218 56.92236 3.0
32.0 7.0 32.0 156.95556 89.08756 57.96886 3.0
32.0 8.0 8.0 108.14369 85.97878 38.6646 1613.0
32.0 8.0 32.0 156.95556 89.08756 57.96886 1613.0
32.0 12.0 12.0 179.81071 86.36473 84.82655 1641.0
32.0 12.0 32.0 156.95556 89.08756 57.96886 1641.0
32.0 14.0 14.0 128.28934 116.04708 40.26684 1473.0
32.0 14.0 32.0 156.95556 89.08756 57.96886 1473.0
32.0 15.0 15.0 145.09399 26.52648 64.71245 361.0
32.0 15.0 32.0 156.95556 89.08756 57.96886 361.0
32.0 18.0 18.0 159.20223 24.83443 93.91785 8.0
32.0 18.0 32.0 156.95556 89.08756 57.96886 8.0
32.0 20.0 20.0 85.09046 53.74948 22.31396 9.0
32.0 20.0 32.0 156.95556 89.08756 57.96886 9.0
32.0 23.0 23.0 173.49231 43.56575 76.98779 446.0
32.0 23.0 32.0 156.95556 89.08756 57.96886 446.0
32.0 25.0 25.0 182.84191 63.98462 100.29045 52.0
32.0 25.0 32.0 156.95556 89.08756 57.96886 52.0
32.0 30.0 30.0 88.32154 139.9339 62.69271 5.0
32.0 30.0 32.0 156.95556 89.08756 57.96886 5.0
32.0 31.0 31.0 121.49381 38.95509 36.02592 569.0
32.0 31.0 32.0 156.95556 89.08756 57.96886 569.0
32.0 32.0 32.0 156.95556 89.08756 57.96886 9161.0
32.0 32.0 32.0 156.95556 89.08756 57.96886 9161.0
32.0 35.0 35.0 147.79488 121.1397 95.65339 901.0
32.0 35.0 32.0 156.95556 89.08756 57.96886 901.0
32.0 46.0 46.0 114.49209 130.24569 52.70951 313.0
32.0 46.0 32.0 156.95556 89.08756 57.96886 313.0
32.0 47.0 47.0 164.20304 62.75396 126.11362 1.0
32.0 47.0 32.0 156.95556 89.08756 57.96886 1.0
33.0 0.0 0.0 55.08222 48.91834 141.97481 218.0
33.0 0.0 33.0 97.17521 49.93371 149.2333 218.0
33.0 4.0 4.0 72.05578 108.3962 139.66939 5.0
33.0 4.0 33.0 97.17521 49.93371 149.2333 5.0
33.0 16.0 16.0 37.09661 39.1068 124.70999 3.0
33.0 16.0 33.0 97.17521 49.93371 149.2333 3.0
33.0 17.0 17.0 122.7884 11.00293 94.58205 2.0
33.0 17.0 33.0 97.17521 49.93371 149.2333 2.0
33.0 18.0 18.0 159.20223 24.83443 93.91785 1.0
33.0 18.0 33.0 97.17521 49.93371 149.2333 1.0
33.0 22.0 22.0 25.08985 80.05559 119.45716 2.0
33.0 22.0 33.0 97.17521 49.93371 149.2333 2.0
33.0 24.0 24.0 107.85946 87.21685 149.149 503.0
33.0 24.0 33.0 97.17521 49.93371 149.2333 503.0
33.0 26.0 26.0 132.10338 45.16369 139.13338 1062.0
33.0 26.0 33.0 97.17521 49.93371 149.2333 1062.0
33.0 28.0 28.0 84.30616 38.96608 143.15605 1602.0
33.0 28.0 33.0 97.17521 49.93371 149.2333 1602.0
33.0 29.0 29.0 122.69607 20.59172 121.18419 192.0
33.0 29.0 33.0 97.17521 49.93371 149.2333 192.0
33.0 33.0 33.0 97.17521 49.93371 149.2333 2625.0
33.0 33.0 33.0 97.17521 49.93371 149.2333 2625.0
33.0 34.0 34.0 127.7886 111.24276 129.59221 3.0
33.0 34.0 33.0 97.17521 49.93371 149.2333 3.0
33.0 37.0 37.0 80.19971 11.04569 113.78344 92.0
33.0 37.0 33.0 97.17521 49.93371 149.2333 92.0
33.0 38.0 38.0 88.70108 68.42603 152.61541 1563.0
33.0 38.0 33.0 97.17521 49.93371 149.2333 1563.0
33.0 42.0 42.0 56.62503 85.23874 144.9542 140.0
33.0 42.0 33.0 97.17521 49.93371 149.2333 140.0
33.0 44.0 44.0 70.25078 22.71678 131.34495 108.0
33.0 44.0 33.0 97.17521 49.93371 149.2333 108.0
33.0 47.0 47.0 164.20304 62.75396 126.11362 3.0
33.0 47.0 33.0 97.17521 49.93371 149.2333 3.0
34.0 4.0 4.0 72.05578 108.3962 139.66939 950.0
34.0 4.0 34.0 127.7886 111.24276 129.59221 950.0
34.0 5.0 5.0 36.14422 130.01812 82.24033 1.0
34.0 5.0 34.0 127.7886 111.24276 129.59221 1.0
34.0 9.0 9.0 78.56115 139.94162 102.59631 607.0
34.0 9.0 34.0 127.7886 111.24276 129.59221 607.0
34.0 12.0 12.0 179.81071 86.36473 84.82655 84.0
34.0 12.0 34.0 127.7886 111.24276 129.59221 84.0
34.0 14.0 14.0 128.28934 116.04708 40.26684 2.0
34.0 14.0 34.0 127.7886 111.24276 129.59221 2.0
34.0 24.0 24.0 107.85946 87.21685 149.149 2594.0
34.0 24.0 34.0 127.7886 111.24276 129.59221 2594.0
34.0 25.0 25.0 182.84191 63.98462 100.29045 23.0
34.0 25.0 34.0 127.7886 111.24276 129.59221 23.0
34.0 26.0 26.0 132.10338 45.16369 139.13338 299.0
34.0 26.0 34.0 127.7886 111.24276 129.59221 299.0
34.0 30.0 30.0 88.32154 139.9339 62.69271 86.0
34.0 30.0 34.0 127.7886 111.24276 129.59221 86.0
34.0 32.0 32.0 156.95556 89.08756 57.96886 4.0
34.0 32.0 34.0 127.7886 111.24276 129.59221 4.0
34.0 33.0 33.0 97.17521 49.93371 149.2333 6.0
34.0 33.0 34.0 127.7886 111.24276 129.59221 6.0
34.0 34.0 34.0 127.7886 111.24276 129.59221 16920.0
34.0 34.0 34.0 127.7886 111.24276 129.59221 16920.0
34.0 35.0 35.0 147.79488 121.1397 95.65339 2527.0
34.0 35.0 34.0 127.7886 111.24276 129.59221 2527.0
34.0 38.0 38.0 88.70108 68.42603 152.61541 33.0
34.0 38.0 34.0 127.7886 111.24276 129.59221 33.0
34.0 41.0 41.0 59.80558 126.03978 122.50088 408.0
34.0 41.0 34.0 127.7886 111.24276 129.59221 408.0
34.0 42.0 42.0 56.62503 85.23874 144.9542 11.0
34.0 42.0 34.0 127.7886 111.24276 129.59221 11.0
34.0 43.0 43.0 101.69962 137.72817 99.14767 1440.0
34.0 43.0 34.0 127.7886 111.24276 129.59221 1440.0
34.0 46.0 46.0 114.49209 130.24569 52.70951 9.0
34.0 46.0 34.0 127.7886 111.24276 129.59221 9.0
34.0 47.0 47.0 164.20304 62.75396 126.11362 1125.0
34.0 47.0 34.0 127.7886 111.24276 129.59221 1125.0
35.0 8.0 8.0 108.14369 85.97878 38.6646 4.0
35.0 8.0 35.0 147.79488 121.1397 95.65339 4.0
35.0 9.0 9.0 78.56115 139.94162 102.59631 23.0
35.0 9.0 35.0 147.79488 121.1397 95.65339 23.0
35.0 12.0 12.0 179.81071 86.36473 84.82655 1116.0
35.0 12.0 35.0 147.79488 121.1397 95.65339 1116.0
35.0 14.0 14.0 128.28934 116.04708 40.26684 309.0
35.0 14.0 35.0 147.79488 121.1397 95.65339 309.0
35.0 24.0 24.0 107.85946 87.21685 149.149 4.0
35.0 24.0 35.0 147.79488 121.1397 95.65339 4.0
35.0 25.0 25.0 182.84191 63.98462 100.29045 81.0
35.0 25.0 35.0 147.79488 121.1397 95.65339 81.0
35.0 26.0 26.0 132.10338 45.16369 139.13338 1.0
35.0 26.0 35.0 147.79488 121.1397 95.65339 1.0
35.0 28.0 28.0 84.30616 38.96608 143.15605 1.0
35.0 28.0 35.0 147.79488 121.1397 95.65339 1.0
35.0 30.0 30.0 88.32154 139.9339 62.69271 717.0
35.0 30.0 35.0 147.79488 121.1397 95.65339 717.0
35.0 32.0 32.0 156.95556 89.08756 57.96886 874.0
35.0 32.0 35.0 147.79488 121.1397 95.65339 874.0
35.0 34.0 34.0 127.7886 111.24276 129.59221 2652.0
35.0 34.0 35.0 147.79488 121.1397 95.65339 2652.0
35.0 35.0 35.0 147.79488 121.1397 95.65339 11348.0
35.0 35.0 35.0 147.79488 121.1397 95.65339 11348.0
35.0 41.0 41.0 59.80558 126.03978 122.50088 2.0
35.0 41.0 35.0 147.79488 121.1397 95.65339 2.0
35.0 43.0 43.0 101.69962 137.72817 99.14767 895.0
35.0 43.0 35.0 147.79488 121.1397 95.65339 895.0
35.0 46.0 46.0 114.49209 130.24569 52.70951 1179.0
35.0 46.0 35.0 147.79488 121.1397 95.65339 1179.0
35.0 47.0 47.0 164.20304 62.75396 126.11362 330.0
35.0 47.0 35.0 147.79488 121.1397 95.65339 330.0
36.0 0.0 0.0 55.08222 48.91834 141.97481 492.0
36.0 0.0 36.0 51.16782 19.48925 119.67923 492.0
36.0 2.0 2.0 27.37734 25.34718 87.697 513.0
36.0 2.0 36.0 51.16782 19.48925 119.67923 513.0
36.0 3.0 3.0 83.13994 3.82911 88.00604 153.0
36.0 3.0 36.0 51.16782 19.48925 119.67923 153.0
36.0 11.0 11.0 48.52695 14.09937 56.56116 73.0
36.0 11.0 36.0 51.16782 19.48925 119.67923 73.0
36.0 13.0 13.0 21.77342 31.16106 56.46578 2.0
36.0 13.0 36.0 51.16782 19.48925 119.67923 2.0
36.0 16.0 16.0 37.09661 39.1068 124.70999 972.0
36.0 16.0 36.0 51.16782 19.48925 119.67923 972.0
36.0 22.0 22.0 25.08985 80.05559 119.45716 10.0
36.0 22.0 36.0 51.16782 19.48925 119.67923 10.0
36.0 27.0 27.0 18.71751 45.34354 103.72477 92.0
36.0 27.0 36.0 51.16782 19.48925 119.67923 92.0
36.0 28.0 28.0 84.30616 38.96608 143.15605 86.0
36.0 28.0 36.0 51.16782 19.48925 119.67923 86.0
36.0 29.0 29.0 122.69607 20.59172 121.18419 1.0
36.0 29.0 36.0 51.16782 19.48925 119.67923 1.0
36.0 33.0 33.0 97.17521 49.93371 149.2333 4.0
36.0 33.0 36.0 51.16782 19.48925 119.67923 4.0
36.0 36.0 36.0 51.16782 19.48925 119.67923 1493.0
36.0 36.0 36.0 51.16782 19.48925 119.67923 1493.0
36.0 37.0 37.0 80.19971 11.04569 113.78344 920.0
36.0 37.0 36.0 51.16782 19.48925 119.67923 920.0
36.0 38.0 38.0 88.70108 68.42603 152.61541 1.0
36.0 38.0 36.0 51.16782 19.48925 119.67923 1.0
36.0 42.0 42.0 56.62503 85.23874 144.9542 2.0
36.0 42.0 36.0 51.16782 19.48925 119.67923 2.0
36.0 44.0 44.0 70.25078 22.71678 131.34495 789.0
36.0 44.0 36.0 51.16782 19.48925 119.67923 789.0
37.0 0.0 0.0 55.08222 48.91834 141.97481 86.0
37.0 0.0 37.0 80.19971 11.04569 113.78344 86.0
37.0 2.0 2.0 27.37734 25.34718 87.697 394.0
37.0 2.0 37.0 80.19971 11.04569 113.78344 394.0
37.0 3.0 3.0 83.13994 3.82911 88.00604 2518.0
37.0 3.0 37.0 80.19971 11.04569 113.78344 2518.0
37.0 7.0 7.0 121.6426 13.43218 56.92236 5.0
37.0 7.0 37.0 80.19971 11.04569 113.78344 5.0
37.0 10.0 10.0 97.04249 3.92024 61.10098 46.0
37.0 10.0 37.0 80.19971 11.04569 113.78344 46.0
37.0 11.0 11.0 48.52695 14.09937 56.56116 274.0
37.0 11.0 37.0 80.19971 11.04569 113.78344 274.0
37.0 13.0 13.0 21.77342 31.16106 56.46578 3.0
37.0 13.0 37.0 80.19971 11.04569 113.78344 3.0
37.0 16.0 16.0 37.09661 39.1068 124.70999 165.0
37.0 16.0 37.0 80.19971 11.04569 113.78344 165.0
37.0 17.0 17.0 122.7884 11.00293 94.58205 485.0
37.0 17.0 37.0 80.19971 11.04569 113.78344 485.0
37.0 18.0 18.0 159.20223 24.83443 93.91785 2.0
37.0 18.0 37.0 80.19971 11.04569 113.78344 2.0
37.0 19.0 19.0 66.42371 15.76321 45.43211 20.0
37.0 19.0 37.0 80.19971 11.04569 113.78344 20.0
37.0 26.0 26.0 132.10338 45.16369 139.13338 101.0
37.0 26.0 37.0 80.19971 11.04569 113.78344 101.0
37.0 27.0 27.0 18.71751 45.34354 103.72477 15.0
37.0 27.0 37.0 80.19971 11.04569 113.78344 15.0
37.0 28.0 28.0 84.30616 38.96608 143.15605 730.0
37.0 28.0 37.0 80.19971 11.04569 113.78344 730.0
37.0 29.0 29.0 122.69607 20.59172 121.18419 1093.0
37.0 29.0 37.0 80.19971 11.04569 113.78344 1093.0
37.0 33.0 33.0 97.17521 49.93371 149.2333 103.0
37.0 33.0 37.0 80.19971 11.04569 113.78344 103.0
37.0 36.0 36.0 51.16782 19.48925 119.67923 893.0
37.0 36.0 37.0 80.19971 11.04569 113.78344 893.0
37.0 37.0 37.0 80.19971 11.04569 113.78344 8031.0
37.0 37.0 37.0 80.19971 11.04569 113.78344 8031.0
37.0 38.0 38.0 88.70108 68.42603 152.61541 1.0
37.0 38.0 37.0 80.19971 11.04569 113.78344 1.0
37.0 40.0 40.0 83.26221 23.54258 42.42914 1.0
37.0 40.0 37.0 80.19971 11.04569 113.78344 1.0
37.0 42.0 42.0 56.62503 85.23874 144.9542 1.0
37.0 42.0 37.0 80.19971 11.04569 113.78344 1.0
37.0 44.0 44.0 70.25078 22.71678 131.34495 1453.0
37.0 44.0 37.0 80.19971 11.04569 113.78344 1453.0
38.0 0.0 0.0 55.08222 48.91834 141.97481 419.0
38.0 0.0 38.0 88.70108 68.42603 152.61541 419.0
38.0 4.0 4.0 72.05578 108.3962 139.66939 229.0
38.0 4.0 38.0 88.70108 68.42603 152.61541 229.0
38.0 16.0 16.0 37.09661 39.1068 124.70999 16.0
38.0 16.0 38.0 88.70108 68.42603 152.61541 16.0
38.0 22.0 22.0 25.08985 80.05559 119.45716 21.0
38.0 22.0 38.0 88.70108 68.42603 152.61541 21.0
38.0 24.0 24.0 107.85946 87.21685 149.149 1939.0
38.0 24.0 38.0 88.70108 68.42603 152.61541 1939.0
38.0 26.0 26.0 132.10338 45.16369 139.13338 401.0
38.0 26.0 38.0 88.70108 68.42603 152.61541 401.0
38.0 28.0 28.0 84.30616 38.96608 143.15605 587.0
38.0 28.0 38.0 88.70108 68.42603 152.61541 587.0
38.0 29.0 29.0 122.69607 20.59172 121.18419 5.0
38.0 29.0 38.0 88.70108 68.42603 152.61541 5.0
38.0 33.0 33.0 97.17521 49.93371 149.2333 1500.0
38.0 33.0 38.0 88.70108 68.42603 152.61541 1500.0
38.0 34.0 34.0 127.7886 111.24276 129.59221 33.0
38.0 34.0 38.0 88.70108 68.42603 152.61541 33.0
38.0 36.0 36.0 51.16782 19.48925 119.67923 3.0
38.0 36.0 38.0 88.70108 68.42603 152.61541 3.0
38.0 37.0 37.0 80.19971 11.04569 113.78344 2.0
38.0 37.0 38.0 88.70108 68.42603 152.61541 2.0
38.0 38.0 38.0 88.70108 68.42603 152.61541 3145.0
38.0 38.0 38.0 88.70108 68.42603 152.61541 3145.0
38.0 41.0 41.0 59.80558 126.03978 122.50088 2.0
38.0 41.0 38.0 88.70108 68.42603 152.61541 2.0
38.0 42.0 42.0 56.62503 85.23874 144.9542 1114.0
38.0 42.0 38.0 88.70108 68.42603 152.61541 1114.0
38.0 44.0 44.0 70.25078 22.71678 131.34495 6.0
38.0 44.0 38.0 88.70108 68.42603 152.61541 6.0
38.0 47.0 47.0 164.20304 62.75396 126.11362 5.0
38.0 47.0 38.0 88.70108 68.42603 152.61541 5.0
39.0 1.0 1.0 66.21985 89.24355 7.46971 280.0
39.0 1.0 39.0 21.7764 50.18384 32.8116 280.0
39.0 2.0 2.0 27.37734 25.34718 87.697 146.0
39.0 2.0 39.0 21.7764 50.18384 32.8116 146.0
39.0 5.0 5.0 36.14422 130.01812 82.24033 3.0
39.0 5.0 39.0 21.7764 50.18384 32.8116 3.0
39.0 6.0 6.0 5.47689 84.80245 74.39589 1444.0
39.0 6.0 39.0 21.7764 50.18384 32.8116 1444.0
39.0 8.0 8.0 108.14369 85.97878 38.6646 1.0
39.0 8.0 39.0 21.7764 50.18384 32.8116 1.0
39.0 11.0 11.0 48.52695 14.09937 56.56116 870.0
39.0 11.0 39.0 21.7764 50.18384 32.8116 870.0
39.0 13.0 13.0 21.77342 31.16106 56.46578 1808.0
39.0 13.0 39.0 21.7764 50.18384 32.8116 1808.0
39.0 19.0 19.0 66.42371 15.76321 45.43211 234.0
39.0 19.0 39.0 21.7764 50.18384 32.8116 234.0
39.0 20.0 20.0 85.09046 53.74948 22.31396 517.0
39.0 20.0 39.0 21.7764 50.18384 32.8116 517.0
39.0 21.0 21.0 28.2748 78.1319 19.30449 2194.0
39.0 21.0 39.0 21.7764 50.18384 32.8116 2194.0
39.0 27.0 27.0 18.71751 45.34354 103.72477 19.0
39.0 27.0 39.0 21.7764 50.18384 32.8116 19.0
39.0 39.0 39.0 21.7764 50.18384 32.8116 9815.0
39.0 39.0 39.0 21.7764 50.18384 32.8116 9815.0
39.0 40.0 40.0 83.26221 23.54258 42.42914 27.0
39.0 40.0 39.0 21.7764 50.18384 32.8116 27.0
39.0 45.0 45.0 34.99639 116.33443 28.63633 71.0
39.0 45.0 39.0 21.7764 50.18384 32.8116 71.0
40.0 1.0 1.0 66.21985 89.24355 7.46971 11.0
40.0 1.0 40.0 83.26221 23.54258 42.42914 11.0
40.0 3.0 3.0 83.13994 3.82911 88.00604 128.0
40.0 3.0 40.0 83.26221 23.54258 42.42914 128.0
40.0 7.0 7.0 121.6426 13.43218 56.92236 275.0
40.0 7.0 40.0 83.26221 23.54258 42.42914 275.0
40.0 8.0 8.0 108.14369 85.97878 38.6646 30.0
40.0 8.0 40.0 83.26221 23.54258 42.42914 30.0
40.0 10.0 10.0 97.04249 3.92024 61.10098 1191.0
40.0 10.0 40.0 83.26221 23.54258 42.42914 1191.0
40.0 11.0 11.0 48.52695 14.09937 56.56116 480.0
40.0 11.0 40.0 83.26221 23.54258 42.42914 480.0
40.0 13.0 13.0 21.77342 31.16106 56.46578 5.0
40.0 13.0 40.0 83.26221 23.54258 42.42914 5.0
40.0 15.0 15.0 145.09399 26.52648 64.71245 3.0
40.0 15.0 40.0 83.26221 23.54258 42.42914 3.0
40.0 17.0 17.0 122.7884 11.00293 94.58205 2.0
40.0 17.0 40.0 83.26221 23.54258 42.42914 2.0
40.0 19.0 19.0 66.42371 15.76321 45.43211 1501.0
40.0 19.0 40.0 83.26221 23.54258 42.42914 1501.0
40.0 20.0 20.0 85.09046 53.74948 22.31396 1672.0
40.0 20.0 40.0 83.26221 23.54258 42.42914 1672.0
40.0 21.0 21.0 28.2748 78.1319 19.30449 4.0
40.0 21.0 40.0 83.26221 23.54258 42.42914 4.0
40.0 31.0 31.0 121.49381 38.95509 36.02592 1077.0
40.0 31.0 40.0 83.26221 23.54258 42.42914 1077.0
40.0 37.0 37.0 80.19971 11.04569 113.78344 3.0
40.0 37.0 40.0 83.26221 23.54258 42.42914 3.0
40.0 39.0 39.0 21.7764 50.18384 32.8116 34.0
40.0 39.0 40.0 83.26221 23.54258 42.42914 34.0
40.0 40.0 40.0 83.26221 23.54258 42.42914 4428.0
40.0 40.0 40.0 83.26221 23.54258 42.42914 4428.0
41.0 0.0 0.0 55.08222 48.91834 141.97481 1.0
41.0 0.0 41.0 59.80558 126.03978 122.50088 1.0
41.0 4.0 4.0 72.05578 108.3962 139.66939 2717.0
41.0 4.0 41.0 59.80558 126.03978 122.50088 2717.0
41.0 5.0 5.0 36.14422 130.01812 82.24033 2209.0
41.0 5.0 41.0 59.80558 126.03978 122.50088 2209.0
41.0 6.0 6.0 5.47689 84.80245 74.39589 15.0
41.0 6.0 41.0 59.80558 126.03978 122.50088 15.0
41.0 9.0 9.0 78.56115 139.94162 102.59631 2126.0
41.0 9.0 41.0 59.80558 126.03978 122.50088 2126.0
41.0 13.0 13.0 21.77342 31.16106 56.46578 1.0
41.0 13.0 41.0 59.80558 126.03978 122.50088 1.0
41.0 22.0 22.0 25.08985 80.05559 119.45716 676.0
41.0 22.0 41.0 59.80558 126.03978 122.50088 676.0
41.0 24.0 24.0 107.85946 87.21685 149.149 83.0
41.0 24.0 41.0 59.80558 126.03978 122.50088 83.0
41.0 28.0 28.0 84.30616 38.96608 143.15605 1.0
41.0 28.0 41.0 59.80558 126.03978 122.50088 1.0
41.0 30.0 30.0 88.32154 139.9339 62.69271 30.0
41.0 30.0 41.0 59.80558 126.03978 122.50088 30.0
41.0 34.0 34.0 127.7886 111.24276 129.59221 408.0
41.0 34.0 41.0 59.80558 126.03978 122.50088 408.0
41.0 35.0 35.0 147.79488 121.1397 95.65339 1.0
41.0 35.0 41.0 59.80558 126.03978 122.50088 1.0
41.0 38.0 38.0 88.70108 68.42603 152.61541 1.0
41.0 38.0 41.0 59.80558 126.03978 122.50088 1.0
41.0 41.0 41.0 59.80558 126.03978 122.50088 9121.0
41.0 41.0 41.0 59.80558 126.03978 122.50088 9121.0
41.0 42.0 42.0 56.62503 85.23874 144.9542 389.0
41.0 42.0 41.0 59.80558 126.03978 122.50088 389.0
41.0 43.0 43.0 101.69962 137.72817 99.14767 324.0
41.0 43.0 41.0 59.80558 126.03978 122.50088 324.0
42.0 0.0 0.0 55.08222 48.91834 141.97481 880.0
42.0 0.0 42.0 56.62503 85.23874 144.9542 880.0
42.0 4.0 4.0 72.05578 108.3962 139.66939 2152.0
42.0 4.0 42.0 56.62503 85.23874 144.9542 2152.0
42.0 5.0 5.0 36.14422 130.01812 82.24033 37.0
42.0 5.0 42.0 56.62503 85.23874 144.9542 37.0
42.0 6.0 6.0 5.47689 84.80245 74.39589 1.0
42.0 6.0 42.0 56.62503 85.23874 144.9542 1.0
42.0 16.0 16.0 37.09661 39.1068 124.70999 153.0
42.0 16.0 42.0 56.62503 85.23874 144.9542 153.0
42.0 22.0 22.0 25.08985 80.05559 119.45716 1617.0
42.0 22.0 42.0 56.62503 85.23874 144.9542 1617.0
42.0 24.0 24.0 107.85946 87.21685 149.149 528.0
42.0 24.0 42.0 56.62503 85.23874 144.9542 528.0
42.0 27.0 27.0 18.71751 45.34354 103.72477 1.0
42.0 27.0 42.0 56.62503 85.23874 144.9542 1.0
42.0 28.0 28.0 84.30616 38.96608 143.15605 213.0
42.0 28.0 42.0 56.62503 85.23874 144.9542 213.0
42.0 33.0 33.0 97.17521 49.93371 149.2333 136.0
42.0 33.0 42.0 56.62503 85.23874 144.9542 136.0
42.0 34.0 34.0 127.7886 111.24276 129.59221 9.0
42.0 34.0 42.0 56.62503 85.23874 144.9542 9.0
42.0 36.0 36.0 51.16782 19.48925 119.67923 1.0
42.0 36.0 42.0 56.62503 85.23874 144.9542 1.0
42.0 38.0 38.0 88.70108 68.42603 152.61541 1100.0
42.0 38.0 42.0 56.62503 85.23874 144.9542 1100.0
42.0 41.0 41.0 59.80558 126.03978 122.50088 404.0
42.0 41.0 42.0 56.62503 85.23874 144.9542 404.0
42.0 42.0 42.0 56.62503 85.23874 144.9542 5688.0
42.0 42.0 42.0 56.62503 85.23874 144.9542 5688.0
42.0 44.0 44.0 70.25078 22.71678 131.34495 2.0
42.0 44.0 42.0 56.62503 85.23874 144.9542 2.0
43.0 4.0 4.0 72.05578 108.3962 139.66939 71.0
43.0 4.0 43.0 101.69962 137.72817 99.14767 71.0
43.0 5.0 5.0 36.14422 130.01812 82.24033 52.0
43.0 5.0 43.0 101.69962 137.72817 99.14767 52.0
43.0 9.0 9.0 78.56115 139.94162 102.59631 2090.0
43.0 9.0 43.0 101.69962 137.72817 99.14767 2090.0
43.0 24.0 24.0 107.85946 87.21685 149.149 8.0
43.0 24.0 43.0 101.69962 137.72817 99.14767 8.0
43.0 30.0 30.0 88.32154 139.9339 62.69271 2072.0
43.0 30.0 43.0 101.69962 137.72817 99.14767 2072.0
43.0 34.0 34.0 127.7886 111.24276 129.59221 1418.0
43.0 34.0 43.0 101.69962 137.72817 99.14767 1418.0
43.0 35.0 35.0 147.79488 121.1397 95.65339 834.0
43.0 35.0 43.0 101.69962 137.72817 99.14767 834.0
43.0 37.0 37.0 80.19971 11.04569 113.78344 1.0
43.0 37.0 43.0 101.69962 137.72817 99.14767 1.0
43.0 41.0 41.0 59.80558 126.03978 122.50088 277.0
43.0 41.0 43.0 101.69962 137.72817 99.14767 277.0
43.0 43.0 43.0 101.69962 137.72817 99.14767 4734.0
43.0 43.0 43.0 101.69962 137.72817 99.14767 4734.0
43.0 45.0 45.0 34.99639 116.33443 28.63633 1.0
43.0 45.0 43.0 101.69962 137.72817 99.14767 1.0
43.0 46.0 46.0 114.49209 130.24569 52.70951 158.0
43.0 46.0 43.0 101.69962 137.72817 99.14767 158.0
44.0 0.0 0.0 55.08222 48.91834 141.97481 626.0
44.0 0.0 44.0 70.25078 22.71678 131.34495 626.0
44.0 2.0 2.0 27.37734 25.34718 87.697 37.0
44.0 2.0 44.0 70.25078 22.71678 131.34495 37.0
44.0 3.0 3.0 83.13994 3.82911 88.00604 60.0
44.0 3.0 44.0 70.25078 22.71678 131.34495 60.0
44.0 6.0 6.0 5.47689 84.80245 74.39589 1.0
44.0 6.0 44.0 70.25078 22.71678 131.34495 1.0
44.0 11.0 11.0 48.52695 14.09937 56.56116 2.0
44.0 11.0 44.0 70.25078 22.71678 131.34495 2.0
44.0 16.0 16.0 37.09661 39.1068 124.70999 232.0
44.0 16.0 44.0 70.25078 22.71678 131.34495 232.0
44.0 17.0 17.0 122.7884 11.00293 94.58205 5.0
44.0 17.0 44.0 70.25078 22.71678 131.34495 5.0
44.0 22.0 22.0 25.08985 80.05559 119.45716 3.0
44.0 22.0 44.0 70.25078 22.71678 131.34495 3.0
44.0 26.0 26.0 132.10338 45.16369 139.13338 16.0
44.0 26.0 44.0 70.25078 22.71678 131.34495 16.0
44.0 27.0 27.0 18.71751 45.34354 103.72477 3.0
44.0 27.0 44.0 70.25078 22.71678 131.34495 3.0
44.0 28.0 28.0 84.30616 38.96608 143.15605 884.0
44.0 28.0 44.0 70.25078 22.71678 131.34495 884.0
44.0 29.0 29.0 122.69607 20.59172 121.18419 78.0
44.0 29.0 44.0 70.25078 22.71678 131.34495 78.0
44.0 33.0 33.0 97.17521 49.93371 149.2333 98.0
44.0 33.0 44.0 70.25078 22.71678 131.34495 98.0
44.0 36.0 36.0 51.16782 19.48925 119.67923 763.0
44.0 36.0 44.0 70.25078 22.71678 131.34495 763.0
44.0 37.0 37.0 80.19971 11.04569 113.78344 1484.0
44.0 37.0 44.0 70.25078 22.71678 131.34495 1484.0
44.0 38.0 38.0 88.70108 68.42603 152.61541 16.0
44.0 38.0 44.0 70.25078 22.71678 131.34495 16.0
44.0 41.0 41.0 59.80558 126.03978 122.50088 1.0
44.0 41.0 44.0 70.25078 22.71678 131.34495 1.0
44.0 42.0 42.0 56.62503 85.23874 144.9542 3.0
44.0 42.0 44.0 70.25078 22.71678 131.34495 3.0
44.0 44.0 44.0 70.25078 22.71678 131.34495 1822.0
44.0 44.0 44.0 70.25078 22.71678 131.34495 1822.0
45.0 1.0 1.0 66.21985 89.24355 7.46971 1891.0
45.0 1.0 45.0 34.99639 116.33443 28.63633 1891.0
45.0 5.0 5.0 36.14422 130.01812 82.24033 2062.0
45.0 5.0 45.0 34.99639 116.33443 28.63633 2062.0
45.0 6.0 6.0 5.47689 84.80245 74.39589 977.0
45.0 6.0 45.0 34.99639 116.33443 28.63633 977.0
45.0 8.0 8.0 108.14369 85.97878 38.6646 129.0
45.0 8.0 45.0 34.99639 116.33443 28.63633 129.0
45.0 9.0 9.0 78.56115 139.94162 102.59631 3.0
45.0 9.0 45.0 34.99639 116.33443 28.63633 3.0
45.0 14.0 14.0 128.28934 116.04708 40.26684 4.0
45.0 14.0 45.0 34.99639 116.33443 28.63633 4.0
45.0 20.0 20.0 85.09046 53.74948 22.31396 1.0
45.0 20.0 45.0 34.99639 116.33443 28.63633 1.0
45.0 21.0 21.0 28.2748 78.1319 19.30449 1847.0
45.0 21.0 45.0 34.99639 116.33443 28.63633 1847.0
45.0 22.0 22.0 25.08985 80.05559 119.45716 1.0
45.0 22.0 45.0 34.99639 116.33443 28.63633 1.0
45.0 30.0 30.0 88.32154 139.9339 62.69271 815.0
45.0 30.0 45.0 34.99639 116.33443 28.63633 815.0
45.0 39.0 39.0 21.7764 50.18384 32.8116 73.0
45.0 39.0 45.0 34.99639 116.33443 28.63633 73.0
45.0 45.0 45.0 34.99639 116.33443 28.63633 13265.0
45.0 45.0 45.0 34.99639 116.33443 28.63633 13265.0
45.0 46.0 46.0 114.49209 130.24569 52.70951 52.0
45.0 46.0 45.0 34.99639 116.33443 28.63633 52.0
46.0 1.0 1.0 66.21985 89.24355 7.46971 137.0
46.0 1.0 46.0 114.49209 130.24569 52.70951 137.0
46.0 5.0 5.0 36.14422 130.01812 82.24033 8.0
46.0 5.0 46.0 114.49209 130.24569 52.70951 8.0
46.0 8.0 8.0 108.14369 85.97878 38.6646 1093.0
46.0 8.0 46.0 114.49209 130.24569 52.70951 1093.0
46.0 9.0 9.0 78.56115 139.94162 102.59631 6.0
46.0 9.0 46.0 114.49209 130.24569 52.70951 6.0
46.0 12.0 12.0 179.81071 86.36473 84.82655 5.0
46.0 12.0 46.0 114.49209 130.24569 52.70951 5.0
46.0 14.0 14.0 128.28934 116.04708 40.26684 2766.0
46.0 14.0 46.0 114.49209 130.24569 52.70951 2766.0
46.0 20.0 20.0 85.09046 53.74948 22.31396 3.0
46.0 20.0 46.0 114.49209 130.24569 52.70951 3.0
46.0 30.0 30.0 88.32154 139.9339 62.69271 3429.0
46.0 30.0 46.0 114.49209 130.24569 52.70951 3429.0
46.0 31.0 31.0 121.49381 38.95509 36.02592 1.0
46.0 31.0 46.0 114.49209 130.24569 52.70951 1.0
46.0 32.0 32.0 156.95556 89.08756 57.96886 284.0
46.0 32.0 46.0 114.49209 130.24569 52.70951 284.0
46.0 34.0 34.0 127.7886 111.24276 129.59221 14.0
46.0 34.0 46.0 114.49209 130.24569 52.70951 14.0
46.0 35.0 35.0 147.79488 121.1397 95.65339 1096.0
46.0 35.0 46.0 114.49209 130.24569 52.70951 1096.0
46.0 43.0 43.0 101.69962 137.72817 99.14767 150.0
46.0 43.0 46.0 114.49209 130.24569 52.70951 150.0
46.0 45.0 45.0 34.99639 116.33443 28.63633 46.0
46.0 45.0 46.0 114.49209 130.24569 52.70951 46.0
46.0 46.0 46.0 114.49209 130.24569 52.70951 6925.0
46.0 46.0 46.0 114.49209 130.24569 52.70951 6925.0
47.0 12.0 12.0 179.81071 86.36473 84.82655 383.0
47.0 12.0 47.0 164.20304 62.75396 126.11362 383.0
47.0 15.0 15.0 145.09399 26.52648 64.71245 7.0
47.0 15.0 47.0 164.20304 62.75396 126.11362 7.0
47.0 17.0 17.0 122.7884 11.00293 94.58205 21.0
47.0 17.0 47.0 164.20304 62.75396 126.11362 21.0
47.0 18.0 18.0 159.20223 24.83443 93.91785 633.0
47.0 18.0 47.0 164.20304 62.75396 126.11362 633.0
47.0 23.0 23.0 173.49231 43.56575 76.98779 338.0
47.0 23.0 47.0 164.20304 62.75396 126.11362 338.0
47.0 24.0 24.0 107.85946 87.21685 149.149 210.0
47.0 24.0 47.0 164.20304 62.75396 126.11362 210.0
47.0 25.0 25.0 182.84191 63.98462 100.29045 1180.0
47.0 25.0 47.0 164.20304 62.75396 126.11362 1180.0
47.0 26.0 26.0 132.10338 45.16369 139.13338 1852.0
47.0 26.0 47.0 164.20304 62.75396 126.11362 1852.0
47.0 29.0 29.0 122.69607 20.59172 121.18419 259.0
47.0 29.0 47.0 164.20304 62.75396 126.11362 259.0
47.0 32.0 32.0 156.95556 89.08756 57.96886 2.0
47.0 32.0 47.0 164.20304 62.75396 126.11362 2.0
47.0 33.0 33.0 97.17521 49.93371 149.2333 6.0
47.0 33.0 47.0 164.20304 62.75396 126.11362 6.0
47.0 34.0 34.0 127.7886 111.24276 129.59221 1250.0
47.0 34.0 47.0 164.20304 62.75396 126.11362 1250.0
47.0 35.0 35.0 147.79488 121.1397 95.65339 347.0
47.0 35.0 47.0 164.20304 62.75396 126.11362 347.0
47.0 37.0 37.0 80.19971 11.04569 113.78344 1.0
47.0 37.0 47.0 164.20304 62.75396 126.11362 1.0
47.0 38.0 38.0 88.70108 68.42603 152.61541 5.0
47.0 38.0 47.0 164.20304 62.75396 126.11362 5.0
47.0 47.0 47.0 164.20304 62.75396 126.11362 8784.0
47.0 47.0 47.0 164.20304 62.75396 126.11362 8784.0
