TargetArea SourceArea Area AvgPosX AvgPosY AvgPosZ SumWeights
0.0 0.0 0.0 55.11122 48.9149 141.98705 3942.0
0.0 0.0 0.0 55.11122 48.9149 141.98705 3942.0
0.0 2.0 2.0 27.3896 25.33499 87.70188 13.0
0.0 2.0 0.0 55.11122 48.9149 141.98705 13.0
0.0 4.0 4.0 72.03286 108.38095 139.6689 12.0
0.0 4.0 0.0 55.11122 48.9149 141.98705 12.0
0.0 5.0 5.0 36.15869 130.03141 82.25999 1.0
0.0 5.0 0.0 55.11122 48.9149 141.98705 1.0
0.0 16.0 16.0 37.10711 39.08388 124.70346 1433.0
0.0 16.0 0.0 55.11122 48.9149 141.98705 1433.0
0.0 22.0 22.0 25.08711 80.08193 119.44739 565.0
0.0 22.0 0.0 55.11122 48.9149 141.98705 565.0
0.0 24.0 24.0 107.84751 87.24214 149.14745 13.0
0.0 24.0 0.0 55.11122 48.9149 141.98705 13.0
0.0 27.0 27.0 18.71445 45.36551 103.7335 22.0
0.0 27.0 0.0 55.11122 48.9149 141.98705 22.0
0.0 28.0 28.0 84.2526 38.99164 143.16596 1132.0
0.0 28.0 0.0 55.11122 48.9149 141.98705 1132.0
0.0 29.0 29.0 122.68293 20.58184 121.17483 1.0
0.0 29.0 0.0 55.11122 48.9149 141.98705 1.0
0.0 33.0 33.0 97.15087 49.96965 149.24348 271.0
0.0 33.0 0.0 55.11122 48.9149 141.98705 271.0
0.0 36.0 36.0 51.16886 19.507 119.70688 461.0
0.0 36.0 0.0 55.11122 48.9149 141.98705 461.0
0.0 37.0 37.0 80.20448 11.05053 113.7883 74.0
0.0 37.0 0.0 55.11122 48.9149 141.98705 74.0
0.0 38.0 38.0 88.66109 68.43164 152.61352 435.0
0.0 38.0 0.0 55.11122 48.9149 141.98705 435.0
0.0 41.0 41.0 59.73391 126.03459 122.48559 4.0
0.0 41.0 0.0 55.11122 48.9149 141.98705 4.0
0.0 42.0 42.0 56.60285 85.26401 144.93645 926.0
0.0 42.0 0.0 55.11122 48.9149 141.98705 926.0
0.0 44.0 44.0 70.23026 22.715 131.33746 598.0
0.0 44.0 0.0 55.11122 48.9149 141.98705 598.0
1.0 1.0 1.0 66.25317 89.23059 7.47155 11374.0
1.0 1.0 1.0 66.25317 89.23059 7.47155 11374.0
1.0 5.0 5.0 36.15869 130.03141 82.25999 25.0
1.0 5.0 1.0 66.25317 89.23059 7.47155 25.0
1.0 6.0 6.0 5.47768 84.79241 74.41751 1.0
1.0 6.0 1.0 66.25317 89.23059 7.47155 1.0
1.0 8.0 8.0 108.15179 85.95616 38.68265 1675.0
1.0 8.0 1.0 66.25317 89.23059 7.47155 1675.0
1.0 11.0 11.0 48.52889 14.1163 56.50108 22.0
1.0 11.0 1.0 66.25317 89.23059 7.47155 22.0
1.0 14.0 14.0 128.31308 116.04895 40.29068 51.0
1.0 14.0 1.0 66.25317 89.23059 7.47155 51.0
1.0 19.0 19.0 66.38683 15.82777 45.33383 23.0
1.0 19.0 1.0 66.25317 89.23059 7.47155 23.0
1.0 20.0 20.0 85.02901 53.70856 22.27569 2252.0
1.0 20.0 1.0 66.25317 89.23059 7.47155 2252.0
1.0 21.0 21.0 28.31107 78.09121 19.26935 1361.0
1.0 21.0 1.0 66.25317 89.23059 7.47155 1361.0
1.0 30.0 30.0 88.32986 139.93714 62.70571 353.0
1.0 30.0 1.0 66.25317 89.23059 7.47155 353.0
1.0 31.0 31.0 121.54186 38.9603 36.0357 2.0
1.0 31.0 1.0 66.25317 89.23059 7.47155 2.0
1.0 39.0 39.0 21.83966 50.11795 32.75866 277.0
1.0 39.0 1.0 66.25317 89.23059 7.47155 277.0
1.0 40.0 40.0 83.27247 23.52361 42.424 17.0
1.0 40.0 1.0 66.25317 89.23059 7.47155 17.0
1.0 45.0 45.0 35.0597 116.38845 28.64985 1829.0
1.0 45.0 1.0 66.25317 89.23059 7.47155 1829.0
1.0 46.0 46.0 114.4703 130.24417 52.69251 157.0
1.0 46.0 1.0 66.25317 89.23059 7.47155 157.0
2.0 0.0 0.0 55.11122 48.9149 141.98705 13.0
2.0 0.0 2.0 27.3896 25.33499 87.70188 13.0
2.0 2.0 2.0 27.3896 25.33499 87.70188 6746.0
2.0 2.0 2.0 27.3896 25.33499 87.70188 6746.0
2.0 3.0 3.0 83.1536 3.83071 88.02129 362.0
2.0 3.0 2.0 27.3896 25.33499 87.70188 362.0
2.0 6.0 6.0 5.47768 84.79241 74.41751 462.0
2.0 6.0 2.0 27.3896 25.33499 87.70188 462.0
2.0 10.0 10.0 97.04653 3.92144 61.07444 2.0
2.0 10.0 2.0 27.3896 25.33499 87.70188 2.0
2.0 11.0 11.0 48.52889 14.1163 56.50108 1388.0
2.0 11.0 2.0 27.3896 25.33499 87.70188 1388.0
2.0 13.0 13.0 21.80449 31.14089 56.42132 1438.0
2.0 13.0 2.0 27.3896 25.33499 87.70188 1438.0
2.0 16.0 16.0 37.10711 39.08388 124.70346 718.0
2.0 16.0 2.0 27.3896 25.33499 87.70188 718.0
2.0 19.0 19.0 66.38683 15.82777 45.33383 18.0
2.0 19.0 2.0 27.3896 25.33499 87.70188 18.0
2.0 20.0 20.0 85.02901 53.70856 22.27569 1.0
2.0 20.0 2.0 27.3896 25.33499 87.70188 1.0
2.0 22.0 22.0 25.08711 80.08193 119.44739 86.0
2.0 22.0 2.0 27.3896 25.33499 87.70188 86.0
2.0 27.0 27.0 18.71445 45.36551 103.7335 1657.0
2.0 27.0 2.0 27.3896 25.33499 87.70188 1657.0
2.0 28.0 28.0 84.2526 38.99164 143.16596 1.0
2.0 28.0 2.0 27.3896 25.33499 87.70188 1.0
2.0 36.0 36.0 51.16886 19.507 119.70688 530.0
2.0 36.0 2.0 27.3896 25.33499 87.70188 530.0
2.0 37.0 37.0 80.20448 11.05053 113.7883 428.0
2.0 37.0 2.0 27.3896 25.33499 87.70188 428.0
2.0 39.0 39.0 21.83966 50.11795 32.75866 148.0
2.0 39.0 2.0 27.3896 25.33499 87.70188 148.0
2.0 40.0 40.0 83.27247 23.52361 42.424 2.0
2.0 40.0 2.0 27.3896 25.33499 87.70188 2.0
2.0 44.0 44.0 70.23026 22.715 131.33746 36.0
2.0 44.0 2.0 27.3896 25.33499 87.70188 36.0
3.0 2.0 2.0 27.3896 25.33499 87.70188 297.0
3.0 2.0 3.0 83.1536 3.83071 88.02129 297.0
3.0 3.0 3.0 83.1536 3.83071 88.02129 7202.0
3.0 3.0 3.0 83.1536 3.83071 88.02129 7202.0
3.0 7.0 7.0 121.65778 13.45897 56.85484 219.0
3.0 7.0 3.0 83.1536 3.83071 88.02129 219.0
3.0 10.0 10.0 97.04653 3.92144 61.07444 1587.0
3.0 10.0 3.0 83.1536 3.83071 88.02129 1587.0
3.0 11.0 11.0 48.52889 14.1163 56.50108 1084.0
3.0 11.0 3.0 83.1536 3.83071 88.02129 1084.0
3.0 13.0 13.0 21.80449 31.14089 56.42132 6.0
3.0 13.0 3.0 83.1536 3.83071 88.02129 6.0
3.0 15.0 15.0 145.11253 26.58499 64.65211 16.0
3.0 15.0 3.0 83.1536 3.83071 88.02129 16.0
3.0 16.0 16.0 37.10711 39.08388 124.70346 8.0
3.0 16.0 3.0 83.1536 3.83071 88.02129 8.0
3.0 17.0 17.0 122.79065 11.00887 94.59333 1222.0
3.0 17.0 3.0 83.1536 3.83071 88.02129 1222.0
3.0 19.0 19.0 66.38683 15.82777 45.33383 448.0
3.0 19.0 3.0 83.1536 3.83071 88.02129 448.0
3.0 27.0 27.0 18.71445 45.36551 103.7335 2.0
3.0 27.0 3.0 83.1536 3.83071 88.02129 2.0
3.0 28.0 28.0 84.2526 38.99164 143.16596 6.0
3.0 28.0 3.0 83.1536 3.83071 88.02129 6.0
3.0 29.0 29.0 122.68293 20.58184 121.17483 193.0
3.0 29.0 3.0 83.1536 3.83071 88.02129 193.0
3.0 31.0 31.0 121.54186 38.9603 36.0357 3.0
3.0 31.0 3.0 83.1536 3.83071 88.02129 3.0
3.0 36.0 36.0 51.16886 19.507 119.70688 146.0
3.0 36.0 3.0 83.1536 3.83071 88.02129 146.0
3.0 37.0 37.0 80.20448 11.05053 113.7883 2593.0
3.0 37.0 3.0 83.1536 3.83071 88.02129 2593.0
3.0 40.0 40.0 83.27247 23.52361 42.424 139.0
3.0 40.0 3.0 83.1536 3.83071 88.02129 139.0
3.0 44.0 44.0 70.23026 22.715 131.33746 54.0
3.0 44.0 3.0 83.1536 3.83071 88.02129 54.0
4.0 0.0 0.0 55.11122 48.9149 141.98705 11.0
4.0 0.0 4.0 72.03286 108.38095 139.6689 11.0
4.0 4.0 4.0 72.03286 108.38095 139.6689 6679.0
4.0 4.0 4.0 72.03286 108.38095 139.6689 6679.0
4.0 5.0 5.0 36.15869 130.03141 82.25999 104.0
4.0 5.0 4.0 72.03286 108.38095 139.6689 104.0
4.0 6.0 6.0 5.47768 84.79241 74.41751 3.0
4.0 6.0 4.0 72.03286 108.38095 139.6689 3.0
4.0 9.0 9.0 78.60902 139.92704 102.64972 286.0
4.0 9.0 4.0 72.03286 108.38095 139.6689 286.0
4.0 16.0 16.0 37.10711 39.08388 124.70346 2.0
4.0 16.0 4.0 72.03286 108.38095 139.6689 2.0
4.0 22.0 22.0 25.08711 80.08193 119.44739 464.0
4.0 22.0 4.0 72.03286 108.38095 139.6689 464.0
4.0 24.0 24.0 107.84751 87.24214 149.14745 1541.0
4.0 24.0 4.0 72.03286 108.38095 139.6689 1541.0
4.0 28.0 28.0 84.2526 38.99164 143.16596 5.0
4.0 28.0 4.0 72.03286 108.38095 139.6689 5.0
4.0 33.0 33.0 97.15087 49.96965 149.24348 10.0
4.0 33.0 4.0 72.03286 108.38095 139.6689 10.0
4.0 34.0 34.0 127.77487 111.24587 129.60043 903.0
4.0 34.0 4.0 72.03286 108.38095 139.6689 903.0
4.0 35.0 35.0 147.75826 121.17075 95.60057 1.0
4.0 35.0 4.0 72.03286 108.38095 139.6689 1.0
4.0 38.0 38.0 88.66109 68.43164 152.61352 224.0
4.0 38.0 4.0 72.03286 108.38095 139.6689 224.0
4.0 41.0 41.0 59.73391 126.03459 122.48559 2735.0
4.0 41.0 4.0 72.03286 108.38095 139.6689 2735.0
4.0 42.0 42.0 56.60285 85.26401 144.93645 2094.0
4.0 42.0 4.0 72.03286 108.38095 139.6689 2094.0
4.0 43.0 43.0 101.66922 137.73836 99.13797 70.0
4.0 43.0 4.0 72.03286 108.38095 139.6689 70.0
4.0 45.0 45.0 35.0597 116.38845 28.64985 1.0
4.0 45.0 4.0 72.03286 108.38095 139.6689 1.0
5.0 1.0 1.0 66.25317 89.23059 7.47155 17.0
5.0 1.0 5.0 36.15869 130.03141 82.25999 17.0
5.0 4.0 4.0 72.03286 108.38095 139.6689 101.0
5.0 4.0 5.0 36.15869 130.03141 82.25999 101.0
5.0 5.0 5.0 36.15869 130.03141 82.25999 21848.0
5.0 5.0 5.0 36.15869 130.03141 82.25999 21848.0
5.0 6.0 6.0 5.47768 84.79241 74.41751 1995.0
5.0 6.0 5.0 36.15869 130.03141 82.25999 1995.0
5.0 8.0 8.0 108.15179 85.95616 38.68265 8.0
5.0 8.0 5.0 36.15869 130.03141 82.25999 8.0
5.0 9.0 9.0 78.60902 139.92704 102.64972 1474.0
5.0 9.0 5.0 36.15869 130.03141 82.25999 1474.0
5.0 21.0 21.0 28.31107 78.09121 19.26935 15.0
5.0 21.0 5.0 36.15869 130.03141 82.25999 15.0
5.0 22.0 22.0 25.08711 80.08193 119.44739 1215.0
5.0 22.0 5.0 36.15869 130.03141 82.25999 1215.0
5.0 30.0 30.0 88.32986 139.93714 62.70571 1745.0
5.0 30.0 5.0 36.15869 130.03141 82.25999 1745.0
5.0 41.0 41.0 59.73391 126.03459 122.48559 2329.0
5.0 41.0 5.0 36.15869 130.03141 82.25999 2329.0
5.0 42.0 42.0 56.60285 85.26401 144.93645 28.0
5.0 42.0 5.0 36.15869 130.03141 82.25999 28.0
5.0 43.0 43.0 101.66922 137.73836 99.13797 78.0
5.0 43.0 5.0 36.15869 130.03141 82.25999 78.0
5.0 45.0 45.0 35.0597 116.38845 28.64985 2002.0
5.0 45.0 5.0 36.15869 130.03141 82.25999 2002.0
5.0 46.0 46.0 114.4703 130.24417 52.69251 12.0
5.0 46.0 5.0 36.15869 130.03141 82.25999 12.0
6.0 2.0 2.0 27.3896 25.33499 87.70188 521.0
6.0 2.0 6.0 5.47768 84.79241 74.41751 521.0
6.0 4.0 4.0 72.03286 108.38095 139.6689 4.0
6.0 4.0 6.0 5.47768 84.79241 74.41751 4.0
6.0 5.0 5.0 36.15869 130.03141 82.25999 2066.0
6.0 5.0 6.0 5.47768 84.79241 74.41751 2066.0
6.0 6.0 6.0 5.47768 84.79241 74.41751 16007.0
6.0 6.0 6.0 5.47768 84.79241 74.41751 16007.0
6.0 11.0 11.0 48.52889 14.1163 56.50108 4.0
6.0 11.0 6.0 5.47768 84.79241 74.41751 4.0
6.0 13.0 13.0 21.80449 31.14089 56.42132 417.0
6.0 13.0 6.0 5.47768 84.79241 74.41751 417.0
6.0 16.0 16.0 37.10711 39.08388 124.70346 8.0
6.0 16.0 6.0 5.47768 84.79241 74.41751 8.0
6.0 21.0 21.0 28.31107 78.09121 19.26935 666.0
6.0 21.0 6.0 5.47768 84.79241 74.41751 666.0
6.0 22.0 22.0 25.08711 80.08193 119.44739 2079.0
6.0 22.0 6.0 5.47768 84.79241 74.41751 2079.0
6.0 27.0 27.0 18.71445 45.36551 103.7335 866.0
6.0 27.0 6.0 5.47768 84.79241 74.41751 866.0
6.0 39.0 39.0 21.83966 50.11795 32.75866 1348.0
6.0 39.0 6.0 5.47768 84.79241 74.41751 1348.0
6.0 41.0 41.0 59.73391 126.03459 122.48559 22.0
6.0 41.0 6.0 5.47768 84.79241 74.41751 22.0
6.0 45.0 45.0 35.0597 116.38845 28.64985 962.0
6.0 45.0 6.0 5.47768 84.79241 74.41751 962.0
7.0 3.0 3.0 83.1536 3.83071 88.02129 210.0
7.0 3.0 7.0 121.65778 13.45897 56.85484 210.0
7.0 7.0 7.0 121.65778 13.45897 56.85484 4146.0
7.0 7.0 7.0 121.65778 13.45897 56.85484 4146.0
7.0 8.0 8.0 108.15179 85.95616 38.68265 9.0
7.0 8.0 7.0 121.65778 13.45897 56.85484 9.0
7.0 10.0 10.0 97.04653 3.92144 61.07444 1440.0
7.0 10.0 7.0 121.65778 13.45897 56.85484 1440.0
7.0 15.0 15.0 145.11253 26.58499 64.65211 1487.0
7.0 15.0 7.0 121.65778 13.45897 56.85484 1487.0
7.0 17.0 17.0 122.79065 11.00887 94.59333 799.0
7.0 17.0 7.0 121.65778 13.45897 56.85484 799.0
7.0 18.0 18.0 159.19228 24.83076 93.92155 42.0
7.0 18.0 7.0 121.65778 13.45897 56.85484 42.0
7.0 19.0 19.0 66.38683 15.82777 45.33383 13.0
7.0 19.0 7.0 121.65778 13.45897 56.85484 13.0
7.0 20.0 20.0 85.02901 53.70856 22.27569 17.0
7.0 20.0 7.0 121.65778 13.45897 56.85484 17.0
7.0 23.0 23.0 173.45899 43.5605 76.9288 16.0
7.0 23.0 7.0 121.65778 13.45897 56.85484 16.0
7.0 29.0 29.0 122.68293 20.58184 121.17483 11.0
7.0 29.0 7.0 121.65778 13.45897 56.85484 11.0
7.0 31.0 31.0 121.54186 38.9603 36.0357 1570.0
7.0 31.0 7.0 121.65778 13.45897 56.85484 1570.0
7.0 32.0 32.0 156.97804 89.02927 57.9689 4.0
7.0 32.0 7.0 121.65778 13.45897 56.85484 4.0
7.0 37.0 37.0 80.20448 11.05053 113.7883 6.0
7.0 37.0 7.0 121.65778 13.45897 56.85484 6.0
7.0 40.0 40.0 83.27247 23.52361 42.424 299.0
7.0 40.0 7.0 121.65778 13.45897 56.85484 299.0
8.0 1.0 1.0 66.25317 89.23059 7.47155 1453.0
8.0 1.0 8.0 108.15179 85.95616 38.68265 1453.0
8.0 3.0 3.0 83.1536 3.83071 88.02129 1.0
8.0 3.0 8.0 108.15179 85.95616 38.68265 1.0
8.0 4.0 4.0 72.03286 108.38095 139.6689 1.0
8.0 4.0 8.0 108.15179 85.95616 38.68265 1.0
8.0 5.0 5.0 36.15869 130.03141 82.25999 7.0
8.0 5.0 8.0 108.15179 85.95616 38.68265 7.0
8.0 7.0 7.0 121.65778 13.45897 56.85484 6.0
8.0 7.0 8.0 108.15179 85.95616 38.68265 6.0
8.0 8.0 8.0 108.15179 85.95616 38.68265 28749.0
8.0 8.0 8.0 108.15179 85.95616 38.68265 28749.0
8.0 12.0 12.0 179.79874 86.31154 84.71423 5.0
8.0 12.0 8.0 108.15179 85.95616 38.68265 5.0
8.0 14.0 14.0 128.31308 116.04895 40.29068 2636.0
8.0 14.0 8.0 108.15179 85.95616 38.68265 2636.0
8.0 15.0 15.0 145.11253 26.58499 64.65211 50.0
8.0 15.0 8.0 108.15179 85.95616 38.68265 50.0
8.0 19.0 19.0 66.38683 15.82777 45.33383 1.0
8.0 19.0 8.0 108.15179 85.95616 38.68265 1.0
8.0 20.0 20.0 85.02901 53.70856 22.27569 2947.0
8.0 20.0 8.0 108.15179 85.95616 38.68265 2947.0
8.0 23.0 23.0 173.45899 43.5605 76.9288 5.0
8.0 23.0 8.0 108.15179 85.95616 38.68265 5.0
8.0 30.0 30.0 88.32986 139.93714 62.70571 556.0
8.0 30.0 8.0 108.15179 85.95616 38.68265 556.0
8.0 31.0 31.0 121.54186 38.9603 36.0357 1775.0
8.0 31.0 8.0 108.15179 85.95616 38.68265 1775.0
8.0 32.0 32.0 156.97804 89.02927 57.9689 1437.0
8.0 32.0 8.0 108.15179 85.95616 38.68265 1437.0
8.0 35.0 35.0 147.75826 121.17075 95.60057 1.0
8.0 35.0 8.0 108.15179 85.95616 38.68265 1.0
8.0 40.0 40.0 83.27247 23.52361 42.424 18.0
8.0 40.0 8.0 108.15179 85.95616 38.68265 18.0
8.0 41.0 41.0 59.73391 126.03459 122.48559 1.0
8.0 41.0 8.0 108.15179 85.95616 38.68265 1.0
8.0 45.0 45.0 35.0597 116.38845 28.64985 84.0
8.0 45.0 8.0 108.15179 85.95616 38.68265 84.0
8.0 46.0 46.0 114.4703 130.24417 52.69251 1092.0
8.0 46.0 8.0 108.15179 85.95616 38.68265 1092.0
9.0 4.0 4.0 72.03286 108.38095 139.6689 271.0
9.0 4.0 9.0 78.60902 139.92704 102.64972 271.0
9.0 5.0 5.0 36.15869 130.03141 82.25999 1327.0
9.0 5.0 9.0 78.60902 139.92704 102.64972 1327.0
9.0 9.0 9.0 78.60902 139.92704 102.64972 4937.0
9.0 9.0 9.0 78.60902 139.92704 102.64972 4937.0
9.0 22.0 22.0 25.08711 80.08193 119.44739 1.0
9.0 22.0 9.0 78.60902 139.92704 102.64972 1.0
9.0 24.0 24.0 107.84751 87.24214 149.14745 29.0
9.0 24.0 9.0 78.60902 139.92704 102.64972 29.0
9.0 30.0 30.0 88.32986 139.93714 62.70571 1199.0
9.0 30.0 9.0 78.60902 139.92704 102.64972 1199.0
9.0 34.0 34.0 127.77487 111.24587 129.60043 600.0
9.0 34.0 9.0 78.60902 139.92704 102.64972 600.0
9.0 35.0 35.0 147.75826 121.17075 95.60057 20.0
9.0 35.0 9.0 78.60902 139.92704 102.64972 20.0
9.0 41.0 41.0 59.73391 126.03459 122.48559 2082.0
9.0 41.0 9.0 78.60902 139.92704 102.64972 2082.0
9.0 43.0 43.0 101.66922 137.73836 99.13797 2119.0
9.0 43.0 9.0 78.60902 139.92704 102.64972 2119.0
9.0 45.0 45.0 35.0597 116.38845 28.64985 2.0
9.0 45.0 9.0 78.60902 139.92704 102.64972 2.0
9.0 46.0 46.0 114.4703 130.24417 52.69251 4.0
9.0 46.0 9.0 78.60902 139.92704 102.64972 4.0
10.0 2.0 2.0 27.3896 25.33499 87.70188 3.0
10.0 2.0 10.0 97.04653 3.92144 61.07444 3.0
10.0 3.0 3.0 83.1536 3.83071 88.02129 1554.0
10.0 3.0 10.0 97.04653 3.92144 61.07444 1554.0
10.0 7.0 7.0 121.65778 13.45897 56.85484 1491.0
10.0 7.0 10.0 97.04653 3.92144 61.07444 1491.0
10.0 10.0 10.0 97.04653 3.92144 61.07444 4216.0
10.0 10.0 10.0 97.04653 3.92144 61.07444 4216.0
10.0 11.0 11.0 48.52889 14.1163 56.50108 186.0
10.0 11.0 10.0 97.04653 3.92144 61.07444 186.0
10.0 15.0 15.0 145.11253 26.58499 64.65211 70.0
10.0 15.0 10.0 97.04653 3.92144 61.07444 70.0
10.0 17.0 17.0 122.79065 11.00887 94.59333 464.0
10.0 17.0 10.0 97.04653 3.92144 61.07444 464.0
10.0 18.0 18.0 159.19228 24.83076 93.92155 3.0
10.0 18.0 10.0 97.04653 3.92144 61.07444 3.0
10.0 19.0 19.0 66.38683 15.82777 45.33383 566.0
10.0 19.0 10.0 97.04653 3.92144 61.07444 566.0
10.0 20.0 20.0 85.02901 53.70856 22.27569 41.0
10.0 20.0 10.0 97.04653 3.92144 61.07444 41.0
10.0 29.0 29.0 122.68293 20.58184 121.17483 6.0
10.0 29.0 10.0 97.04653 3.92144 61.07444 6.0
10.0 31.0 31.0 121.54186 38.9603 36.0357 397.0
10.0 31.0 10.0 97.04653 3.92144 61.07444 397.0
10.0 37.0 37.0 80.20448 11.05053 113.7883 41.0
10.0 37.0 10.0 97.04653 3.92144 61.07444 41.0
10.0 40.0 40.0 83.27247 23.52361 42.424 1278.0
10.0 40.0 10.0 97.04653 3.92144 61.07444 1278.0
11.0 1.0 1.0 66.25317 89.23059 7.47155 19.0
11.0 1.0 11.0 48.52889 14.1163 56.50108 19.0
11.0 2.0 2.0 27.3896 25.33499 87.70188 1375.0
11.0 2.0 11.0 48.52889 14.1163 56.50108 1375.0
11.0 3.0 3.0 83.1536 3.83071 88.02129 1124.0
11.0 3.0 11.0 48.52889 14.1163 56.50108 1124.0
11.0 8.0 8.0 108.15179 85.95616 38.68265 1.0
11.0 8.0 11.0 48.52889 14.1163 56.50108 1.0
11.0 10.0 10.0 97.04653 3.92144 61.07444 200.0
11.0 10.0 11.0 48.52889 14.1163 56.50108 200.0
11.0 11.0 11.0 48.52889 14.1163 56.50108 8359.0
11.0 11.0 11.0 48.52889 14.1163 56.50108 8359.0
11.0 13.0 13.0 21.80449 31.14089 56.42132 1502.0
11.0 13.0 11.0 48.52889 14.1163 56.50108 1502.0
11.0 16.0 16.0 37.10711 39.08388 124.70346 16.0
11.0 16.0 11.0 48.52889 14.1163 56.50108 16.0
11.0 19.0 19.0 66.38683 15.82777 45.33383 2158.0
11.0 19.0 11.0 48.52889 14.1163 56.50108 2158.0
11.0 20.0 20.0 85.02901 53.70856 22.27569 274.0
11.0 20.0 11.0 48.52889 14.1163 56.50108 274.0
11.0 21.0 21.0 28.31107 78.09121 19.26935 26.0
11.0 21.0 11.0 48.52889 14.1163 56.50108 26.0
11.0 27.0 27.0 18.71445 45.36551 103.7335 6.0
11.0 27.0 11.0 48.52889 14.1163 56.50108 6.0
11.0 31.0 31.0 121.54186 38.9603 36.0357 7.0
11.0 31.0 11.0 48.52889 14.1163 56.50108 7.0
11.0 36.0 36.0 51.16886 19.507 119.70688 62.0
11.0 36.0 11.0 48.52889 14.1163 56.50108 62.0
11.0 37.0 37.0 80.20448 11.05053 113.7883 267.0
11.0 37.0 11.0 48.52889 14.1163 56.50108 267.0
11.0 39.0 39.0 21.83966 50.11795 32.75866 841.0
11.0 39.0 11.0 48.52889 14.1163 56.50108 841.0
11.0 40.0 40.0 83.27247 23.52361 42.424 561.0
11.0 40.0 11.0 48.52889 14.1163 56.50108 561.0
11.0 44.0 44.0 70.23026 22.715 131.33746 2.0
11.0 44.0 11.0 48.52889 14.1163 56.50108 2.0
12.0 8.0 8.0 108.15179 85.95616 38.68265 1.0
12.0 8.0 12.0 179.79874 86.31154 84.71423 1.0
12.0 12.0 12.0 179.79874 86.31154 84.71423 5907.0
12.0 12.0 12.0 179.79874 86.31154 84.71423 5907.0
12.0 14.0 14.0 128.31308 116.04895 40.29068 1.0
12.0 14.0 12.0 179.79874 86.31154 84.71423 1.0
12.0 15.0 15.0 145.11253 26.58499 64.65211 32.0
12.0 15.0 12.0 179.79874 86.31154 84.71423 32.0
12.0 18.0 18.0 159.19228 24.83076 93.92155 15.0
12.0 18.0 12.0 179.79874 86.31154 84.71423 15.0
12.0 23.0 23.0 173.45899 43.5605 76.9288 594.0
12.0 23.0 12.0 179.79874 86.31154 84.71423 594.0
12.0 25.0 25.0 182.84293 63.95898 100.25128 1151.0
12.0 25.0 12.0 179.79874 86.31154 84.71423 1151.0
12.0 31.0 31.0 121.54186 38.9603 36.0357 10.0
12.0 31.0 12.0 179.79874 86.31154 84.71423 10.0
12.0 32.0 32.0 156.97804 89.02927 57.9689 1771.0
12.0 32.0 12.0 179.79874 86.31154 84.71423 1771.0
12.0 34.0 34.0 127.77487 111.24587 129.60043 95.0
12.0 34.0 12.0 179.79874 86.31154 84.71423 95.0
12.0 35.0 35.0 147.75826 121.17075 95.60057 1211.0
12.0 35.0 12.0 179.79874 86.31154 84.71423 1211.0
12.0 46.0 46.0 114.4703 130.24417 52.69251 5.0
12.0 46.0 12.0 179.79874 86.31154 84.71423 5.0
12.0 47.0 47.0 164.18917 62.77378 126.12879 395.0
12.0 47.0 12.0 179.79874 86.31154 84.71423 395.0
13.0 2.0 2.0 27.3896 25.33499 87.70188 1390.0
13.0 2.0 13.0 21.80449 31.14089 56.42132 1390.0
13.0 3.0 3.0 83.1536 3.83071 88.02129 2.0
13.0 3.0 13.0 21.80449 31.14089 56.42132 2.0
13.0 6.0 6.0 5.47768 84.79241 74.41751 396.0
13.0 6.0 13.0 21.80449 31.14089 56.42132 396.0
13.0 11.0 11.0 48.52889 14.1163 56.50108 1677.0
13.0 11.0 13.0 21.80449 31.14089 56.42132 1677.0
13.0 13.0 13.0 21.80449 31.14089 56.42132 3906.0
13.0 13.0 13.0 21.80449 31.14089 56.42132 3906.0
13.0 19.0 19.0 66.38683 15.82777 45.33383 71.0
13.0 19.0 13.0 21.80449 31.14089 56.42132 71.0
13.0 20.0 20.0 85.02901 53.70856 22.27569 9.0
13.0 20.0 13.0 21.80449 31.14089 56.42132 9.0
13.0 21.0 21.0 28.31107 78.09121 19.26935 14.0
13.0 21.0 13.0 21.80449 31.14089 56.42132 14.0
13.0 22.0 22.0 25.08711 80.08193 119.44739 4.0
13.0 22.0 13.0 21.80449 31.14089 56.42132 4.0
13.0 27.0 27.0 18.71445 45.36551 103.7335 103.0
13.0 27.0 13.0 21.80449 31.14089 56.42132 103.0
13.0 36.0 36.0 51.16886 19.507 119.70688 2.0
13.0 36.0 13.0 21.80449 31.14089 56.42132 2.0
13.0 37.0 37.0 80.20448 11.05053 113.7883 4.0
13.0 37.0 13.0 21.80449 31.14089 56.42132 4.0
13.0 39.0 39.0 21.83966 50.11795 32.75866 1801.0
13.0 39.0 13.0 21.80449 31.14089 56.42132 1801.0
13.0 40.0 40.0 83.27247 23.52361 42.424 6.0
13.0 40.0 13.0 21.80449 31.14089 56.42132 6.0
14.0 1.0 1.0 66.25317 89.23059 7.47155 44.0
14.0 1.0 14.0 128.31308 116.04895 40.29068 44.0
14.0 8.0 8.0 108.15179 85.95616 38.68265 2724.0
14.0 8.0 14.0 128.31308 116.04895 40.29068 2724.0
14.0 12.0 12.0 179.79874 86.31154 84.71423 8.0
14.0 12.0 14.0 128.31308 116.04895 40.29068 8.0
14.0 14.0 14.0 128.31308 116.04895 40.29068 7117.0
14.0 14.0 14.0 128.31308 116.04895 40.29068 7117.0
14.0 20.0 20.0 85.02901 53.70856 22.27569 10.0
14.0 20.0 14.0 128.31308 116.04895 40.29068 10.0
14.0 30.0 30.0 88.32986 139.93714 62.70571 213.0
14.0 30.0 14.0 128.31308 116.04895 40.29068 213.0
14.0 31.0 31.0 121.54186 38.9603 36.0357 6.0
14.0 31.0 14.0 128.31308 116.04895 40.29068 6.0
14.0 32.0 32.0 156.97804 89.02927 57.9689 1443.0
14.0 32.0 14.0 128.31308 116.04895 40.29068 1443.0
14.0 35.0 35.0 147.75826 121.17075 95.60057 305.0
14.0 35.0 14.0 128.31308 116.04895 40.29068 305.0
14.0 43.0 43.0 101.66922 137.73836 99.13797 2.0
14.0 43.0 14.0 128.31308 116.04895 40.29068 2.0
14.0 45.0 45.0 35.0597 116.38845 28.64985 1.0
14.0 45.0 14.0 128.31308 116.04895 40.29068 1.0
14.0 46.0 46.0 114.4703 130.24417 52.69251 2841.0
14.0 46.0 14.0 128.31308 116.04895 40.29068 2841.0
15.0 3.0 3.0 83.1536 3.83071 88.02129 21.0
15.0 3.0 15.0 145.11253 26.58499 64.65211 21.0
15.0 7.0 7.0 121.65778 13.45897 56.85484 1466.0
15.0 7.0 15.0 145.11253 26.58499 64.65211 1466.0
15.0 8.0 8.0 108.15179 85.95616 38.68265 74.0
15.0 8.0 15.0 145.11253 26.58499 64.65211 74.0
15.0 10.0 10.0 97.04653 3.92144 61.07444 76.0
15.0 10.0 15.0 145.11253 26.58499 64.65211 76.0
15.0 12.0 12.0 179.79874 86.31154 84.71423 35.0
15.0 12.0 15.0 145.11253 26.58499 64.65211 35.0
15.0 15.0 15.0 145.11253 26.58499 64.65211 5170.0
15.0 15.0 15.0 145.11253 26.58499 64.65211 5170.0
15.0 17.0 17.0 122.79065 11.00887 94.59333 913.0
15.0 17.0 15.0 145.11253 26.58499 64.65211 913.0
15.0 18.0 18.0 159.19228 24.83076 93.92155 1026.0
15.0 18.0 15.0 145.11253 26.58499 64.65211 1026.0
15.0 23.0 23.0 173.45899 43.5605 76.9288 722.0
15.0 23.0 15.0 145.11253 26.58499 64.65211 722.0
15.0 25.0 25.0 182.84293 63.95898 100.25128 6.0
15.0 25.0 15.0 145.11253 26.58499 64.65211 6.0
15.0 26.0 26.0 132.0584 45.157 139.1484 6.0
15.0 26.0 15.0 145.11253 26.58499 64.65211 6.0
15.0 29.0 29.0 122.68293 20.58184 121.17483 47.0
15.0 29.0 15.0 145.11253 26.58499 64.65211 47.0
15.0 31.0 31.0 121.54186 38.9603 36.0357 1350.0
15.0 31.0 15.0 145.11253 26.58499 64.65211 1350.0
15.0 32.0 32.0 156.97804 89.02927 57.9689 365.0
15.0 32.0 15.0 145.11253 26.58499 64.65211 365.0
15.0 37.0 37.0 80.20448 11.05053 113.7883 1.0
15.0 37.0 15.0 145.11253 26.58499 64.65211 1.0
15.0 40.0 40.0 83.27247 23.52361 42.424 2.0
15.0 40.0 15.0 145.11253 26.58499 64.65211 2.0
15.0 47.0 47.0 164.18917 62.77378 126.12879 9.0
15.0 47.0 15.0 145.11253 26.58499 64.65211 9.0
16.0 0.0 0.0 55.11122 48.9149 141.98705 1412.0
16.0 0.0 16.0 37.10711 39.08388 124.70346 1412.0
16.0 2.0 2.0 27.3896 25.33499 87.70188 757.0
16.0 2.0 16.0 37.10711 39.08388 124.70346 757.0
16.0 3.0 3.0 83.1536 3.83071 88.02129 15.0
16.0 3.0 16.0 37.10711 39.08388 124.70346 15.0
16.0 4.0 4.0 72.03286 108.38095 139.6689 1.0
16.0 4.0 16.0 37.10711 39.08388 124.70346 1.0
16.0 6.0 6.0 5.47768 84.79241 74.41751 6.0
16.0 6.0 16.0 37.10711 39.08388 124.70346 6.0
16.0 11.0 11.0 48.52889 14.1163 56.50108 17.0
16.0 11.0 16.0 37.10711 39.08388 124.70346 17.0
16.0 16.0 16.0 37.10711 39.08388 124.70346 4304.0
16.0 16.0 16.0 37.10711 39.08388 124.70346 4304.0
16.0 22.0 22.0 25.08711 80.08193 119.44739 1194.0
16.0 22.0 16.0 37.10711 39.08388 124.70346 1194.0
16.0 23.0 23.0 173.45899 43.5605 76.9288 1.0
16.0 23.0 16.0 37.10711 39.08388 124.70346 1.0
16.0 26.0 26.0 132.0584 45.157 139.1484 1.0
16.0 26.0 16.0 37.10711 39.08388 124.70346 1.0
16.0 27.0 27.0 18.71445 45.36551 103.7335 1151.0
16.0 27.0 16.0 37.10711 39.08388 124.70346 1151.0
16.0 28.0 28.0 84.2526 38.99164 143.16596 58.0
16.0 28.0 16.0 37.10711 39.08388 124.70346 58.0
16.0 33.0 33.0 97.15087 49.96965 149.24348 7.0
16.0 33.0 16.0 37.10711 39.08388 124.70346 7.0
16.0 36.0 36.0 51.16886 19.507 119.70688 1063.0
16.0 36.0 16.0 37.10711 39.08388 124.70346 1063.0
16.0 37.0 37.0 80.20448 11.05053 113.7883 173.0
16.0 37.0 16.0 37.10711 39.08388 124.70346 173.0
16.0 38.0 38.0 88.66109 68.43164 152.61352 20.0
16.0 38.0 16.0 37.10711 39.08388 124.70346 20.0
16.0 42.0 42.0 56.60285 85.26401 144.93645 188.0
16.0 42.0 16.0 37.10711 39.08388 124.70346 188.0
16.0 44.0 44.0 70.23026 22.715 131.33746 268.0
16.0 44.0 16.0 37.10711 39.08388 124.70346 268.0
17.0 3.0 3.0 83.1536 3.83071 88.02129 1193.0
17.0 3.0 17.0 122.79065 11.00887 94.59333 1193.0
17.0 7.0 7.0 121.65778 13.45897 56.85484 816.0
17.0 7.0 17.0 122.79065 11.00887 94.59333 816.0
17.0 10.0 10.0 97.04653 3.92144 61.07444 489.0
17.0 10.0 17.0 122.79065 11.00887 94.59333 489.0
17.0 15.0 15.0 145.11253 26.58499 64.65211 888.0
17.0 15.0 17.0 122.79065 11.00887 94.59333 888.0
17.0 17.0 17.0 122.79065 11.00887 94.59333 5036.0
17.0 17.0 17.0 122.79065 11.00887 94.59333 5036.0
17.0 18.0 18.0 159.19228 24.83076 93.92155 609.0
17.0 18.0 17.0 122.79065 11.00887 94.59333 609.0
17.0 19.0 19.0 66.38683 15.82777 45.33383 2.0
17.0 19.0 17.0 122.79065 11.00887 94.59333 2.0
17.0 23.0 23.0 173.45899 43.5605 76.9288 11.0
17.0 23.0 17.0 122.79065 11.00887 94.59333 11.0
17.0 26.0 26.0 132.0584 45.157 139.1484 78.0
17.0 26.0 17.0 122.79065 11.00887 94.59333 78.0
17.0 28.0 28.0 84.2526 38.99164 143.16596 8.0
17.0 28.0 17.0 122.79065 11.00887 94.59333 8.0
17.0 29.0 29.0 122.68293 20.58184 121.17483 1527.0
17.0 29.0 17.0 122.79065 11.00887 94.59333 1527.0
17.0 31.0 31.0 121.54186 38.9603 36.0357 5.0
17.0 31.0 17.0 122.79065 11.00887 94.59333 5.0
17.0 33.0 33.0 97.15087 49.96965 149.24348 3.0
17.0 33.0 17.0 122.79065 11.00887 94.59333 3.0
17.0 37.0 37.0 80.20448 11.05053 113.7883 495.0
17.0 37.0 17.0 122.79065 11.00887 94.59333 495.0
17.0 40.0 40.0 83.27247 23.52361 42.424 3.0
17.0 40.0 17.0 122.79065 11.00887 94.59333 3.0
17.0 44.0 44.0 70.23026 22.715 131.33746 2.0
17.0 44.0 17.0 122.79065 11.00887 94.59333 2.0
17.0 47.0 47.0 164.18917 62.77378 126.12879 14.0
17.0 47.0 17.0 122.79065 11.00887 94.59333 14.0
18.0 3.0 3.0 83.1536 3.83071 88.02129 2.0
18.0 3.0 18.0 159.19228 24.83076 93.92155 2.0
18.0 7.0 7.0 121.65778 13.45897 56.85484 33.0
18.0 7.0 18.0 159.19228 24.83076 93.92155 33.0
18.0 12.0 12.0 179.79874 86.31154 84.71423 11.0
18.0 12.0 18.0 159.19228 24.83076 93.92155 11.0
18.0 15.0 15.0 145.11253 26.58499 64.65211 1127.0
18.0 15.0 18.0 159.19228 24.83076 93.92155 1127.0
18.0 17.0 17.0 122.79065 11.00887 94.59333 612.0
18.0 17.0 18.0 159.19228 24.83076 93.92155 612.0
18.0 18.0 18.0 159.19228 24.83076 93.92155 3237.0
18.0 18.0 18.0 159.19228 24.83076 93.92155 3237.0
18.0 23.0 23.0 173.45899 43.5605 76.9288 1009.0
18.0 23.0 18.0 159.19228 24.83076 93.92155 1009.0
18.0 25.0 25.0 182.84293 63.95898 100.25128 102.0
18.0 25.0 18.0 159.19228 24.83076 93.92155 102.0
18.0 26.0 26.0 132.0584 45.157 139.1484 220.0
18.0 26.0 18.0 159.19228 24.83076 93.92155 220.0
18.0 29.0 29.0 122.68293 20.58184 121.17483 560.0
18.0 29.0 18.0 159.19228 24.83076 93.92155 560.0
18.0 31.0 31.0 121.54186 38.9603 36.0357 9.0
18.0 31.0 18.0 159.19228 24.83076 93.92155 9.0
18.0 32.0 32.0 156.97804 89.02927 57.9689 12.0
18.0 32.0 18.0 159.19228 24.83076 93.92155 12.0
18.0 47.0 47.0 164.18917 62.77378 126.12879 626.0
18.0 47.0 18.0 159.19228 24.83076 93.92155 626.0
19.0 1.0 1.0 66.25317 89.23059 7.47155 23.0
19.0 1.0 19.0 66.38683 15.82777 45.33383 23.0
19.0 2.0 2.0 27.3896 25.33499 87.70188 13.0
19.0 2.0 19.0 66.38683 15.82777 45.33383 13.0
19.0 3.0 3.0 83.1536 3.83071 88.02129 444.0
19.0 3.0 19.0 66.38683 15.82777 45.33383 444.0
19.0 7.0 7.0 121.65778 13.45897 56.85484 8.0
19.0 7.0 19.0 66.38683 15.82777 45.33383 8.0
19.0 8.0 8.0 108.15179 85.95616 38.68265 1.0
19.0 8.0 19.0 66.38683 15.82777 45.33383 1.0
19.0 10.0 10.0 97.04653 3.92144 61.07444 592.0
19.0 10.0 19.0 66.38683 15.82777 45.33383 592.0
19.0 11.0 11.0 48.52889 14.1163 56.50108 1881.0
19.0 11.0 19.0 66.38683 15.82777 45.33383 1881.0
19.0 13.0 13.0 21.80449 31.14089 56.42132 65.0
19.0 13.0 19.0 66.38683 15.82777 45.33383 65.0
19.0 19.0 19.0 66.38683 15.82777 45.33383 2179.0
19.0 19.0 19.0 66.38683 15.82777 45.33383 2179.0
19.0 20.0 20.0 85.02901 53.70856 22.27569 599.0
19.0 20.0 19.0 66.38683 15.82777 45.33383 599.0
19.0 21.0 21.0 28.31107 78.09121 19.26935 13.0
19.0 21.0 19.0 66.38683 15.82777 45.33383 13.0
19.0 31.0 31.0 121.54186 38.9603 36.0357 27.0
19.0 31.0 19.0 66.38683 15.82777 45.33383 27.0
19.0 37.0 37.0 80.20448 11.05053 113.7883 17.0
19.0 37.0 19.0 66.38683 15.82777 45.33383 17.0
19.0 39.0 39.0 21.83966 50.11795 32.75866 208.0
19.0 39.0 19.0 66.38683 15.82777 45.33383 208.0
19.0 40.0 40.0 83.27247 23.52361 42.424 1644.0
19.0 40.0 19.0 66.38683 15.82777 45.33383 1644.0
20.0 1.0 1.0 66.25317 89.23059 7.47155 2109.0
20.0 1.0 20.0 85.02901 53.70856 22.27569 2109.0
20.0 7.0 7.0 121.65778 13.45897 56.85484 15.0
20.0 7.0 20.0 85.02901 53.70856 22.27569 15.0
20.0 8.0 8.0 108.15179 85.95616 38.68265 3147.0
20.0 8.0 20.0 85.02901 53.70856 22.27569 3147.0
20.0 10.0 10.0 97.04653 3.92144 61.07444 21.0
20.0 10.0 20.0 85.02901 53.70856 22.27569 21.0
20.0 11.0 11.0 48.52889 14.1163 56.50108 245.0
20.0 11.0 20.0 85.02901 53.70856 22.27569 245.0
20.0 12.0 12.0 179.79874 86.31154 84.71423 1.0
20.0 12.0 20.0 85.02901 53.70856 22.27569 1.0
20.0 13.0 13.0 21.80449 31.14089 56.42132 6.0
20.0 13.0 20.0 85.02901 53.70856 22.27569 6.0
20.0 14.0 14.0 128.31308 116.04895 40.29068 5.0
20.0 14.0 20.0 85.02901 53.70856 22.27569 5.0
20.0 15.0 15.0 145.11253 26.58499 64.65211 1.0
20.0 15.0 20.0 85.02901 53.70856 22.27569 1.0
20.0 19.0 19.0 66.38683 15.82777 45.33383 526.0
20.0 19.0 20.0 85.02901 53.70856 22.27569 526.0
20.0 20.0 20.0 85.02901 53.70856 22.27569 12613.0
20.0 20.0 20.0 85.02901 53.70856 22.27569 12613.0
20.0 21.0 21.0 28.31107 78.09121 19.26935 246.0
20.0 21.0 20.0 85.02901 53.70856 22.27569 246.0
20.0 31.0 31.0 121.54186 38.9603 36.0357 2045.0
20.0 31.0 20.0 85.02901 53.70856 22.27569 2045.0
20.0 32.0 32.0 156.97804 89.02927 57.9689 7.0
20.0 32.0 20.0 85.02901 53.70856 22.27569 7.0
20.0 39.0 39.0 21.83966 50.11795 32.75866 496.0
20.0 39.0 20.0 85.02901 53.70856 22.27569 496.0
20.0 40.0 40.0 83.27247 23.52361 42.424 1657.0
20.0 40.0 20.0 85.02901 53.70856 22.27569 1657.0
20.0 45.0 45.0 35.0597 116.38845 28.64985 1.0
20.0 45.0 20.0 85.02901 53.70856 22.27569 1.0
21.0 1.0 1.0 66.25317 89.23059 7.47155 1482.0
21.0 1.0 21.0 28.31107 78.09121 19.26935 1482.0
21.0 5.0 5.0 36.15869 130.03141 82.25999 12.0
21.0 5.0 21.0 28.31107 78.09121 19.26935 12.0
21.0 6.0 6.0 5.47768 84.79241 74.41751 633.0
21.0 6.0 21.0 28.31107 78.09121 19.26935 633.0
21.0 11.0 11.0 48.52889 14.1163 56.50108 39.0
21.0 11.0 21.0 28.31107 78.09121 19.26935 39.0
21.0 12.0 12.0 179.79874 86.31154 84.71423 1.0
21.0 12.0 21.0 28.31107 78.09121 19.26935 1.0
21.0 13.0 13.0 21.80449 31.14089 56.42132 8.0
21.0 13.0 21.0 28.31107 78.09121 19.26935 8.0
21.0 19.0 19.0 66.38683 15.82777 45.33383 13.0
21.0 19.0 21.0 28.31107 78.09121 19.26935 13.0
21.0 20.0 20.0 85.02901 53.70856 22.27569 268.0
21.0 20.0 21.0 28.31107 78.09121 19.26935 268.0
21.0 21.0 21.0 28.31107 78.09121 19.26935 6442.0
21.0 21.0 21.0 28.31107 78.09121 19.26935 6442.0
21.0 30.0 30.0 88.32986 139.93714 62.70571 1.0
21.0 30.0 21.0 28.31107 78.09121 19.26935 1.0
21.0 39.0 39.0 21.83966 50.11795 32.75866 2275.0
21.0 39.0 21.0 28.31107 78.09121 19.26935 2275.0
21.0 40.0 40.0 83.27247 23.52361 42.424 3.0
21.0 40.0 21.0 28.31107 78.09121 19.26935 3.0
21.0 45.0 45.0 35.0597 116.38845 28.64985 1918.0
21.0 45.0 21.0 28.31107 78.09121 19.26935 1918.0
22.0 0.0 0.0 55.11122 48.9149 141.98705 658.0
22.0 0.0 22.0 25.08711 80.08193 119.44739 658.0
22.0 2.0 2.0 27.3896 25.33499 87.70188 77.0
22.0 2.0 22.0 25.08711 80.08193 119.44739 77.0
22.0 4.0 4.0 72.03286 108.38095 139.6689 463.0
22.0 4.0 22.0 25.08711 80.08193 119.44739 463.0
22.0 5.0 5.0 36.15869 130.03141 82.25999 1227.0
22.0 5.0 22.0 25.08711 80.08193 119.44739 1227.0
22.0 6.0 6.0 5.47768 84.79241 74.41751 1859.0
22.0 6.0 22.0 25.08711 80.08193 119.44739 1859.0
22.0 13.0 13.0 21.80449 31.14089 56.42132 3.0
22.0 13.0 22.0 25.08711 80.08193 119.44739 3.0
22.0 16.0 16.0 37.10711 39.08388 124.70346 1255.0
22.0 16.0 22.0 25.08711 80.08193 119.44739 1255.0
22.0 22.0 22.0 25.08711 80.08193 119.44739 14068.0
22.0 22.0 22.0 25.08711 80.08193 119.44739 14068.0
22.0 27.0 27.0 18.71445 45.36551 103.7335 1307.0
22.0 27.0 22.0 25.08711 80.08193 119.44739 1307.0
22.0 28.0 28.0 84.2526 38.99164 143.16596 20.0
22.0 28.0 22.0 25.08711 80.08193 119.44739 20.0
22.0 33.0 33.0 97.15087 49.96965 149.24348 1.0
22.0 33.0 22.0 25.08711 80.08193 119.44739 1.0
22.0 36.0 36.0 51.16886 19.507 119.70688 16.0
22.0 36.0 22.0 25.08711 80.08193 119.44739 16.0
22.0 37.0 37.0 80.20448 11.05053 113.7883 1.0
22.0 37.0 22.0 25.08711 80.08193 119.44739 1.0
22.0 38.0 38.0 88.66109 68.43164 152.61352 29.0
22.0 38.0 22.0 25.08711 80.08193 119.44739 29.0
22.0 41.0 41.0 59.73391 126.03459 122.48559 747.0
22.0 41.0 22.0 25.08711 80.08193 119.44739 747.0
22.0 42.0 42.0 56.60285 85.26401 144.93645 1692.0
22.0 42.0 22.0 25.08711 80.08193 119.44739 1692.0
22.0 43.0 43.0 101.66922 137.73836 99.13797 1.0
22.0 43.0 22.0 25.08711 80.08193 119.44739 1.0
22.0 44.0 44.0 70.23026 22.715 131.33746 2.0
22.0 44.0 22.0 25.08711 80.08193 119.44739 2.0
23.0 7.0 7.0 121.65778 13.45897 56.85484 12.0
23.0 7.0 23.0 173.45899 43.5605 76.9288 12.0
23.0 8.0 8.0 108.15179 85.95616 38.68265 5.0
23.0 8.0 23.0 173.45899 43.5605 76.9288 5.0
23.0 12.0 12.0 179.79874 86.31154 84.71423 594.0
23.0 12.0 23.0 173.45899 43.5605 76.9288 594.0
23.0 15.0 15.0 145.11253 26.58499 64.65211 781.0
23.0 15.0 23.0 173.45899 43.5605 76.9288 781.0
23.0 17.0 17.0 122.79065 11.00887 94.59333 5.0
23.0 17.0 23.0 173.45899 43.5605 76.9288 5.0
23.0 18.0 18.0 159.19228 24.83076 93.92155 1035.0
23.0 18.0 23.0 173.45899 43.5605 76.9288 1035.0
23.0 23.0 23.0 173.45899 43.5605 76.9288 3349.0
23.0 23.0 23.0 173.45899 43.5605 76.9288 3349.0
23.0 25.0 25.0 182.84293 63.95898 100.25128 774.0
23.0 25.0 23.0 173.45899 43.5605 76.9288 774.0
23.0 26.0 26.0 132.0584 45.157 139.1484 11.0
23.0 26.0 23.0 173.45899 43.5605 76.9288 11.0
23.0 29.0 29.0 122.68293 20.58184 121.17483 11.0
23.0 29.0 23.0 173.45899 43.5605 76.9288 11.0
23.0 31.0 31.0 121.54186 38.9603 36.0357 110.0
23.0 31.0 23.0 173.45899 43.5605 76.9288 110.0
23.0 32.0 32.0 156.97804 89.02927 57.9689 514.0
23.0 32.0 23.0 173.45899 43.5605 76.9288 514.0
23.0 37.0 37.0 80.20448 11.05053 113.7883 1.0
23.0 37.0 23.0 173.45899 43.5605 76.9288 1.0
23.0 47.0 47.0 164.18917 62.77378 126.12879 333.0
23.0 47.0 23.0 173.45899 43.5605 76.9288 333.0
24.0 0.0 0.0 55.11122 48.9149 141.98705 12.0
24.0 0.0 24.0 107.84751 87.24214 149.14745 12.0
24.0 4.0 4.0 72.03286 108.38095 139.6689 1517.0
24.0 4.0 24.0 107.84751 87.24214 149.14745 1517.0
24.0 9.0 9.0 78.60902 139.92704 102.64972 25.0
24.0 9.0 24.0 107.84751 87.24214 149.14745 25.0
24.0 22.0 22.0 25.08711 80.08193 119.44739 1.0
24.0 22.0 24.0 107.84751 87.24214 149.14745 1.0
24.0 24.0 24.0 107.84751 87.24214 149.14745 8968.0
24.0 24.0 24.0 107.84751 87.24214 149.14745 8968.0
24.0 26.0 26.0 132.0584 45.157 139.1484 923.0
24.0 26.0 24.0 107.84751 87.24214 149.14745 923.0
24.0 28.0 28.0 84.2526 38.99164 143.16596 39.0
24.0 28.0 24.0 107.84751 87.24214 149.14745 39.0
24.0 30.0 30.0 88.32986 139.93714 62.70571 1.0
24.0 30.0 24.0 107.84751 87.24214 149.14745 1.0
24.0 33.0 33.0 97.15087 49.96965 149.24348 475.0
24.0 33.0 24.0 107.84751 87.24214 149.14745 475.0
24.0 34.0 34.0 127.77487 111.24587 129.60043 2629.0
24.0 34.0 24.0 107.84751 87.24214 149.14745 2629.0
24.0 35.0 35.0 147.75826 121.17075 95.60057 3.0
24.0 35.0 24.0 107.84751 87.24214 149.14745 3.0
24.0 38.0 38.0 88.66109 68.43164 152.61352 1927.0
24.0 38.0 24.0 107.84751 87.24214 149.14745 1927.0
24.0 41.0 41.0 59.73391 126.03459 122.48559 78.0
24.0 41.0 24.0 107.84751 87.24214 149.14745 78.0
24.0 42.0 42.0 56.60285 85.26401 144.93645 506.0
24.0 42.0 24.0 107.84751 87.24214 149.14745 506.0
24.0 43.0 43.0 101.66922 137.73836 99.13797 8.0
24.0 43.0 24.0 107.84751 87.24214 149.14745 8.0
24.0 44.0 44.0 70.23026 22.715 131.33746 1.0
24.0 44.0 24.0 107.84751 87.24214 149.14745 1.0
24.0 47.0 47.0 164.18917 62.77378 126.12879 213.0
24.0 47.0 24.0 107.84751 87.24214 149.14745 213.0
25.0 7.0 7.0 121.65778 13.45897 56.85484 1.0
25.0 7.0 25.0 182.84293 63.95898 100.25128 1.0
25.0 12.0 12.0 179.79874 86.31154 84.71423 1203.0
25.0 12.0 25.0 182.84293 63.95898 100.25128 1203.0
25.0 15.0 15.0 145.11253 26.58499 64.65211 8.0
25.0 15.0 25.0 182.84293 63.95898 100.25128 8.0
25.0 18.0 18.0 159.19228 24.83076 93.92155 119.0
25.0 18.0 25.0 182.84293 63.95898 100.25128 119.0
25.0 23.0 23.0 173.45899 43.5605 76.9288 740.0
25.0 23.0 25.0 182.84293 63.95898 100.25128 740.0
25.0 25.0 25.0 182.84293 63.95898 100.25128 2243.0
25.0 25.0 25.0 182.84293 63.95898 100.25128 2243.0
25.0 26.0 26.0 132.0584 45.157 139.1484 5.0
25.0 26.0 25.0 182.84293 63.95898 100.25128 5.0
25.0 29.0 29.0 122.68293 20.58184 121.17483 1.0
25.0 29.0 25.0 182.84293 63.95898 100.25128 1.0
25.0 32.0 32.0 156.97804 89.02927 57.9689 42.0
25.0 32.0 25.0 182.84293 63.95898 100.25128 42.0
25.0 34.0 34.0 127.77487 111.24587 129.60043 26.0
25.0 34.0 25.0 182.84293 63.95898 100.25128 26.0
25.0 35.0 35.0 147.75826 121.17075 95.60057 74.0
25.0 35.0 25.0 182.84293 63.95898 100.25128 74.0
25.0 47.0 47.0 164.18917 62.77378 126.12879 1211.0
25.0 47.0 25.0 182.84293 63.95898 100.25128 1211.0
26.0 0.0 0.0 55.11122 48.9149 141.98705 2.0
26.0 0.0 26.0 132.0584 45.157 139.1484 2.0
26.0 3.0 3.0 83.1536 3.83071 88.02129 2.0
26.0 3.0 26.0 132.0584 45.157 139.1484 2.0
26.0 17.0 17.0 122.79065 11.00887 94.59333 98.0
26.0 17.0 26.0 132.0584 45.157 139.1484 98.0
26.0 18.0 18.0 159.19228 24.83076 93.92155 249.0
26.0 18.0 26.0 132.0584 45.157 139.1484 249.0
26.0 23.0 23.0 173.45899 43.5605 76.9288 8.0
26.0 23.0 26.0 132.0584 45.157 139.1484 8.0
26.0 24.0 24.0 107.84751 87.24214 149.14745 973.0
26.0 24.0 26.0 132.0584 45.157 139.1484 973.0
26.0 25.0 25.0 182.84293 63.95898 100.25128 4.0
26.0 25.0 26.0 132.0584 45.157 139.1484 4.0
26.0 26.0 26.0 132.0584 45.157 139.1484 8057.0
26.0 26.0 26.0 132.0584 45.157 139.1484 8057.0
26.0 28.0 28.0 84.2526 38.99164 143.16596 429.0
26.0 28.0 26.0 132.0584 45.157 139.1484 429.0
26.0 29.0 29.0 122.68293 20.58184 121.17483 1882.0
26.0 29.0 26.0 132.0584 45.157 139.1484 1882.0
26.0 33.0 33.0 97.15087 49.96965 149.24348 1092.0
26.0 33.0 26.0 132.0584 45.157 139.1484 1092.0
26.0 34.0 34.0 127.77487 111.24587 129.60043 294.0
26.0 34.0 26.0 132.0584 45.157 139.1484 294.0
26.0 35.0 35.0 147.75826 121.17075 95.60057 1.0
26.0 35.0 26.0 132.0584 45.157 139.1484 1.0
26.0 37.0 37.0 80.20448 11.05053 113.7883 118.0
26.0 37.0 26.0 132.0584 45.157 139.1484 118.0
26.0 38.0 38.0 88.66109 68.43164 152.61352 393.0
26.0 38.0 26.0 132.0584 45.157 139.1484 393.0
26.0 44.0 44.0 70.23026 22.715 131.33746 12.0
26.0 44.0 26.0 132.0584 45.157 139.1484 12.0
26.0 47.0 47.0 164.18917 62.77378 126.12879 1696.0
26.0 47.0 26.0 132.0584 45.157 139.1484 1696.0
27.0 0.0 0.0 55.11122 48.9149 141.98705 46.0
27.0 0.0 27.0 18.71445 45.36551 103.7335 46.0
27.0 2.0 2.0 27.3896 25.33499 87.70188 1641.0
27.0 2.0 27.0 18.71445 45.36551 103.7335 1641.0
27.0 5.0 5.0 36.15869 130.03141 82.25999 1.0
27.0 5.0 27.0 18.71445 45.36551 103.7335 1.0
27.0 6.0 6.0 5.47768 84.79241 74.41751 786.0
27.0 6.0 27.0 18.71445 45.36551 103.7335 786.0
27.0 11.0 11.0 48.52889 14.1163 56.50108 12.0
27.0 11.0 27.0 18.71445 45.36551 103.7335 12.0
27.0 13.0 13.0 21.80449 31.14089 56.42132 116.0
27.0 13.0 27.0 18.71445 45.36551 103.7335 116.0
27.0 16.0 16.0 37.10711 39.08388 124.70346 1247.0
27.0 16.0 27.0 18.71445 45.36551 103.7335 1247.0
27.0 22.0 22.0 25.08711 80.08193 119.44739 1351.0
27.0 22.0 27.0 18.71445 45.36551 103.7335 1351.0
27.0 27.0 27.0 18.71445 45.36551 103.7335 3411.0
27.0 27.0 27.0 18.71445 45.36551 103.7335 3411.0
27.0 36.0 36.0 51.16886 19.507 119.70688 114.0
27.0 36.0 27.0 18.71445 45.36551 103.7335 114.0
27.0 37.0 37.0 80.20448 11.05053 113.7883 8.0
27.0 37.0 27.0 18.71445 45.36551 103.7335 8.0
27.0 39.0 39.0 21.83966 50.11795 32.75866 21.0
27.0 39.0 27.0 18.71445 45.36551 103.7335 21.0
27.0 42.0 42.0 56.60285 85.26401 144.93645 1.0
27.0 42.0 27.0 18.71445 45.36551 103.7335 1.0
27.0 44.0 44.0 70.23026 22.715 131.33746 7.0
27.0 44.0 27.0 18.71445 45.36551 103.7335 7.0
28.0 0.0 0.0 55.11122 48.9149 141.98705 1076.0
28.0 0.0 28.0 84.2526 38.99164 143.16596 1076.0
28.0 3.0 3.0 83.1536 3.83071 88.02129 9.0
28.0 3.0 28.0 84.2526 38.99164 143.16596 9.0
28.0 4.0 4.0 72.03286 108.38095 139.6689 3.0
28.0 4.0 28.0 84.2526 38.99164 143.16596 3.0
28.0 16.0 16.0 37.10711 39.08388 124.70346 45.0
28.0 16.0 28.0 84.2526 38.99164 143.16596 45.0
28.0 17.0 17.0 122.79065 11.00887 94.59333 11.0
28.0 17.0 28.0 84.2526 38.99164 143.16596 11.0
28.0 22.0 22.0 25.08711 80.08193 119.44739 12.0
28.0 22.0 28.0 84.2526 38.99164 143.16596 12.0
28.0 24.0 24.0 107.84751 87.24214 149.14745 41.0
28.0 24.0 28.0 84.2526 38.99164 143.16596 41.0
28.0 26.0 26.0 132.0584 45.157 139.1484 397.0
28.0 26.0 28.0 84.2526 38.99164 143.16596 397.0
28.0 28.0 28.0 84.2526 38.99164 143.16596 3239.0
28.0 28.0 28.0 84.2526 38.99164 143.16596 3239.0
28.0 29.0 29.0 122.68293 20.58184 121.17483 485.0
28.0 29.0 28.0 84.2526 38.99164 143.16596 485.0
28.0 33.0 33.0 97.15087 49.96965 149.24348 1644.0
28.0 33.0 28.0 84.2526 38.99164 143.16596 1644.0
28.0 36.0 36.0 51.16886 19.507 119.70688 85.0
28.0 36.0 28.0 84.2526 38.99164 143.16596 85.0
28.0 37.0 37.0 80.20448 11.05053 113.7883 746.0
28.0 37.0 28.0 84.2526 38.99164 143.16596 746.0
28.0 38.0 38.0 88.66109 68.43164 152.61352 576.0
28.0 38.0 28.0 84.2526 38.99164 143.16596 576.0
28.0 42.0 42.0 56.60285 85.26401 144.93645 176.0
28.0 42.0 28.0 84.2526 38.99164 143.16596 176.0
28.0 44.0 44.0 70.23026 22.715 131.33746 891.0
28.0 44.0 28.0 84.2526 38.99164 143.16596 891.0
29.0 0.0 0.0 55.11122 48.9149 141.98705 2.0
29.0 0.0 29.0 122.68293 20.58184 121.17483 2.0
29.0 3.0 3.0 83.1536 3.83071 88.02129 208.0
29.0 3.0 29.0 122.68293 20.58184 121.17483 208.0
29.0 7.0 7.0 121.65778 13.45897 56.85484 7.0
29.0 7.0 29.0 122.68293 20.58184 121.17483 7.0
29.0 10.0 10.0 97.04653 3.92144 61.07444 1.0
29.0 10.0 29.0 122.68293 20.58184 121.17483 1.0
29.0 15.0 15.0 145.11253 26.58499 64.65211 63.0
29.0 15.0 29.0 122.68293 20.58184 121.17483 63.0
29.0 17.0 17.0 122.79065 11.00887 94.59333 1599.0
29.0 17.0 29.0 122.68293 20.58184 121.17483 1599.0
29.0 18.0 18.0 159.19228 24.83076 93.92155 531.0
29.0 18.0 29.0 122.68293 20.58184 121.17483 531.0
29.0 23.0 23.0 173.45899 43.5605 76.9288 15.0
29.0 23.0 29.0 122.68293 20.58184 121.17483 15.0
29.0 24.0 24.0 107.84751 87.24214 149.14745 1.0
29.0 24.0 29.0 122.68293 20.58184 121.17483 1.0
29.0 25.0 25.0 182.84293 63.95898 100.25128 1.0
29.0 25.0 29.0 122.68293 20.58184 121.17483 1.0
29.0 26.0 26.0 132.0584 45.157 139.1484 1816.0
29.0 26.0 29.0 122.68293 20.58184 121.17483 1816.0
29.0 28.0 28.0 84.2526 38.99164 143.16596 473.0
29.0 28.0 29.0 122.68293 20.58184 121.17483 473.0
29.0 29.0 29.0 122.68293 20.58184 121.17483 4821.0
29.0 29.0 29.0 122.68293 20.58184 121.17483 4821.0
29.0 33.0 33.0 97.15087 49.96965 149.24348 174.0
29.0 33.0 29.0 122.68293 20.58184 121.17483 174.0
29.0 36.0 36.0 51.16886 19.507 119.70688 1.0
29.0 36.0 29.0 122.68293 20.58184 121.17483 1.0
29.0 37.0 37.0 80.20448 11.05053 113.7883 1182.0
29.0 37.0 29.0 122.68293 20.58184 121.17483 1182.0
29.0 38.0 38.0 88.66109 68.43164 152.61352 4.0
29.0 38.0 29.0 122.68293 20.58184 121.17483 4.0
29.0 44.0 44.0 70.23026 22.715 131.33746 73.0
29.0 44.0 29.0 122.68293 20.58184 121.17483 73.0
29.0 46.0 46.0 114.4703 130.24417 52.69251 1.0
29.0 46.0 29.0 122.68293 20.58184 121.17483 1.0
29.0 47.0 47.0 164.18917 62.77378 126.12879 226.0
29.0 47.0 29.0 122.68293 20.58184 121.17483 226.0
30.0 1.0 1.0 66.25317 89.23059 7.47155 331.0
30.0 1.0 30.0 88.32986 139.93714 62.70571 331.0
30.0 5.0 5.0 36.15869 130.03141 82.25999 1674.0
30.0 5.0 30.0 88.32986 139.93714 62.70571 1674.0
30.0 8.0 8.0 108.15179 85.95616 38.68265 610.0
30.0 8.0 30.0 88.32986 139.93714 62.70571 610.0
30.0 9.0 9.0 78.60902 139.92704 102.64972 1111.0
30.0 9.0 30.0 88.32986 139.93714 62.70571 1111.0
30.0 14.0 14.0 128.31308 116.04895 40.29068 224.0
30.0 14.0 30.0 88.32986 139.93714 62.70571 224.0
30.0 23.0 23.0 173.45899 43.5605 76.9288 1.0
30.0 23.0 30.0 88.32986 139.93714 62.70571 1.0
30.0 30.0 30.0 88.32986 139.93714 62.70571 14957.0
30.0 30.0 30.0 88.32986 139.93714 62.70571 14957.0
30.0 32.0 32.0 156.97804 89.02927 57.9689 5.0
30.0 32.0 30.0 88.32986 139.93714 62.70571 5.0
30.0 34.0 34.0 127.77487 111.24587 129.60043 75.0
30.0 34.0 30.0 88.32986 139.93714 62.70571 75.0
30.0 35.0 35.0 147.75826 121.17075 95.60057 717.0
30.0 35.0 30.0 88.32986 139.93714 62.70571 717.0
30.0 41.0 41.0 59.73391 126.03459 122.48559 17.0
30.0 41.0 30.0 88.32986 139.93714 62.70571 17.0
30.0 43.0 43.0 101.66922 137.73836 99.13797 2233.0
30.0 43.0 30.0 88.32986 139.93714 62.70571 2233.0
30.0 45.0 45.0 35.0597 116.38845 28.64985 744.0
30.0 45.0 30.0 88.32986 139.93714 62.70571 744.0
30.0 46.0 46.0 114.4703 130.24417 52.69251 3410.0
30.0 46.0 30.0 88.32986 139.93714 62.70571 3410.0
31.0 1.0 1.0 66.25317 89.23059 7.47155 1.0
31.0 1.0 31.0 121.54186 38.9603 36.0357 1.0
31.0 3.0 3.0 83.1536 3.83071 88.02129 1.0
31.0 3.0 31.0 121.54186 38.9603 36.0357 1.0
31.0 7.0 7.0 121.65778 13.45897 56.85484 1628.0
31.0 7.0 31.0 121.54186 38.9603 36.0357 1628.0
31.0 8.0 8.0 108.15179 85.95616 38.68265 1963.0
31.0 8.0 31.0 121.54186 38.9603 36.0357 1963.0
31.0 10.0 10.0 97.04653 3.92144 61.07444 374.0
31.0 10.0 31.0 121.54186 38.9603 36.0357 374.0
31.0 11.0 11.0 48.52889 14.1163 56.50108 3.0
31.0 11.0 31.0 121.54186 38.9603 36.0357 3.0
31.0 12.0 12.0 179.79874 86.31154 84.71423 7.0
31.0 12.0 31.0 121.54186 38.9603 36.0357 7.0
31.0 14.0 14.0 128.31308 116.04895 40.29068 5.0
31.0 14.0 31.0 121.54186 38.9603 36.0357 5.0
31.0 15.0 15.0 145.11253 26.58499 64.65211 1420.0
31.0 15.0 31.0 121.54186 38.9603 36.0357 1420.0
31.0 17.0 17.0 122.79065 11.00887 94.59333 7.0
31.0 17.0 31.0 121.54186 38.9603 36.0357 7.0
31.0 18.0 18.0 159.19228 24.83076 93.92155 8.0
31.0 18.0 31.0 121.54186 38.9603 36.0357 8.0
31.0 19.0 19.0 66.38683 15.82777 45.33383 33.0
31.0 19.0 31.0 121.54186 38.9603 36.0357 33.0
31.0 20.0 20.0 85.02901 53.70856 22.27569 2118.0
31.0 20.0 31.0 121.54186 38.9603 36.0357 2118.0
31.0 23.0 23.0 173.45899 43.5605 76.9288 112.0
31.0 23.0 31.0 121.54186 38.9603 36.0357 112.0
31.0 31.0 31.0 121.54186 38.9603 36.0357 12044.0
31.0 31.0 31.0 121.54186 38.9603 36.0357 12044.0
31.0 32.0 32.0 156.97804 89.02927 57.9689 558.0
31.0 32.0 31.0 121.54186 38.9603 36.0357 558.0
31.0 40.0 40.0 83.27247 23.52361 42.424 986.0
31.0 40.0 31.0 121.54186 38.9603 36.0357 986.0
31.0 45.0 45.0 35.0597 116.38845 28.64985 1.0
31.0 45.0 31.0 121.54186 38.9603 36.0357 1.0
32.0 7.0 7.0 121.65778 13.45897 56.85484 3.0
32.0 7.0 32.0 156.97804 89.02927 57.9689 3.0
32.0 8.0 8.0 108.15179 85.95616 38.68265 1603.0
32.0 8.0 32.0 156.97804 89.02927 57.9689 1603.0
32.0 12.0 12.0 179.79874 86.31154 84.71423 1670.0
32.0 12.0 32.0 156.97804 89.02927 57.9689 1670.0
32.0 14.0 14.0 128.31308 116.04895 40.29068 1428.0
32.0 14.0 32.0 156.97804 89.02927 57.9689 1428.0
32.0 15.0 15.0 145.11253 26.58499 64.65211 383.0
32.0 15.0 32.0 156.97804 89.02927 57.9689 383.0
32.0 18.0 18.0 159.19228 24.83076 93.92155 9.0
32.0 18.0 32.0 156.97804 89.02927 57.9689 9.0
32.0 20.0 20.0 85.02901 53.70856 22.27569 7.0
32.0 20.0 32.0 156.97804 89.02927 57.9689 7.0
32.0 23.0 23.0 173.45899 43.5605 76.9288 454.0
32.0 23.0 32.0 156.97804 89.02927 57.9689 454.0
32.0 25.0 25.0 182.84293 63.95898 100.25128 49.0
32.0 25.0 32.0 156.97804 89.02927 57.9689 49.0
32.0 30.0 30.0 88.32986 139.93714 62.70571 6.0
32.0 30.0 32.0 156.97804 89.02927 57.9689 6.0
32.0 31.0 31.0 121.54186 38.9603 36.0357 573.0
32.0 31.0 32.0 156.97804 89.02927 57.9689 573.0
32.0 32.0 32.0 156.97804 89.02927 57.9689 9332.0
32.0 32.0 32.0 156.97804 89.02927 57.9689 9332.0
32.0 35.0 35.0 147.75826 121.17075 95.60057 931.0
32.0 35.0 32.0 156.97804 89.02927 57.9689 931.0
32.0 46.0 46.0 114.4703 130.24417 52.69251 285.0
32.0 46.0 32.0 156.97804 89.02927 57.9689 285.0
32.0 47.0 47.0 164.18917 62.77378 126.12879 1.0
32.0 47.0 32.0 156.97804 89.02927 57.9689 1.0
33.0 0.0 0.0 55.11122 48.9149 141.98705 245.0
33.0 0.0 33.0 97.15087 49.96965 149.24348 245.0
33.0 4.0 4.0 72.03286 108.38095 139.6689 5.0
33.0 4.0 33.0 97.15087 49.96965 149.24348 5.0
33.0 16.0 16.0 37.10711 39.08388 124.70346 4.0
33.0 16.0 33.0 97.15087 49.96965 149.24348 4.0
33.0 17.0 17.0 122.79065 11.00887 94.59333 3.0
33.0 17.0 33.0 97.15087 49.96965 149.24348 3.0
33.0 22.0 22.0 25.08711 80.08193 119.44739 3.0
33.0 22.0 33.0 97.15087 49.96965 149.24348 3.0
33.0 24.0 24.0 107.84751 87.24214 149.14745 480.0
33.0 24.0 33.0 97.15087 49.96965 149.24348 480.0
33.0 26.0 26.0 132.0584 45.157 139.1484 1185.0
33.0 26.0 33.0 97.15087 49.96965 149.24348 1185.0
33.0 28.0 28.0 84.2526 38.99164 143.16596 1531.0
33.0 28.0 33.0 97.15087 49.96965 149.24348 1531.0
33.0 29.0 29.0 122.68293 20.58184 121.17483 182.0
33.0 29.0 33.0 97.15087 49.96965 149.24348 182.0
33.0 33.0 33.0 97.15087 49.96965 149.24348 2706.0
33.0 33.0 33.0 97.15087 49.96965 149.24348 2706.0
33.0 34.0 34.0 127.77487 111.24587 129.60043 3.0
33.0 34.0 33.0 97.15087 49.96965 149.24348 3.0
33.0 36.0 36.0 51.16886 19.507 119.70688 1.0
33.0 36.0 33.0 97.15087 49.96965 149.24348 1.0
33.0 37.0 37.0 80.20448 11.05053 113.7883 89.0
33.0 37.0 33.0 97.15087 49.96965 149.24348 89.0
33.0 38.0 38.0 88.66109 68.43164 152.61352 1586.0
33.0 38.0 33.0 97.15087 49.96965 149.24348 1586.0
33.0 42.0 42.0 56.60285 85.26401 144.93645 134.0
33.0 42.0 33.0 97.15087 49.96965 149.24348 134.0
33.0 44.0 44.0 70.23026 22.715 131.33746 103.0
33.0 44.0 33.0 97.15087 49.96965 149.24348 103.0
33.0 47.0 47.0 164.18917 62.77378 126.12879 4.0
33.0 47.0 33.0 97.15087 49.96965 149.24348 4.0
34.0 4.0 4.0 72.03286 108.38095 139.6689 934.0
34.0 4.0 34.0 127.77487 111.24587 129.60043 934.0
34.0 5.0 5.0 36.15869 130.03141 82.25999 1.0
34.0 5.0 34.0 127.77487 111.24587 129.60043 1.0
34.0 9.0 9.0 78.60902 139.92704 102.64972 592.0
34.0 9.0 34.0 127.77487 111.24587 129.60043 592.0
34.0 12.0 12.0 179.79874 86.31154 84.71423 79.0
34.0 12.0 34.0 127.77487 111.24587 129.60043 79.0
34.0 14.0 14.0 128.31308 116.04895 40.29068 3.0
34.0 14.0 34.0 127.77487 111.24587 129.60043 3.0
34.0 24.0 24.0 107.84751 87.24214 149.14745 2600.0
34.0 24.0 34.0 127.77487 111.24587 129.60043 2600.0
34.0 25.0 25.0 182.84293 63.95898 100.25128 23.0
34.0 25.0 34.0 127.77487 111.24587 129.60043 23.0
34.0 26.0 26.0 132.0584 45.157 139.1484 298.0
34.0 26.0 34.0 127.77487 111.24587 129.60043 298.0
34.0 30.0 30.0 88.32986 139.93714 62.70571 78.0
34.0 30.0 34.0 127.77487 111.24587 129.60043 78.0
34.0 32.0 32.0 156.97804 89.02927 57.9689 3.0
34.0 32.0 34.0 127.77487 111.24587 129.60043 3.0
34.0 33.0 33.0 97.15087 49.96965 149.24348 6.0
34.0 33.0 34.0 127.77487 111.24587 129.60043 6.0
34.0 34.0 34.0 127.77487 111.24587 129.60043 17081.0
34.0 34.0 34.0 127.77487 111.24587 129.60043 17081.0
34.0 35.0 35.0 147.75826 121.17075 95.60057 2555.0
34.0 35.0 34.0 127.77487 111.24587 129.60043 2555.0
34.0 38.0 38.0 88.66109 68.43164 152.61352 25.0
34.0 38.0 34.0 127.77487 111.24587 129.60043 25.0
34.0 41.0 41.0 59.73391 126.03459 122.48559 401.0
34.0 41.0 34.0 127.77487 111.24587 129.60043 401.0
34.0 42.0 42.0 56.60285 85.26401 144.93645 7.0
34.0 42.0 34.0 127.77487 111.24587 129.60043 7.0
34.0 43.0 43.0 101.66922 137.73836 99.13797 1431.0
34.0 43.0 34.0 127.77487 111.24587 129.60043 1431.0
34.0 46.0 46.0 114.4703 130.24417 52.69251 13.0
34.0 46.0 34.0 127.77487 111.24587 129.60043 13.0
34.0 47.0 47.0 164.18917 62.77378 126.12879 1180.0
34.0 47.0 34.0 127.77487 111.24587 129.60043 1180.0
35.0 8.0 8.0 108.15179 85.95616 38.68265 4.0
35.0 8.0 35.0 147.75826 121.17075 95.60057 4.0
35.0 9.0 9.0 78.60902 139.92704 102.64972 22.0
35.0 9.0 35.0 147.75826 121.17075 95.60057 22.0
35.0 12.0 12.0 179.79874 86.31154 84.71423 1132.0
35.0 12.0 35.0 147.75826 121.17075 95.60057 1132.0
35.0 14.0 14.0 128.31308 116.04895 40.29068 324.0
35.0 14.0 35.0 147.75826 121.17075 95.60057 324.0
35.0 24.0 24.0 107.84751 87.24214 149.14745 3.0
35.0 24.0 35.0 147.75826 121.17075 95.60057 3.0
35.0 25.0 25.0 182.84293 63.95898 100.25128 84.0
35.0 25.0 35.0 147.75826 121.17075 95.60057 84.0
35.0 26.0 26.0 132.0584 45.157 139.1484 1.0
35.0 26.0 35.0 147.75826 121.17075 95.60057 1.0
35.0 28.0 28.0 84.2526 38.99164 143.16596 1.0
35.0 28.0 35.0 147.75826 121.17075 95.60057 1.0
35.0 30.0 30.0 88.32986 139.93714 62.70571 715.0
35.0 30.0 35.0 147.75826 121.17075 95.60057 715.0
35.0 32.0 32.0 156.97804 89.02927 57.9689 909.0
35.0 32.0 35.0 147.75826 121.17075 95.60057 909.0
35.0 34.0 34.0 127.77487 111.24587 129.60043 2668.0
35.0 34.0 35.0 147.75826 121.17075 95.60057 2668.0
35.0 35.0 35.0 147.75826 121.17075 95.60057 11431.0
35.0 35.0 35.0 147.75826 121.17075 95.60057 11431.0
35.0 43.0 43.0 101.66922 137.73836 99.13797 847.0
35.0 43.0 35.0 147.75826 121.17075 95.60057 847.0
35.0 46.0 46.0 114.4703 130.24417 52.69251 1162.0
35.0 46.0 35.0 147.75826 121.17075 95.60057 1162.0
35.0 47.0 47.0 164.18917 62.77378 126.12879 317.0
35.0 47.0 35.0 147.75826 121.17075 95.60057 317.0
36.0 0.0 0.0 55.11122 48.9149 141.98705 472.0
36.0 0.0 36.0 51.16886 19.507 119.70688 472.0
36.0 2.0 2.0 27.3896 25.33499 87.70188 504.0
36.0 2.0 36.0 51.16886 19.507 119.70688 504.0
36.0 3.0 3.0 83.1536 3.83071 88.02129 149.0
36.0 3.0 36.0 51.16886 19.507 119.70688 149.0
36.0 11.0 11.0 48.52889 14.1163 56.50108 74.0
36.0 11.0 36.0 51.16886 19.507 119.70688 74.0
36.0 16.0 16.0 37.10711 39.08388 124.70346 1002.0
36.0 16.0 36.0 51.16886 19.507 119.70688 1002.0
36.0 22.0 22.0 25.08711 80.08193 119.44739 9.0
36.0 22.0 36.0 51.16886 19.507 119.70688 9.0
36.0 27.0 27.0 18.71445 45.36551 103.7335 83.0
36.0 27.0 36.0 51.16886 19.507 119.70688 83.0
36.0 28.0 28.0 84.2526 38.99164 143.16596 85.0
36.0 28.0 36.0 51.16886 19.507 119.70688 85.0
36.0 33.0 33.0 97.15087 49.96965 149.24348 5.0
36.0 33.0 36.0 51.16886 19.507 119.70688 5.0
36.0 36.0 36.0 51.16886 19.507 119.70688 1550.0
36.0 36.0 36.0 51.16886 19.507 119.70688 1550.0
36.0 37.0 37.0 80.20448 11.05053 113.7883 950.0
36.0 37.0 36.0 51.16886 19.507 119.70688 950.0
36.0 38.0 38.0 88.66109 68.43164 152.61352 1.0
36.0 38.0 36.0 51.16886 19.507 119.70688 1.0
36.0 42.0 42.0 56.60285 85.26401 144.93645 2.0
36.0 42.0 36.0 51.16886 19.507 119.70688 2.0
36.0 44.0 44.0 70.23026 22.715 131.33746 793.0
36.0 44.0 36.0 51.16886 19.507 119.70688 793.0
37.0 0.0 0.0 55.11122 48.9149 141.98705 74.0
37.0 0.0 37.0 80.20448 11.05053 113.7883 74.0
37.0 2.0 2.0 27.3896 25.33499 87.70188 361.0
37.0 2.0 37.0 80.20448 11.05053 113.7883 361.0
37.0 3.0 3.0 83.1536 3.83071 88.02129 2560.0
37.0 3.0 37.0 80.20448 11.05053 113.7883 2560.0
37.0 7.0 7.0 121.65778 13.45897 56.85484 4.0
37.0 7.0 37.0 80.20448 11.05053 113.7883 4.0
37.0 10.0 10.0 97.04653 3.92144 61.07444 55.0
37.0 10.0 37.0 80.20448 11.05053 113.7883 55.0
37.0 11.0 11.0 48.52889 14.1163 56.50108 257.0
37.0 11.0 37.0 80.20448 11.05053 113.7883 257.0
37.0 13.0 13.0 21.80449 31.14089 56.42132 3.0
37.0 13.0 37.0 80.20448 11.05053 113.7883 3.0
37.0 16.0 16.0 37.10711 39.08388 124.70346 157.0
37.0 16.0 37.0 80.20448 11.05053 113.7883 157.0
37.0 17.0 17.0 122.79065 11.00887 94.59333 527.0
37.0 17.0 37.0 80.20448 11.05053 113.7883 527.0
37.0 18.0 18.0 159.19228 24.83076 93.92155 2.0
37.0 18.0 37.0 80.20448 11.05053 113.7883 2.0
37.0 19.0 19.0 66.38683 15.82777 45.33383 14.0
37.0 19.0 37.0 80.20448 11.05053 113.7883 14.0
37.0 26.0 26.0 132.0584 45.157 139.1484 113.0
37.0 26.0 37.0 80.20448 11.05053 113.7883 113.0
37.0 27.0 27.0 18.71445 45.36551 103.7335 12.0
37.0 27.0 37.0 80.20448 11.05053 113.7883 12.0
37.0 28.0 28.0 84.2526 38.99164 143.16596 764.0
37.0 28.0 37.0 80.20448 11.05053 113.7883 764.0
37.0 29.0 29.0 122.68293 20.58184 121.17483 1137.0
37.0 29.0 37.0 80.20448 11.05053 113.7883 1137.0
37.0 33.0 33.0 97.15087 49.96965 149.24348 103.0
37.0 33.0 37.0 80.20448 11.05053 113.7883 103.0
37.0 36.0 36.0 51.16886 19.507 119.70688 881.0
37.0 36.0 37.0 80.20448 11.05053 113.7883 881.0
37.0 37.0 37.0 80.20448 11.05053 113.7883 8106.0
37.0 37.0 37.0 80.20448 11.05053 113.7883 8106.0
37.0 38.0 38.0 88.66109 68.43164 152.61352 1.0
37.0 38.0 37.0 80.20448 11.05053 113.7883 1.0
37.0 40.0 40.0 83.27247 23.52361 42.424 1.0
37.0 40.0 37.0 80.20448 11.05053 113.7883 1.0
37.0 44.0 44.0 70.23026 22.715 131.33746 1518.0
37.0 44.0 37.0 80.20448 11.05053 113.7883 1518.0
38.0 0.0 0.0 55.11122 48.9149 141.98705 423.0
38.0 0.0 38.0 88.66109 68.43164 152.61352 423.0
38.0 4.0 4.0 72.03286 108.38095 139.6689 248.0
38.0 4.0 38.0 88.66109 68.43164 152.61352 248.0
38.0 16.0 16.0 37.10711 39.08388 124.70346 15.0
38.0 16.0 38.0 88.66109 68.43164 152.61352 15.0
38.0 22.0 22.0 25.08711 80.08193 119.44739 23.0
38.0 22.0 38.0 88.66109 68.43164 152.61352 23.0
38.0 24.0 24.0 107.84751 87.24214 149.14745 2005.0
38.0 24.0 38.0 88.66109 68.43164 152.61352 2005.0
38.0 26.0 26.0 132.0584 45.157 139.1484 385.0
38.0 26.0 38.0 88.66109 68.43164 152.61352 385.0
38.0 28.0 28.0 84.2526 38.99164 143.16596 605.0
38.0 28.0 38.0 88.66109 68.43164 152.61352 605.0
38.0 29.0 29.0 122.68293 20.58184 121.17483 7.0
38.0 29.0 38.0 88.66109 68.43164 152.61352 7.0
38.0 33.0 33.0 97.15087 49.96965 149.24348 1507.0
38.0 33.0 38.0 88.66109 68.43164 152.61352 1507.0
38.0 34.0 34.0 127.77487 111.24587 129.60043 32.0
38.0 34.0 38.0 88.66109 68.43164 152.61352 32.0
38.0 36.0 36.0 51.16886 19.507 119.70688 2.0
38.0 36.0 38.0 88.66109 68.43164 152.61352 2.0
38.0 37.0 37.0 80.20448 11.05053 113.7883 2.0
38.0 37.0 38.0 88.66109 68.43164 152.61352 2.0
38.0 38.0 38.0 88.66109 68.43164 152.61352 3178.0
38.0 38.0 38.0 88.66109 68.43164 152.61352 3178.0
38.0 41.0 41.0 59.73391 126.03459 122.48559 5.0
38.0 41.0 38.0 88.66109 68.43164 152.61352 5.0
38.0 42.0 42.0 56.60285 85.26401 144.93645 1130.0
38.0 42.0 38.0 88.66109 68.43164 152.61352 1130.0
38.0 44.0 44.0 70.23026 22.715 131.33746 8.0
38.0 44.0 38.0 88.66109 68.43164 152.61352 8.0
38.0 47.0 47.0 164.18917 62.77378 126.12879 4.0
38.0 47.0 38.0 88.66109 68.43164 152.61352 4.0
39.0 1.0 1.0 66.25317 89.23059 7.47155 288.0
39.0 1.0 39.0 21.83966 50.11795 32.75866 288.0
39.0 2.0 2.0 27.3896 25.33499 87.70188 143.0
39.0 2.0 39.0 21.83966 50.11795 32.75866 143.0
39.0 5.0 5.0 36.15869 130.03141 82.25999 2.0
39.0 5.0 39.0 21.83966 50.11795 32.75866 2.0
39.0 6.0 6.0 5.47768 84.79241 74.41751 1407.0
39.0 6.0 39.0 21.83966 50.11795 32.75866 1407.0
39.0 11.0 11.0 48.52889 14.1163 56.50108 887.0
39.0 11.0 39.0 21.83966 50.11795 32.75866 887.0
39.0 13.0 13.0 21.80449 31.14089 56.42132 1855.0
39.0 13.0 39.0 21.83966 50.11795 32.75866 1855.0
39.0 19.0 19.0 66.38683 15.82777 45.33383 235.0
39.0 19.0 39.0 21.83966 50.11795 32.75866 235.0
39.0 20.0 20.0 85.02901 53.70856 22.27569 538.0
39.0 20.0 39.0 21.83966 50.11795 32.75866 538.0
39.0 21.0 21.0 28.31107 78.09121 19.26935 2219.0
39.0 21.0 39.0 21.83966 50.11795 32.75866 2219.0
39.0 22.0 22.0 25.08711 80.08193 119.44739 2.0
39.0 22.0 39.0 21.83966 50.11795 32.75866 2.0
39.0 27.0 27.0 18.71445 45.36551 103.7335 20.0
39.0 27.0 39.0 21.83966 50.11795 32.75866 20.0
39.0 39.0 39.0 21.83966 50.11795 32.75866 9992.0
39.0 39.0 39.0 21.83966 50.11795 32.75866 9992.0
39.0 40.0 40.0 83.27247 23.52361 42.424 27.0
39.0 40.0 39.0 21.83966 50.11795 32.75866 27.0
39.0 45.0 45.0 35.0597 116.38845 28.64985 63.0
39.0 45.0 39.0 21.83966 50.11795 32.75866 63.0
40.0 1.0 1.0 66.25317 89.23059 7.47155 11.0
40.0 1.0 40.0 83.27247 23.52361 42.424 11.0
40.0 3.0 3.0 83.1536 3.83071 88.02129 134.0
40.0 3.0 40.0 83.27247 23.52361 42.424 134.0
40.0 7.0 7.0 121.65778 13.45897 56.85484 285.0
40.0 7.0 40.0 83.27247 23.52361 42.424 285.0
40.0 8.0 8.0 108.15179 85.95616 38.68265 36.0
40.0 8.0 40.0 83.27247 23.52361 42.424 36.0
40.0 10.0 10.0 97.04653 3.92144 61.07444 1225.0
40.0 10.0 40.0 83.27247 23.52361 42.424 1225.0
40.0 11.0 11.0 48.52889 14.1163 56.50108 456.0
40.0 11.0 40.0 83.27247 23.52361 42.424 456.0
40.0 13.0 13.0 21.80449 31.14089 56.42132 7.0
40.0 13.0 40.0 83.27247 23.52361 42.424 7.0
40.0 15.0 15.0 145.11253 26.58499 64.65211 3.0
40.0 15.0 40.0 83.27247 23.52361 42.424 3.0
40.0 17.0 17.0 122.79065 11.00887 94.59333 2.0
40.0 17.0 40.0 83.27247 23.52361 42.424 2.0
40.0 19.0 19.0 66.38683 15.82777 45.33383 1453.0
40.0 19.0 40.0 83.27247 23.52361 42.424 1453.0
40.0 20.0 20.0 85.02901 53.70856 22.27569 1695.0
40.0 20.0 40.0 83.27247 23.52361 42.424 1695.0
40.0 21.0 21.0 28.31107 78.09121 19.26935 1.0
40.0 21.0 40.0 83.27247 23.52361 42.424 1.0
40.0 31.0 31.0 121.54186 38.9603 36.0357 1111.0
40.0 31.0 40.0 83.27247 23.52361 42.424 1111.0
40.0 37.0 37.0 80.20448 11.05053 113.7883 3.0
40.0 37.0 40.0 83.27247 23.52361 42.424 3.0
40.0 39.0 39.0 21.83966 50.11795 32.75866 34.0
40.0 39.0 40.0 83.27247 23.52361 42.424 34.0
40.0 40.0 40.0 83.27247 23.52361 42.424 4599.0
40.0 40.0 40.0 83.27247 23.52361 42.424 4599.0
41.0 4.0 4.0 72.03286 108.38095 139.6689 2795.0
41.0 4.0 41.0 59.73391 126.03459 122.48559 2795.0
41.0 5.0 5.0 36.15869 130.03141 82.25999 2230.0
41.0 5.0 41.0 59.73391 126.03459 122.48559 2230.0
41.0 6.0 6.0 5.47768 84.79241 74.41751 12.0
41.0 6.0 41.0 59.73391 126.03459 122.48559 12.0
41.0 9.0 9.0 78.60902 139.92704 102.64972 2143.0
41.0 9.0 41.0 59.73391 126.03459 122.48559 2143.0
41.0 13.0 13.0 21.80449 31.14089 56.42132 1.0
41.0 13.0 41.0 59.73391 126.03459 122.48559 1.0
41.0 22.0 22.0 25.08711 80.08193 119.44739 671.0
41.0 22.0 41.0 59.73391 126.03459 122.48559 671.0
41.0 24.0 24.0 107.84751 87.24214 149.14745 91.0
41.0 24.0 41.0 59.73391 126.03459 122.48559 91.0
41.0 28.0 28.0 84.2526 38.99164 143.16596 1.0
41.0 28.0 41.0 59.73391 126.03459 122.48559 1.0
41.0 30.0 30.0 88.32986 139.93714 62.70571 16.0
41.0 30.0 41.0 59.73391 126.03459 122.48559 16.0
41.0 34.0 34.0 127.77487 111.24587 129.60043 396.0
41.0 34.0 41.0 59.73391 126.03459 122.48559 396.0
41.0 35.0 35.0 147.75826 121.17075 95.60057 3.0
41.0 35.0 41.0 59.73391 126.03459 122.48559 3.0
41.0 38.0 38.0 88.66109 68.43164 152.61352 3.0
41.0 38.0 41.0 59.73391 126.03459 122.48559 3.0
41.0 41.0 41.0 59.73391 126.03459 122.48559 9240.0
41.0 41.0 41.0 59.73391 126.03459 122.48559 9240.0
41.0 42.0 42.0 56.60285 85.26401 144.93645 398.0
41.0 42.0 41.0 59.73391 126.03459 122.48559 398.0
41.0 43.0 43.0 101.66922 137.73836 99.13797 326.0
41.0 43.0 41.0 59.73391 126.03459 122.48559 326.0
42.0 0.0 0.0 55.11122 48.9149 141.98705 863.0
42.0 0.0 42.0 56.60285 85.26401 144.93645 863.0
42.0 4.0 4.0 72.03286 108.38095 139.6689 2193.0
42.0 4.0 42.0 56.60285 85.26401 144.93645 2193.0
42.0 5.0 5.0 36.15869 130.03141 82.25999 41.0
42.0 5.0 42.0 56.60285 85.26401 144.93645 41.0
42.0 6.0 6.0 5.47768 84.79241 74.41751 1.0
42.0 6.0 42.0 56.60285 85.26401 144.93645 1.0
42.0 16.0 16.0 37.10711 39.08388 124.70346 142.0
42.0 16.0 42.0 56.60285 85.26401 144.93645 142.0
42.0 22.0 22.0 25.08711 80.08193 119.44739 1599.0
42.0 22.0 42.0 56.60285 85.26401 144.93645 1599.0
42.0 24.0 24.0 107.84751 87.24214 149.14745 571.0
42.0 24.0 42.0 56.60285 85.26401 144.93645 571.0
42.0 27.0 27.0 18.71445 45.36551 103.7335 1.0
42.0 27.0 42.0 56.60285 85.26401 144.93645 1.0
42.0 28.0 28.0 84.2526 38.99164 143.16596 208.0
42.0 28.0 42.0 56.60285 85.26401 144.93645 208.0
42.0 33.0 33.0 97.15087 49.96965 149.24348 132.0
42.0 33.0 42.0 56.60285 85.26401 144.93645 132.0
42.0 34.0 34.0 127.77487 111.24587 129.60043 8.0
42.0 34.0 42.0 56.60285 85.26401 144.93645 8.0
42.0 36.0 36.0 51.16886 19.507 119.70688 1.0
42.0 36.0 42.0 56.60285 85.26401 144.93645 1.0
42.0 38.0 38.0 88.66109 68.43164 152.61352 1134.0
42.0 38.0 42.0 56.60285 85.26401 144.93645 1134.0
42.0 41.0 41.0 59.73391 126.03459 122.48559 379.0
42.0 41.0 42.0 56.60285 85.26401 144.93645 379.0
42.0 42.0 42.0 56.60285 85.26401 144.93645 5812.0
42.0 42.0 42.0 56.60285 85.26401 144.93645 5812.0
42.0 44.0 44.0 70.23026 22.715 131.33746 3.0
42.0 44.0 42.0 56.60285 85.26401 144.93645 3.0
43.0 4.0 4.0 72.03286 108.38095 139.6689 64.0
43.0 4.0 43.0 101.66922 137.73836 99.13797 64.0
43.0 5.0 5.0 36.15869 130.03141 82.25999 63.0
43.0 5.0 43.0 101.66922 137.73836 99.13797 63.0
43.0 9.0 9.0 78.60902 139.92704 102.64972 2057.0
43.0 9.0 43.0 101.66922 137.73836 99.13797 2057.0
43.0 24.0 24.0 107.84751 87.24214 149.14745 6.0
43.0 24.0 43.0 101.66922 137.73836 99.13797 6.0
43.0 30.0 30.0 88.32986 139.93714 62.70571 2129.0
43.0 30.0 43.0 101.66922 137.73836 99.13797 2129.0
43.0 34.0 34.0 127.77487 111.24587 129.60043 1417.0
43.0 34.0 43.0 101.66922 137.73836 99.13797 1417.0
43.0 35.0 35.0 147.75826 121.17075 95.60057 843.0
43.0 35.0 43.0 101.66922 137.73836 99.13797 843.0
43.0 41.0 41.0 59.73391 126.03459 122.48559 274.0
43.0 41.0 43.0 101.66922 137.73836 99.13797 274.0
43.0 43.0 43.0 101.66922 137.73836 99.13797 4793.0
43.0 43.0 43.0 101.66922 137.73836 99.13797 4793.0
43.0 46.0 46.0 114.4703 130.24417 52.69251 168.0
43.0 46.0 43.0 101.66922 137.73836 99.13797 168.0
44.0 0.0 0.0 55.11122 48.9149 141.98705 635.0
44.0 0.0 44.0 70.23026 22.715 131.33746 635.0
44.0 2.0 2.0 27.3896 25.33499 87.70188 35.0
44.0 2.0 44.0 70.23026 22.715 131.33746 35.0
44.0 3.0 3.0 83.1536 3.83071 88.02129 76.0
44.0 3.0 44.0 70.23026 22.715 131.33746 76.0
44.0 6.0 6.0 5.47768 84.79241 74.41751 1.0
44.0 6.0 44.0 70.23026 22.715 131.33746 1.0
44.0 11.0 11.0 48.52889 14.1163 56.50108 2.0
44.0 11.0 44.0 70.23026 22.715 131.33746 2.0
44.0 16.0 16.0 37.10711 39.08388 124.70346 227.0
44.0 16.0 44.0 70.23026 22.715 131.33746 227.0
44.0 17.0 17.0 122.79065 11.00887 94.59333 4.0
44.0 17.0 44.0 70.23026 22.715 131.33746 4.0
44.0 22.0 22.0 25.08711 80.08193 119.44739 2.0
44.0 22.0 44.0 70.23026 22.715 131.33746 2.0
44.0 26.0 26.0 132.0584 45.157 139.1484 15.0
44.0 26.0 44.0 70.23026 22.715 131.33746 15.0
44.0 27.0 27.0 18.71445 45.36551 103.7335 3.0
44.0 27.0 44.0 70.23026 22.715 131.33746 3.0
44.0 28.0 28.0 84.2526 38.99164 143.16596 918.0
44.0 28.0 44.0 70.23026 22.715 131.33746 918.0
44.0 29.0 29.0 122.68293 20.58184 121.17483 82.0
44.0 29.0 44.0 70.23026 22.715 131.33746 82.0
44.0 33.0 33.0 97.15087 49.96965 149.24348 98.0
44.0 33.0 44.0 70.23026 22.715 131.33746 98.0
44.0 36.0 36.0 51.16886 19.507 119.70688 756.0
44.0 36.0 44.0 70.23026 22.715 131.33746 756.0
44.0 37.0 37.0 80.20448 11.05053 113.7883 1522.0
44.0 37.0 44.0 70.23026 22.715 131.33746 1522.0
44.0 38.0 38.0 88.66109 68.43164 152.61352 15.0
44.0 38.0 44.0 70.23026 22.715 131.33746 15.0
44.0 42.0 42.0 56.60285 85.26401 144.93645 1.0
44.0 42.0 44.0 70.23026 22.715 131.33746 1.0
44.0 44.0 44.0 70.23026 22.715 131.33746 1840.0
44.0 44.0 44.0 70.23026 22.715 131.33746 1840.0
45.0 1.0 1.0 66.25317 89.23059 7.47155 1946.0
45.0 1.0 45.0 35.0597 116.38845 28.64985 1946.0
45.0 5.0 5.0 36.15869 130.03141 82.25999 2043.0
45.0 5.0 45.0 35.0597 116.38845 28.64985 2043.0
45.0 6.0 6.0 5.47768 84.79241 74.41751 965.0
45.0 6.0 45.0 35.0597 116.38845 28.64985 965.0
45.0 8.0 8.0 108.15179 85.95616 38.68265 109.0
45.0 8.0 45.0 35.0597 116.38845 28.64985 109.0
45.0 9.0 9.0 78.60902 139.92704 102.64972 5.0
45.0 9.0 45.0 35.0597 116.38845 28.64985 5.0
45.0 14.0 14.0 128.31308 116.04895 40.29068 3.0
45.0 14.0 45.0 35.0597 116.38845 28.64985 3.0
45.0 20.0 20.0 85.02901 53.70856 22.27569 1.0
45.0 20.0 45.0 35.0597 116.38845 28.64985 1.0
45.0 21.0 21.0 28.31107 78.09121 19.26935 1866.0
45.0 21.0 45.0 35.0597 116.38845 28.64985 1866.0
45.0 30.0 30.0 88.32986 139.93714 62.70571 807.0
45.0 30.0 45.0 35.0597 116.38845 28.64985 807.0
45.0 39.0 39.0 21.83966 50.11795 32.75866 77.0
45.0 39.0 45.0 35.0597 116.38845 28.64985 77.0
45.0 45.0 45.0 35.0597 116.38845 28.64985 13422.0
45.0 45.0 45.0 35.0597 116.38845 28.64985 13422.0
45.0 46.0 46.0 114.4703 130.24417 52.69251 51.0
45.0 46.0 45.0 35.0597 116.38845 28.64985 51.0
46.0 1.0 1.0 66.25317 89.23059 7.47155 129.0
46.0 1.0 46.0 114.4703 130.24417 52.69251 129.0
46.0 5.0 5.0 36.15869 130.03141 82.25999 5.0
46.0 5.0 46.0 114.4703 130.24417 52.69251 5.0
46.0 8.0 8.0 108.15179 85.95616 38.68265 1109.0
46.0 8.0 46.0 114.4703 130.24417 52.69251 1109.0
46.0 9.0 9.0 78.60902 139.92704 102.64972 2.0
46.0 9.0 46.0 114.4703 130.24417 52.69251 2.0
46.0 12.0 12.0 179.79874 86.31154 84.71423 4.0
46.0 12.0 46.0 114.4703 130.24417 52.69251 4.0
46.0 14.0 14.0 128.31308 116.04895 40.29068 2797.0
46.0 14.0 46.0 114.4703 130.24417 52.69251 2797.0
46.0 20.0 20.0 85.02901 53.70856 22.27569 1.0
46.0 20.0 46.0 114.4703 130.24417 52.69251 1.0
46.0 30.0 30.0 88.32986 139.93714 62.70571 3439.0
46.0 30.0 46.0 114.4703 130.24417 52.69251 3439.0
46.0 32.0 32.0 156.97804 89.02927 57.9689 289.0
46.0 32.0 46.0 114.4703 130.24417 52.69251 289.0
46.0 34.0 34.0 127.77487 111.24587 129.60043 13.0
46.0 34.0 46.0 114.4703 130.24417 52.69251 13.0
46.0 35.0 35.0 147.75826 121.17075 95.60057 1124.0
46.0 35.0 46.0 114.4703 130.24417 52.69251 1124.0
46.0 43.0 43.0 101.66922 137.73836 99.13797 128.0
46.0 43.0 46.0 114.4703 130.24417 52.69251 128.0
46.0 45.0 45.0 35.0597 116.38845 28.64985 36.0
46.0 45.0 46.0 114.4703 130.24417 52.69251 36.0
46.0 46.0 46.0 114.4703 130.24417 52.69251 7038.0
46.0 46.0 46.0 114.4703 130.24417 52.69251 7038.0
47.0 12.0 12.0 179.79874 86.31154 84.71423 394.0
47.0 12.0 47.0 164.18917 62.77378 126.12879 394.0
47.0 15.0 15.0 145.11253 26.58499 64.65211 6.0
47.0 15.0 47.0 164.18917 62.77378 126.12879 6.0
47.0 17.0 17.0 122.79065 11.00887 94.59333 18.0
47.0 17.0 47.0 164.18917 62.77378 126.12879 18.0
47.0 18.0 18.0 159.19228 24.83076 93.92155 628.0
47.0 18.0 47.0 164.18917 62.77378 126.12879 628.0
47.0 23.0 23.0 173.45899 43.5605 76.9288 360.0
47.0 23.0 47.0 164.18917 62.77378 126.12879 360.0
47.0 24.0 24.0 107.84751 87.24214 149.14745 206.0
47.0 24.0 47.0 164.18917 62.77378 126.12879 206.0
47.0 25.0 25.0 182.84293 63.95898 100.25128 1164.0
47.0 25.0 47.0 164.18917 62.77378 126.12879 1164.0
47.0 26.0 26.0 132.0584 45.157 139.1484 1851.0
47.0 26.0 47.0 164.18917 62.77378 126.12879 1851.0
47.0 29.0 29.0 122.68293 20.58184 121.17483 259.0
47.0 29.0 47.0 164.18917 62.77378 126.12879 259.0
47.0 32.0 32.0 156.97804 89.02927 57.9689 2.0
47.0 32.0 47.0 164.18917 62.77378 126.12879 2.0
47.0 33.0 33.0 97.15087 49.96965 149.24348 4.0
47.0 33.0 47.0 164.18917 62.77378 126.12879 4.0
47.0 34.0 34.0 127.77487 111.24587 129.60043 1237.0
47.0 34.0 47.0 164.18917 62.77378 126.12879 1237.0
47.0 35.0 35.0 147.75826 121.17075 95.60057 346.0
47.0 35.0 47.0 164.18917 62.77378 126.12879 346.0
47.0 37.0 37.0 80.20448 11.05053 113.7883 1.0
47.0 37.0 47.0 164.18917 62.77378 126.12879 1.0
47.0 38.0 38.0 88.66109 68.43164 152.61352 7.0
47.0 38.0 47.0 164.18917 62.77378 126.12879 7.0
47.0 47.0 47.0 164.18917 62.77378 126.12879 8871.0
47.0 47.0 47.0 164.18917 62.77378 126.12879 8871.0
