TargetArea SourceArea Area AvgPosX AvgPosY AvgPosZ SumWeights
0.0 0.0 0.0 55.12538 48.86779 141.97304 3910.0
0.0 0.0 0.0 55.12538 48.86779 141.97304 3910.0
0.0 2.0 2.0 27.40976 25.31768 87.72155 12.0
0.0 2.0 0.0 55.12538 48.86779 141.97304 12.0
0.0 4.0 4.0 72.12766 108.40494 139.67744 12.0
0.0 4.0 0.0 55.12538 48.86779 141.97304 12.0
0.0 5.0 5.0 36.16404 130.03354 82.26599 1.0
0.0 5.0 0.0 55.12538 48.86779 141.97304 1.0
0.0 16.0 16.0 37.11275 39.12321 124.73868 1409.0
0.0 16.0 0.0 55.12538 48.86779 141.97304 1409.0
0.0 22.0 22.0 25.11139 80.07346 119.48174 549.0
0.0 22.0 0.0 55.12538 48.86779 141.97304 549.0
0.0 24.0 24.0 107.90155 87.20531 149.14585 9.0
0.0 24.0 0.0 55.12538 48.86779 141.97304 9.0
0.0 27.0 27.0 18.72177 45.37332 103.74868 21.0
0.0 27.0 0.0 55.12538 48.86779 141.97304 21.0
0.0 28.0 28.0 84.29315 38.94975 143.14378 1123.0
0.0 28.0 0.0 55.12538 48.86779 141.97304 1123.0
0.0 29.0 29.0 122.72627 20.58565 121.16237 1.0
0.0 29.0 0.0 55.12538 48.86779 141.97304 1.0
0.0 33.0 33.0 97.2095 49.93976 149.2374 289.0
0.0 33.0 0.0 55.12538 48.86779 141.97304 289.0
0.0 36.0 36.0 51.1888 19.51647 119.72773 460.0
0.0 36.0 0.0 55.12538 48.86779 141.97304 460.0
0.0 37.0 37.0 80.32248 11.07538 113.85279 77.0
0.0 37.0 0.0 55.12538 48.86779 141.97304 77.0
0.0 38.0 38.0 88.75048 68.41078 152.6123 420.0
0.0 38.0 0.0 55.12538 48.86779 141.97304 420.0
0.0 41.0 41.0 59.88796 126.07614 122.50949 4.0
0.0 41.0 0.0 55.12538 48.86779 141.97304 4.0
0.0 42.0 42.0 56.66992 85.23024 144.97518 934.0
0.0 42.0 0.0 55.12538 48.86779 141.97304 934.0
0.0 44.0 44.0 70.26051 22.73217 131.35655 626.0
0.0 44.0 0.0 55.12538 48.86779 141.97304 626.0
1.0 1.0 1.0 66.26092 89.26227 7.48231 11165.0
1.0 1.0 1.0 66.26092 89.26227 7.48231 11165.0
1.0 5.0 5.0 36.16404 130.03354 82.26599 25.0
1.0 5.0 1.0 66.26092 89.26227 7.48231 25.0
1.0 6.0 6.0 5.48385 84.78901 74.43765 1.0
1.0 6.0 1.0 66.26092 89.26227 7.48231 1.0
1.0 8.0 8.0 108.26311 85.89814 38.73996 1633.0
1.0 8.0 1.0 66.26092 89.26227 7.48231 1633.0
1.0 11.0 11.0 48.55106 14.10631 56.51533 22.0
1.0 11.0 1.0 66.26092 89.26227 7.48231 22.0
1.0 14.0 14.0 128.38274 116.03124 40.32707 51.0
1.0 14.0 1.0 66.26092 89.26227 7.48231 51.0
1.0 19.0 19.0 66.41444 15.7763 45.41015 27.0
1.0 19.0 1.0 66.26092 89.26227 7.48231 27.0
1.0 20.0 20.0 85.07101 53.70294 22.32754 2200.0
1.0 20.0 1.0 66.26092 89.26227 7.48231 2200.0
1.0 21.0 21.0 28.28767 78.12877 19.29476 1306.0
1.0 21.0 1.0 66.26092 89.26227 7.48231 1306.0
1.0 30.0 30.0 88.4574 139.93752 62.79211 348.0
1.0 30.0 1.0 66.26092 89.26227 7.48231 348.0
1.0 31.0 31.0 121.63309 38.99752 36.07814 2.0
1.0 31.0 1.0 66.26092 89.26227 7.48231 2.0
1.0 39.0 39.0 21.84629 50.12291 32.75706 266.0
1.0 39.0 1.0 66.26092 89.26227 7.48231 266.0
1.0 40.0 40.0 83.27263 23.52214 42.40526 16.0
1.0 40.0 1.0 66.26092 89.26227 7.48231 16.0
1.0 45.0 45.0 35.05786 116.37151 28.62989 1768.0
1.0 45.0 1.0 66.26092 89.26227 7.48231 1768.0
1.0 46.0 46.0 114.64523 130.24378 52.81326 148.0
1.0 46.0 1.0 66.26092 89.26227 7.48231 148.0
2.0 0.0 0.0 55.12538 48.86779 141.97304 11.0
2.0 0.0 2.0 27.40976 25.31768 87.72155 11.0
2.0 2.0 2.0 27.40976 25.31768 87.72155 6614.0
2.0 2.0 2.0 27.40976 25.31768 87.72155 6614.0
2.0 3.0 3.0 83.22052 3.8353 88.04071 349.0
2.0 3.0 2.0 27.40976 25.31768 87.72155 349.0
2.0 6.0 6.0 5.48385 84.78901 74.43765 442.0
2.0 6.0 2.0 27.40976 25.31768 87.72155 442.0
2.0 10.0 10.0 97.09138 3.93239 61.08727 2.0
2.0 10.0 2.0 27.40976 25.31768 87.72155 2.0
2.0 11.0 11.0 48.55106 14.10631 56.51533 1406.0
2.0 11.0 2.0 27.40976 25.31768 87.72155 1406.0
2.0 13.0 13.0 21.78298 31.15197 56.45445 1373.0
2.0 13.0 2.0 27.40976 25.31768 87.72155 1373.0
2.0 16.0 16.0 37.11275 39.12321 124.73868 695.0
2.0 16.0 2.0 27.40976 25.31768 87.72155 695.0
2.0 19.0 19.0 66.41444 15.7763 45.41015 18.0
2.0 19.0 2.0 27.40976 25.31768 87.72155 18.0
2.0 20.0 20.0 85.07101 53.70294 22.32754 1.0
2.0 20.0 2.0 27.40976 25.31768 87.72155 1.0
2.0 22.0 22.0 25.11139 80.07346 119.48174 83.0
2.0 22.0 2.0 27.40976 25.31768 87.72155 83.0
2.0 27.0 27.0 18.72177 45.37332 103.74868 1615.0
2.0 27.0 2.0 27.40976 25.31768 87.72155 1615.0
2.0 28.0 28.0 84.29315 38.94975 143.14378 1.0
2.0 28.0 2.0 27.40976 25.31768 87.72155 1.0
2.0 36.0 36.0 51.1888 19.51647 119.72773 509.0
2.0 36.0 2.0 27.40976 25.31768 87.72155 509.0
2.0 37.0 37.0 80.32248 11.07538 113.85279 415.0
2.0 37.0 2.0 27.40976 25.31768 87.72155 415.0
2.0 39.0 39.0 21.84629 50.12291 32.75706 142.0
2.0 39.0 2.0 27.40976 25.31768 87.72155 142.0
2.0 40.0 40.0 83.27263 23.52214 42.40526 2.0
2.0 40.0 2.0 27.40976 25.31768 87.72155 2.0
2.0 44.0 44.0 70.26051 22.73217 131.35655 35.0
2.0 44.0 2.0 27.40976 25.31768 87.72155 35.0
3.0 2.0 2.0 27.40976 25.31768 87.72155 265.0
3.0 2.0 3.0 83.22052 3.8353 88.04071 265.0
3.0 3.0 3.0 83.22052 3.8353 88.04071 7205.0
3.0 3.0 3.0 83.22052 3.8353 88.04071 7205.0
3.0 7.0 7.0 121.69619 13.46877 56.89437 224.0
3.0 7.0 3.0 83.22052 3.8353 88.04071 224.0
3.0 10.0 10.0 97.09138 3.93239 61.08727 1564.0
3.0 10.0 3.0 83.22052 3.8353 88.04071 1564.0
3.0 11.0 11.0 48.55106 14.10631 56.51533 1061.0
3.0 11.0 3.0 83.22052 3.8353 88.04071 1061.0
3.0 13.0 13.0 21.78298 31.15197 56.45445 5.0
3.0 13.0 3.0 83.22052 3.8353 88.04071 5.0
3.0 15.0 15.0 145.14296 26.57942 64.66427 15.0
3.0 15.0 3.0 83.22052 3.8353 88.04071 15.0
3.0 16.0 16.0 37.11275 39.12321 124.73868 10.0
3.0 16.0 3.0 83.22052 3.8353 88.04071 10.0
3.0 17.0 17.0 122.79607 11.00689 94.60776 1208.0
3.0 17.0 3.0 83.22052 3.8353 88.04071 1208.0
3.0 19.0 19.0 66.41444 15.7763 45.41015 442.0
3.0 19.0 3.0 83.22052 3.8353 88.04071 442.0
3.0 27.0 27.0 18.72177 45.37332 103.74868 2.0
3.0 27.0 3.0 83.22052 3.8353 88.04071 2.0
3.0 28.0 28.0 84.29315 38.94975 143.14378 4.0
3.0 28.0 3.0 83.22052 3.8353 88.04071 4.0
3.0 29.0 29.0 122.72627 20.58565 121.16237 202.0
3.0 29.0 3.0 83.22052 3.8353 88.04071 202.0
3.0 31.0 31.0 121.63309 38.99752 36.07814 4.0
3.0 31.0 3.0 83.22052 3.8353 88.04071 4.0
3.0 36.0 36.0 51.1888 19.51647 119.72773 143.0
3.0 36.0 3.0 83.22052 3.8353 88.04071 143.0
3.0 37.0 37.0 80.32248 11.07538 113.85279 2602.0
3.0 37.0 3.0 83.22052 3.8353 88.04071 2602.0
3.0 40.0 40.0 83.27263 23.52214 42.40526 144.0
3.0 40.0 3.0 83.22052 3.8353 88.04071 144.0
3.0 44.0 44.0 70.26051 22.73217 131.35655 60.0
3.0 44.0 3.0 83.22052 3.8353 88.04071 60.0
4.0 0.0 0.0 55.12538 48.86779 141.97304 12.0
4.0 0.0 4.0 72.12766 108.40494 139.67744 12.0
4.0 4.0 4.0 72.12766 108.40494 139.67744 6677.0
4.0 4.0 4.0 72.12766 108.40494 139.67744 6677.0
4.0 5.0 5.0 36.16404 130.03354 82.26599 108.0
4.0 5.0 4.0 72.12766 108.40494 139.67744 108.0
4.0 6.0 6.0 5.48385 84.78901 74.43765 2.0
4.0 6.0 4.0 72.12766 108.40494 139.67744 2.0
4.0 9.0 9.0 78.64066 139.90333 102.70328 287.0
4.0 9.0 4.0 72.12766 108.40494 139.67744 287.0
4.0 16.0 16.0 37.11275 39.12321 124.73868 2.0
4.0 16.0 4.0 72.12766 108.40494 139.67744 2.0
4.0 22.0 22.0 25.11139 80.07346 119.48174 455.0
4.0 22.0 4.0 72.12766 108.40494 139.67744 455.0
4.0 24.0 24.0 107.90155 87.20531 149.14585 1533.0
4.0 24.0 4.0 72.12766 108.40494 139.67744 1533.0
4.0 28.0 28.0 84.29315 38.94975 143.14378 5.0
4.0 28.0 4.0 72.12766 108.40494 139.67744 5.0
4.0 33.0 33.0 97.2095 49.93976 149.2374 7.0
4.0 33.0 4.0 72.12766 108.40494 139.67744 7.0
4.0 34.0 34.0 127.84229 111.22808 129.58614 899.0
4.0 34.0 4.0 72.12766 108.40494 139.67744 899.0
4.0 35.0 35.0 147.8243 121.12779 95.64305 1.0
4.0 35.0 4.0 72.12766 108.40494 139.67744 1.0
4.0 38.0 38.0 88.75048 68.41078 152.6123 223.0
4.0 38.0 4.0 72.12766 108.40494 139.67744 223.0
4.0 41.0 41.0 59.88796 126.07614 122.50949 2737.0
4.0 41.0 4.0 72.12766 108.40494 139.67744 2737.0
4.0 42.0 42.0 56.66992 85.23024 144.97518 2083.0
4.0 42.0 4.0 72.12766 108.40494 139.67744 2083.0
4.0 43.0 43.0 101.72673 137.71636 99.17718 64.0
4.0 43.0 4.0 72.12766 108.40494 139.67744 64.0
4.0 45.0 45.0 35.05786 116.37151 28.62989 1.0
4.0 45.0 4.0 72.12766 108.40494 139.67744 1.0
5.0 1.0 1.0 66.26092 89.26227 7.48231 19.0
5.0 1.0 5.0 36.16404 130.03354 82.26599 19.0
5.0 4.0 4.0 72.12766 108.40494 139.67744 108.0
5.0 4.0 5.0 36.16404 130.03354 82.26599 108.0
5.0 5.0 5.0 36.16404 130.03354 82.26599 21566.0
5.0 5.0 5.0 36.16404 130.03354 82.26599 21566.0
5.0 6.0 6.0 5.48385 84.78901 74.43765 1937.0
5.0 6.0 5.0 36.16404 130.03354 82.26599 1937.0
5.0 8.0 8.0 108.26311 85.89814 38.73996 7.0
5.0 8.0 5.0 36.16404 130.03354 82.26599 7.0
5.0 9.0 9.0 78.64066 139.90333 102.70328 1483.0
5.0 9.0 5.0 36.16404 130.03354 82.26599 1483.0
5.0 21.0 21.0 28.28767 78.12877 19.29476 13.0
5.0 21.0 5.0 36.16404 130.03354 82.26599 13.0
5.0 22.0 22.0 25.11139 80.07346 119.48174 1166.0
5.0 22.0 5.0 36.16404 130.03354 82.26599 1166.0
5.0 30.0 30.0 88.4574 139.93752 62.79211 1716.0
5.0 30.0 5.0 36.16404 130.03354 82.26599 1716.0
5.0 41.0 41.0 59.88796 126.07614 122.50949 2259.0
5.0 41.0 5.0 36.16404 130.03354 82.26599 2259.0
5.0 42.0 42.0 56.66992 85.23024 144.97518 29.0
5.0 42.0 5.0 36.16404 130.03354 82.26599 29.0
5.0 43.0 43.0 101.72673 137.71636 99.17718 78.0
5.0 43.0 5.0 36.16404 130.03354 82.26599 78.0
5.0 45.0 45.0 35.05786 116.37151 28.62989 1966.0
5.0 45.0 5.0 36.16404 130.03354 82.26599 1966.0
5.0 46.0 46.0 114.64523 130.24378 52.81326 13.0
5.0 46.0 5.0 36.16404 130.03354 82.26599 13.0
6.0 2.0 2.0 27.40976 25.31768 87.72155 500.0
6.0 2.0 6.0 5.48385 84.78901 74.43765 500.0
6.0 4.0 4.0 72.12766 108.40494 139.67744 3.0
6.0 4.0 6.0 5.48385 84.78901 74.43765 3.0
6.0 5.0 5.0 36.16404 130.03354 82.26599 2034.0
6.0 5.0 6.0 5.48385 84.78901 74.43765 2034.0
6.0 6.0 6.0 5.48385 84.78901 74.43765 15650.0
6.0 6.0 6.0 5.48385 84.78901 74.43765 15650.0
6.0 11.0 11.0 48.55106 14.10631 56.51533 2.0
6.0 11.0 6.0 5.48385 84.78901 74.43765 2.0
6.0 13.0 13.0 21.78298 31.15197 56.45445 436.0
6.0 13.0 6.0 5.48385 84.78901 74.43765 436.0
6.0 16.0 16.0 37.11275 39.12321 124.73868 7.0
6.0 16.0 6.0 5.48385 84.78901 74.43765 7.0
6.0 21.0 21.0 28.28767 78.12877 19.29476 669.0
6.0 21.0 6.0 5.48385 84.78901 74.43765 669.0
6.0 22.0 22.0 25.11139 80.07346 119.48174 2018.0
6.0 22.0 6.0 5.48385 84.78901 74.43765 2018.0
6.0 27.0 27.0 18.72177 45.37332 103.74868 880.0
6.0 27.0 6.0 5.48385 84.78901 74.43765 880.0
6.0 39.0 39.0 21.84629 50.12291 32.75706 1308.0
6.0 39.0 6.0 5.48385 84.78901 74.43765 1308.0
6.0 41.0 41.0 59.88796 126.07614 122.50949 20.0
6.0 41.0 6.0 5.48385 84.78901 74.43765 20.0
6.0 45.0 45.0 35.05786 116.37151 28.62989 934.0
6.0 45.0 6.0 5.48385 84.78901 74.43765 934.0
7.0 3.0 3.0 83.22052 3.8353 88.04071 199.0
7.0 3.0 7.0 121.69619 13.46877 56.89437 199.0
7.0 7.0 7.0 121.69619 13.46877 56.89437 4160.0
7.0 7.0 7.0 121.69619 13.46877 56.89437 4160.0
7.0 8.0 8.0 108.26311 85.89814 38.73996 8.0
7.0 8.0 7.0 121.69619 13.46877 56.89437 8.0
7.0 10.0 10.0 97.09138 3.93239 61.08727 1427.0
7.0 10.0 7.0 121.69619 13.46877 56.89437 1427.0
7.0 15.0 15.0 145.14296 26.57942 64.66427 1540.0
7.0 15.0 7.0 121.69619 13.46877 56.89437 1540.0
7.0 17.0 17.0 122.79607 11.00689 94.60776 834.0
7.0 17.0 7.0 121.69619 13.46877 56.89437 834.0
7.0 18.0 18.0 159.18325 24.82622 93.94058 43.0
7.0 18.0 7.0 121.69619 13.46877 56.89437 43.0
7.0 19.0 19.0 66.41444 15.7763 45.41015 11.0
7.0 19.0 7.0 121.69619 13.46877 56.89437 11.0
7.0 20.0 20.0 85.07101 53.70294 22.32754 16.0
7.0 20.0 7.0 121.69619 13.46877 56.89437 16.0
7.0 23.0 23.0 173.4614 43.55265 76.92046 19.0
7.0 23.0 7.0 121.69619 13.46877 56.89437 19.0
7.0 29.0 29.0 122.72627 20.58565 121.16237 12.0
7.0 29.0 7.0 121.69619 13.46877 56.89437 12.0
7.0 31.0 31.0 121.63309 38.99752 36.07814 1588.0
7.0 31.0 7.0 121.69619 13.46877 56.89437 1588.0
7.0 32.0 32.0 156.99688 88.97718 57.9637 6.0
7.0 32.0 7.0 121.69619 13.46877 56.89437 6.0
7.0 37.0 37.0 80.32248 11.07538 113.85279 8.0
7.0 37.0 7.0 121.69619 13.46877 56.89437 8.0
7.0 40.0 40.0 83.27263 23.52214 42.40526 305.0
7.0 40.0 7.0 121.69619 13.46877 56.89437 305.0
8.0 1.0 1.0 66.26092 89.26227 7.48231 1427.0
8.0 1.0 8.0 108.26311 85.89814 38.73996 1427.0
8.0 3.0 3.0 83.22052 3.8353 88.04071 1.0
8.0 3.0 8.0 108.26311 85.89814 38.73996 1.0
8.0 4.0 4.0 72.12766 108.40494 139.67744 1.0
8.0 4.0 8.0 108.26311 85.89814 38.73996 1.0
8.0 5.0 5.0 36.16404 130.03354 82.26599 6.0
8.0 5.0 8.0 108.26311 85.89814 38.73996 6.0
8.0 7.0 7.0 121.69619 13.46877 56.89437 7.0
8.0 7.0 8.0 108.26311 85.89814 38.73996 7.0
8.0 8.0 8.0 108.26311 85.89814 38.73996 28693.0
8.0 8.0 8.0 108.26311 85.89814 38.73996 28693.0
8.0 12.0 12.0 179.8099 86.31284 84.70777 6.0
8.0 12.0 8.0 108.26311 85.89814 38.73996 6.0
8.0 14.0 14.0 128.38274 116.03124 40.32707 2635.0
8.0 14.0 8.0 108.26311 85.89814 38.73996 2635.0
8.0 15.0 15.0 145.14296 26.57942 64.66427 48.0
8.0 15.0 8.0 108.26311 85.89814 38.73996 48.0
8.0 19.0 19.0 66.41444 15.7763 45.41015 1.0
8.0 19.0 8.0 108.26311 85.89814 38.73996 1.0
8.0 20.0 20.0 85.07101 53.70294 22.32754 2901.0
8.0 20.0 8.0 108.26311 85.89814 38.73996 2901.0
8.0 23.0 23.0 173.4614 43.55265 76.92046 4.0
8.0 23.0 8.0 108.26311 85.89814 38.73996 4.0
8.0 30.0 30.0 88.4574 139.93752 62.79211 554.0
8.0 30.0 8.0 108.26311 85.89814 38.73996 554.0
8.0 31.0 31.0 121.63309 38.99752 36.07814 1773.0
8.0 31.0 8.0 108.26311 85.89814 38.73996 1773.0
8.0 32.0 32.0 156.99688 88.97718 57.9637 1460.0
8.0 32.0 8.0 108.26311 85.89814 38.73996 1460.0
8.0 35.0 35.0 147.8243 121.12779 95.64305 2.0
8.0 35.0 8.0 108.26311 85.89814 38.73996 2.0
8.0 40.0 40.0 83.27263 23.52214 42.40526 21.0
8.0 40.0 8.0 108.26311 85.89814 38.73996 21.0
8.0 41.0 41.0 59.88796 126.07614 122.50949 1.0
8.0 41.0 8.0 108.26311 85.89814 38.73996 1.0
8.0 45.0 45.0 35.05786 116.37151 28.62989 83.0
8.0 45.0 8.0 108.26311 85.89814 38.73996 83.0
8.0 46.0 46.0 114.64523 130.24378 52.81326 1074.0
8.0 46.0 8.0 108.26311 85.89814 38.73996 1074.0
9.0 4.0 4.0 72.12766 108.40494 139.67744 269.0
9.0 4.0 9.0 78.64066 139.90333 102.70328 269.0
9.0 5.0 5.0 36.16404 130.03354 82.26599 1309.0
9.0 5.0 9.0 78.64066 139.90333 102.70328 1309.0
9.0 9.0 9.0 78.64066 139.90333 102.70328 4922.0
9.0 9.0 9.0 78.64066 139.90333 102.70328 4922.0
9.0 22.0 22.0 25.11139 80.07346 119.48174 1.0
9.0 22.0 9.0 78.64066 139.90333 102.70328 1.0
9.0 24.0 24.0 107.90155 87.20531 149.14585 26.0
9.0 24.0 9.0 78.64066 139.90333 102.70328 26.0
9.0 30.0 30.0 88.4574 139.93752 62.79211 1183.0
9.0 30.0 9.0 78.64066 139.90333 102.70328 1183.0
9.0 34.0 34.0 127.84229 111.22808 129.58614 615.0
9.0 34.0 9.0 78.64066 139.90333 102.70328 615.0
9.0 35.0 35.0 147.8243 121.12779 95.64305 16.0
9.0 35.0 9.0 78.64066 139.90333 102.70328 16.0
9.0 41.0 41.0 59.88796 126.07614 122.50949 2078.0
9.0 41.0 9.0 78.64066 139.90333 102.70328 2078.0
9.0 43.0 43.0 101.72673 137.71636 99.17718 2131.0
9.0 43.0 9.0 78.64066 139.90333 102.70328 2131.0
9.0 45.0 45.0 35.05786 116.37151 28.62989 2.0
9.0 45.0 9.0 78.64066 139.90333 102.70328 2.0
9.0 46.0 46.0 114.64523 130.24378 52.81326 4.0
9.0 46.0 9.0 78.64066 139.90333 102.70328 4.0
10.0 2.0 2.0 27.40976 25.31768 87.72155 3.0
10.0 2.0 10.0 97.09138 3.93239 61.08727 3.0
10.0 3.0 3.0 83.22052 3.8353 88.04071 1541.0
10.0 3.0 10.0 97.09138 3.93239 61.08727 1541.0
10.0 7.0 7.0 121.69619 13.46877 56.89437 1504.0
10.0 7.0 10.0 97.09138 3.93239 61.08727 1504.0
10.0 10.0 10.0 97.09138 3.93239 61.08727 4215.0
10.0 10.0 10.0 97.09138 3.93239 61.08727 4215.0
10.0 11.0 11.0 48.55106 14.10631 56.51533 185.0
10.0 11.0 10.0 97.09138 3.93239 61.08727 185.0
10.0 15.0 15.0 145.14296 26.57942 64.66427 71.0
10.0 15.0 10.0 97.09138 3.93239 61.08727 71.0
10.0 17.0 17.0 122.79607 11.00689 94.60776 461.0
10.0 17.0 10.0 97.09138 3.93239 61.08727 461.0
10.0 18.0 18.0 159.18325 24.82622 93.94058 2.0
10.0 18.0 10.0 97.09138 3.93239 61.08727 2.0
10.0 19.0 19.0 66.41444 15.7763 45.41015 558.0
10.0 19.0 10.0 97.09138 3.93239 61.08727 558.0
10.0 20.0 20.0 85.07101 53.70294 22.32754 39.0
10.0 20.0 10.0 97.09138 3.93239 61.08727 39.0
10.0 29.0 29.0 122.72627 20.58565 121.16237 7.0
10.0 29.0 10.0 97.09138 3.93239 61.08727 7.0
10.0 31.0 31.0 121.63309 38.99752 36.07814 397.0
10.0 31.0 10.0 97.09138 3.93239 61.08727 397.0
10.0 37.0 37.0 80.32248 11.07538 113.85279 39.0
10.0 37.0 10.0 97.09138 3.93239 61.08727 39.0
10.0 40.0 40.0 83.27263 23.52214 42.40526 1244.0
10.0 40.0 10.0 97.09138 3.93239 61.08727 1244.0
11.0 1.0 1.0 66.26092 89.26227 7.48231 21.0
11.0 1.0 11.0 48.55106 14.10631 56.51533 21.0
11.0 2.0 2.0 27.40976 25.31768 87.72155 1377.0
11.0 2.0 11.0 48.55106 14.10631 56.51533 1377.0
11.0 3.0 3.0 83.22052 3.8353 88.04071 1111.0
11.0 3.0 11.0 48.55106 14.10631 56.51533 1111.0
11.0 8.0 8.0 108.26311 85.89814 38.73996 1.0
11.0 8.0 11.0 48.55106 14.10631 56.51533 1.0
11.0 10.0 10.0 97.09138 3.93239 61.08727 207.0
11.0 10.0 11.0 48.55106 14.10631 56.51533 207.0
11.0 11.0 11.0 48.55106 14.10631 56.51533 8114.0
11.0 11.0 11.0 48.55106 14.10631 56.51533 8114.0
11.0 13.0 13.0 21.78298 31.15197 56.45445 1451.0
11.0 13.0 11.0 48.55106 14.10631 56.51533 1451.0
11.0 16.0 16.0 37.11275 39.12321 124.73868 17.0
11.0 16.0 11.0 48.55106 14.10631 56.51533 17.0
11.0 19.0 19.0 66.41444 15.7763 45.41015 2120.0
11.0 19.0 11.0 48.55106 14.10631 56.51533 2120.0
11.0 20.0 20.0 85.07101 53.70294 22.32754 256.0
11.0 20.0 11.0 48.55106 14.10631 56.51533 256.0
11.0 21.0 21.0 28.28767 78.12877 19.29476 31.0
11.0 21.0 11.0 48.55106 14.10631 56.51533 31.0
11.0 27.0 27.0 18.72177 45.37332 103.74868 3.0
11.0 27.0 11.0 48.55106 14.10631 56.51533 3.0
11.0 31.0 31.0 121.63309 38.99752 36.07814 7.0
11.0 31.0 11.0 48.55106 14.10631 56.51533 7.0
11.0 36.0 36.0 51.1888 19.51647 119.72773 60.0
11.0 36.0 11.0 48.55106 14.10631 56.51533 60.0
11.0 37.0 37.0 80.32248 11.07538 113.85279 281.0
11.0 37.0 11.0 48.55106 14.10631 56.51533 281.0
11.0 39.0 39.0 21.84629 50.12291 32.75706 819.0
11.0 39.0 11.0 48.55106 14.10631 56.51533 819.0
11.0 40.0 40.0 83.27263 23.52214 42.40526 552.0
11.0 40.0 11.0 48.55106 14.10631 56.51533 552.0
11.0 44.0 44.0 70.26051 22.73217 131.35655 3.0
11.0 44.0 11.0 48.55106 14.10631 56.51533 3.0
12.0 8.0 8.0 108.26311 85.89814 38.73996 1.0
12.0 8.0 12.0 179.8099 86.31284 84.70777 1.0
12.0 12.0 12.0 179.8099 86.31284 84.70777 6060.0
12.0 12.0 12.0 179.8099 86.31284 84.70777 6060.0
12.0 14.0 14.0 128.38274 116.03124 40.32707 2.0
12.0 14.0 12.0 179.8099 86.31284 84.70777 2.0
12.0 15.0 15.0 145.14296 26.57942 64.66427 29.0
12.0 15.0 12.0 179.8099 86.31284 84.70777 29.0
12.0 18.0 18.0 159.18325 24.82622 93.94058 17.0
12.0 18.0 12.0 179.8099 86.31284 84.70777 17.0
12.0 23.0 23.0 173.4614 43.55265 76.92046 594.0
12.0 23.0 12.0 179.8099 86.31284 84.70777 594.0
12.0 25.0 25.0 182.84246 63.92693 100.262 1171.0
12.0 25.0 12.0 179.8099 86.31284 84.70777 1171.0
12.0 31.0 31.0 121.63309 38.99752 36.07814 9.0
12.0 31.0 12.0 179.8099 86.31284 84.70777 9.0
12.0 32.0 32.0 156.99688 88.97718 57.9637 1822.0
12.0 32.0 12.0 179.8099 86.31284 84.70777 1822.0
12.0 34.0 34.0 127.84229 111.22808 129.58614 90.0
12.0 34.0 12.0 179.8099 86.31284 84.70777 90.0
12.0 35.0 35.0 147.8243 121.12779 95.64305 1234.0
12.0 35.0 12.0 179.8099 86.31284 84.70777 1234.0
12.0 46.0 46.0 114.64523 130.24378 52.81326 5.0
12.0 46.0 12.0 179.8099 86.31284 84.70777 5.0
12.0 47.0 47.0 164.18876 62.7442 126.12206 412.0
12.0 47.0 12.0 179.8099 86.31284 84.70777 412.0
13.0 1.0 1.0 66.26092 89.26227 7.48231 1.0
13.0 1.0 13.0 21.78298 31.15197 56.45445 1.0
13.0 2.0 2.0 27.40976 25.31768 87.72155 1326.0
13.0 2.0 13.0 21.78298 31.15197 56.45445 1326.0
13.0 3.0 3.0 83.22052 3.8353 88.04071 2.0
13.0 3.0 13.0 21.78298 31.15197 56.45445 2.0
13.0 6.0 6.0 5.48385 84.78901 74.43765 396.0
13.0 6.0 13.0 21.78298 31.15197 56.45445 396.0
13.0 11.0 11.0 48.55106 14.10631 56.51533 1632.0
13.0 11.0 13.0 21.78298 31.15197 56.45445 1632.0
13.0 13.0 13.0 21.78298 31.15197 56.45445 3827.0
13.0 13.0 13.0 21.78298 31.15197 56.45445 3827.0
13.0 19.0 19.0 66.41444 15.7763 45.41015 67.0
13.0 19.0 13.0 21.78298 31.15197 56.45445 67.0
13.0 20.0 20.0 85.07101 53.70294 22.32754 10.0
13.0 20.0 13.0 21.78298 31.15197 56.45445 10.0
13.0 21.0 21.0 28.28767 78.12877 19.29476 13.0
13.0 21.0 13.0 21.78298 31.15197 56.45445 13.0
13.0 22.0 22.0 25.11139 80.07346 119.48174 3.0
13.0 22.0 13.0 21.78298 31.15197 56.45445 3.0
13.0 27.0 27.0 18.72177 45.37332 103.74868 103.0
13.0 27.0 13.0 21.78298 31.15197 56.45445 103.0
13.0 36.0 36.0 51.1888 19.51647 119.72773 2.0
13.0 36.0 13.0 21.78298 31.15197 56.45445 2.0
13.0 37.0 37.0 80.32248 11.07538 113.85279 4.0
13.0 37.0 13.0 21.78298 31.15197 56.45445 4.0
13.0 39.0 39.0 21.84629 50.12291 32.75706 1734.0
13.0 39.0 13.0 21.78298 31.15197 56.45445 1734.0
13.0 40.0 40.0 83.27263 23.52214 42.40526 7.0
13.0 40.0 13.0 21.78298 31.15197 56.45445 7.0
14.0 1.0 1.0 66.26092 89.26227 7.48231 44.0
14.0 1.0 14.0 128.38274 116.03124 40.32707 44.0
14.0 8.0 8.0 108.26311 85.89814 38.73996 2730.0
14.0 8.0 14.0 128.38274 116.03124 40.32707 2730.0
14.0 12.0 12.0 179.8099 86.31284 84.70777 7.0
14.0 12.0 14.0 128.38274 116.03124 40.32707 7.0
14.0 14.0 14.0 128.38274 116.03124 40.32707 7270.0
14.0 14.0 14.0 128.38274 116.03124 40.32707 7270.0
14.0 20.0 20.0 85.07101 53.70294 22.32754 9.0
14.0 20.0 14.0 128.38274 116.03124 40.32707 9.0
14.0 30.0 30.0 88.4574 139.93752 62.79211 218.0
14.0 30.0 14.0 128.38274 116.03124 40.32707 218.0
14.0 31.0 31.0 121.63309 38.99752 36.07814 4.0
14.0 31.0 14.0 128.38274 116.03124 40.32707 4.0
14.0 32.0 32.0 156.99688 88.97718 57.9637 1474.0
14.0 32.0 14.0 128.38274 116.03124 40.32707 1474.0
14.0 35.0 35.0 147.8243 121.12779 95.64305 313.0
14.0 35.0 14.0 128.38274 116.03124 40.32707 313.0
14.0 43.0 43.0 101.72673 137.71636 99.17718 2.0
14.0 43.0 14.0 128.38274 116.03124 40.32707 2.0
14.0 45.0 45.0 35.05786 116.37151 28.62989 1.0
14.0 45.0 14.0 128.38274 116.03124 40.32707 1.0
14.0 46.0 46.0 114.64523 130.24378 52.81326 2839.0
14.0 46.0 14.0 128.38274 116.03124 40.32707 2839.0
15.0 3.0 3.0 83.22052 3.8353 88.04071 19.0
15.0 3.0 15.0 145.14296 26.57942 64.66427 19.0
15.0 7.0 7.0 121.69619 13.46877 56.89437 1515.0
15.0 7.0 15.0 145.14296 26.57942 64.66427 1515.0
15.0 8.0 8.0 108.26311 85.89814 38.73996 78.0
15.0 8.0 15.0 145.14296 26.57942 64.66427 78.0
15.0 10.0 10.0 97.09138 3.93239 61.08727 86.0
15.0 10.0 15.0 145.14296 26.57942 64.66427 86.0
15.0 12.0 12.0 179.8099 86.31284 84.70777 35.0
15.0 12.0 15.0 145.14296 26.57942 64.66427 35.0
15.0 15.0 15.0 145.14296 26.57942 64.66427 5216.0
15.0 15.0 15.0 145.14296 26.57942 64.66427 5216.0
15.0 17.0 17.0 122.79607 11.00689 94.60776 887.0
15.0 17.0 15.0 145.14296 26.57942 64.66427 887.0
15.0 18.0 18.0 159.18325 24.82622 93.94058 1057.0
15.0 18.0 15.0 145.14296 26.57942 64.66427 1057.0
15.0 23.0 23.0 173.4614 43.55265 76.92046 744.0
15.0 23.0 15.0 145.14296 26.57942 64.66427 744.0
15.0 25.0 25.0 182.84246 63.92693 100.262 6.0
15.0 25.0 15.0 145.14296 26.57942 64.66427 6.0
15.0 26.0 26.0 132.1214 45.16602 139.12445 7.0
15.0 26.0 15.0 145.14296 26.57942 64.66427 7.0
15.0 29.0 29.0 122.72627 20.58565 121.16237 54.0
15.0 29.0 15.0 145.14296 26.57942 64.66427 54.0
15.0 31.0 31.0 121.63309 38.99752 36.07814 1366.0
15.0 31.0 15.0 145.14296 26.57942 64.66427 1366.0
15.0 32.0 32.0 156.99688 88.97718 57.9637 375.0
15.0 32.0 15.0 145.14296 26.57942 64.66427 375.0
15.0 37.0 37.0 80.32248 11.07538 113.85279 2.0
15.0 37.0 15.0 145.14296 26.57942 64.66427 2.0
15.0 40.0 40.0 83.27263 23.52214 42.40526 2.0
15.0 40.0 15.0 145.14296 26.57942 64.66427 2.0
15.0 47.0 47.0 164.18876 62.7442 126.12206 10.0
15.0 47.0 15.0 145.14296 26.57942 64.66427 10.0
16.0 0.0 0.0 55.12538 48.86779 141.97304 1423.0
16.0 0.0 16.0 37.11275 39.12321 124.73868 1423.0
16.0 2.0 2.0 27.40976 25.31768 87.72155 746.0
16.0 2.0 16.0 37.11275 39.12321 124.73868 746.0
16.0 3.0 3.0 83.22052 3.8353 88.04071 13.0
16.0 3.0 16.0 37.11275 39.12321 124.73868 13.0
16.0 4.0 4.0 72.12766 108.40494 139.67744 2.0
16.0 4.0 16.0 37.11275 39.12321 124.73868 2.0
16.0 6.0 6.0 5.48385 84.78901 74.43765 3.0
16.0 6.0 16.0 37.11275 39.12321 124.73868 3.0
16.0 11.0 11.0 48.55106 14.10631 56.51533 14.0
16.0 11.0 16.0 37.11275 39.12321 124.73868 14.0
16.0 16.0 16.0 37.11275 39.12321 124.73868 4225.0
16.0 16.0 16.0 37.11275 39.12321 124.73868 4225.0
16.0 22.0 22.0 25.11139 80.07346 119.48174 1197.0
16.0 22.0 16.0 37.11275 39.12321 124.73868 1197.0
16.0 23.0 23.0 173.4614 43.55265 76.92046 1.0
16.0 23.0 16.0 37.11275 39.12321 124.73868 1.0
16.0 26.0 26.0 132.1214 45.16602 139.12445 1.0
16.0 26.0 16.0 37.11275 39.12321 124.73868 1.0
16.0 27.0 27.0 18.72177 45.37332 103.74868 1135.0
16.0 27.0 16.0 37.11275 39.12321 124.73868 1135.0
16.0 28.0 28.0 84.29315 38.94975 143.14378 56.0
16.0 28.0 16.0 37.11275 39.12321 124.73868 56.0
16.0 33.0 33.0 97.2095 49.93976 149.2374 8.0
16.0 33.0 16.0 37.11275 39.12321 124.73868 8.0
16.0 36.0 36.0 51.1888 19.51647 119.72773 1070.0
16.0 36.0 16.0 37.11275 39.12321 124.73868 1070.0
16.0 37.0 37.0 80.32248 11.07538 113.85279 169.0
16.0 37.0 16.0 37.11275 39.12321 124.73868 169.0
16.0 38.0 38.0 88.75048 68.41078 152.6123 21.0
16.0 38.0 16.0 37.11275 39.12321 124.73868 21.0
16.0 42.0 42.0 56.66992 85.23024 144.97518 184.0
16.0 42.0 16.0 37.11275 39.12321 124.73868 184.0
16.0 44.0 44.0 70.26051 22.73217 131.35655 247.0
16.0 44.0 16.0 37.11275 39.12321 124.73868 247.0
17.0 3.0 3.0 83.22052 3.8353 88.04071 1195.0
17.0 3.0 17.0 122.79607 11.00689 94.60776 1195.0
17.0 7.0 7.0 121.69619 13.46877 56.89437 823.0
17.0 7.0 17.0 122.79607 11.00689 94.60776 823.0
17.0 10.0 10.0 97.09138 3.93239 61.08727 481.0
17.0 10.0 17.0 122.79607 11.00689 94.60776 481.0
17.0 15.0 15.0 145.14296 26.57942 64.66427 901.0
17.0 15.0 17.0 122.79607 11.00689 94.60776 901.0
17.0 17.0 17.0 122.79607 11.00689 94.60776 5148.0
17.0 17.0 17.0 122.79607 11.00689 94.60776 5148.0
17.0 18.0 18.0 159.18325 24.82622 93.94058 618.0
17.0 18.0 17.0 122.79607 11.00689 94.60776 618.0
17.0 19.0 19.0 66.41444 15.7763 45.41015 3.0
17.0 19.0 17.0 122.79607 11.00689 94.60776 3.0
17.0 23.0 23.0 173.4614 43.55265 76.92046 7.0
17.0 23.0 17.0 122.79607 11.00689 94.60776 7.0
17.0 26.0 26.0 132.1214 45.16602 139.12445 80.0
17.0 26.0 17.0 122.79607 11.00689 94.60776 80.0
17.0 28.0 28.0 84.29315 38.94975 143.14378 10.0
17.0 28.0 17.0 122.79607 11.00689 94.60776 10.0
17.0 29.0 29.0 122.72627 20.58565 121.16237 1567.0
17.0 29.0 17.0 122.79607 11.00689 94.60776 1567.0
17.0 31.0 31.0 121.63309 38.99752 36.07814 6.0
17.0 31.0 17.0 122.79607 11.00689 94.60776 6.0
17.0 33.0 33.0 97.2095 49.93976 149.2374 3.0
17.0 33.0 17.0 122.79607 11.00689 94.60776 3.0
17.0 37.0 37.0 80.32248 11.07538 113.85279 481.0
17.0 37.0 17.0 122.79607 11.00689 94.60776 481.0
17.0 40.0 40.0 83.27263 23.52214 42.40526 3.0
17.0 40.0 17.0 122.79607 11.00689 94.60776 3.0
17.0 44.0 44.0 70.26051 22.73217 131.35655 3.0
17.0 44.0 17.0 122.79607 11.00689 94.60776 3.0
17.0 47.0 47.0 164.18876 62.7442 126.12206 16.0
17.0 47.0 17.0 122.79607 11.00689 94.60776 16.0
18.0 3.0 3.0 83.22052 3.8353 88.04071 2.0
18.0 3.0 18.0 159.18325 24.82622 93.94058 2.0
18.0 7.0 7.0 121.69619 13.46877 56.89437 32.0
18.0 7.0 18.0 159.18325 24.82622 93.94058 32.0
18.0 12.0 12.0 179.8099 86.31284 84.70777 11.0
18.0 12.0 18.0 159.18325 24.82622 93.94058 11.0
18.0 15.0 15.0 145.14296 26.57942 64.66427 1155.0
18.0 15.0 18.0 159.18325 24.82622 93.94058 1155.0
18.0 17.0 17.0 122.79607 11.00689 94.60776 614.0
18.0 17.0 18.0 159.18325 24.82622 93.94058 614.0
18.0 18.0 18.0 159.18325 24.82622 93.94058 3304.0
18.0 18.0 18.0 159.18325 24.82622 93.94058 3304.0
18.0 23.0 23.0 173.4614 43.55265 76.92046 1020.0
18.0 23.0 18.0 159.18325 24.82622 93.94058 1020.0
18.0 25.0 25.0 182.84246 63.92693 100.262 112.0
18.0 25.0 18.0 159.18325 24.82622 93.94058 112.0
18.0 26.0 26.0 132.1214 45.16602 139.12445 225.0
18.0 26.0 18.0 159.18325 24.82622 93.94058 225.0
18.0 29.0 29.0 122.72627 20.58565 121.16237 568.0
18.0 29.0 18.0 159.18325 24.82622 93.94058 568.0
18.0 31.0 31.0 121.63309 38.99752 36.07814 8.0
18.0 31.0 18.0 159.18325 24.82622 93.94058 8.0
18.0 32.0 32.0 156.99688 88.97718 57.9637 12.0
18.0 32.0 18.0 159.18325 24.82622 93.94058 12.0
18.0 47.0 47.0 164.18876 62.7442 126.12206 639.0
18.0 47.0 18.0 159.18325 24.82622 93.94058 639.0
19.0 1.0 1.0 66.26092 89.26227 7.48231 20.0
19.0 1.0 19.0 66.41444 15.7763 45.41015 20.0
19.0 2.0 2.0 27.40976 25.31768 87.72155 15.0
19.0 2.0 19.0 66.41444 15.7763 45.41015 15.0
19.0 3.0 3.0 83.22052 3.8353 88.04071 445.0
19.0 3.0 19.0 66.41444 15.7763 45.41015 445.0
19.0 7.0 7.0 121.69619 13.46877 56.89437 11.0
19.0 7.0 19.0 66.41444 15.7763 45.41015 11.0
19.0 8.0 8.0 108.26311 85.89814 38.73996 1.0
19.0 8.0 19.0 66.41444 15.7763 45.41015 1.0
19.0 10.0 10.0 97.09138 3.93239 61.08727 587.0
19.0 10.0 19.0 66.41444 15.7763 45.41015 587.0
19.0 11.0 11.0 48.55106 14.10631 56.51533 1871.0
19.0 11.0 19.0 66.41444 15.7763 45.41015 1871.0
19.0 13.0 13.0 21.78298 31.15197 56.45445 57.0
19.0 13.0 19.0 66.41444 15.7763 45.41015 57.0
19.0 19.0 19.0 66.41444 15.7763 45.41015 2130.0
19.0 19.0 19.0 66.41444 15.7763 45.41015 2130.0
19.0 20.0 20.0 85.07101 53.70294 22.32754 606.0
19.0 20.0 19.0 66.41444 15.7763 45.41015 606.0
19.0 21.0 21.0 28.28767 78.12877 19.29476 13.0
19.0 21.0 19.0 66.41444 15.7763 45.41015 13.0
19.0 31.0 31.0 121.63309 38.99752 36.07814 25.0
19.0 31.0 19.0 66.41444 15.7763 45.41015 25.0
19.0 37.0 37.0 80.32248 11.07538 113.85279 15.0
19.0 37.0 19.0 66.41444 15.7763 45.41015 15.0
19.0 39.0 39.0 21.84629 50.12291 32.75706 192.0
19.0 39.0 19.0 66.41444 15.7763 45.41015 192.0
19.0 40.0 40.0 83.27263 23.52214 42.40526 1601.0
19.0 40.0 19.0 66.41444 15.7763 45.41015 1601.0
20.0 1.0 1.0 66.26092 89.26227 7.48231 2051.0
20.0 1.0 20.0 85.07101 53.70294 22.32754 2051.0
20.0 7.0 7.0 121.69619 13.46877 56.89437 16.0
20.0 7.0 20.0 85.07101 53.70294 22.32754 16.0
20.0 8.0 8.0 108.26311 85.89814 38.73996 3091.0
20.0 8.0 20.0 85.07101 53.70294 22.32754 3091.0
20.0 10.0 10.0 97.09138 3.93239 61.08727 22.0
20.0 10.0 20.0 85.07101 53.70294 22.32754 22.0
20.0 11.0 11.0 48.55106 14.10631 56.51533 241.0
20.0 11.0 20.0 85.07101 53.70294 22.32754 241.0
20.0 12.0 12.0 179.8099 86.31284 84.70777 1.0
20.0 12.0 20.0 85.07101 53.70294 22.32754 1.0
20.0 13.0 13.0 21.78298 31.15197 56.45445 5.0
20.0 13.0 20.0 85.07101 53.70294 22.32754 5.0
20.0 14.0 14.0 128.38274 116.03124 40.32707 5.0
20.0 14.0 20.0 85.07101 53.70294 22.32754 5.0
20.0 15.0 15.0 145.14296 26.57942 64.66427 1.0
20.0 15.0 20.0 85.07101 53.70294 22.32754 1.0
20.0 19.0 19.0 66.41444 15.7763 45.41015 513.0
20.0 19.0 20.0 85.07101 53.70294 22.32754 513.0
20.0 20.0 20.0 85.07101 53.70294 22.32754 12376.0
20.0 20.0 20.0 85.07101 53.70294 22.32754 12376.0
20.0 21.0 21.0 28.28767 78.12877 19.29476 247.0
20.0 21.0 20.0 85.07101 53.70294 22.32754 247.0
20.0 31.0 31.0 121.63309 38.99752 36.07814 2040.0
20.0 31.0 20.0 85.07101 53.70294 22.32754 2040.0
20.0 32.0 32.0 156.99688 88.97718 57.9637 6.0
20.0 32.0 20.0 85.07101 53.70294 22.32754 6.0
20.0 39.0 39.0 21.84629 50.12291 32.75706 501.0
20.0 39.0 20.0 85.07101 53.70294 22.32754 501.0
20.0 40.0 40.0 83.27263 23.52214 42.40526 1680.0
20.0 40.0 20.0 85.07101 53.70294 22.32754 1680.0
20.0 45.0 45.0 35.05786 116.37151 28.62989 1.0
20.0 45.0 20.0 85.07101 53.70294 22.32754 1.0
21.0 1.0 1.0 66.26092 89.26227 7.48231 1459.0
21.0 1.0 21.0 28.28767 78.12877 19.29476 1459.0
21.0 5.0 5.0 36.16404 130.03354 82.26599 13.0
21.0 5.0 21.0 28.28767 78.12877 19.29476 13.0
21.0 6.0 6.0 5.48385 84.78901 74.43765 622.0
21.0 6.0 21.0 28.28767 78.12877 19.29476 622.0
21.0 11.0 11.0 48.55106 14.10631 56.51533 38.0
21.0 11.0 21.0 28.28767 78.12877 19.29476 38.0
21.0 12.0 12.0 179.8099 86.31284 84.70777 1.0
21.0 12.0 21.0 28.28767 78.12877 19.29476 1.0
21.0 13.0 13.0 21.78298 31.15197 56.45445 10.0
21.0 13.0 21.0 28.28767 78.12877 19.29476 10.0
21.0 19.0 19.0 66.41444 15.7763 45.41015 17.0
21.0 19.0 21.0 28.28767 78.12877 19.29476 17.0
21.0 20.0 20.0 85.07101 53.70294 22.32754 266.0
21.0 20.0 21.0 28.28767 78.12877 19.29476 266.0
21.0 21.0 21.0 28.28767 78.12877 19.29476 6299.0
21.0 21.0 21.0 28.28767 78.12877 19.29476 6299.0
21.0 30.0 30.0 88.4574 139.93752 62.79211 1.0
21.0 30.0 21.0 28.28767 78.12877 19.29476 1.0
21.0 39.0 39.0 21.84629 50.12291 32.75706 2196.0
21.0 39.0 21.0 28.28767 78.12877 19.29476 2196.0
21.0 40.0 40.0 83.27263 23.52214 42.40526 4.0
21.0 40.0 21.0 28.28767 78.12877 19.29476 4.0
21.0 45.0 45.0 35.05786 116.37151 28.62989 1883.0
21.0 45.0 21.0 28.28767 78.12877 19.29476 1883.0
22.0 0.0 0.0 55.12538 48.86779 141.97304 649.0
22.0 0.0 22.0 25.11139 80.07346 119.48174 649.0
22.0 2.0 2.0 27.40976 25.31768 87.72155 67.0
22.0 2.0 22.0 25.11139 80.07346 119.48174 67.0
22.0 4.0 4.0 72.12766 108.40494 139.67744 463.0
22.0 4.0 22.0 25.11139 80.07346 119.48174 463.0
22.0 5.0 5.0 36.16404 130.03354 82.26599 1179.0
22.0 5.0 22.0 25.11139 80.07346 119.48174 1179.0
22.0 6.0 6.0 5.48385 84.78901 74.43765 1826.0
22.0 6.0 22.0 25.11139 80.07346 119.48174 1826.0
22.0 13.0 13.0 21.78298 31.15197 56.45445 2.0
22.0 13.0 22.0 25.11139 80.07346 119.48174 2.0
22.0 16.0 16.0 37.11275 39.12321 124.73868 1236.0
22.0 16.0 22.0 25.11139 80.07346 119.48174 1236.0
22.0 22.0 22.0 25.11139 80.07346 119.48174 13779.0
22.0 22.0 22.0 25.11139 80.07346 119.48174 13779.0
22.0 27.0 27.0 18.72177 45.37332 103.74868 1270.0
22.0 27.0 22.0 25.11139 80.07346 119.48174 1270.0
22.0 28.0 28.0 84.29315 38.94975 143.14378 18.0
22.0 28.0 22.0 25.11139 80.07346 119.48174 18.0
22.0 33.0 33.0 97.2095 49.93976 149.2374 1.0
22.0 33.0 22.0 25.11139 80.07346 119.48174 1.0
22.0 36.0 36.0 51.1888 19.51647 119.72773 16.0
22.0 36.0 22.0 25.11139 80.07346 119.48174 16.0
22.0 37.0 37.0 80.32248 11.07538 113.85279 1.0
22.0 37.0 22.0 25.11139 80.07346 119.48174 1.0
22.0 38.0 38.0 88.75048 68.41078 152.6123 26.0
22.0 38.0 22.0 25.11139 80.07346 119.48174 26.0
22.0 41.0 41.0 59.88796 126.07614 122.50949 753.0
22.0 41.0 22.0 25.11139 80.07346 119.48174 753.0
22.0 42.0 42.0 56.66992 85.23024 144.97518 1670.0
22.0 42.0 22.0 25.11139 80.07346 119.48174 1670.0
22.0 44.0 44.0 70.26051 22.73217 131.35655 2.0
22.0 44.0 22.0 25.11139 80.07346 119.48174 2.0
23.0 7.0 7.0 121.69619 13.46877 56.89437 10.0
23.0 7.0 23.0 173.4614 43.55265 76.92046 10.0
23.0 8.0 8.0 108.26311 85.89814 38.73996 5.0
23.0 8.0 23.0 173.4614 43.55265 76.92046 5.0
23.0 12.0 12.0 179.8099 86.31284 84.70777 603.0
23.0 12.0 23.0 173.4614 43.55265 76.92046 603.0
23.0 15.0 15.0 145.14296 26.57942 64.66427 804.0
23.0 15.0 23.0 173.4614 43.55265 76.92046 804.0
23.0 17.0 17.0 122.79607 11.00689 94.60776 5.0
23.0 17.0 23.0 173.4614 43.55265 76.92046 5.0
23.0 18.0 18.0 159.18325 24.82622 93.94058 1048.0
23.0 18.0 23.0 173.4614 43.55265 76.92046 1048.0
23.0 23.0 23.0 173.4614 43.55265 76.92046 3429.0
23.0 23.0 23.0 173.4614 43.55265 76.92046 3429.0
23.0 25.0 25.0 182.84246 63.92693 100.262 796.0
23.0 25.0 23.0 173.4614 43.55265 76.92046 796.0
23.0 26.0 26.0 132.1214 45.16602 139.12445 11.0
23.0 26.0 23.0 173.4614 43.55265 76.92046 11.0
23.0 29.0 29.0 122.72627 20.58565 121.16237 9.0
23.0 29.0 23.0 173.4614 43.55265 76.92046 9.0
23.0 31.0 31.0 121.63309 38.99752 36.07814 112.0
23.0 31.0 23.0 173.4614 43.55265 76.92046 112.0
23.0 32.0 32.0 156.99688 88.97718 57.9637 521.0
23.0 32.0 23.0 173.4614 43.55265 76.92046 521.0
23.0 37.0 37.0 80.32248 11.07538 113.85279 1.0
23.0 37.0 23.0 173.4614 43.55265 76.92046 1.0
23.0 47.0 47.0 164.18876 62.7442 126.12206 338.0
23.0 47.0 23.0 173.4614 43.55265 76.92046 338.0
24.0 0.0 0.0 55.12538 48.86779 141.97304 13.0
24.0 0.0 24.0 107.90155 87.20531 149.14585 13.0
24.0 4.0 4.0 72.12766 108.40494 139.67744 1496.0
24.0 4.0 24.0 107.90155 87.20531 149.14585 1496.0
24.0 9.0 9.0 78.64066 139.90333 102.70328 24.0
24.0 9.0 24.0 107.90155 87.20531 149.14585 24.0
24.0 22.0 22.0 25.11139 80.07346 119.48174 1.0
24.0 22.0 24.0 107.90155 87.20531 149.14585 1.0
24.0 24.0 24.0 107.90155 87.20531 149.14585 9096.0
24.0 24.0 24.0 107.90155 87.20531 149.14585 9096.0
24.0 26.0 26.0 132.1214 45.16602 139.12445 945.0
24.0 26.0 24.0 107.90155 87.20531 149.14585 945.0
24.0 28.0 28.0 84.29315 38.94975 143.14378 41.0
24.0 28.0 24.0 107.90155 87.20531 149.14585 41.0
24.0 30.0 30.0 88.4574 139.93752 62.79211 1.0
24.0 30.0 24.0 107.90155 87.20531 149.14585 1.0
24.0 33.0 33.0 97.2095 49.93976 149.2374 471.0
24.0 33.0 24.0 107.90155 87.20531 149.14585 471.0
24.0 34.0 34.0 127.84229 111.22808 129.58614 2680.0
24.0 34.0 24.0 107.90155 87.20531 149.14585 2680.0
24.0 35.0 35.0 147.8243 121.12779 95.64305 3.0
24.0 35.0 24.0 107.90155 87.20531 149.14585 3.0
24.0 38.0 38.0 88.75048 68.41078 152.6123 1955.0
24.0 38.0 24.0 107.90155 87.20531 149.14585 1955.0
24.0 41.0 41.0 59.88796 126.07614 122.50949 76.0
24.0 41.0 24.0 107.90155 87.20531 149.14585 76.0
24.0 42.0 42.0 56.66992 85.23024 144.97518 497.0
24.0 42.0 24.0 107.90155 87.20531 149.14585 497.0
24.0 43.0 43.0 101.72673 137.71636 99.17718 9.0
24.0 43.0 24.0 107.90155 87.20531 149.14585 9.0
24.0 44.0 44.0 70.26051 22.73217 131.35655 1.0
24.0 44.0 24.0 107.90155 87.20531 149.14585 1.0
24.0 47.0 47.0 164.18876 62.7442 126.12206 215.0
24.0 47.0 24.0 107.90155 87.20531 149.14585 215.0
25.0 7.0 7.0 121.69619 13.46877 56.89437 1.0
25.0 7.0 25.0 182.84246 63.92693 100.262 1.0
25.0 12.0 12.0 179.8099 86.31284 84.70777 1241.0
25.0 12.0 25.0 182.84246 63.92693 100.262 1241.0
25.0 15.0 15.0 145.14296 26.57942 64.66427 7.0
25.0 15.0 25.0 182.84246 63.92693 100.262 7.0
25.0 18.0 18.0 159.18325 24.82622 93.94058 118.0
25.0 18.0 25.0 182.84246 63.92693 100.262 118.0
25.0 23.0 23.0 173.4614 43.55265 76.92046 765.0
25.0 23.0 25.0 182.84246 63.92693 100.262 765.0
25.0 25.0 25.0 182.84246 63.92693 100.262 2265.0
25.0 25.0 25.0 182.84246 63.92693 100.262 2265.0
25.0 26.0 26.0 132.1214 45.16602 139.12445 5.0
25.0 26.0 25.0 182.84246 63.92693 100.262 5.0
25.0 29.0 29.0 122.72627 20.58565 121.16237 1.0
25.0 29.0 25.0 182.84246 63.92693 100.262 1.0
25.0 32.0 32.0 156.99688 88.97718 57.9637 42.0
25.0 32.0 25.0 182.84246 63.92693 100.262 42.0
25.0 34.0 34.0 127.84229 111.22808 129.58614 26.0
25.0 34.0 25.0 182.84246 63.92693 100.262 26.0
25.0 35.0 35.0 147.8243 121.12779 95.64305 78.0
25.0 35.0 25.0 182.84246 63.92693 100.262 78.0
25.0 47.0 47.0 164.18876 62.7442 126.12206 1245.0
25.0 47.0 25.0 182.84246 63.92693 100.262 1245.0
26.0 0.0 0.0 55.12538 48.86779 141.97304 2.0
26.0 0.0 26.0 132.1214 45.16602 139.12445 2.0
26.0 3.0 3.0 83.22052 3.8353 88.04071 2.0
26.0 3.0 26.0 132.1214 45.16602 139.12445 2.0
26.0 17.0 17.0 122.79607 11.00689 94.60776 95.0
26.0 17.0 26.0 132.1214 45.16602 139.12445 95.0
26.0 18.0 18.0 159.18325 24.82622 93.94058 249.0
26.0 18.0 26.0 132.1214 45.16602 139.12445 249.0
26.0 23.0 23.0 173.4614 43.55265 76.92046 10.0
26.0 23.0 26.0 132.1214 45.16602 139.12445 10.0
26.0 24.0 24.0 107.90155 87.20531 149.14585 973.0
26.0 24.0 26.0 132.1214 45.16602 139.12445 973.0
26.0 25.0 25.0 182.84246 63.92693 100.262 5.0
26.0 25.0 26.0 132.1214 45.16602 139.12445 5.0
26.0 26.0 26.0 132.1214 45.16602 139.12445 8241.0
26.0 26.0 26.0 132.1214 45.16602 139.12445 8241.0
26.0 28.0 28.0 84.29315 38.94975 143.14378 420.0
26.0 28.0 26.0 132.1214 45.16602 139.12445 420.0
26.0 29.0 29.0 122.72627 20.58565 121.16237 1904.0
26.0 29.0 26.0 132.1214 45.16602 139.12445 1904.0
26.0 33.0 33.0 97.2095 49.93976 149.2374 1095.0
26.0 33.0 26.0 132.1214 45.16602 139.12445 1095.0
26.0 34.0 34.0 127.84229 111.22808 129.58614 316.0
26.0 34.0 26.0 132.1214 45.16602 139.12445 316.0
26.0 35.0 35.0 147.8243 121.12779 95.64305 1.0
26.0 35.0 26.0 132.1214 45.16602 139.12445 1.0
26.0 37.0 37.0 80.32248 11.07538 113.85279 110.0
26.0 37.0 26.0 132.1214 45.16602 139.12445 110.0
26.0 38.0 38.0 88.75048 68.41078 152.6123 392.0
26.0 38.0 26.0 132.1214 45.16602 139.12445 392.0
26.0 44.0 44.0 70.26051 22.73217 131.35655 13.0
26.0 44.0 26.0 132.1214 45.16602 139.12445 13.0
26.0 47.0 47.0 164.18876 62.7442 126.12206 1761.0
26.0 47.0 26.0 132.1214 45.16602 139.12445 1761.0
27.0 0.0 0.0 55.12538 48.86779 141.97304 46.0
27.0 0.0 27.0 18.72177 45.37332 103.74868 46.0
27.0 2.0 2.0 27.40976 25.31768 87.72155 1601.0
27.0 2.0 27.0 18.72177 45.37332 103.74868 1601.0
27.0 5.0 5.0 36.16404 130.03354 82.26599 1.0
27.0 5.0 27.0 18.72177 45.37332 103.74868 1.0
27.0 6.0 6.0 5.48385 84.78901 74.43765 793.0
27.0 6.0 27.0 18.72177 45.37332 103.74868 793.0
27.0 11.0 11.0 48.55106 14.10631 56.51533 14.0
27.0 11.0 27.0 18.72177 45.37332 103.74868 14.0
27.0 13.0 13.0 21.78298 31.15197 56.45445 116.0
27.0 13.0 27.0 18.72177 45.37332 103.74868 116.0
27.0 16.0 16.0 37.11275 39.12321 124.73868 1242.0
27.0 16.0 27.0 18.72177 45.37332 103.74868 1242.0
27.0 22.0 22.0 25.11139 80.07346 119.48174 1307.0
27.0 22.0 27.0 18.72177 45.37332 103.74868 1307.0
27.0 27.0 27.0 18.72177 45.37332 103.74868 3343.0
27.0 27.0 27.0 18.72177 45.37332 103.74868 3343.0
27.0 36.0 36.0 51.1888 19.51647 119.72773 104.0
27.0 36.0 27.0 18.72177 45.37332 103.74868 104.0
27.0 37.0 37.0 80.32248 11.07538 113.85279 8.0
27.0 37.0 27.0 18.72177 45.37332 103.74868 8.0
27.0 39.0 39.0 21.84629 50.12291 32.75706 17.0
27.0 39.0 27.0 18.72177 45.37332 103.74868 17.0
27.0 42.0 42.0 56.66992 85.23024 144.97518 1.0
27.0 42.0 27.0 18.72177 45.37332 103.74868 1.0
27.0 44.0 44.0 70.26051 22.73217 131.35655 7.0
27.0 44.0 27.0 18.72177 45.37332 103.74868 7.0
28.0 0.0 0.0 55.12538 48.86779 141.97304 1069.0
28.0 0.0 28.0 84.29315 38.94975 143.14378 1069.0
28.0 3.0 3.0 83.22052 3.8353 88.04071 8.0
28.0 3.0 28.0 84.29315 38.94975 143.14378 8.0
28.0 4.0 4.0 72.12766 108.40494 139.67744 3.0
28.0 4.0 28.0 84.29315 38.94975 143.14378 3.0
28.0 16.0 16.0 37.11275 39.12321 124.73868 46.0
28.0 16.0 28.0 84.29315 38.94975 143.14378 46.0
28.0 17.0 17.0 122.79607 11.00689 94.60776 10.0
28.0 17.0 28.0 84.29315 38.94975 143.14378 10.0
28.0 22.0 22.0 25.11139 80.07346 119.48174 11.0
28.0 22.0 28.0 84.29315 38.94975 143.14378 11.0
28.0 24.0 24.0 107.90155 87.20531 149.14585 40.0
28.0 24.0 28.0 84.29315 38.94975 143.14378 40.0
28.0 26.0 26.0 132.1214 45.16602 139.12445 415.0
28.0 26.0 28.0 84.29315 38.94975 143.14378 415.0
28.0 28.0 28.0 84.29315 38.94975 143.14378 3235.0
28.0 28.0 28.0 84.29315 38.94975 143.14378 3235.0
28.0 29.0 29.0 122.72627 20.58565 121.16237 492.0
28.0 29.0 28.0 84.29315 38.94975 143.14378 492.0
28.0 33.0 33.0 97.2095 49.93976 149.2374 1609.0
28.0 33.0 28.0 84.29315 38.94975 143.14378 1609.0
28.0 36.0 36.0 51.1888 19.51647 119.72773 85.0
28.0 36.0 28.0 84.29315 38.94975 143.14378 85.0
28.0 37.0 37.0 80.32248 11.07538 113.85279 748.0
28.0 37.0 28.0 84.29315 38.94975 143.14378 748.0
28.0 38.0 38.0 88.75048 68.41078 152.6123 592.0
28.0 38.0 28.0 84.29315 38.94975 143.14378 592.0
28.0 42.0 42.0 56.66992 85.23024 144.97518 197.0
28.0 42.0 28.0 84.29315 38.94975 143.14378 197.0
28.0 44.0 44.0 70.26051 22.73217 131.35655 911.0
28.0 44.0 28.0 84.29315 38.94975 143.14378 911.0
29.0 0.0 0.0 55.12538 48.86779 141.97304 2.0
29.0 0.0 29.0 122.72627 20.58565 121.16237 2.0
29.0 3.0 3.0 83.22052 3.8353 88.04071 207.0
29.0 3.0 29.0 122.72627 20.58565 121.16237 207.0
29.0 7.0 7.0 121.69619 13.46877 56.89437 7.0
29.0 7.0 29.0 122.72627 20.58565 121.16237 7.0
29.0 10.0 10.0 97.09138 3.93239 61.08727 2.0
29.0 10.0 29.0 122.72627 20.58565 121.16237 2.0
29.0 15.0 15.0 145.14296 26.57942 64.66427 64.0
29.0 15.0 29.0 122.72627 20.58565 121.16237 64.0
29.0 17.0 17.0 122.79607 11.00689 94.60776 1623.0
29.0 17.0 29.0 122.72627 20.58565 121.16237 1623.0
29.0 18.0 18.0 159.18325 24.82622 93.94058 551.0
29.0 18.0 29.0 122.72627 20.58565 121.16237 551.0
29.0 23.0 23.0 173.4614 43.55265 76.92046 16.0
29.0 23.0 29.0 122.72627 20.58565 121.16237 16.0
29.0 24.0 24.0 107.90155 87.20531 149.14585 3.0
29.0 24.0 29.0 122.72627 20.58565 121.16237 3.0
29.0 25.0 25.0 182.84246 63.92693 100.262 2.0
29.0 25.0 29.0 122.72627 20.58565 121.16237 2.0
29.0 26.0 26.0 132.1214 45.16602 139.12445 1834.0
29.0 26.0 29.0 122.72627 20.58565 121.16237 1834.0
29.0 28.0 28.0 84.29315 38.94975 143.14378 471.0
29.0 28.0 29.0 122.72627 20.58565 121.16237 471.0
29.0 29.0 29.0 122.72627 20.58565 121.16237 4840.0
29.0 29.0 29.0 122.72627 20.58565 121.16237 4840.0
29.0 33.0 33.0 97.2095 49.93976 149.2374 184.0
29.0 33.0 29.0 122.72627 20.58565 121.16237 184.0
29.0 36.0 36.0 51.1888 19.51647 119.72773 1.0
29.0 36.0 29.0 122.72627 20.58565 121.16237 1.0
29.0 37.0 37.0 80.32248 11.07538 113.85279 1204.0
29.0 37.0 29.0 122.72627 20.58565 121.16237 1204.0
29.0 38.0 38.0 88.75048 68.41078 152.6123 4.0
29.0 38.0 29.0 122.72627 20.58565 121.16237 4.0
29.0 44.0 44.0 70.26051 22.73217 131.35655 70.0
29.0 44.0 29.0 122.72627 20.58565 121.16237 70.0
29.0 46.0 46.0 114.64523 130.24378 52.81326 1.0
29.0 46.0 29.0 122.72627 20.58565 121.16237 1.0
29.0 47.0 47.0 164.18876 62.7442 126.12206 242.0
29.0 47.0 29.0 122.72627 20.58565 121.16237 242.0
30.0 1.0 1.0 66.26092 89.26227 7.48231 321.0
30.0 1.0 30.0 88.4574 139.93752 62.79211 321.0
30.0 5.0 5.0 36.16404 130.03354 82.26599 1632.0
30.0 5.0 30.0 88.4574 139.93752 62.79211 1632.0
30.0 8.0 8.0 108.26311 85.89814 38.73996 598.0
30.0 8.0 30.0 88.4574 139.93752 62.79211 598.0
30.0 9.0 9.0 78.64066 139.90333 102.70328 1108.0
30.0 9.0 30.0 88.4574 139.93752 62.79211 1108.0
30.0 14.0 14.0 128.38274 116.03124 40.32707 230.0
30.0 14.0 30.0 88.4574 139.93752 62.79211 230.0
30.0 23.0 23.0 173.4614 43.55265 76.92046 1.0
30.0 23.0 30.0 88.4574 139.93752 62.79211 1.0
30.0 30.0 30.0 88.4574 139.93752 62.79211 14894.0
30.0 30.0 30.0 88.4574 139.93752 62.79211 14894.0
30.0 32.0 32.0 156.99688 88.97718 57.9637 4.0
30.0 32.0 30.0 88.4574 139.93752 62.79211 4.0
30.0 34.0 34.0 127.84229 111.22808 129.58614 78.0
30.0 34.0 30.0 88.4574 139.93752 62.79211 78.0
30.0 35.0 35.0 147.8243 121.12779 95.64305 726.0
30.0 35.0 30.0 88.4574 139.93752 62.79211 726.0
30.0 41.0 41.0 59.88796 126.07614 122.50949 18.0
30.0 41.0 30.0 88.4574 139.93752 62.79211 18.0
30.0 43.0 43.0 101.72673 137.71636 99.17718 2216.0
30.0 43.0 30.0 88.4574 139.93752 62.79211 2216.0
30.0 45.0 45.0 35.05786 116.37151 28.62989 737.0
30.0 45.0 30.0 88.4574 139.93752 62.79211 737.0
30.0 46.0 46.0 114.64523 130.24378 52.81326 3440.0
30.0 46.0 30.0 88.4574 139.93752 62.79211 3440.0
31.0 1.0 1.0 66.26092 89.26227 7.48231 1.0
31.0 1.0 31.0 121.63309 38.99752 36.07814 1.0
31.0 3.0 3.0 83.22052 3.8353 88.04071 2.0
31.0 3.0 31.0 121.63309 38.99752 36.07814 2.0
31.0 7.0 7.0 121.69619 13.46877 56.89437 1634.0
31.0 7.0 31.0 121.63309 38.99752 36.07814 1634.0
31.0 8.0 8.0 108.26311 85.89814 38.73996 1977.0
31.0 8.0 31.0 121.63309 38.99752 36.07814 1977.0
31.0 10.0 10.0 97.09138 3.93239 61.08727 369.0
31.0 10.0 31.0 121.63309 38.99752 36.07814 369.0
31.0 11.0 11.0 48.55106 14.10631 56.51533 3.0
31.0 11.0 31.0 121.63309 38.99752 36.07814 3.0
31.0 12.0 12.0 179.8099 86.31284 84.70777 5.0
31.0 12.0 31.0 121.63309 38.99752 36.07814 5.0
31.0 14.0 14.0 128.38274 116.03124 40.32707 5.0
31.0 14.0 31.0 121.63309 38.99752 36.07814 5.0
31.0 15.0 15.0 145.14296 26.57942 64.66427 1441.0
31.0 15.0 31.0 121.63309 38.99752 36.07814 1441.0
31.0 17.0 17.0 122.79607 11.00689 94.60776 6.0
31.0 17.0 31.0 121.63309 38.99752 36.07814 6.0
31.0 18.0 18.0 159.18325 24.82622 93.94058 7.0
31.0 18.0 31.0 121.63309 38.99752 36.07814 7.0
31.0 19.0 19.0 66.41444 15.7763 45.41015 25.0
31.0 19.0 31.0 121.63309 38.99752 36.07814 25.0
31.0 20.0 20.0 85.07101 53.70294 22.32754 2109.0
31.0 20.0 31.0 121.63309 38.99752 36.07814 2109.0
31.0 23.0 23.0 173.4614 43.55265 76.92046 112.0
31.0 23.0 31.0 121.63309 38.99752 36.07814 112.0
31.0 31.0 31.0 121.63309 38.99752 36.07814 12039.0
31.0 31.0 31.0 121.63309 38.99752 36.07814 12039.0
31.0 32.0 32.0 156.99688 88.97718 57.9637 578.0
31.0 32.0 31.0 121.63309 38.99752 36.07814 578.0
31.0 40.0 40.0 83.27263 23.52214 42.40526 990.0
31.0 40.0 31.0 121.63309 38.99752 36.07814 990.0
31.0 45.0 45.0 35.05786 116.37151 28.62989 1.0
31.0 45.0 31.0 121.63309 38.99752 36.07814 1.0
32.0 7.0 7.0 121.69619 13.46877 56.89437 3.0
32.0 7.0 32.0 156.99688 88.97718 57.9637 3.0
32.0 8.0 8.0 108.26311 85.89814 38.73996 1627.0
32.0 8.0 32.0 156.99688 88.97718 57.9637 1627.0
32.0 12.0 12.0 179.8099 86.31284 84.70777 1681.0
32.0 12.0 32.0 156.99688 88.97718 57.9637 1681.0
32.0 14.0 14.0 128.38274 116.03124 40.32707 1449.0
32.0 14.0 32.0 156.99688 88.97718 57.9637 1449.0
32.0 15.0 15.0 145.14296 26.57942 64.66427 382.0
32.0 15.0 32.0 156.99688 88.97718 57.9637 382.0
32.0 18.0 18.0 159.18325 24.82622 93.94058 11.0
32.0 18.0 32.0 156.99688 88.97718 57.9637 11.0
32.0 20.0 20.0 85.07101 53.70294 22.32754 5.0
32.0 20.0 32.0 156.99688 88.97718 57.9637 5.0
32.0 23.0 23.0 173.4614 43.55265 76.92046 458.0
32.0 23.0 32.0 156.99688 88.97718 57.9637 458.0
32.0 25.0 25.0 182.84246 63.92693 100.262 49.0
32.0 25.0 32.0 156.99688 88.97718 57.9637 49.0
32.0 30.0 30.0 88.4574 139.93752 62.79211 6.0
32.0 30.0 32.0 156.99688 88.97718 57.9637 6.0
32.0 31.0 31.0 121.63309 38.99752 36.07814 591.0
32.0 31.0 32.0 156.99688 88.97718 57.9637 591.0
32.0 32.0 32.0 156.99688 88.97718 57.9637 9584.0
32.0 32.0 32.0 156.99688 88.97718 57.9637 9584.0
32.0 35.0 35.0 147.8243 121.12779 95.64305 946.0
32.0 35.0 32.0 156.99688 88.97718 57.9637 946.0
32.0 46.0 46.0 114.64523 130.24378 52.81326 290.0
32.0 46.0 32.0 156.99688 88.97718 57.9637 290.0
32.0 47.0 47.0 164.18876 62.7442 126.12206 1.0
32.0 47.0 32.0 156.99688 88.97718 57.9637 1.0
33.0 0.0 0.0 55.12538 48.86779 141.97304 230.0
33.0 0.0 33.0 97.2095 49.93976 149.2374 230.0
33.0 4.0 4.0 72.12766 108.40494 139.67744 4.0
33.0 4.0 33.0 97.2095 49.93976 149.2374 4.0
33.0 16.0 16.0 37.11275 39.12321 124.73868 4.0
33.0 16.0 33.0 97.2095 49.93976 149.2374 4.0
33.0 17.0 17.0 122.79607 11.00689 94.60776 4.0
33.0 17.0 33.0 97.2095 49.93976 149.2374 4.0
33.0 22.0 22.0 25.11139 80.07346 119.48174 3.0
33.0 22.0 33.0 97.2095 49.93976 149.2374 3.0
33.0 24.0 24.0 107.90155 87.20531 149.14585 472.0
33.0 24.0 33.0 97.2095 49.93976 149.2374 472.0
33.0 26.0 26.0 132.1214 45.16602 139.12445 1179.0
33.0 26.0 33.0 97.2095 49.93976 149.2374 1179.0
33.0 28.0 28.0 84.29315 38.94975 143.14378 1549.0
33.0 28.0 33.0 97.2095 49.93976 149.2374 1549.0
33.0 29.0 29.0 122.72627 20.58565 121.16237 198.0
33.0 29.0 33.0 97.2095 49.93976 149.2374 198.0
33.0 33.0 33.0 97.2095 49.93976 149.2374 2733.0
33.0 33.0 33.0 97.2095 49.93976 149.2374 2733.0
33.0 34.0 34.0 127.84229 111.22808 129.58614 4.0
33.0 34.0 33.0 97.2095 49.93976 149.2374 4.0
33.0 36.0 36.0 51.1888 19.51647 119.72773 3.0
33.0 36.0 33.0 97.2095 49.93976 149.2374 3.0
33.0 37.0 37.0 80.32248 11.07538 113.85279 86.0
33.0 37.0 33.0 97.2095 49.93976 149.2374 86.0
33.0 38.0 38.0 88.75048 68.41078 152.6123 1600.0
33.0 38.0 33.0 97.2095 49.93976 149.2374 1600.0
33.0 42.0 42.0 56.66992 85.23024 144.97518 127.0
33.0 42.0 33.0 97.2095 49.93976 149.2374 127.0
33.0 44.0 44.0 70.26051 22.73217 131.35655 104.0
33.0 44.0 33.0 97.2095 49.93976 149.2374 104.0
33.0 47.0 47.0 164.18876 62.7442 126.12206 6.0
33.0 47.0 33.0 97.2095 49.93976 149.2374 6.0
34.0 4.0 4.0 72.12766 108.40494 139.67744 939.0
34.0 4.0 34.0 127.84229 111.22808 129.58614 939.0
34.0 5.0 5.0 36.16404 130.03354 82.26599 1.0
34.0 5.0 34.0 127.84229 111.22808 129.58614 1.0
34.0 9.0 9.0 78.64066 139.90333 102.70328 599.0
34.0 9.0 34.0 127.84229 111.22808 129.58614 599.0
34.0 12.0 12.0 179.8099 86.31284 84.70777 87.0
34.0 12.0 34.0 127.84229 111.22808 129.58614 87.0
34.0 14.0 14.0 128.38274 116.03124 40.32707 2.0
34.0 14.0 34.0 127.84229 111.22808 129.58614 2.0
34.0 24.0 24.0 107.90155 87.20531 149.14585 2623.0
34.0 24.0 34.0 127.84229 111.22808 129.58614 2623.0
34.0 25.0 25.0 182.84246 63.92693 100.262 23.0
34.0 25.0 34.0 127.84229 111.22808 129.58614 23.0
34.0 26.0 26.0 132.1214 45.16602 139.12445 308.0
34.0 26.0 34.0 127.84229 111.22808 129.58614 308.0
34.0 30.0 30.0 88.4574 139.93752 62.79211 82.0
34.0 30.0 34.0 127.84229 111.22808 129.58614 82.0
34.0 32.0 32.0 156.99688 88.97718 57.9637 3.0
34.0 32.0 34.0 127.84229 111.22808 129.58614 3.0
34.0 33.0 33.0 97.2095 49.93976 149.2374 5.0
34.0 33.0 34.0 127.84229 111.22808 129.58614 5.0
34.0 34.0 34.0 127.84229 111.22808 129.58614 17419.0
34.0 34.0 34.0 127.84229 111.22808 129.58614 17419.0
34.0 35.0 35.0 147.8243 121.12779 95.64305 2589.0
34.0 35.0 34.0 127.84229 111.22808 129.58614 2589.0
34.0 38.0 38.0 88.75048 68.41078 152.6123 26.0
34.0 38.0 34.0 127.84229 111.22808 129.58614 26.0
34.0 41.0 41.0 59.88796 126.07614 122.50949 410.0
34.0 41.0 34.0 127.84229 111.22808 129.58614 410.0
34.0 42.0 42.0 56.66992 85.23024 144.97518 5.0
34.0 42.0 34.0 127.84229 111.22808 129.58614 5.0
34.0 43.0 43.0 101.72673 137.71636 99.17718 1454.0
34.0 43.0 34.0 127.84229 111.22808 129.58614 1454.0
34.0 46.0 46.0 114.64523 130.24378 52.81326 14.0
34.0 46.0 34.0 127.84229 111.22808 129.58614 14.0
34.0 47.0 47.0 164.18876 62.7442 126.12206 1205.0
34.0 47.0 34.0 127.84229 111.22808 129.58614 1205.0
35.0 4.0 4.0 72.12766 108.40494 139.67744 1.0
35.0 4.0 35.0 147.8243 121.12779 95.64305 1.0
35.0 8.0 8.0 108.26311 85.89814 38.73996 3.0
35.0 8.0 35.0 147.8243 121.12779 95.64305 3.0
35.0 9.0 9.0 78.64066 139.90333 102.70328 23.0
35.0 9.0 35.0 147.8243 121.12779 95.64305 23.0
35.0 12.0 12.0 179.8099 86.31284 84.70777 1176.0
35.0 12.0 35.0 147.8243 121.12779 95.64305 1176.0
35.0 14.0 14.0 128.38274 116.03124 40.32707 326.0
35.0 14.0 35.0 147.8243 121.12779 95.64305 326.0
35.0 24.0 24.0 107.90155 87.20531 149.14585 3.0
35.0 24.0 35.0 147.8243 121.12779 95.64305 3.0
35.0 25.0 25.0 182.84246 63.92693 100.262 80.0
35.0 25.0 35.0 147.8243 121.12779 95.64305 80.0
35.0 26.0 26.0 132.1214 45.16602 139.12445 1.0
35.0 26.0 35.0 147.8243 121.12779 95.64305 1.0
35.0 28.0 28.0 84.29315 38.94975 143.14378 1.0
35.0 28.0 35.0 147.8243 121.12779 95.64305 1.0
35.0 30.0 30.0 88.4574 139.93752 62.79211 729.0
35.0 30.0 35.0 147.8243 121.12779 95.64305 729.0
35.0 32.0 32.0 156.99688 88.97718 57.9637 915.0
35.0 32.0 35.0 147.8243 121.12779 95.64305 915.0
35.0 34.0 34.0 127.84229 111.22808 129.58614 2731.0
35.0 34.0 35.0 147.8243 121.12779 95.64305 2731.0
35.0 35.0 35.0 147.8243 121.12779 95.64305 11654.0
35.0 35.0 35.0 147.8243 121.12779 95.64305 11654.0
35.0 43.0 43.0 101.72673 137.71636 99.17718 858.0
35.0 43.0 35.0 147.8243 121.12779 95.64305 858.0
35.0 46.0 46.0 114.64523 130.24378 52.81326 1193.0
35.0 46.0 35.0 147.8243 121.12779 95.64305 1193.0
35.0 47.0 47.0 164.18876 62.7442 126.12206 326.0
35.0 47.0 35.0 147.8243 121.12779 95.64305 326.0
36.0 0.0 0.0 55.12538 48.86779 141.97304 477.0
36.0 0.0 36.0 51.1888 19.51647 119.72773 477.0
36.0 2.0 2.0 27.40976 25.31768 87.72155 500.0
36.0 2.0 36.0 51.1888 19.51647 119.72773 500.0
36.0 3.0 3.0 83.22052 3.8353 88.04071 145.0
36.0 3.0 36.0 51.1888 19.51647 119.72773 145.0
36.0 11.0 11.0 48.55106 14.10631 56.51533 75.0
36.0 11.0 36.0 51.1888 19.51647 119.72773 75.0
36.0 16.0 16.0 37.11275 39.12321 124.73868 989.0
36.0 16.0 36.0 51.1888 19.51647 119.72773 989.0
36.0 22.0 22.0 25.11139 80.07346 119.48174 9.0
36.0 22.0 36.0 51.1888 19.51647 119.72773 9.0
36.0 27.0 27.0 18.72177 45.37332 103.74868 89.0
36.0 27.0 36.0 51.1888 19.51647 119.72773 89.0
36.0 28.0 28.0 84.29315 38.94975 143.14378 92.0
36.0 28.0 36.0 51.1888 19.51647 119.72773 92.0
36.0 33.0 33.0 97.2095 49.93976 149.2374 6.0
36.0 33.0 36.0 51.1888 19.51647 119.72773 6.0
36.0 36.0 36.0 51.1888 19.51647 119.72773 1492.0
36.0 36.0 36.0 51.1888 19.51647 119.72773 1492.0
36.0 37.0 37.0 80.32248 11.07538 113.85279 944.0
36.0 37.0 36.0 51.1888 19.51647 119.72773 944.0
36.0 38.0 38.0 88.75048 68.41078 152.6123 1.0
36.0 38.0 36.0 51.1888 19.51647 119.72773 1.0
36.0 42.0 42.0 56.66992 85.23024 144.97518 3.0
36.0 42.0 36.0 51.1888 19.51647 119.72773 3.0
36.0 44.0 44.0 70.26051 22.73217 131.35655 788.0
36.0 44.0 36.0 51.1888 19.51647 119.72773 788.0
37.0 0.0 0.0 55.12538 48.86779 141.97304 75.0
37.0 0.0 37.0 80.32248 11.07538 113.85279 75.0
37.0 2.0 2.0 27.40976 25.31768 87.72155 372.0
37.0 2.0 37.0 80.32248 11.07538 113.85279 372.0
37.0 3.0 3.0 83.22052 3.8353 88.04071 2537.0
37.0 3.0 37.0 80.32248 11.07538 113.85279 2537.0
37.0 7.0 7.0 121.69619 13.46877 56.89437 6.0
37.0 7.0 37.0 80.32248 11.07538 113.85279 6.0
37.0 10.0 10.0 97.09138 3.93239 61.08727 54.0
37.0 10.0 37.0 80.32248 11.07538 113.85279 54.0
37.0 11.0 11.0 48.55106 14.10631 56.51533 270.0
37.0 11.0 37.0 80.32248 11.07538 113.85279 270.0
37.0 13.0 13.0 21.78298 31.15197 56.45445 5.0
37.0 13.0 37.0 80.32248 11.07538 113.85279 5.0
37.0 16.0 16.0 37.11275 39.12321 124.73868 155.0
37.0 16.0 37.0 80.32248 11.07538 113.85279 155.0
37.0 17.0 17.0 122.79607 11.00689 94.60776 513.0
37.0 17.0 37.0 80.32248 11.07538 113.85279 513.0
37.0 18.0 18.0 159.18325 24.82622 93.94058 2.0
37.0 18.0 37.0 80.32248 11.07538 113.85279 2.0
37.0 19.0 19.0 66.41444 15.7763 45.41015 14.0
37.0 19.0 37.0 80.32248 11.07538 113.85279 14.0
37.0 26.0 26.0 132.1214 45.16602 139.12445 123.0
37.0 26.0 37.0 80.32248 11.07538 113.85279 123.0
37.0 27.0 27.0 18.72177 45.37332 103.74868 10.0
37.0 27.0 37.0 80.32248 11.07538 113.85279 10.0
37.0 28.0 28.0 84.29315 38.94975 143.14378 752.0
37.0 28.0 37.0 80.32248 11.07538 113.85279 752.0
37.0 29.0 29.0 122.72627 20.58565 121.16237 1170.0
37.0 29.0 37.0 80.32248 11.07538 113.85279 1170.0
37.0 33.0 33.0 97.2095 49.93976 149.2374 101.0
37.0 33.0 37.0 80.32248 11.07538 113.85279 101.0
37.0 36.0 36.0 51.1888 19.51647 119.72773 894.0
37.0 36.0 37.0 80.32248 11.07538 113.85279 894.0
37.0 37.0 37.0 80.32248 11.07538 113.85279 8078.0
37.0 37.0 37.0 80.32248 11.07538 113.85279 8078.0
37.0 38.0 38.0 88.75048 68.41078 152.6123 1.0
37.0 38.0 37.0 80.32248 11.07538 113.85279 1.0
37.0 40.0 40.0 83.27263 23.52214 42.40526 1.0
37.0 40.0 37.0 80.32248 11.07538 113.85279 1.0
37.0 44.0 44.0 70.26051 22.73217 131.35655 1512.0
37.0 44.0 37.0 80.32248 11.07538 113.85279 1512.0
38.0 0.0 0.0 55.12538 48.86779 141.97304 415.0
38.0 0.0 38.0 88.75048 68.41078 152.6123 415.0
38.0 4.0 4.0 72.12766 108.40494 139.67744 233.0
38.0 4.0 38.0 88.75048 68.41078 152.6123 233.0
38.0 16.0 16.0 37.11275 39.12321 124.73868 14.0
38.0 16.0 38.0 88.75048 68.41078 152.6123 14.0
38.0 22.0 22.0 25.11139 80.07346 119.48174 24.0
38.0 22.0 38.0 88.75048 68.41078 152.6123 24.0
38.0 24.0 24.0 107.90155 87.20531 149.14585 2029.0
38.0 24.0 38.0 88.75048 68.41078 152.6123 2029.0
38.0 26.0 26.0 132.1214 45.16602 139.12445 397.0
38.0 26.0 38.0 88.75048 68.41078 152.6123 397.0
38.0 28.0 28.0 84.29315 38.94975 143.14378 608.0
38.0 28.0 38.0 88.75048 68.41078 152.6123 608.0
38.0 29.0 29.0 122.72627 20.58565 121.16237 5.0
38.0 29.0 38.0 88.75048 68.41078 152.6123 5.0
38.0 33.0 33.0 97.2095 49.93976 149.2374 1539.0
38.0 33.0 38.0 88.75048 68.41078 152.6123 1539.0
38.0 34.0 34.0 127.84229 111.22808 129.58614 29.0
38.0 34.0 38.0 88.75048 68.41078 152.6123 29.0
38.0 36.0 36.0 51.1888 19.51647 119.72773 3.0
38.0 36.0 38.0 88.75048 68.41078 152.6123 3.0
38.0 37.0 37.0 80.32248 11.07538 113.85279 3.0
38.0 37.0 38.0 88.75048 68.41078 152.6123 3.0
38.0 38.0 38.0 88.75048 68.41078 152.6123 3194.0
38.0 38.0 38.0 88.75048 68.41078 152.6123 3194.0
38.0 41.0 41.0 59.88796 126.07614 122.50949 5.0
38.0 41.0 38.0 88.75048 68.41078 152.6123 5.0
38.0 42.0 42.0 56.66992 85.23024 144.97518 1132.0
38.0 42.0 38.0 88.75048 68.41078 152.6123 1132.0
38.0 44.0 44.0 70.26051 22.73217 131.35655 8.0
38.0 44.0 38.0 88.75048 68.41078 152.6123 8.0
38.0 47.0 47.0 164.18876 62.7442 126.12206 4.0
38.0 47.0 38.0 88.75048 68.41078 152.6123 4.0
39.0 1.0 1.0 66.26092 89.26227 7.48231 282.0
39.0 1.0 39.0 21.84629 50.12291 32.75706 282.0
39.0 2.0 2.0 27.40976 25.31768 87.72155 142.0
39.0 2.0 39.0 21.84629 50.12291 32.75706 142.0
39.0 5.0 5.0 36.16404 130.03354 82.26599 1.0
39.0 5.0 39.0 21.84629 50.12291 32.75706 1.0
39.0 6.0 6.0 5.48385 84.78901 74.43765 1345.0
39.0 6.0 39.0 21.84629 50.12291 32.75706 1345.0
39.0 11.0 11.0 48.55106 14.10631 56.51533 879.0
39.0 11.0 39.0 21.84629 50.12291 32.75706 879.0
39.0 13.0 13.0 21.78298 31.15197 56.45445 1766.0
39.0 13.0 39.0 21.84629 50.12291 32.75706 1766.0
39.0 19.0 19.0 66.41444 15.7763 45.41015 220.0
39.0 19.0 39.0 21.84629 50.12291 32.75706 220.0
39.0 20.0 20.0 85.07101 53.70294 22.32754 541.0
39.0 20.0 39.0 21.84629 50.12291 32.75706 541.0
39.0 21.0 21.0 28.28767 78.12877 19.29476 2180.0
39.0 21.0 39.0 21.84629 50.12291 32.75706 2180.0
39.0 22.0 22.0 25.11139 80.07346 119.48174 3.0
39.0 22.0 39.0 21.84629 50.12291 32.75706 3.0
39.0 27.0 27.0 18.72177 45.37332 103.74868 22.0
39.0 27.0 39.0 21.84629 50.12291 32.75706 22.0
39.0 39.0 39.0 21.84629 50.12291 32.75706 9787.0
39.0 39.0 39.0 21.84629 50.12291 32.75706 9787.0
39.0 40.0 40.0 83.27263 23.52214 42.40526 24.0
39.0 40.0 39.0 21.84629 50.12291 32.75706 24.0
39.0 45.0 45.0 35.05786 116.37151 28.62989 64.0
39.0 45.0 39.0 21.84629 50.12291 32.75706 64.0
40.0 1.0 1.0 66.26092 89.26227 7.48231 11.0
40.0 1.0 40.0 83.27263 23.52214 42.40526 11.0
40.0 3.0 3.0 83.22052 3.8353 88.04071 140.0
40.0 3.0 40.0 83.27263 23.52214 42.40526 140.0
40.0 7.0 7.0 121.69619 13.46877 56.89437 284.0
40.0 7.0 40.0 83.27263 23.52214 42.40526 284.0
40.0 8.0 8.0 108.26311 85.89814 38.73996 33.0
40.0 8.0 40.0 83.27263 23.52214 42.40526 33.0
40.0 10.0 10.0 97.09138 3.93239 61.08727 1199.0
40.0 10.0 40.0 83.27263 23.52214 42.40526 1199.0
40.0 11.0 11.0 48.55106 14.10631 56.51533 449.0
40.0 11.0 40.0 83.27263 23.52214 42.40526 449.0
40.0 13.0 13.0 21.78298 31.15197 56.45445 6.0
40.0 13.0 40.0 83.27263 23.52214 42.40526 6.0
40.0 15.0 15.0 145.14296 26.57942 64.66427 2.0
40.0 15.0 40.0 83.27263 23.52214 42.40526 2.0
40.0 17.0 17.0 122.79607 11.00689 94.60776 2.0
40.0 17.0 40.0 83.27263 23.52214 42.40526 2.0
40.0 19.0 19.0 66.41444 15.7763 45.41015 1441.0
40.0 19.0 40.0 83.27263 23.52214 42.40526 1441.0
40.0 20.0 20.0 85.07101 53.70294 22.32754 1707.0
40.0 20.0 40.0 83.27263 23.52214 42.40526 1707.0
40.0 21.0 21.0 28.28767 78.12877 19.29476 1.0
40.0 21.0 40.0 83.27263 23.52214 42.40526 1.0
40.0 31.0 31.0 121.63309 38.99752 36.07814 1087.0
40.0 31.0 40.0 83.27263 23.52214 42.40526 1087.0
40.0 37.0 37.0 80.32248 11.07538 113.85279 3.0
40.0 37.0 40.0 83.27263 23.52214 42.40526 3.0
40.0 39.0 39.0 21.84629 50.12291 32.75706 28.0
40.0 39.0 40.0 83.27263 23.52214 42.40526 28.0
40.0 40.0 40.0 83.27263 23.52214 42.40526 4515.0
40.0 40.0 40.0 83.27263 23.52214 42.40526 4515.0
41.0 0.0 0.0 55.12538 48.86779 141.97304 1.0
41.0 0.0 41.0 59.88796 126.07614 122.50949 1.0
41.0 4.0 4.0 72.12766 108.40494 139.67744 2793.0
41.0 4.0 41.0 59.88796 126.07614 122.50949 2793.0
41.0 5.0 5.0 36.16404 130.03354 82.26599 2200.0
41.0 5.0 41.0 59.88796 126.07614 122.50949 2200.0
41.0 6.0 6.0 5.48385 84.78901 74.43765 14.0
41.0 6.0 41.0 59.88796 126.07614 122.50949 14.0
41.0 9.0 9.0 78.64066 139.90333 102.70328 2114.0
41.0 9.0 41.0 59.88796 126.07614 122.50949 2114.0
41.0 13.0 13.0 21.78298 31.15197 56.45445 1.0
41.0 13.0 41.0 59.88796 126.07614 122.50949 1.0
41.0 22.0 22.0 25.11139 80.07346 119.48174 659.0
41.0 22.0 41.0 59.88796 126.07614 122.50949 659.0
41.0 24.0 24.0 107.90155 87.20531 149.14585 83.0
41.0 24.0 41.0 59.88796 126.07614 122.50949 83.0
41.0 28.0 28.0 84.29315 38.94975 143.14378 1.0
41.0 28.0 41.0 59.88796 126.07614 122.50949 1.0
41.0 30.0 30.0 88.4574 139.93752 62.79211 18.0
41.0 30.0 41.0 59.88796 126.07614 122.50949 18.0
41.0 34.0 34.0 127.84229 111.22808 129.58614 402.0
41.0 34.0 41.0 59.88796 126.07614 122.50949 402.0
41.0 35.0 35.0 147.8243 121.12779 95.64305 3.0
41.0 35.0 41.0 59.88796 126.07614 122.50949 3.0
41.0 38.0 38.0 88.75048 68.41078 152.6123 3.0
41.0 38.0 41.0 59.88796 126.07614 122.50949 3.0
41.0 41.0 41.0 59.88796 126.07614 122.50949 9172.0
41.0 41.0 41.0 59.88796 126.07614 122.50949 9172.0
41.0 42.0 42.0 56.66992 85.23024 144.97518 384.0
41.0 42.0 41.0 59.88796 126.07614 122.50949 384.0
41.0 43.0 43.0 101.72673 137.71636 99.17718 343.0
41.0 43.0 41.0 59.88796 126.07614 122.50949 343.0
42.0 0.0 0.0 55.12538 48.86779 141.97304 848.0
42.0 0.0 42.0 56.66992 85.23024 144.97518 848.0
42.0 4.0 4.0 72.12766 108.40494 139.67744 2201.0
42.0 4.0 42.0 56.66992 85.23024 144.97518 2201.0
42.0 5.0 5.0 36.16404 130.03354 82.26599 36.0
42.0 5.0 42.0 56.66992 85.23024 144.97518 36.0
42.0 6.0 6.0 5.48385 84.78901 74.43765 1.0
42.0 6.0 42.0 56.66992 85.23024 144.97518 1.0
42.0 16.0 16.0 37.11275 39.12321 124.73868 154.0
42.0 16.0 42.0 56.66992 85.23024 144.97518 154.0
42.0 22.0 22.0 25.11139 80.07346 119.48174 1576.0
42.0 22.0 42.0 56.66992 85.23024 144.97518 1576.0
42.0 24.0 24.0 107.90155 87.20531 149.14585 576.0
42.0 24.0 42.0 56.66992 85.23024 144.97518 576.0
42.0 27.0 27.0 18.72177 45.37332 103.74868 1.0
42.0 27.0 42.0 56.66992 85.23024 144.97518 1.0
42.0 28.0 28.0 84.29315 38.94975 143.14378 215.0
42.0 28.0 42.0 56.66992 85.23024 144.97518 215.0
42.0 33.0 33.0 97.2095 49.93976 149.2374 123.0
42.0 33.0 42.0 56.66992 85.23024 144.97518 123.0
42.0 34.0 34.0 127.84229 111.22808 129.58614 8.0
42.0 34.0 42.0 56.66992 85.23024 144.97518 8.0
42.0 36.0 36.0 51.1888 19.51647 119.72773 1.0
42.0 36.0 42.0 56.66992 85.23024 144.97518 1.0
42.0 38.0 38.0 88.75048 68.41078 152.6123 1128.0
42.0 38.0 42.0 56.66992 85.23024 144.97518 1128.0
42.0 41.0 41.0 59.88796 126.07614 122.50949 362.0
42.0 41.0 42.0 56.66992 85.23024 144.97518 362.0
42.0 42.0 42.0 56.66992 85.23024 144.97518 5797.0
42.0 42.0 42.0 56.66992 85.23024 144.97518 5797.0
42.0 44.0 44.0 70.26051 22.73217 131.35655 3.0
42.0 44.0 42.0 56.66992 85.23024 144.97518 3.0
43.0 4.0 4.0 72.12766 108.40494 139.67744 69.0
43.0 4.0 43.0 101.72673 137.71636 99.17718 69.0
43.0 5.0 5.0 36.16404 130.03354 82.26599 59.0
43.0 5.0 43.0 101.72673 137.71636 99.17718 59.0
43.0 9.0 9.0 78.64066 139.90333 102.70328 2050.0
43.0 9.0 43.0 101.72673 137.71636 99.17718 2050.0
43.0 24.0 24.0 107.90155 87.20531 149.14585 7.0
43.0 24.0 43.0 101.72673 137.71636 99.17718 7.0
43.0 30.0 30.0 88.4574 139.93752 62.79211 2148.0
43.0 30.0 43.0 101.72673 137.71636 99.17718 2148.0
43.0 34.0 34.0 127.84229 111.22808 129.58614 1419.0
43.0 34.0 43.0 101.72673 137.71636 99.17718 1419.0
43.0 35.0 35.0 147.8243 121.12779 95.64305 855.0
43.0 35.0 43.0 101.72673 137.71636 99.17718 855.0
43.0 41.0 41.0 59.88796 126.07614 122.50949 273.0
43.0 41.0 43.0 101.72673 137.71636 99.17718 273.0
43.0 43.0 43.0 101.72673 137.71636 99.17718 4824.0
43.0 43.0 43.0 101.72673 137.71636 99.17718 4824.0
43.0 46.0 46.0 114.64523 130.24378 52.81326 167.0
43.0 46.0 43.0 101.72673 137.71636 99.17718 167.0
44.0 0.0 0.0 55.12538 48.86779 141.97304 635.0
44.0 0.0 44.0 70.26051 22.73217 131.35655 635.0
44.0 2.0 2.0 27.40976 25.31768 87.72155 36.0
44.0 2.0 44.0 70.26051 22.73217 131.35655 36.0
44.0 3.0 3.0 83.22052 3.8353 88.04071 69.0
44.0 3.0 44.0 70.26051 22.73217 131.35655 69.0
44.0 6.0 6.0 5.48385 84.78901 74.43765 1.0
44.0 6.0 44.0 70.26051 22.73217 131.35655 1.0
44.0 11.0 11.0 48.55106 14.10631 56.51533 2.0
44.0 11.0 44.0 70.26051 22.73217 131.35655 2.0
44.0 16.0 16.0 37.11275 39.12321 124.73868 225.0
44.0 16.0 44.0 70.26051 22.73217 131.35655 225.0
44.0 17.0 17.0 122.79607 11.00689 94.60776 3.0
44.0 17.0 44.0 70.26051 22.73217 131.35655 3.0
44.0 22.0 22.0 25.11139 80.07346 119.48174 2.0
44.0 22.0 44.0 70.26051 22.73217 131.35655 2.0
44.0 26.0 26.0 132.1214 45.16602 139.12445 14.0
44.0 26.0 44.0 70.26051 22.73217 131.35655 14.0
44.0 27.0 27.0 18.72177 45.37332 103.74868 4.0
44.0 27.0 44.0 70.26051 22.73217 131.35655 4.0
44.0 28.0 28.0 84.29315 38.94975 143.14378 947.0
44.0 28.0 44.0 70.26051 22.73217 131.35655 947.0
44.0 29.0 29.0 122.72627 20.58565 121.16237 87.0
44.0 29.0 44.0 70.26051 22.73217 131.35655 87.0
44.0 33.0 33.0 97.2095 49.93976 149.2374 106.0
44.0 33.0 44.0 70.26051 22.73217 131.35655 106.0
44.0 36.0 36.0 51.1888 19.51647 119.72773 755.0
44.0 36.0 44.0 70.26051 22.73217 131.35655 755.0
44.0 37.0 37.0 80.32248 11.07538 113.85279 1521.0
44.0 37.0 44.0 70.26051 22.73217 131.35655 1521.0
44.0 38.0 38.0 88.75048 68.41078 152.6123 20.0
44.0 38.0 44.0 70.26051 22.73217 131.35655 20.0
44.0 42.0 42.0 56.66992 85.23024 144.97518 2.0
44.0 42.0 44.0 70.26051 22.73217 131.35655 2.0
44.0 44.0 44.0 70.26051 22.73217 131.35655 1808.0
44.0 44.0 44.0 70.26051 22.73217 131.35655 1808.0
45.0 1.0 1.0 66.26092 89.26227 7.48231 1913.0
45.0 1.0 45.0 35.05786 116.37151 28.62989 1913.0
45.0 5.0 5.0 36.16404 130.03354 82.26599 1977.0
45.0 5.0 45.0 35.05786 116.37151 28.62989 1977.0
45.0 6.0 6.0 5.48385 84.78901 74.43765 949.0
45.0 6.0 45.0 35.05786 116.37151 28.62989 949.0
45.0 8.0 8.0 108.26311 85.89814 38.73996 107.0
45.0 8.0 45.0 35.05786 116.37151 28.62989 107.0
45.0 9.0 9.0 78.64066 139.90333 102.70328 4.0
45.0 9.0 45.0 35.05786 116.37151 28.62989 4.0
45.0 14.0 14.0 128.38274 116.03124 40.32707 2.0
45.0 14.0 45.0 35.05786 116.37151 28.62989 2.0
45.0 20.0 20.0 85.07101 53.70294 22.32754 1.0
45.0 20.0 45.0 35.05786 116.37151 28.62989 1.0
45.0 21.0 21.0 28.28767 78.12877 19.29476 1809.0
45.0 21.0 45.0 35.05786 116.37151 28.62989 1809.0
45.0 30.0 30.0 88.4574 139.93752 62.79211 804.0
45.0 30.0 45.0 35.05786 116.37151 28.62989 804.0
45.0 39.0 39.0 21.84629 50.12291 32.75706 71.0
45.0 39.0 45.0 35.05786 116.37151 28.62989 71.0
45.0 45.0 45.0 35.05786 116.37151 28.62989 13238.0
45.0 45.0 45.0 35.05786 116.37151 28.62989 13238.0
45.0 46.0 46.0 114.64523 130.24378 52.81326 50.0
45.0 46.0 45.0 35.05786 116.37151 28.62989 50.0
46.0 1.0 1.0 66.26092 89.26227 7.48231 133.0
46.0 1.0 46.0 114.64523 130.24378 52.81326 133.0
46.0 5.0 5.0 36.16404 130.03354 82.26599 4.0
46.0 5.0 46.0 114.64523 130.24378 52.81326 4.0
46.0 8.0 8.0 108.26311 85.89814 38.73996 1093.0
46.0 8.0 46.0 114.64523 130.24378 52.81326 1093.0
46.0 9.0 9.0 78.64066 139.90333 102.70328 2.0
46.0 9.0 46.0 114.64523 130.24378 52.81326 2.0
46.0 12.0 12.0 179.8099 86.31284 84.70777 4.0
46.0 12.0 46.0 114.64523 130.24378 52.81326 4.0
46.0 14.0 14.0 128.38274 116.03124 40.32707 2836.0
46.0 14.0 46.0 114.64523 130.24378 52.81326 2836.0
46.0 20.0 20.0 85.07101 53.70294 22.32754 1.0
46.0 20.0 46.0 114.64523 130.24378 52.81326 1.0
46.0 30.0 30.0 88.4574 139.93752 62.79211 3418.0
46.0 30.0 46.0 114.64523 130.24378 52.81326 3418.0
46.0 32.0 32.0 156.99688 88.97718 57.9637 287.0
46.0 32.0 46.0 114.64523 130.24378 52.81326 287.0
46.0 34.0 34.0 127.84229 111.22808 129.58614 10.0
46.0 34.0 46.0 114.64523 130.24378 52.81326 10.0
46.0 35.0 35.0 147.8243 121.12779 95.64305 1139.0
46.0 35.0 46.0 114.64523 130.24378 52.81326 1139.0
46.0 43.0 43.0 101.72673 137.71636 99.17718 141.0
46.0 43.0 46.0 114.64523 130.24378 52.81326 141.0
46.0 45.0 45.0 35.05786 116.37151 28.62989 33.0
46.0 45.0 46.0 114.64523 130.24378 52.81326 33.0
46.0 46.0 46.0 114.64523 130.24378 52.81326 7070.0
46.0 46.0 46.0 114.64523 130.24378 52.81326 7070.0
47.0 12.0 12.0 179.8099 86.31284 84.70777 419.0
47.0 12.0 47.0 164.18876 62.7442 126.12206 419.0
47.0 15.0 15.0 145.14296 26.57942 64.66427 5.0
47.0 15.0 47.0 164.18876 62.7442 126.12206 5.0
47.0 17.0 17.0 122.79607 11.00689 94.60776 19.0
47.0 17.0 47.0 164.18876 62.7442 126.12206 19.0
47.0 18.0 18.0 159.18325 24.82622 93.94058 655.0
47.0 18.0 47.0 164.18876 62.7442 126.12206 655.0
47.0 23.0 23.0 173.4614 43.55265 76.92046 365.0
47.0 23.0 47.0 164.18876 62.7442 126.12206 365.0
47.0 24.0 24.0 107.90155 87.20531 149.14585 204.0
47.0 24.0 47.0 164.18876 62.7442 126.12206 204.0
47.0 25.0 25.0 182.84246 63.92693 100.262 1216.0
47.0 25.0 47.0 164.18876 62.7442 126.12206 1216.0
47.0 26.0 26.0 132.1214 45.16602 139.12445 1902.0
47.0 26.0 47.0 164.18876 62.7442 126.12206 1902.0
47.0 29.0 29.0 122.72627 20.58565 121.16237 260.0
47.0 29.0 47.0 164.18876 62.7442 126.12206 260.0
47.0 32.0 32.0 156.99688 88.97718 57.9637 2.0
47.0 32.0 47.0 164.18876 62.7442 126.12206 2.0
47.0 33.0 33.0 97.2095 49.93976 149.2374 5.0
47.0 33.0 47.0 164.18876 62.7442 126.12206 5.0
47.0 34.0 34.0 127.84229 111.22808 129.58614 1246.0
47.0 34.0 47.0 164.18876 62.7442 126.12206 1246.0
47.0 35.0 35.0 147.8243 121.12779 95.64305 372.0
47.0 35.0 47.0 164.18876 62.7442 126.12206 372.0
47.0 37.0 37.0 80.32248 11.07538 113.85279 1.0
47.0 37.0 47.0 164.18876 62.7442 126.12206 1.0
47.0 38.0 38.0 88.75048 68.41078 152.6123 7.0
47.0 38.0 47.0 164.18876 62.7442 126.12206 7.0
47.0 47.0 47.0 164.18876 62.7442 126.12206 9033.0
47.0 47.0 47.0 164.18876 62.7442 126.12206 9033.0
