TargetArea SourceArea Area AvgPosX AvgPosY AvgPosZ SumWeights
0.0 0.0 0.0 55.13537 48.89002 141.98354 3912.0
0.0 0.0 0.0 55.13537 48.89002 141.98354 3912.0
0.0 2.0 2.0 27.39646 25.33193 87.71698 13.0
0.0 2.0 0.0 55.13537 48.89002 141.98354 13.0
0.0 4.0 4.0 72.15312 108.39724 139.68803 12.0
0.0 4.0 0.0 55.13537 48.89002 141.98354 12.0
0.0 5.0 5.0 36.15045 130.02453 82.26208 1.0
0.0 5.0 0.0 55.13537 48.89002 141.98354 1.0
0.0 16.0 16.0 37.10601 39.13174 124.73625 1447.0
0.0 16.0 0.0 55.13537 48.89002 141.98354 1447.0
0.0 22.0 22.0 25.09419 80.07629 119.45663 542.0
0.0 22.0 0.0 55.13537 48.89002 141.98354 542.0
0.0 24.0 24.0 107.87207 87.21731 149.14787 14.0
0.0 24.0 0.0 55.13537 48.89002 141.98354 14.0
0.0 27.0 27.0 18.72269 45.35733 103.7409 25.0
0.0 27.0 0.0 55.13537 48.89002 141.98354 25.0
0.0 28.0 28.0 84.31835 38.95743 143.15153 1124.0
0.0 28.0 0.0 55.13537 48.89002 141.98354 1124.0
0.0 33.0 33.0 97.19917 49.95268 149.23783 272.0
0.0 33.0 0.0 55.13537 48.89002 141.98354 272.0
0.0 36.0 36.0 51.18115 19.51867 119.72927 463.0
0.0 36.0 0.0 55.13537 48.89002 141.98354 463.0
0.0 37.0 37.0 80.28329 11.06141 113.82206 78.0
0.0 37.0 0.0 55.13537 48.89002 141.98354 78.0
0.0 38.0 38.0 88.71242 68.41753 152.6139 418.0
0.0 38.0 0.0 55.13537 48.89002 141.98354 418.0
0.0 41.0 41.0 59.85648 126.05692 122.51112 3.0
0.0 41.0 0.0 55.13537 48.89002 141.98354 3.0
0.0 42.0 42.0 56.64864 85.24699 144.96167 916.0
0.0 42.0 0.0 55.13537 48.89002 141.98354 916.0
0.0 44.0 44.0 70.28042 22.73502 131.36507 582.0
0.0 44.0 0.0 55.13537 48.89002 141.98354 582.0
1.0 1.0 1.0 66.25204 89.24971 7.4792 11114.0
1.0 1.0 1.0 66.25204 89.24971 7.4792 11114.0
1.0 5.0 5.0 36.15045 130.02453 82.26208 21.0
1.0 5.0 1.0 66.25204 89.24971 7.4792 21.0
1.0 6.0 6.0 5.48488 84.83421 74.4378 1.0
1.0 6.0 1.0 66.25204 89.24971 7.4792 1.0
1.0 8.0 8.0 108.21844 85.93723 38.70109 1647.0
1.0 8.0 1.0 66.25204 89.24971 7.4792 1647.0
1.0 11.0 11.0 48.55098 14.09008 56.55331 19.0
1.0 11.0 1.0 66.25204 89.24971 7.4792 19.0
1.0 14.0 14.0 128.36077 116.04346 40.31933 53.0
1.0 14.0 1.0 66.25204 89.24971 7.4792 53.0
1.0 19.0 19.0 66.42657 15.78127 45.42109 23.0
1.0 19.0 1.0 66.25204 89.24971 7.4792 23.0
1.0 20.0 20.0 85.07406 53.70458 22.31897 2172.0
1.0 20.0 1.0 66.25204 89.24971 7.4792 2172.0
1.0 21.0 21.0 28.27561 78.11547 19.30561 1344.0
1.0 21.0 1.0 66.25204 89.24971 7.4792 1344.0
1.0 30.0 30.0 88.45974 139.93044 62.76827 347.0
1.0 30.0 1.0 66.25204 89.24971 7.4792 347.0
1.0 31.0 31.0 121.55033 38.9358 36.0418 1.0
1.0 31.0 1.0 66.25204 89.24971 7.4792 1.0
1.0 39.0 39.0 21.80457 50.14866 32.79431 274.0
1.0 39.0 1.0 66.25204 89.24971 7.4792 274.0
1.0 40.0 40.0 83.27638 23.49971 42.438 14.0
1.0 40.0 1.0 66.25204 89.24971 7.4792 14.0
1.0 45.0 45.0 35.05063 116.36762 28.62595 1817.0
1.0 45.0 1.0 66.25204 89.24971 7.4792 1817.0
1.0 46.0 46.0 114.55883 130.25484 52.75792 147.0
1.0 46.0 1.0 66.25204 89.24971 7.4792 147.0
2.0 0.0 0.0 55.13537 48.89002 141.98354 14.0
2.0 0.0 2.0 27.39646 25.33193 87.71698 14.0
2.0 2.0 2.0 27.39646 25.33193 87.71698 6608.0
2.0 2.0 2.0 27.39646 25.33193 87.71698 6608.0
2.0 3.0 3.0 83.25129 3.83721 88.04464 350.0
2.0 3.0 2.0 27.39646 25.33193 87.71698 350.0
2.0 6.0 6.0 5.48488 84.83421 74.4378 442.0
2.0 6.0 2.0 27.39646 25.33193 87.71698 442.0
2.0 10.0 10.0 97.07863 3.93189 61.07467 1.0
2.0 10.0 2.0 27.39646 25.33193 87.71698 1.0
2.0 11.0 11.0 48.55098 14.09008 56.55331 1353.0
2.0 11.0 2.0 27.39646 25.33193 87.71698 1353.0
2.0 13.0 13.0 21.77067 31.17233 56.45227 1396.0
2.0 13.0 2.0 27.39646 25.33193 87.71698 1396.0
2.0 16.0 16.0 37.10601 39.13174 124.73625 695.0
2.0 16.0 2.0 27.39646 25.33193 87.71698 695.0
2.0 19.0 19.0 66.42657 15.78127 45.42109 15.0
2.0 19.0 2.0 27.39646 25.33193 87.71698 15.0
2.0 20.0 20.0 85.07406 53.70458 22.31897 1.0
2.0 20.0 2.0 27.39646 25.33193 87.71698 1.0
2.0 22.0 22.0 25.09419 80.07629 119.45663 82.0
2.0 22.0 2.0 27.39646 25.33193 87.71698 82.0
2.0 27.0 27.0 18.72269 45.35733 103.7409 1627.0
2.0 27.0 2.0 27.39646 25.33193 87.71698 1627.0
2.0 28.0 28.0 84.31835 38.95743 143.15153 1.0
2.0 28.0 2.0 27.39646 25.33193 87.71698 1.0
2.0 36.0 36.0 51.18115 19.51867 119.72927 542.0
2.0 36.0 2.0 27.39646 25.33193 87.71698 542.0
2.0 37.0 37.0 80.28329 11.06141 113.82206 437.0
2.0 37.0 2.0 27.39646 25.33193 87.71698 437.0
2.0 39.0 39.0 21.80457 50.14866 32.79431 145.0
2.0 39.0 2.0 27.39646 25.33193 87.71698 145.0
2.0 44.0 44.0 70.28042 22.73502 131.36507 32.0
2.0 44.0 2.0 27.39646 25.33193 87.71698 32.0
3.0 2.0 2.0 27.39646 25.33193 87.71698 305.0
3.0 2.0 3.0 83.25129 3.83721 88.04464 305.0
3.0 3.0 3.0 83.25129 3.83721 88.04464 7149.0
3.0 3.0 3.0 83.25129 3.83721 88.04464 7149.0
3.0 7.0 7.0 121.66042 13.44426 56.91835 225.0
3.0 7.0 3.0 83.25129 3.83721 88.04464 225.0
3.0 10.0 10.0 97.07863 3.93189 61.07467 1602.0
3.0 10.0 3.0 83.25129 3.83721 88.04464 1602.0
3.0 11.0 11.0 48.55098 14.09008 56.55331 1084.0
3.0 11.0 3.0 83.25129 3.83721 88.04464 1084.0
3.0 13.0 13.0 21.77067 31.17233 56.45227 7.0
3.0 13.0 3.0 83.25129 3.83721 88.04464 7.0
3.0 15.0 15.0 145.07745 26.49768 64.7365 15.0
3.0 15.0 3.0 83.25129 3.83721 88.04464 15.0
3.0 16.0 16.0 37.10601 39.13174 124.73625 7.0
3.0 16.0 3.0 83.25129 3.83721 88.04464 7.0
3.0 17.0 17.0 122.83898 11.0174 94.61527 1213.0
3.0 17.0 3.0 83.25129 3.83721 88.04464 1213.0
3.0 19.0 19.0 66.42657 15.78127 45.42109 451.0
3.0 19.0 3.0 83.25129 3.83721 88.04464 451.0
3.0 26.0 26.0 132.08526 45.12132 139.11784 1.0
3.0 26.0 3.0 83.25129 3.83721 88.04464 1.0
3.0 27.0 27.0 18.72269 45.35733 103.7409 3.0
3.0 27.0 3.0 83.25129 3.83721 88.04464 3.0
3.0 28.0 28.0 84.31835 38.95743 143.15153 8.0
3.0 28.0 3.0 83.25129 3.83721 88.04464 8.0
3.0 29.0 29.0 122.74699 20.59307 121.15946 205.0
3.0 29.0 3.0 83.25129 3.83721 88.04464 205.0
3.0 31.0 31.0 121.55033 38.9358 36.0418 1.0
3.0 31.0 3.0 83.25129 3.83721 88.04464 1.0
3.0 36.0 36.0 51.18115 19.51867 119.72927 144.0
3.0 36.0 3.0 83.25129 3.83721 88.04464 144.0
3.0 37.0 37.0 80.28329 11.06141 113.82206 2566.0
3.0 37.0 3.0 83.25129 3.83721 88.04464 2566.0
3.0 40.0 40.0 83.27638 23.49971 42.438 138.0
3.0 40.0 3.0 83.25129 3.83721 88.04464 138.0
3.0 44.0 44.0 70.28042 22.73502 131.36507 56.0
3.0 44.0 3.0 83.25129 3.83721 88.04464 56.0
4.0 0.0 0.0 55.13537 48.89002 141.98354 15.0
4.0 0.0 4.0 72.15312 108.39724 139.68803 15.0
4.0 4.0 4.0 72.15312 108.39724 139.68803 6662.0
4.0 4.0 4.0 72.15312 108.39724 139.68803 6662.0
4.0 5.0 5.0 36.15045 130.02453 82.26208 99.0
4.0 5.0 4.0 72.15312 108.39724 139.68803 99.0
4.0 6.0 6.0 5.48488 84.83421 74.4378 2.0
4.0 6.0 4.0 72.15312 108.39724 139.68803 2.0
4.0 9.0 9.0 78.64119 139.90458 102.70461 274.0
4.0 9.0 4.0 72.15312 108.39724 139.68803 274.0
4.0 16.0 16.0 37.10601 39.13174 124.73625 3.0
4.0 16.0 4.0 72.15312 108.39724 139.68803 3.0
4.0 22.0 22.0 25.09419 80.07629 119.45663 466.0
4.0 22.0 4.0 72.15312 108.39724 139.68803 466.0
4.0 24.0 24.0 107.87207 87.21731 149.14787 1549.0
4.0 24.0 4.0 72.15312 108.39724 139.68803 1549.0
4.0 28.0 28.0 84.31835 38.95743 143.15153 4.0
4.0 28.0 4.0 72.15312 108.39724 139.68803 4.0
4.0 33.0 33.0 97.19917 49.95268 149.23783 8.0
4.0 33.0 4.0 72.15312 108.39724 139.68803 8.0
4.0 34.0 34.0 127.78249 111.24061 129.60014 896.0
4.0 34.0 4.0 72.15312 108.39724 139.68803 896.0
4.0 35.0 35.0 147.7761 121.14843 95.63674 1.0
4.0 35.0 4.0 72.15312 108.39724 139.68803 1.0
4.0 38.0 38.0 88.71242 68.41753 152.6139 226.0
4.0 38.0 4.0 72.15312 108.39724 139.68803 226.0
4.0 41.0 41.0 59.85648 126.05692 122.51112 2752.0
4.0 41.0 4.0 72.15312 108.39724 139.68803 2752.0
4.0 42.0 42.0 56.64864 85.24699 144.96167 2081.0
4.0 42.0 4.0 72.15312 108.39724 139.68803 2081.0
4.0 43.0 43.0 101.73829 137.71488 99.17797 76.0
4.0 43.0 4.0 72.15312 108.39724 139.68803 76.0
4.0 45.0 45.0 35.05063 116.36762 28.62595 1.0
4.0 45.0 4.0 72.15312 108.39724 139.68803 1.0
5.0 1.0 1.0 66.25204 89.24971 7.4792 15.0
5.0 1.0 5.0 36.15045 130.02453 82.26208 15.0
5.0 4.0 4.0 72.15312 108.39724 139.68803 96.0
5.0 4.0 5.0 36.15045 130.02453 82.26208 96.0
5.0 5.0 5.0 36.15045 130.02453 82.26208 21662.0
5.0 5.0 5.0 36.15045 130.02453 82.26208 21662.0
5.0 6.0 6.0 5.48488 84.83421 74.4378 1971.0
5.0 6.0 5.0 36.15045 130.02453 82.26208 1971.0
5.0 8.0 8.0 108.21844 85.93723 38.70109 9.0
5.0 8.0 5.0 36.15045 130.02453 82.26208 9.0
5.0 9.0 9.0 78.64119 139.90458 102.70461 1440.0
5.0 9.0 5.0 36.15045 130.02453 82.26208 1440.0
5.0 21.0 21.0 28.27561 78.11547 19.30561 16.0
5.0 21.0 5.0 36.15045 130.02453 82.26208 16.0
5.0 22.0 22.0 25.09419 80.07629 119.45663 1166.0
5.0 22.0 5.0 36.15045 130.02453 82.26208 1166.0
5.0 30.0 30.0 88.45974 139.93044 62.76827 1738.0
5.0 30.0 5.0 36.15045 130.02453 82.26208 1738.0
5.0 41.0 41.0 59.85648 126.05692 122.51112 2305.0
5.0 41.0 5.0 36.15045 130.02453 82.26208 2305.0
5.0 42.0 42.0 56.64864 85.24699 144.96167 31.0
5.0 42.0 5.0 36.15045 130.02453 82.26208 31.0
5.0 43.0 43.0 101.73829 137.71488 99.17797 73.0
5.0 43.0 5.0 36.15045 130.02453 82.26208 73.0
5.0 45.0 45.0 35.05063 116.36762 28.62595 1947.0
5.0 45.0 5.0 36.15045 130.02453 82.26208 1947.0
5.0 46.0 46.0 114.55883 130.25484 52.75792 12.0
5.0 46.0 5.0 36.15045 130.02453 82.26208 12.0
6.0 2.0 2.0 27.39646 25.33193 87.71698 521.0
6.0 2.0 6.0 5.48488 84.83421 74.4378 521.0
6.0 4.0 4.0 72.15312 108.39724 139.68803 4.0
6.0 4.0 6.0 5.48488 84.83421 74.4378 4.0
6.0 5.0 5.0 36.15045 130.02453 82.26208 2045.0
6.0 5.0 6.0 5.48488 84.83421 74.4378 2045.0
6.0 6.0 6.0 5.48488 84.83421 74.4378 15686.0
6.0 6.0 6.0 5.48488 84.83421 74.4378 15686.0
6.0 11.0 11.0 48.55098 14.09008 56.55331 2.0
6.0 11.0 6.0 5.48488 84.83421 74.4378 2.0
6.0 13.0 13.0 21.77067 31.17233 56.45227 421.0
6.0 13.0 6.0 5.48488 84.83421 74.4378 421.0
6.0 16.0 16.0 37.10601 39.13174 124.73625 10.0
6.0 16.0 6.0 5.48488 84.83421 74.4378 10.0
6.0 21.0 21.0 28.27561 78.11547 19.30561 665.0
6.0 21.0 6.0 5.48488 84.83421 74.4378 665.0
6.0 22.0 22.0 25.09419 80.07629 119.45663 2037.0
6.0 22.0 6.0 5.48488 84.83421 74.4378 2037.0
6.0 27.0 27.0 18.72269 45.35733 103.7409 844.0
6.0 27.0 6.0 5.48488 84.83421 74.4378 844.0
6.0 39.0 39.0 21.80457 50.14866 32.79431 1317.0
6.0 39.0 6.0 5.48488 84.83421 74.4378 1317.0
6.0 41.0 41.0 59.85648 126.05692 122.51112 21.0
6.0 41.0 6.0 5.48488 84.83421 74.4378 21.0
6.0 45.0 45.0 35.05063 116.36762 28.62595 952.0
6.0 45.0 6.0 5.48488 84.83421 74.4378 952.0
7.0 3.0 3.0 83.25129 3.83721 88.04464 208.0
7.0 3.0 7.0 121.66042 13.44426 56.91835 208.0
7.0 7.0 7.0 121.66042 13.44426 56.91835 4171.0
7.0 7.0 7.0 121.66042 13.44426 56.91835 4171.0
7.0 8.0 8.0 108.21844 85.93723 38.70109 8.0
7.0 8.0 7.0 121.66042 13.44426 56.91835 8.0
7.0 10.0 10.0 97.07863 3.93189 61.07467 1480.0
7.0 10.0 7.0 121.66042 13.44426 56.91835 1480.0
7.0 15.0 15.0 145.07745 26.49768 64.7365 1496.0
7.0 15.0 7.0 121.66042 13.44426 56.91835 1496.0
7.0 17.0 17.0 122.83898 11.0174 94.61527 803.0
7.0 17.0 7.0 121.66042 13.44426 56.91835 803.0
7.0 18.0 18.0 159.17632 24.82857 93.95909 38.0
7.0 18.0 7.0 121.66042 13.44426 56.91835 38.0
7.0 19.0 19.0 66.42657 15.78127 45.42109 12.0
7.0 19.0 7.0 121.66042 13.44426 56.91835 12.0
7.0 20.0 20.0 85.07406 53.70458 22.31897 26.0
7.0 20.0 7.0 121.66042 13.44426 56.91835 26.0
7.0 23.0 23.0 173.46894 43.52979 76.98358 15.0
7.0 23.0 7.0 121.66042 13.44426 56.91835 15.0
7.0 29.0 29.0 122.74699 20.59307 121.15946 12.0
7.0 29.0 7.0 121.66042 13.44426 56.91835 12.0
7.0 31.0 31.0 121.55033 38.9358 36.0418 1562.0
7.0 31.0 7.0 121.66042 13.44426 56.91835 1562.0
7.0 32.0 32.0 156.96031 89.06396 57.96218 3.0
7.0 32.0 7.0 121.66042 13.44426 56.91835 3.0
7.0 37.0 37.0 80.28329 11.06141 113.82206 5.0
7.0 37.0 7.0 121.66042 13.44426 56.91835 5.0
7.0 40.0 40.0 83.27638 23.49971 42.438 307.0
7.0 40.0 7.0 121.66042 13.44426 56.91835 307.0
8.0 1.0 1.0 66.25204 89.24971 7.4792 1474.0
8.0 1.0 8.0 108.21844 85.93723 38.70109 1474.0
8.0 3.0 3.0 83.25129 3.83721 88.04464 1.0
8.0 3.0 8.0 108.21844 85.93723 38.70109 1.0
8.0 4.0 4.0 72.15312 108.39724 139.68803 1.0
8.0 4.0 8.0 108.21844 85.93723 38.70109 1.0
8.0 5.0 5.0 36.15045 130.02453 82.26208 7.0
8.0 5.0 8.0 108.21844 85.93723 38.70109 7.0
8.0 7.0 7.0 121.66042 13.44426 56.91835 6.0
8.0 7.0 8.0 108.21844 85.93723 38.70109 6.0
8.0 8.0 8.0 108.21844 85.93723 38.70109 28500.0
8.0 8.0 8.0 108.21844 85.93723 38.70109 28500.0
8.0 12.0 12.0 179.80731 86.36202 84.81071 5.0
8.0 12.0 8.0 108.21844 85.93723 38.70109 5.0
8.0 14.0 14.0 128.36077 116.04346 40.31933 2624.0
8.0 14.0 8.0 108.21844 85.93723 38.70109 2624.0
8.0 15.0 15.0 145.07745 26.49768 64.7365 46.0
8.0 15.0 8.0 108.21844 85.93723 38.70109 46.0
8.0 19.0 19.0 66.42657 15.78127 45.42109 1.0
8.0 19.0 8.0 108.21844 85.93723 38.70109 1.0
8.0 20.0 20.0 85.07406 53.70458 22.31897 2938.0
8.0 20.0 8.0 108.21844 85.93723 38.70109 2938.0
8.0 23.0 23.0 173.46894 43.52979 76.98358 5.0
8.0 23.0 8.0 108.21844 85.93723 38.70109 5.0
8.0 30.0 30.0 88.45974 139.93044 62.76827 577.0
8.0 30.0 8.0 108.21844 85.93723 38.70109 577.0
8.0 31.0 31.0 121.55033 38.9358 36.0418 1748.0
8.0 31.0 8.0 108.21844 85.93723 38.70109 1748.0
8.0 32.0 32.0 156.96031 89.06396 57.96218 1466.0
8.0 32.0 8.0 108.21844 85.93723 38.70109 1466.0
8.0 35.0 35.0 147.7761 121.14843 95.63674 1.0
8.0 35.0 8.0 108.21844 85.93723 38.70109 1.0
8.0 40.0 40.0 83.27638 23.49971 42.438 19.0
8.0 40.0 8.0 108.21844 85.93723 38.70109 19.0
8.0 41.0 41.0 59.85648 126.05692 122.51112 1.0
8.0 41.0 8.0 108.21844 85.93723 38.70109 1.0
8.0 43.0 43.0 101.73829 137.71488 99.17797 1.0
8.0 43.0 8.0 108.21844 85.93723 38.70109 1.0
8.0 45.0 45.0 35.05063 116.36762 28.62595 77.0
8.0 45.0 8.0 108.21844 85.93723 38.70109 77.0
8.0 46.0 46.0 114.55883 130.25484 52.75792 1084.0
8.0 46.0 8.0 108.21844 85.93723 38.70109 1084.0
9.0 4.0 4.0 72.15312 108.39724 139.68803 290.0
9.0 4.0 9.0 78.64119 139.90458 102.70461 290.0
9.0 5.0 5.0 36.15045 130.02453 82.26208 1326.0
9.0 5.0 9.0 78.64119 139.90458 102.70461 1326.0
9.0 9.0 9.0 78.64119 139.90458 102.70461 4937.0
9.0 9.0 9.0 78.64119 139.90458 102.70461 4937.0
9.0 22.0 22.0 25.09419 80.07629 119.45663 1.0
9.0 22.0 9.0 78.64119 139.90458 102.70461 1.0
9.0 24.0 24.0 107.87207 87.21731 149.14787 26.0
9.0 24.0 9.0 78.64119 139.90458 102.70461 26.0
9.0 30.0 30.0 88.45974 139.93044 62.76827 1171.0
9.0 30.0 9.0 78.64119 139.90458 102.70461 1171.0
9.0 34.0 34.0 127.78249 111.24061 129.60014 600.0
9.0 34.0 9.0 78.64119 139.90458 102.70461 600.0
9.0 35.0 35.0 147.7761 121.14843 95.63674 18.0
9.0 35.0 9.0 78.64119 139.90458 102.70461 18.0
9.0 41.0 41.0 59.85648 126.05692 122.51112 2114.0
9.0 41.0 9.0 78.64119 139.90458 102.70461 2114.0
9.0 43.0 43.0 101.73829 137.71488 99.17797 2098.0
9.0 43.0 9.0 78.64119 139.90458 102.70461 2098.0
9.0 45.0 45.0 35.05063 116.36762 28.62595 2.0
9.0 45.0 9.0 78.64119 139.90458 102.70461 2.0
9.0 46.0 46.0 114.55883 130.25484 52.75792 3.0
9.0 46.0 9.0 78.64119 139.90458 102.70461 3.0
10.0 2.0 2.0 27.39646 25.33193 87.71698 2.0
10.0 2.0 10.0 97.07863 3.93189 61.07467 2.0
10.0 3.0 3.0 83.25129 3.83721 88.04464 1559.0
10.0 3.0 10.0 97.07863 3.93189 61.07467 1559.0
10.0 7.0 7.0 121.66042 13.44426 56.91835 1503.0
10.0 7.0 10.0 97.07863 3.93189 61.07467 1503.0
10.0 10.0 10.0 97.07863 3.93189 61.07467 4185.0
10.0 10.0 10.0 97.07863 3.93189 61.07467 4185.0
10.0 11.0 11.0 48.55098 14.09008 56.55331 189.0
10.0 11.0 10.0 97.07863 3.93189 61.07467 189.0
10.0 15.0 15.0 145.07745 26.49768 64.7365 67.0
10.0 15.0 10.0 97.07863 3.93189 61.07467 67.0
10.0 17.0 17.0 122.83898 11.0174 94.61527 451.0
10.0 17.0 10.0 97.07863 3.93189 61.07467 451.0
10.0 18.0 18.0 159.17632 24.82857 93.95909 3.0
10.0 18.0 10.0 97.07863 3.93189 61.07467 3.0
10.0 19.0 19.0 66.42657 15.78127 45.42109 574.0
10.0 19.0 10.0 97.07863 3.93189 61.07467 574.0
10.0 20.0 20.0 85.07406 53.70458 22.31897 43.0
10.0 20.0 10.0 97.07863 3.93189 61.07467 43.0
10.0 29.0 29.0 122.74699 20.59307 121.15946 7.0
10.0 29.0 10.0 97.07863 3.93189 61.07467 7.0
10.0 31.0 31.0 121.55033 38.9358 36.0418 391.0
10.0 31.0 10.0 97.07863 3.93189 61.07467 391.0
10.0 37.0 37.0 80.28329 11.06141 113.82206 53.0
10.0 37.0 10.0 97.07863 3.93189 61.07467 53.0
10.0 40.0 40.0 83.27638 23.49971 42.438 1224.0
10.0 40.0 10.0 97.07863 3.93189 61.07467 1224.0
11.0 1.0 1.0 66.25204 89.24971 7.4792 15.0
11.0 1.0 11.0 48.55098 14.09008 56.55331 15.0
11.0 2.0 2.0 27.39646 25.33193 87.71698 1344.0
11.0 2.0 11.0 48.55098 14.09008 56.55331 1344.0
11.0 3.0 3.0 83.25129 3.83721 88.04464 1105.0
11.0 3.0 11.0 48.55098 14.09008 56.55331 1105.0
11.0 8.0 8.0 108.21844 85.93723 38.70109 1.0
11.0 8.0 11.0 48.55098 14.09008 56.55331 1.0
11.0 10.0 10.0 97.07863 3.93189 61.07467 197.0
11.0 10.0 11.0 48.55098 14.09008 56.55331 197.0
11.0 11.0 11.0 48.55098 14.09008 56.55331 8186.0
11.0 11.0 11.0 48.55098 14.09008 56.55331 8186.0
11.0 13.0 13.0 21.77067 31.17233 56.45227 1487.0
11.0 13.0 11.0 48.55098 14.09008 56.55331 1487.0
11.0 16.0 16.0 37.10601 39.13174 124.73625 12.0
11.0 16.0 11.0 48.55098 14.09008 56.55331 12.0
11.0 19.0 19.0 66.42657 15.78127 45.42109 2098.0
11.0 19.0 11.0 48.55098 14.09008 56.55331 2098.0
11.0 20.0 20.0 85.07406 53.70458 22.31897 265.0
11.0 20.0 11.0 48.55098 14.09008 56.55331 265.0
11.0 21.0 21.0 28.27561 78.11547 19.30561 29.0
11.0 21.0 11.0 48.55098 14.09008 56.55331 29.0
11.0 27.0 27.0 18.72269 45.35733 103.7409 7.0
11.0 27.0 11.0 48.55098 14.09008 56.55331 7.0
11.0 31.0 31.0 121.55033 38.9358 36.0418 6.0
11.0 31.0 11.0 48.55098 14.09008 56.55331 6.0
11.0 36.0 36.0 51.18115 19.51867 119.72927 62.0
11.0 36.0 11.0 48.55098 14.09008 56.55331 62.0
11.0 37.0 37.0 80.28329 11.06141 113.82206 268.0
11.0 37.0 11.0 48.55098 14.09008 56.55331 268.0
11.0 39.0 39.0 21.80457 50.14866 32.79431 829.0
11.0 39.0 11.0 48.55098 14.09008 56.55331 829.0
11.0 40.0 40.0 83.27638 23.49971 42.438 563.0
11.0 40.0 11.0 48.55098 14.09008 56.55331 563.0
11.0 44.0 44.0 70.28042 22.73502 131.36507 2.0
11.0 44.0 11.0 48.55098 14.09008 56.55331 2.0
12.0 8.0 8.0 108.21844 85.93723 38.70109 1.0
12.0 8.0 12.0 179.80731 86.36202 84.81071 1.0
12.0 12.0 12.0 179.80731 86.36202 84.81071 5907.0
12.0 12.0 12.0 179.80731 86.36202 84.81071 5907.0
12.0 14.0 14.0 128.36077 116.04346 40.31933 1.0
12.0 14.0 12.0 179.80731 86.36202 84.81071 1.0
12.0 15.0 15.0 145.07745 26.49768 64.7365 35.0
12.0 15.0 12.0 179.80731 86.36202 84.81071 35.0
12.0 18.0 18.0 159.17632 24.82857 93.95909 16.0
12.0 18.0 12.0 179.80731 86.36202 84.81071 16.0
12.0 23.0 23.0 173.46894 43.52979 76.98358 580.0
12.0 23.0 12.0 179.80731 86.36202 84.81071 580.0
12.0 25.0 25.0 182.83797 64.00128 100.29299 1177.0
12.0 25.0 12.0 179.80731 86.36202 84.81071 1177.0
12.0 31.0 31.0 121.55033 38.9358 36.0418 10.0
12.0 31.0 12.0 179.80731 86.36202 84.81071 10.0
12.0 32.0 32.0 156.96031 89.06396 57.96218 1790.0
12.0 32.0 12.0 179.80731 86.36202 84.81071 1790.0
12.0 34.0 34.0 127.78249 111.24061 129.60014 100.0
12.0 34.0 12.0 179.80731 86.36202 84.81071 100.0
12.0 35.0 35.0 147.7761 121.14843 95.63674 1237.0
12.0 35.0 12.0 179.80731 86.36202 84.81071 1237.0
12.0 46.0 46.0 114.55883 130.25484 52.75792 4.0
12.0 46.0 12.0 179.80731 86.36202 84.81071 4.0
12.0 47.0 47.0 164.18772 62.76212 126.12824 426.0
12.0 47.0 12.0 179.80731 86.36202 84.81071 426.0
13.0 2.0 2.0 27.39646 25.33193 87.71698 1347.0
13.0 2.0 13.0 21.77067 31.17233 56.45227 1347.0
13.0 3.0 3.0 83.25129 3.83721 88.04464 3.0
13.0 3.0 13.0 21.77067 31.17233 56.45227 3.0
13.0 6.0 6.0 5.48488 84.83421 74.4378 410.0
13.0 6.0 13.0 21.77067 31.17233 56.45227 410.0
13.0 11.0 11.0 48.55098 14.09008 56.55331 1605.0
13.0 11.0 13.0 21.77067 31.17233 56.45227 1605.0
13.0 13.0 13.0 21.77067 31.17233 56.45227 3785.0
13.0 13.0 13.0 21.77067 31.17233 56.45227 3785.0
13.0 16.0 16.0 37.10601 39.13174 124.73625 1.0
13.0 16.0 13.0 21.77067 31.17233 56.45227 1.0
13.0 19.0 19.0 66.42657 15.78127 45.42109 75.0
13.0 19.0 13.0 21.77067 31.17233 56.45227 75.0
13.0 20.0 20.0 85.07406 53.70458 22.31897 9.0
13.0 20.0 13.0 21.77067 31.17233 56.45227 9.0
13.0 21.0 21.0 28.27561 78.11547 19.30561 15.0
13.0 21.0 13.0 21.77067 31.17233 56.45227 15.0
13.0 22.0 22.0 25.09419 80.07629 119.45663 3.0
13.0 22.0 13.0 21.77067 31.17233 56.45227 3.0
13.0 27.0 27.0 18.72269 45.35733 103.7409 110.0
13.0 27.0 13.0 21.77067 31.17233 56.45227 110.0
13.0 36.0 36.0 51.18115 19.51867 119.72927 2.0
13.0 36.0 13.0 21.77067 31.17233 56.45227 2.0
13.0 37.0 37.0 80.28329 11.06141 113.82206 3.0
13.0 37.0 13.0 21.77067 31.17233 56.45227 3.0
13.0 39.0 39.0 21.80457 50.14866 32.79431 1750.0
13.0 39.0 13.0 21.77067 31.17233 56.45227 1750.0
13.0 40.0 40.0 83.27638 23.49971 42.438 7.0
13.0 40.0 13.0 21.77067 31.17233 56.45227 7.0
14.0 1.0 1.0 66.25204 89.24971 7.4792 51.0
14.0 1.0 14.0 128.36077 116.04346 40.31933 51.0
14.0 8.0 8.0 108.21844 85.93723 38.70109 2757.0
14.0 8.0 14.0 128.36077 116.04346 40.31933 2757.0
14.0 12.0 12.0 179.80731 86.36202 84.81071 8.0
14.0 12.0 14.0 128.36077 116.04346 40.31933 8.0
14.0 14.0 14.0 128.36077 116.04346 40.31933 7197.0
14.0 14.0 14.0 128.36077 116.04346 40.31933 7197.0
14.0 20.0 20.0 85.07406 53.70458 22.31897 10.0
14.0 20.0 14.0 128.36077 116.04346 40.31933 10.0
14.0 30.0 30.0 88.45974 139.93044 62.76827 209.0
14.0 30.0 14.0 128.36077 116.04346 40.31933 209.0
14.0 31.0 31.0 121.55033 38.9358 36.0418 5.0
14.0 31.0 14.0 128.36077 116.04346 40.31933 5.0
14.0 32.0 32.0 156.96031 89.06396 57.96218 1412.0
14.0 32.0 14.0 128.36077 116.04346 40.31933 1412.0
14.0 35.0 35.0 147.7761 121.14843 95.63674 325.0
14.0 35.0 14.0 128.36077 116.04346 40.31933 325.0
14.0 43.0 43.0 101.73829 137.71488 99.17797 2.0
14.0 43.0 14.0 128.36077 116.04346 40.31933 2.0
14.0 46.0 46.0 114.55883 130.25484 52.75792 2893.0
14.0 46.0 14.0 128.36077 116.04346 40.31933 2893.0
15.0 3.0 3.0 83.25129 3.83721 88.04464 24.0
15.0 3.0 15.0 145.07745 26.49768 64.7365 24.0
15.0 7.0 7.0 121.66042 13.44426 56.91835 1504.0
15.0 7.0 15.0 145.07745 26.49768 64.7365 1504.0
15.0 8.0 8.0 108.21844 85.93723 38.70109 69.0
15.0 8.0 15.0 145.07745 26.49768 64.7365 69.0
15.0 10.0 10.0 97.07863 3.93189 61.07467 73.0
15.0 10.0 15.0 145.07745 26.49768 64.7365 73.0
15.0 12.0 12.0 179.80731 86.36202 84.81071 33.0
15.0 12.0 15.0 145.07745 26.49768 64.7365 33.0
15.0 15.0 15.0 145.07745 26.49768 64.7365 5186.0
15.0 15.0 15.0 145.07745 26.49768 64.7365 5186.0
15.0 17.0 17.0 122.83898 11.0174 94.61527 923.0
15.0 17.0 15.0 145.07745 26.49768 64.7365 923.0
15.0 18.0 18.0 159.17632 24.82857 93.95909 1018.0
15.0 18.0 15.0 145.07745 26.49768 64.7365 1018.0
15.0 23.0 23.0 173.46894 43.52979 76.98358 740.0
15.0 23.0 15.0 145.07745 26.49768 64.7365 740.0
15.0 25.0 25.0 182.83797 64.00128 100.29299 7.0
15.0 25.0 15.0 145.07745 26.49768 64.7365 7.0
15.0 26.0 26.0 132.08526 45.12132 139.11784 7.0
15.0 26.0 15.0 145.07745 26.49768 64.7365 7.0
15.0 29.0 29.0 122.74699 20.59307 121.15946 50.0
15.0 29.0 15.0 145.07745 26.49768 64.7365 50.0
15.0 31.0 31.0 121.55033 38.9358 36.0418 1364.0
15.0 31.0 15.0 145.07745 26.49768 64.7365 1364.0
15.0 32.0 32.0 156.96031 89.06396 57.96218 358.0
15.0 32.0 15.0 145.07745 26.49768 64.7365 358.0
15.0 37.0 37.0 80.28329 11.06141 113.82206 1.0
15.0 37.0 15.0 145.07745 26.49768 64.7365 1.0
15.0 40.0 40.0 83.27638 23.49971 42.438 3.0
15.0 40.0 15.0 145.07745 26.49768 64.7365 3.0
15.0 47.0 47.0 164.18772 62.76212 126.12824 9.0
15.0 47.0 15.0 145.07745 26.49768 64.7365 9.0
16.0 0.0 0.0 55.13537 48.89002 141.98354 1380.0
16.0 0.0 16.0 37.10601 39.13174 124.73625 1380.0
16.0 2.0 2.0 27.39646 25.33193 87.71698 731.0
16.0 2.0 16.0 37.10601 39.13174 124.73625 731.0
16.0 3.0 3.0 83.25129 3.83721 88.04464 14.0
16.0 3.0 16.0 37.10601 39.13174 124.73625 14.0
16.0 4.0 4.0 72.15312 108.39724 139.68803 1.0
16.0 4.0 16.0 37.10601 39.13174 124.73625 1.0
16.0 6.0 6.0 5.48488 84.83421 74.4378 7.0
16.0 6.0 16.0 37.10601 39.13174 124.73625 7.0
16.0 11.0 11.0 48.55098 14.09008 56.55331 13.0
16.0 11.0 16.0 37.10601 39.13174 124.73625 13.0
16.0 16.0 16.0 37.10601 39.13174 124.73625 4185.0
16.0 16.0 16.0 37.10601 39.13174 124.73625 4185.0
16.0 22.0 22.0 25.09419 80.07629 119.45663 1233.0
16.0 22.0 16.0 37.10601 39.13174 124.73625 1233.0
16.0 23.0 23.0 173.46894 43.52979 76.98358 1.0
16.0 23.0 16.0 37.10601 39.13174 124.73625 1.0
16.0 26.0 26.0 132.08526 45.12132 139.11784 1.0
16.0 26.0 16.0 37.10601 39.13174 124.73625 1.0
16.0 27.0 27.0 18.72269 45.35733 103.7409 1141.0
16.0 27.0 16.0 37.10601 39.13174 124.73625 1141.0
16.0 28.0 28.0 84.31835 38.95743 143.15153 57.0
16.0 28.0 16.0 37.10601 39.13174 124.73625 57.0
16.0 33.0 33.0 97.19917 49.95268 149.23783 7.0
16.0 33.0 16.0 37.10601 39.13174 124.73625 7.0
16.0 36.0 36.0 51.18115 19.51867 119.72927 1079.0
16.0 36.0 16.0 37.10601 39.13174 124.73625 1079.0
16.0 37.0 37.0 80.28329 11.06141 113.82206 161.0
16.0 37.0 16.0 37.10601 39.13174 124.73625 161.0
16.0 38.0 38.0 88.71242 68.41753 152.6139 19.0
16.0 38.0 16.0 37.10601 39.13174 124.73625 19.0
16.0 42.0 42.0 56.64864 85.24699 144.96167 178.0
16.0 42.0 16.0 37.10601 39.13174 124.73625 178.0
16.0 44.0 44.0 70.28042 22.73502 131.36507 266.0
16.0 44.0 16.0 37.10601 39.13174 124.73625 266.0
17.0 3.0 3.0 83.25129 3.83721 88.04464 1193.0
17.0 3.0 17.0 122.83898 11.0174 94.61527 1193.0
17.0 7.0 7.0 121.66042 13.44426 56.91835 841.0
17.0 7.0 17.0 122.83898 11.0174 94.61527 841.0
17.0 10.0 10.0 97.07863 3.93189 61.07467 482.0
17.0 10.0 17.0 122.83898 11.0174 94.61527 482.0
17.0 15.0 15.0 145.07745 26.49768 64.7365 909.0
17.0 15.0 17.0 122.83898 11.0174 94.61527 909.0
17.0 17.0 17.0 122.83898 11.0174 94.61527 5146.0
17.0 17.0 17.0 122.83898 11.0174 94.61527 5146.0
17.0 18.0 18.0 159.17632 24.82857 93.95909 601.0
17.0 18.0 17.0 122.83898 11.0174 94.61527 601.0
17.0 19.0 19.0 66.42657 15.78127 45.42109 1.0
17.0 19.0 17.0 122.83898 11.0174 94.61527 1.0
17.0 23.0 23.0 173.46894 43.52979 76.98358 9.0
17.0 23.0 17.0 122.83898 11.0174 94.61527 9.0
17.0 26.0 26.0 132.08526 45.12132 139.11784 76.0
17.0 26.0 17.0 122.83898 11.0174 94.61527 76.0
17.0 28.0 28.0 84.31835 38.95743 143.15153 9.0
17.0 28.0 17.0 122.83898 11.0174 94.61527 9.0
17.0 29.0 29.0 122.74699 20.59307 121.15946 1547.0
17.0 29.0 17.0 122.83898 11.0174 94.61527 1547.0
17.0 31.0 31.0 121.55033 38.9358 36.0418 6.0
17.0 31.0 17.0 122.83898 11.0174 94.61527 6.0
17.0 33.0 33.0 97.19917 49.95268 149.23783 2.0
17.0 33.0 17.0 122.83898 11.0174 94.61527 2.0
17.0 37.0 37.0 80.28329 11.06141 113.82206 495.0
17.0 37.0 17.0 122.83898 11.0174 94.61527 495.0
17.0 40.0 40.0 83.27638 23.49971 42.438 2.0
17.0 40.0 17.0 122.83898 11.0174 94.61527 2.0
17.0 44.0 44.0 70.28042 22.73502 131.36507 3.0
17.0 44.0 17.0 122.83898 11.0174 94.61527 3.0
17.0 47.0 47.0 164.18772 62.76212 126.12824 14.0
17.0 47.0 17.0 122.83898 11.0174 94.61527 14.0
18.0 3.0 3.0 83.25129 3.83721 88.04464 2.0
18.0 3.0 18.0 159.17632 24.82857 93.95909 2.0
18.0 7.0 7.0 121.66042 13.44426 56.91835 36.0
18.0 7.0 18.0 159.17632 24.82857 93.95909 36.0
18.0 12.0 12.0 179.80731 86.36202 84.81071 9.0
18.0 12.0 18.0 159.17632 24.82857 93.95909 9.0
18.0 15.0 15.0 145.07745 26.49768 64.7365 1136.0
18.0 15.0 18.0 159.17632 24.82857 93.95909 1136.0
18.0 17.0 17.0 122.83898 11.0174 94.61527 626.0
18.0 17.0 18.0 159.17632 24.82857 93.95909 626.0
18.0 18.0 18.0 159.17632 24.82857 93.95909 3291.0
18.0 18.0 18.0 159.17632 24.82857 93.95909 3291.0
18.0 23.0 23.0 173.46894 43.52979 76.98358 983.0
18.0 23.0 18.0 159.17632 24.82857 93.95909 983.0
18.0 25.0 25.0 182.83797 64.00128 100.29299 101.0
18.0 25.0 18.0 159.17632 24.82857 93.95909 101.0
18.0 26.0 26.0 132.08526 45.12132 139.11784 233.0
18.0 26.0 18.0 159.17632 24.82857 93.95909 233.0
18.0 29.0 29.0 122.74699 20.59307 121.15946 586.0
18.0 29.0 18.0 159.17632 24.82857 93.95909 586.0
18.0 31.0 31.0 121.55033 38.9358 36.0418 9.0
18.0 31.0 18.0 159.17632 24.82857 93.95909 9.0
18.0 32.0 32.0 156.96031 89.06396 57.96218 12.0
18.0 32.0 18.0 159.17632 24.82857 93.95909 12.0
18.0 37.0 37.0 80.28329 11.06141 113.82206 2.0
18.0 37.0 18.0 159.17632 24.82857 93.95909 2.0
18.0 47.0 47.0 164.18772 62.76212 126.12824 627.0
18.0 47.0 18.0 159.17632 24.82857 93.95909 627.0
19.0 1.0 1.0 66.25204 89.24971 7.4792 23.0
19.0 1.0 19.0 66.42657 15.78127 45.42109 23.0
19.0 2.0 2.0 27.39646 25.33193 87.71698 13.0
19.0 2.0 19.0 66.42657 15.78127 45.42109 13.0
19.0 3.0 3.0 83.25129 3.83721 88.04464 443.0
19.0 3.0 19.0 66.42657 15.78127 45.42109 443.0
19.0 7.0 7.0 121.66042 13.44426 56.91835 7.0
19.0 7.0 19.0 66.42657 15.78127 45.42109 7.0
19.0 8.0 8.0 108.21844 85.93723 38.70109 1.0
19.0 8.0 19.0 66.42657 15.78127 45.42109 1.0
19.0 10.0 10.0 97.07863 3.93189 61.07467 566.0
19.0 10.0 19.0 66.42657 15.78127 45.42109 566.0
19.0 11.0 11.0 48.55098 14.09008 56.55331 1862.0
19.0 11.0 19.0 66.42657 15.78127 45.42109 1862.0
19.0 13.0 13.0 21.77067 31.17233 56.45227 59.0
19.0 13.0 19.0 66.42657 15.78127 45.42109 59.0
19.0 17.0 17.0 122.83898 11.0174 94.61527 1.0
19.0 17.0 19.0 66.42657 15.78127 45.42109 1.0
19.0 19.0 19.0 66.42657 15.78127 45.42109 2121.0
19.0 19.0 19.0 66.42657 15.78127 45.42109 2121.0
19.0 20.0 20.0 85.07406 53.70458 22.31897 589.0
19.0 20.0 19.0 66.42657 15.78127 45.42109 589.0
19.0 21.0 21.0 28.27561 78.11547 19.30561 16.0
19.0 21.0 19.0 66.42657 15.78127 45.42109 16.0
19.0 31.0 31.0 121.55033 38.9358 36.0418 34.0
19.0 31.0 19.0 66.42657 15.78127 45.42109 34.0
19.0 37.0 37.0 80.28329 11.06141 113.82206 18.0
19.0 37.0 19.0 66.42657 15.78127 45.42109 18.0
19.0 39.0 39.0 21.80457 50.14866 32.79431 211.0
19.0 39.0 19.0 66.42657 15.78127 45.42109 211.0
19.0 40.0 40.0 83.27638 23.49971 42.438 1632.0
19.0 40.0 19.0 66.42657 15.78127 45.42109 1632.0
20.0 1.0 1.0 66.25204 89.24971 7.4792 2037.0
20.0 1.0 20.0 85.07406 53.70458 22.31897 2037.0
20.0 7.0 7.0 121.66042 13.44426 56.91835 16.0
20.0 7.0 20.0 85.07406 53.70458 22.31897 16.0
20.0 8.0 8.0 108.21844 85.93723 38.70109 3117.0
20.0 8.0 20.0 85.07406 53.70458 22.31897 3117.0
20.0 10.0 10.0 97.07863 3.93189 61.07467 25.0
20.0 10.0 20.0 85.07406 53.70458 22.31897 25.0
20.0 11.0 11.0 48.55098 14.09008 56.55331 245.0
20.0 11.0 20.0 85.07406 53.70458 22.31897 245.0
20.0 12.0 12.0 179.80731 86.36202 84.81071 1.0
20.0 12.0 20.0 85.07406 53.70458 22.31897 1.0
20.0 13.0 13.0 21.77067 31.17233 56.45227 7.0
20.0 13.0 20.0 85.07406 53.70458 22.31897 7.0
20.0 14.0 14.0 128.36077 116.04346 40.31933 5.0
20.0 14.0 20.0 85.07406 53.70458 22.31897 5.0
20.0 15.0 15.0 145.07745 26.49768 64.7365 1.0
20.0 15.0 20.0 85.07406 53.70458 22.31897 1.0
20.0 19.0 19.0 66.42657 15.78127 45.42109 526.0
20.0 19.0 20.0 85.07406 53.70458 22.31897 526.0
20.0 20.0 20.0 85.07406 53.70458 22.31897 12388.0
20.0 20.0 20.0 85.07406 53.70458 22.31897 12388.0
20.0 21.0 21.0 28.27561 78.11547 19.30561 234.0
20.0 21.0 20.0 85.07406 53.70458 22.31897 234.0
20.0 31.0 31.0 121.55033 38.9358 36.0418 2015.0
20.0 31.0 20.0 85.07406 53.70458 22.31897 2015.0
20.0 32.0 32.0 156.96031 89.06396 57.96218 5.0
20.0 32.0 20.0 85.07406 53.70458 22.31897 5.0
20.0 39.0 39.0 21.80457 50.14866 32.79431 479.0
20.0 39.0 20.0 85.07406 53.70458 22.31897 479.0
20.0 40.0 40.0 83.27638 23.49971 42.438 1645.0
20.0 40.0 20.0 85.07406 53.70458 22.31897 1645.0
20.0 45.0 45.0 35.05063 116.36762 28.62595 1.0
20.0 45.0 20.0 85.07406 53.70458 22.31897 1.0
21.0 1.0 1.0 66.25204 89.24971 7.4792 1458.0
21.0 1.0 21.0 28.27561 78.11547 19.30561 1458.0
21.0 5.0 5.0 36.15045 130.02453 82.26208 10.0
21.0 5.0 21.0 28.27561 78.11547 19.30561 10.0
21.0 6.0 6.0 5.48488 84.83421 74.4378 617.0
21.0 6.0 21.0 28.27561 78.11547 19.30561 617.0
21.0 11.0 11.0 48.55098 14.09008 56.55331 35.0
21.0 11.0 21.0 28.27561 78.11547 19.30561 35.0
21.0 12.0 12.0 179.80731 86.36202 84.81071 1.0
21.0 12.0 21.0 28.27561 78.11547 19.30561 1.0
21.0 13.0 13.0 21.77067 31.17233 56.45227 8.0
21.0 13.0 21.0 28.27561 78.11547 19.30561 8.0
21.0 19.0 19.0 66.42657 15.78127 45.42109 15.0
21.0 19.0 21.0 28.27561 78.11547 19.30561 15.0
21.0 20.0 20.0 85.07406 53.70458 22.31897 266.0
21.0 20.0 21.0 28.27561 78.11547 19.30561 266.0
21.0 21.0 21.0 28.27561 78.11547 19.30561 6264.0
21.0 21.0 21.0 28.27561 78.11547 19.30561 6264.0
21.0 30.0 30.0 88.45974 139.93044 62.76827 1.0
21.0 30.0 21.0 28.27561 78.11547 19.30561 1.0
21.0 39.0 39.0 21.80457 50.14866 32.79431 2237.0
21.0 39.0 21.0 28.27561 78.11547 19.30561 2237.0
21.0 40.0 40.0 83.27638 23.49971 42.438 4.0
21.0 40.0 21.0 28.27561 78.11547 19.30561 4.0
21.0 45.0 45.0 35.05063 116.36762 28.62595 1915.0
21.0 45.0 21.0 28.27561 78.11547 19.30561 1915.0
22.0 0.0 0.0 55.13537 48.89002 141.98354 639.0
22.0 0.0 22.0 25.09419 80.07629 119.45663 639.0
22.0 2.0 2.0 27.39646 25.33193 87.71698 78.0
22.0 2.0 22.0 25.09419 80.07629 119.45663 78.0
22.0 4.0 4.0 72.15312 108.39724 139.68803 450.0
22.0 4.0 22.0 25.09419 80.07629 119.45663 450.0
22.0 5.0 5.0 36.15045 130.02453 82.26208 1178.0
22.0 5.0 22.0 25.09419 80.07629 119.45663 1178.0
22.0 6.0 6.0 5.48488 84.83421 74.4378 1818.0
22.0 6.0 22.0 25.09419 80.07629 119.45663 1818.0
22.0 8.0 8.0 108.21844 85.93723 38.70109 1.0
22.0 8.0 22.0 25.09419 80.07629 119.45663 1.0
22.0 13.0 13.0 21.77067 31.17233 56.45227 2.0
22.0 13.0 22.0 25.09419 80.07629 119.45663 2.0
22.0 16.0 16.0 37.10601 39.13174 124.73625 1232.0
22.0 16.0 22.0 25.09419 80.07629 119.45663 1232.0
22.0 22.0 22.0 25.09419 80.07629 119.45663 13805.0
22.0 22.0 22.0 25.09419 80.07629 119.45663 13805.0
22.0 27.0 27.0 18.72269 45.35733 103.7409 1323.0
22.0 27.0 22.0 25.09419 80.07629 119.45663 1323.0
22.0 28.0 28.0 84.31835 38.95743 143.15153 19.0
22.0 28.0 22.0 25.09419 80.07629 119.45663 19.0
22.0 33.0 33.0 97.19917 49.95268 149.23783 2.0
22.0 33.0 22.0 25.09419 80.07629 119.45663 2.0
22.0 36.0 36.0 51.18115 19.51867 119.72927 13.0
22.0 36.0 22.0 25.09419 80.07629 119.45663 13.0
22.0 37.0 37.0 80.28329 11.06141 113.82206 1.0
22.0 37.0 22.0 25.09419 80.07629 119.45663 1.0
22.0 38.0 38.0 88.71242 68.41753 152.6139 23.0
22.0 38.0 22.0 25.09419 80.07629 119.45663 23.0
22.0 41.0 41.0 59.85648 126.05692 122.51112 737.0
22.0 41.0 22.0 25.09419 80.07629 119.45663 737.0
22.0 42.0 42.0 56.64864 85.24699 144.96167 1681.0
22.0 42.0 22.0 25.09419 80.07629 119.45663 1681.0
22.0 43.0 43.0 101.73829 137.71488 99.17797 1.0
22.0 43.0 22.0 25.09419 80.07629 119.45663 1.0
22.0 44.0 44.0 70.28042 22.73502 131.36507 2.0
22.0 44.0 22.0 25.09419 80.07629 119.45663 2.0
23.0 7.0 7.0 121.66042 13.44426 56.91835 14.0
23.0 7.0 23.0 173.46894 43.52979 76.98358 14.0
23.0 8.0 8.0 108.21844 85.93723 38.70109 5.0
23.0 8.0 23.0 173.46894 43.52979 76.98358 5.0
23.0 12.0 12.0 179.80731 86.36202 84.81071 593.0
23.0 12.0 23.0 173.46894 43.52979 76.98358 593.0
23.0 15.0 15.0 145.07745 26.49768 64.7365 797.0
23.0 15.0 23.0 173.46894 43.52979 76.98358 797.0
23.0 17.0 17.0 122.83898 11.0174 94.61527 7.0
23.0 17.0 23.0 173.46894 43.52979 76.98358 7.0
23.0 18.0 18.0 159.17632 24.82857 93.95909 1050.0
23.0 18.0 23.0 173.46894 43.52979 76.98358 1050.0
23.0 23.0 23.0 173.46894 43.52979 76.98358 3337.0
23.0 23.0 23.0 173.46894 43.52979 76.98358 3337.0
23.0 25.0 25.0 182.83797 64.00128 100.29299 769.0
23.0 25.0 23.0 173.46894 43.52979 76.98358 769.0
23.0 26.0 26.0 132.08526 45.12132 139.11784 13.0
23.0 26.0 23.0 173.46894 43.52979 76.98358 13.0
23.0 29.0 29.0 122.74699 20.59307 121.15946 10.0
23.0 29.0 23.0 173.46894 43.52979 76.98358 10.0
23.0 31.0 31.0 121.55033 38.9358 36.0418 115.0
23.0 31.0 23.0 173.46894 43.52979 76.98358 115.0
23.0 32.0 32.0 156.96031 89.06396 57.96218 521.0
23.0 32.0 23.0 173.46894 43.52979 76.98358 521.0
23.0 37.0 37.0 80.28329 11.06141 113.82206 1.0
23.0 37.0 23.0 173.46894 43.52979 76.98358 1.0
23.0 47.0 47.0 164.18772 62.76212 126.12824 341.0
23.0 47.0 23.0 173.46894 43.52979 76.98358 341.0
24.0 0.0 0.0 55.13537 48.89002 141.98354 10.0
24.0 0.0 24.0 107.87207 87.21731 149.14787 10.0
24.0 4.0 4.0 72.15312 108.39724 139.68803 1546.0
24.0 4.0 24.0 107.87207 87.21731 149.14787 1546.0
24.0 9.0 9.0 78.64119 139.90458 102.70461 22.0
24.0 9.0 24.0 107.87207 87.21731 149.14787 22.0
24.0 24.0 24.0 107.87207 87.21731 149.14787 9009.0
24.0 24.0 24.0 107.87207 87.21731 149.14787 9009.0
24.0 26.0 26.0 132.08526 45.12132 139.11784 932.0
24.0 26.0 24.0 107.87207 87.21731 149.14787 932.0
24.0 28.0 28.0 84.31835 38.95743 143.15153 39.0
24.0 28.0 24.0 107.87207 87.21731 149.14787 39.0
24.0 30.0 30.0 88.45974 139.93044 62.76827 1.0
24.0 30.0 24.0 107.87207 87.21731 149.14787 1.0
24.0 33.0 33.0 97.19917 49.95268 149.23783 455.0
24.0 33.0 24.0 107.87207 87.21731 149.14787 455.0
24.0 34.0 34.0 127.78249 111.24061 129.60014 2670.0
24.0 34.0 24.0 107.87207 87.21731 149.14787 2670.0
24.0 35.0 35.0 147.7761 121.14843 95.63674 4.0
24.0 35.0 24.0 107.87207 87.21731 149.14787 4.0
24.0 38.0 38.0 88.71242 68.41753 152.6139 1934.0
24.0 38.0 24.0 107.87207 87.21731 149.14787 1934.0
24.0 41.0 41.0 59.85648 126.05692 122.51112 82.0
24.0 41.0 24.0 107.87207 87.21731 149.14787 82.0
24.0 42.0 42.0 56.64864 85.24699 144.96167 525.0
24.0 42.0 24.0 107.87207 87.21731 149.14787 525.0
24.0 43.0 43.0 101.73829 137.71488 99.17797 6.0
24.0 43.0 24.0 107.87207 87.21731 149.14787 6.0
24.0 44.0 44.0 70.28042 22.73502 131.36507 2.0
24.0 44.0 24.0 107.87207 87.21731 149.14787 2.0
24.0 47.0 47.0 164.18772 62.76212 126.12824 209.0
24.0 47.0 24.0 107.87207 87.21731 149.14787 209.0
25.0 7.0 7.0 121.66042 13.44426 56.91835 1.0
25.0 7.0 25.0 182.83797 64.00128 100.29299 1.0
25.0 12.0 12.0 179.80731 86.36202 84.81071 1216.0
25.0 12.0 25.0 182.83797 64.00128 100.29299 1216.0
25.0 15.0 15.0 145.07745 26.49768 64.7365 7.0
25.0 15.0 25.0 182.83797 64.00128 100.29299 7.0
25.0 18.0 18.0 159.17632 24.82857 93.95909 128.0
25.0 18.0 25.0 182.83797 64.00128 100.29299 128.0
25.0 23.0 23.0 173.46894 43.52979 76.98358 751.0
25.0 23.0 25.0 182.83797 64.00128 100.29299 751.0
25.0 25.0 25.0 182.83797 64.00128 100.29299 2231.0
25.0 25.0 25.0 182.83797 64.00128 100.29299 2231.0
25.0 26.0 26.0 132.08526 45.12132 139.11784 6.0
25.0 26.0 25.0 182.83797 64.00128 100.29299 6.0
25.0 29.0 29.0 122.74699 20.59307 121.15946 1.0
25.0 29.0 25.0 182.83797 64.00128 100.29299 1.0
25.0 32.0 32.0 156.96031 89.06396 57.96218 46.0
25.0 32.0 25.0 182.83797 64.00128 100.29299 46.0
25.0 34.0 34.0 127.78249 111.24061 129.60014 26.0
25.0 34.0 25.0 182.83797 64.00128 100.29299 26.0
25.0 35.0 35.0 147.7761 121.14843 95.63674 72.0
25.0 35.0 25.0 182.83797 64.00128 100.29299 72.0
25.0 47.0 47.0 164.18772 62.76212 126.12824 1248.0
25.0 47.0 25.0 182.83797 64.00128 100.29299 1248.0
26.0 0.0 0.0 55.13537 48.89002 141.98354 2.0
26.0 0.0 26.0 132.08526 45.12132 139.11784 2.0
26.0 3.0 3.0 83.25129 3.83721 88.04464 2.0
26.0 3.0 26.0 132.08526 45.12132 139.11784 2.0
26.0 17.0 17.0 122.83898 11.0174 94.61527 97.0
26.0 17.0 26.0 132.08526 45.12132 139.11784 97.0
26.0 18.0 18.0 159.17632 24.82857 93.95909 243.0
26.0 18.0 26.0 132.08526 45.12132 139.11784 243.0
26.0 23.0 23.0 173.46894 43.52979 76.98358 6.0
26.0 23.0 26.0 132.08526 45.12132 139.11784 6.0
26.0 24.0 24.0 107.87207 87.21731 149.14787 990.0
26.0 24.0 26.0 132.08526 45.12132 139.11784 990.0
26.0 25.0 25.0 182.83797 64.00128 100.29299 4.0
26.0 25.0 26.0 132.08526 45.12132 139.11784 4.0
26.0 26.0 26.0 132.08526 45.12132 139.11784 8147.0
26.0 26.0 26.0 132.08526 45.12132 139.11784 8147.0
26.0 28.0 28.0 84.31835 38.95743 143.15153 459.0
26.0 28.0 26.0 132.08526 45.12132 139.11784 459.0
26.0 29.0 29.0 122.74699 20.59307 121.15946 1889.0
26.0 29.0 26.0 132.08526 45.12132 139.11784 1889.0
26.0 33.0 33.0 97.19917 49.95268 149.23783 1109.0
26.0 33.0 26.0 132.08526 45.12132 139.11784 1109.0
26.0 34.0 34.0 127.78249 111.24061 129.60014 305.0
26.0 34.0 26.0 132.08526 45.12132 139.11784 305.0
26.0 35.0 35.0 147.7761 121.14843 95.63674 2.0
26.0 35.0 26.0 132.08526 45.12132 139.11784 2.0
26.0 37.0 37.0 80.28329 11.06141 113.82206 113.0
26.0 37.0 26.0 132.08526 45.12132 139.11784 113.0
26.0 38.0 38.0 88.71242 68.41753 152.6139 415.0
26.0 38.0 26.0 132.08526 45.12132 139.11784 415.0
26.0 44.0 44.0 70.28042 22.73502 131.36507 15.0
26.0 44.0 26.0 132.08526 45.12132 139.11784 15.0
26.0 47.0 47.0 164.18772 62.76212 126.12824 1705.0
26.0 47.0 26.0 132.08526 45.12132 139.11784 1705.0
27.0 0.0 0.0 55.13537 48.89002 141.98354 48.0
27.0 0.0 27.0 18.72269 45.35733 103.7409 48.0
27.0 2.0 2.0 27.39646 25.33193 87.71698 1610.0
27.0 2.0 27.0 18.72269 45.35733 103.7409 1610.0
27.0 3.0 3.0 83.25129 3.83721 88.04464 2.0
27.0 3.0 27.0 18.72269 45.35733 103.7409 2.0
27.0 5.0 5.0 36.15045 130.02453 82.26208 1.0
27.0 5.0 27.0 18.72269 45.35733 103.7409 1.0
27.0 6.0 6.0 5.48488 84.83421 74.4378 789.0
27.0 6.0 27.0 18.72269 45.35733 103.7409 789.0
27.0 11.0 11.0 48.55098 14.09008 56.55331 14.0
27.0 11.0 27.0 18.72269 45.35733 103.7409 14.0
27.0 13.0 13.0 21.77067 31.17233 56.45227 112.0
27.0 13.0 27.0 18.72269 45.35733 103.7409 112.0
27.0 16.0 16.0 37.10601 39.13174 124.73625 1248.0
27.0 16.0 27.0 18.72269 45.35733 103.7409 1248.0
27.0 22.0 22.0 25.09419 80.07629 119.45663 1338.0
27.0 22.0 27.0 18.72269 45.35733 103.7409 1338.0
27.0 27.0 27.0 18.72269 45.35733 103.7409 3315.0
27.0 27.0 27.0 18.72269 45.35733 103.7409 3315.0
27.0 36.0 36.0 51.18115 19.51867 119.72927 108.0
27.0 36.0 27.0 18.72269 45.35733 103.7409 108.0
27.0 37.0 37.0 80.28329 11.06141 113.82206 6.0
27.0 37.0 27.0 18.72269 45.35733 103.7409 6.0
27.0 39.0 39.0 21.80457 50.14866 32.79431 22.0
27.0 39.0 27.0 18.72269 45.35733 103.7409 22.0
27.0 42.0 42.0 56.64864 85.24699 144.96167 1.0
27.0 42.0 27.0 18.72269 45.35733 103.7409 1.0
27.0 44.0 44.0 70.28042 22.73502 131.36507 7.0
27.0 44.0 27.0 18.72269 45.35733 103.7409 7.0
28.0 0.0 0.0 55.13537 48.89002 141.98354 1072.0
28.0 0.0 28.0 84.31835 38.95743 143.15153 1072.0
28.0 3.0 3.0 83.25129 3.83721 88.04464 4.0
28.0 3.0 28.0 84.31835 38.95743 143.15153 4.0
28.0 4.0 4.0 72.15312 108.39724 139.68803 4.0
28.0 4.0 28.0 84.31835 38.95743 143.15153 4.0
28.0 16.0 16.0 37.10601 39.13174 124.73625 48.0
28.0 16.0 28.0 84.31835 38.95743 143.15153 48.0
28.0 17.0 17.0 122.83898 11.0174 94.61527 11.0
28.0 17.0 28.0 84.31835 38.95743 143.15153 11.0
28.0 22.0 22.0 25.09419 80.07629 119.45663 13.0
28.0 22.0 28.0 84.31835 38.95743 143.15153 13.0
28.0 24.0 24.0 107.87207 87.21731 149.14787 42.0
28.0 24.0 28.0 84.31835 38.95743 143.15153 42.0
28.0 26.0 26.0 132.08526 45.12132 139.11784 412.0
28.0 26.0 28.0 84.31835 38.95743 143.15153 412.0
28.0 28.0 28.0 84.31835 38.95743 143.15153 3196.0
28.0 28.0 28.0 84.31835 38.95743 143.15153 3196.0
28.0 29.0 29.0 122.74699 20.59307 121.15946 473.0
28.0 29.0 28.0 84.31835 38.95743 143.15153 473.0
28.0 33.0 33.0 97.19917 49.95268 149.23783 1642.0
28.0 33.0 28.0 84.31835 38.95743 143.15153 1642.0
28.0 36.0 36.0 51.18115 19.51867 119.72927 76.0
28.0 36.0 28.0 84.31835 38.95743 143.15153 76.0
28.0 37.0 37.0 80.28329 11.06141 113.82206 729.0
28.0 37.0 28.0 84.31835 38.95743 143.15153 729.0
28.0 38.0 38.0 88.71242 68.41753 152.6139 583.0
28.0 38.0 28.0 84.31835 38.95743 143.15153 583.0
28.0 42.0 42.0 56.64864 85.24699 144.96167 173.0
28.0 42.0 28.0 84.31835 38.95743 143.15153 173.0
28.0 44.0 44.0 70.28042 22.73502 131.36507 947.0
28.0 44.0 28.0 84.31835 38.95743 143.15153 947.0
29.0 0.0 0.0 55.13537 48.89002 141.98354 2.0
29.0 0.0 29.0 122.74699 20.59307 121.15946 2.0
29.0 3.0 3.0 83.25129 3.83721 88.04464 226.0
29.0 3.0 29.0 122.74699 20.59307 121.15946 226.0
29.0 7.0 7.0 121.66042 13.44426 56.91835 10.0
29.0 7.0 29.0 122.74699 20.59307 121.15946 10.0
29.0 10.0 10.0 97.07863 3.93189 61.07467 3.0
29.0 10.0 29.0 122.74699 20.59307 121.15946 3.0
29.0 15.0 15.0 145.07745 26.49768 64.7365 62.0
29.0 15.0 29.0 122.74699 20.59307 121.15946 62.0
29.0 17.0 17.0 122.83898 11.0174 94.61527 1626.0
29.0 17.0 29.0 122.74699 20.59307 121.15946 1626.0
29.0 18.0 18.0 159.17632 24.82857 93.95909 534.0
29.0 18.0 29.0 122.74699 20.59307 121.15946 534.0
29.0 23.0 23.0 173.46894 43.52979 76.98358 13.0
29.0 23.0 29.0 122.74699 20.59307 121.15946 13.0
29.0 24.0 24.0 107.87207 87.21731 149.14787 1.0
29.0 24.0 29.0 122.74699 20.59307 121.15946 1.0
29.0 25.0 25.0 182.83797 64.00128 100.29299 1.0
29.0 25.0 29.0 122.74699 20.59307 121.15946 1.0
29.0 26.0 26.0 132.08526 45.12132 139.11784 1841.0
29.0 26.0 29.0 122.74699 20.59307 121.15946 1841.0
29.0 28.0 28.0 84.31835 38.95743 143.15153 462.0
29.0 28.0 29.0 122.74699 20.59307 121.15946 462.0
29.0 29.0 29.0 122.74699 20.59307 121.15946 4849.0
29.0 29.0 29.0 122.74699 20.59307 121.15946 4849.0
29.0 33.0 33.0 97.19917 49.95268 149.23783 190.0
29.0 33.0 29.0 122.74699 20.59307 121.15946 190.0
29.0 37.0 37.0 80.28329 11.06141 113.82206 1187.0
29.0 37.0 29.0 122.74699 20.59307 121.15946 1187.0
29.0 38.0 38.0 88.71242 68.41753 152.6139 4.0
29.0 38.0 29.0 122.74699 20.59307 121.15946 4.0
29.0 44.0 44.0 70.28042 22.73502 131.36507 74.0
29.0 44.0 29.0 122.74699 20.59307 121.15946 74.0
29.0 46.0 46.0 114.55883 130.25484 52.75792 1.0
29.0 46.0 29.0 122.74699 20.59307 121.15946 1.0
29.0 47.0 47.0 164.18772 62.76212 126.12824 242.0
29.0 47.0 29.0 122.74699 20.59307 121.15946 242.0
30.0 1.0 1.0 66.25204 89.24971 7.4792 320.0
30.0 1.0 30.0 88.45974 139.93044 62.76827 320.0
30.0 5.0 5.0 36.15045 130.02453 82.26208 1673.0
30.0 5.0 30.0 88.45974 139.93044 62.76827 1673.0
30.0 8.0 8.0 108.21844 85.93723 38.70109 585.0
30.0 8.0 30.0 88.45974 139.93044 62.76827 585.0
30.0 9.0 9.0 78.64119 139.90458 102.70461 1108.0
30.0 9.0 30.0 88.45974 139.93044 62.76827 1108.0
30.0 14.0 14.0 128.36077 116.04346 40.31933 216.0
30.0 14.0 30.0 88.45974 139.93044 62.76827 216.0
30.0 23.0 23.0 173.46894 43.52979 76.98358 1.0
30.0 23.0 30.0 88.45974 139.93044 62.76827 1.0
30.0 30.0 30.0 88.45974 139.93044 62.76827 14884.0
30.0 30.0 30.0 88.45974 139.93044 62.76827 14884.0
30.0 32.0 32.0 156.96031 89.06396 57.96218 4.0
30.0 32.0 30.0 88.45974 139.93044 62.76827 4.0
30.0 34.0 34.0 127.78249 111.24061 129.60014 76.0
30.0 34.0 30.0 88.45974 139.93044 62.76827 76.0
30.0 35.0 35.0 147.7761 121.14843 95.63674 736.0
30.0 35.0 30.0 88.45974 139.93044 62.76827 736.0
30.0 41.0 41.0 59.85648 126.05692 122.51112 18.0
30.0 41.0 30.0 88.45974 139.93044 62.76827 18.0
30.0 43.0 43.0 101.73829 137.71488 99.17797 2264.0
30.0 43.0 30.0 88.45974 139.93044 62.76827 2264.0
30.0 45.0 45.0 35.05063 116.36762 28.62595 762.0
30.0 45.0 30.0 88.45974 139.93044 62.76827 762.0
30.0 46.0 46.0 114.55883 130.25484 52.75792 3374.0
30.0 46.0 30.0 88.45974 139.93044 62.76827 3374.0
31.0 1.0 1.0 66.25204 89.24971 7.4792 1.0
31.0 1.0 31.0 121.55033 38.9358 36.0418 1.0
31.0 3.0 3.0 83.25129 3.83721 88.04464 1.0
31.0 3.0 31.0 121.55033 38.9358 36.0418 1.0
31.0 7.0 7.0 121.66042 13.44426 56.91835 1592.0
31.0 7.0 31.0 121.55033 38.9358 36.0418 1592.0
31.0 8.0 8.0 108.21844 85.93723 38.70109 1991.0
31.0 8.0 31.0 121.55033 38.9358 36.0418 1991.0
31.0 10.0 10.0 97.07863 3.93189 61.07467 392.0
31.0 10.0 31.0 121.55033 38.9358 36.0418 392.0
31.0 11.0 11.0 48.55098 14.09008 56.55331 3.0
31.0 11.0 31.0 121.55033 38.9358 36.0418 3.0
31.0 12.0 12.0 179.80731 86.36202 84.81071 6.0
31.0 12.0 31.0 121.55033 38.9358 36.0418 6.0
31.0 14.0 14.0 128.36077 116.04346 40.31933 3.0
31.0 14.0 31.0 121.55033 38.9358 36.0418 3.0
31.0 15.0 15.0 145.07745 26.49768 64.7365 1394.0
31.0 15.0 31.0 121.55033 38.9358 36.0418 1394.0
31.0 17.0 17.0 122.83898 11.0174 94.61527 7.0
31.0 17.0 31.0 121.55033 38.9358 36.0418 7.0
31.0 18.0 18.0 159.17632 24.82857 93.95909 9.0
31.0 18.0 31.0 121.55033 38.9358 36.0418 9.0
31.0 19.0 19.0 66.42657 15.78127 45.42109 30.0
31.0 19.0 31.0 121.55033 38.9358 36.0418 30.0
31.0 20.0 20.0 85.07406 53.70458 22.31897 2084.0
31.0 20.0 31.0 121.55033 38.9358 36.0418 2084.0
31.0 23.0 23.0 173.46894 43.52979 76.98358 117.0
31.0 23.0 31.0 121.55033 38.9358 36.0418 117.0
31.0 31.0 31.0 121.55033 38.9358 36.0418 12014.0
31.0 31.0 31.0 121.55033 38.9358 36.0418 12014.0
31.0 32.0 32.0 156.96031 89.06396 57.96218 553.0
31.0 32.0 31.0 121.55033 38.9358 36.0418 553.0
31.0 40.0 40.0 83.27638 23.49971 42.438 1007.0
31.0 40.0 31.0 121.55033 38.9358 36.0418 1007.0
31.0 45.0 45.0 35.05063 116.36762 28.62595 1.0
31.0 45.0 31.0 121.55033 38.9358 36.0418 1.0
32.0 7.0 7.0 121.66042 13.44426 56.91835 3.0
32.0 7.0 32.0 156.96031 89.06396 57.96218 3.0
32.0 8.0 8.0 108.21844 85.93723 38.70109 1614.0
32.0 8.0 32.0 156.96031 89.06396 57.96218 1614.0
32.0 12.0 12.0 179.80731 86.36202 84.81071 1660.0
32.0 12.0 32.0 156.96031 89.06396 57.96218 1660.0
32.0 14.0 14.0 128.36077 116.04346 40.31933 1456.0
32.0 14.0 32.0 156.96031 89.06396 57.96218 1456.0
32.0 15.0 15.0 145.07745 26.49768 64.7365 370.0
32.0 15.0 32.0 156.96031 89.06396 57.96218 370.0
32.0 18.0 18.0 159.17632 24.82857 93.95909 9.0
32.0 18.0 32.0 156.96031 89.06396 57.96218 9.0
32.0 20.0 20.0 85.07406 53.70458 22.31897 9.0
32.0 20.0 32.0 156.96031 89.06396 57.96218 9.0
32.0 23.0 23.0 173.46894 43.52979 76.98358 446.0
32.0 23.0 32.0 156.96031 89.06396 57.96218 446.0
32.0 25.0 25.0 182.83797 64.00128 100.29299 51.0
32.0 25.0 32.0 156.96031 89.06396 57.96218 51.0
32.0 30.0 30.0 88.45974 139.93044 62.76827 4.0
32.0 30.0 32.0 156.96031 89.06396 57.96218 4.0
32.0 31.0 31.0 121.55033 38.9358 36.0418 570.0
32.0 31.0 32.0 156.96031 89.06396 57.96218 570.0
32.0 32.0 32.0 156.96031 89.06396 57.96218 9338.0
32.0 32.0 32.0 156.96031 89.06396 57.96218 9338.0
32.0 35.0 35.0 147.7761 121.14843 95.63674 925.0
32.0 35.0 32.0 156.96031 89.06396 57.96218 925.0
32.0 46.0 46.0 114.55883 130.25484 52.75792 301.0
32.0 46.0 32.0 156.96031 89.06396 57.96218 301.0
32.0 47.0 47.0 164.18772 62.76212 126.12824 1.0
32.0 47.0 32.0 156.96031 89.06396 57.96218 1.0
33.0 0.0 0.0 55.13537 48.89002 141.98354 220.0
33.0 0.0 33.0 97.19917 49.95268 149.23783 220.0
33.0 4.0 4.0 72.15312 108.39724 139.68803 4.0
33.0 4.0 33.0 97.19917 49.95268 149.23783 4.0
33.0 16.0 16.0 37.10601 39.13174 124.73625 5.0
33.0 16.0 33.0 97.19917 49.95268 149.23783 5.0
33.0 17.0 17.0 122.83898 11.0174 94.61527 4.0
33.0 17.0 33.0 97.19917 49.95268 149.23783 4.0
33.0 22.0 22.0 25.09419 80.07629 119.45663 3.0
33.0 22.0 33.0 97.19917 49.95268 149.23783 3.0
33.0 24.0 24.0 107.87207 87.21731 149.14787 501.0
33.0 24.0 33.0 97.19917 49.95268 149.23783 501.0
33.0 26.0 26.0 132.08526 45.12132 139.11784 1134.0
33.0 26.0 33.0 97.19917 49.95268 149.23783 1134.0
33.0 28.0 28.0 84.31835 38.95743 143.15153 1571.0
33.0 28.0 33.0 97.19917 49.95268 149.23783 1571.0
33.0 29.0 29.0 122.74699 20.59307 121.15946 190.0
33.0 29.0 33.0 97.19917 49.95268 149.23783 190.0
33.0 33.0 33.0 97.19917 49.95268 149.23783 2689.0
33.0 33.0 33.0 97.19917 49.95268 149.23783 2689.0
33.0 34.0 34.0 127.78249 111.24061 129.60014 3.0
33.0 34.0 33.0 97.19917 49.95268 149.23783 3.0
33.0 36.0 36.0 51.18115 19.51867 119.72927 1.0
33.0 36.0 33.0 97.19917 49.95268 149.23783 1.0
33.0 37.0 37.0 80.28329 11.06141 113.82206 91.0
33.0 37.0 33.0 97.19917 49.95268 149.23783 91.0
33.0 38.0 38.0 88.71242 68.41753 152.6139 1606.0
33.0 38.0 33.0 97.19917 49.95268 149.23783 1606.0
33.0 42.0 42.0 56.64864 85.24699 144.96167 140.0
33.0 42.0 33.0 97.19917 49.95268 149.23783 140.0
33.0 44.0 44.0 70.28042 22.73502 131.36507 114.0
33.0 44.0 33.0 97.19917 49.95268 149.23783 114.0
33.0 47.0 47.0 164.18772 62.76212 126.12824 4.0
33.0 47.0 33.0 97.19917 49.95268 149.23783 4.0
34.0 4.0 4.0 72.15312 108.39724 139.68803 937.0
34.0 4.0 34.0 127.78249 111.24061 129.60014 937.0
34.0 5.0 5.0 36.15045 130.02453 82.26208 1.0
34.0 5.0 34.0 127.78249 111.24061 129.60014 1.0
34.0 9.0 9.0 78.64119 139.90458 102.70461 604.0
34.0 9.0 34.0 127.78249 111.24061 129.60014 604.0
34.0 12.0 12.0 179.80731 86.36202 84.81071 87.0
34.0 12.0 34.0 127.78249 111.24061 129.60014 87.0
34.0 14.0 14.0 128.36077 116.04346 40.31933 2.0
34.0 14.0 34.0 127.78249 111.24061 129.60014 2.0
34.0 24.0 24.0 107.87207 87.21731 149.14787 2641.0
34.0 24.0 34.0 127.78249 111.24061 129.60014 2641.0
34.0 25.0 25.0 182.83797 64.00128 100.29299 26.0
34.0 25.0 34.0 127.78249 111.24061 129.60014 26.0
34.0 26.0 26.0 132.08526 45.12132 139.11784 308.0
34.0 26.0 34.0 127.78249 111.24061 129.60014 308.0
34.0 30.0 30.0 88.45974 139.93044 62.76827 81.0
34.0 30.0 34.0 127.78249 111.24061 129.60014 81.0
34.0 32.0 32.0 156.96031 89.06396 57.96218 3.0
34.0 32.0 34.0 127.78249 111.24061 129.60014 3.0
34.0 33.0 33.0 97.19917 49.95268 149.23783 6.0
34.0 33.0 34.0 127.78249 111.24061 129.60014 6.0
34.0 34.0 34.0 127.78249 111.24061 129.60014 17269.0
34.0 34.0 34.0 127.78249 111.24061 129.60014 17269.0
34.0 35.0 35.0 147.7761 121.14843 95.63674 2583.0
34.0 35.0 34.0 127.78249 111.24061 129.60014 2583.0
34.0 38.0 38.0 88.71242 68.41753 152.6139 27.0
34.0 38.0 34.0 127.78249 111.24061 129.60014 27.0
34.0 41.0 41.0 59.85648 126.05692 122.51112 410.0
34.0 41.0 34.0 127.78249 111.24061 129.60014 410.0
34.0 42.0 42.0 56.64864 85.24699 144.96167 7.0
34.0 42.0 34.0 127.78249 111.24061 129.60014 7.0
34.0 43.0 43.0 101.73829 137.71488 99.17797 1460.0
34.0 43.0 34.0 127.78249 111.24061 129.60014 1460.0
34.0 46.0 46.0 114.55883 130.25484 52.75792 13.0
34.0 46.0 34.0 127.78249 111.24061 129.60014 13.0
34.0 47.0 47.0 164.18772 62.76212 126.12824 1155.0
34.0 47.0 34.0 127.78249 111.24061 129.60014 1155.0
35.0 8.0 8.0 108.21844 85.93723 38.70109 4.0
35.0 8.0 35.0 147.7761 121.14843 95.63674 4.0
35.0 9.0 9.0 78.64119 139.90458 102.70461 22.0
35.0 9.0 35.0 147.7761 121.14843 95.63674 22.0
35.0 12.0 12.0 179.80731 86.36202 84.81071 1161.0
35.0 12.0 35.0 147.7761 121.14843 95.63674 1161.0
35.0 14.0 14.0 128.36077 116.04346 40.31933 325.0
35.0 14.0 35.0 147.7761 121.14843 95.63674 325.0
35.0 24.0 24.0 107.87207 87.21731 149.14787 3.0
35.0 24.0 35.0 147.7761 121.14843 95.63674 3.0
35.0 25.0 25.0 182.83797 64.00128 100.29299 88.0
35.0 25.0 35.0 147.7761 121.14843 95.63674 88.0
35.0 26.0 26.0 132.08526 45.12132 139.11784 1.0
35.0 26.0 35.0 147.7761 121.14843 95.63674 1.0
35.0 28.0 28.0 84.31835 38.95743 143.15153 1.0
35.0 28.0 35.0 147.7761 121.14843 95.63674 1.0
35.0 30.0 30.0 88.45974 139.93044 62.76827 734.0
35.0 30.0 35.0 147.7761 121.14843 95.63674 734.0
35.0 32.0 32.0 156.96031 89.06396 57.96218 911.0
35.0 32.0 35.0 147.7761 121.14843 95.63674 911.0
35.0 34.0 34.0 127.78249 111.24061 129.60014 2648.0
35.0 34.0 35.0 147.7761 121.14843 95.63674 2648.0
35.0 35.0 35.0 147.7761 121.14843 95.63674 11521.0
35.0 35.0 35.0 147.7761 121.14843 95.63674 11521.0
35.0 41.0 41.0 59.85648 126.05692 122.51112 2.0
35.0 41.0 35.0 147.7761 121.14843 95.63674 2.0
35.0 43.0 43.0 101.73829 137.71488 99.17797 895.0
35.0 43.0 35.0 147.7761 121.14843 95.63674 895.0
35.0 46.0 46.0 114.55883 130.25484 52.75792 1189.0
35.0 46.0 35.0 147.7761 121.14843 95.63674 1189.0
35.0 47.0 47.0 164.18772 62.76212 126.12824 323.0
35.0 47.0 35.0 147.7761 121.14843 95.63674 323.0
36.0 0.0 0.0 55.13537 48.89002 141.98354 491.0
36.0 0.0 36.0 51.18115 19.51867 119.72927 491.0
36.0 2.0 2.0 27.39646 25.33193 87.71698 497.0
36.0 2.0 36.0 51.18115 19.51867 119.72927 497.0
36.0 3.0 3.0 83.25129 3.83721 88.04464 149.0
36.0 3.0 36.0 51.18115 19.51867 119.72927 149.0
36.0 11.0 11.0 48.55098 14.09008 56.55331 73.0
36.0 11.0 36.0 51.18115 19.51867 119.72927 73.0
36.0 13.0 13.0 21.77067 31.17233 56.45227 1.0
36.0 13.0 36.0 51.18115 19.51867 119.72927 1.0
36.0 16.0 16.0 37.10601 39.13174 124.73625 995.0
36.0 16.0 36.0 51.18115 19.51867 119.72927 995.0
36.0 22.0 22.0 25.09419 80.07629 119.45663 10.0
36.0 22.0 36.0 51.18115 19.51867 119.72927 10.0
36.0 27.0 27.0 18.72269 45.35733 103.7409 95.0
36.0 27.0 36.0 51.18115 19.51867 119.72927 95.0
36.0 28.0 28.0 84.31835 38.95743 143.15153 87.0
36.0 28.0 36.0 51.18115 19.51867 119.72927 87.0
36.0 29.0 29.0 122.74699 20.59307 121.15946 1.0
36.0 29.0 36.0 51.18115 19.51867 119.72927 1.0
36.0 33.0 33.0 97.19917 49.95268 149.23783 5.0
36.0 33.0 36.0 51.18115 19.51867 119.72927 5.0
36.0 36.0 36.0 51.18115 19.51867 119.72927 1469.0
36.0 36.0 36.0 51.18115 19.51867 119.72927 1469.0
36.0 37.0 37.0 80.28329 11.06141 113.82206 937.0
36.0 37.0 36.0 51.18115 19.51867 119.72927 937.0
36.0 38.0 38.0 88.71242 68.41753 152.6139 1.0
36.0 38.0 36.0 51.18115 19.51867 119.72927 1.0
36.0 42.0 42.0 56.64864 85.24699 144.96167 3.0
36.0 42.0 36.0 51.18115 19.51867 119.72927 3.0
36.0 44.0 44.0 70.28042 22.73502 131.36507 776.0
36.0 44.0 36.0 51.18115 19.51867 119.72927 776.0
37.0 0.0 0.0 55.13537 48.89002 141.98354 78.0
37.0 0.0 37.0 80.28329 11.06141 113.82206 78.0
37.0 2.0 2.0 27.39646 25.33193 87.71698 358.0
37.0 2.0 37.0 80.28329 11.06141 113.82206 358.0
37.0 3.0 3.0 83.25129 3.83721 88.04464 2576.0
37.0 3.0 37.0 80.28329 11.06141 113.82206 2576.0
37.0 7.0 7.0 121.66042 13.44426 56.91835 4.0
37.0 7.0 37.0 80.28329 11.06141 113.82206 4.0
37.0 10.0 10.0 97.07863 3.93189 61.07467 54.0
37.0 10.0 37.0 80.28329 11.06141 113.82206 54.0
37.0 11.0 11.0 48.55098 14.09008 56.55331 266.0
37.0 11.0 37.0 80.28329 11.06141 113.82206 266.0
37.0 13.0 13.0 21.77067 31.17233 56.45227 2.0
37.0 13.0 37.0 80.28329 11.06141 113.82206 2.0
37.0 16.0 16.0 37.10601 39.13174 124.73625 161.0
37.0 16.0 37.0 80.28329 11.06141 113.82206 161.0
37.0 17.0 17.0 122.83898 11.0174 94.61527 508.0
37.0 17.0 37.0 80.28329 11.06141 113.82206 508.0
37.0 18.0 18.0 159.17632 24.82857 93.95909 2.0
37.0 18.0 37.0 80.28329 11.06141 113.82206 2.0
37.0 19.0 19.0 66.42657 15.78127 45.42109 16.0
37.0 19.0 37.0 80.28329 11.06141 113.82206 16.0
37.0 26.0 26.0 132.08526 45.12132 139.11784 109.0
37.0 26.0 37.0 80.28329 11.06141 113.82206 109.0
37.0 27.0 27.0 18.72269 45.35733 103.7409 10.0
37.0 27.0 37.0 80.28329 11.06141 113.82206 10.0
37.0 28.0 28.0 84.31835 38.95743 143.15153 753.0
37.0 28.0 37.0 80.28329 11.06141 113.82206 753.0
37.0 29.0 29.0 122.74699 20.59307 121.15946 1134.0
37.0 29.0 37.0 80.28329 11.06141 113.82206 1134.0
37.0 33.0 33.0 97.19917 49.95268 149.23783 98.0
37.0 33.0 37.0 80.28329 11.06141 113.82206 98.0
37.0 36.0 36.0 51.18115 19.51867 119.72927 872.0
37.0 36.0 37.0 80.28329 11.06141 113.82206 872.0
37.0 37.0 37.0 80.28329 11.06141 113.82206 8109.0
37.0 37.0 37.0 80.28329 11.06141 113.82206 8109.0
37.0 38.0 38.0 88.71242 68.41753 152.6139 1.0
37.0 38.0 37.0 80.28329 11.06141 113.82206 1.0
37.0 40.0 40.0 83.27638 23.49971 42.438 1.0
37.0 40.0 37.0 80.28329 11.06141 113.82206 1.0
37.0 44.0 44.0 70.28042 22.73502 131.36507 1468.0
37.0 44.0 37.0 80.28329 11.06141 113.82206 1468.0
38.0 0.0 0.0 55.13537 48.89002 141.98354 413.0
38.0 0.0 38.0 88.71242 68.41753 152.6139 413.0
38.0 4.0 4.0 72.15312 108.39724 139.68803 239.0
38.0 4.0 38.0 88.71242 68.41753 152.6139 239.0
38.0 16.0 16.0 37.10601 39.13174 124.73625 14.0
38.0 16.0 38.0 88.71242 68.41753 152.6139 14.0
38.0 22.0 22.0 25.09419 80.07629 119.45663 27.0
38.0 22.0 38.0 88.71242 68.41753 152.6139 27.0
38.0 24.0 24.0 107.87207 87.21731 149.14787 1999.0
38.0 24.0 38.0 88.71242 68.41753 152.6139 1999.0
38.0 26.0 26.0 132.08526 45.12132 139.11784 403.0
38.0 26.0 38.0 88.71242 68.41753 152.6139 403.0
38.0 28.0 28.0 84.31835 38.95743 143.15153 606.0
38.0 28.0 38.0 88.71242 68.41753 152.6139 606.0
38.0 29.0 29.0 122.74699 20.59307 121.15946 6.0
38.0 29.0 38.0 88.71242 68.41753 152.6139 6.0
38.0 33.0 33.0 97.19917 49.95268 149.23783 1519.0
38.0 33.0 38.0 88.71242 68.41753 152.6139 1519.0
38.0 34.0 34.0 127.78249 111.24061 129.60014 34.0
38.0 34.0 38.0 88.71242 68.41753 152.6139 34.0
38.0 36.0 36.0 51.18115 19.51867 119.72927 2.0
38.0 36.0 38.0 88.71242 68.41753 152.6139 2.0
38.0 37.0 37.0 80.28329 11.06141 113.82206 2.0
38.0 37.0 38.0 88.71242 68.41753 152.6139 2.0
38.0 38.0 38.0 88.71242 68.41753 152.6139 3202.0
38.0 38.0 38.0 88.71242 68.41753 152.6139 3202.0
38.0 41.0 41.0 59.85648 126.05692 122.51112 4.0
38.0 41.0 38.0 88.71242 68.41753 152.6139 4.0
38.0 42.0 42.0 56.64864 85.24699 144.96167 1133.0
38.0 42.0 38.0 88.71242 68.41753 152.6139 1133.0
38.0 44.0 44.0 70.28042 22.73502 131.36507 9.0
38.0 44.0 38.0 88.71242 68.41753 152.6139 9.0
38.0 47.0 47.0 164.18772 62.76212 126.12824 3.0
38.0 47.0 38.0 88.71242 68.41753 152.6139 3.0
39.0 1.0 1.0 66.25204 89.24971 7.4792 285.0
39.0 1.0 39.0 21.80457 50.14866 32.79431 285.0
39.0 2.0 2.0 27.39646 25.33193 87.71698 143.0
39.0 2.0 39.0 21.80457 50.14866 32.79431 143.0
39.0 5.0 5.0 36.15045 130.02453 82.26208 2.0
39.0 5.0 39.0 21.80457 50.14866 32.79431 2.0
39.0 6.0 6.0 5.48488 84.83421 74.4378 1382.0
39.0 6.0 39.0 21.80457 50.14866 32.79431 1382.0
39.0 11.0 11.0 48.55098 14.09008 56.55331 864.0
39.0 11.0 39.0 21.80457 50.14866 32.79431 864.0
39.0 13.0 13.0 21.77067 31.17233 56.45227 1811.0
39.0 13.0 39.0 21.80457 50.14866 32.79431 1811.0
39.0 19.0 19.0 66.42657 15.78127 45.42109 225.0
39.0 19.0 39.0 21.80457 50.14866 32.79431 225.0
39.0 20.0 20.0 85.07406 53.70458 22.31897 529.0
39.0 20.0 39.0 21.80457 50.14866 32.79431 529.0
39.0 21.0 21.0 28.27561 78.11547 19.30561 2183.0
39.0 21.0 39.0 21.80457 50.14866 32.79431 2183.0
39.0 22.0 22.0 25.09419 80.07629 119.45663 2.0
39.0 22.0 39.0 21.80457 50.14866 32.79431 2.0
39.0 27.0 27.0 18.72269 45.35733 103.7409 19.0
39.0 27.0 39.0 21.80457 50.14866 32.79431 19.0
39.0 39.0 39.0 21.80457 50.14866 32.79431 9738.0
39.0 39.0 39.0 21.80457 50.14866 32.79431 9738.0
39.0 40.0 40.0 83.27638 23.49971 42.438 28.0
39.0 40.0 39.0 21.80457 50.14866 32.79431 28.0
39.0 45.0 45.0 35.05063 116.36762 28.62595 66.0
39.0 45.0 39.0 21.80457 50.14866 32.79431 66.0
40.0 1.0 1.0 66.25204 89.24971 7.4792 11.0
40.0 1.0 40.0 83.27638 23.49971 42.438 11.0
40.0 3.0 3.0 83.25129 3.83721 88.04464 138.0
40.0 3.0 40.0 83.27638 23.49971 42.438 138.0
40.0 7.0 7.0 121.66042 13.44426 56.91835 282.0
40.0 7.0 40.0 83.27638 23.49971 42.438 282.0
40.0 8.0 8.0 108.21844 85.93723 38.70109 34.0
40.0 8.0 40.0 83.27638 23.49971 42.438 34.0
40.0 10.0 10.0 97.07863 3.93189 61.07467 1223.0
40.0 10.0 40.0 83.27638 23.49971 42.438 1223.0
40.0 11.0 11.0 48.55098 14.09008 56.55331 491.0
40.0 11.0 40.0 83.27638 23.49971 42.438 491.0
40.0 13.0 13.0 21.77067 31.17233 56.45227 6.0
40.0 13.0 40.0 83.27638 23.49971 42.438 6.0
40.0 15.0 15.0 145.07745 26.49768 64.7365 3.0
40.0 15.0 40.0 83.27638 23.49971 42.438 3.0
40.0 17.0 17.0 122.83898 11.0174 94.61527 2.0
40.0 17.0 40.0 83.27638 23.49971 42.438 2.0
40.0 19.0 19.0 66.42657 15.78127 45.42109 1488.0
40.0 19.0 40.0 83.27638 23.49971 42.438 1488.0
40.0 20.0 20.0 85.07406 53.70458 22.31897 1650.0
40.0 20.0 40.0 83.27638 23.49971 42.438 1650.0
40.0 21.0 21.0 28.27561 78.11547 19.30561 2.0
40.0 21.0 40.0 83.27638 23.49971 42.438 2.0
40.0 31.0 31.0 121.55033 38.9358 36.0418 1092.0
40.0 31.0 40.0 83.27638 23.49971 42.438 1092.0
40.0 37.0 37.0 80.28329 11.06141 113.82206 3.0
40.0 37.0 40.0 83.27638 23.49971 42.438 3.0
40.0 39.0 39.0 21.80457 50.14866 32.79431 32.0
40.0 39.0 40.0 83.27638 23.49971 42.438 32.0
40.0 40.0 40.0 83.27638 23.49971 42.438 4490.0
40.0 40.0 40.0 83.27638 23.49971 42.438 4490.0
41.0 4.0 4.0 72.15312 108.39724 139.68803 2769.0
41.0 4.0 41.0 59.85648 126.05692 122.51112 2769.0
41.0 5.0 5.0 36.15045 130.02453 82.26208 2213.0
41.0 5.0 41.0 59.85648 126.05692 122.51112 2213.0
41.0 6.0 6.0 5.48488 84.83421 74.4378 15.0
41.0 6.0 41.0 59.85648 126.05692 122.51112 15.0
41.0 9.0 9.0 78.64119 139.90458 102.70461 2157.0
41.0 9.0 41.0 59.85648 126.05692 122.51112 2157.0
41.0 13.0 13.0 21.77067 31.17233 56.45227 1.0
41.0 13.0 41.0 59.85648 126.05692 122.51112 1.0
41.0 22.0 22.0 25.09419 80.07629 119.45663 662.0
41.0 22.0 41.0 59.85648 126.05692 122.51112 662.0
41.0 24.0 24.0 107.87207 87.21731 149.14787 86.0
41.0 24.0 41.0 59.85648 126.05692 122.51112 86.0
41.0 28.0 28.0 84.31835 38.95743 143.15153 1.0
41.0 28.0 41.0 59.85648 126.05692 122.51112 1.0
41.0 30.0 30.0 88.45974 139.93044 62.76827 24.0
41.0 30.0 41.0 59.85648 126.05692 122.51112 24.0
41.0 34.0 34.0 127.78249 111.24061 129.60014 402.0
41.0 34.0 41.0 59.85648 126.05692 122.51112 402.0
41.0 35.0 35.0 147.7761 121.14843 95.63674 3.0
41.0 35.0 41.0 59.85648 126.05692 122.51112 3.0
41.0 38.0 38.0 88.71242 68.41753 152.6139 2.0
41.0 38.0 41.0 59.85648 126.05692 122.51112 2.0
41.0 41.0 41.0 59.85648 126.05692 122.51112 9156.0
41.0 41.0 41.0 59.85648 126.05692 122.51112 9156.0
41.0 42.0 42.0 56.64864 85.24699 144.96167 393.0
41.0 42.0 41.0 59.85648 126.05692 122.51112 393.0
41.0 43.0 43.0 101.73829 137.71488 99.17797 332.0
41.0 43.0 41.0 59.85648 126.05692 122.51112 332.0
42.0 0.0 0.0 55.13537 48.89002 141.98354 876.0
42.0 0.0 42.0 56.64864 85.24699 144.96167 876.0
42.0 4.0 4.0 72.15312 108.39724 139.68803 2201.0
42.0 4.0 42.0 56.64864 85.24699 144.96167 2201.0
42.0 5.0 5.0 36.15045 130.02453 82.26208 40.0
42.0 5.0 42.0 56.64864 85.24699 144.96167 40.0
42.0 6.0 6.0 5.48488 84.83421 74.4378 1.0
42.0 6.0 42.0 56.64864 85.24699 144.96167 1.0
42.0 16.0 16.0 37.10601 39.13174 124.73625 151.0
42.0 16.0 42.0 56.64864 85.24699 144.96167 151.0
42.0 22.0 22.0 25.09419 80.07629 119.45663 1596.0
42.0 22.0 42.0 56.64864 85.24699 144.96167 1596.0
42.0 24.0 24.0 107.87207 87.21731 149.14787 538.0
42.0 24.0 42.0 56.64864 85.24699 144.96167 538.0
42.0 27.0 27.0 18.72269 45.35733 103.7409 1.0
42.0 27.0 42.0 56.64864 85.24699 144.96167 1.0
42.0 28.0 28.0 84.31835 38.95743 143.15153 209.0
42.0 28.0 42.0 56.64864 85.24699 144.96167 209.0
42.0 33.0 33.0 97.19917 49.95268 149.23783 132.0
42.0 33.0 42.0 56.64864 85.24699 144.96167 132.0
42.0 34.0 34.0 127.78249 111.24061 129.60014 8.0
42.0 34.0 42.0 56.64864 85.24699 144.96167 8.0
42.0 36.0 36.0 51.18115 19.51867 119.72927 1.0
42.0 36.0 42.0 56.64864 85.24699 144.96167 1.0
42.0 38.0 38.0 88.71242 68.41753 152.6139 1111.0
42.0 38.0 42.0 56.64864 85.24699 144.96167 1111.0
42.0 41.0 41.0 59.85648 126.05692 122.51112 389.0
42.0 41.0 42.0 56.64864 85.24699 144.96167 389.0
42.0 42.0 42.0 56.64864 85.24699 144.96167 5731.0
42.0 42.0 42.0 56.64864 85.24699 144.96167 5731.0
42.0 44.0 44.0 70.28042 22.73502 131.36507 3.0
42.0 44.0 42.0 56.64864 85.24699 144.96167 3.0
43.0 4.0 4.0 72.15312 108.39724 139.68803 66.0
43.0 4.0 43.0 101.73829 137.71488 99.17797 66.0
43.0 5.0 5.0 36.15045 130.02453 82.26208 57.0
43.0 5.0 43.0 101.73829 137.71488 99.17797 57.0
43.0 9.0 9.0 78.64119 139.90458 102.70461 2077.0
43.0 9.0 43.0 101.73829 137.71488 99.17797 2077.0
43.0 24.0 24.0 107.87207 87.21731 149.14787 5.0
43.0 24.0 43.0 101.73829 137.71488 99.17797 5.0
43.0 30.0 30.0 88.45974 139.93044 62.76827 2150.0
43.0 30.0 43.0 101.73829 137.71488 99.17797 2150.0
43.0 34.0 34.0 127.78249 111.24061 129.60014 1452.0
43.0 34.0 43.0 101.73829 137.71488 99.17797 1452.0
43.0 35.0 35.0 147.7761 121.14843 95.63674 835.0
43.0 35.0 43.0 101.73829 137.71488 99.17797 835.0
43.0 41.0 41.0 59.85648 126.05692 122.51112 279.0
43.0 41.0 43.0 101.73829 137.71488 99.17797 279.0
43.0 43.0 43.0 101.73829 137.71488 99.17797 4811.0
43.0 43.0 43.0 101.73829 137.71488 99.17797 4811.0
43.0 45.0 45.0 35.05063 116.36762 28.62595 1.0
43.0 45.0 43.0 101.73829 137.71488 99.17797 1.0
43.0 46.0 46.0 114.55883 130.25484 52.75792 164.0
43.0 46.0 43.0 101.73829 137.71488 99.17797 164.0
44.0 0.0 0.0 55.13537 48.89002 141.98354 631.0
44.0 0.0 44.0 70.28042 22.73502 131.36507 631.0
44.0 2.0 2.0 27.39646 25.33193 87.71698 31.0
44.0 2.0 44.0 70.28042 22.73502 131.36507 31.0
44.0 3.0 3.0 83.25129 3.83721 88.04464 70.0
44.0 3.0 44.0 70.28042 22.73502 131.36507 70.0
44.0 6.0 6.0 5.48488 84.83421 74.4378 1.0
44.0 6.0 44.0 70.28042 22.73502 131.36507 1.0
44.0 11.0 11.0 48.55098 14.09008 56.55331 1.0
44.0 11.0 44.0 70.28042 22.73502 131.36507 1.0
44.0 16.0 16.0 37.10601 39.13174 124.73625 227.0
44.0 16.0 44.0 70.28042 22.73502 131.36507 227.0
44.0 17.0 17.0 122.83898 11.0174 94.61527 3.0
44.0 17.0 44.0 70.28042 22.73502 131.36507 3.0
44.0 22.0 22.0 25.09419 80.07629 119.45663 2.0
44.0 22.0 44.0 70.28042 22.73502 131.36507 2.0
44.0 26.0 26.0 132.08526 45.12132 139.11784 19.0
44.0 26.0 44.0 70.28042 22.73502 131.36507 19.0
44.0 27.0 27.0 18.72269 45.35733 103.7409 3.0
44.0 27.0 44.0 70.28042 22.73502 131.36507 3.0
44.0 28.0 28.0 84.31835 38.95743 143.15153 906.0
44.0 28.0 44.0 70.28042 22.73502 131.36507 906.0
44.0 29.0 29.0 122.74699 20.59307 121.15946 84.0
44.0 29.0 44.0 70.28042 22.73502 131.36507 84.0
44.0 33.0 33.0 97.19917 49.95268 149.23783 103.0
44.0 33.0 44.0 70.28042 22.73502 131.36507 103.0
44.0 36.0 36.0 51.18115 19.51867 119.72927 745.0
44.0 36.0 44.0 70.28042 22.73502 131.36507 745.0
44.0 37.0 37.0 80.28329 11.06141 113.82206 1508.0
44.0 37.0 44.0 70.28042 22.73502 131.36507 1508.0
44.0 38.0 38.0 88.71242 68.41753 152.6139 13.0
44.0 38.0 44.0 70.28042 22.73502 131.36507 13.0
44.0 42.0 42.0 56.64864 85.24699 144.96167 3.0
44.0 42.0 44.0 70.28042 22.73502 131.36507 3.0
44.0 44.0 44.0 70.28042 22.73502 131.36507 1838.0
44.0 44.0 44.0 70.28042 22.73502 131.36507 1838.0
45.0 1.0 1.0 66.25204 89.24971 7.4792 1925.0
45.0 1.0 45.0 35.05063 116.36762 28.62595 1925.0
45.0 5.0 5.0 36.15045 130.02453 82.26208 2027.0
45.0 5.0 45.0 35.05063 116.36762 28.62595 2027.0
45.0 6.0 6.0 5.48488 84.83421 74.4378 953.0
45.0 6.0 45.0 35.05063 116.36762 28.62595 953.0
45.0 8.0 8.0 108.21844 85.93723 38.70109 119.0
45.0 8.0 45.0 35.05063 116.36762 28.62595 119.0
45.0 9.0 9.0 78.64119 139.90458 102.70461 7.0
45.0 9.0 45.0 35.05063 116.36762 28.62595 7.0
45.0 14.0 14.0 128.36077 116.04346 40.31933 4.0
45.0 14.0 45.0 35.05063 116.36762 28.62595 4.0
45.0 20.0 20.0 85.07406 53.70458 22.31897 1.0
45.0 20.0 45.0 35.05063 116.36762 28.62595 1.0
45.0 21.0 21.0 28.27561 78.11547 19.30561 1819.0
45.0 21.0 45.0 35.05063 116.36762 28.62595 1819.0
45.0 30.0 30.0 88.45974 139.93044 62.76827 804.0
45.0 30.0 45.0 35.05063 116.36762 28.62595 804.0
45.0 39.0 39.0 21.80457 50.14866 32.79431 69.0
45.0 39.0 45.0 35.05063 116.36762 28.62595 69.0
45.0 45.0 45.0 35.05063 116.36762 28.62595 13151.0
45.0 45.0 45.0 35.05063 116.36762 28.62595 13151.0
45.0 46.0 46.0 114.55883 130.25484 52.75792 49.0
45.0 46.0 45.0 35.05063 116.36762 28.62595 49.0
46.0 1.0 1.0 66.25204 89.24971 7.4792 139.0
46.0 1.0 46.0 114.55883 130.25484 52.75792 139.0
46.0 5.0 5.0 36.15045 130.02453 82.26208 7.0
46.0 5.0 46.0 114.55883 130.25484 52.75792 7.0
46.0 8.0 8.0 108.21844 85.93723 38.70109 1089.0
46.0 8.0 46.0 114.55883 130.25484 52.75792 1089.0
46.0 9.0 9.0 78.64119 139.90458 102.70461 2.0
46.0 9.0 46.0 114.55883 130.25484 52.75792 2.0
46.0 12.0 12.0 179.80731 86.36202 84.81071 5.0
46.0 12.0 46.0 114.55883 130.25484 52.75792 5.0
46.0 14.0 14.0 128.36077 116.04346 40.31933 2839.0
46.0 14.0 46.0 114.55883 130.25484 52.75792 2839.0
46.0 20.0 20.0 85.07406 53.70458 22.31897 2.0
46.0 20.0 46.0 114.55883 130.25484 52.75792 2.0
46.0 30.0 30.0 88.45974 139.93044 62.76827 3420.0
46.0 30.0 46.0 114.55883 130.25484 52.75792 3420.0
46.0 32.0 32.0 156.96031 89.06396 57.96218 292.0
46.0 32.0 46.0 114.55883 130.25484 52.75792 292.0
46.0 34.0 34.0 127.78249 111.24061 129.60014 13.0
46.0 34.0 46.0 114.55883 130.25484 52.75792 13.0
46.0 35.0 35.0 147.7761 121.14843 95.63674 1126.0
46.0 35.0 46.0 114.55883 130.25484 52.75792 1126.0
46.0 43.0 43.0 101.73829 137.71488 99.17797 140.0
46.0 43.0 46.0 114.55883 130.25484 52.75792 140.0
46.0 45.0 45.0 35.05063 116.36762 28.62595 41.0
46.0 45.0 46.0 114.55883 130.25484 52.75792 41.0
46.0 46.0 46.0 114.55883 130.25484 52.75792 7031.0
46.0 46.0 46.0 114.55883 130.25484 52.75792 7031.0
47.0 12.0 12.0 179.80731 86.36202 84.81071 390.0
47.0 12.0 47.0 164.18772 62.76212 126.12824 390.0
47.0 15.0 15.0 145.07745 26.49768 64.7365 8.0
47.0 15.0 47.0 164.18772 62.76212 126.12824 8.0
47.0 17.0 17.0 122.83898 11.0174 94.61527 19.0
47.0 17.0 47.0 164.18772 62.76212 126.12824 19.0
47.0 18.0 18.0 159.17632 24.82857 93.95909 657.0
47.0 18.0 47.0 164.18772 62.76212 126.12824 657.0
47.0 23.0 23.0 173.46894 43.52979 76.98358 362.0
47.0 23.0 47.0 164.18772 62.76212 126.12824 362.0
47.0 24.0 24.0 107.87207 87.21731 149.14787 224.0
47.0 24.0 47.0 164.18772 62.76212 126.12824 224.0
47.0 25.0 25.0 182.83797 64.00128 100.29299 1186.0
47.0 25.0 47.0 164.18772 62.76212 126.12824 1186.0
47.0 26.0 26.0 132.08526 45.12132 139.11784 1893.0
47.0 26.0 47.0 164.18772 62.76212 126.12824 1893.0
47.0 29.0 29.0 122.74699 20.59307 121.15946 272.0
47.0 29.0 47.0 164.18772 62.76212 126.12824 272.0
47.0 32.0 32.0 156.96031 89.06396 57.96218 2.0
47.0 32.0 47.0 164.18772 62.76212 126.12824 2.0
47.0 33.0 33.0 97.19917 49.95268 149.23783 5.0
47.0 33.0 47.0 164.18772 62.76212 126.12824 5.0
47.0 34.0 34.0 127.78249 111.24061 129.60014 1264.0
47.0 34.0 47.0 164.18772 62.76212 126.12824 1264.0
47.0 35.0 35.0 147.7761 121.14843 95.63674 362.0
47.0 35.0 47.0 164.18772 62.76212 126.12824 362.0
47.0 37.0 37.0 80.28329 11.06141 113.82206 1.0
47.0 37.0 47.0 164.18772 62.76212 126.12824 1.0
47.0 38.0 38.0 88.71242 68.41753 152.6139 5.0
47.0 38.0 47.0 164.18772 62.76212 126.12824 5.0
47.0 47.0 47.0 164.18772 62.76212 126.12824 8947.0
47.0 47.0 47.0 164.18772 62.76212 126.12824 8947.0
