TargetArea SourceArea Area AvgPosX AvgPosY AvgPosZ SumWeights
0.0 0.0 0.0 55.10779 48.88123 141.96916 3838.0
0.0 0.0 0.0 55.10779 48.88123 141.96916 3838.0
0.0 2.0 2.0 27.43408 25.3007 87.71963 10.0
0.0 2.0 0.0 55.10779 48.88123 141.96916 10.0
0.0 4.0 4.0 72.10636 108.40049 139.6734 15.0
0.0 4.0 0.0 55.10779 48.88123 141.96916 15.0
0.0 5.0 5.0 36.1865 130.04955 82.2532 1.0
0.0 5.0 0.0 55.10779 48.88123 141.96916 1.0
0.0 16.0 16.0 37.09744 39.10696 124.71251 1436.0
0.0 16.0 0.0 55.10779 48.88123 141.96916 1436.0
0.0 22.0 22.0 25.10412 80.01836 119.48054 564.0
0.0 22.0 0.0 55.10779 48.88123 141.96916 564.0
0.0 24.0 24.0 107.88214 87.20987 149.14798 16.0
0.0 24.0 0.0 55.10779 48.88123 141.96916 16.0
0.0 27.0 27.0 18.71402 45.36055 103.72693 31.0
0.0 27.0 0.0 55.10779 48.88123 141.96916 31.0
0.0 28.0 28.0 84.31727 38.96024 143.15509 1101.0
0.0 28.0 0.0 55.10779 48.88123 141.96916 1101.0
0.0 29.0 29.0 122.67003 20.58021 121.18019 1.0
0.0 29.0 0.0 55.10779 48.88123 141.96916 1.0
0.0 33.0 33.0 97.16725 49.93466 149.23534 270.0
0.0 33.0 0.0 55.10779 48.88123 141.96916 270.0
0.0 36.0 36.0 51.1756 19.51529 119.71874 466.0
0.0 36.0 0.0 55.10779 48.88123 141.96916 466.0
0.0 37.0 37.0 80.23958 11.05693 113.81049 78.0
0.0 37.0 0.0 55.10779 48.88123 141.96916 78.0
0.0 38.0 38.0 88.71047 68.42904 152.6186 398.0
0.0 38.0 0.0 55.10779 48.88123 141.96916 398.0
0.0 41.0 41.0 59.87786 126.06107 122.50956 2.0
0.0 41.0 0.0 55.10779 48.88123 141.96916 2.0
0.0 42.0 42.0 56.66487 85.2248 144.97221 904.0
0.0 42.0 0.0 55.10779 48.88123 141.96916 904.0
0.0 44.0 44.0 70.24779 22.71087 131.33636 576.0
0.0 44.0 0.0 55.10779 48.88123 141.96916 576.0
1.0 1.0 1.0 66.23646 89.24506 7.47875 10952.0
1.0 1.0 1.0 66.23646 89.24506 7.47875 10952.0
1.0 5.0 5.0 36.1865 130.04955 82.2532 18.0
1.0 5.0 1.0 66.23646 89.24506 7.47875 18.0
1.0 6.0 6.0 5.47717 84.79688 74.39838 1.0
1.0 6.0 1.0 66.23646 89.24506 7.47875 1.0
1.0 8.0 8.0 108.18514 85.96901 38.68971 1636.0
1.0 8.0 1.0 66.23646 89.24506 7.47875 1636.0
1.0 11.0 11.0 48.53677 14.09561 56.55726 22.0
1.0 11.0 1.0 66.23646 89.24506 7.47875 22.0
1.0 13.0 13.0 21.79103 31.15864 56.44347 1.0
1.0 13.0 1.0 66.23646 89.24506 7.47875 1.0
1.0 14.0 14.0 128.3048 116.03795 40.2767 57.0
1.0 14.0 1.0 66.23646 89.24506 7.47875 57.0
1.0 19.0 19.0 66.43329 15.7424 45.45693 21.0
1.0 19.0 1.0 66.23646 89.24506 7.47875 21.0
1.0 20.0 20.0 85.10297 53.72506 22.34332 2115.0
1.0 20.0 1.0 66.23646 89.24506 7.47875 2115.0
1.0 21.0 21.0 28.2882 78.10961 19.29206 1402.0
1.0 21.0 1.0 66.23646 89.24506 7.47875 1402.0
1.0 30.0 30.0 88.42254 139.92857 62.75082 351.0
1.0 30.0 1.0 66.23646 89.24506 7.47875 351.0
1.0 31.0 31.0 121.5224 38.94375 36.03534 2.0
1.0 31.0 1.0 66.23646 89.24506 7.47875 2.0
1.0 39.0 39.0 21.81761 50.13884 32.77347 269.0
1.0 39.0 1.0 66.23646 89.24506 7.47875 269.0
1.0 40.0 40.0 83.28338 23.52765 42.42919 15.0
1.0 40.0 1.0 66.23646 89.24506 7.47875 15.0
1.0 45.0 45.0 35.03534 116.36274 28.63151 1798.0
1.0 45.0 1.0 66.23646 89.24506 7.47875 1798.0
1.0 46.0 46.0 114.5372 130.25479 52.74625 147.0
1.0 46.0 1.0 66.23646 89.24506 7.47875 147.0
2.0 0.0 0.0 55.10779 48.88123 141.96916 10.0
2.0 0.0 2.0 27.43408 25.3007 87.71963 10.0
2.0 2.0 2.0 27.43408 25.3007 87.71963 6558.0
2.0 2.0 2.0 27.43408 25.3007 87.71963 6558.0
2.0 3.0 3.0 83.18858 3.83002 88.01186 305.0
2.0 3.0 2.0 27.43408 25.3007 87.71963 305.0
2.0 6.0 6.0 5.47717 84.79688 74.39838 431.0
2.0 6.0 2.0 27.43408 25.3007 87.71963 431.0
2.0 10.0 10.0 97.06109 3.9233 61.08836 1.0
2.0 10.0 2.0 27.43408 25.3007 87.71963 1.0
2.0 11.0 11.0 48.53677 14.09561 56.55726 1310.0
2.0 11.0 2.0 27.43408 25.3007 87.71963 1310.0
2.0 13.0 13.0 21.79103 31.15864 56.44347 1369.0
2.0 13.0 2.0 27.43408 25.3007 87.71963 1369.0
2.0 16.0 16.0 37.09744 39.10696 124.71251 715.0
2.0 16.0 2.0 27.43408 25.3007 87.71963 715.0
2.0 19.0 19.0 66.43329 15.7424 45.45693 10.0
2.0 19.0 2.0 27.43408 25.3007 87.71963 10.0
2.0 20.0 20.0 85.10297 53.72506 22.34332 1.0
2.0 20.0 2.0 27.43408 25.3007 87.71963 1.0
2.0 22.0 22.0 25.10412 80.01836 119.48054 80.0
2.0 22.0 2.0 27.43408 25.3007 87.71963 80.0
2.0 27.0 27.0 18.71402 45.36055 103.72693 1637.0
2.0 27.0 2.0 27.43408 25.3007 87.71963 1637.0
2.0 28.0 28.0 84.31727 38.96024 143.15509 1.0
2.0 28.0 2.0 27.43408 25.3007 87.71963 1.0
2.0 36.0 36.0 51.1756 19.51529 119.71874 527.0
2.0 36.0 2.0 27.43408 25.3007 87.71963 527.0
2.0 37.0 37.0 80.23958 11.05693 113.81049 447.0
2.0 37.0 2.0 27.43408 25.3007 87.71963 447.0
2.0 39.0 39.0 21.81761 50.13884 32.77347 158.0
2.0 39.0 2.0 27.43408 25.3007 87.71963 158.0
2.0 44.0 44.0 70.24779 22.71087 131.33636 33.0
2.0 44.0 2.0 27.43408 25.3007 87.71963 33.0
3.0 2.0 2.0 27.43408 25.3007 87.71963 307.0
3.0 2.0 3.0 83.18858 3.83002 88.01186 307.0
3.0 3.0 3.0 83.18858 3.83002 88.01186 7080.0
3.0 3.0 3.0 83.18858 3.83002 88.01186 7080.0
3.0 7.0 7.0 121.65417 13.43965 56.91435 213.0
3.0 7.0 3.0 83.18858 3.83002 88.01186 213.0
3.0 10.0 10.0 97.06109 3.9233 61.08836 1556.0
3.0 10.0 3.0 83.18858 3.83002 88.01186 1556.0
3.0 11.0 11.0 48.53677 14.09561 56.55726 1067.0
3.0 11.0 3.0 83.18858 3.83002 88.01186 1067.0
3.0 13.0 13.0 21.79103 31.15864 56.44347 6.0
3.0 13.0 3.0 83.18858 3.83002 88.01186 6.0
3.0 15.0 15.0 145.09769 26.53589 64.69804 13.0
3.0 15.0 3.0 83.18858 3.83002 88.01186 13.0
3.0 16.0 16.0 37.09744 39.10696 124.71251 13.0
3.0 16.0 3.0 83.18858 3.83002 88.01186 13.0
3.0 17.0 17.0 122.77276 10.9995 94.58587 1161.0
3.0 17.0 3.0 83.18858 3.83002 88.01186 1161.0
3.0 19.0 19.0 66.43329 15.7424 45.45693 420.0
3.0 19.0 3.0 83.18858 3.83002 88.01186 420.0
3.0 26.0 26.0 132.10101 45.18575 139.1456 1.0
3.0 26.0 3.0 83.18858 3.83002 88.01186 1.0
3.0 27.0 27.0 18.71402 45.36055 103.72693 1.0
3.0 27.0 3.0 83.18858 3.83002 88.01186 1.0
3.0 28.0 28.0 84.31727 38.96024 143.15509 7.0
3.0 28.0 3.0 83.18858 3.83002 88.01186 7.0
3.0 29.0 29.0 122.67003 20.58021 121.18019 223.0
3.0 29.0 3.0 83.18858 3.83002 88.01186 223.0
3.0 31.0 31.0 121.5224 38.94375 36.03534 1.0
3.0 31.0 3.0 83.18858 3.83002 88.01186 1.0
3.0 36.0 36.0 51.1756 19.51529 119.71874 149.0
3.0 36.0 3.0 83.18858 3.83002 88.01186 149.0
3.0 37.0 37.0 80.23958 11.05693 113.81049 2567.0
3.0 37.0 3.0 83.18858 3.83002 88.01186 2567.0
3.0 40.0 40.0 83.28338 23.52765 42.42919 139.0
3.0 40.0 3.0 83.18858 3.83002 88.01186 139.0
3.0 44.0 44.0 70.24779 22.71087 131.33636 59.0
3.0 44.0 3.0 83.18858 3.83002 88.01186 59.0
4.0 0.0 0.0 55.10779 48.88123 141.96916 16.0
4.0 0.0 4.0 72.10636 108.40049 139.6734 16.0
4.0 4.0 4.0 72.10636 108.40049 139.6734 6583.0
4.0 4.0 4.0 72.10636 108.40049 139.6734 6583.0
4.0 5.0 5.0 36.1865 130.04955 82.2532 88.0
4.0 5.0 4.0 72.10636 108.40049 139.6734 88.0
4.0 6.0 6.0 5.47717 84.79688 74.39838 2.0
4.0 6.0 4.0 72.10636 108.40049 139.6734 2.0
4.0 9.0 9.0 78.60163 139.92188 102.64729 274.0
4.0 9.0 4.0 72.10636 108.40049 139.6734 274.0
4.0 16.0 16.0 37.09744 39.10696 124.71251 2.0
4.0 16.0 4.0 72.10636 108.40049 139.6734 2.0
4.0 22.0 22.0 25.10412 80.01836 119.48054 465.0
4.0 22.0 4.0 72.10636 108.40049 139.6734 465.0
4.0 24.0 24.0 107.88214 87.20987 149.14798 1505.0
4.0 24.0 4.0 72.10636 108.40049 139.6734 1505.0
4.0 28.0 28.0 84.31727 38.96024 143.15509 4.0
4.0 28.0 4.0 72.10636 108.40049 139.6734 4.0
4.0 33.0 33.0 97.16725 49.93466 149.23534 4.0
4.0 33.0 4.0 72.10636 108.40049 139.6734 4.0
4.0 34.0 34.0 127.80824 111.22685 129.60159 865.0
4.0 34.0 4.0 72.10636 108.40049 139.6734 865.0
4.0 38.0 38.0 88.71047 68.42904 152.6186 225.0
4.0 38.0 4.0 72.10636 108.40049 139.6734 225.0
4.0 41.0 41.0 59.87786 126.06107 122.50956 2676.0
4.0 41.0 4.0 72.10636 108.40049 139.6734 2676.0
4.0 42.0 42.0 56.66487 85.2248 144.97221 2060.0
4.0 42.0 4.0 72.10636 108.40049 139.6734 2060.0
4.0 43.0 43.0 101.71949 137.72584 99.14615 80.0
4.0 43.0 4.0 72.10636 108.40049 139.6734 80.0
4.0 45.0 45.0 35.03534 116.36274 28.63151 1.0
4.0 45.0 4.0 72.10636 108.40049 139.6734 1.0
5.0 1.0 1.0 66.23646 89.24506 7.47875 16.0
5.0 1.0 5.0 36.1865 130.04955 82.2532 16.0
5.0 4.0 4.0 72.10636 108.40049 139.6734 95.0
5.0 4.0 5.0 36.1865 130.04955 82.2532 95.0
5.0 5.0 5.0 36.1865 130.04955 82.2532 21323.0
5.0 5.0 5.0 36.1865 130.04955 82.2532 21323.0
5.0 6.0 6.0 5.47717 84.79688 74.39838 1989.0
5.0 6.0 5.0 36.1865 130.04955 82.2532 1989.0
5.0 8.0 8.0 108.18514 85.96901 38.68971 4.0
5.0 8.0 5.0 36.1865 130.04955 82.2532 4.0
5.0 9.0 9.0 78.60163 139.92188 102.64729 1410.0
5.0 9.0 5.0 36.1865 130.04955 82.2532 1410.0
5.0 21.0 21.0 28.2882 78.10961 19.29206 16.0
5.0 21.0 5.0 36.1865 130.04955 82.2532 16.0
5.0 22.0 22.0 25.10412 80.01836 119.48054 1150.0
5.0 22.0 5.0 36.1865 130.04955 82.2532 1150.0
5.0 30.0 30.0 88.42254 139.92857 62.75082 1697.0
5.0 30.0 5.0 36.1865 130.04955 82.2532 1697.0
5.0 41.0 41.0 59.87786 126.06107 122.50956 2229.0
5.0 41.0 5.0 36.1865 130.04955 82.2532 2229.0
5.0 42.0 42.0 56.66487 85.2248 144.97221 33.0
5.0 42.0 5.0 36.1865 130.04955 82.2532 33.0
5.0 43.0 43.0 101.71949 137.72584 99.14615 75.0
5.0 43.0 5.0 36.1865 130.04955 82.2532 75.0
5.0 45.0 45.0 35.03534 116.36274 28.63151 1930.0
5.0 45.0 5.0 36.1865 130.04955 82.2532 1930.0
5.0 46.0 46.0 114.5372 130.25479 52.74625 11.0
5.0 46.0 5.0 36.1865 130.04955 82.2532 11.0
6.0 2.0 2.0 27.43408 25.3007 87.71963 526.0
6.0 2.0 6.0 5.47717 84.79688 74.39838 526.0
6.0 4.0 4.0 72.10636 108.40049 139.6734 4.0
6.0 4.0 6.0 5.47717 84.79688 74.39838 4.0
6.0 5.0 5.0 36.1865 130.04955 82.2532 1981.0
6.0 5.0 6.0 5.47717 84.79688 74.39838 1981.0
6.0 6.0 6.0 5.47717 84.79688 74.39838 15472.0
6.0 6.0 6.0 5.47717 84.79688 74.39838 15472.0
6.0 11.0 11.0 48.53677 14.09561 56.55726 1.0
6.0 11.0 6.0 5.47717 84.79688 74.39838 1.0
6.0 13.0 13.0 21.79103 31.15864 56.44347 403.0
6.0 13.0 6.0 5.47717 84.79688 74.39838 403.0
6.0 16.0 16.0 37.09744 39.10696 124.71251 9.0
6.0 16.0 6.0 5.47717 84.79688 74.39838 9.0
6.0 21.0 21.0 28.2882 78.10961 19.29206 646.0
6.0 21.0 6.0 5.47717 84.79688 74.39838 646.0
6.0 22.0 22.0 25.10412 80.01836 119.48054 2021.0
6.0 22.0 6.0 5.47717 84.79688 74.39838 2021.0
6.0 27.0 27.0 18.71402 45.36055 103.72693 841.0
6.0 27.0 6.0 5.47717 84.79688 74.39838 841.0
6.0 39.0 39.0 21.81761 50.13884 32.77347 1277.0
6.0 39.0 6.0 5.47717 84.79688 74.39838 1277.0
6.0 41.0 41.0 59.87786 126.06107 122.50956 18.0
6.0 41.0 6.0 5.47717 84.79688 74.39838 18.0
6.0 45.0 45.0 35.03534 116.36274 28.63151 948.0
6.0 45.0 6.0 5.47717 84.79688 74.39838 948.0
7.0 3.0 3.0 83.18858 3.83002 88.01186 204.0
7.0 3.0 7.0 121.65417 13.43965 56.91435 204.0
7.0 7.0 7.0 121.65417 13.43965 56.91435 4074.0
7.0 7.0 7.0 121.65417 13.43965 56.91435 4074.0
7.0 8.0 8.0 108.18514 85.96901 38.68971 8.0
7.0 8.0 7.0 121.65417 13.43965 56.91435 8.0
7.0 10.0 10.0 97.06109 3.9233 61.08836 1468.0
7.0 10.0 7.0 121.65417 13.43965 56.91435 1468.0
7.0 15.0 15.0 145.09769 26.53589 64.69804 1464.0
7.0 15.0 7.0 121.65417 13.43965 56.91435 1464.0
7.0 17.0 17.0 122.77276 10.9995 94.58587 800.0
7.0 17.0 7.0 121.65417 13.43965 56.91435 800.0
7.0 18.0 18.0 159.19718 24.83887 93.9379 37.0
7.0 18.0 7.0 121.65417 13.43965 56.91435 37.0
7.0 19.0 19.0 66.43329 15.7424 45.45693 13.0
7.0 19.0 7.0 121.65417 13.43965 56.91435 13.0
7.0 20.0 20.0 85.10297 53.72506 22.34332 31.0
7.0 20.0 7.0 121.65417 13.43965 56.91435 31.0
7.0 23.0 23.0 173.48768 43.55856 76.99159 12.0
7.0 23.0 7.0 121.65417 13.43965 56.91435 12.0
7.0 29.0 29.0 122.67003 20.58021 121.18019 12.0
7.0 29.0 7.0 121.65417 13.43965 56.91435 12.0
7.0 31.0 31.0 121.5224 38.94375 36.03534 1556.0
7.0 31.0 7.0 121.65417 13.43965 56.91435 1556.0
7.0 32.0 32.0 156.97316 89.10658 57.97733 3.0
7.0 32.0 7.0 121.65417 13.43965 56.91435 3.0
7.0 37.0 37.0 80.23958 11.05693 113.81049 4.0
7.0 37.0 7.0 121.65417 13.43965 56.91435 4.0
7.0 40.0 40.0 83.28338 23.52765 42.42919 296.0
7.0 40.0 7.0 121.65417 13.43965 56.91435 296.0
8.0 1.0 1.0 66.23646 89.24506 7.47875 1478.0
8.0 1.0 8.0 108.18514 85.96901 38.68971 1478.0
8.0 3.0 3.0 83.18858 3.83002 88.01186 1.0
8.0 3.0 8.0 108.18514 85.96901 38.68971 1.0
8.0 4.0 4.0 72.10636 108.40049 139.6734 1.0
8.0 4.0 8.0 108.18514 85.96901 38.68971 1.0
8.0 5.0 5.0 36.1865 130.04955 82.2532 8.0
8.0 5.0 8.0 108.18514 85.96901 38.68971 8.0
8.0 7.0 7.0 121.65417 13.43965 56.91435 4.0
8.0 7.0 8.0 108.18514 85.96901 38.68971 4.0
8.0 8.0 8.0 108.18514 85.96901 38.68971 28108.0
8.0 8.0 8.0 108.18514 85.96901 38.68971 28108.0
8.0 12.0 12.0 179.81052 86.40016 84.85307 5.0
8.0 12.0 8.0 108.18514 85.96901 38.68971 5.0
8.0 14.0 14.0 128.3048 116.03795 40.2767 2597.0
8.0 14.0 8.0 108.18514 85.96901 38.68971 2597.0
8.0 15.0 15.0 145.09769 26.53589 64.69804 44.0
8.0 15.0 8.0 108.18514 85.96901 38.68971 44.0
8.0 20.0 20.0 85.10297 53.72506 22.34332 2930.0
8.0 20.0 8.0 108.18514 85.96901 38.68971 2930.0
8.0 23.0 23.0 173.48768 43.55856 76.99159 5.0
8.0 23.0 8.0 108.18514 85.96901 38.68971 5.0
8.0 24.0 24.0 107.88214 87.20987 149.14798 1.0
8.0 24.0 8.0 108.18514 85.96901 38.68971 1.0
8.0 30.0 30.0 88.42254 139.92857 62.75082 575.0
8.0 30.0 8.0 108.18514 85.96901 38.68971 575.0
8.0 31.0 31.0 121.5224 38.94375 36.03534 1744.0
8.0 31.0 8.0 108.18514 85.96901 38.68971 1744.0
8.0 32.0 32.0 156.97316 89.10658 57.97733 1423.0
8.0 32.0 8.0 108.18514 85.96901 38.68971 1423.0
8.0 35.0 35.0 147.78634 121.14164 95.65942 1.0
8.0 35.0 8.0 108.18514 85.96901 38.68971 1.0
8.0 40.0 40.0 83.28338 23.52765 42.42919 19.0
8.0 40.0 8.0 108.18514 85.96901 38.68971 19.0
8.0 41.0 41.0 59.87786 126.06107 122.50956 1.0
8.0 41.0 8.0 108.18514 85.96901 38.68971 1.0
8.0 43.0 43.0 101.71949 137.72584 99.14615 1.0
8.0 43.0 8.0 108.18514 85.96901 38.68971 1.0
8.0 45.0 45.0 35.03534 116.36274 28.63151 73.0
8.0 45.0 8.0 108.18514 85.96901 38.68971 73.0
8.0 46.0 46.0 114.5372 130.25479 52.74625 1063.0
8.0 46.0 8.0 108.18514 85.96901 38.68971 1063.0
9.0 4.0 4.0 72.10636 108.40049 139.6734 286.0
9.0 4.0 9.0 78.60163 139.92188 102.64729 286.0
9.0 5.0 5.0 36.1865 130.04955 82.2532 1336.0
9.0 5.0 9.0 78.60163 139.92188 102.64729 1336.0
9.0 9.0 9.0 78.60163 139.92188 102.64729 4828.0
9.0 9.0 9.0 78.60163 139.92188 102.64729 4828.0
9.0 22.0 22.0 25.10412 80.01836 119.48054 1.0
9.0 22.0 9.0 78.60163 139.92188 102.64729 1.0
9.0 24.0 24.0 107.88214 87.20987 149.14798 20.0
9.0 24.0 9.0 78.60163 139.92188 102.64729 20.0
9.0 30.0 30.0 88.42254 139.92857 62.75082 1180.0
9.0 30.0 9.0 78.60163 139.92188 102.64729 1180.0
9.0 34.0 34.0 127.80824 111.22685 129.60159 588.0
9.0 34.0 9.0 78.60163 139.92188 102.64729 588.0
9.0 35.0 35.0 147.78634 121.14164 95.65942 17.0
9.0 35.0 9.0 78.60163 139.92188 102.64729 17.0
9.0 41.0 41.0 59.87786 126.06107 122.50956 2143.0
9.0 41.0 9.0 78.60163 139.92188 102.64729 2143.0
9.0 43.0 43.0 101.71949 137.72584 99.14615 1995.0
9.0 43.0 9.0 78.60163 139.92188 102.64729 1995.0
9.0 45.0 45.0 35.03534 116.36274 28.63151 3.0
9.0 45.0 9.0 78.60163 139.92188 102.64729 3.0
9.0 46.0 46.0 114.5372 130.25479 52.74625 1.0
9.0 46.0 9.0 78.60163 139.92188 102.64729 1.0
10.0 2.0 2.0 27.43408 25.3007 87.71963 2.0
10.0 2.0 10.0 97.06109 3.9233 61.08836 2.0
10.0 3.0 3.0 83.18858 3.83002 88.01186 1564.0
10.0 3.0 10.0 97.06109 3.9233 61.08836 1564.0
10.0 7.0 7.0 121.65417 13.43965 56.91435 1459.0
10.0 7.0 10.0 97.06109 3.9233 61.08836 1459.0
10.0 10.0 10.0 97.06109 3.9233 61.08836 4164.0
10.0 10.0 10.0 97.06109 3.9233 61.08836 4164.0
10.0 11.0 11.0 48.53677 14.09561 56.55726 195.0
10.0 11.0 10.0 97.06109 3.9233 61.08836 195.0
10.0 15.0 15.0 145.09769 26.53589 64.69804 66.0
10.0 15.0 10.0 97.06109 3.9233 61.08836 66.0
10.0 17.0 17.0 122.77276 10.9995 94.58587 443.0
10.0 17.0 10.0 97.06109 3.9233 61.08836 443.0
10.0 18.0 18.0 159.19718 24.83887 93.9379 2.0
10.0 18.0 10.0 97.06109 3.9233 61.08836 2.0
10.0 19.0 19.0 66.43329 15.7424 45.45693 566.0
10.0 19.0 10.0 97.06109 3.9233 61.08836 566.0
10.0 20.0 20.0 85.10297 53.72506 22.34332 40.0
10.0 20.0 10.0 97.06109 3.9233 61.08836 40.0
10.0 29.0 29.0 122.67003 20.58021 121.18019 6.0
10.0 29.0 10.0 97.06109 3.9233 61.08836 6.0
10.0 31.0 31.0 121.5224 38.94375 36.03534 378.0
10.0 31.0 10.0 97.06109 3.9233 61.08836 378.0
10.0 37.0 37.0 80.23958 11.05693 113.81049 49.0
10.0 37.0 10.0 97.06109 3.9233 61.08836 49.0
10.0 40.0 40.0 83.28338 23.52765 42.42919 1214.0
10.0 40.0 10.0 97.06109 3.9233 61.08836 1214.0
11.0 1.0 1.0 66.23646 89.24506 7.47875 18.0
11.0 1.0 11.0 48.53677 14.09561 56.55726 18.0
11.0 2.0 2.0 27.43408 25.3007 87.71963 1331.0
11.0 2.0 11.0 48.53677 14.09561 56.55726 1331.0
11.0 3.0 3.0 83.18858 3.83002 88.01186 1091.0
11.0 3.0 11.0 48.53677 14.09561 56.55726 1091.0
11.0 6.0 6.0 5.47717 84.79688 74.39838 1.0
11.0 6.0 11.0 48.53677 14.09561 56.55726 1.0
11.0 8.0 8.0 108.18514 85.96901 38.68971 1.0
11.0 8.0 11.0 48.53677 14.09561 56.55726 1.0
11.0 10.0 10.0 97.06109 3.9233 61.08836 180.0
11.0 10.0 11.0 48.53677 14.09561 56.55726 180.0
11.0 11.0 11.0 48.53677 14.09561 56.55726 8122.0
11.0 11.0 11.0 48.53677 14.09561 56.55726 8122.0
11.0 13.0 13.0 21.79103 31.15864 56.44347 1472.0
11.0 13.0 11.0 48.53677 14.09561 56.55726 1472.0
11.0 16.0 16.0 37.09744 39.10696 124.71251 15.0
11.0 16.0 11.0 48.53677 14.09561 56.55726 15.0
11.0 19.0 19.0 66.43329 15.7424 45.45693 2058.0
11.0 19.0 11.0 48.53677 14.09561 56.55726 2058.0
11.0 20.0 20.0 85.10297 53.72506 22.34332 264.0
11.0 20.0 11.0 48.53677 14.09561 56.55726 264.0
11.0 21.0 21.0 28.2882 78.10961 19.29206 29.0
11.0 21.0 11.0 48.53677 14.09561 56.55726 29.0
11.0 27.0 27.0 18.71402 45.36055 103.72693 8.0
11.0 27.0 11.0 48.53677 14.09561 56.55726 8.0
11.0 31.0 31.0 121.5224 38.94375 36.03534 5.0
11.0 31.0 11.0 48.53677 14.09561 56.55726 5.0
11.0 36.0 36.0 51.1756 19.51529 119.71874 67.0
11.0 36.0 11.0 48.53677 14.09561 56.55726 67.0
11.0 37.0 37.0 80.23958 11.05693 113.81049 260.0
11.0 37.0 11.0 48.53677 14.09561 56.55726 260.0
11.0 39.0 39.0 21.81761 50.13884 32.77347 853.0
11.0 39.0 11.0 48.53677 14.09561 56.55726 853.0
11.0 40.0 40.0 83.28338 23.52765 42.42919 526.0
11.0 40.0 11.0 48.53677 14.09561 56.55726 526.0
11.0 44.0 44.0 70.24779 22.71087 131.33636 4.0
11.0 44.0 11.0 48.53677 14.09561 56.55726 4.0
12.0 8.0 8.0 108.18514 85.96901 38.68971 1.0
12.0 8.0 12.0 179.81052 86.40016 84.85307 1.0
12.0 12.0 12.0 179.81052 86.40016 84.85307 5867.0
12.0 12.0 12.0 179.81052 86.40016 84.85307 5867.0
12.0 14.0 14.0 128.3048 116.03795 40.2767 2.0
12.0 14.0 12.0 179.81052 86.40016 84.85307 2.0
12.0 15.0 15.0 145.09769 26.53589 64.69804 34.0
12.0 15.0 12.0 179.81052 86.40016 84.85307 34.0
12.0 18.0 18.0 159.19718 24.83887 93.9379 14.0
12.0 18.0 12.0 179.81052 86.40016 84.85307 14.0
12.0 23.0 23.0 173.48768 43.55856 76.99159 569.0
12.0 23.0 12.0 179.81052 86.40016 84.85307 569.0
12.0 25.0 25.0 182.84299 63.99361 100.29791 1145.0
12.0 25.0 12.0 179.81052 86.40016 84.85307 1145.0
12.0 31.0 31.0 121.5224 38.94375 36.03534 11.0
12.0 31.0 12.0 179.81052 86.40016 84.85307 11.0
12.0 32.0 32.0 156.97316 89.10658 57.97733 1754.0
12.0 32.0 12.0 179.81052 86.40016 84.85307 1754.0
12.0 34.0 34.0 127.80824 111.22685 129.60159 91.0
12.0 34.0 12.0 179.81052 86.40016 84.85307 91.0
12.0 35.0 35.0 147.78634 121.14164 95.65942 1220.0
12.0 35.0 12.0 179.81052 86.40016 84.85307 1220.0
12.0 46.0 46.0 114.5372 130.25479 52.74625 4.0
12.0 46.0 12.0 179.81052 86.40016 84.85307 4.0
12.0 47.0 47.0 164.20161 62.76444 126.1139 431.0
12.0 47.0 12.0 179.81052 86.40016 84.85307 431.0
13.0 2.0 2.0 27.43408 25.3007 87.71963 1372.0
13.0 2.0 13.0 21.79103 31.15864 56.44347 1372.0
13.0 3.0 3.0 83.18858 3.83002 88.01186 3.0
13.0 3.0 13.0 21.79103 31.15864 56.44347 3.0
13.0 6.0 6.0 5.47717 84.79688 74.39838 397.0
13.0 6.0 13.0 21.79103 31.15864 56.44347 397.0
13.0 11.0 11.0 48.53677 14.09561 56.55726 1560.0
13.0 11.0 13.0 21.79103 31.15864 56.44347 1560.0
13.0 13.0 13.0 21.79103 31.15864 56.44347 3802.0
13.0 13.0 13.0 21.79103 31.15864 56.44347 3802.0
13.0 19.0 19.0 66.43329 15.7424 45.45693 77.0
13.0 19.0 13.0 21.79103 31.15864 56.44347 77.0
13.0 20.0 20.0 85.10297 53.72506 22.34332 7.0
13.0 20.0 13.0 21.79103 31.15864 56.44347 7.0
13.0 21.0 21.0 28.2882 78.10961 19.29206 10.0
13.0 21.0 13.0 21.79103 31.15864 56.44347 10.0
13.0 22.0 22.0 25.10412 80.01836 119.48054 4.0
13.0 22.0 13.0 21.79103 31.15864 56.44347 4.0
13.0 27.0 27.0 18.71402 45.36055 103.72693 100.0
13.0 27.0 13.0 21.79103 31.15864 56.44347 100.0
13.0 36.0 36.0 51.1756 19.51529 119.71874 2.0
13.0 36.0 13.0 21.79103 31.15864 56.44347 2.0
13.0 37.0 37.0 80.23958 11.05693 113.81049 3.0
13.0 37.0 13.0 21.79103 31.15864 56.44347 3.0
13.0 39.0 39.0 21.81761 50.13884 32.77347 1728.0
13.0 39.0 13.0 21.79103 31.15864 56.44347 1728.0
13.0 40.0 40.0 83.28338 23.52765 42.42919 2.0
13.0 40.0 13.0 21.79103 31.15864 56.44347 2.0
14.0 1.0 1.0 66.23646 89.24506 7.47875 50.0
14.0 1.0 14.0 128.3048 116.03795 40.2767 50.0
14.0 8.0 8.0 108.18514 85.96901 38.68971 2709.0
14.0 8.0 14.0 128.3048 116.03795 40.2767 2709.0
14.0 12.0 12.0 179.81052 86.40016 84.85307 10.0
14.0 12.0 14.0 128.3048 116.03795 40.2767 10.0
14.0 14.0 14.0 128.3048 116.03795 40.2767 7164.0
14.0 14.0 14.0 128.3048 116.03795 40.2767 7164.0
14.0 20.0 20.0 85.10297 53.72506 22.34332 9.0
14.0 20.0 14.0 128.3048 116.03795 40.2767 9.0
14.0 30.0 30.0 88.42254 139.92857 62.75082 207.0
14.0 30.0 14.0 128.3048 116.03795 40.2767 207.0
14.0 31.0 31.0 121.5224 38.94375 36.03534 7.0
14.0 31.0 14.0 128.3048 116.03795 40.2767 7.0
14.0 32.0 32.0 156.97316 89.10658 57.97733 1356.0
14.0 32.0 14.0 128.3048 116.03795 40.2767 1356.0
14.0 35.0 35.0 147.78634 121.14164 95.65942 319.0
14.0 35.0 14.0 128.3048 116.03795 40.2767 319.0
14.0 43.0 43.0 101.71949 137.72584 99.14615 2.0
14.0 43.0 14.0 128.3048 116.03795 40.2767 2.0
14.0 46.0 46.0 114.5372 130.25479 52.74625 2847.0
14.0 46.0 14.0 128.3048 116.03795 40.2767 2847.0
15.0 3.0 3.0 83.18858 3.83002 88.01186 20.0
15.0 3.0 15.0 145.09769 26.53589 64.69804 20.0
15.0 7.0 7.0 121.65417 13.43965 56.91435 1499.0
15.0 7.0 15.0 145.09769 26.53589 64.69804 1499.0
15.0 8.0 8.0 108.18514 85.96901 38.68971 72.0
15.0 8.0 15.0 145.09769 26.53589 64.69804 72.0
15.0 10.0 10.0 97.06109 3.9233 61.08836 71.0
15.0 10.0 15.0 145.09769 26.53589 64.69804 71.0
15.0 12.0 12.0 179.81052 86.40016 84.85307 31.0
15.0 12.0 15.0 145.09769 26.53589 64.69804 31.0
15.0 15.0 15.0 145.09769 26.53589 64.69804 5065.0
15.0 15.0 15.0 145.09769 26.53589 64.69804 5065.0
15.0 17.0 17.0 122.77276 10.9995 94.58587 890.0
15.0 17.0 15.0 145.09769 26.53589 64.69804 890.0
15.0 18.0 18.0 159.19718 24.83887 93.9379 1002.0
15.0 18.0 15.0 145.09769 26.53589 64.69804 1002.0
15.0 23.0 23.0 173.48768 43.55856 76.99159 727.0
15.0 23.0 15.0 145.09769 26.53589 64.69804 727.0
15.0 25.0 25.0 182.84299 63.99361 100.29791 7.0
15.0 25.0 15.0 145.09769 26.53589 64.69804 7.0
15.0 26.0 26.0 132.10101 45.18575 139.1456 7.0
15.0 26.0 15.0 145.09769 26.53589 64.69804 7.0
15.0 29.0 29.0 122.67003 20.58021 121.18019 53.0
15.0 29.0 15.0 145.09769 26.53589 64.69804 53.0
15.0 31.0 31.0 121.5224 38.94375 36.03534 1365.0
15.0 31.0 15.0 145.09769 26.53589 64.69804 1365.0
15.0 32.0 32.0 156.97316 89.10658 57.97733 341.0
15.0 32.0 15.0 145.09769 26.53589 64.69804 341.0
15.0 37.0 37.0 80.23958 11.05693 113.81049 1.0
15.0 37.0 15.0 145.09769 26.53589 64.69804 1.0
15.0 40.0 40.0 83.28338 23.52765 42.42919 4.0
15.0 40.0 15.0 145.09769 26.53589 64.69804 4.0
15.0 47.0 47.0 164.20161 62.76444 126.1139 11.0
15.0 47.0 15.0 145.09769 26.53589 64.69804 11.0
16.0 0.0 0.0 55.10779 48.88123 141.96916 1392.0
16.0 0.0 16.0 37.09744 39.10696 124.71251 1392.0
16.0 2.0 2.0 27.43408 25.3007 87.71963 734.0
16.0 2.0 16.0 37.09744 39.10696 124.71251 734.0
16.0 3.0 3.0 83.18858 3.83002 88.01186 15.0
16.0 3.0 16.0 37.09744 39.10696 124.71251 15.0
16.0 4.0 4.0 72.10636 108.40049 139.6734 2.0
16.0 4.0 16.0 37.09744 39.10696 124.71251 2.0
16.0 6.0 6.0 5.47717 84.79688 74.39838 9.0
16.0 6.0 16.0 37.09744 39.10696 124.71251 9.0
16.0 11.0 11.0 48.53677 14.09561 56.55726 17.0
16.0 11.0 16.0 37.09744 39.10696 124.71251 17.0
16.0 13.0 13.0 21.79103 31.15864 56.44347 1.0
16.0 13.0 16.0 37.09744 39.10696 124.71251 1.0
16.0 16.0 16.0 37.09744 39.10696 124.71251 4163.0
16.0 16.0 16.0 37.09744 39.10696 124.71251 4163.0
16.0 22.0 22.0 25.10412 80.01836 119.48054 1230.0
16.0 22.0 16.0 37.09744 39.10696 124.71251 1230.0
16.0 23.0 23.0 173.48768 43.55856 76.99159 1.0
16.0 23.0 16.0 37.09744 39.10696 124.71251 1.0
16.0 26.0 26.0 132.10101 45.18575 139.1456 1.0
16.0 26.0 16.0 37.09744 39.10696 124.71251 1.0
16.0 27.0 27.0 18.71402 45.36055 103.72693 1142.0
16.0 27.0 16.0 37.09744 39.10696 124.71251 1142.0
16.0 28.0 28.0 84.31727 38.96024 143.15509 53.0
16.0 28.0 16.0 37.09744 39.10696 124.71251 53.0
16.0 33.0 33.0 97.16725 49.93466 149.23534 5.0
16.0 33.0 16.0 37.09744 39.10696 124.71251 5.0
16.0 36.0 36.0 51.1756 19.51529 119.71874 1034.0
16.0 36.0 16.0 37.09744 39.10696 124.71251 1034.0
16.0 37.0 37.0 80.23958 11.05693 113.81049 159.0
16.0 37.0 16.0 37.09744 39.10696 124.71251 159.0
16.0 38.0 38.0 88.71047 68.42904 152.6186 13.0
16.0 38.0 16.0 37.09744 39.10696 124.71251 13.0
16.0 42.0 42.0 56.66487 85.2248 144.97221 171.0
16.0 42.0 16.0 37.09744 39.10696 124.71251 171.0
16.0 44.0 44.0 70.24779 22.71087 131.33636 241.0
16.0 44.0 16.0 37.09744 39.10696 124.71251 241.0
17.0 3.0 3.0 83.18858 3.83002 88.01186 1187.0
17.0 3.0 17.0 122.77276 10.9995 94.58587 1187.0
17.0 7.0 7.0 121.65417 13.43965 56.91435 814.0
17.0 7.0 17.0 122.77276 10.9995 94.58587 814.0
17.0 10.0 10.0 97.06109 3.9233 61.08836 485.0
17.0 10.0 17.0 122.77276 10.9995 94.58587 485.0
17.0 15.0 15.0 145.09769 26.53589 64.69804 893.0
17.0 15.0 17.0 122.77276 10.9995 94.58587 893.0
17.0 17.0 17.0 122.77276 10.9995 94.58587 5010.0
17.0 17.0 17.0 122.77276 10.9995 94.58587 5010.0
17.0 18.0 18.0 159.19718 24.83887 93.9379 589.0
17.0 18.0 17.0 122.77276 10.9995 94.58587 589.0
17.0 19.0 19.0 66.43329 15.7424 45.45693 2.0
17.0 19.0 17.0 122.77276 10.9995 94.58587 2.0
17.0 23.0 23.0 173.48768 43.55856 76.99159 9.0
17.0 23.0 17.0 122.77276 10.9995 94.58587 9.0
17.0 26.0 26.0 132.10101 45.18575 139.1456 78.0
17.0 26.0 17.0 122.77276 10.9995 94.58587 78.0
17.0 28.0 28.0 84.31727 38.96024 143.15509 11.0
17.0 28.0 17.0 122.77276 10.9995 94.58587 11.0
17.0 29.0 29.0 122.67003 20.58021 121.18019 1501.0
17.0 29.0 17.0 122.77276 10.9995 94.58587 1501.0
17.0 31.0 31.0 121.5224 38.94375 36.03534 5.0
17.0 31.0 17.0 122.77276 10.9995 94.58587 5.0
17.0 33.0 33.0 97.16725 49.93466 149.23534 2.0
17.0 33.0 17.0 122.77276 10.9995 94.58587 2.0
17.0 37.0 37.0 80.23958 11.05693 113.81049 488.0
17.0 37.0 17.0 122.77276 10.9995 94.58587 488.0
17.0 40.0 40.0 83.28338 23.52765 42.42919 3.0
17.0 40.0 17.0 122.77276 10.9995 94.58587 3.0
17.0 44.0 44.0 70.24779 22.71087 131.33636 3.0
17.0 44.0 17.0 122.77276 10.9995 94.58587 3.0
17.0 45.0 45.0 35.03534 116.36274 28.63151 1.0
17.0 45.0 17.0 122.77276 10.9995 94.58587 1.0
17.0 47.0 47.0 164.20161 62.76444 126.1139 15.0
17.0 47.0 17.0 122.77276 10.9995 94.58587 15.0
18.0 3.0 3.0 83.18858 3.83002 88.01186 2.0
18.0 3.0 18.0 159.19718 24.83887 93.9379 2.0
18.0 7.0 7.0 121.65417 13.43965 56.91435 41.0
18.0 7.0 18.0 159.19718 24.83887 93.9379 41.0
18.0 12.0 12.0 179.81052 86.40016 84.85307 10.0
18.0 12.0 18.0 159.19718 24.83887 93.9379 10.0
18.0 15.0 15.0 145.09769 26.53589 64.69804 1110.0
18.0 15.0 18.0 159.19718 24.83887 93.9379 1110.0
18.0 17.0 17.0 122.77276 10.9995 94.58587 616.0
18.0 17.0 18.0 159.19718 24.83887 93.9379 616.0
18.0 18.0 18.0 159.19718 24.83887 93.9379 3189.0
18.0 18.0 18.0 159.19718 24.83887 93.9379 3189.0
18.0 23.0 23.0 173.48768 43.55856 76.99159 964.0
18.0 23.0 18.0 159.19718 24.83887 93.9379 964.0
18.0 25.0 25.0 182.84299 63.99361 100.29791 105.0
18.0 25.0 18.0 159.19718 24.83887 93.9379 105.0
18.0 26.0 26.0 132.10101 45.18575 139.1456 218.0
18.0 26.0 18.0 159.19718 24.83887 93.9379 218.0
18.0 29.0 29.0 122.67003 20.58021 121.18019 571.0
18.0 29.0 18.0 159.19718 24.83887 93.9379 571.0
18.0 31.0 31.0 121.5224 38.94375 36.03534 10.0
18.0 31.0 18.0 159.19718 24.83887 93.9379 10.0
18.0 32.0 32.0 156.97316 89.10658 57.97733 11.0
18.0 32.0 18.0 159.19718 24.83887 93.9379 11.0
18.0 37.0 37.0 80.23958 11.05693 113.81049 2.0
18.0 37.0 18.0 159.19718 24.83887 93.9379 2.0
18.0 47.0 47.0 164.20161 62.76444 126.1139 633.0
18.0 47.0 18.0 159.19718 24.83887 93.9379 633.0
19.0 1.0 1.0 66.23646 89.24506 7.47875 20.0
19.0 1.0 19.0 66.43329 15.7424 45.45693 20.0
19.0 2.0 2.0 27.43408 25.3007 87.71963 15.0
19.0 2.0 19.0 66.43329 15.7424 45.45693 15.0
19.0 3.0 3.0 83.18858 3.83002 88.01186 462.0
19.0 3.0 19.0 66.43329 15.7424 45.45693 462.0
19.0 7.0 7.0 121.65417 13.43965 56.91435 10.0
19.0 7.0 19.0 66.43329 15.7424 45.45693 10.0
19.0 8.0 8.0 108.18514 85.96901 38.68971 1.0
19.0 8.0 19.0 66.43329 15.7424 45.45693 1.0
19.0 10.0 10.0 97.06109 3.9233 61.08836 556.0
19.0 10.0 19.0 66.43329 15.7424 45.45693 556.0
19.0 11.0 11.0 48.53677 14.09561 56.55726 1879.0
19.0 11.0 19.0 66.43329 15.7424 45.45693 1879.0
19.0 13.0 13.0 21.79103 31.15864 56.44347 66.0
19.0 13.0 19.0 66.43329 15.7424 45.45693 66.0
19.0 17.0 17.0 122.77276 10.9995 94.58587 1.0
19.0 17.0 19.0 66.43329 15.7424 45.45693 1.0
19.0 19.0 19.0 66.43329 15.7424 45.45693 2087.0
19.0 19.0 19.0 66.43329 15.7424 45.45693 2087.0
19.0 20.0 20.0 85.10297 53.72506 22.34332 536.0
19.0 20.0 19.0 66.43329 15.7424 45.45693 536.0
19.0 21.0 21.0 28.2882 78.10961 19.29206 19.0
19.0 21.0 19.0 66.43329 15.7424 45.45693 19.0
19.0 31.0 31.0 121.5224 38.94375 36.03534 34.0
19.0 31.0 19.0 66.43329 15.7424 45.45693 34.0
19.0 37.0 37.0 80.23958 11.05693 113.81049 20.0
19.0 37.0 19.0 66.43329 15.7424 45.45693 20.0
19.0 39.0 39.0 21.81761 50.13884 32.77347 212.0
19.0 39.0 19.0 66.43329 15.7424 45.45693 212.0
19.0 40.0 40.0 83.28338 23.52765 42.42919 1594.0
19.0 40.0 19.0 66.43329 15.7424 45.45693 1594.0
20.0 1.0 1.0 66.23646 89.24506 7.47875 1974.0
20.0 1.0 20.0 85.10297 53.72506 22.34332 1974.0
20.0 7.0 7.0 121.65417 13.43965 56.91435 11.0
20.0 7.0 20.0 85.10297 53.72506 22.34332 11.0
20.0 8.0 8.0 108.18514 85.96901 38.68971 3087.0
20.0 8.0 20.0 85.10297 53.72506 22.34332 3087.0
20.0 10.0 10.0 97.06109 3.9233 61.08836 27.0
20.0 10.0 20.0 85.10297 53.72506 22.34332 27.0
20.0 11.0 11.0 48.53677 14.09561 56.55726 249.0
20.0 11.0 20.0 85.10297 53.72506 22.34332 249.0
20.0 12.0 12.0 179.81052 86.40016 84.85307 1.0
20.0 12.0 20.0 85.10297 53.72506 22.34332 1.0
20.0 13.0 13.0 21.79103 31.15864 56.44347 6.0
20.0 13.0 20.0 85.10297 53.72506 22.34332 6.0
20.0 14.0 14.0 128.3048 116.03795 40.2767 5.0
20.0 14.0 20.0 85.10297 53.72506 22.34332 5.0
20.0 15.0 15.0 145.09769 26.53589 64.69804 1.0
20.0 15.0 20.0 85.10297 53.72506 22.34332 1.0
20.0 19.0 19.0 66.43329 15.7424 45.45693 525.0
20.0 19.0 20.0 85.10297 53.72506 22.34332 525.0
20.0 20.0 20.0 85.10297 53.72506 22.34332 12231.0
20.0 20.0 20.0 85.10297 53.72506 22.34332 12231.0
20.0 21.0 21.0 28.2882 78.10961 19.29206 242.0
20.0 21.0 20.0 85.10297 53.72506 22.34332 242.0
20.0 31.0 31.0 121.5224 38.94375 36.03534 2008.0
20.0 31.0 20.0 85.10297 53.72506 22.34332 2008.0
20.0 32.0 32.0 156.97316 89.10658 57.97733 4.0
20.0 32.0 20.0 85.10297 53.72506 22.34332 4.0
20.0 39.0 39.0 21.81761 50.13884 32.77347 488.0
20.0 39.0 20.0 85.10297 53.72506 22.34332 488.0
20.0 40.0 40.0 83.28338 23.52765 42.42919 1630.0
20.0 40.0 20.0 85.10297 53.72506 22.34332 1630.0
20.0 45.0 45.0 35.03534 116.36274 28.63151 2.0
20.0 45.0 20.0 85.10297 53.72506 22.34332 2.0
21.0 1.0 1.0 66.23646 89.24506 7.47875 1463.0
21.0 1.0 21.0 28.2882 78.10961 19.29206 1463.0
21.0 5.0 5.0 36.1865 130.04955 82.2532 11.0
21.0 5.0 21.0 28.2882 78.10961 19.29206 11.0
21.0 6.0 6.0 5.47717 84.79688 74.39838 592.0
21.0 6.0 21.0 28.2882 78.10961 19.29206 592.0
21.0 8.0 8.0 108.18514 85.96901 38.68971 2.0
21.0 8.0 21.0 28.2882 78.10961 19.29206 2.0
21.0 11.0 11.0 48.53677 14.09561 56.55726 28.0
21.0 11.0 21.0 28.2882 78.10961 19.29206 28.0
21.0 12.0 12.0 179.81052 86.40016 84.85307 1.0
21.0 12.0 21.0 28.2882 78.10961 19.29206 1.0
21.0 13.0 13.0 21.79103 31.15864 56.44347 8.0
21.0 13.0 21.0 28.2882 78.10961 19.29206 8.0
21.0 19.0 19.0 66.43329 15.7424 45.45693 14.0
21.0 19.0 21.0 28.2882 78.10961 19.29206 14.0
21.0 20.0 20.0 85.10297 53.72506 22.34332 249.0
21.0 20.0 21.0 28.2882 78.10961 19.29206 249.0
21.0 21.0 21.0 28.2882 78.10961 19.29206 6205.0
21.0 21.0 21.0 28.2882 78.10961 19.29206 6205.0
21.0 39.0 39.0 21.81761 50.13884 32.77347 2242.0
21.0 39.0 21.0 28.2882 78.10961 19.29206 2242.0
21.0 40.0 40.0 83.28338 23.52765 42.42919 3.0
21.0 40.0 21.0 28.2882 78.10961 19.29206 3.0
21.0 45.0 45.0 35.03534 116.36274 28.63151 1862.0
21.0 45.0 21.0 28.2882 78.10961 19.29206 1862.0
22.0 0.0 0.0 55.10779 48.88123 141.96916 605.0
22.0 0.0 22.0 25.10412 80.01836 119.48054 605.0
22.0 2.0 2.0 27.43408 25.3007 87.71963 81.0
22.0 2.0 22.0 25.10412 80.01836 119.48054 81.0
22.0 4.0 4.0 72.10636 108.40049 139.6734 460.0
22.0 4.0 22.0 25.10412 80.01836 119.48054 460.0
22.0 5.0 5.0 36.1865 130.04955 82.2532 1176.0
22.0 5.0 22.0 25.10412 80.01836 119.48054 1176.0
22.0 6.0 6.0 5.47717 84.79688 74.39838 1836.0
22.0 6.0 22.0 25.10412 80.01836 119.48054 1836.0
22.0 8.0 8.0 108.18514 85.96901 38.68971 1.0
22.0 8.0 22.0 25.10412 80.01836 119.48054 1.0
22.0 13.0 13.0 21.79103 31.15864 56.44347 3.0
22.0 13.0 22.0 25.10412 80.01836 119.48054 3.0
22.0 16.0 16.0 37.09744 39.10696 124.71251 1210.0
22.0 16.0 22.0 25.10412 80.01836 119.48054 1210.0
22.0 22.0 22.0 25.10412 80.01836 119.48054 13632.0
22.0 22.0 22.0 25.10412 80.01836 119.48054 13632.0
22.0 27.0 27.0 18.71402 45.36055 103.72693 1293.0
22.0 27.0 22.0 25.10412 80.01836 119.48054 1293.0
22.0 28.0 28.0 84.31727 38.96024 143.15509 20.0
22.0 28.0 22.0 25.10412 80.01836 119.48054 20.0
22.0 33.0 33.0 97.16725 49.93466 149.23534 3.0
22.0 33.0 22.0 25.10412 80.01836 119.48054 3.0
22.0 36.0 36.0 51.1756 19.51529 119.71874 15.0
22.0 36.0 22.0 25.10412 80.01836 119.48054 15.0
22.0 37.0 37.0 80.23958 11.05693 113.81049 1.0
22.0 37.0 22.0 25.10412 80.01836 119.48054 1.0
22.0 38.0 38.0 88.71047 68.42904 152.6186 23.0
22.0 38.0 22.0 25.10412 80.01836 119.48054 23.0
22.0 41.0 41.0 59.87786 126.06107 122.50956 679.0
22.0 41.0 22.0 25.10412 80.01836 119.48054 679.0
22.0 42.0 42.0 56.66487 85.2248 144.97221 1656.0
22.0 42.0 22.0 25.10412 80.01836 119.48054 1656.0
22.0 43.0 43.0 101.71949 137.72584 99.14615 1.0
22.0 43.0 22.0 25.10412 80.01836 119.48054 1.0
22.0 44.0 44.0 70.24779 22.71087 131.33636 2.0
22.0 44.0 22.0 25.10412 80.01836 119.48054 2.0
23.0 7.0 7.0 121.65417 13.43965 56.91435 15.0
23.0 7.0 23.0 173.48768 43.55856 76.99159 15.0
23.0 8.0 8.0 108.18514 85.96901 38.68971 4.0
23.0 8.0 23.0 173.48768 43.55856 76.99159 4.0
23.0 12.0 12.0 179.81052 86.40016 84.85307 578.0
23.0 12.0 23.0 173.48768 43.55856 76.99159 578.0
23.0 15.0 15.0 145.09769 26.53589 64.69804 778.0
23.0 15.0 23.0 173.48768 43.55856 76.99159 778.0
23.0 17.0 17.0 122.77276 10.9995 94.58587 8.0
23.0 17.0 23.0 173.48768 43.55856 76.99159 8.0
23.0 18.0 18.0 159.19718 24.83887 93.9379 1031.0
23.0 18.0 23.0 173.48768 43.55856 76.99159 1031.0
23.0 23.0 23.0 173.48768 43.55856 76.99159 3284.0
23.0 23.0 23.0 173.48768 43.55856 76.99159 3284.0
23.0 25.0 25.0 182.84299 63.99361 100.29791 760.0
23.0 25.0 23.0 173.48768 43.55856 76.99159 760.0
23.0 26.0 26.0 132.10101 45.18575 139.1456 11.0
23.0 26.0 23.0 173.48768 43.55856 76.99159 11.0
23.0 29.0 29.0 122.67003 20.58021 121.18019 9.0
23.0 29.0 23.0 173.48768 43.55856 76.99159 9.0
23.0 31.0 31.0 121.5224 38.94375 36.03534 123.0
23.0 31.0 23.0 173.48768 43.55856 76.99159 123.0
23.0 32.0 32.0 156.97316 89.10658 57.97733 517.0
23.0 32.0 23.0 173.48768 43.55856 76.99159 517.0
23.0 37.0 37.0 80.23958 11.05693 113.81049 1.0
23.0 37.0 23.0 173.48768 43.55856 76.99159 1.0
23.0 47.0 47.0 164.20161 62.76444 126.1139 330.0
23.0 47.0 23.0 173.48768 43.55856 76.99159 330.0
24.0 0.0 0.0 55.10779 48.88123 141.96916 8.0
24.0 0.0 24.0 107.88214 87.20987 149.14798 8.0
24.0 4.0 4.0 72.10636 108.40049 139.6734 1522.0
24.0 4.0 24.0 107.88214 87.20987 149.14798 1522.0
24.0 9.0 9.0 78.60163 139.92188 102.64729 19.0
24.0 9.0 24.0 107.88214 87.20987 149.14798 19.0
24.0 24.0 24.0 107.88214 87.20987 149.14798 8873.0
24.0 24.0 24.0 107.88214 87.20987 149.14798 8873.0
24.0 26.0 26.0 132.10101 45.18575 139.1456 907.0
24.0 26.0 24.0 107.88214 87.20987 149.14798 907.0
24.0 28.0 28.0 84.31727 38.96024 143.15509 38.0
24.0 28.0 24.0 107.88214 87.20987 149.14798 38.0
24.0 30.0 30.0 88.42254 139.92857 62.75082 1.0
24.0 30.0 24.0 107.88214 87.20987 149.14798 1.0
24.0 33.0 33.0 97.16725 49.93466 149.23534 466.0
24.0 33.0 24.0 107.88214 87.20987 149.14798 466.0
24.0 34.0 34.0 127.80824 111.22685 129.60159 2581.0
24.0 34.0 24.0 107.88214 87.20987 149.14798 2581.0
24.0 35.0 35.0 147.78634 121.14164 95.65942 5.0
24.0 35.0 24.0 107.88214 87.20987 149.14798 5.0
24.0 38.0 38.0 88.71047 68.42904 152.6186 1933.0
24.0 38.0 24.0 107.88214 87.20987 149.14798 1933.0
24.0 41.0 41.0 59.87786 126.06107 122.50956 79.0
24.0 41.0 24.0 107.88214 87.20987 149.14798 79.0
24.0 42.0 42.0 56.66487 85.2248 144.97221 533.0
24.0 42.0 24.0 107.88214 87.20987 149.14798 533.0
24.0 43.0 43.0 101.71949 137.72584 99.14615 8.0
24.0 43.0 24.0 107.88214 87.20987 149.14798 8.0
24.0 44.0 44.0 70.24779 22.71087 131.33636 2.0
24.0 44.0 24.0 107.88214 87.20987 149.14798 2.0
24.0 47.0 47.0 164.20161 62.76444 126.1139 203.0
24.0 47.0 24.0 107.88214 87.20987 149.14798 203.0
25.0 7.0 7.0 121.65417 13.43965 56.91435 1.0
25.0 7.0 25.0 182.84299 63.99361 100.29791 1.0
25.0 12.0 12.0 179.81052 86.40016 84.85307 1204.0
25.0 12.0 25.0 182.84299 63.99361 100.29791 1204.0
25.0 15.0 15.0 145.09769 26.53589 64.69804 6.0
25.0 15.0 25.0 182.84299 63.99361 100.29791 6.0
25.0 18.0 18.0 159.19718 24.83887 93.9379 122.0
25.0 18.0 25.0 182.84299 63.99361 100.29791 122.0
25.0 23.0 23.0 173.48768 43.55856 76.99159 739.0
25.0 23.0 25.0 182.84299 63.99361 100.29791 739.0
25.0 25.0 25.0 182.84299 63.99361 100.29791 2220.0
25.0 25.0 25.0 182.84299 63.99361 100.29791 2220.0
25.0 26.0 26.0 132.10101 45.18575 139.1456 7.0
25.0 26.0 25.0 182.84299 63.99361 100.29791 7.0
25.0 32.0 32.0 156.97316 89.10658 57.97733 43.0
25.0 32.0 25.0 182.84299 63.99361 100.29791 43.0
25.0 34.0 34.0 127.80824 111.22685 129.60159 23.0
25.0 34.0 25.0 182.84299 63.99361 100.29791 23.0
25.0 35.0 35.0 147.78634 121.14164 95.65942 75.0
25.0 35.0 25.0 182.84299 63.99361 100.29791 75.0
25.0 46.0 46.0 114.5372 130.25479 52.74625 1.0
25.0 46.0 25.0 182.84299 63.99361 100.29791 1.0
25.0 47.0 47.0 164.20161 62.76444 126.1139 1221.0
25.0 47.0 25.0 182.84299 63.99361 100.29791 1221.0
26.0 0.0 0.0 55.10779 48.88123 141.96916 1.0
26.0 0.0 26.0 132.10101 45.18575 139.1456 1.0
26.0 3.0 3.0 83.18858 3.83002 88.01186 3.0
26.0 3.0 26.0 132.10101 45.18575 139.1456 3.0
26.0 15.0 15.0 145.09769 26.53589 64.69804 1.0
26.0 15.0 26.0 132.10101 45.18575 139.1456 1.0
26.0 17.0 17.0 122.77276 10.9995 94.58587 95.0
26.0 17.0 26.0 132.10101 45.18575 139.1456 95.0
26.0 18.0 18.0 159.19718 24.83887 93.9379 221.0
26.0 18.0 26.0 132.10101 45.18575 139.1456 221.0
26.0 23.0 23.0 173.48768 43.55856 76.99159 4.0
26.0 23.0 26.0 132.10101 45.18575 139.1456 4.0
26.0 24.0 24.0 107.88214 87.20987 149.14798 1007.0
26.0 24.0 26.0 132.10101 45.18575 139.1456 1007.0
26.0 25.0 25.0 182.84299 63.99361 100.29791 4.0
26.0 25.0 26.0 132.10101 45.18575 139.1456 4.0
26.0 26.0 26.0 132.10101 45.18575 139.1456 8063.0
26.0 26.0 26.0 132.10101 45.18575 139.1456 8063.0
26.0 28.0 28.0 84.31727 38.96024 143.15509 454.0
26.0 28.0 26.0 132.10101 45.18575 139.1456 454.0
26.0 29.0 29.0 122.67003 20.58021 121.18019 1857.0
26.0 29.0 26.0 132.10101 45.18575 139.1456 1857.0
26.0 33.0 33.0 97.16725 49.93466 149.23534 1075.0
26.0 33.0 26.0 132.10101 45.18575 139.1456 1075.0
26.0 34.0 34.0 127.80824 111.22685 129.60159 283.0
26.0 34.0 26.0 132.10101 45.18575 139.1456 283.0
26.0 35.0 35.0 147.78634 121.14164 95.65942 1.0
26.0 35.0 26.0 132.10101 45.18575 139.1456 1.0
26.0 37.0 37.0 80.23958 11.05693 113.81049 105.0
26.0 37.0 26.0 132.10101 45.18575 139.1456 105.0
26.0 38.0 38.0 88.71047 68.42904 152.6186 399.0
26.0 38.0 26.0 132.10101 45.18575 139.1456 399.0
26.0 44.0 44.0 70.24779 22.71087 131.33636 13.0
26.0 44.0 26.0 132.10101 45.18575 139.1456 13.0
26.0 47.0 47.0 164.20161 62.76444 126.1139 1674.0
26.0 47.0 26.0 132.10101 45.18575 139.1456 1674.0
27.0 0.0 0.0 55.10779 48.88123 141.96916 43.0
27.0 0.0 27.0 18.71402 45.36055 103.72693 43.0
27.0 2.0 2.0 27.43408 25.3007 87.71963 1564.0
27.0 2.0 27.0 18.71402 45.36055 103.72693 1564.0
27.0 3.0 3.0 83.18858 3.83002 88.01186 1.0
27.0 3.0 27.0 18.71402 45.36055 103.72693 1.0
27.0 5.0 5.0 36.1865 130.04955 82.2532 1.0
27.0 5.0 27.0 18.71402 45.36055 103.72693 1.0
27.0 6.0 6.0 5.47717 84.79688 74.39838 772.0
27.0 6.0 27.0 18.71402 45.36055 103.72693 772.0
27.0 11.0 11.0 48.53677 14.09561 56.55726 18.0
27.0 11.0 27.0 18.71402 45.36055 103.72693 18.0
27.0 13.0 13.0 21.79103 31.15864 56.44347 123.0
27.0 13.0 27.0 18.71402 45.36055 103.72693 123.0
27.0 16.0 16.0 37.09744 39.10696 124.71251 1257.0
27.0 16.0 27.0 18.71402 45.36055 103.72693 1257.0
27.0 22.0 22.0 25.10412 80.01836 119.48054 1330.0
27.0 22.0 27.0 18.71402 45.36055 103.72693 1330.0
27.0 27.0 27.0 18.71402 45.36055 103.72693 3253.0
27.0 27.0 27.0 18.71402 45.36055 103.72693 3253.0
27.0 36.0 36.0 51.1756 19.51529 119.71874 84.0
27.0 36.0 27.0 18.71402 45.36055 103.72693 84.0
27.0 37.0 37.0 80.23958 11.05693 113.81049 7.0
27.0 37.0 27.0 18.71402 45.36055 103.72693 7.0
27.0 39.0 39.0 21.81761 50.13884 32.77347 22.0
27.0 39.0 27.0 18.71402 45.36055 103.72693 22.0
27.0 42.0 42.0 56.66487 85.2248 144.97221 2.0
27.0 42.0 27.0 18.71402 45.36055 103.72693 2.0
27.0 44.0 44.0 70.24779 22.71087 131.33636 8.0
27.0 44.0 27.0 18.71402 45.36055 103.72693 8.0
28.0 0.0 0.0 55.10779 48.88123 141.96916 1083.0
28.0 0.0 28.0 84.31727 38.96024 143.15509 1083.0
28.0 3.0 3.0 83.18858 3.83002 88.01186 5.0
28.0 3.0 28.0 84.31727 38.96024 143.15509 5.0
28.0 4.0 4.0 72.10636 108.40049 139.6734 4.0
28.0 4.0 28.0 84.31727 38.96024 143.15509 4.0
28.0 5.0 5.0 36.1865 130.04955 82.2532 1.0
28.0 5.0 28.0 84.31727 38.96024 143.15509 1.0
28.0 16.0 16.0 37.09744 39.10696 124.71251 43.0
28.0 16.0 28.0 84.31727 38.96024 143.15509 43.0
28.0 17.0 17.0 122.77276 10.9995 94.58587 10.0
28.0 17.0 28.0 84.31727 38.96024 143.15509 10.0
28.0 22.0 22.0 25.10412 80.01836 119.48054 16.0
28.0 22.0 28.0 84.31727 38.96024 143.15509 16.0
28.0 24.0 24.0 107.88214 87.20987 149.14798 34.0
28.0 24.0 28.0 84.31727 38.96024 143.15509 34.0
28.0 26.0 26.0 132.10101 45.18575 139.1456 401.0
28.0 26.0 28.0 84.31727 38.96024 143.15509 401.0
28.0 28.0 28.0 84.31727 38.96024 143.15509 3141.0
28.0 28.0 28.0 84.31727 38.96024 143.15509 3141.0
28.0 29.0 29.0 122.67003 20.58021 121.18019 464.0
28.0 29.0 28.0 84.31727 38.96024 143.15509 464.0
28.0 33.0 33.0 97.16725 49.93466 149.23534 1620.0
28.0 33.0 28.0 84.31727 38.96024 143.15509 1620.0
28.0 36.0 36.0 51.1756 19.51529 119.71874 83.0
28.0 36.0 28.0 84.31727 38.96024 143.15509 83.0
28.0 37.0 37.0 80.23958 11.05693 113.81049 703.0
28.0 37.0 28.0 84.31727 38.96024 143.15509 703.0
28.0 38.0 38.0 88.71047 68.42904 152.6186 593.0
28.0 38.0 28.0 84.31727 38.96024 143.15509 593.0
28.0 42.0 42.0 56.66487 85.2248 144.97221 176.0
28.0 42.0 28.0 84.31727 38.96024 143.15509 176.0
28.0 44.0 44.0 70.24779 22.71087 131.33636 938.0
28.0 44.0 28.0 84.31727 38.96024 143.15509 938.0
29.0 0.0 0.0 55.10779 48.88123 141.96916 2.0
29.0 0.0 29.0 122.67003 20.58021 121.18019 2.0
29.0 3.0 3.0 83.18858 3.83002 88.01186 225.0
29.0 3.0 29.0 122.67003 20.58021 121.18019 225.0
29.0 7.0 7.0 121.65417 13.43965 56.91435 11.0
29.0 7.0 29.0 122.67003 20.58021 121.18019 11.0
29.0 10.0 10.0 97.06109 3.9233 61.08836 1.0
29.0 10.0 29.0 122.67003 20.58021 121.18019 1.0
29.0 15.0 15.0 145.09769 26.53589 64.69804 61.0
29.0 15.0 29.0 122.67003 20.58021 121.18019 61.0
29.0 17.0 17.0 122.77276 10.9995 94.58587 1588.0
29.0 17.0 29.0 122.67003 20.58021 121.18019 1588.0
29.0 18.0 18.0 159.19718 24.83887 93.9379 519.0
29.0 18.0 29.0 122.67003 20.58021 121.18019 519.0
29.0 23.0 23.0 173.48768 43.55856 76.99159 14.0
29.0 23.0 29.0 122.67003 20.58021 121.18019 14.0
29.0 25.0 25.0 182.84299 63.99361 100.29791 1.0
29.0 25.0 29.0 122.67003 20.58021 121.18019 1.0
29.0 26.0 26.0 132.10101 45.18575 139.1456 1812.0
29.0 26.0 29.0 122.67003 20.58021 121.18019 1812.0
29.0 28.0 28.0 84.31727 38.96024 143.15509 449.0
29.0 28.0 29.0 122.67003 20.58021 121.18019 449.0
29.0 29.0 29.0 122.67003 20.58021 121.18019 4735.0
29.0 29.0 29.0 122.67003 20.58021 121.18019 4735.0
29.0 33.0 33.0 97.16725 49.93466 149.23534 187.0
29.0 33.0 29.0 122.67003 20.58021 121.18019 187.0
29.0 37.0 37.0 80.23958 11.05693 113.81049 1174.0
29.0 37.0 29.0 122.67003 20.58021 121.18019 1174.0
29.0 38.0 38.0 88.71047 68.42904 152.6186 4.0
29.0 38.0 29.0 122.67003 20.58021 121.18019 4.0
29.0 44.0 44.0 70.24779 22.71087 131.33636 83.0
29.0 44.0 29.0 122.67003 20.58021 121.18019 83.0
29.0 46.0 46.0 114.5372 130.25479 52.74625 1.0
29.0 46.0 29.0 122.67003 20.58021 121.18019 1.0
29.0 47.0 47.0 164.20161 62.76444 126.1139 228.0
29.0 47.0 29.0 122.67003 20.58021 121.18019 228.0
30.0 1.0 1.0 66.23646 89.24506 7.47875 313.0
30.0 1.0 30.0 88.42254 139.92857 62.75082 313.0
30.0 5.0 5.0 36.1865 130.04955 82.2532 1663.0
30.0 5.0 30.0 88.42254 139.92857 62.75082 1663.0
30.0 8.0 8.0 108.18514 85.96901 38.68971 570.0
30.0 8.0 30.0 88.42254 139.92857 62.75082 570.0
30.0 9.0 9.0 78.60163 139.92188 102.64729 1128.0
30.0 9.0 30.0 88.42254 139.92857 62.75082 1128.0
30.0 14.0 14.0 128.3048 116.03795 40.2767 209.0
30.0 14.0 30.0 88.42254 139.92857 62.75082 209.0
30.0 23.0 23.0 173.48768 43.55856 76.99159 1.0
30.0 23.0 30.0 88.42254 139.92857 62.75082 1.0
30.0 30.0 30.0 88.42254 139.92857 62.75082 14762.0
30.0 30.0 30.0 88.42254 139.92857 62.75082 14762.0
30.0 32.0 32.0 156.97316 89.10658 57.97733 2.0
30.0 32.0 30.0 88.42254 139.92857 62.75082 2.0
30.0 34.0 34.0 127.80824 111.22685 129.60159 73.0
30.0 34.0 30.0 88.42254 139.92857 62.75082 73.0
30.0 35.0 35.0 147.78634 121.14164 95.65942 726.0
30.0 35.0 30.0 88.42254 139.92857 62.75082 726.0
30.0 41.0 41.0 59.87786 126.06107 122.50956 18.0
30.0 41.0 30.0 88.42254 139.92857 62.75082 18.0
30.0 43.0 43.0 101.71949 137.72584 99.14615 2221.0
30.0 43.0 30.0 88.42254 139.92857 62.75082 2221.0
30.0 45.0 45.0 35.03534 116.36274 28.63151 753.0
30.0 45.0 30.0 88.42254 139.92857 62.75082 753.0
30.0 46.0 46.0 114.5372 130.25479 52.74625 3349.0
30.0 46.0 30.0 88.42254 139.92857 62.75082 3349.0
31.0 1.0 1.0 66.23646 89.24506 7.47875 1.0
31.0 1.0 31.0 121.5224 38.94375 36.03534 1.0
31.0 3.0 3.0 83.18858 3.83002 88.01186 1.0
31.0 3.0 31.0 121.5224 38.94375 36.03534 1.0
31.0 7.0 7.0 121.65417 13.43965 56.91435 1589.0
31.0 7.0 31.0 121.5224 38.94375 36.03534 1589.0
31.0 8.0 8.0 108.18514 85.96901 38.68971 1971.0
31.0 8.0 31.0 121.5224 38.94375 36.03534 1971.0
31.0 10.0 10.0 97.06109 3.9233 61.08836 375.0
31.0 10.0 31.0 121.5224 38.94375 36.03534 375.0
31.0 11.0 11.0 48.53677 14.09561 56.55726 3.0
31.0 11.0 31.0 121.5224 38.94375 36.03534 3.0
31.0 12.0 12.0 179.81052 86.40016 84.85307 7.0
31.0 12.0 31.0 121.5224 38.94375 36.03534 7.0
31.0 14.0 14.0 128.3048 116.03795 40.2767 3.0
31.0 14.0 31.0 121.5224 38.94375 36.03534 3.0
31.0 15.0 15.0 145.09769 26.53589 64.69804 1348.0
31.0 15.0 31.0 121.5224 38.94375 36.03534 1348.0
31.0 17.0 17.0 122.77276 10.9995 94.58587 5.0
31.0 17.0 31.0 121.5224 38.94375 36.03534 5.0
31.0 18.0 18.0 159.19718 24.83887 93.9379 9.0
31.0 18.0 31.0 121.5224 38.94375 36.03534 9.0
31.0 19.0 19.0 66.43329 15.7424 45.45693 24.0
31.0 19.0 31.0 121.5224 38.94375 36.03534 24.0
31.0 20.0 20.0 85.10297 53.72506 22.34332 2106.0
31.0 20.0 31.0 121.5224 38.94375 36.03534 2106.0
31.0 23.0 23.0 173.48768 43.55856 76.99159 116.0
31.0 23.0 31.0 121.5224 38.94375 36.03534 116.0
31.0 31.0 31.0 121.5224 38.94375 36.03534 11767.0
31.0 31.0 31.0 121.5224 38.94375 36.03534 11767.0
31.0 32.0 32.0 156.97316 89.10658 57.97733 531.0
31.0 32.0 31.0 121.5224 38.94375 36.03534 531.0
31.0 40.0 40.0 83.28338 23.52765 42.42919 1032.0
31.0 40.0 31.0 121.5224 38.94375 36.03534 1032.0
31.0 45.0 45.0 35.03534 116.36274 28.63151 1.0
31.0 45.0 31.0 121.5224 38.94375 36.03534 1.0
32.0 7.0 7.0 121.65417 13.43965 56.91435 4.0
32.0 7.0 32.0 156.97316 89.10658 57.97733 4.0
32.0 8.0 8.0 108.18514 85.96901 38.68971 1617.0
32.0 8.0 32.0 156.97316 89.10658 57.97733 1617.0
32.0 12.0 12.0 179.81052 86.40016 84.85307 1643.0
32.0 12.0 32.0 156.97316 89.10658 57.97733 1643.0
32.0 14.0 14.0 128.3048 116.03795 40.2767 1479.0
32.0 14.0 32.0 156.97316 89.10658 57.97733 1479.0
32.0 15.0 15.0 145.09769 26.53589 64.69804 365.0
32.0 15.0 32.0 156.97316 89.10658 57.97733 365.0
32.0 18.0 18.0 159.19718 24.83887 93.9379 8.0
32.0 18.0 32.0 156.97316 89.10658 57.97733 8.0
32.0 20.0 20.0 85.10297 53.72506 22.34332 10.0
32.0 20.0 32.0 156.97316 89.10658 57.97733 10.0
32.0 23.0 23.0 173.48768 43.55856 76.99159 444.0
32.0 23.0 32.0 156.97316 89.10658 57.97733 444.0
32.0 25.0 25.0 182.84299 63.99361 100.29791 52.0
32.0 25.0 32.0 156.97316 89.10658 57.97733 52.0
32.0 30.0 30.0 88.42254 139.92857 62.75082 4.0
32.0 30.0 32.0 156.97316 89.10658 57.97733 4.0
32.0 31.0 31.0 121.5224 38.94375 36.03534 560.0
32.0 31.0 32.0 156.97316 89.10658 57.97733 560.0
32.0 32.0 32.0 156.97316 89.10658 57.97733 9179.0
32.0 32.0 32.0 156.97316 89.10658 57.97733 9179.0
32.0 35.0 35.0 147.78634 121.14164 95.65942 912.0
32.0 35.0 32.0 156.97316 89.10658 57.97733 912.0
32.0 46.0 46.0 114.5372 130.25479 52.74625 312.0
32.0 46.0 32.0 156.97316 89.10658 57.97733 312.0
32.0 47.0 47.0 164.20161 62.76444 126.1139 1.0
32.0 47.0 32.0 156.97316 89.10658 57.97733 1.0
33.0 0.0 0.0 55.10779 48.88123 141.96916 228.0
33.0 0.0 33.0 97.16725 49.93466 149.23534 228.0
33.0 4.0 4.0 72.10636 108.40049 139.6734 5.0
33.0 4.0 33.0 97.16725 49.93466 149.23534 5.0
33.0 16.0 16.0 37.09744 39.10696 124.71251 3.0
33.0 16.0 33.0 97.16725 49.93466 149.23534 3.0
33.0 17.0 17.0 122.77276 10.9995 94.58587 2.0
33.0 17.0 33.0 97.16725 49.93466 149.23534 2.0
33.0 18.0 18.0 159.19718 24.83887 93.9379 1.0
33.0 18.0 33.0 97.16725 49.93466 149.23534 1.0
33.0 22.0 22.0 25.10412 80.01836 119.48054 1.0
33.0 22.0 33.0 97.16725 49.93466 149.23534 1.0
33.0 24.0 24.0 107.88214 87.20987 149.14798 504.0
33.0 24.0 33.0 97.16725 49.93466 149.23534 504.0
33.0 26.0 26.0 132.10101 45.18575 139.1456 1067.0
33.0 26.0 33.0 97.16725 49.93466 149.23534 1067.0
33.0 28.0 28.0 84.31727 38.96024 143.15509 1600.0
33.0 28.0 33.0 97.16725 49.93466 149.23534 1600.0
33.0 29.0 29.0 122.67003 20.58021 121.18019 189.0
33.0 29.0 33.0 97.16725 49.93466 149.23534 189.0
33.0 33.0 33.0 97.16725 49.93466 149.23534 2678.0
33.0 33.0 33.0 97.16725 49.93466 149.23534 2678.0
33.0 34.0 34.0 127.80824 111.22685 129.60159 3.0
33.0 34.0 33.0 97.16725 49.93466 149.23534 3.0
33.0 36.0 36.0 51.1756 19.51529 119.71874 1.0
33.0 36.0 33.0 97.16725 49.93466 149.23534 1.0
33.0 37.0 37.0 80.23958 11.05693 113.81049 91.0
33.0 37.0 33.0 97.16725 49.93466 149.23534 91.0
33.0 38.0 38.0 88.71047 68.42904 152.6186 1563.0
33.0 38.0 33.0 97.16725 49.93466 149.23534 1563.0
33.0 42.0 42.0 56.66487 85.2248 144.97221 138.0
33.0 42.0 33.0 97.16725 49.93466 149.23534 138.0
33.0 44.0 44.0 70.24779 22.71087 131.33636 112.0
33.0 44.0 33.0 97.16725 49.93466 149.23534 112.0
33.0 47.0 47.0 164.20161 62.76444 126.1139 4.0
33.0 47.0 33.0 97.16725 49.93466 149.23534 4.0
34.0 4.0 4.0 72.10636 108.40049 139.6734 937.0
34.0 4.0 34.0 127.80824 111.22685 129.60159 937.0
34.0 5.0 5.0 36.1865 130.04955 82.2532 1.0
34.0 5.0 34.0 127.80824 111.22685 129.60159 1.0
34.0 9.0 9.0 78.60163 139.92188 102.64729 607.0
34.0 9.0 34.0 127.80824 111.22685 129.60159 607.0
34.0 12.0 12.0 179.81052 86.40016 84.85307 85.0
34.0 12.0 34.0 127.80824 111.22685 129.60159 85.0
34.0 14.0 14.0 128.3048 116.03795 40.2767 2.0
34.0 14.0 34.0 127.80824 111.22685 129.60159 2.0
34.0 24.0 24.0 107.88214 87.20987 149.14798 2597.0
34.0 24.0 34.0 127.80824 111.22685 129.60159 2597.0
34.0 25.0 25.0 182.84299 63.99361 100.29791 25.0
34.0 25.0 34.0 127.80824 111.22685 129.60159 25.0
34.0 26.0 26.0 132.10101 45.18575 139.1456 301.0
34.0 26.0 34.0 127.80824 111.22685 129.60159 301.0
34.0 30.0 30.0 88.42254 139.92857 62.75082 89.0
34.0 30.0 34.0 127.80824 111.22685 129.60159 89.0
34.0 32.0 32.0 156.97316 89.10658 57.97733 4.0
34.0 32.0 34.0 127.80824 111.22685 129.60159 4.0
34.0 33.0 33.0 97.16725 49.93466 149.23534 7.0
34.0 33.0 34.0 127.80824 111.22685 129.60159 7.0
34.0 34.0 34.0 127.80824 111.22685 129.60159 17036.0
34.0 34.0 34.0 127.80824 111.22685 129.60159 17036.0
34.0 35.0 35.0 147.78634 121.14164 95.65942 2545.0
34.0 35.0 34.0 127.80824 111.22685 129.60159 2545.0
34.0 38.0 38.0 88.71047 68.42904 152.6186 32.0
34.0 38.0 34.0 127.80824 111.22685 129.60159 32.0
34.0 41.0 41.0 59.87786 126.06107 122.50956 409.0
34.0 41.0 34.0 127.80824 111.22685 129.60159 409.0
34.0 42.0 42.0 56.66487 85.2248 144.97221 10.0
34.0 42.0 34.0 127.80824 111.22685 129.60159 10.0
34.0 43.0 43.0 101.71949 137.72584 99.14615 1424.0
34.0 43.0 34.0 127.80824 111.22685 129.60159 1424.0
34.0 46.0 46.0 114.5372 130.25479 52.74625 7.0
34.0 46.0 34.0 127.80824 111.22685 129.60159 7.0
34.0 47.0 47.0 164.20161 62.76444 126.1139 1125.0
34.0 47.0 34.0 127.80824 111.22685 129.60159 1125.0
35.0 8.0 8.0 108.18514 85.96901 38.68971 5.0
35.0 8.0 35.0 147.78634 121.14164 95.65942 5.0
35.0 9.0 9.0 78.60163 139.92188 102.64729 24.0
35.0 9.0 35.0 147.78634 121.14164 95.65942 24.0
35.0 12.0 12.0 179.81052 86.40016 84.85307 1114.0
35.0 12.0 35.0 147.78634 121.14164 95.65942 1114.0
35.0 14.0 14.0 128.3048 116.03795 40.2767 309.0
35.0 14.0 35.0 147.78634 121.14164 95.65942 309.0
35.0 24.0 24.0 107.88214 87.20987 149.14798 4.0
35.0 24.0 35.0 147.78634 121.14164 95.65942 4.0
35.0 25.0 25.0 182.84299 63.99361 100.29791 83.0
35.0 25.0 35.0 147.78634 121.14164 95.65942 83.0
35.0 26.0 26.0 132.10101 45.18575 139.1456 1.0
35.0 26.0 35.0 147.78634 121.14164 95.65942 1.0
35.0 28.0 28.0 84.31727 38.96024 143.15509 1.0
35.0 28.0 35.0 147.78634 121.14164 95.65942 1.0
35.0 30.0 30.0 88.42254 139.92857 62.75082 736.0
35.0 30.0 35.0 147.78634 121.14164 95.65942 736.0
35.0 32.0 32.0 156.97316 89.10658 57.97733 884.0
35.0 32.0 35.0 147.78634 121.14164 95.65942 884.0
35.0 34.0 34.0 127.80824 111.22685 129.60159 2657.0
35.0 34.0 35.0 147.78634 121.14164 95.65942 2657.0
35.0 35.0 35.0 147.78634 121.14164 95.65942 11386.0
35.0 35.0 35.0 147.78634 121.14164 95.65942 11386.0
35.0 41.0 41.0 59.87786 126.06107 122.50956 2.0
35.0 41.0 35.0 147.78634 121.14164 95.65942 2.0
35.0 43.0 43.0 101.71949 137.72584 99.14615 908.0
35.0 43.0 35.0 147.78634 121.14164 95.65942 908.0
35.0 46.0 46.0 114.5372 130.25479 52.74625 1174.0
35.0 46.0 35.0 147.78634 121.14164 95.65942 1174.0
35.0 47.0 47.0 164.20161 62.76444 126.1139 335.0
35.0 47.0 35.0 147.78634 121.14164 95.65942 335.0
36.0 0.0 0.0 55.10779 48.88123 141.96916 484.0
36.0 0.0 36.0 51.1756 19.51529 119.71874 484.0
36.0 2.0 2.0 27.43408 25.3007 87.71963 497.0
36.0 2.0 36.0 51.1756 19.51529 119.71874 497.0
36.0 3.0 3.0 83.18858 3.83002 88.01186 155.0
36.0 3.0 36.0 51.1756 19.51529 119.71874 155.0
36.0 11.0 11.0 48.53677 14.09561 56.55726 68.0
36.0 11.0 36.0 51.1756 19.51529 119.71874 68.0
36.0 13.0 13.0 21.79103 31.15864 56.44347 2.0
36.0 13.0 36.0 51.1756 19.51529 119.71874 2.0
36.0 16.0 16.0 37.09744 39.10696 124.71251 966.0
36.0 16.0 36.0 51.1756 19.51529 119.71874 966.0
36.0 22.0 22.0 25.10412 80.01836 119.48054 9.0
36.0 22.0 36.0 51.1756 19.51529 119.71874 9.0
36.0 27.0 27.0 18.71402 45.36055 103.72693 95.0
36.0 27.0 36.0 51.1756 19.51529 119.71874 95.0
36.0 28.0 28.0 84.31727 38.96024 143.15509 87.0
36.0 28.0 36.0 51.1756 19.51529 119.71874 87.0
36.0 29.0 29.0 122.67003 20.58021 121.18019 1.0
36.0 29.0 36.0 51.1756 19.51529 119.71874 1.0
36.0 33.0 33.0 97.16725 49.93466 149.23534 4.0
36.0 33.0 36.0 51.1756 19.51529 119.71874 4.0
36.0 36.0 36.0 51.1756 19.51529 119.71874 1507.0
36.0 36.0 36.0 51.1756 19.51529 119.71874 1507.0
36.0 37.0 37.0 80.23958 11.05693 113.81049 913.0
36.0 37.0 36.0 51.1756 19.51529 119.71874 913.0
36.0 38.0 38.0 88.71047 68.42904 152.6186 1.0
36.0 38.0 36.0 51.1756 19.51529 119.71874 1.0
36.0 42.0 42.0 56.66487 85.2248 144.97221 2.0
36.0 42.0 36.0 51.1756 19.51529 119.71874 2.0
36.0 44.0 44.0 70.24779 22.71087 131.33636 781.0
36.0 44.0 36.0 51.1756 19.51529 119.71874 781.0
37.0 0.0 0.0 55.10779 48.88123 141.96916 87.0
37.0 0.0 37.0 80.23958 11.05693 113.81049 87.0
37.0 2.0 2.0 27.43408 25.3007 87.71963 393.0
37.0 2.0 37.0 80.23958 11.05693 113.81049 393.0
37.0 3.0 3.0 83.18858 3.83002 88.01186 2525.0
37.0 3.0 37.0 80.23958 11.05693 113.81049 2525.0
37.0 7.0 7.0 121.65417 13.43965 56.91435 4.0
37.0 7.0 37.0 80.23958 11.05693 113.81049 4.0
37.0 10.0 10.0 97.06109 3.9233 61.08836 45.0
37.0 10.0 37.0 80.23958 11.05693 113.81049 45.0
37.0 11.0 11.0 48.53677 14.09561 56.55726 259.0
37.0 11.0 37.0 80.23958 11.05693 113.81049 259.0
37.0 13.0 13.0 21.79103 31.15864 56.44347 2.0
37.0 13.0 37.0 80.23958 11.05693 113.81049 2.0
37.0 16.0 16.0 37.09744 39.10696 124.71251 171.0
37.0 16.0 37.0 80.23958 11.05693 113.81049 171.0
37.0 17.0 17.0 122.77276 10.9995 94.58587 488.0
37.0 17.0 37.0 80.23958 11.05693 113.81049 488.0
37.0 18.0 18.0 159.19718 24.83887 93.9379 2.0
37.0 18.0 37.0 80.23958 11.05693 113.81049 2.0
37.0 19.0 19.0 66.43329 15.7424 45.45693 19.0
37.0 19.0 37.0 80.23958 11.05693 113.81049 19.0
37.0 26.0 26.0 132.10101 45.18575 139.1456 102.0
37.0 26.0 37.0 80.23958 11.05693 113.81049 102.0
37.0 27.0 27.0 18.71402 45.36055 103.72693 14.0
37.0 27.0 37.0 80.23958 11.05693 113.81049 14.0
37.0 28.0 28.0 84.31727 38.96024 143.15509 737.0
37.0 28.0 37.0 80.23958 11.05693 113.81049 737.0
37.0 29.0 29.0 122.67003 20.58021 121.18019 1091.0
37.0 29.0 37.0 80.23958 11.05693 113.81049 1091.0
37.0 33.0 33.0 97.16725 49.93466 149.23534 102.0
37.0 33.0 37.0 80.23958 11.05693 113.81049 102.0
37.0 36.0 36.0 51.1756 19.51529 119.71874 887.0
37.0 36.0 37.0 80.23958 11.05693 113.81049 887.0
37.0 37.0 37.0 80.23958 11.05693 113.81049 8068.0
37.0 37.0 37.0 80.23958 11.05693 113.81049 8068.0
37.0 38.0 38.0 88.71047 68.42904 152.6186 1.0
37.0 38.0 37.0 80.23958 11.05693 113.81049 1.0
37.0 40.0 40.0 83.28338 23.52765 42.42919 1.0
37.0 40.0 37.0 80.23958 11.05693 113.81049 1.0
37.0 42.0 42.0 56.66487 85.2248 144.97221 1.0
37.0 42.0 37.0 80.23958 11.05693 113.81049 1.0
37.0 44.0 44.0 70.24779 22.71087 131.33636 1457.0
37.0 44.0 37.0 80.23958 11.05693 113.81049 1457.0
38.0 0.0 0.0 55.10779 48.88123 141.96916 407.0
38.0 0.0 38.0 88.71047 68.42904 152.6186 407.0
38.0 2.0 2.0 27.43408 25.3007 87.71963 1.0
38.0 2.0 38.0 88.71047 68.42904 152.6186 1.0
38.0 4.0 4.0 72.10636 108.40049 139.6734 222.0
38.0 4.0 38.0 88.71047 68.42904 152.6186 222.0
38.0 16.0 16.0 37.09744 39.10696 124.71251 15.0
38.0 16.0 38.0 88.71047 68.42904 152.6186 15.0
38.0 22.0 22.0 25.10412 80.01836 119.48054 23.0
38.0 22.0 38.0 88.71047 68.42904 152.6186 23.0
38.0 24.0 24.0 107.88214 87.20987 149.14798 1958.0
38.0 24.0 38.0 88.71047 68.42904 152.6186 1958.0
38.0 26.0 26.0 132.10101 45.18575 139.1456 400.0
38.0 26.0 38.0 88.71047 68.42904 152.6186 400.0
38.0 28.0 28.0 84.31727 38.96024 143.15509 594.0
38.0 28.0 38.0 88.71047 68.42904 152.6186 594.0
38.0 29.0 29.0 122.67003 20.58021 121.18019 5.0
38.0 29.0 38.0 88.71047 68.42904 152.6186 5.0
38.0 33.0 33.0 97.16725 49.93466 149.23534 1508.0
38.0 33.0 38.0 88.71047 68.42904 152.6186 1508.0
38.0 34.0 34.0 127.80824 111.22685 129.60159 34.0
38.0 34.0 38.0 88.71047 68.42904 152.6186 34.0
38.0 36.0 36.0 51.1756 19.51529 119.71874 3.0
38.0 36.0 38.0 88.71047 68.42904 152.6186 3.0
38.0 37.0 37.0 80.23958 11.05693 113.81049 1.0
38.0 37.0 38.0 88.71047 68.42904 152.6186 1.0
38.0 38.0 38.0 88.71047 68.42904 152.6186 3172.0
38.0 38.0 38.0 88.71047 68.42904 152.6186 3172.0
38.0 41.0 41.0 59.87786 126.06107 122.50956 2.0
38.0 41.0 38.0 88.71047 68.42904 152.6186 2.0
38.0 42.0 42.0 56.66487 85.2248 144.97221 1100.0
38.0 42.0 38.0 88.71047 68.42904 152.6186 1100.0
38.0 44.0 44.0 70.24779 22.71087 131.33636 7.0
38.0 44.0 38.0 88.71047 68.42904 152.6186 7.0
38.0 47.0 47.0 164.20161 62.76444 126.1139 5.0
38.0 47.0 38.0 88.71047 68.42904 152.6186 5.0
39.0 1.0 1.0 66.23646 89.24506 7.47875 275.0
39.0 1.0 39.0 21.81761 50.13884 32.77347 275.0
39.0 2.0 2.0 27.43408 25.3007 87.71963 140.0
39.0 2.0 39.0 21.81761 50.13884 32.77347 140.0
39.0 5.0 5.0 36.1865 130.04955 82.2532 3.0
39.0 5.0 39.0 21.81761 50.13884 32.77347 3.0
39.0 6.0 6.0 5.47717 84.79688 74.39838 1384.0
39.0 6.0 39.0 21.81761 50.13884 32.77347 1384.0
39.0 8.0 8.0 108.18514 85.96901 38.68971 1.0
39.0 8.0 39.0 21.81761 50.13884 32.77347 1.0
39.0 11.0 11.0 48.53677 14.09561 56.55726 869.0
39.0 11.0 39.0 21.81761 50.13884 32.77347 869.0
39.0 13.0 13.0 21.79103 31.15864 56.44347 1800.0
39.0 13.0 39.0 21.81761 50.13884 32.77347 1800.0
39.0 19.0 19.0 66.43329 15.7424 45.45693 239.0
39.0 19.0 39.0 21.81761 50.13884 32.77347 239.0
39.0 20.0 20.0 85.10297 53.72506 22.34332 502.0
39.0 20.0 39.0 21.81761 50.13884 32.77347 502.0
39.0 21.0 21.0 28.2882 78.10961 19.29206 2135.0
39.0 21.0 39.0 21.81761 50.13884 32.77347 2135.0
39.0 27.0 27.0 18.71402 45.36055 103.72693 18.0
39.0 27.0 39.0 21.81761 50.13884 32.77347 18.0
39.0 39.0 39.0 21.81761 50.13884 32.77347 9619.0
39.0 39.0 39.0 21.81761 50.13884 32.77347 9619.0
39.0 40.0 40.0 83.28338 23.52765 42.42919 25.0
39.0 40.0 39.0 21.81761 50.13884 32.77347 25.0
39.0 45.0 45.0 35.03534 116.36274 28.63151 66.0
39.0 45.0 39.0 21.81761 50.13884 32.77347 66.0
40.0 1.0 1.0 66.23646 89.24506 7.47875 11.0
40.0 1.0 40.0 83.28338 23.52765 42.42919 11.0
40.0 3.0 3.0 83.18858 3.83002 88.01186 121.0
40.0 3.0 40.0 83.28338 23.52765 42.42919 121.0
40.0 7.0 7.0 121.65417 13.43965 56.91435 272.0
40.0 7.0 40.0 83.28338 23.52765 42.42919 272.0
40.0 8.0 8.0 108.18514 85.96901 38.68971 24.0
40.0 8.0 40.0 83.28338 23.52765 42.42919 24.0
40.0 10.0 10.0 97.06109 3.9233 61.08836 1205.0
40.0 10.0 40.0 83.28338 23.52765 42.42919 1205.0
40.0 11.0 11.0 48.53677 14.09561 56.55726 466.0
40.0 11.0 40.0 83.28338 23.52765 42.42919 466.0
40.0 13.0 13.0 21.79103 31.15864 56.44347 4.0
40.0 13.0 40.0 83.28338 23.52765 42.42919 4.0
40.0 15.0 15.0 145.09769 26.53589 64.69804 4.0
40.0 15.0 40.0 83.28338 23.52765 42.42919 4.0
40.0 17.0 17.0 122.77276 10.9995 94.58587 3.0
40.0 17.0 40.0 83.28338 23.52765 42.42919 3.0
40.0 19.0 19.0 66.43329 15.7424 45.45693 1472.0
40.0 19.0 40.0 83.28338 23.52765 42.42919 1472.0
40.0 20.0 20.0 85.10297 53.72506 22.34332 1672.0
40.0 20.0 40.0 83.28338 23.52765 42.42919 1672.0
40.0 21.0 21.0 28.2882 78.10961 19.29206 4.0
40.0 21.0 40.0 83.28338 23.52765 42.42919 4.0
40.0 31.0 31.0 121.5224 38.94375 36.03534 1071.0
40.0 31.0 40.0 83.28338 23.52765 42.42919 1071.0
40.0 37.0 37.0 80.23958 11.05693 113.81049 3.0
40.0 37.0 40.0 83.28338 23.52765 42.42919 3.0
40.0 39.0 39.0 21.81761 50.13884 32.77347 34.0
40.0 39.0 40.0 83.28338 23.52765 42.42919 34.0
40.0 40.0 40.0 83.28338 23.52765 42.42919 4415.0
40.0 40.0 40.0 83.28338 23.52765 42.42919 4415.0
41.0 0.0 0.0 55.10779 48.88123 141.96916 1.0
41.0 0.0 41.0 59.87786 126.06107 122.50956 1.0
41.0 4.0 4.0 72.10636 108.40049 139.6734 2697.0
41.0 4.0 41.0 59.87786 126.06107 122.50956 2697.0
41.0 5.0 5.0 36.1865 130.04955 82.2532 2165.0
41.0 5.0 41.0 59.87786 126.06107 122.50956 2165.0
41.0 6.0 6.0 5.47717 84.79688 74.39838 15.0
41.0 6.0 41.0 59.87786 126.06107 122.50956 15.0
41.0 9.0 9.0 78.60163 139.92188 102.64729 2091.0
41.0 9.0 41.0 59.87786 126.06107 122.50956 2091.0
41.0 13.0 13.0 21.79103 31.15864 56.44347 1.0
41.0 13.0 41.0 59.87786 126.06107 122.50956 1.0
41.0 22.0 22.0 25.10412 80.01836 119.48054 662.0
41.0 22.0 41.0 59.87786 126.06107 122.50956 662.0
41.0 24.0 24.0 107.88214 87.20987 149.14798 82.0
41.0 24.0 41.0 59.87786 126.06107 122.50956 82.0
41.0 28.0 28.0 84.31727 38.96024 143.15509 1.0
41.0 28.0 41.0 59.87786 126.06107 122.50956 1.0
41.0 30.0 30.0 88.42254 139.92857 62.75082 30.0
41.0 30.0 41.0 59.87786 126.06107 122.50956 30.0
41.0 34.0 34.0 127.80824 111.22685 129.60159 407.0
41.0 34.0 41.0 59.87786 126.06107 122.50956 407.0
41.0 35.0 35.0 147.78634 121.14164 95.65942 1.0
41.0 35.0 41.0 59.87786 126.06107 122.50956 1.0
41.0 38.0 38.0 88.71047 68.42904 152.6186 1.0
41.0 38.0 41.0 59.87786 126.06107 122.50956 1.0
41.0 41.0 41.0 59.87786 126.06107 122.50956 9072.0
41.0 41.0 41.0 59.87786 126.06107 122.50956 9072.0
41.0 42.0 42.0 56.66487 85.2248 144.97221 386.0
41.0 42.0 41.0 59.87786 126.06107 122.50956 386.0
41.0 43.0 43.0 101.71949 137.72584 99.14615 327.0
41.0 43.0 41.0 59.87786 126.06107 122.50956 327.0
42.0 0.0 0.0 55.10779 48.88123 141.96916 873.0
42.0 0.0 42.0 56.66487 85.2248 144.97221 873.0
42.0 4.0 4.0 72.10636 108.40049 139.6734 2132.0
42.0 4.0 42.0 56.66487 85.2248 144.97221 2132.0
42.0 5.0 5.0 36.1865 130.04955 82.2532 38.0
42.0 5.0 42.0 56.66487 85.2248 144.97221 38.0
42.0 16.0 16.0 37.09744 39.10696 124.71251 154.0
42.0 16.0 42.0 56.66487 85.2248 144.97221 154.0
42.0 22.0 22.0 25.10412 80.01836 119.48054 1600.0
42.0 22.0 42.0 56.66487 85.2248 144.97221 1600.0
42.0 24.0 24.0 107.88214 87.20987 149.14798 510.0
42.0 24.0 42.0 56.66487 85.2248 144.97221 510.0
42.0 27.0 27.0 18.71402 45.36055 103.72693 1.0
42.0 27.0 42.0 56.66487 85.2248 144.97221 1.0
42.0 28.0 28.0 84.31727 38.96024 143.15509 213.0
42.0 28.0 42.0 56.66487 85.2248 144.97221 213.0
42.0 33.0 33.0 97.16725 49.93466 149.23534 137.0
42.0 33.0 42.0 56.66487 85.2248 144.97221 137.0
42.0 34.0 34.0 127.80824 111.22685 129.60159 8.0
42.0 34.0 42.0 56.66487 85.2248 144.97221 8.0
42.0 36.0 36.0 51.1756 19.51529 119.71874 2.0
42.0 36.0 42.0 56.66487 85.2248 144.97221 2.0
42.0 38.0 38.0 88.71047 68.42904 152.6186 1102.0
42.0 38.0 42.0 56.66487 85.2248 144.97221 1102.0
42.0 41.0 41.0 59.87786 126.06107 122.50956 392.0
42.0 41.0 42.0 56.66487 85.2248 144.97221 392.0
42.0 42.0 42.0 56.66487 85.2248 144.97221 5653.0
42.0 42.0 42.0 56.66487 85.2248 144.97221 5653.0
42.0 44.0 44.0 70.24779 22.71087 131.33636 2.0
42.0 44.0 42.0 56.66487 85.2248 144.97221 2.0
43.0 4.0 4.0 72.10636 108.40049 139.6734 77.0
43.0 4.0 43.0 101.71949 137.72584 99.14615 77.0
43.0 5.0 5.0 36.1865 130.04955 82.2532 52.0
43.0 5.0 43.0 101.71949 137.72584 99.14615 52.0
43.0 9.0 9.0 78.60163 139.92188 102.64729 2085.0
43.0 9.0 43.0 101.71949 137.72584 99.14615 2085.0
43.0 24.0 24.0 107.88214 87.20987 149.14798 7.0
43.0 24.0 43.0 101.71949 137.72584 99.14615 7.0
43.0 30.0 30.0 88.42254 139.92857 62.75082 2065.0
43.0 30.0 43.0 101.71949 137.72584 99.14615 2065.0
43.0 34.0 34.0 127.80824 111.22685 129.60159 1421.0
43.0 34.0 43.0 101.71949 137.72584 99.14615 1421.0
43.0 35.0 35.0 147.78634 121.14164 95.65942 830.0
43.0 35.0 43.0 101.71949 137.72584 99.14615 830.0
43.0 37.0 37.0 80.23958 11.05693 113.81049 1.0
43.0 37.0 43.0 101.71949 137.72584 99.14615 1.0
43.0 41.0 41.0 59.87786 126.06107 122.50956 267.0
43.0 41.0 43.0 101.71949 137.72584 99.14615 267.0
43.0 43.0 43.0 101.71949 137.72584 99.14615 4756.0
43.0 43.0 43.0 101.71949 137.72584 99.14615 4756.0
43.0 45.0 45.0 35.03534 116.36274 28.63151 1.0
43.0 45.0 43.0 101.71949 137.72584 99.14615 1.0
43.0 46.0 46.0 114.5372 130.25479 52.74625 155.0
43.0 46.0 43.0 101.71949 137.72584 99.14615 155.0
44.0 0.0 0.0 55.10779 48.88123 141.96916 625.0
44.0 0.0 44.0 70.24779 22.71087 131.33636 625.0
44.0 2.0 2.0 27.43408 25.3007 87.71963 35.0
44.0 2.0 44.0 70.24779 22.71087 131.33636 35.0
44.0 3.0 3.0 83.18858 3.83002 88.01186 56.0
44.0 3.0 44.0 70.24779 22.71087 131.33636 56.0
44.0 6.0 6.0 5.47717 84.79688 74.39838 1.0
44.0 6.0 44.0 70.24779 22.71087 131.33636 1.0
44.0 11.0 11.0 48.53677 14.09561 56.55726 2.0
44.0 11.0 44.0 70.24779 22.71087 131.33636 2.0
44.0 16.0 16.0 37.09744 39.10696 124.71251 229.0
44.0 16.0 44.0 70.24779 22.71087 131.33636 229.0
44.0 17.0 17.0 122.77276 10.9995 94.58587 5.0
44.0 17.0 44.0 70.24779 22.71087 131.33636 5.0
44.0 22.0 22.0 25.10412 80.01836 119.48054 3.0
44.0 22.0 44.0 70.24779 22.71087 131.33636 3.0
44.0 26.0 26.0 132.10101 45.18575 139.1456 16.0
44.0 26.0 44.0 70.24779 22.71087 131.33636 16.0
44.0 27.0 27.0 18.71402 45.36055 103.72693 3.0
44.0 27.0 44.0 70.24779 22.71087 131.33636 3.0
44.0 28.0 28.0 84.31727 38.96024 143.15509 891.0
44.0 28.0 44.0 70.24779 22.71087 131.33636 891.0
44.0 29.0 29.0 122.67003 20.58021 121.18019 76.0
44.0 29.0 44.0 70.24779 22.71087 131.33636 76.0
44.0 33.0 33.0 97.16725 49.93466 149.23534 96.0
44.0 33.0 44.0 70.24779 22.71087 131.33636 96.0
44.0 36.0 36.0 51.1756 19.51529 119.71874 767.0
44.0 36.0 44.0 70.24779 22.71087 131.33636 767.0
44.0 37.0 37.0 80.23958 11.05693 113.81049 1497.0
44.0 37.0 44.0 70.24779 22.71087 131.33636 1497.0
44.0 38.0 38.0 88.71047 68.42904 152.6186 18.0
44.0 38.0 44.0 70.24779 22.71087 131.33636 18.0
44.0 41.0 41.0 59.87786 126.06107 122.50956 1.0
44.0 41.0 44.0 70.24779 22.71087 131.33636 1.0
44.0 42.0 42.0 56.66487 85.2248 144.97221 3.0
44.0 42.0 44.0 70.24779 22.71087 131.33636 3.0
44.0 44.0 44.0 70.24779 22.71087 131.33636 1834.0
44.0 44.0 44.0 70.24779 22.71087 131.33636 1834.0
45.0 1.0 1.0 66.23646 89.24506 7.47875 1856.0
45.0 1.0 45.0 35.03534 116.36274 28.63151 1856.0
45.0 5.0 5.0 36.1865 130.04955 82.2532 2020.0
45.0 5.0 45.0 35.03534 116.36274 28.63151 2020.0
45.0 6.0 6.0 5.47717 84.79688 74.39838 958.0
45.0 6.0 45.0 35.03534 116.36274 28.63151 958.0
45.0 8.0 8.0 108.18514 85.96901 38.68971 124.0
45.0 8.0 45.0 35.03534 116.36274 28.63151 124.0
45.0 9.0 9.0 78.60163 139.92188 102.64729 3.0
45.0 9.0 45.0 35.03534 116.36274 28.63151 3.0
45.0 14.0 14.0 128.3048 116.03795 40.2767 4.0
45.0 14.0 45.0 35.03534 116.36274 28.63151 4.0
45.0 20.0 20.0 85.10297 53.72506 22.34332 1.0
45.0 20.0 45.0 35.03534 116.36274 28.63151 1.0
45.0 21.0 21.0 28.2882 78.10961 19.29206 1793.0
45.0 21.0 45.0 35.03534 116.36274 28.63151 1793.0
45.0 22.0 22.0 25.10412 80.01836 119.48054 1.0
45.0 22.0 45.0 35.03534 116.36274 28.63151 1.0
45.0 30.0 30.0 88.42254 139.92857 62.75082 808.0
45.0 30.0 45.0 35.03534 116.36274 28.63151 808.0
45.0 39.0 39.0 21.81761 50.13884 32.77347 66.0
45.0 39.0 45.0 35.03534 116.36274 28.63151 66.0
45.0 45.0 45.0 35.03534 116.36274 28.63151 13022.0
45.0 45.0 45.0 35.03534 116.36274 28.63151 13022.0
45.0 46.0 46.0 114.5372 130.25479 52.74625 50.0
45.0 46.0 45.0 35.03534 116.36274 28.63151 50.0
46.0 1.0 1.0 66.23646 89.24506 7.47875 129.0
46.0 1.0 46.0 114.5372 130.25479 52.74625 129.0
46.0 5.0 5.0 36.1865 130.04955 82.2532 7.0
46.0 5.0 46.0 114.5372 130.25479 52.74625 7.0
46.0 8.0 8.0 108.18514 85.96901 38.68971 1096.0
46.0 8.0 46.0 114.5372 130.25479 52.74625 1096.0
46.0 9.0 9.0 78.60163 139.92188 102.64729 7.0
46.0 9.0 46.0 114.5372 130.25479 52.74625 7.0
46.0 12.0 12.0 179.81052 86.40016 84.85307 5.0
46.0 12.0 46.0 114.5372 130.25479 52.74625 5.0
46.0 14.0 14.0 128.3048 116.03795 40.2767 2751.0
46.0 14.0 46.0 114.5372 130.25479 52.74625 2751.0
46.0 20.0 20.0 85.10297 53.72506 22.34332 3.0
46.0 20.0 46.0 114.5372 130.25479 52.74625 3.0
46.0 30.0 30.0 88.42254 139.92857 62.75082 3426.0
46.0 30.0 46.0 114.5372 130.25479 52.74625 3426.0
46.0 31.0 31.0 121.5224 38.94375 36.03534 1.0
46.0 31.0 46.0 114.5372 130.25479 52.74625 1.0
46.0 32.0 32.0 156.97316 89.10658 57.97733 283.0
46.0 32.0 46.0 114.5372 130.25479 52.74625 283.0
46.0 34.0 34.0 127.80824 111.22685 129.60159 13.0
46.0 34.0 46.0 114.5372 130.25479 52.74625 13.0
46.0 35.0 35.0 147.78634 121.14164 95.65942 1096.0
46.0 35.0 46.0 114.5372 130.25479 52.74625 1096.0
46.0 43.0 43.0 101.71949 137.72584 99.14615 146.0
46.0 43.0 46.0 114.5372 130.25479 52.74625 146.0
46.0 45.0 45.0 35.03534 116.36274 28.63151 49.0
46.0 45.0 46.0 114.5372 130.25479 52.74625 49.0
46.0 46.0 46.0 114.5372 130.25479 52.74625 6950.0
46.0 46.0 46.0 114.5372 130.25479 52.74625 6950.0
47.0 12.0 12.0 179.81052 86.40016 84.85307 386.0
47.0 12.0 47.0 164.20161 62.76444 126.1139 386.0
47.0 15.0 15.0 145.09769 26.53589 64.69804 7.0
47.0 15.0 47.0 164.20161 62.76444 126.1139 7.0
47.0 17.0 17.0 122.77276 10.9995 94.58587 22.0
47.0 17.0 47.0 164.20161 62.76444 126.1139 22.0
47.0 18.0 18.0 159.19718 24.83887 93.9379 629.0
47.0 18.0 47.0 164.20161 62.76444 126.1139 629.0
47.0 23.0 23.0 173.48768 43.55856 76.99159 339.0
47.0 23.0 47.0 164.20161 62.76444 126.1139 339.0
47.0 24.0 24.0 107.88214 87.20987 149.14798 217.0
47.0 24.0 47.0 164.20161 62.76444 126.1139 217.0
47.0 25.0 25.0 182.84299 63.99361 100.29791 1184.0
47.0 25.0 47.0 164.20161 62.76444 126.1139 1184.0
47.0 26.0 26.0 132.10101 45.18575 139.1456 1850.0
47.0 26.0 47.0 164.20161 62.76444 126.1139 1850.0
47.0 29.0 29.0 122.67003 20.58021 121.18019 254.0
47.0 29.0 47.0 164.20161 62.76444 126.1139 254.0
47.0 32.0 32.0 156.97316 89.10658 57.97733 3.0
47.0 32.0 47.0 164.20161 62.76444 126.1139 3.0
47.0 33.0 33.0 97.16725 49.93466 149.23534 6.0
47.0 33.0 47.0 164.20161 62.76444 126.1139 6.0
47.0 34.0 34.0 127.80824 111.22685 129.60159 1253.0
47.0 34.0 47.0 164.20161 62.76444 126.1139 1253.0
47.0 35.0 35.0 147.78634 121.14164 95.65942 350.0
47.0 35.0 47.0 164.20161 62.76444 126.1139 350.0
47.0 37.0 37.0 80.23958 11.05693 113.81049 1.0
47.0 37.0 47.0 164.20161 62.76444 126.1139 1.0
47.0 38.0 38.0 88.71047 68.42904 152.6186 4.0
47.0 38.0 47.0 164.20161 62.76444 126.1139 4.0
47.0 47.0 47.0 164.20161 62.76444 126.1139 8839.0
47.0 47.0 47.0 164.20161 62.76444 126.1139 8839.0
