TargetArea SourceArea Area AvgPosX AvgPosY AvgPosZ SumWeights
0.0 0.0 0.0 55.10877 48.90324 141.9796 3880.0
0.0 0.0 0.0 55.10877 48.90324 141.9796 3880.0
0.0 2.0 2.0 27.38178 25.36748 87.75247 9.0
0.0 2.0 0.0 55.10877 48.90324 141.9796 9.0
0.0 3.0 3.0 83.16552 3.83287 88.03509 1.0
0.0 3.0 0.0 55.10877 48.90324 141.9796 1.0
0.0 4.0 4.0 72.05198 108.38686 139.67277 14.0
0.0 4.0 0.0 55.10877 48.90324 141.9796 14.0
0.0 5.0 5.0 36.13779 130.01462 82.28884 1.0
0.0 5.0 0.0 55.10877 48.90324 141.9796 1.0
0.0 8.0 8.0 108.20513 85.98811 38.67038 1.0
0.0 8.0 0.0 55.10877 48.90324 141.9796 1.0
0.0 16.0 16.0 37.10419 39.06536 124.68027 1414.0
0.0 16.0 0.0 55.10877 48.90324 141.9796 1414.0
0.0 22.0 22.0 25.0892 80.03275 119.45767 587.0
0.0 22.0 0.0 55.10877 48.90324 141.9796 587.0
0.0 24.0 24.0 107.86891 87.2389 149.14959 14.0
0.0 24.0 0.0 55.10877 48.90324 141.9796 14.0
0.0 27.0 27.0 18.7473 45.30102 103.74096 36.0
0.0 27.0 0.0 55.10877 48.90324 141.9796 36.0
0.0 28.0 28.0 84.35764 38.93183 143.14225 1120.0
0.0 28.0 0.0 55.10877 48.90324 141.9796 1120.0
0.0 29.0 29.0 122.70774 20.59495 121.17829 1.0
0.0 29.0 0.0 55.10877 48.90324 141.9796 1.0
0.0 33.0 33.0 97.16806 49.93321 149.23545 266.0
0.0 33.0 0.0 55.10877 48.90324 141.9796 266.0
0.0 36.0 36.0 51.19196 19.47324 119.67566 474.0
0.0 36.0 0.0 55.10877 48.90324 141.9796 474.0
0.0 37.0 37.0 80.27504 11.09434 113.87808 80.0
0.0 37.0 0.0 55.10877 48.90324 141.9796 80.0
0.0 38.0 38.0 88.73077 68.42349 152.61344 403.0
0.0 38.0 0.0 55.10877 48.90324 141.9796 403.0
0.0 41.0 41.0 59.83217 126.05362 122.49415 1.0
0.0 41.0 0.0 55.10877 48.90324 141.9796 1.0
0.0 42.0 42.0 56.57562 85.19461 144.93704 941.0
0.0 42.0 0.0 55.10877 48.90324 141.9796 941.0
0.0 44.0 44.0 70.23619 22.76845 131.37957 600.0
0.0 44.0 0.0 55.10877 48.90324 141.9796 600.0
1.0 1.0 1.0 66.25829 89.30465 7.4984 11145.0
1.0 1.0 1.0 66.25829 89.30465 7.4984 11145.0
1.0 5.0 5.0 36.13779 130.01462 82.28884 17.0
1.0 5.0 1.0 66.25829 89.30465 7.4984 17.0
1.0 8.0 8.0 108.20513 85.98811 38.67038 1678.0
1.0 8.0 1.0 66.25829 89.30465 7.4984 1678.0
1.0 11.0 11.0 48.5157 14.0942 56.57228 15.0
1.0 11.0 1.0 66.25829 89.30465 7.4984 15.0
1.0 13.0 13.0 21.81835 31.12284 56.41301 1.0
1.0 13.0 1.0 66.25829 89.30465 7.4984 1.0
1.0 14.0 14.0 128.25794 116.04162 40.23189 54.0
1.0 14.0 1.0 66.25829 89.30465 7.4984 54.0
1.0 19.0 19.0 66.42847 15.77408 45.41867 21.0
1.0 19.0 1.0 66.25829 89.30465 7.4984 21.0
1.0 20.0 20.0 85.09912 53.74328 22.30738 2154.0
1.0 20.0 1.0 66.25829 89.30465 7.4984 2154.0
1.0 21.0 21.0 28.22971 78.14758 19.34641 1481.0
1.0 21.0 1.0 66.25829 89.30465 7.4984 1481.0
1.0 30.0 30.0 88.42823 139.9261 62.7247 332.0
1.0 30.0 1.0 66.25829 89.30465 7.4984 332.0
1.0 31.0 31.0 121.55592 38.99438 36.04578 4.0
1.0 31.0 1.0 66.25829 89.30465 7.4984 4.0
1.0 39.0 39.0 21.77759 50.14722 32.83596 240.0
1.0 39.0 1.0 66.25829 89.30465 7.4984 240.0
1.0 40.0 40.0 83.2782 23.54398 42.38794 15.0
1.0 40.0 1.0 66.25829 89.30465 7.4984 15.0
1.0 45.0 45.0 35.04825 116.34053 28.58856 1834.0
1.0 45.0 1.0 66.25829 89.30465 7.4984 1834.0
1.0 46.0 46.0 114.5545 130.24485 52.75345 161.0
1.0 46.0 1.0 66.25829 89.30465 7.4984 161.0
2.0 0.0 0.0 55.10877 48.90324 141.9796 10.0
2.0 0.0 2.0 27.38178 25.36748 87.75247 10.0
2.0 2.0 2.0 27.38178 25.36748 87.75247 6732.0
2.0 2.0 2.0 27.38178 25.36748 87.75247 6732.0
2.0 3.0 3.0 83.16552 3.83287 88.03509 299.0
2.0 3.0 2.0 27.38178 25.36748 87.75247 299.0
2.0 6.0 6.0 5.48076 84.78053 74.4508 463.0
2.0 6.0 2.0 27.38178 25.36748 87.75247 463.0
2.0 11.0 11.0 48.5157 14.0942 56.57228 1333.0
2.0 11.0 2.0 27.38178 25.36748 87.75247 1333.0
2.0 13.0 13.0 21.81835 31.12284 56.41301 1361.0
2.0 13.0 2.0 27.38178 25.36748 87.75247 1361.0
2.0 16.0 16.0 37.10419 39.06536 124.68027 721.0
2.0 16.0 2.0 27.38178 25.36748 87.75247 721.0
2.0 19.0 19.0 66.42847 15.77408 45.41867 11.0
2.0 19.0 2.0 27.38178 25.36748 87.75247 11.0
2.0 20.0 20.0 85.09912 53.74328 22.30738 1.0
2.0 20.0 2.0 27.38178 25.36748 87.75247 1.0
2.0 21.0 21.0 28.22971 78.14758 19.34641 1.0
2.0 21.0 2.0 27.38178 25.36748 87.75247 1.0
2.0 22.0 22.0 25.0892 80.03275 119.45767 84.0
2.0 22.0 2.0 27.38178 25.36748 87.75247 84.0
2.0 27.0 27.0 18.7473 45.30102 103.74096 1634.0
2.0 27.0 2.0 27.38178 25.36748 87.75247 1634.0
2.0 28.0 28.0 84.35764 38.93183 143.14225 1.0
2.0 28.0 2.0 27.38178 25.36748 87.75247 1.0
2.0 36.0 36.0 51.19196 19.47324 119.67566 525.0
2.0 36.0 2.0 27.38178 25.36748 87.75247 525.0
2.0 37.0 37.0 80.27504 11.09434 113.87808 451.0
2.0 37.0 2.0 27.38178 25.36748 87.75247 451.0
2.0 39.0 39.0 21.77759 50.14722 32.83596 169.0
2.0 39.0 2.0 27.38178 25.36748 87.75247 169.0
2.0 44.0 44.0 70.23619 22.76845 131.37957 28.0
2.0 44.0 2.0 27.38178 25.36748 87.75247 28.0
3.0 2.0 2.0 27.38178 25.36748 87.75247 297.0
3.0 2.0 3.0 83.16552 3.83287 88.03509 297.0
3.0 3.0 3.0 83.16552 3.83287 88.03509 7118.0
3.0 3.0 3.0 83.16552 3.83287 88.03509 7118.0
3.0 7.0 7.0 121.6564 13.42102 56.97633 241.0
3.0 7.0 3.0 83.16552 3.83287 88.03509 241.0
3.0 10.0 10.0 97.0661 3.91503 61.10056 1601.0
3.0 10.0 3.0 83.16552 3.83287 88.03509 1601.0
3.0 11.0 11.0 48.5157 14.0942 56.57228 1118.0
3.0 11.0 3.0 83.16552 3.83287 88.03509 1118.0
3.0 13.0 13.0 21.81835 31.12284 56.41301 5.0
3.0 13.0 3.0 83.16552 3.83287 88.03509 5.0
3.0 15.0 15.0 145.14935 26.59432 64.65366 16.0
3.0 15.0 3.0 83.16552 3.83287 88.03509 16.0
3.0 16.0 16.0 37.10419 39.06536 124.68027 14.0
3.0 16.0 3.0 83.16552 3.83287 88.03509 14.0
3.0 17.0 17.0 122.80378 11.00426 94.56146 1160.0
3.0 17.0 3.0 83.16552 3.83287 88.03509 1160.0
3.0 18.0 18.0 159.20533 24.82942 93.9061 1.0
3.0 18.0 3.0 83.16552 3.83287 88.03509 1.0
3.0 19.0 19.0 66.42847 15.77408 45.41867 424.0
3.0 19.0 3.0 83.16552 3.83287 88.03509 424.0
3.0 27.0 27.0 18.7473 45.30102 103.74096 2.0
3.0 27.0 3.0 83.16552 3.83287 88.03509 2.0
3.0 28.0 28.0 84.35764 38.93183 143.14225 8.0
3.0 28.0 3.0 83.16552 3.83287 88.03509 8.0
3.0 29.0 29.0 122.70774 20.59495 121.17829 221.0
3.0 29.0 3.0 83.16552 3.83287 88.03509 221.0
3.0 31.0 31.0 121.55592 38.99438 36.04578 2.0
3.0 31.0 3.0 83.16552 3.83287 88.03509 2.0
3.0 36.0 36.0 51.19196 19.47324 119.67566 150.0
3.0 36.0 3.0 83.16552 3.83287 88.03509 150.0
3.0 37.0 37.0 80.27504 11.09434 113.87808 2538.0
3.0 37.0 3.0 83.16552 3.83287 88.03509 2538.0
3.0 40.0 40.0 83.2782 23.54398 42.38794 135.0
3.0 40.0 3.0 83.16552 3.83287 88.03509 135.0
3.0 44.0 44.0 70.23619 22.76845 131.37957 52.0
3.0 44.0 3.0 83.16552 3.83287 88.03509 52.0
4.0 0.0 0.0 55.10877 48.90324 141.9796 13.0
4.0 0.0 4.0 72.05198 108.38686 139.67277 13.0
4.0 4.0 4.0 72.05198 108.38686 139.67277 6754.0
4.0 4.0 4.0 72.05198 108.38686 139.67277 6754.0
4.0 5.0 5.0 36.13779 130.01462 82.28884 96.0
4.0 5.0 4.0 72.05198 108.38686 139.67277 96.0
4.0 6.0 6.0 5.48076 84.78053 74.4508 2.0
4.0 6.0 4.0 72.05198 108.38686 139.67277 2.0
4.0 9.0 9.0 78.55834 139.94145 102.58459 269.0
4.0 9.0 4.0 72.05198 108.38686 139.67277 269.0
4.0 16.0 16.0 37.10419 39.06536 124.68027 1.0
4.0 16.0 4.0 72.05198 108.38686 139.67277 1.0
4.0 22.0 22.0 25.0892 80.03275 119.45767 473.0
4.0 22.0 4.0 72.05198 108.38686 139.67277 473.0
4.0 24.0 24.0 107.86891 87.2389 149.14959 1486.0
4.0 24.0 4.0 72.05198 108.38686 139.67277 1486.0
4.0 28.0 28.0 84.35764 38.93183 143.14225 5.0
4.0 28.0 4.0 72.05198 108.38686 139.67277 5.0
4.0 33.0 33.0 97.16806 49.93321 149.23545 8.0
4.0 33.0 4.0 72.05198 108.38686 139.67277 8.0
4.0 34.0 34.0 127.82617 111.22446 129.59868 857.0
4.0 34.0 4.0 72.05198 108.38686 139.67277 857.0
4.0 37.0 37.0 80.27504 11.09434 113.87808 1.0
4.0 37.0 4.0 72.05198 108.38686 139.67277 1.0
4.0 38.0 38.0 88.73077 68.42349 152.61344 227.0
4.0 38.0 4.0 72.05198 108.38686 139.67277 227.0
4.0 41.0 41.0 59.83217 126.05362 122.49415 2755.0
4.0 41.0 4.0 72.05198 108.38686 139.67277 2755.0
4.0 42.0 42.0 56.57562 85.19461 144.93704 2077.0
4.0 42.0 4.0 72.05198 108.38686 139.67277 2077.0
4.0 43.0 43.0 101.755 137.71332 99.15913 74.0
4.0 43.0 4.0 72.05198 108.38686 139.67277 74.0
4.0 45.0 45.0 35.04825 116.34053 28.58856 1.0
4.0 45.0 4.0 72.05198 108.38686 139.67277 1.0
5.0 1.0 1.0 66.25829 89.30465 7.4984 16.0
5.0 1.0 5.0 36.13779 130.01462 82.28884 16.0
5.0 4.0 4.0 72.05198 108.38686 139.67277 104.0
5.0 4.0 5.0 36.13779 130.01462 82.28884 104.0
5.0 5.0 5.0 36.13779 130.01462 82.28884 21683.0
5.0 5.0 5.0 36.13779 130.01462 82.28884 21683.0
5.0 6.0 6.0 5.48076 84.78053 74.4508 2021.0
5.0 6.0 5.0 36.13779 130.01462 82.28884 2021.0
5.0 8.0 8.0 108.20513 85.98811 38.67038 1.0
5.0 8.0 5.0 36.13779 130.01462 82.28884 1.0
5.0 9.0 9.0 78.55834 139.94145 102.58459 1428.0
5.0 9.0 5.0 36.13779 130.01462 82.28884 1428.0
5.0 21.0 21.0 28.22971 78.14758 19.34641 19.0
5.0 21.0 5.0 36.13779 130.01462 82.28884 19.0
5.0 22.0 22.0 25.0892 80.03275 119.45767 1227.0
5.0 22.0 5.0 36.13779 130.01462 82.28884 1227.0
5.0 30.0 30.0 88.42823 139.9261 62.7247 1673.0
5.0 30.0 5.0 36.13779 130.01462 82.28884 1673.0
5.0 34.0 34.0 127.82617 111.22446 129.59868 1.0
5.0 34.0 5.0 36.13779 130.01462 82.28884 1.0
5.0 41.0 41.0 59.83217 126.05362 122.49415 2275.0
5.0 41.0 5.0 36.13779 130.01462 82.28884 2275.0
5.0 42.0 42.0 56.57562 85.19461 144.93704 35.0
5.0 42.0 5.0 36.13779 130.01462 82.28884 35.0
5.0 43.0 43.0 101.755 137.71332 99.15913 84.0
5.0 43.0 5.0 36.13779 130.01462 82.28884 84.0
5.0 45.0 45.0 35.04825 116.34053 28.58856 1958.0
5.0 45.0 5.0 36.13779 130.01462 82.28884 1958.0
5.0 46.0 46.0 114.5545 130.24485 52.75345 9.0
5.0 46.0 5.0 36.13779 130.01462 82.28884 9.0
6.0 0.0 0.0 55.10877 48.90324 141.9796 1.0
6.0 0.0 6.0 5.48076 84.78053 74.4508 1.0
6.0 2.0 2.0 27.38178 25.36748 87.75247 525.0
6.0 2.0 6.0 5.48076 84.78053 74.4508 525.0
6.0 4.0 4.0 72.05198 108.38686 139.67277 2.0
6.0 4.0 6.0 5.48076 84.78053 74.4508 2.0
6.0 5.0 5.0 36.13779 130.01462 82.28884 2000.0
6.0 5.0 6.0 5.48076 84.78053 74.4508 2000.0
6.0 6.0 6.0 5.48076 84.78053 74.4508 15832.0
6.0 6.0 6.0 5.48076 84.78053 74.4508 15832.0
6.0 8.0 8.0 108.20513 85.98811 38.67038 1.0
6.0 8.0 6.0 5.48076 84.78053 74.4508 1.0
6.0 13.0 13.0 21.81835 31.12284 56.41301 427.0
6.0 13.0 6.0 5.48076 84.78053 74.4508 427.0
6.0 16.0 16.0 37.10419 39.06536 124.68027 7.0
6.0 16.0 6.0 5.48076 84.78053 74.4508 7.0
6.0 21.0 21.0 28.22971 78.14758 19.34641 654.0
6.0 21.0 6.0 5.48076 84.78053 74.4508 654.0
6.0 22.0 22.0 25.0892 80.03275 119.45767 2061.0
6.0 22.0 6.0 5.48076 84.78053 74.4508 2061.0
6.0 27.0 27.0 18.7473 45.30102 103.74096 842.0
6.0 27.0 6.0 5.48076 84.78053 74.4508 842.0
6.0 39.0 39.0 21.77759 50.14722 32.83596 1285.0
6.0 39.0 6.0 5.48076 84.78053 74.4508 1285.0
6.0 41.0 41.0 59.83217 126.05362 122.49415 24.0
6.0 41.0 6.0 5.48076 84.78053 74.4508 24.0
6.0 45.0 45.0 35.04825 116.34053 28.58856 1004.0
6.0 45.0 6.0 5.48076 84.78053 74.4508 1004.0
7.0 3.0 3.0 83.16552 3.83287 88.03509 227.0
7.0 3.0 7.0 121.6564 13.42102 56.97633 227.0
7.0 7.0 7.0 121.6564 13.42102 56.97633 4126.0
7.0 7.0 7.0 121.6564 13.42102 56.97633 4126.0
7.0 8.0 8.0 108.20513 85.98811 38.67038 5.0
7.0 8.0 7.0 121.6564 13.42102 56.97633 5.0
7.0 10.0 10.0 97.0661 3.91503 61.10056 1448.0
7.0 10.0 7.0 121.6564 13.42102 56.97633 1448.0
7.0 15.0 15.0 145.14935 26.59432 64.65366 1499.0
7.0 15.0 7.0 121.6564 13.42102 56.97633 1499.0
7.0 17.0 17.0 122.80378 11.00426 94.56146 803.0
7.0 17.0 7.0 121.6564 13.42102 56.97633 803.0
7.0 18.0 18.0 159.20533 24.82942 93.9061 37.0
7.0 18.0 7.0 121.6564 13.42102 56.97633 37.0
7.0 19.0 19.0 66.42847 15.77408 45.41867 17.0
7.0 19.0 7.0 121.6564 13.42102 56.97633 17.0
7.0 20.0 20.0 85.09912 53.74328 22.30738 31.0
7.0 20.0 7.0 121.6564 13.42102 56.97633 31.0
7.0 23.0 23.0 173.49915 43.4917 77.11437 15.0
7.0 23.0 7.0 121.6564 13.42102 56.97633 15.0
7.0 29.0 29.0 122.70774 20.59495 121.17829 15.0
7.0 29.0 7.0 121.6564 13.42102 56.97633 15.0
7.0 31.0 31.0 121.55592 38.99438 36.04578 1562.0
7.0 31.0 7.0 121.6564 13.42102 56.97633 1562.0
7.0 32.0 32.0 156.95484 89.14651 57.98756 1.0
7.0 32.0 7.0 121.6564 13.42102 56.97633 1.0
7.0 37.0 37.0 80.27504 11.09434 113.87808 4.0
7.0 37.0 7.0 121.6564 13.42102 56.97633 4.0
7.0 40.0 40.0 83.2782 23.54398 42.38794 310.0
7.0 40.0 7.0 121.6564 13.42102 56.97633 310.0
8.0 1.0 1.0 66.25829 89.30465 7.4984 1468.0
8.0 1.0 8.0 108.20513 85.98811 38.67038 1468.0
8.0 3.0 3.0 83.16552 3.83287 88.03509 1.0
8.0 3.0 8.0 108.20513 85.98811 38.67038 1.0
8.0 4.0 4.0 72.05198 108.38686 139.67277 1.0
8.0 4.0 8.0 108.20513 85.98811 38.67038 1.0
8.0 5.0 5.0 36.13779 130.01462 82.28884 9.0
8.0 5.0 8.0 108.20513 85.98811 38.67038 9.0
8.0 7.0 7.0 121.6564 13.42102 56.97633 6.0
8.0 7.0 8.0 108.20513 85.98811 38.67038 6.0
8.0 8.0 8.0 108.20513 85.98811 38.67038 28513.0
8.0 8.0 8.0 108.20513 85.98811 38.67038 28513.0
8.0 12.0 12.0 179.81133 86.42101 84.88486 4.0
8.0 12.0 8.0 108.20513 85.98811 38.67038 4.0
8.0 13.0 13.0 21.81835 31.12284 56.41301 1.0
8.0 13.0 8.0 108.20513 85.98811 38.67038 1.0
8.0 14.0 14.0 128.25794 116.04162 40.23189 2665.0
8.0 14.0 8.0 108.20513 85.98811 38.67038 2665.0
8.0 15.0 15.0 145.14935 26.59432 64.65366 45.0
8.0 15.0 8.0 108.20513 85.98811 38.67038 45.0
8.0 20.0 20.0 85.09912 53.74328 22.30738 2992.0
8.0 20.0 8.0 108.20513 85.98811 38.67038 2992.0
8.0 23.0 23.0 173.49915 43.4917 77.11437 9.0
8.0 23.0 8.0 108.20513 85.98811 38.67038 9.0
8.0 24.0 24.0 107.86891 87.2389 149.14959 1.0
8.0 24.0 8.0 108.20513 85.98811 38.67038 1.0
8.0 30.0 30.0 88.42823 139.9261 62.7247 592.0
8.0 30.0 8.0 108.20513 85.98811 38.67038 592.0
8.0 31.0 31.0 121.55592 38.99438 36.04578 1769.0
8.0 31.0 8.0 108.20513 85.98811 38.67038 1769.0
8.0 32.0 32.0 156.95484 89.14651 57.98756 1432.0
8.0 32.0 8.0 108.20513 85.98811 38.67038 1432.0
8.0 35.0 35.0 147.81213 121.12608 95.69121 2.0
8.0 35.0 8.0 108.20513 85.98811 38.67038 2.0
8.0 40.0 40.0 83.2782 23.54398 42.38794 21.0
8.0 40.0 8.0 108.20513 85.98811 38.67038 21.0
8.0 41.0 41.0 59.83217 126.05362 122.49415 1.0
8.0 41.0 8.0 108.20513 85.98811 38.67038 1.0
8.0 45.0 45.0 35.04825 116.34053 28.58856 86.0
8.0 45.0 8.0 108.20513 85.98811 38.67038 86.0
8.0 46.0 46.0 114.5545 130.24485 52.75345 1124.0
8.0 46.0 8.0 108.20513 85.98811 38.67038 1124.0
9.0 4.0 4.0 72.05198 108.38686 139.67277 306.0
9.0 4.0 9.0 78.55834 139.94145 102.58459 306.0
9.0 5.0 5.0 36.13779 130.01462 82.28884 1358.0
9.0 5.0 9.0 78.55834 139.94145 102.58459 1358.0
9.0 9.0 9.0 78.55834 139.94145 102.58459 4879.0
9.0 9.0 9.0 78.55834 139.94145 102.58459 4879.0
9.0 12.0 12.0 179.81133 86.42101 84.88486 1.0
9.0 12.0 9.0 78.55834 139.94145 102.58459 1.0
9.0 22.0 22.0 25.0892 80.03275 119.45767 1.0
9.0 22.0 9.0 78.55834 139.94145 102.58459 1.0
9.0 24.0 24.0 107.86891 87.2389 149.14959 27.0
9.0 24.0 9.0 78.55834 139.94145 102.58459 27.0
9.0 30.0 30.0 88.42823 139.9261 62.7247 1221.0
9.0 30.0 9.0 78.55834 139.94145 102.58459 1221.0
9.0 34.0 34.0 127.82617 111.22446 129.59868 617.0
9.0 34.0 9.0 78.55834 139.94145 102.58459 617.0
9.0 35.0 35.0 147.81213 121.12608 95.69121 21.0
9.0 35.0 9.0 78.55834 139.94145 102.58459 21.0
9.0 41.0 41.0 59.83217 126.05362 122.49415 2125.0
9.0 41.0 9.0 78.55834 139.94145 102.58459 2125.0
9.0 43.0 43.0 101.755 137.71332 99.15913 2052.0
9.0 43.0 9.0 78.55834 139.94145 102.58459 2052.0
9.0 45.0 45.0 35.04825 116.34053 28.58856 2.0
9.0 45.0 9.0 78.55834 139.94145 102.58459 2.0
9.0 46.0 46.0 114.5545 130.24485 52.75345 1.0
9.0 46.0 9.0 78.55834 139.94145 102.58459 1.0
10.0 2.0 2.0 27.38178 25.36748 87.75247 2.0
10.0 2.0 10.0 97.0661 3.91503 61.10056 2.0
10.0 3.0 3.0 83.16552 3.83287 88.03509 1577.0
10.0 3.0 10.0 97.0661 3.91503 61.10056 1577.0
10.0 7.0 7.0 121.6564 13.42102 56.97633 1473.0
10.0 7.0 10.0 97.0661 3.91503 61.10056 1473.0
10.0 8.0 8.0 108.20513 85.98811 38.67038 1.0
10.0 8.0 10.0 97.0661 3.91503 61.10056 1.0
10.0 10.0 10.0 97.0661 3.91503 61.10056 4194.0
10.0 10.0 10.0 97.0661 3.91503 61.10056 4194.0
10.0 11.0 11.0 48.5157 14.0942 56.57228 192.0
10.0 11.0 10.0 97.0661 3.91503 61.10056 192.0
10.0 15.0 15.0 145.14935 26.59432 64.65366 72.0
10.0 15.0 10.0 97.0661 3.91503 61.10056 72.0
10.0 17.0 17.0 122.80378 11.00426 94.56146 456.0
10.0 17.0 10.0 97.0661 3.91503 61.10056 456.0
10.0 18.0 18.0 159.20533 24.82942 93.9061 2.0
10.0 18.0 10.0 97.0661 3.91503 61.10056 2.0
10.0 19.0 19.0 66.42847 15.77408 45.41867 591.0
10.0 19.0 10.0 97.0661 3.91503 61.10056 591.0
10.0 20.0 20.0 85.09912 53.74328 22.30738 37.0
10.0 20.0 10.0 97.0661 3.91503 61.10056 37.0
10.0 29.0 29.0 122.70774 20.59495 121.17829 6.0
10.0 29.0 10.0 97.0661 3.91503 61.10056 6.0
10.0 31.0 31.0 121.55592 38.99438 36.04578 392.0
10.0 31.0 10.0 97.0661 3.91503 61.10056 392.0
10.0 37.0 37.0 80.27504 11.09434 113.87808 54.0
10.0 37.0 10.0 97.0661 3.91503 61.10056 54.0
10.0 40.0 40.0 83.2782 23.54398 42.38794 1175.0
10.0 40.0 10.0 97.0661 3.91503 61.10056 1175.0
11.0 1.0 1.0 66.25829 89.30465 7.4984 19.0
11.0 1.0 11.0 48.5157 14.0942 56.57228 19.0
11.0 2.0 2.0 27.38178 25.36748 87.75247 1333.0
11.0 2.0 11.0 48.5157 14.0942 56.57228 1333.0
11.0 3.0 3.0 83.16552 3.83287 88.03509 1122.0
11.0 3.0 11.0 48.5157 14.0942 56.57228 1122.0
11.0 6.0 6.0 5.48076 84.78053 74.4508 1.0
11.0 6.0 11.0 48.5157 14.0942 56.57228 1.0
11.0 7.0 7.0 121.6564 13.42102 56.97633 1.0
11.0 7.0 11.0 48.5157 14.0942 56.57228 1.0
11.0 8.0 8.0 108.20513 85.98811 38.67038 1.0
11.0 8.0 11.0 48.5157 14.0942 56.57228 1.0
11.0 10.0 10.0 97.0661 3.91503 61.10056 196.0
11.0 10.0 11.0 48.5157 14.0942 56.57228 196.0
11.0 11.0 11.0 48.5157 14.0942 56.57228 8252.0
11.0 11.0 11.0 48.5157 14.0942 56.57228 8252.0
11.0 13.0 13.0 21.81835 31.12284 56.41301 1502.0
11.0 13.0 11.0 48.5157 14.0942 56.57228 1502.0
11.0 16.0 16.0 37.10419 39.06536 124.68027 16.0
11.0 16.0 11.0 48.5157 14.0942 56.57228 16.0
11.0 19.0 19.0 66.42847 15.77408 45.41867 2044.0
11.0 19.0 11.0 48.5157 14.0942 56.57228 2044.0
11.0 20.0 20.0 85.09912 53.74328 22.30738 259.0
11.0 20.0 11.0 48.5157 14.0942 56.57228 259.0
11.0 21.0 21.0 28.22971 78.14758 19.34641 33.0
11.0 21.0 11.0 48.5157 14.0942 56.57228 33.0
11.0 27.0 27.0 18.7473 45.30102 103.74096 10.0
11.0 27.0 11.0 48.5157 14.0942 56.57228 10.0
11.0 31.0 31.0 121.55592 38.99438 36.04578 2.0
11.0 31.0 11.0 48.5157 14.0942 56.57228 2.0
11.0 36.0 36.0 51.19196 19.47324 119.67566 75.0
11.0 36.0 11.0 48.5157 14.0942 56.57228 75.0
11.0 37.0 37.0 80.27504 11.09434 113.87808 238.0
11.0 37.0 11.0 48.5157 14.0942 56.57228 238.0
11.0 39.0 39.0 21.77759 50.14722 32.83596 881.0
11.0 39.0 11.0 48.5157 14.0942 56.57228 881.0
11.0 40.0 40.0 83.2782 23.54398 42.38794 514.0
11.0 40.0 11.0 48.5157 14.0942 56.57228 514.0
11.0 44.0 44.0 70.23619 22.76845 131.37957 3.0
11.0 44.0 11.0 48.5157 14.0942 56.57228 3.0
12.0 8.0 8.0 108.20513 85.98811 38.67038 2.0
12.0 8.0 12.0 179.81133 86.42101 84.88486 2.0
12.0 12.0 12.0 179.81133 86.42101 84.88486 5961.0
12.0 12.0 12.0 179.81133 86.42101 84.88486 5961.0
12.0 14.0 14.0 128.25794 116.04162 40.23189 3.0
12.0 14.0 12.0 179.81133 86.42101 84.88486 3.0
12.0 15.0 15.0 145.14935 26.59432 64.65366 32.0
12.0 15.0 12.0 179.81133 86.42101 84.88486 32.0
12.0 18.0 18.0 159.20533 24.82942 93.9061 17.0
12.0 18.0 12.0 179.81133 86.42101 84.88486 17.0
12.0 23.0 23.0 173.49915 43.4917 77.11437 575.0
12.0 23.0 12.0 179.81133 86.42101 84.88486 575.0
12.0 25.0 25.0 182.85148 63.99028 100.29426 1163.0
12.0 25.0 12.0 179.81133 86.42101 84.88486 1163.0
12.0 31.0 31.0 121.55592 38.99438 36.04578 9.0
12.0 31.0 12.0 179.81133 86.42101 84.88486 9.0
12.0 32.0 32.0 156.95484 89.14651 57.98756 1775.0
12.0 32.0 12.0 179.81133 86.42101 84.88486 1775.0
12.0 34.0 34.0 127.82617 111.22446 129.59868 91.0
12.0 34.0 12.0 179.81133 86.42101 84.88486 91.0
12.0 35.0 35.0 147.81213 121.12608 95.69121 1251.0
12.0 35.0 12.0 179.81133 86.42101 84.88486 1251.0
12.0 46.0 46.0 114.5545 130.24485 52.75345 4.0
12.0 46.0 12.0 179.81133 86.42101 84.88486 4.0
12.0 47.0 47.0 164.20875 62.73143 126.09802 447.0
12.0 47.0 12.0 179.81133 86.42101 84.88486 447.0
13.0 2.0 2.0 27.38178 25.36748 87.75247 1382.0
13.0 2.0 13.0 21.81835 31.12284 56.41301 1382.0
13.0 3.0 3.0 83.16552 3.83287 88.03509 8.0
13.0 3.0 13.0 21.81835 31.12284 56.41301 8.0
13.0 6.0 6.0 5.48076 84.78053 74.4508 416.0
13.0 6.0 13.0 21.81835 31.12284 56.41301 416.0
13.0 11.0 11.0 48.5157 14.0942 56.57228 1571.0
13.0 11.0 13.0 21.81835 31.12284 56.41301 1571.0
13.0 13.0 13.0 21.81835 31.12284 56.41301 3834.0
13.0 13.0 13.0 21.81835 31.12284 56.41301 3834.0
13.0 16.0 16.0 37.10419 39.06536 124.68027 1.0
13.0 16.0 13.0 21.81835 31.12284 56.41301 1.0
13.0 19.0 19.0 66.42847 15.77408 45.41867 88.0
13.0 19.0 13.0 21.81835 31.12284 56.41301 88.0
13.0 20.0 20.0 85.09912 53.74328 22.30738 7.0
13.0 20.0 13.0 21.81835 31.12284 56.41301 7.0
13.0 21.0 21.0 28.22971 78.14758 19.34641 7.0
13.0 21.0 13.0 21.81835 31.12284 56.41301 7.0
13.0 22.0 22.0 25.0892 80.03275 119.45767 5.0
13.0 22.0 13.0 21.81835 31.12284 56.41301 5.0
13.0 27.0 27.0 18.7473 45.30102 103.74096 104.0
13.0 27.0 13.0 21.81835 31.12284 56.41301 104.0
13.0 36.0 36.0 51.19196 19.47324 119.67566 1.0
13.0 36.0 13.0 21.81835 31.12284 56.41301 1.0
13.0 37.0 37.0 80.27504 11.09434 113.87808 1.0
13.0 37.0 13.0 21.81835 31.12284 56.41301 1.0
13.0 39.0 39.0 21.77759 50.14722 32.83596 1762.0
13.0 39.0 13.0 21.81835 31.12284 56.41301 1762.0
13.0 40.0 40.0 83.2782 23.54398 42.38794 3.0
13.0 40.0 13.0 21.81835 31.12284 56.41301 3.0
14.0 1.0 1.0 66.25829 89.30465 7.4984 53.0
14.0 1.0 14.0 128.25794 116.04162 40.23189 53.0
14.0 8.0 8.0 108.20513 85.98811 38.67038 2694.0
14.0 8.0 14.0 128.25794 116.04162 40.23189 2694.0
14.0 12.0 12.0 179.81133 86.42101 84.88486 12.0
14.0 12.0 14.0 128.25794 116.04162 40.23189 12.0
14.0 14.0 14.0 128.25794 116.04162 40.23189 7305.0
14.0 14.0 14.0 128.25794 116.04162 40.23189 7305.0
14.0 20.0 20.0 85.09912 53.74328 22.30738 9.0
14.0 20.0 14.0 128.25794 116.04162 40.23189 9.0
14.0 30.0 30.0 88.42823 139.9261 62.7247 237.0
14.0 30.0 14.0 128.25794 116.04162 40.23189 237.0
14.0 31.0 31.0 121.55592 38.99438 36.04578 5.0
14.0 31.0 14.0 128.25794 116.04162 40.23189 5.0
14.0 32.0 32.0 156.95484 89.14651 57.98756 1367.0
14.0 32.0 14.0 128.25794 116.04162 40.23189 1367.0
14.0 35.0 35.0 147.81213 121.12608 95.69121 321.0
14.0 35.0 14.0 128.25794 116.04162 40.23189 321.0
14.0 43.0 43.0 101.755 137.71332 99.15913 2.0
14.0 43.0 14.0 128.25794 116.04162 40.23189 2.0
14.0 46.0 46.0 114.5545 130.24485 52.75345 2897.0
14.0 46.0 14.0 128.25794 116.04162 40.23189 2897.0
15.0 3.0 3.0 83.16552 3.83287 88.03509 23.0
15.0 3.0 15.0 145.14935 26.59432 64.65366 23.0
15.0 7.0 7.0 121.6564 13.42102 56.97633 1533.0
15.0 7.0 15.0 145.14935 26.59432 64.65366 1533.0
15.0 8.0 8.0 108.20513 85.98811 38.67038 82.0
15.0 8.0 15.0 145.14935 26.59432 64.65366 82.0
15.0 10.0 10.0 97.0661 3.91503 61.10056 68.0
15.0 10.0 15.0 145.14935 26.59432 64.65366 68.0
15.0 12.0 12.0 179.81133 86.42101 84.88486 31.0
15.0 12.0 15.0 145.14935 26.59432 64.65366 31.0
15.0 15.0 15.0 145.14935 26.59432 64.65366 5092.0
15.0 15.0 15.0 145.14935 26.59432 64.65366 5092.0
15.0 17.0 17.0 122.80378 11.00426 94.56146 922.0
15.0 17.0 15.0 145.14935 26.59432 64.65366 922.0
15.0 18.0 18.0 159.20533 24.82942 93.9061 1027.0
15.0 18.0 15.0 145.14935 26.59432 64.65366 1027.0
15.0 23.0 23.0 173.49915 43.4917 77.11437 765.0
15.0 23.0 15.0 145.14935 26.59432 64.65366 765.0
15.0 25.0 25.0 182.85148 63.99028 100.29426 7.0
15.0 25.0 15.0 145.14935 26.59432 64.65366 7.0
15.0 26.0 26.0 132.1443 45.09661 139.08385 7.0
15.0 26.0 15.0 145.14935 26.59432 64.65366 7.0
15.0 29.0 29.0 122.70774 20.59495 121.17829 56.0
15.0 29.0 15.0 145.14935 26.59432 64.65366 56.0
15.0 31.0 31.0 121.55592 38.99438 36.04578 1399.0
15.0 31.0 15.0 145.14935 26.59432 64.65366 1399.0
15.0 32.0 32.0 156.95484 89.14651 57.98756 335.0
15.0 32.0 15.0 145.14935 26.59432 64.65366 335.0
15.0 37.0 37.0 80.27504 11.09434 113.87808 2.0
15.0 37.0 15.0 145.14935 26.59432 64.65366 2.0
15.0 40.0 40.0 83.2782 23.54398 42.38794 4.0
15.0 40.0 15.0 145.14935 26.59432 64.65366 4.0
15.0 47.0 47.0 164.20875 62.73143 126.09802 7.0
15.0 47.0 15.0 145.14935 26.59432 64.65366 7.0
16.0 0.0 0.0 55.10877 48.90324 141.9796 1412.0
16.0 0.0 16.0 37.10419 39.06536 124.68027 1412.0
16.0 2.0 2.0 27.38178 25.36748 87.75247 739.0
16.0 2.0 16.0 37.10419 39.06536 124.68027 739.0
16.0 3.0 3.0 83.16552 3.83287 88.03509 20.0
16.0 3.0 16.0 37.10419 39.06536 124.68027 20.0
16.0 4.0 4.0 72.05198 108.38686 139.67277 2.0
16.0 4.0 16.0 37.10419 39.06536 124.68027 2.0
16.0 6.0 6.0 5.48076 84.78053 74.4508 9.0
16.0 6.0 16.0 37.10419 39.06536 124.68027 9.0
16.0 11.0 11.0 48.5157 14.0942 56.57228 20.0
16.0 11.0 16.0 37.10419 39.06536 124.68027 20.0
16.0 16.0 16.0 37.10419 39.06536 124.68027 4284.0
16.0 16.0 16.0 37.10419 39.06536 124.68027 4284.0
16.0 22.0 22.0 25.0892 80.03275 119.45767 1270.0
16.0 22.0 16.0 37.10419 39.06536 124.68027 1270.0
16.0 23.0 23.0 173.49915 43.4917 77.11437 1.0
16.0 23.0 16.0 37.10419 39.06536 124.68027 1.0
16.0 26.0 26.0 132.1443 45.09661 139.08385 1.0
16.0 26.0 16.0 37.10419 39.06536 124.68027 1.0
16.0 27.0 27.0 18.7473 45.30102 103.74096 1149.0
16.0 27.0 16.0 37.10419 39.06536 124.68027 1149.0
16.0 28.0 28.0 84.35764 38.93183 143.14225 39.0
16.0 28.0 16.0 37.10419 39.06536 124.68027 39.0
16.0 33.0 33.0 97.16806 49.93321 149.23545 4.0
16.0 33.0 16.0 37.10419 39.06536 124.68027 4.0
16.0 36.0 36.0 51.19196 19.47324 119.67566 1006.0
16.0 36.0 16.0 37.10419 39.06536 124.68027 1006.0
16.0 37.0 37.0 80.27504 11.09434 113.87808 172.0
16.0 37.0 16.0 37.10419 39.06536 124.68027 172.0
16.0 38.0 38.0 88.73077 68.42349 152.61344 13.0
16.0 38.0 16.0 37.10419 39.06536 124.68027 13.0
16.0 42.0 42.0 56.57562 85.19461 144.93704 185.0
16.0 42.0 16.0 37.10419 39.06536 124.68027 185.0
16.0 44.0 44.0 70.23619 22.76845 131.37957 248.0
16.0 44.0 16.0 37.10419 39.06536 124.68027 248.0
17.0 3.0 3.0 83.16552 3.83287 88.03509 1187.0
17.0 3.0 17.0 122.80378 11.00426 94.56146 1187.0
17.0 7.0 7.0 121.6564 13.42102 56.97633 838.0
17.0 7.0 17.0 122.80378 11.00426 94.56146 838.0
17.0 10.0 10.0 97.0661 3.91503 61.10056 489.0
17.0 10.0 17.0 122.80378 11.00426 94.56146 489.0
17.0 15.0 15.0 145.14935 26.59432 64.65366 971.0
17.0 15.0 17.0 122.80378 11.00426 94.56146 971.0
17.0 17.0 17.0 122.80378 11.00426 94.56146 5013.0
17.0 17.0 17.0 122.80378 11.00426 94.56146 5013.0
17.0 18.0 18.0 159.20533 24.82942 93.9061 606.0
17.0 18.0 17.0 122.80378 11.00426 94.56146 606.0
17.0 19.0 19.0 66.42847 15.77408 45.41867 2.0
17.0 19.0 17.0 122.80378 11.00426 94.56146 2.0
17.0 23.0 23.0 173.49915 43.4917 77.11437 8.0
17.0 23.0 17.0 122.80378 11.00426 94.56146 8.0
17.0 26.0 26.0 132.1443 45.09661 139.08385 94.0
17.0 26.0 17.0 122.80378 11.00426 94.56146 94.0
17.0 28.0 28.0 84.35764 38.93183 143.14225 14.0
17.0 28.0 17.0 122.80378 11.00426 94.56146 14.0
17.0 29.0 29.0 122.70774 20.59495 121.17829 1527.0
17.0 29.0 17.0 122.80378 11.00426 94.56146 1527.0
17.0 31.0 31.0 121.55592 38.99438 36.04578 7.0
17.0 31.0 17.0 122.80378 11.00426 94.56146 7.0
17.0 33.0 33.0 97.16806 49.93321 149.23545 2.0
17.0 33.0 17.0 122.80378 11.00426 94.56146 2.0
17.0 37.0 37.0 80.27504 11.09434 113.87808 493.0
17.0 37.0 17.0 122.80378 11.00426 94.56146 493.0
17.0 40.0 40.0 83.2782 23.54398 42.38794 2.0
17.0 40.0 17.0 122.80378 11.00426 94.56146 2.0
17.0 44.0 44.0 70.23619 22.76845 131.37957 3.0
17.0 44.0 17.0 122.80378 11.00426 94.56146 3.0
17.0 45.0 45.0 35.04825 116.34053 28.58856 1.0
17.0 45.0 17.0 122.80378 11.00426 94.56146 1.0
17.0 47.0 47.0 164.20875 62.73143 126.09802 20.0
17.0 47.0 17.0 122.80378 11.00426 94.56146 20.0
18.0 3.0 3.0 83.16552 3.83287 88.03509 1.0
18.0 3.0 18.0 159.20533 24.82942 93.9061 1.0
18.0 7.0 7.0 121.6564 13.42102 56.97633 34.0
18.0 7.0 18.0 159.20533 24.82942 93.9061 34.0
18.0 10.0 10.0 97.0661 3.91503 61.10056 1.0
18.0 10.0 18.0 159.20533 24.82942 93.9061 1.0
18.0 12.0 12.0 179.81133 86.42101 84.88486 10.0
18.0 12.0 18.0 159.20533 24.82942 93.9061 10.0
18.0 15.0 15.0 145.14935 26.59432 64.65366 1083.0
18.0 15.0 18.0 159.20533 24.82942 93.9061 1083.0
18.0 17.0 17.0 122.80378 11.00426 94.56146 665.0
18.0 17.0 18.0 159.20533 24.82942 93.9061 665.0
18.0 18.0 18.0 159.20533 24.82942 93.9061 3255.0
18.0 18.0 18.0 159.20533 24.82942 93.9061 3255.0
18.0 23.0 23.0 173.49915 43.4917 77.11437 997.0
18.0 23.0 18.0 159.20533 24.82942 93.9061 997.0
18.0 25.0 25.0 182.85148 63.99028 100.29426 98.0
18.0 25.0 18.0 159.20533 24.82942 93.9061 98.0
18.0 26.0 26.0 132.1443 45.09661 139.08385 223.0
18.0 26.0 18.0 159.20533 24.82942 93.9061 223.0
18.0 29.0 29.0 122.70774 20.59495 121.17829 564.0
18.0 29.0 18.0 159.20533 24.82942 93.9061 564.0
18.0 31.0 31.0 121.55592 38.99438 36.04578 11.0
18.0 31.0 18.0 159.20533 24.82942 93.9061 11.0
18.0 32.0 32.0 156.95484 89.14651 57.98756 10.0
18.0 32.0 18.0 159.20533 24.82942 93.9061 10.0
18.0 37.0 37.0 80.27504 11.09434 113.87808 2.0
18.0 37.0 18.0 159.20533 24.82942 93.9061 2.0
18.0 47.0 47.0 164.20875 62.73143 126.09802 688.0
18.0 47.0 18.0 159.20533 24.82942 93.9061 688.0
19.0 1.0 1.0 66.25829 89.30465 7.4984 18.0
19.0 1.0 19.0 66.42847 15.77408 45.41867 18.0
19.0 2.0 2.0 27.38178 25.36748 87.75247 13.0
19.0 2.0 19.0 66.42847 15.77408 45.41867 13.0
19.0 3.0 3.0 83.16552 3.83287 88.03509 442.0
19.0 3.0 19.0 66.42847 15.77408 45.41867 442.0
19.0 7.0 7.0 121.6564 13.42102 56.97633 15.0
19.0 7.0 19.0 66.42847 15.77408 45.41867 15.0
19.0 8.0 8.0 108.20513 85.98811 38.67038 1.0
19.0 8.0 19.0 66.42847 15.77408 45.41867 1.0
19.0 10.0 10.0 97.0661 3.91503 61.10056 568.0
19.0 10.0 19.0 66.42847 15.77408 45.41867 568.0
19.0 11.0 11.0 48.5157 14.0942 56.57228 1932.0
19.0 11.0 19.0 66.42847 15.77408 45.41867 1932.0
19.0 13.0 13.0 21.81835 31.12284 56.41301 67.0
19.0 13.0 19.0 66.42847 15.77408 45.41867 67.0
19.0 17.0 17.0 122.80378 11.00426 94.56146 1.0
19.0 17.0 19.0 66.42847 15.77408 45.41867 1.0
19.0 19.0 19.0 66.42847 15.77408 45.41867 2110.0
19.0 19.0 19.0 66.42847 15.77408 45.41867 2110.0
19.0 20.0 20.0 85.09912 53.74328 22.30738 557.0
19.0 20.0 19.0 66.42847 15.77408 45.41867 557.0
19.0 21.0 21.0 28.22971 78.14758 19.34641 15.0
19.0 21.0 19.0 66.42847 15.77408 45.41867 15.0
19.0 31.0 31.0 121.55592 38.99438 36.04578 32.0
19.0 31.0 19.0 66.42847 15.77408 45.41867 32.0
19.0 36.0 36.0 51.19196 19.47324 119.67566 1.0
19.0 36.0 19.0 66.42847 15.77408 45.41867 1.0
19.0 37.0 37.0 80.27504 11.09434 113.87808 20.0
19.0 37.0 19.0 66.42847 15.77408 45.41867 20.0
19.0 39.0 39.0 21.77759 50.14722 32.83596 209.0
19.0 39.0 19.0 66.42847 15.77408 45.41867 209.0
19.0 40.0 40.0 83.2782 23.54398 42.38794 1597.0
19.0 40.0 19.0 66.42847 15.77408 45.41867 1597.0
20.0 1.0 1.0 66.25829 89.30465 7.4984 2038.0
20.0 1.0 20.0 85.09912 53.74328 22.30738 2038.0
20.0 7.0 7.0 121.6564 13.42102 56.97633 11.0
20.0 7.0 20.0 85.09912 53.74328 22.30738 11.0
20.0 8.0 8.0 108.20513 85.98811 38.67038 3129.0
20.0 8.0 20.0 85.09912 53.74328 22.30738 3129.0
20.0 10.0 10.0 97.0661 3.91503 61.10056 28.0
20.0 10.0 20.0 85.09912 53.74328 22.30738 28.0
20.0 11.0 11.0 48.5157 14.0942 56.57228 244.0
20.0 11.0 20.0 85.09912 53.74328 22.30738 244.0
20.0 12.0 12.0 179.81133 86.42101 84.88486 1.0
20.0 12.0 20.0 85.09912 53.74328 22.30738 1.0
20.0 13.0 13.0 21.81835 31.12284 56.41301 11.0
20.0 13.0 20.0 85.09912 53.74328 22.30738 11.0
20.0 14.0 14.0 128.25794 116.04162 40.23189 8.0
20.0 14.0 20.0 85.09912 53.74328 22.30738 8.0
20.0 15.0 15.0 145.14935 26.59432 64.65366 1.0
20.0 15.0 20.0 85.09912 53.74328 22.30738 1.0
20.0 19.0 19.0 66.42847 15.77408 45.41867 516.0
20.0 19.0 20.0 85.09912 53.74328 22.30738 516.0
20.0 20.0 20.0 85.09912 53.74328 22.30738 12286.0
20.0 20.0 20.0 85.09912 53.74328 22.30738 12286.0
20.0 21.0 21.0 28.22971 78.14758 19.34641 243.0
20.0 21.0 20.0 85.09912 53.74328 22.30738 243.0
20.0 31.0 31.0 121.55592 38.99438 36.04578 2073.0
20.0 31.0 20.0 85.09912 53.74328 22.30738 2073.0
20.0 32.0 32.0 156.95484 89.14651 57.98756 6.0
20.0 32.0 20.0 85.09912 53.74328 22.30738 6.0
20.0 39.0 39.0 21.77759 50.14722 32.83596 516.0
20.0 39.0 20.0 85.09912 53.74328 22.30738 516.0
20.0 40.0 40.0 83.2782 23.54398 42.38794 1691.0
20.0 40.0 20.0 85.09912 53.74328 22.30738 1691.0
20.0 45.0 45.0 35.04825 116.34053 28.58856 3.0
20.0 45.0 20.0 85.09912 53.74328 22.30738 3.0
21.0 1.0 1.0 66.25829 89.30465 7.4984 1562.0
21.0 1.0 21.0 28.22971 78.14758 19.34641 1562.0
21.0 5.0 5.0 36.13779 130.01462 82.28884 8.0
21.0 5.0 21.0 28.22971 78.14758 19.34641 8.0
21.0 6.0 6.0 5.48076 84.78053 74.4508 653.0
21.0 6.0 21.0 28.22971 78.14758 19.34641 653.0
21.0 8.0 8.0 108.20513 85.98811 38.67038 3.0
21.0 8.0 21.0 28.22971 78.14758 19.34641 3.0
21.0 11.0 11.0 48.5157 14.0942 56.57228 41.0
21.0 11.0 21.0 28.22971 78.14758 19.34641 41.0
21.0 12.0 12.0 179.81133 86.42101 84.88486 1.0
21.0 12.0 21.0 28.22971 78.14758 19.34641 1.0
21.0 13.0 13.0 21.81835 31.12284 56.41301 7.0
21.0 13.0 21.0 28.22971 78.14758 19.34641 7.0
21.0 19.0 19.0 66.42847 15.77408 45.41867 16.0
21.0 19.0 21.0 28.22971 78.14758 19.34641 16.0
21.0 20.0 20.0 85.09912 53.74328 22.30738 241.0
21.0 20.0 21.0 28.22971 78.14758 19.34641 241.0
21.0 21.0 21.0 28.22971 78.14758 19.34641 6313.0
21.0 21.0 21.0 28.22971 78.14758 19.34641 6313.0
21.0 39.0 39.0 21.77759 50.14722 32.83596 2162.0
21.0 39.0 21.0 28.22971 78.14758 19.34641 2162.0
21.0 40.0 40.0 83.2782 23.54398 42.38794 5.0
21.0 40.0 21.0 28.22971 78.14758 19.34641 5.0
21.0 45.0 45.0 35.04825 116.34053 28.58856 1870.0
21.0 45.0 21.0 28.22971 78.14758 19.34641 1870.0
22.0 0.0 0.0 55.10877 48.90324 141.9796 617.0
22.0 0.0 22.0 25.0892 80.03275 119.45767 617.0
22.0 2.0 2.0 27.38178 25.36748 87.75247 82.0
22.0 2.0 22.0 25.0892 80.03275 119.45767 82.0
22.0 4.0 4.0 72.05198 108.38686 139.67277 444.0
22.0 4.0 22.0 25.0892 80.03275 119.45767 444.0
22.0 5.0 5.0 36.13779 130.01462 82.28884 1188.0
22.0 5.0 22.0 25.0892 80.03275 119.45767 1188.0
22.0 6.0 6.0 5.48076 84.78053 74.4508 1968.0
22.0 6.0 22.0 25.0892 80.03275 119.45767 1968.0
22.0 8.0 8.0 108.20513 85.98811 38.67038 1.0
22.0 8.0 22.0 25.0892 80.03275 119.45767 1.0
22.0 13.0 13.0 21.81835 31.12284 56.41301 2.0
22.0 13.0 22.0 25.0892 80.03275 119.45767 2.0
22.0 16.0 16.0 37.10419 39.06536 124.68027 1241.0
22.0 16.0 22.0 25.0892 80.03275 119.45767 1241.0
22.0 19.0 19.0 66.42847 15.77408 45.41867 1.0
22.0 19.0 22.0 25.0892 80.03275 119.45767 1.0
22.0 22.0 22.0 25.0892 80.03275 119.45767 13894.0
22.0 22.0 22.0 25.0892 80.03275 119.45767 13894.0
22.0 27.0 27.0 18.7473 45.30102 103.74096 1371.0
22.0 27.0 22.0 25.0892 80.03275 119.45767 1371.0
22.0 28.0 28.0 84.35764 38.93183 143.14225 13.0
22.0 28.0 22.0 25.0892 80.03275 119.45767 13.0
22.0 33.0 33.0 97.16806 49.93321 149.23545 2.0
22.0 33.0 22.0 25.0892 80.03275 119.45767 2.0
22.0 36.0 36.0 51.19196 19.47324 119.67566 15.0
22.0 36.0 22.0 25.0892 80.03275 119.45767 15.0
22.0 37.0 37.0 80.27504 11.09434 113.87808 1.0
22.0 37.0 22.0 25.0892 80.03275 119.45767 1.0
22.0 38.0 38.0 88.73077 68.42349 152.61344 24.0
22.0 38.0 22.0 25.0892 80.03275 119.45767 24.0
22.0 41.0 41.0 59.83217 126.05362 122.49415 695.0
22.0 41.0 22.0 25.0892 80.03275 119.45767 695.0
22.0 42.0 42.0 56.57562 85.19461 144.93704 1673.0
22.0 42.0 22.0 25.0892 80.03275 119.45767 1673.0
22.0 43.0 43.0 101.755 137.71332 99.15913 1.0
22.0 43.0 22.0 25.0892 80.03275 119.45767 1.0
22.0 44.0 44.0 70.23619 22.76845 131.37957 2.0
22.0 44.0 22.0 25.0892 80.03275 119.45767 2.0
23.0 7.0 7.0 121.6564 13.42102 56.97633 11.0
23.0 7.0 23.0 173.49915 43.4917 77.11437 11.0
23.0 8.0 8.0 108.20513 85.98811 38.67038 5.0
23.0 8.0 23.0 173.49915 43.4917 77.11437 5.0
23.0 12.0 12.0 179.81133 86.42101 84.88486 586.0
23.0 12.0 23.0 173.49915 43.4917 77.11437 586.0
23.0 15.0 15.0 145.14935 26.59432 64.65366 805.0
23.0 15.0 23.0 173.49915 43.4917 77.11437 805.0
23.0 17.0 17.0 122.80378 11.00426 94.56146 8.0
23.0 17.0 23.0 173.49915 43.4917 77.11437 8.0
23.0 18.0 18.0 159.20533 24.82942 93.9061 1036.0
23.0 18.0 23.0 173.49915 43.4917 77.11437 1036.0
23.0 23.0 23.0 173.49915 43.4917 77.11437 3375.0
23.0 23.0 23.0 173.49915 43.4917 77.11437 3375.0
23.0 25.0 25.0 182.85148 63.99028 100.29426 787.0
23.0 25.0 23.0 173.49915 43.4917 77.11437 787.0
23.0 26.0 26.0 132.1443 45.09661 139.08385 10.0
23.0 26.0 23.0 173.49915 43.4917 77.11437 10.0
23.0 28.0 28.0 84.35764 38.93183 143.14225 1.0
23.0 28.0 23.0 173.49915 43.4917 77.11437 1.0
23.0 29.0 29.0 122.70774 20.59495 121.17829 15.0
23.0 29.0 23.0 173.49915 43.4917 77.11437 15.0
23.0 31.0 31.0 121.55592 38.99438 36.04578 123.0
23.0 31.0 23.0 173.49915 43.4917 77.11437 123.0
23.0 32.0 32.0 156.95484 89.14651 57.98756 514.0
23.0 32.0 23.0 173.49915 43.4917 77.11437 514.0
23.0 37.0 37.0 80.27504 11.09434 113.87808 1.0
23.0 37.0 23.0 173.49915 43.4917 77.11437 1.0
23.0 47.0 47.0 164.20875 62.73143 126.09802 332.0
23.0 47.0 23.0 173.49915 43.4917 77.11437 332.0
24.0 0.0 0.0 55.10877 48.90324 141.9796 8.0
24.0 0.0 24.0 107.86891 87.2389 149.14959 8.0
24.0 4.0 4.0 72.05198 108.38686 139.67277 1546.0
24.0 4.0 24.0 107.86891 87.2389 149.14959 1546.0
24.0 9.0 9.0 78.55834 139.94145 102.58459 15.0
24.0 9.0 24.0 107.86891 87.2389 149.14959 15.0
24.0 17.0 17.0 122.80378 11.00426 94.56146 1.0
24.0 17.0 24.0 107.86891 87.2389 149.14959 1.0
24.0 22.0 22.0 25.0892 80.03275 119.45767 1.0
24.0 22.0 24.0 107.86891 87.2389 149.14959 1.0
24.0 24.0 24.0 107.86891 87.2389 149.14959 9019.0
24.0 24.0 24.0 107.86891 87.2389 149.14959 9019.0
24.0 26.0 26.0 132.1443 45.09661 139.08385 908.0
24.0 26.0 24.0 107.86891 87.2389 149.14959 908.0
24.0 28.0 28.0 84.35764 38.93183 143.14225 36.0
24.0 28.0 24.0 107.86891 87.2389 149.14959 36.0
24.0 30.0 30.0 88.42823 139.9261 62.7247 1.0
24.0 30.0 24.0 107.86891 87.2389 149.14959 1.0
24.0 33.0 33.0 97.16806 49.93321 149.23545 484.0
24.0 33.0 24.0 107.86891 87.2389 149.14959 484.0
24.0 34.0 34.0 127.82617 111.22446 129.59868 2586.0
24.0 34.0 24.0 107.86891 87.2389 149.14959 2586.0
24.0 35.0 35.0 147.81213 121.12608 95.69121 5.0
24.0 35.0 24.0 107.86891 87.2389 149.14959 5.0
24.0 38.0 38.0 88.73077 68.42349 152.61344 1946.0
24.0 38.0 24.0 107.86891 87.2389 149.14959 1946.0
24.0 41.0 41.0 59.83217 126.05362 122.49415 96.0
24.0 41.0 24.0 107.86891 87.2389 149.14959 96.0
24.0 42.0 42.0 56.57562 85.19461 144.93704 519.0
24.0 42.0 24.0 107.86891 87.2389 149.14959 519.0
24.0 43.0 43.0 101.755 137.71332 99.15913 11.0
24.0 43.0 24.0 107.86891 87.2389 149.14959 11.0
24.0 44.0 44.0 70.23619 22.76845 131.37957 3.0
24.0 44.0 24.0 107.86891 87.2389 149.14959 3.0
24.0 47.0 47.0 164.20875 62.73143 126.09802 212.0
24.0 47.0 24.0 107.86891 87.2389 149.14959 212.0
25.0 7.0 7.0 121.6564 13.42102 56.97633 1.0
25.0 7.0 25.0 182.85148 63.99028 100.29426 1.0
25.0 12.0 12.0 179.81133 86.42101 84.88486 1207.0
25.0 12.0 25.0 182.85148 63.99028 100.29426 1207.0
25.0 15.0 15.0 145.14935 26.59432 64.65366 9.0
25.0 15.0 25.0 182.85148 63.99028 100.29426 9.0
25.0 18.0 18.0 159.20533 24.82942 93.9061 110.0
25.0 18.0 25.0 182.85148 63.99028 100.29426 110.0
25.0 23.0 23.0 173.49915 43.4917 77.11437 778.0
25.0 23.0 25.0 182.85148 63.99028 100.29426 778.0
25.0 25.0 25.0 182.85148 63.99028 100.29426 2256.0
25.0 25.0 25.0 182.85148 63.99028 100.29426 2256.0
25.0 26.0 26.0 132.1443 45.09661 139.08385 4.0
25.0 26.0 25.0 182.85148 63.99028 100.29426 4.0
25.0 29.0 29.0 122.70774 20.59495 121.17829 1.0
25.0 29.0 25.0 182.85148 63.99028 100.29426 1.0
25.0 32.0 32.0 156.95484 89.14651 57.98756 37.0
25.0 32.0 25.0 182.85148 63.99028 100.29426 37.0
25.0 34.0 34.0 127.82617 111.22446 129.59868 23.0
25.0 34.0 25.0 182.85148 63.99028 100.29426 23.0
25.0 35.0 35.0 147.81213 121.12608 95.69121 81.0
25.0 35.0 25.0 182.85148 63.99028 100.29426 81.0
25.0 46.0 46.0 114.5545 130.24485 52.75345 1.0
25.0 46.0 25.0 182.85148 63.99028 100.29426 1.0
25.0 47.0 47.0 164.20875 62.73143 126.09802 1259.0
25.0 47.0 25.0 182.85148 63.99028 100.29426 1259.0
26.0 3.0 3.0 83.16552 3.83287 88.03509 1.0
26.0 3.0 26.0 132.1443 45.09661 139.08385 1.0
26.0 17.0 17.0 122.80378 11.00426 94.56146 106.0
26.0 17.0 26.0 132.1443 45.09661 139.08385 106.0
26.0 18.0 18.0 159.20533 24.82942 93.9061 215.0
26.0 18.0 26.0 132.1443 45.09661 139.08385 215.0
26.0 23.0 23.0 173.49915 43.4917 77.11437 5.0
26.0 23.0 26.0 132.1443 45.09661 139.08385 5.0
26.0 24.0 24.0 107.86891 87.2389 149.14959 977.0
26.0 24.0 26.0 132.1443 45.09661 139.08385 977.0
26.0 25.0 25.0 182.85148 63.99028 100.29426 4.0
26.0 25.0 26.0 132.1443 45.09661 139.08385 4.0
26.0 26.0 26.0 132.1443 45.09661 139.08385 8153.0
26.0 26.0 26.0 132.1443 45.09661 139.08385 8153.0
26.0 28.0 28.0 84.35764 38.93183 143.14225 452.0
26.0 28.0 26.0 132.1443 45.09661 139.08385 452.0
26.0 29.0 29.0 122.70774 20.59495 121.17829 1842.0
26.0 29.0 26.0 132.1443 45.09661 139.08385 1842.0
26.0 33.0 33.0 97.16806 49.93321 149.23545 1122.0
26.0 33.0 26.0 132.1443 45.09661 139.08385 1122.0
26.0 34.0 34.0 127.82617 111.22446 129.59868 284.0
26.0 34.0 26.0 132.1443 45.09661 139.08385 284.0
26.0 35.0 35.0 147.81213 121.12608 95.69121 1.0
26.0 35.0 26.0 132.1443 45.09661 139.08385 1.0
26.0 37.0 37.0 80.27504 11.09434 113.87808 108.0
26.0 37.0 26.0 132.1443 45.09661 139.08385 108.0
26.0 38.0 38.0 88.73077 68.42349 152.61344 394.0
26.0 38.0 26.0 132.1443 45.09661 139.08385 394.0
26.0 44.0 44.0 70.23619 22.76845 131.37957 16.0
26.0 44.0 26.0 132.1443 45.09661 139.08385 16.0
26.0 47.0 47.0 164.20875 62.73143 126.09802 1770.0
26.0 47.0 26.0 132.1443 45.09661 139.08385 1770.0
27.0 0.0 0.0 55.10877 48.90324 141.9796 42.0
27.0 0.0 27.0 18.7473 45.30102 103.74096 42.0
27.0 2.0 2.0 27.38178 25.36748 87.75247 1590.0
27.0 2.0 27.0 18.7473 45.30102 103.74096 1590.0
27.0 3.0 3.0 83.16552 3.83287 88.03509 1.0
27.0 3.0 27.0 18.7473 45.30102 103.74096 1.0
27.0 6.0 6.0 5.48076 84.78053 74.4508 775.0
27.0 6.0 27.0 18.7473 45.30102 103.74096 775.0
27.0 11.0 11.0 48.5157 14.0942 56.57228 16.0
27.0 11.0 27.0 18.7473 45.30102 103.74096 16.0
27.0 13.0 13.0 21.81835 31.12284 56.41301 127.0
27.0 13.0 27.0 18.7473 45.30102 103.74096 127.0
27.0 16.0 16.0 37.10419 39.06536 124.68027 1263.0
27.0 16.0 27.0 18.7473 45.30102 103.74096 1263.0
27.0 22.0 22.0 25.0892 80.03275 119.45767 1331.0
27.0 22.0 27.0 18.7473 45.30102 103.74096 1331.0
27.0 27.0 27.0 18.7473 45.30102 103.74096 3402.0
27.0 27.0 27.0 18.7473 45.30102 103.74096 3402.0
27.0 36.0 36.0 51.19196 19.47324 119.67566 82.0
27.0 36.0 27.0 18.7473 45.30102 103.74096 82.0
27.0 37.0 37.0 80.27504 11.09434 113.87808 7.0
27.0 37.0 27.0 18.7473 45.30102 103.74096 7.0
27.0 39.0 39.0 21.77759 50.14722 32.83596 22.0
27.0 39.0 27.0 18.7473 45.30102 103.74096 22.0
27.0 42.0 42.0 56.57562 85.19461 144.93704 2.0
27.0 42.0 27.0 18.7473 45.30102 103.74096 2.0
27.0 44.0 44.0 70.23619 22.76845 131.37957 6.0
27.0 44.0 27.0 18.7473 45.30102 103.74096 6.0
27.0 45.0 45.0 35.04825 116.34053 28.58856 1.0
27.0 45.0 27.0 18.7473 45.30102 103.74096 1.0
28.0 0.0 0.0 55.10877 48.90324 141.9796 1110.0
28.0 0.0 28.0 84.35764 38.93183 143.14225 1110.0
28.0 3.0 3.0 83.16552 3.83287 88.03509 8.0
28.0 3.0 28.0 84.35764 38.93183 143.14225 8.0
28.0 4.0 4.0 72.05198 108.38686 139.67277 5.0
28.0 4.0 28.0 84.35764 38.93183 143.14225 5.0
28.0 5.0 5.0 36.13779 130.01462 82.28884 1.0
28.0 5.0 28.0 84.35764 38.93183 143.14225 1.0
28.0 16.0 16.0 37.10419 39.06536 124.68027 39.0
28.0 16.0 28.0 84.35764 38.93183 143.14225 39.0
28.0 17.0 17.0 122.80378 11.00426 94.56146 12.0
28.0 17.0 28.0 84.35764 38.93183 143.14225 12.0
28.0 19.0 19.0 66.42847 15.77408 45.41867 1.0
28.0 19.0 28.0 84.35764 38.93183 143.14225 1.0
28.0 22.0 22.0 25.0892 80.03275 119.45767 12.0
28.0 22.0 28.0 84.35764 38.93183 143.14225 12.0
28.0 24.0 24.0 107.86891 87.2389 149.14959 38.0
28.0 24.0 28.0 84.35764 38.93183 143.14225 38.0
28.0 26.0 26.0 132.1443 45.09661 139.08385 400.0
28.0 26.0 28.0 84.35764 38.93183 143.14225 400.0
28.0 28.0 28.0 84.35764 38.93183 143.14225 3131.0
28.0 28.0 28.0 84.35764 38.93183 143.14225 3131.0
28.0 29.0 29.0 122.70774 20.59495 121.17829 482.0
28.0 29.0 28.0 84.35764 38.93183 143.14225 482.0
28.0 33.0 33.0 97.16806 49.93321 149.23545 1609.0
28.0 33.0 28.0 84.35764 38.93183 143.14225 1609.0
28.0 36.0 36.0 51.19196 19.47324 119.67566 80.0
28.0 36.0 28.0 84.35764 38.93183 143.14225 80.0
28.0 37.0 37.0 80.27504 11.09434 113.87808 721.0
28.0 37.0 28.0 84.35764 38.93183 143.14225 721.0
28.0 38.0 38.0 88.73077 68.42349 152.61344 587.0
28.0 38.0 28.0 84.35764 38.93183 143.14225 587.0
28.0 42.0 42.0 56.57562 85.19461 144.93704 179.0
28.0 42.0 28.0 84.35764 38.93183 143.14225 179.0
28.0 44.0 44.0 70.23619 22.76845 131.37957 955.0
28.0 44.0 28.0 84.35764 38.93183 143.14225 955.0
29.0 0.0 0.0 55.10877 48.90324 141.9796 3.0
29.0 0.0 29.0 122.70774 20.59495 121.17829 3.0
29.0 3.0 3.0 83.16552 3.83287 88.03509 212.0
29.0 3.0 29.0 122.70774 20.59495 121.17829 212.0
29.0 7.0 7.0 121.6564 13.42102 56.97633 12.0
29.0 7.0 29.0 122.70774 20.59495 121.17829 12.0
29.0 10.0 10.0 97.0661 3.91503 61.10056 3.0
29.0 10.0 29.0 122.70774 20.59495 121.17829 3.0
29.0 15.0 15.0 145.14935 26.59432 64.65366 56.0
29.0 15.0 29.0 122.70774 20.59495 121.17829 56.0
29.0 17.0 17.0 122.80378 11.00426 94.56146 1619.0
29.0 17.0 29.0 122.70774 20.59495 121.17829 1619.0
29.0 18.0 18.0 159.20533 24.82942 93.9061 492.0
29.0 18.0 29.0 122.70774 20.59495 121.17829 492.0
29.0 23.0 23.0 173.49915 43.4917 77.11437 9.0
29.0 23.0 29.0 122.70774 20.59495 121.17829 9.0
29.0 24.0 24.0 107.86891 87.2389 149.14959 1.0
29.0 24.0 29.0 122.70774 20.59495 121.17829 1.0
29.0 25.0 25.0 182.85148 63.99028 100.29426 3.0
29.0 25.0 29.0 122.70774 20.59495 121.17829 3.0
29.0 26.0 26.0 132.1443 45.09661 139.08385 1861.0
29.0 26.0 29.0 122.70774 20.59495 121.17829 1861.0
29.0 28.0 28.0 84.35764 38.93183 143.14225 494.0
29.0 28.0 29.0 122.70774 20.59495 121.17829 494.0
29.0 29.0 29.0 122.70774 20.59495 121.17829 4800.0
29.0 29.0 29.0 122.70774 20.59495 121.17829 4800.0
29.0 33.0 33.0 97.16806 49.93321 149.23545 178.0
29.0 33.0 29.0 122.70774 20.59495 121.17829 178.0
29.0 36.0 36.0 51.19196 19.47324 119.67566 1.0
29.0 36.0 29.0 122.70774 20.59495 121.17829 1.0
29.0 37.0 37.0 80.27504 11.09434 113.87808 1205.0
29.0 37.0 29.0 122.70774 20.59495 121.17829 1205.0
29.0 38.0 38.0 88.73077 68.42349 152.61344 7.0
29.0 38.0 29.0 122.70774 20.59495 121.17829 7.0
29.0 44.0 44.0 70.23619 22.76845 131.37957 79.0
29.0 44.0 29.0 122.70774 20.59495 121.17829 79.0
29.0 46.0 46.0 114.5545 130.24485 52.75345 1.0
29.0 46.0 29.0 122.70774 20.59495 121.17829 1.0
29.0 47.0 47.0 164.20875 62.73143 126.09802 235.0
29.0 47.0 29.0 122.70774 20.59495 121.17829 235.0
30.0 1.0 1.0 66.25829 89.30465 7.4984 319.0
30.0 1.0 30.0 88.42823 139.9261 62.7247 319.0
30.0 2.0 2.0 27.38178 25.36748 87.75247 1.0
30.0 2.0 30.0 88.42823 139.9261 62.7247 1.0
30.0 5.0 5.0 36.13779 130.01462 82.28884 1666.0
30.0 5.0 30.0 88.42823 139.9261 62.7247 1666.0
30.0 8.0 8.0 108.20513 85.98811 38.67038 583.0
30.0 8.0 30.0 88.42823 139.9261 62.7247 583.0
30.0 9.0 9.0 78.55834 139.94145 102.58459 1151.0
30.0 9.0 30.0 88.42823 139.9261 62.7247 1151.0
30.0 14.0 14.0 128.25794 116.04162 40.23189 246.0
30.0 14.0 30.0 88.42823 139.9261 62.7247 246.0
30.0 23.0 23.0 173.49915 43.4917 77.11437 1.0
30.0 23.0 30.0 88.42823 139.9261 62.7247 1.0
30.0 30.0 30.0 88.42823 139.9261 62.7247 15018.0
30.0 30.0 30.0 88.42823 139.9261 62.7247 15018.0
30.0 32.0 32.0 156.95484 89.14651 57.98756 2.0
30.0 32.0 30.0 88.42823 139.9261 62.7247 2.0
30.0 34.0 34.0 127.82617 111.22446 129.59868 73.0
30.0 34.0 30.0 88.42823 139.9261 62.7247 73.0
30.0 35.0 35.0 147.81213 121.12608 95.69121 711.0
30.0 35.0 30.0 88.42823 139.9261 62.7247 711.0
30.0 41.0 41.0 59.83217 126.05362 122.49415 22.0
30.0 41.0 30.0 88.42823 139.9261 62.7247 22.0
30.0 43.0 43.0 101.755 137.71332 99.15913 2220.0
30.0 43.0 30.0 88.42823 139.9261 62.7247 2220.0
30.0 45.0 45.0 35.04825 116.34053 28.58856 755.0
30.0 45.0 30.0 88.42823 139.9261 62.7247 755.0
30.0 46.0 46.0 114.5545 130.24485 52.75345 3345.0
30.0 46.0 30.0 88.42823 139.9261 62.7247 3345.0
31.0 1.0 1.0 66.25829 89.30465 7.4984 2.0
31.0 1.0 31.0 121.55592 38.99438 36.04578 2.0
31.0 3.0 3.0 83.16552 3.83287 88.03509 2.0
31.0 3.0 31.0 121.55592 38.99438 36.04578 2.0
31.0 7.0 7.0 121.6564 13.42102 56.97633 1634.0
31.0 7.0 31.0 121.55592 38.99438 36.04578 1634.0
31.0 8.0 8.0 108.20513 85.98811 38.67038 1984.0
31.0 8.0 31.0 121.55592 38.99438 36.04578 1984.0
31.0 10.0 10.0 97.0661 3.91503 61.10056 400.0
31.0 10.0 31.0 121.55592 38.99438 36.04578 400.0
31.0 11.0 11.0 48.5157 14.0942 56.57228 2.0
31.0 11.0 31.0 121.55592 38.99438 36.04578 2.0
31.0 12.0 12.0 179.81133 86.42101 84.88486 5.0
31.0 12.0 31.0 121.55592 38.99438 36.04578 5.0
31.0 14.0 14.0 128.25794 116.04162 40.23189 3.0
31.0 14.0 31.0 121.55592 38.99438 36.04578 3.0
31.0 15.0 15.0 145.14935 26.59432 64.65366 1331.0
31.0 15.0 31.0 121.55592 38.99438 36.04578 1331.0
31.0 17.0 17.0 122.80378 11.00426 94.56146 7.0
31.0 17.0 31.0 121.55592 38.99438 36.04578 7.0
31.0 18.0 18.0 159.20533 24.82942 93.9061 12.0
31.0 18.0 31.0 121.55592 38.99438 36.04578 12.0
31.0 19.0 19.0 66.42847 15.77408 45.41867 29.0
31.0 19.0 31.0 121.55592 38.99438 36.04578 29.0
31.0 20.0 20.0 85.09912 53.74328 22.30738 2139.0
31.0 20.0 31.0 121.55592 38.99438 36.04578 2139.0
31.0 23.0 23.0 173.49915 43.4917 77.11437 113.0
31.0 23.0 31.0 121.55592 38.99438 36.04578 113.0
31.0 31.0 31.0 121.55592 38.99438 36.04578 11898.0
31.0 31.0 31.0 121.55592 38.99438 36.04578 11898.0
31.0 32.0 32.0 156.95484 89.14651 57.98756 548.0
31.0 32.0 31.0 121.55592 38.99438 36.04578 548.0
31.0 40.0 40.0 83.2782 23.54398 42.38794 1065.0
31.0 40.0 31.0 121.55592 38.99438 36.04578 1065.0
31.0 45.0 45.0 35.04825 116.34053 28.58856 1.0
31.0 45.0 31.0 121.55592 38.99438 36.04578 1.0
32.0 7.0 7.0 121.6564 13.42102 56.97633 8.0
32.0 7.0 32.0 156.95484 89.14651 57.98756 8.0
32.0 8.0 8.0 108.20513 85.98811 38.67038 1601.0
32.0 8.0 32.0 156.95484 89.14651 57.98756 1601.0
32.0 12.0 12.0 179.81133 86.42101 84.88486 1690.0
32.0 12.0 32.0 156.95484 89.14651 57.98756 1690.0
32.0 14.0 14.0 128.25794 116.04162 40.23189 1505.0
32.0 14.0 32.0 156.95484 89.14651 57.98756 1505.0
32.0 15.0 15.0 145.14935 26.59432 64.65366 394.0
32.0 15.0 32.0 156.95484 89.14651 57.98756 394.0
32.0 18.0 18.0 159.20533 24.82942 93.9061 6.0
32.0 18.0 32.0 156.95484 89.14651 57.98756 6.0
32.0 20.0 20.0 85.09912 53.74328 22.30738 7.0
32.0 20.0 32.0 156.95484 89.14651 57.98756 7.0
32.0 23.0 23.0 173.49915 43.4917 77.11437 468.0
32.0 23.0 32.0 156.95484 89.14651 57.98756 468.0
32.0 25.0 25.0 182.85148 63.99028 100.29426 51.0
32.0 25.0 32.0 156.95484 89.14651 57.98756 51.0
32.0 30.0 30.0 88.42823 139.9261 62.7247 4.0
32.0 30.0 32.0 156.95484 89.14651 57.98756 4.0
32.0 31.0 31.0 121.55592 38.99438 36.04578 581.0
32.0 31.0 32.0 156.95484 89.14651 57.98756 581.0
32.0 32.0 32.0 156.95484 89.14651 57.98756 9373.0
32.0 32.0 32.0 156.95484 89.14651 57.98756 9373.0
32.0 34.0 34.0 127.82617 111.22446 129.59868 1.0
32.0 34.0 32.0 156.95484 89.14651 57.98756 1.0
32.0 35.0 35.0 147.81213 121.12608 95.69121 901.0
32.0 35.0 32.0 156.95484 89.14651 57.98756 901.0
32.0 46.0 46.0 114.5545 130.24485 52.75345 306.0
32.0 46.0 32.0 156.95484 89.14651 57.98756 306.0
32.0 47.0 47.0 164.20875 62.73143 126.09802 1.0
32.0 47.0 32.0 156.95484 89.14651 57.98756 1.0
33.0 0.0 0.0 55.10877 48.90324 141.9796 229.0
33.0 0.0 33.0 97.16806 49.93321 149.23545 229.0
33.0 4.0 4.0 72.05198 108.38686 139.67277 6.0
33.0 4.0 33.0 97.16806 49.93321 149.23545 6.0
33.0 16.0 16.0 37.10419 39.06536 124.68027 3.0
33.0 16.0 33.0 97.16806 49.93321 149.23545 3.0
33.0 17.0 17.0 122.80378 11.00426 94.56146 2.0
33.0 17.0 33.0 97.16806 49.93321 149.23545 2.0
33.0 18.0 18.0 159.20533 24.82942 93.9061 1.0
33.0 18.0 33.0 97.16806 49.93321 149.23545 1.0
33.0 22.0 22.0 25.0892 80.03275 119.45767 2.0
33.0 22.0 33.0 97.16806 49.93321 149.23545 2.0
33.0 24.0 24.0 107.86891 87.2389 149.14959 500.0
33.0 24.0 33.0 97.16806 49.93321 149.23545 500.0
33.0 26.0 26.0 132.1443 45.09661 139.08385 1060.0
33.0 26.0 33.0 97.16806 49.93321 149.23545 1060.0
33.0 28.0 28.0 84.35764 38.93183 143.14225 1636.0
33.0 28.0 33.0 97.16806 49.93321 149.23545 1636.0
33.0 29.0 29.0 122.70774 20.59495 121.17829 194.0
33.0 29.0 33.0 97.16806 49.93321 149.23545 194.0
33.0 33.0 33.0 97.16806 49.93321 149.23545 2676.0
33.0 33.0 33.0 97.16806 49.93321 149.23545 2676.0
33.0 34.0 34.0 127.82617 111.22446 129.59868 3.0
33.0 34.0 33.0 97.16806 49.93321 149.23545 3.0
33.0 36.0 36.0 51.19196 19.47324 119.67566 5.0
33.0 36.0 33.0 97.16806 49.93321 149.23545 5.0
33.0 37.0 37.0 80.27504 11.09434 113.87808 93.0
33.0 37.0 33.0 97.16806 49.93321 149.23545 93.0
33.0 38.0 38.0 88.73077 68.42349 152.61344 1532.0
33.0 38.0 33.0 97.16806 49.93321 149.23545 1532.0
33.0 42.0 42.0 56.57562 85.19461 144.93704 142.0
33.0 42.0 33.0 97.16806 49.93321 149.23545 142.0
33.0 44.0 44.0 70.23619 22.76845 131.37957 117.0
33.0 44.0 33.0 97.16806 49.93321 149.23545 117.0
33.0 47.0 47.0 164.20875 62.73143 126.09802 3.0
33.0 47.0 33.0 97.16806 49.93321 149.23545 3.0
34.0 4.0 4.0 72.05198 108.38686 139.67277 919.0
34.0 4.0 34.0 127.82617 111.22446 129.59868 919.0
34.0 5.0 5.0 36.13779 130.01462 82.28884 1.0
34.0 5.0 34.0 127.82617 111.22446 129.59868 1.0
34.0 9.0 9.0 78.55834 139.94145 102.58459 614.0
34.0 9.0 34.0 127.82617 111.22446 129.59868 614.0
34.0 12.0 12.0 179.81133 86.42101 84.88486 88.0
34.0 12.0 34.0 127.82617 111.22446 129.59868 88.0
34.0 14.0 14.0 128.25794 116.04162 40.23189 1.0
34.0 14.0 34.0 127.82617 111.22446 129.59868 1.0
34.0 24.0 24.0 107.86891 87.2389 149.14959 2628.0
34.0 24.0 34.0 127.82617 111.22446 129.59868 2628.0
34.0 25.0 25.0 182.85148 63.99028 100.29426 20.0
34.0 25.0 34.0 127.82617 111.22446 129.59868 20.0
34.0 26.0 26.0 132.1443 45.09661 139.08385 314.0
34.0 26.0 34.0 127.82617 111.22446 129.59868 314.0
34.0 30.0 30.0 88.42823 139.9261 62.7247 87.0
34.0 30.0 34.0 127.82617 111.22446 129.59868 87.0
34.0 32.0 32.0 156.95484 89.14651 57.98756 5.0
34.0 32.0 34.0 127.82617 111.22446 129.59868 5.0
34.0 33.0 33.0 97.16806 49.93321 149.23545 7.0
34.0 33.0 34.0 127.82617 111.22446 129.59868 7.0
34.0 34.0 34.0 127.82617 111.22446 129.59868 17361.0
34.0 34.0 34.0 127.82617 111.22446 129.59868 17361.0
34.0 35.0 35.0 147.81213 121.12608 95.69121 2633.0
34.0 35.0 34.0 127.82617 111.22446 129.59868 2633.0
34.0 38.0 38.0 88.73077 68.42349 152.61344 41.0
34.0 38.0 34.0 127.82617 111.22446 129.59868 41.0
34.0 41.0 41.0 59.83217 126.05362 122.49415 422.0
34.0 41.0 34.0 127.82617 111.22446 129.59868 422.0
34.0 42.0 42.0 56.57562 85.19461 144.93704 7.0
34.0 42.0 34.0 127.82617 111.22446 129.59868 7.0
34.0 43.0 43.0 101.755 137.71332 99.15913 1443.0
34.0 43.0 34.0 127.82617 111.22446 129.59868 1443.0
34.0 46.0 46.0 114.5545 130.24485 52.75345 8.0
34.0 46.0 34.0 127.82617 111.22446 129.59868 8.0
34.0 47.0 47.0 164.20875 62.73143 126.09802 1118.0
34.0 47.0 34.0 127.82617 111.22446 129.59868 1118.0
35.0 8.0 8.0 108.20513 85.98811 38.67038 4.0
35.0 8.0 35.0 147.81213 121.12608 95.69121 4.0
35.0 9.0 9.0 78.55834 139.94145 102.58459 20.0
35.0 9.0 35.0 147.81213 121.12608 95.69121 20.0
35.0 12.0 12.0 179.81133 86.42101 84.88486 1180.0
35.0 12.0 35.0 147.81213 121.12608 95.69121 1180.0
35.0 14.0 14.0 128.25794 116.04162 40.23189 328.0
35.0 14.0 35.0 147.81213 121.12608 95.69121 328.0
35.0 24.0 24.0 107.86891 87.2389 149.14959 3.0
35.0 24.0 35.0 147.81213 121.12608 95.69121 3.0
35.0 25.0 25.0 182.85148 63.99028 100.29426 81.0
35.0 25.0 35.0 147.81213 121.12608 95.69121 81.0
35.0 26.0 26.0 132.1443 45.09661 139.08385 1.0
35.0 26.0 35.0 147.81213 121.12608 95.69121 1.0
35.0 28.0 28.0 84.35764 38.93183 143.14225 2.0
35.0 28.0 35.0 147.81213 121.12608 95.69121 2.0
35.0 30.0 30.0 88.42823 139.9261 62.7247 742.0
35.0 30.0 35.0 147.81213 121.12608 95.69121 742.0
35.0 32.0 32.0 156.95484 89.14651 57.98756 927.0
35.0 32.0 35.0 147.81213 121.12608 95.69121 927.0
35.0 34.0 34.0 127.82617 111.22446 129.59868 2667.0
35.0 34.0 35.0 147.81213 121.12608 95.69121 2667.0
35.0 35.0 35.0 147.81213 121.12608 95.69121 11571.0
35.0 35.0 35.0 147.81213 121.12608 95.69121 11571.0
35.0 41.0 41.0 59.83217 126.05362 122.49415 1.0
35.0 41.0 35.0 147.81213 121.12608 95.69121 1.0
35.0 43.0 43.0 101.755 137.71332 99.15913 935.0
35.0 43.0 35.0 147.81213 121.12608 95.69121 935.0
35.0 46.0 46.0 114.5545 130.24485 52.75345 1163.0
35.0 46.0 35.0 147.81213 121.12608 95.69121 1163.0
35.0 47.0 47.0 164.20875 62.73143 126.09802 324.0
35.0 47.0 35.0 147.81213 121.12608 95.69121 324.0
36.0 0.0 0.0 55.10877 48.90324 141.9796 495.0
36.0 0.0 36.0 51.19196 19.47324 119.67566 495.0
36.0 2.0 2.0 27.38178 25.36748 87.75247 500.0
36.0 2.0 36.0 51.19196 19.47324 119.67566 500.0
36.0 3.0 3.0 83.16552 3.83287 88.03509 159.0
36.0 3.0 36.0 51.19196 19.47324 119.67566 159.0
36.0 8.0 8.0 108.20513 85.98811 38.67038 1.0
36.0 8.0 36.0 51.19196 19.47324 119.67566 1.0
36.0 11.0 11.0 48.5157 14.0942 56.57228 68.0
36.0 11.0 36.0 51.19196 19.47324 119.67566 68.0
36.0 13.0 13.0 21.81835 31.12284 56.41301 3.0
36.0 13.0 36.0 51.19196 19.47324 119.67566 3.0
36.0 16.0 16.0 37.10419 39.06536 124.68027 1041.0
36.0 16.0 36.0 51.19196 19.47324 119.67566 1041.0
36.0 22.0 22.0 25.0892 80.03275 119.45767 10.0
36.0 22.0 36.0 51.19196 19.47324 119.67566 10.0
36.0 27.0 27.0 18.7473 45.30102 103.74096 107.0
36.0 27.0 36.0 51.19196 19.47324 119.67566 107.0
36.0 28.0 28.0 84.35764 38.93183 143.14225 86.0
36.0 28.0 36.0 51.19196 19.47324 119.67566 86.0
36.0 29.0 29.0 122.70774 20.59495 121.17829 1.0
36.0 29.0 36.0 51.19196 19.47324 119.67566 1.0
36.0 33.0 33.0 97.16806 49.93321 149.23545 3.0
36.0 33.0 36.0 51.19196 19.47324 119.67566 3.0
36.0 36.0 36.0 51.19196 19.47324 119.67566 1463.0
36.0 36.0 36.0 51.19196 19.47324 119.67566 1463.0
36.0 37.0 37.0 80.27504 11.09434 113.87808 890.0
36.0 37.0 36.0 51.19196 19.47324 119.67566 890.0
36.0 38.0 38.0 88.73077 68.42349 152.61344 2.0
36.0 38.0 36.0 51.19196 19.47324 119.67566 2.0
36.0 42.0 42.0 56.57562 85.19461 144.93704 1.0
36.0 42.0 36.0 51.19196 19.47324 119.67566 1.0
36.0 44.0 44.0 70.23619 22.76845 131.37957 791.0
36.0 44.0 36.0 51.19196 19.47324 119.67566 791.0
37.0 0.0 0.0 55.10877 48.90324 141.9796 81.0
37.0 0.0 37.0 80.27504 11.09434 113.87808 81.0
37.0 2.0 2.0 27.38178 25.36748 87.75247 383.0
37.0 2.0 37.0 80.27504 11.09434 113.87808 383.0
37.0 3.0 3.0 83.16552 3.83287 88.03509 2578.0
37.0 3.0 37.0 80.27504 11.09434 113.87808 2578.0
37.0 7.0 7.0 121.6564 13.42102 56.97633 3.0
37.0 7.0 37.0 80.27504 11.09434 113.87808 3.0
37.0 10.0 10.0 97.0661 3.91503 61.10056 45.0
37.0 10.0 37.0 80.27504 11.09434 113.87808 45.0
37.0 11.0 11.0 48.5157 14.0942 56.57228 263.0
37.0 11.0 37.0 80.27504 11.09434 113.87808 263.0
37.0 13.0 13.0 21.81835 31.12284 56.41301 1.0
37.0 13.0 37.0 80.27504 11.09434 113.87808 1.0
37.0 16.0 16.0 37.10419 39.06536 124.68027 184.0
37.0 16.0 37.0 80.27504 11.09434 113.87808 184.0
37.0 17.0 17.0 122.80378 11.00426 94.56146 535.0
37.0 17.0 37.0 80.27504 11.09434 113.87808 535.0
37.0 18.0 18.0 159.20533 24.82942 93.9061 2.0
37.0 18.0 37.0 80.27504 11.09434 113.87808 2.0
37.0 19.0 19.0 66.42847 15.77408 45.41867 18.0
37.0 19.0 37.0 80.27504 11.09434 113.87808 18.0
37.0 26.0 26.0 132.1443 45.09661 139.08385 112.0
37.0 26.0 37.0 80.27504 11.09434 113.87808 112.0
37.0 27.0 27.0 18.7473 45.30102 103.74096 13.0
37.0 27.0 37.0 80.27504 11.09434 113.87808 13.0
37.0 28.0 28.0 84.35764 38.93183 143.14225 733.0
37.0 28.0 37.0 80.27504 11.09434 113.87808 733.0
37.0 29.0 29.0 122.70774 20.59495 121.17829 1159.0
37.0 29.0 37.0 80.27504 11.09434 113.87808 1159.0
37.0 33.0 33.0 97.16806 49.93321 149.23545 99.0
37.0 33.0 37.0 80.27504 11.09434 113.87808 99.0
37.0 36.0 36.0 51.19196 19.47324 119.67566 924.0
37.0 36.0 37.0 80.27504 11.09434 113.87808 924.0
37.0 37.0 37.0 80.27504 11.09434 113.87808 8006.0
37.0 37.0 37.0 80.27504 11.09434 113.87808 8006.0
37.0 38.0 38.0 88.73077 68.42349 152.61344 1.0
37.0 38.0 37.0 80.27504 11.09434 113.87808 1.0
37.0 40.0 40.0 83.2782 23.54398 42.38794 1.0
37.0 40.0 37.0 80.27504 11.09434 113.87808 1.0
37.0 42.0 42.0 56.57562 85.19461 144.93704 1.0
37.0 42.0 37.0 80.27504 11.09434 113.87808 1.0
37.0 44.0 44.0 70.23619 22.76845 131.37957 1455.0
37.0 44.0 37.0 80.27504 11.09434 113.87808 1455.0
38.0 0.0 0.0 55.10877 48.90324 141.9796 416.0
38.0 0.0 38.0 88.73077 68.42349 152.61344 416.0
38.0 2.0 2.0 27.38178 25.36748 87.75247 1.0
38.0 2.0 38.0 88.73077 68.42349 152.61344 1.0
38.0 4.0 4.0 72.05198 108.38686 139.67277 234.0
38.0 4.0 38.0 88.73077 68.42349 152.61344 234.0
38.0 16.0 16.0 37.10419 39.06536 124.68027 15.0
38.0 16.0 38.0 88.73077 68.42349 152.61344 15.0
38.0 22.0 22.0 25.0892 80.03275 119.45767 26.0
38.0 22.0 38.0 88.73077 68.42349 152.61344 26.0
38.0 24.0 24.0 107.86891 87.2389 149.14959 1956.0
38.0 24.0 38.0 88.73077 68.42349 152.61344 1956.0
38.0 26.0 26.0 132.1443 45.09661 139.08385 386.0
38.0 26.0 38.0 88.73077 68.42349 152.61344 386.0
38.0 28.0 28.0 84.35764 38.93183 143.14225 618.0
38.0 28.0 38.0 88.73077 68.42349 152.61344 618.0
38.0 29.0 29.0 122.70774 20.59495 121.17829 6.0
38.0 29.0 38.0 88.73077 68.42349 152.61344 6.0
38.0 33.0 33.0 97.16806 49.93321 149.23545 1544.0
38.0 33.0 38.0 88.73077 68.42349 152.61344 1544.0
38.0 34.0 34.0 127.82617 111.22446 129.59868 32.0
38.0 34.0 38.0 88.73077 68.42349 152.61344 32.0
38.0 36.0 36.0 51.19196 19.47324 119.67566 2.0
38.0 36.0 38.0 88.73077 68.42349 152.61344 2.0
38.0 37.0 37.0 80.27504 11.09434 113.87808 2.0
38.0 37.0 38.0 88.73077 68.42349 152.61344 2.0
38.0 38.0 38.0 88.73077 68.42349 152.61344 3213.0
38.0 38.0 38.0 88.73077 68.42349 152.61344 3213.0
38.0 41.0 41.0 59.83217 126.05362 122.49415 1.0
38.0 41.0 38.0 88.73077 68.42349 152.61344 1.0
38.0 42.0 42.0 56.57562 85.19461 144.93704 1110.0
38.0 42.0 38.0 88.73077 68.42349 152.61344 1110.0
38.0 44.0 44.0 70.23619 22.76845 131.37957 12.0
38.0 44.0 38.0 88.73077 68.42349 152.61344 12.0
38.0 47.0 47.0 164.20875 62.73143 126.09802 3.0
38.0 47.0 38.0 88.73077 68.42349 152.61344 3.0
39.0 1.0 1.0 66.25829 89.30465 7.4984 266.0
39.0 1.0 39.0 21.77759 50.14722 32.83596 266.0
39.0 2.0 2.0 27.38178 25.36748 87.75247 158.0
39.0 2.0 39.0 21.77759 50.14722 32.83596 158.0
39.0 5.0 5.0 36.13779 130.01462 82.28884 2.0
39.0 5.0 39.0 21.77759 50.14722 32.83596 2.0
39.0 6.0 6.0 5.48076 84.78053 74.4508 1357.0
39.0 6.0 39.0 21.77759 50.14722 32.83596 1357.0
39.0 8.0 8.0 108.20513 85.98811 38.67038 2.0
39.0 8.0 39.0 21.77759 50.14722 32.83596 2.0
39.0 11.0 11.0 48.5157 14.0942 56.57228 883.0
39.0 11.0 39.0 21.77759 50.14722 32.83596 883.0
39.0 12.0 12.0 179.81133 86.42101 84.88486 1.0
39.0 12.0 39.0 21.77759 50.14722 32.83596 1.0
39.0 13.0 13.0 21.81835 31.12284 56.41301 1837.0
39.0 13.0 39.0 21.77759 50.14722 32.83596 1837.0
39.0 19.0 19.0 66.42847 15.77408 45.41867 237.0
39.0 19.0 39.0 21.77759 50.14722 32.83596 237.0
39.0 20.0 20.0 85.09912 53.74328 22.30738 485.0
39.0 20.0 39.0 21.77759 50.14722 32.83596 485.0
39.0 21.0 21.0 28.22971 78.14758 19.34641 2135.0
39.0 21.0 39.0 21.77759 50.14722 32.83596 2135.0
39.0 22.0 22.0 25.0892 80.03275 119.45767 1.0
39.0 22.0 39.0 21.77759 50.14722 32.83596 1.0
39.0 27.0 27.0 18.7473 45.30102 103.74096 18.0
39.0 27.0 39.0 21.77759 50.14722 32.83596 18.0
39.0 39.0 39.0 21.77759 50.14722 32.83596 9850.0
39.0 39.0 39.0 21.77759 50.14722 32.83596 9850.0
39.0 40.0 40.0 83.2782 23.54398 42.38794 35.0
39.0 40.0 39.0 21.77759 50.14722 32.83596 35.0
39.0 45.0 45.0 35.04825 116.34053 28.58856 76.0
39.0 45.0 39.0 21.77759 50.14722 32.83596 76.0
40.0 1.0 1.0 66.25829 89.30465 7.4984 11.0
40.0 1.0 40.0 83.2782 23.54398 42.38794 11.0
40.0 3.0 3.0 83.16552 3.83287 88.03509 131.0
40.0 3.0 40.0 83.2782 23.54398 42.38794 131.0
40.0 7.0 7.0 121.6564 13.42102 56.97633 238.0
40.0 7.0 40.0 83.2782 23.54398 42.38794 238.0
40.0 8.0 8.0 108.20513 85.98811 38.67038 24.0
40.0 8.0 40.0 83.2782 23.54398 42.38794 24.0
40.0 10.0 10.0 97.0661 3.91503 61.10056 1212.0
40.0 10.0 40.0 83.2782 23.54398 42.38794 1212.0
40.0 11.0 11.0 48.5157 14.0942 56.57228 482.0
40.0 11.0 40.0 83.2782 23.54398 42.38794 482.0
40.0 13.0 13.0 21.81835 31.12284 56.41301 5.0
40.0 13.0 40.0 83.2782 23.54398 42.38794 5.0
40.0 15.0 15.0 145.14935 26.59432 64.65366 5.0
40.0 15.0 40.0 83.2782 23.54398 42.38794 5.0
40.0 17.0 17.0 122.80378 11.00426 94.56146 4.0
40.0 17.0 40.0 83.2782 23.54398 42.38794 4.0
40.0 19.0 19.0 66.42847 15.77408 45.41867 1509.0
40.0 19.0 40.0 83.2782 23.54398 42.38794 1509.0
40.0 20.0 20.0 85.09912 53.74328 22.30738 1679.0
40.0 20.0 40.0 83.2782 23.54398 42.38794 1679.0
40.0 21.0 21.0 28.22971 78.14758 19.34641 6.0
40.0 21.0 40.0 83.2782 23.54398 42.38794 6.0
40.0 31.0 31.0 121.55592 38.99438 36.04578 1075.0
40.0 31.0 40.0 83.2782 23.54398 42.38794 1075.0
40.0 37.0 37.0 80.27504 11.09434 113.87808 3.0
40.0 37.0 40.0 83.2782 23.54398 42.38794 3.0
40.0 39.0 39.0 21.77759 50.14722 32.83596 31.0
40.0 39.0 40.0 83.2782 23.54398 42.38794 31.0
40.0 40.0 40.0 83.2782 23.54398 42.38794 4483.0
40.0 40.0 40.0 83.2782 23.54398 42.38794 4483.0
41.0 0.0 0.0 55.10877 48.90324 141.9796 2.0
41.0 0.0 41.0 59.83217 126.05362 122.49415 2.0
41.0 4.0 4.0 72.05198 108.38686 139.67277 2781.0
41.0 4.0 41.0 59.83217 126.05362 122.49415 2781.0
41.0 5.0 5.0 36.13779 130.01462 82.28884 2189.0
41.0 5.0 41.0 59.83217 126.05362 122.49415 2189.0
41.0 6.0 6.0 5.48076 84.78053 74.4508 14.0
41.0 6.0 41.0 59.83217 126.05362 122.49415 14.0
41.0 9.0 9.0 78.55834 139.94145 102.58459 2156.0
41.0 9.0 41.0 59.83217 126.05362 122.49415 2156.0
41.0 13.0 13.0 21.81835 31.12284 56.41301 1.0
41.0 13.0 41.0 59.83217 126.05362 122.49415 1.0
41.0 16.0 16.0 37.10419 39.06536 124.68027 1.0
41.0 16.0 41.0 59.83217 126.05362 122.49415 1.0
41.0 22.0 22.0 25.0892 80.03275 119.45767 637.0
41.0 22.0 41.0 59.83217 126.05362 122.49415 637.0
41.0 24.0 24.0 107.86891 87.2389 149.14959 88.0
41.0 24.0 41.0 59.83217 126.05362 122.49415 88.0
41.0 28.0 28.0 84.35764 38.93183 143.14225 1.0
41.0 28.0 41.0 59.83217 126.05362 122.49415 1.0
41.0 30.0 30.0 88.42823 139.9261 62.7247 25.0
41.0 30.0 41.0 59.83217 126.05362 122.49415 25.0
41.0 34.0 34.0 127.82617 111.22446 129.59868 418.0
41.0 34.0 41.0 59.83217 126.05362 122.49415 418.0
41.0 35.0 35.0 147.81213 121.12608 95.69121 1.0
41.0 35.0 41.0 59.83217 126.05362 122.49415 1.0
41.0 38.0 38.0 88.73077 68.42349 152.61344 2.0
41.0 38.0 41.0 59.83217 126.05362 122.49415 2.0
41.0 41.0 41.0 59.83217 126.05362 122.49415 9178.0
41.0 41.0 41.0 59.83217 126.05362 122.49415 9178.0
41.0 42.0 42.0 56.57562 85.19461 144.93704 426.0
41.0 42.0 41.0 59.83217 126.05362 122.49415 426.0
41.0 43.0 43.0 101.755 137.71332 99.15913 349.0
41.0 43.0 41.0 59.83217 126.05362 122.49415 349.0
42.0 0.0 0.0 55.10877 48.90324 141.9796 904.0
42.0 0.0 42.0 56.57562 85.19461 144.93704 904.0
42.0 4.0 4.0 72.05198 108.38686 139.67277 2152.0
42.0 4.0 42.0 56.57562 85.19461 144.93704 2152.0
42.0 5.0 5.0 36.13779 130.01462 82.28884 44.0
42.0 5.0 42.0 56.57562 85.19461 144.93704 44.0
42.0 6.0 6.0 5.48076 84.78053 74.4508 1.0
42.0 6.0 42.0 56.57562 85.19461 144.93704 1.0
42.0 7.0 7.0 121.6564 13.42102 56.97633 1.0
42.0 7.0 42.0 56.57562 85.19461 144.93704 1.0
42.0 16.0 16.0 37.10419 39.06536 124.68027 163.0
42.0 16.0 42.0 56.57562 85.19461 144.93704 163.0
42.0 22.0 22.0 25.0892 80.03275 119.45767 1618.0
42.0 22.0 42.0 56.57562 85.19461 144.93704 1618.0
42.0 24.0 24.0 107.86891 87.2389 149.14959 507.0
42.0 24.0 42.0 56.57562 85.19461 144.93704 507.0
42.0 28.0 28.0 84.35764 38.93183 143.14225 194.0
42.0 28.0 42.0 56.57562 85.19461 144.93704 194.0
42.0 33.0 33.0 97.16806 49.93321 149.23545 136.0
42.0 33.0 42.0 56.57562 85.19461 144.93704 136.0
42.0 34.0 34.0 127.82617 111.22446 129.59868 6.0
42.0 34.0 42.0 56.57562 85.19461 144.93704 6.0
42.0 36.0 36.0 51.19196 19.47324 119.67566 2.0
42.0 36.0 42.0 56.57562 85.19461 144.93704 2.0
42.0 37.0 37.0 80.27504 11.09434 113.87808 1.0
42.0 37.0 42.0 56.57562 85.19461 144.93704 1.0
42.0 38.0 38.0 88.73077 68.42349 152.61344 1120.0
42.0 38.0 42.0 56.57562 85.19461 144.93704 1120.0
42.0 41.0 41.0 59.83217 126.05362 122.49415 391.0
42.0 41.0 42.0 56.57562 85.19461 144.93704 391.0
42.0 42.0 42.0 56.57562 85.19461 144.93704 5831.0
42.0 42.0 42.0 56.57562 85.19461 144.93704 5831.0
42.0 44.0 44.0 70.23619 22.76845 131.37957 1.0
42.0 44.0 42.0 56.57562 85.19461 144.93704 1.0
43.0 4.0 4.0 72.05198 108.38686 139.67277 76.0
43.0 4.0 43.0 101.755 137.71332 99.15913 76.0
43.0 5.0 5.0 36.13779 130.01462 82.28884 66.0
43.0 5.0 43.0 101.755 137.71332 99.15913 66.0
43.0 8.0 8.0 108.20513 85.98811 38.67038 1.0
43.0 8.0 43.0 101.755 137.71332 99.15913 1.0
43.0 9.0 9.0 78.55834 139.94145 102.58459 2123.0
43.0 9.0 43.0 101.755 137.71332 99.15913 2123.0
43.0 24.0 24.0 107.86891 87.2389 149.14959 10.0
43.0 24.0 43.0 101.755 137.71332 99.15913 10.0
43.0 30.0 30.0 88.42823 139.9261 62.7247 2074.0
43.0 30.0 43.0 101.755 137.71332 99.15913 2074.0
43.0 34.0 34.0 127.82617 111.22446 129.59868 1443.0
43.0 34.0 43.0 101.755 137.71332 99.15913 1443.0
43.0 35.0 35.0 147.81213 121.12608 95.69121 834.0
43.0 35.0 43.0 101.755 137.71332 99.15913 834.0
43.0 37.0 37.0 80.27504 11.09434 113.87808 1.0
43.0 37.0 43.0 101.755 137.71332 99.15913 1.0
43.0 41.0 41.0 59.83217 126.05362 122.49415 266.0
43.0 41.0 43.0 101.755 137.71332 99.15913 266.0
43.0 43.0 43.0 101.755 137.71332 99.15913 4852.0
43.0 43.0 43.0 101.755 137.71332 99.15913 4852.0
43.0 45.0 45.0 35.04825 116.34053 28.58856 2.0
43.0 45.0 43.0 101.755 137.71332 99.15913 2.0
43.0 46.0 46.0 114.5545 130.24485 52.75345 170.0
43.0 46.0 43.0 101.755 137.71332 99.15913 170.0
44.0 0.0 0.0 55.10877 48.90324 141.9796 624.0
44.0 0.0 44.0 70.23619 22.76845 131.37957 624.0
44.0 2.0 2.0 27.38178 25.36748 87.75247 39.0
44.0 2.0 44.0 70.23619 22.76845 131.37957 39.0
44.0 3.0 3.0 83.16552 3.83287 88.03509 63.0
44.0 3.0 44.0 70.23619 22.76845 131.37957 63.0
44.0 6.0 6.0 5.48076 84.78053 74.4508 1.0
44.0 6.0 44.0 70.23619 22.76845 131.37957 1.0
44.0 11.0 11.0 48.5157 14.0942 56.57228 2.0
44.0 11.0 44.0 70.23619 22.76845 131.37957 2.0
44.0 16.0 16.0 37.10419 39.06536 124.68027 224.0
44.0 16.0 44.0 70.23619 22.76845 131.37957 224.0
44.0 17.0 17.0 122.80378 11.00426 94.56146 2.0
44.0 17.0 44.0 70.23619 22.76845 131.37957 2.0
44.0 22.0 22.0 25.0892 80.03275 119.45767 1.0
44.0 22.0 44.0 70.23619 22.76845 131.37957 1.0
44.0 26.0 26.0 132.1443 45.09661 139.08385 11.0
44.0 26.0 44.0 70.23619 22.76845 131.37957 11.0
44.0 27.0 27.0 18.7473 45.30102 103.74096 5.0
44.0 27.0 44.0 70.23619 22.76845 131.37957 5.0
44.0 28.0 28.0 84.35764 38.93183 143.14225 880.0
44.0 28.0 44.0 70.23619 22.76845 131.37957 880.0
44.0 29.0 29.0 122.70774 20.59495 121.17829 87.0
44.0 29.0 44.0 70.23619 22.76845 131.37957 87.0
44.0 33.0 33.0 97.16806 49.93321 149.23545 106.0
44.0 33.0 44.0 70.23619 22.76845 131.37957 106.0
44.0 36.0 36.0 51.19196 19.47324 119.67566 779.0
44.0 36.0 44.0 70.23619 22.76845 131.37957 779.0
44.0 37.0 37.0 80.27504 11.09434 113.87808 1487.0
44.0 37.0 44.0 70.23619 22.76845 131.37957 1487.0
44.0 38.0 38.0 88.73077 68.42349 152.61344 20.0
44.0 38.0 44.0 70.23619 22.76845 131.37957 20.0
44.0 40.0 40.0 83.2782 23.54398 42.38794 1.0
44.0 40.0 44.0 70.23619 22.76845 131.37957 1.0
44.0 41.0 41.0 59.83217 126.05362 122.49415 1.0
44.0 41.0 44.0 70.23619 22.76845 131.37957 1.0
44.0 42.0 42.0 56.57562 85.19461 144.93704 2.0
44.0 42.0 44.0 70.23619 22.76845 131.37957 2.0
44.0 44.0 44.0 70.23619 22.76845 131.37957 1858.0
44.0 44.0 44.0 70.23619 22.76845 131.37957 1858.0
45.0 1.0 1.0 66.25829 89.30465 7.4984 1867.0
45.0 1.0 45.0 35.04825 116.34053 28.58856 1867.0
45.0 5.0 5.0 36.13779 130.01462 82.28884 2006.0
45.0 5.0 45.0 35.04825 116.34053 28.58856 2006.0
45.0 6.0 6.0 5.48076 84.78053 74.4508 969.0
45.0 6.0 45.0 35.04825 116.34053 28.58856 969.0
45.0 8.0 8.0 108.20513 85.98811 38.67038 115.0
45.0 8.0 45.0 35.04825 116.34053 28.58856 115.0
45.0 9.0 9.0 78.55834 139.94145 102.58459 1.0
45.0 9.0 45.0 35.04825 116.34053 28.58856 1.0
45.0 14.0 14.0 128.25794 116.04162 40.23189 3.0
45.0 14.0 45.0 35.04825 116.34053 28.58856 3.0
45.0 20.0 20.0 85.09912 53.74328 22.30738 2.0
45.0 20.0 45.0 35.04825 116.34053 28.58856 2.0
45.0 21.0 21.0 28.22971 78.14758 19.34641 1873.0
45.0 21.0 45.0 35.04825 116.34053 28.58856 1873.0
45.0 22.0 22.0 25.0892 80.03275 119.45767 1.0
45.0 22.0 45.0 35.04825 116.34053 28.58856 1.0
45.0 30.0 30.0 88.42823 139.9261 62.7247 843.0
45.0 30.0 45.0 35.04825 116.34053 28.58856 843.0
45.0 39.0 39.0 21.77759 50.14722 32.83596 65.0
45.0 39.0 45.0 35.04825 116.34053 28.58856 65.0
45.0 45.0 45.0 35.04825 116.34053 28.58856 13259.0
45.0 45.0 45.0 35.04825 116.34053 28.58856 13259.0
45.0 46.0 46.0 114.5545 130.24485 52.75345 50.0
45.0 46.0 45.0 35.04825 116.34053 28.58856 50.0
46.0 1.0 1.0 66.25829 89.30465 7.4984 139.0
46.0 1.0 46.0 114.5545 130.24485 52.75345 139.0
46.0 5.0 5.0 36.13779 130.01462 82.28884 7.0
46.0 5.0 46.0 114.5545 130.24485 52.75345 7.0
46.0 8.0 8.0 108.20513 85.98811 38.67038 1088.0
46.0 8.0 46.0 114.5545 130.24485 52.75345 1088.0
46.0 9.0 9.0 78.55834 139.94145 102.58459 7.0
46.0 9.0 46.0 114.5545 130.24485 52.75345 7.0
46.0 12.0 12.0 179.81133 86.42101 84.88486 2.0
46.0 12.0 46.0 114.5545 130.24485 52.75345 2.0
46.0 14.0 14.0 128.25794 116.04162 40.23189 2827.0
46.0 14.0 46.0 114.5545 130.24485 52.75345 2827.0
46.0 30.0 30.0 88.42823 139.9261 62.7247 3443.0
46.0 30.0 46.0 114.5545 130.24485 52.75345 3443.0
46.0 31.0 31.0 121.55592 38.99438 36.04578 1.0
46.0 31.0 46.0 114.5545 130.24485 52.75345 1.0
46.0 32.0 32.0 156.95484 89.14651 57.98756 288.0
46.0 32.0 46.0 114.5545 130.24485 52.75345 288.0
46.0 34.0 34.0 127.82617 111.22446 129.59868 17.0
46.0 34.0 46.0 114.5545 130.24485 52.75345 17.0
46.0 35.0 35.0 147.81213 121.12608 95.69121 1155.0
46.0 35.0 46.0 114.5545 130.24485 52.75345 1155.0
46.0 43.0 43.0 101.755 137.71332 99.15913 167.0
46.0 43.0 46.0 114.5545 130.24485 52.75345 167.0
46.0 45.0 45.0 35.04825 116.34053 28.58856 54.0
46.0 45.0 46.0 114.5545 130.24485 52.75345 54.0
46.0 46.0 46.0 114.5545 130.24485 52.75345 7023.0
46.0 46.0 46.0 114.5545 130.24485 52.75345 7023.0
47.0 12.0 12.0 179.81133 86.42101 84.88486 427.0
47.0 12.0 47.0 164.20875 62.73143 126.09802 427.0
47.0 15.0 15.0 145.14935 26.59432 64.65366 6.0
47.0 15.0 47.0 164.20875 62.73143 126.09802 6.0
47.0 17.0 17.0 122.80378 11.00426 94.56146 20.0
47.0 17.0 47.0 164.20875 62.73143 126.09802 20.0
47.0 18.0 18.0 159.20533 24.82942 93.9061 636.0
47.0 18.0 47.0 164.20875 62.73143 126.09802 636.0
47.0 23.0 23.0 173.49915 43.4917 77.11437 357.0
47.0 23.0 47.0 164.20875 62.73143 126.09802 357.0
47.0 24.0 24.0 107.86891 87.2389 149.14959 222.0
47.0 24.0 47.0 164.20875 62.73143 126.09802 222.0
47.0 25.0 25.0 182.85148 63.99028 100.29426 1191.0
47.0 25.0 47.0 164.20875 62.73143 126.09802 1191.0
47.0 26.0 26.0 132.1443 45.09661 139.08385 1876.0
47.0 26.0 47.0 164.20875 62.73143 126.09802 1876.0
47.0 29.0 29.0 122.70774 20.59495 121.17829 241.0
47.0 29.0 47.0 164.20875 62.73143 126.09802 241.0
47.0 32.0 32.0 156.95484 89.14651 57.98756 3.0
47.0 32.0 47.0 164.20875 62.73143 126.09802 3.0
47.0 33.0 33.0 97.16806 49.93321 149.23545 5.0
47.0 33.0 47.0 164.20875 62.73143 126.09802 5.0
47.0 34.0 34.0 127.82617 111.22446 129.59868 1280.0
47.0 34.0 47.0 164.20875 62.73143 126.09802 1280.0
47.0 35.0 35.0 147.81213 121.12608 95.69121 360.0
47.0 35.0 47.0 164.20875 62.73143 126.09802 360.0
47.0 37.0 37.0 80.27504 11.09434 113.87808 1.0
47.0 37.0 47.0 164.20875 62.73143 126.09802 1.0
47.0 38.0 38.0 88.73077 68.42349 152.61344 5.0
47.0 38.0 47.0 164.20875 62.73143 126.09802 5.0
47.0 47.0 47.0 164.20875 62.73143 126.09802 8958.0
47.0 47.0 47.0 164.20875 62.73143 126.09802 8958.0
