TargetArea SourceArea Area AvgPosX AvgPosY AvgPosZ SumWeights
0.0 0.0 0.0 55.11517 48.90822 141.97996 3875.0
0.0 0.0 0.0 55.11517 48.90822 141.97996 3875.0
0.0 2.0 2.0 27.39651 25.34069 87.72565 9.0
0.0 2.0 0.0 55.11517 48.90822 141.97996 9.0
0.0 3.0 3.0 83.14374 3.82956 88.02179 1.0
0.0 3.0 0.0 55.11517 48.90822 141.97996 1.0
0.0 4.0 4.0 72.1078 108.39179 139.67939 13.0
0.0 4.0 0.0 55.11517 48.90822 141.97996 13.0
0.0 5.0 5.0 36.15563 130.039 82.24871 1.0
0.0 5.0 0.0 55.11517 48.90822 141.97996 1.0
0.0 16.0 16.0 37.10404 39.0306 124.6651 1422.0
0.0 16.0 0.0 55.11517 48.90822 141.97996 1422.0
0.0 22.0 22.0 25.11018 80.07145 119.47937 574.0
0.0 22.0 0.0 55.11517 48.90822 141.97996 574.0
0.0 24.0 24.0 107.93096 87.20486 149.14419 17.0
0.0 24.0 0.0 55.11517 48.90822 141.97996 17.0
0.0 27.0 27.0 18.73709 45.32171 103.7473 37.0
0.0 27.0 0.0 55.11517 48.90822 141.97996 37.0
0.0 28.0 28.0 84.39158 38.92809 143.14002 1152.0
0.0 28.0 0.0 55.11517 48.90822 141.97996 1152.0
0.0 29.0 29.0 122.72356 20.59218 121.16842 1.0
0.0 29.0 0.0 55.11517 48.90822 141.97996 1.0
0.0 33.0 33.0 97.1679 49.93412 149.23778 259.0
0.0 33.0 0.0 55.11517 48.90822 141.97996 259.0
0.0 36.0 36.0 51.20981 19.51189 119.74168 472.0
0.0 36.0 0.0 55.11517 48.90822 141.97996 472.0
0.0 37.0 37.0 80.28927 11.08439 113.86627 81.0
0.0 37.0 0.0 55.11517 48.90822 141.97996 81.0
0.0 38.0 38.0 88.77758 68.40786 152.61829 409.0
0.0 38.0 0.0 55.11517 48.90822 141.97996 409.0
0.0 41.0 41.0 59.88154 126.07121 122.49678 1.0
0.0 41.0 0.0 55.11517 48.90822 141.97996 1.0
0.0 42.0 42.0 56.58884 85.21523 144.94226 927.0
0.0 42.0 0.0 55.11517 48.90822 141.97996 927.0
0.0 44.0 44.0 70.22604 22.73269 131.3483 589.0
0.0 44.0 0.0 55.11517 48.90822 141.97996 589.0
1.0 1.0 1.0 66.23716 89.24826 7.46524 11110.0
1.0 1.0 1.0 66.23716 89.24826 7.46524 11110.0
1.0 5.0 5.0 36.15563 130.039 82.24871 15.0
1.0 5.0 1.0 66.23716 89.24826 7.46524 15.0
1.0 6.0 6.0 5.47593 84.7991 74.376 1.0
1.0 6.0 1.0 66.23716 89.24826 7.46524 1.0
1.0 8.0 8.0 108.21286 85.97862 38.69809 1678.0
1.0 8.0 1.0 66.23716 89.24826 7.46524 1678.0
1.0 11.0 11.0 48.54111 14.0752 56.61108 15.0
1.0 11.0 1.0 66.23716 89.24826 7.46524 15.0
1.0 13.0 13.0 21.82137 31.1208 56.41289 1.0
1.0 13.0 1.0 66.23716 89.24826 7.46524 1.0
1.0 14.0 14.0 128.32012 116.05028 40.29358 54.0
1.0 14.0 1.0 66.23716 89.24826 7.46524 54.0
1.0 19.0 19.0 66.42006 15.76725 45.4188 24.0
1.0 19.0 1.0 66.23716 89.24826 7.46524 24.0
1.0 20.0 20.0 85.11307 53.74662 22.31731 2141.0
1.0 20.0 1.0 66.23716 89.24826 7.46524 2141.0
1.0 21.0 21.0 28.30469 78.10297 19.27945 1478.0
1.0 21.0 1.0 66.23716 89.24826 7.46524 1478.0
1.0 30.0 30.0 88.43523 139.93266 62.74395 354.0
1.0 30.0 1.0 66.23716 89.24826 7.46524 354.0
1.0 31.0 31.0 121.56142 38.98576 36.05456 3.0
1.0 31.0 1.0 66.23716 89.24826 7.46524 3.0
1.0 39.0 39.0 21.78297 50.15365 32.82321 250.0
1.0 39.0 1.0 66.23716 89.24826 7.46524 250.0
1.0 40.0 40.0 83.28863 23.52739 42.4072 17.0
1.0 40.0 1.0 66.23716 89.24826 7.46524 17.0
1.0 45.0 45.0 35.03341 116.33703 28.59258 1800.0
1.0 45.0 1.0 66.23716 89.24826 7.46524 1800.0
1.0 46.0 46.0 114.58978 130.2449 52.78212 153.0
1.0 46.0 1.0 66.23716 89.24826 7.46524 153.0
2.0 0.0 0.0 55.11517 48.90822 141.97996 10.0
2.0 0.0 2.0 27.39651 25.34069 87.72565 10.0
2.0 2.0 2.0 27.39651 25.34069 87.72565 6681.0
2.0 2.0 2.0 27.39651 25.34069 87.72565 6681.0
2.0 3.0 3.0 83.14374 3.82956 88.02179 298.0
2.0 3.0 2.0 27.39651 25.34069 87.72565 298.0
2.0 6.0 6.0 5.47593 84.7991 74.376 436.0
2.0 6.0 2.0 27.39651 25.34069 87.72565 436.0
2.0 10.0 10.0 97.03637 3.9116 61.10565 1.0
2.0 10.0 2.0 27.39651 25.34069 87.72565 1.0
2.0 11.0 11.0 48.54111 14.0752 56.61108 1338.0
2.0 11.0 2.0 27.39651 25.34069 87.72565 1338.0
2.0 13.0 13.0 21.82137 31.1208 56.41289 1360.0
2.0 13.0 2.0 27.39651 25.34069 87.72565 1360.0
2.0 16.0 16.0 37.10404 39.0306 124.6651 714.0
2.0 16.0 2.0 27.39651 25.34069 87.72565 714.0
2.0 19.0 19.0 66.42006 15.76725 45.4188 8.0
2.0 19.0 2.0 27.39651 25.34069 87.72565 8.0
2.0 20.0 20.0 85.11307 53.74662 22.31731 1.0
2.0 20.0 2.0 27.39651 25.34069 87.72565 1.0
2.0 21.0 21.0 28.30469 78.10297 19.27945 1.0
2.0 21.0 2.0 27.39651 25.34069 87.72565 1.0
2.0 22.0 22.0 25.11018 80.07145 119.47937 80.0
2.0 22.0 2.0 27.39651 25.34069 87.72565 80.0
2.0 27.0 27.0 18.73709 45.32171 103.7473 1647.0
2.0 27.0 2.0 27.39651 25.34069 87.72565 1647.0
2.0 28.0 28.0 84.39158 38.92809 143.14002 1.0
2.0 28.0 2.0 27.39651 25.34069 87.72565 1.0
2.0 36.0 36.0 51.20981 19.51189 119.74168 530.0
2.0 36.0 2.0 27.39651 25.34069 87.72565 530.0
2.0 37.0 37.0 80.28927 11.08439 113.86627 437.0
2.0 37.0 2.0 27.39651 25.34069 87.72565 437.0
2.0 39.0 39.0 21.78297 50.15365 32.82321 163.0
2.0 39.0 2.0 27.39651 25.34069 87.72565 163.0
2.0 44.0 44.0 70.22604 22.73269 131.3483 33.0
2.0 44.0 2.0 27.39651 25.34069 87.72565 33.0
3.0 2.0 2.0 27.39651 25.34069 87.72565 297.0
3.0 2.0 3.0 83.14374 3.82956 88.02179 297.0
3.0 3.0 3.0 83.14374 3.82956 88.02179 7171.0
3.0 3.0 3.0 83.14374 3.82956 88.02179 7171.0
3.0 7.0 7.0 121.65323 13.42721 56.95187 228.0
3.0 7.0 3.0 83.14374 3.82956 88.02179 228.0
3.0 10.0 10.0 97.03637 3.9116 61.10565 1615.0
3.0 10.0 3.0 83.14374 3.82956 88.02179 1615.0
3.0 11.0 11.0 48.54111 14.0752 56.61108 1116.0
3.0 11.0 3.0 83.14374 3.82956 88.02179 1116.0
3.0 13.0 13.0 21.82137 31.1208 56.41289 6.0
3.0 13.0 3.0 83.14374 3.82956 88.02179 6.0
3.0 15.0 15.0 145.10931 26.58232 64.67183 16.0
3.0 15.0 3.0 83.14374 3.82956 88.02179 16.0
3.0 16.0 16.0 37.10404 39.0306 124.6651 12.0
3.0 16.0 3.0 83.14374 3.82956 88.02179 12.0
3.0 17.0 17.0 122.7939 11.005 94.58552 1178.0
3.0 17.0 3.0 83.14374 3.82956 88.02179 1178.0
3.0 18.0 18.0 159.24215 24.85116 93.87426 1.0
3.0 18.0 3.0 83.14374 3.82956 88.02179 1.0
3.0 19.0 19.0 66.42006 15.76725 45.4188 419.0
3.0 19.0 3.0 83.14374 3.82956 88.02179 419.0
3.0 26.0 26.0 132.132 45.12297 139.10408 1.0
3.0 26.0 3.0 83.14374 3.82956 88.02179 1.0
3.0 27.0 27.0 18.73709 45.32171 103.7473 1.0
3.0 27.0 3.0 83.14374 3.82956 88.02179 1.0
3.0 28.0 28.0 84.39158 38.92809 143.14002 9.0
3.0 28.0 3.0 83.14374 3.82956 88.02179 9.0
3.0 29.0 29.0 122.72356 20.59218 121.16842 232.0
3.0 29.0 3.0 83.14374 3.82956 88.02179 232.0
3.0 31.0 31.0 121.56142 38.98576 36.05456 2.0
3.0 31.0 3.0 83.14374 3.82956 88.02179 2.0
3.0 36.0 36.0 51.20981 19.51189 119.74168 135.0
3.0 36.0 3.0 83.14374 3.82956 88.02179 135.0
3.0 37.0 37.0 80.28927 11.08439 113.86627 2535.0
3.0 37.0 3.0 83.14374 3.82956 88.02179 2535.0
3.0 40.0 40.0 83.28863 23.52739 42.4072 137.0
3.0 40.0 3.0 83.14374 3.82956 88.02179 137.0
3.0 44.0 44.0 70.22604 22.73269 131.3483 57.0
3.0 44.0 3.0 83.14374 3.82956 88.02179 57.0
4.0 0.0 0.0 55.11517 48.90822 141.97996 12.0
4.0 0.0 4.0 72.1078 108.39179 139.67939 12.0
4.0 4.0 4.0 72.1078 108.39179 139.67939 6702.0
4.0 4.0 4.0 72.1078 108.39179 139.67939 6702.0
4.0 5.0 5.0 36.15563 130.039 82.24871 86.0
4.0 5.0 4.0 72.1078 108.39179 139.67939 86.0
4.0 6.0 6.0 5.47593 84.7991 74.376 2.0
4.0 6.0 4.0 72.1078 108.39179 139.67939 2.0
4.0 9.0 9.0 78.57395 139.94478 102.56413 270.0
4.0 9.0 4.0 72.1078 108.39179 139.67939 270.0
4.0 16.0 16.0 37.10404 39.0306 124.6651 1.0
4.0 16.0 4.0 72.1078 108.39179 139.67939 1.0
4.0 22.0 22.0 25.11018 80.07145 119.47937 472.0
4.0 22.0 4.0 72.1078 108.39179 139.67939 472.0
4.0 24.0 24.0 107.93096 87.20486 149.14419 1511.0
4.0 24.0 4.0 72.1078 108.39179 139.67939 1511.0
4.0 28.0 28.0 84.39158 38.92809 143.14002 5.0
4.0 28.0 4.0 72.1078 108.39179 139.67939 5.0
4.0 33.0 33.0 97.1679 49.93412 149.23778 7.0
4.0 33.0 4.0 72.1078 108.39179 139.67939 7.0
4.0 34.0 34.0 127.84251 111.19778 129.61373 875.0
4.0 34.0 4.0 72.1078 108.39179 139.67939 875.0
4.0 35.0 35.0 147.82731 121.1249 95.66489 1.0
4.0 35.0 4.0 72.1078 108.39179 139.67939 1.0
4.0 38.0 38.0 88.77758 68.40786 152.61829 223.0
4.0 38.0 4.0 72.1078 108.39179 139.67939 223.0
4.0 41.0 41.0 59.88154 126.07121 122.49678 2714.0
4.0 41.0 4.0 72.1078 108.39179 139.67939 2714.0
4.0 42.0 42.0 56.58884 85.21523 144.94226 2094.0
4.0 42.0 4.0 72.1078 108.39179 139.67939 2094.0
4.0 43.0 43.0 101.75946 137.7069 99.18644 76.0
4.0 43.0 4.0 72.1078 108.39179 139.67939 76.0
4.0 45.0 45.0 35.03341 116.33703 28.59258 1.0
4.0 45.0 4.0 72.1078 108.39179 139.67939 1.0
5.0 1.0 1.0 66.23716 89.24826 7.46524 15.0
5.0 1.0 5.0 36.15563 130.039 82.24871 15.0
5.0 4.0 4.0 72.1078 108.39179 139.67939 101.0
5.0 4.0 5.0 36.15563 130.039 82.24871 101.0
5.0 5.0 5.0 36.15563 130.039 82.24871 21618.0
5.0 5.0 5.0 36.15563 130.039 82.24871 21618.0
5.0 6.0 6.0 5.47593 84.7991 74.376 2014.0
5.0 6.0 5.0 36.15563 130.039 82.24871 2014.0
5.0 8.0 8.0 108.21286 85.97862 38.69809 2.0
5.0 8.0 5.0 36.15563 130.039 82.24871 2.0
5.0 9.0 9.0 78.57395 139.94478 102.56413 1418.0
5.0 9.0 5.0 36.15563 130.039 82.24871 1418.0
5.0 21.0 21.0 28.30469 78.10297 19.27945 17.0
5.0 21.0 5.0 36.15563 130.039 82.24871 17.0
5.0 22.0 22.0 25.11018 80.07145 119.47937 1197.0
5.0 22.0 5.0 36.15563 130.039 82.24871 1197.0
5.0 30.0 30.0 88.43523 139.93266 62.74395 1699.0
5.0 30.0 5.0 36.15563 130.039 82.24871 1699.0
5.0 41.0 41.0 59.88154 126.07121 122.49678 2247.0
5.0 41.0 5.0 36.15563 130.039 82.24871 2247.0
5.0 42.0 42.0 56.58884 85.21523 144.94226 35.0
5.0 42.0 5.0 36.15563 130.039 82.24871 35.0
5.0 43.0 43.0 101.75946 137.7069 99.18644 76.0
5.0 43.0 5.0 36.15563 130.039 82.24871 76.0
5.0 45.0 45.0 35.03341 116.33703 28.59258 1956.0
5.0 45.0 5.0 36.15563 130.039 82.24871 1956.0
5.0 46.0 46.0 114.58978 130.2449 52.78212 11.0
5.0 46.0 5.0 36.15563 130.039 82.24871 11.0
6.0 2.0 2.0 27.39651 25.34069 87.72565 522.0
6.0 2.0 6.0 5.47593 84.7991 74.376 522.0
6.0 4.0 4.0 72.1078 108.39179 139.67939 3.0
6.0 4.0 6.0 5.47593 84.7991 74.376 3.0
6.0 5.0 5.0 36.15563 130.039 82.24871 2015.0
6.0 5.0 6.0 5.47593 84.7991 74.376 2015.0
6.0 6.0 6.0 5.47593 84.7991 74.376 15699.0
6.0 6.0 6.0 5.47593 84.7991 74.376 15699.0
6.0 13.0 13.0 21.82137 31.1208 56.41289 431.0
6.0 13.0 6.0 5.47593 84.7991 74.376 431.0
6.0 16.0 16.0 37.10404 39.0306 124.6651 6.0
6.0 16.0 6.0 5.47593 84.7991 74.376 6.0
6.0 21.0 21.0 28.30469 78.10297 19.27945 640.0
6.0 21.0 6.0 5.47593 84.7991 74.376 640.0
6.0 22.0 22.0 25.11018 80.07145 119.47937 2041.0
6.0 22.0 6.0 5.47593 84.7991 74.376 2041.0
6.0 27.0 27.0 18.73709 45.32171 103.7473 824.0
6.0 27.0 6.0 5.47593 84.7991 74.376 824.0
6.0 39.0 39.0 21.78297 50.15365 32.82321 1306.0
6.0 39.0 6.0 5.47593 84.7991 74.376 1306.0
6.0 41.0 41.0 59.88154 126.07121 122.49678 21.0
6.0 41.0 6.0 5.47593 84.7991 74.376 21.0
6.0 45.0 45.0 35.03341 116.33703 28.59258 983.0
6.0 45.0 6.0 5.47593 84.7991 74.376 983.0
7.0 3.0 3.0 83.14374 3.82956 88.02179 217.0
7.0 3.0 7.0 121.65323 13.42721 56.95187 217.0
7.0 7.0 7.0 121.65323 13.42721 56.95187 4148.0
7.0 7.0 7.0 121.65323 13.42721 56.95187 4148.0
7.0 8.0 8.0 108.21286 85.97862 38.69809 6.0
7.0 8.0 7.0 121.65323 13.42721 56.95187 6.0
7.0 10.0 10.0 97.03637 3.9116 61.10565 1468.0
7.0 10.0 7.0 121.65323 13.42721 56.95187 1468.0
7.0 15.0 15.0 145.10931 26.58232 64.67183 1495.0
7.0 15.0 7.0 121.65323 13.42721 56.95187 1495.0
7.0 17.0 17.0 122.7939 11.005 94.58552 813.0
7.0 17.0 7.0 121.65323 13.42721 56.95187 813.0
7.0 18.0 18.0 159.24215 24.85116 93.87426 37.0
7.0 18.0 7.0 121.65323 13.42721 56.95187 37.0
7.0 19.0 19.0 66.42006 15.76725 45.4188 17.0
7.0 19.0 7.0 121.65323 13.42721 56.95187 17.0
7.0 20.0 20.0 85.11307 53.74662 22.31731 30.0
7.0 20.0 7.0 121.65323 13.42721 56.95187 30.0
7.0 23.0 23.0 173.48127 43.53296 77.02345 13.0
7.0 23.0 7.0 121.65323 13.42721 56.95187 13.0
7.0 29.0 29.0 122.72356 20.59218 121.16842 13.0
7.0 29.0 7.0 121.65323 13.42721 56.95187 13.0
7.0 31.0 31.0 121.56142 38.98576 36.05456 1583.0
7.0 31.0 7.0 121.65323 13.42721 56.95187 1583.0
7.0 32.0 32.0 156.99505 89.11186 57.99329 1.0
7.0 32.0 7.0 121.65323 13.42721 56.95187 1.0
7.0 37.0 37.0 80.28927 11.08439 113.86627 3.0
7.0 37.0 7.0 121.65323 13.42721 56.95187 3.0
7.0 40.0 40.0 83.28863 23.52739 42.4072 307.0
7.0 40.0 7.0 121.65323 13.42721 56.95187 307.0
8.0 1.0 1.0 66.23716 89.24826 7.46524 1469.0
8.0 1.0 8.0 108.21286 85.97862 38.69809 1469.0
8.0 3.0 3.0 83.14374 3.82956 88.02179 1.0
8.0 3.0 8.0 108.21286 85.97862 38.69809 1.0
8.0 4.0 4.0 72.1078 108.39179 139.67939 1.0
8.0 4.0 8.0 108.21286 85.97862 38.69809 1.0
8.0 5.0 5.0 36.15563 130.039 82.24871 8.0
8.0 5.0 8.0 108.21286 85.97862 38.69809 8.0
8.0 7.0 7.0 121.65323 13.42721 56.95187 5.0
8.0 7.0 8.0 108.21286 85.97862 38.69809 5.0
8.0 8.0 8.0 108.21286 85.97862 38.69809 28549.0
8.0 8.0 8.0 108.21286 85.97862 38.69809 28549.0
8.0 12.0 12.0 179.80154 86.38076 84.80678 4.0
8.0 12.0 8.0 108.21286 85.97862 38.69809 4.0
8.0 13.0 13.0 21.82137 31.1208 56.41289 1.0
8.0 13.0 8.0 108.21286 85.97862 38.69809 1.0
8.0 14.0 14.0 128.32012 116.05028 40.29358 2676.0
8.0 14.0 8.0 108.21286 85.97862 38.69809 2676.0
8.0 15.0 15.0 145.10931 26.58232 64.67183 43.0
8.0 15.0 8.0 108.21286 85.97862 38.69809 43.0
8.0 20.0 20.0 85.11307 53.74662 22.31731 3013.0
8.0 20.0 8.0 108.21286 85.97862 38.69809 3013.0
8.0 23.0 23.0 173.48127 43.53296 77.02345 7.0
8.0 23.0 8.0 108.21286 85.97862 38.69809 7.0
8.0 24.0 24.0 107.93096 87.20486 149.14419 1.0
8.0 24.0 8.0 108.21286 85.97862 38.69809 1.0
8.0 30.0 30.0 88.43523 139.93266 62.74395 593.0
8.0 30.0 8.0 108.21286 85.97862 38.69809 593.0
8.0 31.0 31.0 121.56142 38.98576 36.05456 1776.0
8.0 31.0 8.0 108.21286 85.97862 38.69809 1776.0
8.0 32.0 32.0 156.99505 89.11186 57.99329 1435.0
8.0 32.0 8.0 108.21286 85.97862 38.69809 1435.0
8.0 35.0 35.0 147.82731 121.1249 95.66489 2.0
8.0 35.0 8.0 108.21286 85.97862 38.69809 2.0
8.0 40.0 40.0 83.28863 23.52739 42.4072 21.0
8.0 40.0 8.0 108.21286 85.97862 38.69809 21.0
8.0 41.0 41.0 59.88154 126.07121 122.49678 1.0
8.0 41.0 8.0 108.21286 85.97862 38.69809 1.0
8.0 45.0 45.0 35.03341 116.33703 28.59258 84.0
8.0 45.0 8.0 108.21286 85.97862 38.69809 84.0
8.0 46.0 46.0 114.58978 130.2449 52.78212 1097.0
8.0 46.0 8.0 108.21286 85.97862 38.69809 1097.0
9.0 4.0 4.0 72.1078 108.39179 139.67939 301.0
9.0 4.0 9.0 78.57395 139.94478 102.56413 301.0
9.0 5.0 5.0 36.15563 130.039 82.24871 1380.0
9.0 5.0 9.0 78.57395 139.94478 102.56413 1380.0
9.0 9.0 9.0 78.57395 139.94478 102.56413 4876.0
9.0 9.0 9.0 78.57395 139.94478 102.56413 4876.0
9.0 22.0 22.0 25.11018 80.07145 119.47937 1.0
9.0 22.0 9.0 78.57395 139.94478 102.56413 1.0
9.0 24.0 24.0 107.93096 87.20486 149.14419 26.0
9.0 24.0 9.0 78.57395 139.94478 102.56413 26.0
9.0 30.0 30.0 88.43523 139.93266 62.74395 1203.0
9.0 30.0 9.0 78.57395 139.94478 102.56413 1203.0
9.0 34.0 34.0 127.84251 111.19778 129.61373 590.0
9.0 34.0 9.0 78.57395 139.94478 102.56413 590.0
9.0 35.0 35.0 147.82731 121.1249 95.66489 18.0
9.0 35.0 9.0 78.57395 139.94478 102.56413 18.0
9.0 41.0 41.0 59.88154 126.07121 122.49678 2140.0
9.0 41.0 9.0 78.57395 139.94478 102.56413 2140.0
9.0 43.0 43.0 101.75946 137.7069 99.18644 2023.0
9.0 43.0 9.0 78.57395 139.94478 102.56413 2023.0
9.0 45.0 45.0 35.03341 116.33703 28.59258 3.0
9.0 45.0 9.0 78.57395 139.94478 102.56413 3.0
9.0 46.0 46.0 114.58978 130.2449 52.78212 1.0
9.0 46.0 9.0 78.57395 139.94478 102.56413 1.0
10.0 2.0 2.0 27.39651 25.34069 87.72565 2.0
10.0 2.0 10.0 97.03637 3.9116 61.10565 2.0
10.0 3.0 3.0 83.14374 3.82956 88.02179 1588.0
10.0 3.0 10.0 97.03637 3.9116 61.10565 1588.0
10.0 7.0 7.0 121.65323 13.42721 56.95187 1486.0
10.0 7.0 10.0 97.03637 3.9116 61.10565 1486.0
10.0 8.0 8.0 108.21286 85.97862 38.69809 1.0
10.0 8.0 10.0 97.03637 3.9116 61.10565 1.0
10.0 10.0 10.0 97.03637 3.9116 61.10565 4190.0
10.0 10.0 10.0 97.03637 3.9116 61.10565 4190.0
10.0 11.0 11.0 48.54111 14.0752 56.61108 186.0
10.0 11.0 10.0 97.03637 3.9116 61.10565 186.0
10.0 15.0 15.0 145.10931 26.58232 64.67183 75.0
10.0 15.0 10.0 97.03637 3.9116 61.10565 75.0
10.0 17.0 17.0 122.7939 11.005 94.58552 451.0
10.0 17.0 10.0 97.03637 3.9116 61.10565 451.0
10.0 18.0 18.0 159.24215 24.85116 93.87426 2.0
10.0 18.0 10.0 97.03637 3.9116 61.10565 2.0
10.0 19.0 19.0 66.42006 15.76725 45.4188 589.0
10.0 19.0 10.0 97.03637 3.9116 61.10565 589.0
10.0 20.0 20.0 85.11307 53.74662 22.31731 40.0
10.0 20.0 10.0 97.03637 3.9116 61.10565 40.0
10.0 29.0 29.0 122.72356 20.59218 121.16842 5.0
10.0 29.0 10.0 97.03637 3.9116 61.10565 5.0
10.0 31.0 31.0 121.56142 38.98576 36.05456 401.0
10.0 31.0 10.0 97.03637 3.9116 61.10565 401.0
10.0 37.0 37.0 80.28927 11.08439 113.86627 58.0
10.0 37.0 10.0 97.03637 3.9116 61.10565 58.0
10.0 40.0 40.0 83.28863 23.52739 42.4072 1211.0
10.0 40.0 10.0 97.03637 3.9116 61.10565 1211.0
11.0 1.0 1.0 66.23716 89.24826 7.46524 18.0
11.0 1.0 11.0 48.54111 14.0752 56.61108 18.0
11.0 2.0 2.0 27.39651 25.34069 87.72565 1348.0
11.0 2.0 11.0 48.54111 14.0752 56.61108 1348.0
11.0 3.0 3.0 83.14374 3.82956 88.02179 1119.0
11.0 3.0 11.0 48.54111 14.0752 56.61108 1119.0
11.0 6.0 6.0 5.47593 84.7991 74.376 1.0
11.0 6.0 11.0 48.54111 14.0752 56.61108 1.0
11.0 7.0 7.0 121.65323 13.42721 56.95187 1.0
11.0 7.0 11.0 48.54111 14.0752 56.61108 1.0
11.0 8.0 8.0 108.21286 85.97862 38.69809 1.0
11.0 8.0 11.0 48.54111 14.0752 56.61108 1.0
11.0 10.0 10.0 97.03637 3.9116 61.10565 190.0
11.0 10.0 11.0 48.54111 14.0752 56.61108 190.0
11.0 11.0 11.0 48.54111 14.0752 56.61108 8258.0
11.0 11.0 11.0 48.54111 14.0752 56.61108 8258.0
11.0 13.0 13.0 21.82137 31.1208 56.41289 1518.0
11.0 13.0 11.0 48.54111 14.0752 56.61108 1518.0
11.0 16.0 16.0 37.10404 39.0306 124.6651 17.0
11.0 16.0 11.0 48.54111 14.0752 56.61108 17.0
11.0 19.0 19.0 66.42006 15.76725 45.4188 2067.0
11.0 19.0 11.0 48.54111 14.0752 56.61108 2067.0
11.0 20.0 20.0 85.11307 53.74662 22.31731 254.0
11.0 20.0 11.0 48.54111 14.0752 56.61108 254.0
11.0 21.0 21.0 28.30469 78.10297 19.27945 35.0
11.0 21.0 11.0 48.54111 14.0752 56.61108 35.0
11.0 27.0 27.0 18.73709 45.32171 103.7473 10.0
11.0 27.0 11.0 48.54111 14.0752 56.61108 10.0
11.0 31.0 31.0 121.56142 38.98576 36.05456 1.0
11.0 31.0 11.0 48.54111 14.0752 56.61108 1.0
11.0 36.0 36.0 51.20981 19.51189 119.74168 72.0
11.0 36.0 11.0 48.54111 14.0752 56.61108 72.0
11.0 37.0 37.0 80.28927 11.08439 113.86627 248.0
11.0 37.0 11.0 48.54111 14.0752 56.61108 248.0
11.0 39.0 39.0 21.78297 50.15365 32.82321 859.0
11.0 39.0 11.0 48.54111 14.0752 56.61108 859.0
11.0 40.0 40.0 83.28863 23.52739 42.4072 525.0
11.0 40.0 11.0 48.54111 14.0752 56.61108 525.0
11.0 44.0 44.0 70.22604 22.73269 131.3483 3.0
11.0 44.0 11.0 48.54111 14.0752 56.61108 3.0
12.0 8.0 8.0 108.21286 85.97862 38.69809 1.0
12.0 8.0 12.0 179.80154 86.38076 84.80678 1.0
12.0 12.0 12.0 179.80154 86.38076 84.80678 6035.0
12.0 12.0 12.0 179.80154 86.38076 84.80678 6035.0
12.0 14.0 14.0 128.32012 116.05028 40.29358 4.0
12.0 14.0 12.0 179.80154 86.38076 84.80678 4.0
12.0 15.0 15.0 145.10931 26.58232 64.67183 34.0
12.0 15.0 12.0 179.80154 86.38076 84.80678 34.0
12.0 18.0 18.0 159.24215 24.85116 93.87426 15.0
12.0 18.0 12.0 179.80154 86.38076 84.80678 15.0
12.0 23.0 23.0 173.48127 43.53296 77.02345 581.0
12.0 23.0 12.0 179.80154 86.38076 84.80678 581.0
12.0 25.0 25.0 182.83817 63.97889 100.30997 1167.0
12.0 25.0 12.0 179.80154 86.38076 84.80678 1167.0
12.0 31.0 31.0 121.56142 38.98576 36.05456 10.0
12.0 31.0 12.0 179.80154 86.38076 84.80678 10.0
12.0 32.0 32.0 156.99505 89.11186 57.99329 1807.0
12.0 32.0 12.0 179.80154 86.38076 84.80678 1807.0
12.0 34.0 34.0 127.84251 111.19778 129.61373 94.0
12.0 34.0 12.0 179.80154 86.38076 84.80678 94.0
12.0 35.0 35.0 147.82731 121.1249 95.66489 1267.0
12.0 35.0 12.0 179.80154 86.38076 84.80678 1267.0
12.0 46.0 46.0 114.58978 130.2449 52.78212 6.0
12.0 46.0 12.0 179.80154 86.38076 84.80678 6.0
12.0 47.0 47.0 164.21805 62.78329 126.09845 456.0
12.0 47.0 12.0 179.80154 86.38076 84.80678 456.0
13.0 2.0 2.0 27.39651 25.34069 87.72565 1388.0
13.0 2.0 13.0 21.82137 31.1208 56.41289 1388.0
13.0 3.0 3.0 83.14374 3.82956 88.02179 5.0
13.0 3.0 13.0 21.82137 31.1208 56.41289 5.0
13.0 6.0 6.0 5.47593 84.7991 74.376 417.0
13.0 6.0 13.0 21.82137 31.1208 56.41289 417.0
13.0 11.0 11.0 48.54111 14.0752 56.61108 1556.0
13.0 11.0 13.0 21.82137 31.1208 56.41289 1556.0
13.0 13.0 13.0 21.82137 31.1208 56.41289 3856.0
13.0 13.0 13.0 21.82137 31.1208 56.41289 3856.0
13.0 19.0 19.0 66.42006 15.76725 45.4188 82.0
13.0 19.0 13.0 21.82137 31.1208 56.41289 82.0
13.0 20.0 20.0 85.11307 53.74662 22.31731 9.0
13.0 20.0 13.0 21.82137 31.1208 56.41289 9.0
13.0 21.0 21.0 28.30469 78.10297 19.27945 10.0
13.0 21.0 13.0 21.82137 31.1208 56.41289 10.0
13.0 22.0 22.0 25.11018 80.07145 119.47937 2.0
13.0 22.0 13.0 21.82137 31.1208 56.41289 2.0
13.0 27.0 27.0 18.73709 45.32171 103.7473 100.0
13.0 27.0 13.0 21.82137 31.1208 56.41289 100.0
13.0 36.0 36.0 51.20981 19.51189 119.74168 1.0
13.0 36.0 13.0 21.82137 31.1208 56.41289 1.0
13.0 37.0 37.0 80.28927 11.08439 113.86627 2.0
13.0 37.0 13.0 21.82137 31.1208 56.41289 2.0
13.0 39.0 39.0 21.78297 50.15365 32.82321 1734.0
13.0 39.0 13.0 21.82137 31.1208 56.41289 1734.0
13.0 40.0 40.0 83.28863 23.52739 42.4072 3.0
13.0 40.0 13.0 21.82137 31.1208 56.41289 3.0
14.0 1.0 1.0 66.23716 89.24826 7.46524 56.0
14.0 1.0 14.0 128.32012 116.05028 40.29358 56.0
14.0 8.0 8.0 108.21286 85.97862 38.69809 2698.0
14.0 8.0 14.0 128.32012 116.05028 40.29358 2698.0
14.0 12.0 12.0 179.80154 86.38076 84.80678 13.0
14.0 12.0 14.0 128.32012 116.05028 40.29358 13.0
14.0 14.0 14.0 128.32012 116.05028 40.29358 7308.0
14.0 14.0 14.0 128.32012 116.05028 40.29358 7308.0
14.0 20.0 20.0 85.11307 53.74662 22.31731 10.0
14.0 20.0 14.0 128.32012 116.05028 40.29358 10.0
14.0 30.0 30.0 88.43523 139.93266 62.74395 221.0
14.0 30.0 14.0 128.32012 116.05028 40.29358 221.0
14.0 31.0 31.0 121.56142 38.98576 36.05456 5.0
14.0 31.0 14.0 128.32012 116.05028 40.29358 5.0
14.0 32.0 32.0 156.99505 89.11186 57.99329 1376.0
14.0 32.0 14.0 128.32012 116.05028 40.29358 1376.0
14.0 35.0 35.0 147.82731 121.1249 95.66489 337.0
14.0 35.0 14.0 128.32012 116.05028 40.29358 337.0
14.0 43.0 43.0 101.75946 137.7069 99.18644 2.0
14.0 43.0 14.0 128.32012 116.05028 40.29358 2.0
14.0 46.0 46.0 114.58978 130.2449 52.78212 2938.0
14.0 46.0 14.0 128.32012 116.05028 40.29358 2938.0
15.0 3.0 3.0 83.14374 3.82956 88.02179 20.0
15.0 3.0 15.0 145.10931 26.58232 64.67183 20.0
15.0 7.0 7.0 121.65323 13.42721 56.95187 1564.0
15.0 7.0 15.0 145.10931 26.58232 64.67183 1564.0
15.0 8.0 8.0 108.21286 85.97862 38.69809 86.0
15.0 8.0 15.0 145.10931 26.58232 64.67183 86.0
15.0 10.0 10.0 97.03637 3.9116 61.10565 73.0
15.0 10.0 15.0 145.10931 26.58232 64.67183 73.0
15.0 12.0 12.0 179.80154 86.38076 84.80678 32.0
15.0 12.0 15.0 145.10931 26.58232 64.67183 32.0
15.0 15.0 15.0 145.10931 26.58232 64.67183 5133.0
15.0 15.0 15.0 145.10931 26.58232 64.67183 5133.0
15.0 17.0 17.0 122.7939 11.005 94.58552 928.0
15.0 17.0 15.0 145.10931 26.58232 64.67183 928.0
15.0 18.0 18.0 159.24215 24.85116 93.87426 1015.0
15.0 18.0 15.0 145.10931 26.58232 64.67183 1015.0
15.0 23.0 23.0 173.48127 43.53296 77.02345 764.0
15.0 23.0 15.0 145.10931 26.58232 64.67183 764.0
15.0 25.0 25.0 182.83817 63.97889 100.30997 7.0
15.0 25.0 15.0 145.10931 26.58232 64.67183 7.0
15.0 26.0 26.0 132.132 45.12297 139.10408 7.0
15.0 26.0 15.0 145.10931 26.58232 64.67183 7.0
15.0 29.0 29.0 122.72356 20.59218 121.16842 55.0
15.0 29.0 15.0 145.10931 26.58232 64.67183 55.0
15.0 31.0 31.0 121.56142 38.98576 36.05456 1374.0
15.0 31.0 15.0 145.10931 26.58232 64.67183 1374.0
15.0 32.0 32.0 156.99505 89.11186 57.99329 345.0
15.0 32.0 15.0 145.10931 26.58232 64.67183 345.0
15.0 37.0 37.0 80.28927 11.08439 113.86627 2.0
15.0 37.0 15.0 145.10931 26.58232 64.67183 2.0
15.0 40.0 40.0 83.28863 23.52739 42.4072 3.0
15.0 40.0 15.0 145.10931 26.58232 64.67183 3.0
15.0 47.0 47.0 164.21805 62.78329 126.09845 10.0
15.0 47.0 15.0 145.10931 26.58232 64.67183 10.0
16.0 0.0 0.0 55.11517 48.90822 141.97996 1427.0
16.0 0.0 16.0 37.10404 39.0306 124.6651 1427.0
16.0 2.0 2.0 27.39651 25.34069 87.72565 716.0
16.0 2.0 16.0 37.10404 39.0306 124.6651 716.0
16.0 3.0 3.0 83.14374 3.82956 88.02179 18.0
16.0 3.0 16.0 37.10404 39.0306 124.6651 18.0
16.0 4.0 4.0 72.1078 108.39179 139.67939 4.0
16.0 4.0 16.0 37.10404 39.0306 124.6651 4.0
16.0 6.0 6.0 5.47593 84.7991 74.376 7.0
16.0 6.0 16.0 37.10404 39.0306 124.6651 7.0
16.0 11.0 11.0 48.54111 14.0752 56.61108 19.0
16.0 11.0 16.0 37.10404 39.0306 124.6651 19.0
16.0 13.0 13.0 21.82137 31.1208 56.41289 1.0
16.0 13.0 16.0 37.10404 39.0306 124.6651 1.0
16.0 16.0 16.0 37.10404 39.0306 124.6651 4293.0
16.0 16.0 16.0 37.10404 39.0306 124.6651 4293.0
16.0 22.0 22.0 25.11018 80.07145 119.47937 1245.0
16.0 22.0 16.0 37.10404 39.0306 124.6651 1245.0
16.0 23.0 23.0 173.48127 43.53296 77.02345 1.0
16.0 23.0 16.0 37.10404 39.0306 124.6651 1.0
16.0 26.0 26.0 132.132 45.12297 139.10408 1.0
16.0 26.0 16.0 37.10404 39.0306 124.6651 1.0
16.0 27.0 27.0 18.73709 45.32171 103.7473 1117.0
16.0 27.0 16.0 37.10404 39.0306 124.6651 1117.0
16.0 28.0 28.0 84.39158 38.92809 143.14002 42.0
16.0 28.0 16.0 37.10404 39.0306 124.6651 42.0
16.0 33.0 33.0 97.1679 49.93412 149.23778 5.0
16.0 33.0 16.0 37.10404 39.0306 124.6651 5.0
16.0 36.0 36.0 51.20981 19.51189 119.74168 1039.0
16.0 36.0 16.0 37.10404 39.0306 124.6651 1039.0
16.0 37.0 37.0 80.28927 11.08439 113.86627 170.0
16.0 37.0 16.0 37.10404 39.0306 124.6651 170.0
16.0 38.0 38.0 88.77758 68.40786 152.61829 13.0
16.0 38.0 16.0 37.10404 39.0306 124.6651 13.0
16.0 42.0 42.0 56.58884 85.21523 144.94226 185.0
16.0 42.0 16.0 37.10404 39.0306 124.6651 185.0
16.0 44.0 44.0 70.22604 22.73269 131.3483 237.0
16.0 44.0 16.0 37.10404 39.0306 124.6651 237.0
17.0 3.0 3.0 83.14374 3.82956 88.02179 1197.0
17.0 3.0 17.0 122.7939 11.005 94.58552 1197.0
17.0 7.0 7.0 121.65323 13.42721 56.95187 841.0
17.0 7.0 17.0 122.7939 11.005 94.58552 841.0
17.0 10.0 10.0 97.03637 3.9116 61.10565 482.0
17.0 10.0 17.0 122.7939 11.005 94.58552 482.0
17.0 15.0 15.0 145.10931 26.58232 64.67183 966.0
17.0 15.0 17.0 122.7939 11.005 94.58552 966.0
17.0 17.0 17.0 122.7939 11.005 94.58552 5051.0
17.0 17.0 17.0 122.7939 11.005 94.58552 5051.0
17.0 18.0 18.0 159.24215 24.85116 93.87426 611.0
17.0 18.0 17.0 122.7939 11.005 94.58552 611.0
17.0 19.0 19.0 66.42006 15.76725 45.4188 2.0
17.0 19.0 17.0 122.7939 11.005 94.58552 2.0
17.0 23.0 23.0 173.48127 43.53296 77.02345 9.0
17.0 23.0 17.0 122.7939 11.005 94.58552 9.0
17.0 26.0 26.0 132.132 45.12297 139.10408 81.0
17.0 26.0 17.0 122.7939 11.005 94.58552 81.0
17.0 28.0 28.0 84.39158 38.92809 143.14002 13.0
17.0 28.0 17.0 122.7939 11.005 94.58552 13.0
17.0 29.0 29.0 122.72356 20.59218 121.16842 1540.0
17.0 29.0 17.0 122.7939 11.005 94.58552 1540.0
17.0 31.0 31.0 121.56142 38.98576 36.05456 7.0
17.0 31.0 17.0 122.7939 11.005 94.58552 7.0
17.0 33.0 33.0 97.1679 49.93412 149.23778 1.0
17.0 33.0 17.0 122.7939 11.005 94.58552 1.0
17.0 37.0 37.0 80.28927 11.08439 113.86627 495.0
17.0 37.0 17.0 122.7939 11.005 94.58552 495.0
17.0 40.0 40.0 83.28863 23.52739 42.4072 2.0
17.0 40.0 17.0 122.7939 11.005 94.58552 2.0
17.0 44.0 44.0 70.22604 22.73269 131.3483 3.0
17.0 44.0 17.0 122.7939 11.005 94.58552 3.0
17.0 45.0 45.0 35.03341 116.33703 28.59258 1.0
17.0 45.0 17.0 122.7939 11.005 94.58552 1.0
17.0 47.0 47.0 164.21805 62.78329 126.09845 19.0
17.0 47.0 17.0 122.7939 11.005 94.58552 19.0
18.0 3.0 3.0 83.14374 3.82956 88.02179 1.0
18.0 3.0 18.0 159.24215 24.85116 93.87426 1.0
18.0 7.0 7.0 121.65323 13.42721 56.95187 33.0
18.0 7.0 18.0 159.24215 24.85116 93.87426 33.0
18.0 10.0 10.0 97.03637 3.9116 61.10565 1.0
18.0 10.0 18.0 159.24215 24.85116 93.87426 1.0
18.0 12.0 12.0 179.80154 86.38076 84.80678 10.0
18.0 12.0 18.0 159.24215 24.85116 93.87426 10.0
18.0 15.0 15.0 145.10931 26.58232 64.67183 1103.0
18.0 15.0 18.0 159.24215 24.85116 93.87426 1103.0
18.0 17.0 17.0 122.7939 11.005 94.58552 656.0
18.0 17.0 18.0 159.24215 24.85116 93.87426 656.0
18.0 18.0 18.0 159.24215 24.85116 93.87426 3278.0
18.0 18.0 18.0 159.24215 24.85116 93.87426 3278.0
18.0 23.0 23.0 173.48127 43.53296 77.02345 983.0
18.0 23.0 18.0 159.24215 24.85116 93.87426 983.0
18.0 25.0 25.0 182.83817 63.97889 100.30997 106.0
18.0 25.0 18.0 159.24215 24.85116 93.87426 106.0
18.0 26.0 26.0 132.132 45.12297 139.10408 231.0
18.0 26.0 18.0 159.24215 24.85116 93.87426 231.0
18.0 29.0 29.0 122.72356 20.59218 121.16842 574.0
18.0 29.0 18.0 159.24215 24.85116 93.87426 574.0
18.0 31.0 31.0 121.56142 38.98576 36.05456 9.0
18.0 31.0 18.0 159.24215 24.85116 93.87426 9.0
18.0 32.0 32.0 156.99505 89.11186 57.99329 8.0
18.0 32.0 18.0 159.24215 24.85116 93.87426 8.0
18.0 37.0 37.0 80.28927 11.08439 113.86627 1.0
18.0 37.0 18.0 159.24215 24.85116 93.87426 1.0
18.0 47.0 47.0 164.21805 62.78329 126.09845 659.0
18.0 47.0 18.0 159.24215 24.85116 93.87426 659.0
19.0 1.0 1.0 66.23716 89.24826 7.46524 22.0
19.0 1.0 19.0 66.42006 15.76725 45.4188 22.0
19.0 2.0 2.0 27.39651 25.34069 87.72565 13.0
19.0 2.0 19.0 66.42006 15.76725 45.4188 13.0
19.0 3.0 3.0 83.14374 3.82956 88.02179 433.0
19.0 3.0 19.0 66.42006 15.76725 45.4188 433.0
19.0 7.0 7.0 121.65323 13.42721 56.95187 13.0
19.0 7.0 19.0 66.42006 15.76725 45.4188 13.0
19.0 8.0 8.0 108.21286 85.97862 38.69809 1.0
19.0 8.0 19.0 66.42006 15.76725 45.4188 1.0
19.0 10.0 10.0 97.03637 3.9116 61.10565 563.0
19.0 10.0 19.0 66.42006 15.76725 45.4188 563.0
19.0 11.0 11.0 48.54111 14.0752 56.61108 1908.0
19.0 11.0 19.0 66.42006 15.76725 45.4188 1908.0
19.0 13.0 13.0 21.82137 31.1208 56.41289 63.0
19.0 13.0 19.0 66.42006 15.76725 45.4188 63.0
19.0 17.0 17.0 122.7939 11.005 94.58552 1.0
19.0 17.0 19.0 66.42006 15.76725 45.4188 1.0
19.0 19.0 19.0 66.42006 15.76725 45.4188 2145.0
19.0 19.0 19.0 66.42006 15.76725 45.4188 2145.0
19.0 20.0 20.0 85.11307 53.74662 22.31731 569.0
19.0 20.0 19.0 66.42006 15.76725 45.4188 569.0
19.0 21.0 21.0 28.30469 78.10297 19.27945 16.0
19.0 21.0 19.0 66.42006 15.76725 45.4188 16.0
19.0 31.0 31.0 121.56142 38.98576 36.05456 34.0
19.0 31.0 19.0 66.42006 15.76725 45.4188 34.0
19.0 36.0 36.0 51.20981 19.51189 119.74168 1.0
19.0 36.0 19.0 66.42006 15.76725 45.4188 1.0
19.0 37.0 37.0 80.28927 11.08439 113.86627 21.0
19.0 37.0 19.0 66.42006 15.76725 45.4188 21.0
19.0 39.0 39.0 21.78297 50.15365 32.82321 209.0
19.0 39.0 19.0 66.42006 15.76725 45.4188 209.0
19.0 40.0 40.0 83.28863 23.52739 42.4072 1592.0
19.0 40.0 19.0 66.42006 15.76725 45.4188 1592.0
20.0 1.0 1.0 66.23716 89.24826 7.46524 2024.0
20.0 1.0 20.0 85.11307 53.74662 22.31731 2024.0
20.0 7.0 7.0 121.65323 13.42721 56.95187 11.0
20.0 7.0 20.0 85.11307 53.74662 22.31731 11.0
20.0 8.0 8.0 108.21286 85.97862 38.69809 3157.0
20.0 8.0 20.0 85.11307 53.74662 22.31731 3157.0
20.0 10.0 10.0 97.03637 3.9116 61.10565 27.0
20.0 10.0 20.0 85.11307 53.74662 22.31731 27.0
20.0 11.0 11.0 48.54111 14.0752 56.61108 257.0
20.0 11.0 20.0 85.11307 53.74662 22.31731 257.0
20.0 12.0 12.0 179.80154 86.38076 84.80678 1.0
20.0 12.0 20.0 85.11307 53.74662 22.31731 1.0
20.0 13.0 13.0 21.82137 31.1208 56.41289 10.0
20.0 13.0 20.0 85.11307 53.74662 22.31731 10.0
20.0 14.0 14.0 128.32012 116.05028 40.29358 4.0
20.0 14.0 20.0 85.11307 53.74662 22.31731 4.0
20.0 15.0 15.0 145.10931 26.58232 64.67183 1.0
20.0 15.0 20.0 85.11307 53.74662 22.31731 1.0
20.0 19.0 19.0 66.42006 15.76725 45.4188 527.0
20.0 19.0 20.0 85.11307 53.74662 22.31731 527.0
20.0 20.0 20.0 85.11307 53.74662 22.31731 12347.0
20.0 20.0 20.0 85.11307 53.74662 22.31731 12347.0
20.0 21.0 21.0 28.30469 78.10297 19.27945 238.0
20.0 21.0 20.0 85.11307 53.74662 22.31731 238.0
20.0 31.0 31.0 121.56142 38.98576 36.05456 2043.0
20.0 31.0 20.0 85.11307 53.74662 22.31731 2043.0
20.0 32.0 32.0 156.99505 89.11186 57.99329 6.0
20.0 32.0 20.0 85.11307 53.74662 22.31731 6.0
20.0 39.0 39.0 21.78297 50.15365 32.82321 505.0
20.0 39.0 20.0 85.11307 53.74662 22.31731 505.0
20.0 40.0 40.0 83.28863 23.52739 42.4072 1662.0
20.0 40.0 20.0 85.11307 53.74662 22.31731 1662.0
20.0 45.0 45.0 35.03341 116.33703 28.59258 2.0
20.0 45.0 20.0 85.11307 53.74662 22.31731 2.0
21.0 1.0 1.0 66.23716 89.24826 7.46524 1522.0
21.0 1.0 21.0 28.30469 78.10297 19.27945 1522.0
21.0 5.0 5.0 36.15563 130.039 82.24871 9.0
21.0 5.0 21.0 28.30469 78.10297 19.27945 9.0
21.0 6.0 6.0 5.47593 84.7991 74.376 622.0
21.0 6.0 21.0 28.30469 78.10297 19.27945 622.0
21.0 8.0 8.0 108.21286 85.97862 38.69809 3.0
21.0 8.0 21.0 28.30469 78.10297 19.27945 3.0
21.0 11.0 11.0 48.54111 14.0752 56.61108 42.0
21.0 11.0 21.0 28.30469 78.10297 19.27945 42.0
21.0 12.0 12.0 179.80154 86.38076 84.80678 1.0
21.0 12.0 21.0 28.30469 78.10297 19.27945 1.0
21.0 13.0 13.0 21.82137 31.1208 56.41289 7.0
21.0 13.0 21.0 28.30469 78.10297 19.27945 7.0
21.0 19.0 19.0 66.42006 15.76725 45.4188 14.0
21.0 19.0 21.0 28.30469 78.10297 19.27945 14.0
21.0 20.0 20.0 85.11307 53.74662 22.31731 253.0
21.0 20.0 21.0 28.30469 78.10297 19.27945 253.0
21.0 21.0 21.0 28.30469 78.10297 19.27945 6304.0
21.0 21.0 21.0 28.30469 78.10297 19.27945 6304.0
21.0 39.0 39.0 21.78297 50.15365 32.82321 2221.0
21.0 39.0 21.0 28.30469 78.10297 19.27945 2221.0
21.0 40.0 40.0 83.28863 23.52739 42.4072 4.0
21.0 40.0 21.0 28.30469 78.10297 19.27945 4.0
21.0 45.0 45.0 35.03341 116.33703 28.59258 1875.0
21.0 45.0 21.0 28.30469 78.10297 19.27945 1875.0
22.0 0.0 0.0 55.11517 48.90822 141.97996 608.0
22.0 0.0 22.0 25.11018 80.07145 119.47937 608.0
22.0 2.0 2.0 27.39651 25.34069 87.72565 72.0
22.0 2.0 22.0 25.11018 80.07145 119.47937 72.0
22.0 4.0 4.0 72.1078 108.39179 139.67939 449.0
22.0 4.0 22.0 25.11018 80.07145 119.47937 449.0
22.0 5.0 5.0 36.15563 130.039 82.24871 1195.0
22.0 5.0 22.0 25.11018 80.07145 119.47937 1195.0
22.0 6.0 6.0 5.47593 84.7991 74.376 1917.0
22.0 6.0 22.0 25.11018 80.07145 119.47937 1917.0
22.0 8.0 8.0 108.21286 85.97862 38.69809 1.0
22.0 8.0 22.0 25.11018 80.07145 119.47937 1.0
22.0 13.0 13.0 21.82137 31.1208 56.41289 3.0
22.0 13.0 22.0 25.11018 80.07145 119.47937 3.0
22.0 16.0 16.0 37.10404 39.0306 124.6651 1177.0
22.0 16.0 22.0 25.11018 80.07145 119.47937 1177.0
22.0 22.0 22.0 25.11018 80.07145 119.47937 13783.0
22.0 22.0 22.0 25.11018 80.07145 119.47937 13783.0
22.0 27.0 27.0 18.73709 45.32171 103.7473 1364.0
22.0 27.0 22.0 25.11018 80.07145 119.47937 1364.0
22.0 28.0 28.0 84.39158 38.92809 143.14002 17.0
22.0 28.0 22.0 25.11018 80.07145 119.47937 17.0
22.0 33.0 33.0 97.1679 49.93412 149.23778 2.0
22.0 33.0 22.0 25.11018 80.07145 119.47937 2.0
22.0 36.0 36.0 51.20981 19.51189 119.74168 16.0
22.0 36.0 22.0 25.11018 80.07145 119.47937 16.0
22.0 37.0 37.0 80.28927 11.08439 113.86627 1.0
22.0 37.0 22.0 25.11018 80.07145 119.47937 1.0
22.0 38.0 38.0 88.77758 68.40786 152.61829 30.0
22.0 38.0 22.0 25.11018 80.07145 119.47937 30.0
22.0 41.0 41.0 59.88154 126.07121 122.49678 671.0
22.0 41.0 22.0 25.11018 80.07145 119.47937 671.0
22.0 42.0 42.0 56.58884 85.21523 144.94226 1685.0
22.0 42.0 22.0 25.11018 80.07145 119.47937 1685.0
22.0 43.0 43.0 101.75946 137.7069 99.18644 1.0
22.0 43.0 22.0 25.11018 80.07145 119.47937 1.0
22.0 44.0 44.0 70.22604 22.73269 131.3483 2.0
22.0 44.0 22.0 25.11018 80.07145 119.47937 2.0
23.0 7.0 7.0 121.65323 13.42721 56.95187 12.0
23.0 7.0 23.0 173.48127 43.53296 77.02345 12.0
23.0 8.0 8.0 108.21286 85.97862 38.69809 6.0
23.0 8.0 23.0 173.48127 43.53296 77.02345 6.0
23.0 12.0 12.0 179.80154 86.38076 84.80678 590.0
23.0 12.0 23.0 173.48127 43.53296 77.02345 590.0
23.0 15.0 15.0 145.10931 26.58232 64.67183 804.0
23.0 15.0 23.0 173.48127 43.53296 77.02345 804.0
23.0 17.0 17.0 122.7939 11.005 94.58552 8.0
23.0 17.0 23.0 173.48127 43.53296 77.02345 8.0
23.0 18.0 18.0 159.24215 24.85116 93.87426 1053.0
23.0 18.0 23.0 173.48127 43.53296 77.02345 1053.0
23.0 23.0 23.0 173.48127 43.53296 77.02345 3407.0
23.0 23.0 23.0 173.48127 43.53296 77.02345 3407.0
23.0 25.0 25.0 182.83817 63.97889 100.30997 774.0
23.0 25.0 23.0 173.48127 43.53296 77.02345 774.0
23.0 26.0 26.0 132.132 45.12297 139.10408 10.0
23.0 26.0 23.0 173.48127 43.53296 77.02345 10.0
23.0 29.0 29.0 122.72356 20.59218 121.16842 13.0
23.0 29.0 23.0 173.48127 43.53296 77.02345 13.0
23.0 31.0 31.0 121.56142 38.98576 36.05456 125.0
23.0 31.0 23.0 173.48127 43.53296 77.02345 125.0
23.0 32.0 32.0 156.99505 89.11186 57.99329 519.0
23.0 32.0 23.0 173.48127 43.53296 77.02345 519.0
23.0 37.0 37.0 80.28927 11.08439 113.86627 1.0
23.0 37.0 23.0 173.48127 43.53296 77.02345 1.0
23.0 47.0 47.0 164.21805 62.78329 126.09845 336.0
23.0 47.0 23.0 173.48127 43.53296 77.02345 336.0
24.0 0.0 0.0 55.11517 48.90822 141.97996 9.0
24.0 0.0 24.0 107.93096 87.20486 149.14419 9.0
24.0 4.0 4.0 72.1078 108.39179 139.67939 1562.0
24.0 4.0 24.0 107.93096 87.20486 149.14419 1562.0
24.0 9.0 9.0 78.57395 139.94478 102.56413 14.0
24.0 9.0 24.0 107.93096 87.20486 149.14419 14.0
24.0 24.0 24.0 107.93096 87.20486 149.14419 8986.0
24.0 24.0 24.0 107.93096 87.20486 149.14419 8986.0
24.0 26.0 26.0 132.132 45.12297 139.10408 919.0
24.0 26.0 24.0 107.93096 87.20486 149.14419 919.0
24.0 28.0 28.0 84.39158 38.92809 143.14002 39.0
24.0 28.0 24.0 107.93096 87.20486 149.14419 39.0
24.0 30.0 30.0 88.43523 139.93266 62.74395 1.0
24.0 30.0 24.0 107.93096 87.20486 149.14419 1.0
24.0 33.0 33.0 97.1679 49.93412 149.23778 478.0
24.0 33.0 24.0 107.93096 87.20486 149.14419 478.0
24.0 34.0 34.0 127.84251 111.19778 129.61373 2638.0
24.0 34.0 24.0 107.93096 87.20486 149.14419 2638.0
24.0 35.0 35.0 147.82731 121.1249 95.66489 5.0
24.0 35.0 24.0 107.93096 87.20486 149.14419 5.0
24.0 38.0 38.0 88.77758 68.40786 152.61829 1957.0
24.0 38.0 24.0 107.93096 87.20486 149.14419 1957.0
24.0 41.0 41.0 59.88154 126.07121 122.49678 92.0
24.0 41.0 24.0 107.93096 87.20486 149.14419 92.0
24.0 42.0 42.0 56.58884 85.21523 144.94226 522.0
24.0 42.0 24.0 107.93096 87.20486 149.14419 522.0
24.0 43.0 43.0 101.75946 137.7069 99.18644 12.0
24.0 43.0 24.0 107.93096 87.20486 149.14419 12.0
24.0 44.0 44.0 70.22604 22.73269 131.3483 2.0
24.0 44.0 24.0 107.93096 87.20486 149.14419 2.0
24.0 47.0 47.0 164.21805 62.78329 126.09845 200.0
24.0 47.0 24.0 107.93096 87.20486 149.14419 200.0
25.0 7.0 7.0 121.65323 13.42721 56.95187 1.0
25.0 7.0 25.0 182.83817 63.97889 100.30997 1.0
25.0 12.0 12.0 179.80154 86.38076 84.80678 1237.0
25.0 12.0 25.0 182.83817 63.97889 100.30997 1237.0
25.0 15.0 15.0 145.10931 26.58232 64.67183 7.0
25.0 15.0 25.0 182.83817 63.97889 100.30997 7.0
25.0 18.0 18.0 159.24215 24.85116 93.87426 117.0
25.0 18.0 25.0 182.83817 63.97889 100.30997 117.0
25.0 23.0 23.0 173.48127 43.53296 77.02345 757.0
25.0 23.0 25.0 182.83817 63.97889 100.30997 757.0
25.0 25.0 25.0 182.83817 63.97889 100.30997 2275.0
25.0 25.0 25.0 182.83817 63.97889 100.30997 2275.0
25.0 26.0 26.0 132.132 45.12297 139.10408 4.0
25.0 26.0 25.0 182.83817 63.97889 100.30997 4.0
25.0 29.0 29.0 122.72356 20.59218 121.16842 1.0
25.0 29.0 25.0 182.83817 63.97889 100.30997 1.0
25.0 32.0 32.0 156.99505 89.11186 57.99329 38.0
25.0 32.0 25.0 182.83817 63.97889 100.30997 38.0
25.0 34.0 34.0 127.84251 111.19778 129.61373 26.0
25.0 34.0 25.0 182.83817 63.97889 100.30997 26.0
25.0 35.0 35.0 147.82731 121.1249 95.66489 86.0
25.0 35.0 25.0 182.83817 63.97889 100.30997 86.0
25.0 46.0 46.0 114.58978 130.2449 52.78212 1.0
25.0 46.0 25.0 182.83817 63.97889 100.30997 1.0
25.0 47.0 47.0 164.21805 62.78329 126.09845 1268.0
25.0 47.0 25.0 182.83817 63.97889 100.30997 1268.0
26.0 0.0 0.0 55.11517 48.90822 141.97996 1.0
26.0 0.0 26.0 132.132 45.12297 139.10408 1.0
26.0 3.0 3.0 83.14374 3.82956 88.02179 4.0
26.0 3.0 26.0 132.132 45.12297 139.10408 4.0
26.0 15.0 15.0 145.10931 26.58232 64.67183 1.0
26.0 15.0 26.0 132.132 45.12297 139.10408 1.0
26.0 17.0 17.0 122.7939 11.005 94.58552 101.0
26.0 17.0 26.0 132.132 45.12297 139.10408 101.0
26.0 18.0 18.0 159.24215 24.85116 93.87426 219.0
26.0 18.0 26.0 132.132 45.12297 139.10408 219.0
26.0 23.0 23.0 173.48127 43.53296 77.02345 3.0
26.0 23.0 26.0 132.132 45.12297 139.10408 3.0
26.0 24.0 24.0 107.93096 87.20486 149.14419 1006.0
26.0 24.0 26.0 132.132 45.12297 139.10408 1006.0
26.0 25.0 25.0 182.83817 63.97889 100.30997 4.0
26.0 25.0 26.0 132.132 45.12297 139.10408 4.0
26.0 26.0 26.0 132.132 45.12297 139.10408 8193.0
26.0 26.0 26.0 132.132 45.12297 139.10408 8193.0
26.0 28.0 28.0 84.39158 38.92809 143.14002 468.0
26.0 28.0 26.0 132.132 45.12297 139.10408 468.0
26.0 29.0 29.0 122.72356 20.59218 121.16842 1868.0
26.0 29.0 26.0 132.132 45.12297 139.10408 1868.0
26.0 33.0 33.0 97.1679 49.93412 149.23778 1113.0
26.0 33.0 26.0 132.132 45.12297 139.10408 1113.0
26.0 34.0 34.0 127.84251 111.19778 129.61373 297.0
26.0 34.0 26.0 132.132 45.12297 139.10408 297.0
26.0 35.0 35.0 147.82731 121.1249 95.66489 1.0
26.0 35.0 26.0 132.132 45.12297 139.10408 1.0
26.0 37.0 37.0 80.28927 11.08439 113.86627 107.0
26.0 37.0 26.0 132.132 45.12297 139.10408 107.0
26.0 38.0 38.0 88.77758 68.40786 152.61829 399.0
26.0 38.0 26.0 132.132 45.12297 139.10408 399.0
26.0 44.0 44.0 70.22604 22.73269 131.3483 12.0
26.0 44.0 26.0 132.132 45.12297 139.10408 12.0
26.0 47.0 47.0 164.21805 62.78329 126.09845 1733.0
26.0 47.0 26.0 132.132 45.12297 139.10408 1733.0
27.0 0.0 0.0 55.11517 48.90822 141.97996 44.0
27.0 0.0 27.0 18.73709 45.32171 103.7473 44.0
27.0 2.0 2.0 27.39651 25.34069 87.72565 1583.0
27.0 2.0 27.0 18.73709 45.32171 103.7473 1583.0
27.0 3.0 3.0 83.14374 3.82956 88.02179 1.0
27.0 3.0 27.0 18.73709 45.32171 103.7473 1.0
27.0 6.0 6.0 5.47593 84.7991 74.376 779.0
27.0 6.0 27.0 18.73709 45.32171 103.7473 779.0
27.0 11.0 11.0 48.54111 14.0752 56.61108 20.0
27.0 11.0 27.0 18.73709 45.32171 103.7473 20.0
27.0 13.0 13.0 21.82137 31.1208 56.41289 127.0
27.0 13.0 27.0 18.73709 45.32171 103.7473 127.0
27.0 16.0 16.0 37.10404 39.0306 124.6651 1258.0
27.0 16.0 27.0 18.73709 45.32171 103.7473 1258.0
27.0 22.0 22.0 25.11018 80.07145 119.47937 1317.0
27.0 22.0 27.0 18.73709 45.32171 103.7473 1317.0
27.0 27.0 27.0 18.73709 45.32171 103.7473 3334.0
27.0 27.0 27.0 18.73709 45.32171 103.7473 3334.0
27.0 36.0 36.0 51.20981 19.51189 119.74168 78.0
27.0 36.0 27.0 18.73709 45.32171 103.7473 78.0
27.0 37.0 37.0 80.28927 11.08439 113.86627 8.0
27.0 37.0 27.0 18.73709 45.32171 103.7473 8.0
27.0 39.0 39.0 21.78297 50.15365 32.82321 23.0
27.0 39.0 27.0 18.73709 45.32171 103.7473 23.0
27.0 42.0 42.0 56.58884 85.21523 144.94226 3.0
27.0 42.0 27.0 18.73709 45.32171 103.7473 3.0
27.0 44.0 44.0 70.22604 22.73269 131.3483 5.0
27.0 44.0 27.0 18.73709 45.32171 103.7473 5.0
28.0 0.0 0.0 55.11517 48.90822 141.97996 1129.0
28.0 0.0 28.0 84.39158 38.92809 143.14002 1129.0
28.0 3.0 3.0 83.14374 3.82956 88.02179 6.0
28.0 3.0 28.0 84.39158 38.92809 143.14002 6.0
28.0 4.0 4.0 72.1078 108.39179 139.67939 4.0
28.0 4.0 28.0 84.39158 38.92809 143.14002 4.0
28.0 5.0 5.0 36.15563 130.039 82.24871 1.0
28.0 5.0 28.0 84.39158 38.92809 143.14002 1.0
28.0 16.0 16.0 37.10404 39.0306 124.6651 35.0
28.0 16.0 28.0 84.39158 38.92809 143.14002 35.0
28.0 17.0 17.0 122.7939 11.005 94.58552 12.0
28.0 17.0 28.0 84.39158 38.92809 143.14002 12.0
28.0 22.0 22.0 25.11018 80.07145 119.47937 13.0
28.0 22.0 28.0 84.39158 38.92809 143.14002 13.0
28.0 24.0 24.0 107.93096 87.20486 149.14419 34.0
28.0 24.0 28.0 84.39158 38.92809 143.14002 34.0
28.0 26.0 26.0 132.132 45.12297 139.10408 394.0
28.0 26.0 28.0 84.39158 38.92809 143.14002 394.0
28.0 28.0 28.0 84.39158 38.92809 143.14002 3146.0
28.0 28.0 28.0 84.39158 38.92809 143.14002 3146.0
28.0 29.0 29.0 122.72356 20.59218 121.16842 482.0
28.0 29.0 28.0 84.39158 38.92809 143.14002 482.0
28.0 33.0 33.0 97.1679 49.93412 149.23778 1625.0
28.0 33.0 28.0 84.39158 38.92809 143.14002 1625.0
28.0 36.0 36.0 51.20981 19.51189 119.74168 78.0
28.0 36.0 28.0 84.39158 38.92809 143.14002 78.0
28.0 37.0 37.0 80.28927 11.08439 113.86627 716.0
28.0 37.0 28.0 84.39158 38.92809 143.14002 716.0
28.0 38.0 38.0 88.77758 68.40786 152.61829 599.0
28.0 38.0 28.0 84.39158 38.92809 143.14002 599.0
28.0 42.0 42.0 56.58884 85.21523 144.94226 183.0
28.0 42.0 28.0 84.39158 38.92809 143.14002 183.0
28.0 44.0 44.0 70.22604 22.73269 131.3483 955.0
28.0 44.0 28.0 84.39158 38.92809 143.14002 955.0
29.0 0.0 0.0 55.11517 48.90822 141.97996 3.0
29.0 0.0 29.0 122.72356 20.59218 121.16842 3.0
29.0 3.0 3.0 83.14374 3.82956 88.02179 216.0
29.0 3.0 29.0 122.72356 20.59218 121.16842 216.0
29.0 7.0 7.0 121.65323 13.42721 56.95187 12.0
29.0 7.0 29.0 122.72356 20.59218 121.16842 12.0
29.0 10.0 10.0 97.03637 3.9116 61.10565 5.0
29.0 10.0 29.0 122.72356 20.59218 121.16842 5.0
29.0 15.0 15.0 145.10931 26.58232 64.67183 59.0
29.0 15.0 29.0 122.72356 20.59218 121.16842 59.0
29.0 17.0 17.0 122.7939 11.005 94.58552 1637.0
29.0 17.0 29.0 122.72356 20.59218 121.16842 1637.0
29.0 18.0 18.0 159.24215 24.85116 93.87426 494.0
29.0 18.0 29.0 122.72356 20.59218 121.16842 494.0
29.0 23.0 23.0 173.48127 43.53296 77.02345 10.0
29.0 23.0 29.0 122.72356 20.59218 121.16842 10.0
29.0 24.0 24.0 107.93096 87.20486 149.14419 1.0
29.0 24.0 29.0 122.72356 20.59218 121.16842 1.0
29.0 25.0 25.0 182.83817 63.97889 100.30997 2.0
29.0 25.0 29.0 122.72356 20.59218 121.16842 2.0
29.0 26.0 26.0 132.132 45.12297 139.10408 1854.0
29.0 26.0 29.0 122.72356 20.59218 121.16842 1854.0
29.0 28.0 28.0 84.39158 38.92809 143.14002 490.0
29.0 28.0 29.0 122.72356 20.59218 121.16842 490.0
29.0 29.0 29.0 122.72356 20.59218 121.16842 4833.0
29.0 29.0 29.0 122.72356 20.59218 121.16842 4833.0
29.0 33.0 33.0 97.1679 49.93412 149.23778 180.0
29.0 33.0 29.0 122.72356 20.59218 121.16842 180.0
29.0 37.0 37.0 80.28927 11.08439 113.86627 1208.0
29.0 37.0 29.0 122.72356 20.59218 121.16842 1208.0
29.0 38.0 38.0 88.77758 68.40786 152.61829 5.0
29.0 38.0 29.0 122.72356 20.59218 121.16842 5.0
29.0 44.0 44.0 70.22604 22.73269 131.3483 87.0
29.0 44.0 29.0 122.72356 20.59218 121.16842 87.0
29.0 46.0 46.0 114.58978 130.2449 52.78212 1.0
29.0 46.0 29.0 122.72356 20.59218 121.16842 1.0
29.0 47.0 47.0 164.21805 62.78329 126.09845 229.0
29.0 47.0 29.0 122.72356 20.59218 121.16842 229.0
30.0 1.0 1.0 66.23716 89.24826 7.46524 318.0
30.0 1.0 30.0 88.43523 139.93266 62.74395 318.0
30.0 2.0 2.0 27.39651 25.34069 87.72565 1.0
30.0 2.0 30.0 88.43523 139.93266 62.74395 1.0
30.0 5.0 5.0 36.15563 130.039 82.24871 1657.0
30.0 5.0 30.0 88.43523 139.93266 62.74395 1657.0
30.0 8.0 8.0 108.21286 85.97862 38.69809 587.0
30.0 8.0 30.0 88.43523 139.93266 62.74395 587.0
30.0 9.0 9.0 78.57395 139.94478 102.56413 1151.0
30.0 9.0 30.0 88.43523 139.93266 62.74395 1151.0
30.0 14.0 14.0 128.32012 116.05028 40.29358 238.0
30.0 14.0 30.0 88.43523 139.93266 62.74395 238.0
30.0 23.0 23.0 173.48127 43.53296 77.02345 1.0
30.0 23.0 30.0 88.43523 139.93266 62.74395 1.0
30.0 30.0 30.0 88.43523 139.93266 62.74395 14940.0
30.0 30.0 30.0 88.43523 139.93266 62.74395 14940.0
30.0 32.0 32.0 156.99505 89.11186 57.99329 2.0
30.0 32.0 30.0 88.43523 139.93266 62.74395 2.0
30.0 34.0 34.0 127.84251 111.19778 129.61373 77.0
30.0 34.0 30.0 88.43523 139.93266 62.74395 77.0
30.0 35.0 35.0 147.82731 121.1249 95.66489 729.0
30.0 35.0 30.0 88.43523 139.93266 62.74395 729.0
30.0 41.0 41.0 59.88154 126.07121 122.49678 21.0
30.0 41.0 30.0 88.43523 139.93266 62.74395 21.0
30.0 43.0 43.0 101.75946 137.7069 99.18644 2220.0
30.0 43.0 30.0 88.43523 139.93266 62.74395 2220.0
30.0 45.0 45.0 35.03341 116.33703 28.59258 737.0
30.0 45.0 30.0 88.43523 139.93266 62.74395 737.0
30.0 46.0 46.0 114.58978 130.2449 52.78212 3432.0
30.0 46.0 30.0 88.43523 139.93266 62.74395 3432.0
31.0 1.0 1.0 66.23716 89.24826 7.46524 1.0
31.0 1.0 31.0 121.56142 38.98576 36.05456 1.0
31.0 3.0 3.0 83.14374 3.82956 88.02179 1.0
31.0 3.0 31.0 121.56142 38.98576 36.05456 1.0
31.0 7.0 7.0 121.65323 13.42721 56.95187 1629.0
31.0 7.0 31.0 121.56142 38.98576 36.05456 1629.0
31.0 8.0 8.0 108.21286 85.97862 38.69809 1995.0
31.0 8.0 31.0 121.56142 38.98576 36.05456 1995.0
31.0 10.0 10.0 97.03637 3.9116 61.10565 402.0
31.0 10.0 31.0 121.56142 38.98576 36.05456 402.0
31.0 11.0 11.0 48.54111 14.0752 56.61108 2.0
31.0 11.0 31.0 121.56142 38.98576 36.05456 2.0
31.0 12.0 12.0 179.80154 86.38076 84.80678 7.0
31.0 12.0 31.0 121.56142 38.98576 36.05456 7.0
31.0 14.0 14.0 128.32012 116.05028 40.29358 3.0
31.0 14.0 31.0 121.56142 38.98576 36.05456 3.0
31.0 15.0 15.0 145.10931 26.58232 64.67183 1366.0
31.0 15.0 31.0 121.56142 38.98576 36.05456 1366.0
31.0 17.0 17.0 122.7939 11.005 94.58552 4.0
31.0 17.0 31.0 121.56142 38.98576 36.05456 4.0
31.0 18.0 18.0 159.24215 24.85116 93.87426 9.0
31.0 18.0 31.0 121.56142 38.98576 36.05456 9.0
31.0 19.0 19.0 66.42006 15.76725 45.4188 24.0
31.0 19.0 31.0 121.56142 38.98576 36.05456 24.0
31.0 20.0 20.0 85.11307 53.74662 22.31731 2136.0
31.0 20.0 31.0 121.56142 38.98576 36.05456 2136.0
31.0 23.0 23.0 173.48127 43.53296 77.02345 116.0
31.0 23.0 31.0 121.56142 38.98576 36.05456 116.0
31.0 31.0 31.0 121.56142 38.98576 36.05456 11943.0
31.0 31.0 31.0 121.56142 38.98576 36.05456 11943.0
31.0 32.0 32.0 156.99505 89.11186 57.99329 556.0
31.0 32.0 31.0 121.56142 38.98576 36.05456 556.0
31.0 40.0 40.0 83.28863 23.52739 42.4072 1052.0
31.0 40.0 31.0 121.56142 38.98576 36.05456 1052.0
31.0 45.0 45.0 35.03341 116.33703 28.59258 1.0
31.0 45.0 31.0 121.56142 38.98576 36.05456 1.0
32.0 7.0 7.0 121.65323 13.42721 56.95187 7.0
32.0 7.0 32.0 156.99505 89.11186 57.99329 7.0
32.0 8.0 8.0 108.21286 85.97862 38.69809 1645.0
32.0 8.0 32.0 156.99505 89.11186 57.99329 1645.0
32.0 12.0 12.0 179.80154 86.38076 84.80678 1727.0
32.0 12.0 32.0 156.99505 89.11186 57.99329 1727.0
32.0 14.0 14.0 128.32012 116.05028 40.29358 1501.0
32.0 14.0 32.0 156.99505 89.11186 57.99329 1501.0
32.0 15.0 15.0 145.10931 26.58232 64.67183 385.0
32.0 15.0 32.0 156.99505 89.11186 57.99329 385.0
32.0 18.0 18.0 159.24215 24.85116 93.87426 7.0
32.0 18.0 32.0 156.99505 89.11186 57.99329 7.0
32.0 20.0 20.0 85.11307 53.74662 22.31731 8.0
32.0 20.0 32.0 156.99505 89.11186 57.99329 8.0
32.0 23.0 23.0 173.48127 43.53296 77.02345 475.0
32.0 23.0 32.0 156.99505 89.11186 57.99329 475.0
32.0 25.0 25.0 182.83817 63.97889 100.30997 48.0
32.0 25.0 32.0 156.99505 89.11186 57.99329 48.0
32.0 30.0 30.0 88.43523 139.93266 62.74395 4.0
32.0 30.0 32.0 156.99505 89.11186 57.99329 4.0
32.0 31.0 31.0 121.56142 38.98576 36.05456 589.0
32.0 31.0 32.0 156.99505 89.11186 57.99329 589.0
32.0 32.0 32.0 156.99505 89.11186 57.99329 9438.0
32.0 32.0 32.0 156.99505 89.11186 57.99329 9438.0
32.0 35.0 35.0 147.82731 121.1249 95.66489 931.0
32.0 35.0 32.0 156.99505 89.11186 57.99329 931.0
32.0 46.0 46.0 114.58978 130.2449 52.78212 321.0
32.0 46.0 32.0 156.99505 89.11186 57.99329 321.0
32.0 47.0 47.0 164.21805 62.78329 126.09845 1.0
32.0 47.0 32.0 156.99505 89.11186 57.99329 1.0
33.0 0.0 0.0 55.11517 48.90822 141.97996 235.0
33.0 0.0 33.0 97.1679 49.93412 149.23778 235.0
33.0 4.0 4.0 72.1078 108.39179 139.67939 7.0
33.0 4.0 33.0 97.1679 49.93412 149.23778 7.0
33.0 16.0 16.0 37.10404 39.0306 124.6651 4.0
33.0 16.0 33.0 97.1679 49.93412 149.23778 4.0
33.0 17.0 17.0 122.7939 11.005 94.58552 2.0
33.0 17.0 33.0 97.1679 49.93412 149.23778 2.0
33.0 18.0 18.0 159.24215 24.85116 93.87426 1.0
33.0 18.0 33.0 97.1679 49.93412 149.23778 1.0
33.0 22.0 22.0 25.11018 80.07145 119.47937 2.0
33.0 22.0 33.0 97.1679 49.93412 149.23778 2.0
33.0 24.0 24.0 107.93096 87.20486 149.14419 511.0
33.0 24.0 33.0 97.1679 49.93412 149.23778 511.0
33.0 26.0 26.0 132.132 45.12297 139.10408 1065.0
33.0 26.0 33.0 97.1679 49.93412 149.23778 1065.0
33.0 28.0 28.0 84.39158 38.92809 143.14002 1626.0
33.0 28.0 33.0 97.1679 49.93412 149.23778 1626.0
33.0 29.0 29.0 122.72356 20.59218 121.16842 187.0
33.0 29.0 33.0 97.1679 49.93412 149.23778 187.0
33.0 33.0 33.0 97.1679 49.93412 149.23778 2712.0
33.0 33.0 33.0 97.1679 49.93412 149.23778 2712.0
33.0 34.0 34.0 127.84251 111.19778 129.61373 2.0
33.0 34.0 33.0 97.1679 49.93412 149.23778 2.0
33.0 36.0 36.0 51.20981 19.51189 119.74168 2.0
33.0 36.0 33.0 97.1679 49.93412 149.23778 2.0
33.0 37.0 37.0 80.28927 11.08439 113.86627 99.0
33.0 37.0 33.0 97.1679 49.93412 149.23778 99.0
33.0 38.0 38.0 88.77758 68.40786 152.61829 1568.0
33.0 38.0 33.0 97.1679 49.93412 149.23778 1568.0
33.0 42.0 42.0 56.58884 85.21523 144.94226 138.0
33.0 42.0 33.0 97.1679 49.93412 149.23778 138.0
33.0 44.0 44.0 70.22604 22.73269 131.3483 112.0
33.0 44.0 33.0 97.1679 49.93412 149.23778 112.0
33.0 47.0 47.0 164.21805 62.78329 126.09845 3.0
33.0 47.0 33.0 97.1679 49.93412 149.23778 3.0
34.0 4.0 4.0 72.1078 108.39179 139.67939 913.0
34.0 4.0 34.0 127.84251 111.19778 129.61373 913.0
34.0 5.0 5.0 36.15563 130.039 82.24871 1.0
34.0 5.0 34.0 127.84251 111.19778 129.61373 1.0
34.0 9.0 9.0 78.57395 139.94478 102.56413 608.0
34.0 9.0 34.0 127.84251 111.19778 129.61373 608.0
34.0 12.0 12.0 179.80154 86.38076 84.80678 91.0
34.0 12.0 34.0 127.84251 111.19778 129.61373 91.0
34.0 14.0 14.0 128.32012 116.05028 40.29358 2.0
34.0 14.0 34.0 127.84251 111.19778 129.61373 2.0
34.0 24.0 24.0 107.93096 87.20486 149.14419 2664.0
34.0 24.0 34.0 127.84251 111.19778 129.61373 2664.0
34.0 25.0 25.0 182.83817 63.97889 100.30997 24.0
34.0 25.0 34.0 127.84251 111.19778 129.61373 24.0
34.0 26.0 26.0 132.132 45.12297 139.10408 314.0
34.0 26.0 34.0 127.84251 111.19778 129.61373 314.0
34.0 30.0 30.0 88.43523 139.93266 62.74395 99.0
34.0 30.0 34.0 127.84251 111.19778 129.61373 99.0
34.0 32.0 32.0 156.99505 89.11186 57.99329 5.0
34.0 32.0 34.0 127.84251 111.19778 129.61373 5.0
34.0 33.0 33.0 97.1679 49.93412 149.23778 9.0
34.0 33.0 34.0 127.84251 111.19778 129.61373 9.0
34.0 34.0 34.0 127.84251 111.19778 129.61373 17382.0
34.0 34.0 34.0 127.84251 111.19778 129.61373 17382.0
34.0 35.0 35.0 147.82731 121.1249 95.66489 2599.0
34.0 35.0 34.0 127.84251 111.19778 129.61373 2599.0
34.0 38.0 38.0 88.77758 68.40786 152.61829 34.0
34.0 38.0 34.0 127.84251 111.19778 129.61373 34.0
34.0 41.0 41.0 59.88154 126.07121 122.49678 427.0
34.0 41.0 34.0 127.84251 111.19778 129.61373 427.0
34.0 42.0 42.0 56.58884 85.21523 144.94226 6.0
34.0 42.0 34.0 127.84251 111.19778 129.61373 6.0
34.0 43.0 43.0 101.75946 137.7069 99.18644 1457.0
34.0 43.0 34.0 127.84251 111.19778 129.61373 1457.0
34.0 46.0 46.0 114.58978 130.2449 52.78212 7.0
34.0 46.0 34.0 127.84251 111.19778 129.61373 7.0
34.0 47.0 47.0 164.21805 62.78329 126.09845 1147.0
34.0 47.0 34.0 127.84251 111.19778 129.61373 1147.0
35.0 8.0 8.0 108.21286 85.97862 38.69809 4.0
35.0 8.0 35.0 147.82731 121.1249 95.66489 4.0
35.0 9.0 9.0 78.57395 139.94478 102.56413 25.0
35.0 9.0 35.0 147.82731 121.1249 95.66489 25.0
35.0 12.0 12.0 179.80154 86.38076 84.80678 1192.0
35.0 12.0 35.0 147.82731 121.1249 95.66489 1192.0
35.0 14.0 14.0 128.32012 116.05028 40.29358 324.0
35.0 14.0 35.0 147.82731 121.1249 95.66489 324.0
35.0 24.0 24.0 107.93096 87.20486 149.14419 3.0
35.0 24.0 35.0 147.82731 121.1249 95.66489 3.0
35.0 25.0 25.0 182.83817 63.97889 100.30997 84.0
35.0 25.0 35.0 147.82731 121.1249 95.66489 84.0
35.0 26.0 26.0 132.132 45.12297 139.10408 1.0
35.0 26.0 35.0 147.82731 121.1249 95.66489 1.0
35.0 28.0 28.0 84.39158 38.92809 143.14002 1.0
35.0 28.0 35.0 147.82731 121.1249 95.66489 1.0
35.0 30.0 30.0 88.43523 139.93266 62.74395 734.0
35.0 30.0 35.0 147.82731 121.1249 95.66489 734.0
35.0 32.0 32.0 156.99505 89.11186 57.99329 920.0
35.0 32.0 35.0 147.82731 121.1249 95.66489 920.0
35.0 34.0 34.0 127.84251 111.19778 129.61373 2682.0
35.0 34.0 35.0 147.82731 121.1249 95.66489 2682.0
35.0 35.0 35.0 147.82731 121.1249 95.66489 11671.0
35.0 35.0 35.0 147.82731 121.1249 95.66489 11671.0
35.0 41.0 41.0 59.88154 126.07121 122.49678 1.0
35.0 41.0 35.0 147.82731 121.1249 95.66489 1.0
35.0 43.0 43.0 101.75946 137.7069 99.18644 943.0
35.0 43.0 35.0 147.82731 121.1249 95.66489 943.0
35.0 46.0 46.0 114.58978 130.2449 52.78212 1183.0
35.0 46.0 35.0 147.82731 121.1249 95.66489 1183.0
35.0 47.0 47.0 164.21805 62.78329 126.09845 333.0
35.0 47.0 35.0 147.82731 121.1249 95.66489 333.0
36.0 0.0 0.0 55.11517 48.90822 141.97996 491.0
36.0 0.0 36.0 51.20981 19.51189 119.74168 491.0
36.0 2.0 2.0 27.39651 25.34069 87.72565 482.0
36.0 2.0 36.0 51.20981 19.51189 119.74168 482.0
36.0 3.0 3.0 83.14374 3.82956 88.02179 155.0
36.0 3.0 36.0 51.20981 19.51189 119.74168 155.0
36.0 8.0 8.0 108.21286 85.97862 38.69809 1.0
36.0 8.0 36.0 51.20981 19.51189 119.74168 1.0
36.0 11.0 11.0 48.54111 14.0752 56.61108 72.0
36.0 11.0 36.0 51.20981 19.51189 119.74168 72.0
36.0 13.0 13.0 21.82137 31.1208 56.41289 3.0
36.0 13.0 36.0 51.20981 19.51189 119.74168 3.0
36.0 16.0 16.0 37.10404 39.0306 124.6651 1035.0
36.0 16.0 36.0 51.20981 19.51189 119.74168 1035.0
36.0 22.0 22.0 25.11018 80.07145 119.47937 9.0
36.0 22.0 36.0 51.20981 19.51189 119.74168 9.0
36.0 27.0 27.0 18.73709 45.32171 103.7473 104.0
36.0 27.0 36.0 51.20981 19.51189 119.74168 104.0
36.0 28.0 28.0 84.39158 38.92809 143.14002 83.0
36.0 28.0 36.0 51.20981 19.51189 119.74168 83.0
36.0 29.0 29.0 122.72356 20.59218 121.16842 1.0
36.0 29.0 36.0 51.20981 19.51189 119.74168 1.0
36.0 33.0 33.0 97.1679 49.93412 149.23778 3.0
36.0 33.0 36.0 51.20981 19.51189 119.74168 3.0
36.0 36.0 36.0 51.20981 19.51189 119.74168 1500.0
36.0 36.0 36.0 51.20981 19.51189 119.74168 1500.0
36.0 37.0 37.0 80.28927 11.08439 113.86627 896.0
36.0 37.0 36.0 51.20981 19.51189 119.74168 896.0
36.0 42.0 42.0 56.58884 85.21523 144.94226 2.0
36.0 42.0 36.0 51.20981 19.51189 119.74168 2.0
36.0 44.0 44.0 70.22604 22.73269 131.3483 792.0
36.0 44.0 36.0 51.20981 19.51189 119.74168 792.0
37.0 0.0 0.0 55.11517 48.90822 141.97996 87.0
37.0 0.0 37.0 80.28927 11.08439 113.86627 87.0
37.0 2.0 2.0 27.39651 25.34069 87.72565 399.0
37.0 2.0 37.0 80.28927 11.08439 113.86627 399.0
37.0 3.0 3.0 83.14374 3.82956 88.02179 2607.0
37.0 3.0 37.0 80.28927 11.08439 113.86627 2607.0
37.0 7.0 7.0 121.65323 13.42721 56.95187 3.0
37.0 7.0 37.0 80.28927 11.08439 113.86627 3.0
37.0 10.0 10.0 97.03637 3.9116 61.10565 46.0
37.0 10.0 37.0 80.28927 11.08439 113.86627 46.0
37.0 11.0 11.0 48.54111 14.0752 56.61108 252.0
37.0 11.0 37.0 80.28927 11.08439 113.86627 252.0
37.0 13.0 13.0 21.82137 31.1208 56.41289 1.0
37.0 13.0 37.0 80.28927 11.08439 113.86627 1.0
37.0 16.0 16.0 37.10404 39.0306 124.6651 178.0
37.0 16.0 37.0 80.28927 11.08439 113.86627 178.0
37.0 17.0 17.0 122.7939 11.005 94.58552 531.0
37.0 17.0 37.0 80.28927 11.08439 113.86627 531.0
37.0 18.0 18.0 159.24215 24.85116 93.87426 2.0
37.0 18.0 37.0 80.28927 11.08439 113.86627 2.0
37.0 19.0 19.0 66.42006 15.76725 45.4188 18.0
37.0 19.0 37.0 80.28927 11.08439 113.86627 18.0
37.0 26.0 26.0 132.132 45.12297 139.10408 109.0
37.0 26.0 37.0 80.28927 11.08439 113.86627 109.0
37.0 27.0 27.0 18.73709 45.32171 103.7473 14.0
37.0 27.0 37.0 80.28927 11.08439 113.86627 14.0
37.0 28.0 28.0 84.39158 38.92809 143.14002 737.0
37.0 28.0 37.0 80.28927 11.08439 113.86627 737.0
37.0 29.0 29.0 122.72356 20.59218 121.16842 1115.0
37.0 29.0 37.0 80.28927 11.08439 113.86627 1115.0
37.0 33.0 33.0 97.1679 49.93412 149.23778 102.0
37.0 33.0 37.0 80.28927 11.08439 113.86627 102.0
37.0 36.0 36.0 51.20981 19.51189 119.74168 907.0
37.0 36.0 37.0 80.28927 11.08439 113.86627 907.0
37.0 37.0 37.0 80.28927 11.08439 113.86627 8061.0
37.0 37.0 37.0 80.28927 11.08439 113.86627 8061.0
37.0 38.0 38.0 88.77758 68.40786 152.61829 1.0
37.0 38.0 37.0 80.28927 11.08439 113.86627 1.0
37.0 40.0 40.0 83.28863 23.52739 42.4072 1.0
37.0 40.0 37.0 80.28927 11.08439 113.86627 1.0
37.0 42.0 42.0 56.58884 85.21523 144.94226 1.0
37.0 42.0 37.0 80.28927 11.08439 113.86627 1.0
37.0 44.0 44.0 70.22604 22.73269 131.3483 1463.0
37.0 44.0 37.0 80.28927 11.08439 113.86627 1463.0
38.0 0.0 0.0 55.11517 48.90822 141.97996 410.0
38.0 0.0 38.0 88.77758 68.40786 152.61829 410.0
38.0 2.0 2.0 27.39651 25.34069 87.72565 1.0
38.0 2.0 38.0 88.77758 68.40786 152.61829 1.0
38.0 4.0 4.0 72.1078 108.39179 139.67939 234.0
38.0 4.0 38.0 88.77758 68.40786 152.61829 234.0
38.0 16.0 16.0 37.10404 39.0306 124.6651 11.0
38.0 16.0 38.0 88.77758 68.40786 152.61829 11.0
38.0 22.0 22.0 25.11018 80.07145 119.47937 24.0
38.0 22.0 38.0 88.77758 68.40786 152.61829 24.0
38.0 24.0 24.0 107.93096 87.20486 149.14419 1968.0
38.0 24.0 38.0 88.77758 68.40786 152.61829 1968.0
38.0 26.0 26.0 132.132 45.12297 139.10408 390.0
38.0 26.0 38.0 88.77758 68.40786 152.61829 390.0
38.0 28.0 28.0 84.39158 38.92809 143.14002 599.0
38.0 28.0 38.0 88.77758 68.40786 152.61829 599.0
38.0 29.0 29.0 122.72356 20.59218 121.16842 6.0
38.0 29.0 38.0 88.77758 68.40786 152.61829 6.0
38.0 33.0 33.0 97.1679 49.93412 149.23778 1528.0
38.0 33.0 38.0 88.77758 68.40786 152.61829 1528.0
38.0 34.0 34.0 127.84251 111.19778 129.61373 33.0
38.0 34.0 38.0 88.77758 68.40786 152.61829 33.0
38.0 36.0 36.0 51.20981 19.51189 119.74168 3.0
38.0 36.0 38.0 88.77758 68.40786 152.61829 3.0
38.0 37.0 37.0 80.28927 11.08439 113.86627 1.0
38.0 37.0 38.0 88.77758 68.40786 152.61829 1.0
38.0 38.0 38.0 88.77758 68.40786 152.61829 3220.0
38.0 38.0 38.0 88.77758 68.40786 152.61829 3220.0
38.0 41.0 41.0 59.88154 126.07121 122.49678 1.0
38.0 41.0 38.0 88.77758 68.40786 152.61829 1.0
38.0 42.0 42.0 56.58884 85.21523 144.94226 1122.0
38.0 42.0 38.0 88.77758 68.40786 152.61829 1122.0
38.0 44.0 44.0 70.22604 22.73269 131.3483 9.0
38.0 44.0 38.0 88.77758 68.40786 152.61829 9.0
38.0 47.0 47.0 164.21805 62.78329 126.09845 3.0
38.0 47.0 38.0 88.77758 68.40786 152.61829 3.0
39.0 1.0 1.0 66.23716 89.24826 7.46524 277.0
39.0 1.0 39.0 21.78297 50.15365 32.82321 277.0
39.0 2.0 2.0 27.39651 25.34069 87.72565 156.0
39.0 2.0 39.0 21.78297 50.15365 32.82321 156.0
39.0 5.0 5.0 36.15563 130.039 82.24871 2.0
39.0 5.0 39.0 21.78297 50.15365 32.82321 2.0
39.0 6.0 6.0 5.47593 84.7991 74.376 1377.0
39.0 6.0 39.0 21.78297 50.15365 32.82321 1377.0
39.0 8.0 8.0 108.21286 85.97862 38.69809 1.0
39.0 8.0 39.0 21.78297 50.15365 32.82321 1.0
39.0 11.0 11.0 48.54111 14.0752 56.61108 887.0
39.0 11.0 39.0 21.78297 50.15365 32.82321 887.0
39.0 13.0 13.0 21.82137 31.1208 56.41289 1810.0
39.0 13.0 39.0 21.78297 50.15365 32.82321 1810.0
39.0 19.0 19.0 66.42006 15.76725 45.4188 242.0
39.0 19.0 39.0 21.78297 50.15365 32.82321 242.0
39.0 20.0 20.0 85.11307 53.74662 22.31731 479.0
39.0 20.0 39.0 21.78297 50.15365 32.82321 479.0
39.0 21.0 21.0 28.30469 78.10297 19.27945 2149.0
39.0 21.0 39.0 21.78297 50.15365 32.82321 2149.0
39.0 27.0 27.0 18.73709 45.32171 103.7473 14.0
39.0 27.0 39.0 21.78297 50.15365 32.82321 14.0
39.0 39.0 39.0 21.78297 50.15365 32.82321 9824.0
39.0 39.0 39.0 21.78297 50.15365 32.82321 9824.0
39.0 40.0 40.0 83.28863 23.52739 42.4072 30.0
39.0 40.0 39.0 21.78297 50.15365 32.82321 30.0
39.0 45.0 45.0 35.03341 116.33703 28.59258 72.0
39.0 45.0 39.0 21.78297 50.15365 32.82321 72.0
40.0 1.0 1.0 66.23716 89.24826 7.46524 10.0
40.0 1.0 40.0 83.28863 23.52739 42.4072 10.0
40.0 3.0 3.0 83.14374 3.82956 88.02179 129.0
40.0 3.0 40.0 83.28863 23.52739 42.4072 129.0
40.0 7.0 7.0 121.65323 13.42721 56.95187 257.0
40.0 7.0 40.0 83.28863 23.52739 42.4072 257.0
40.0 8.0 8.0 108.21286 85.97862 38.69809 20.0
40.0 8.0 40.0 83.28863 23.52739 42.4072 20.0
40.0 10.0 10.0 97.03637 3.9116 61.10565 1202.0
40.0 10.0 40.0 83.28863 23.52739 42.4072 1202.0
40.0 11.0 11.0 48.54111 14.0752 56.61108 483.0
40.0 11.0 40.0 83.28863 23.52739 42.4072 483.0
40.0 13.0 13.0 21.82137 31.1208 56.41289 5.0
40.0 13.0 40.0 83.28863 23.52739 42.4072 5.0
40.0 15.0 15.0 145.10931 26.58232 64.67183 5.0
40.0 15.0 40.0 83.28863 23.52739 42.4072 5.0
40.0 17.0 17.0 122.7939 11.005 94.58552 3.0
40.0 17.0 40.0 83.28863 23.52739 42.4072 3.0
40.0 19.0 19.0 66.42006 15.76725 45.4188 1487.0
40.0 19.0 40.0 83.28863 23.52739 42.4072 1487.0
40.0 20.0 20.0 85.11307 53.74662 22.31731 1720.0
40.0 20.0 40.0 83.28863 23.52739 42.4072 1720.0
40.0 21.0 21.0 28.30469 78.10297 19.27945 7.0
40.0 21.0 40.0 83.28863 23.52739 42.4072 7.0
40.0 31.0 31.0 121.56142 38.98576 36.05456 1080.0
40.0 31.0 40.0 83.28863 23.52739 42.4072 1080.0
40.0 37.0 37.0 80.28927 11.08439 113.86627 3.0
40.0 37.0 40.0 83.28863 23.52739 42.4072 3.0
40.0 39.0 39.0 21.78297 50.15365 32.82321 34.0
40.0 39.0 40.0 83.28863 23.52739 42.4072 34.0
40.0 40.0 40.0 83.28863 23.52739 42.4072 4529.0
40.0 40.0 40.0 83.28863 23.52739 42.4072 4529.0
41.0 0.0 0.0 55.11517 48.90822 141.97996 1.0
41.0 0.0 41.0 59.88154 126.07121 122.49678 1.0
41.0 4.0 4.0 72.1078 108.39179 139.67939 2740.0
41.0 4.0 41.0 59.88154 126.07121 122.49678 2740.0
41.0 5.0 5.0 36.15563 130.039 82.24871 2209.0
41.0 5.0 41.0 59.88154 126.07121 122.49678 2209.0
41.0 6.0 6.0 5.47593 84.7991 74.376 13.0
41.0 6.0 41.0 59.88154 126.07121 122.49678 13.0
41.0 9.0 9.0 78.57395 139.94478 102.56413 2126.0
41.0 9.0 41.0 59.88154 126.07121 122.49678 2126.0
41.0 13.0 13.0 21.82137 31.1208 56.41289 1.0
41.0 13.0 41.0 59.88154 126.07121 122.49678 1.0
41.0 16.0 16.0 37.10404 39.0306 124.6651 1.0
41.0 16.0 41.0 59.88154 126.07121 122.49678 1.0
41.0 22.0 22.0 25.11018 80.07145 119.47937 659.0
41.0 22.0 41.0 59.88154 126.07121 122.49678 659.0
41.0 24.0 24.0 107.93096 87.20486 149.14419 84.0
41.0 24.0 41.0 59.88154 126.07121 122.49678 84.0
41.0 28.0 28.0 84.39158 38.92809 143.14002 1.0
41.0 28.0 41.0 59.88154 126.07121 122.49678 1.0
41.0 30.0 30.0 88.43523 139.93266 62.74395 26.0
41.0 30.0 41.0 59.88154 126.07121 122.49678 26.0
41.0 34.0 34.0 127.84251 111.19778 129.61373 408.0
41.0 34.0 41.0 59.88154 126.07121 122.49678 408.0
41.0 35.0 35.0 147.82731 121.1249 95.66489 1.0
41.0 35.0 41.0 59.88154 126.07121 122.49678 1.0
41.0 38.0 38.0 88.77758 68.40786 152.61829 1.0
41.0 38.0 41.0 59.88154 126.07121 122.49678 1.0
41.0 41.0 41.0 59.88154 126.07121 122.49678 9143.0
41.0 41.0 41.0 59.88154 126.07121 122.49678 9143.0
41.0 42.0 42.0 56.58884 85.21523 144.94226 406.0
41.0 42.0 41.0 59.88154 126.07121 122.49678 406.0
41.0 43.0 43.0 101.75946 137.7069 99.18644 343.0
41.0 43.0 41.0 59.88154 126.07121 122.49678 343.0
42.0 0.0 0.0 55.11517 48.90822 141.97996 900.0
42.0 0.0 42.0 56.58884 85.21523 144.94226 900.0
42.0 4.0 4.0 72.1078 108.39179 139.67939 2119.0
42.0 4.0 42.0 56.58884 85.21523 144.94226 2119.0
42.0 5.0 5.0 36.15563 130.039 82.24871 38.0
42.0 5.0 42.0 56.58884 85.21523 144.94226 38.0
42.0 6.0 6.0 5.47593 84.7991 74.376 1.0
42.0 6.0 42.0 56.58884 85.21523 144.94226 1.0
42.0 9.0 9.0 78.57395 139.94478 102.56413 1.0
42.0 9.0 42.0 56.58884 85.21523 144.94226 1.0
42.0 16.0 16.0 37.10404 39.0306 124.6651 150.0
42.0 16.0 42.0 56.58884 85.21523 144.94226 150.0
42.0 22.0 22.0 25.11018 80.07145 119.47937 1621.0
42.0 22.0 42.0 56.58884 85.21523 144.94226 1621.0
42.0 24.0 24.0 107.93096 87.20486 149.14419 497.0
42.0 24.0 42.0 56.58884 85.21523 144.94226 497.0
42.0 28.0 28.0 84.39158 38.92809 143.14002 188.0
42.0 28.0 42.0 56.58884 85.21523 144.94226 188.0
42.0 33.0 33.0 97.1679 49.93412 149.23778 138.0
42.0 33.0 42.0 56.58884 85.21523 144.94226 138.0
42.0 34.0 34.0 127.84251 111.19778 129.61373 6.0
42.0 34.0 42.0 56.58884 85.21523 144.94226 6.0
42.0 36.0 36.0 51.20981 19.51189 119.74168 2.0
42.0 36.0 42.0 56.58884 85.21523 144.94226 2.0
42.0 37.0 37.0 80.28927 11.08439 113.86627 1.0
42.0 37.0 42.0 56.58884 85.21523 144.94226 1.0
42.0 38.0 38.0 88.77758 68.40786 152.61829 1111.0
42.0 38.0 42.0 56.58884 85.21523 144.94226 1111.0
42.0 41.0 41.0 59.88154 126.07121 122.49678 398.0
42.0 41.0 42.0 56.58884 85.21523 144.94226 398.0
42.0 42.0 42.0 56.58884 85.21523 144.94226 5812.0
42.0 42.0 42.0 56.58884 85.21523 144.94226 5812.0
42.0 44.0 44.0 70.22604 22.73269 131.3483 3.0
42.0 44.0 42.0 56.58884 85.21523 144.94226 3.0
43.0 4.0 4.0 72.1078 108.39179 139.67939 76.0
43.0 4.0 43.0 101.75946 137.7069 99.18644 76.0
43.0 5.0 5.0 36.15563 130.039 82.24871 61.0
43.0 5.0 43.0 101.75946 137.7069 99.18644 61.0
43.0 9.0 9.0 78.57395 139.94478 102.56413 2109.0
43.0 9.0 43.0 101.75946 137.7069 99.18644 2109.0
43.0 24.0 24.0 107.93096 87.20486 149.14419 9.0
43.0 24.0 43.0 101.75946 137.7069 99.18644 9.0
43.0 30.0 30.0 88.43523 139.93266 62.74395 2076.0
43.0 30.0 43.0 101.75946 137.7069 99.18644 2076.0
43.0 34.0 34.0 127.84251 111.19778 129.61373 1449.0
43.0 34.0 43.0 101.75946 137.7069 99.18644 1449.0
43.0 35.0 35.0 147.82731 121.1249 95.66489 830.0
43.0 35.0 43.0 101.75946 137.7069 99.18644 830.0
43.0 37.0 37.0 80.28927 11.08439 113.86627 1.0
43.0 37.0 43.0 101.75946 137.7069 99.18644 1.0
43.0 41.0 41.0 59.88154 126.07121 122.49678 254.0
43.0 41.0 43.0 101.75946 137.7069 99.18644 254.0
43.0 43.0 43.0 101.75946 137.7069 99.18644 4851.0
43.0 43.0 43.0 101.75946 137.7069 99.18644 4851.0
43.0 45.0 45.0 35.03341 116.33703 28.59258 1.0
43.0 45.0 43.0 101.75946 137.7069 99.18644 1.0
43.0 46.0 46.0 114.58978 130.2449 52.78212 168.0
43.0 46.0 43.0 101.75946 137.7069 99.18644 168.0
44.0 0.0 0.0 55.11517 48.90822 141.97996 629.0
44.0 0.0 44.0 70.22604 22.73269 131.3483 629.0
44.0 2.0 2.0 27.39651 25.34069 87.72565 36.0
44.0 2.0 44.0 70.22604 22.73269 131.3483 36.0
44.0 3.0 3.0 83.14374 3.82956 88.02179 56.0
44.0 3.0 44.0 70.22604 22.73269 131.3483 56.0
44.0 6.0 6.0 5.47593 84.7991 74.376 1.0
44.0 6.0 44.0 70.22604 22.73269 131.3483 1.0
44.0 11.0 11.0 48.54111 14.0752 56.61108 3.0
44.0 11.0 44.0 70.22604 22.73269 131.3483 3.0
44.0 16.0 16.0 37.10404 39.0306 124.6651 213.0
44.0 16.0 44.0 70.22604 22.73269 131.3483 213.0
44.0 17.0 17.0 122.7939 11.005 94.58552 3.0
44.0 17.0 44.0 70.22604 22.73269 131.3483 3.0
44.0 22.0 22.0 25.11018 80.07145 119.47937 2.0
44.0 22.0 44.0 70.22604 22.73269 131.3483 2.0
44.0 26.0 26.0 132.132 45.12297 139.10408 13.0
44.0 26.0 44.0 70.22604 22.73269 131.3483 13.0
44.0 27.0 27.0 18.73709 45.32171 103.7473 4.0
44.0 27.0 44.0 70.22604 22.73269 131.3483 4.0
44.0 28.0 28.0 84.39158 38.92809 143.14002 916.0
44.0 28.0 44.0 70.22604 22.73269 131.3483 916.0
44.0 29.0 29.0 122.72356 20.59218 121.16842 78.0
44.0 29.0 44.0 70.22604 22.73269 131.3483 78.0
44.0 33.0 33.0 97.1679 49.93412 149.23778 110.0
44.0 33.0 44.0 70.22604 22.73269 131.3483 110.0
44.0 36.0 36.0 51.20981 19.51189 119.74168 806.0
44.0 36.0 44.0 70.22604 22.73269 131.3483 806.0
44.0 37.0 37.0 80.28927 11.08439 113.86627 1493.0
44.0 37.0 44.0 70.22604 22.73269 131.3483 1493.0
44.0 38.0 38.0 88.77758 68.40786 152.61829 22.0
44.0 38.0 44.0 70.22604 22.73269 131.3483 22.0
44.0 40.0 40.0 83.28863 23.52739 42.4072 1.0
44.0 40.0 44.0 70.22604 22.73269 131.3483 1.0
44.0 41.0 41.0 59.88154 126.07121 122.49678 1.0
44.0 41.0 44.0 70.22604 22.73269 131.3483 1.0
44.0 42.0 42.0 56.58884 85.21523 144.94226 1.0
44.0 42.0 44.0 70.22604 22.73269 131.3483 1.0
44.0 44.0 44.0 70.22604 22.73269 131.3483 1842.0
44.0 44.0 44.0 70.22604 22.73269 131.3483 1842.0
45.0 1.0 1.0 66.23716 89.24826 7.46524 1879.0
45.0 1.0 45.0 35.03341 116.33703 28.59258 1879.0
45.0 5.0 5.0 36.15563 130.039 82.24871 2024.0
45.0 5.0 45.0 35.03341 116.33703 28.59258 2024.0
45.0 6.0 6.0 5.47593 84.7991 74.376 979.0
45.0 6.0 45.0 35.03341 116.33703 28.59258 979.0
45.0 8.0 8.0 108.21286 85.97862 38.69809 120.0
45.0 8.0 45.0 35.03341 116.33703 28.59258 120.0
45.0 9.0 9.0 78.57395 139.94478 102.56413 1.0
45.0 9.0 45.0 35.03341 116.33703 28.59258 1.0
45.0 14.0 14.0 128.32012 116.05028 40.29358 3.0
45.0 14.0 45.0 35.03341 116.33703 28.59258 3.0
45.0 20.0 20.0 85.11307 53.74662 22.31731 2.0
45.0 20.0 45.0 35.03341 116.33703 28.59258 2.0
45.0 21.0 21.0 28.30469 78.10297 19.27945 1884.0
45.0 21.0 45.0 35.03341 116.33703 28.59258 1884.0
45.0 22.0 22.0 25.11018 80.07145 119.47937 1.0
45.0 22.0 45.0 35.03341 116.33703 28.59258 1.0
45.0 30.0 30.0 88.43523 139.93266 62.74395 832.0
45.0 30.0 45.0 35.03341 116.33703 28.59258 832.0
45.0 39.0 39.0 21.78297 50.15365 32.82321 60.0
45.0 39.0 45.0 35.03341 116.33703 28.59258 60.0
45.0 45.0 45.0 35.03341 116.33703 28.59258 13130.0
45.0 45.0 45.0 35.03341 116.33703 28.59258 13130.0
45.0 46.0 46.0 114.58978 130.2449 52.78212 47.0
45.0 46.0 45.0 35.03341 116.33703 28.59258 47.0
46.0 1.0 1.0 66.23716 89.24826 7.46524 130.0
46.0 1.0 46.0 114.58978 130.2449 52.78212 130.0
46.0 5.0 5.0 36.15563 130.039 82.24871 9.0
46.0 5.0 46.0 114.58978 130.2449 52.78212 9.0
46.0 8.0 8.0 108.21286 85.97862 38.69809 1122.0
46.0 8.0 46.0 114.58978 130.2449 52.78212 1122.0
46.0 9.0 9.0 78.57395 139.94478 102.56413 8.0
46.0 9.0 46.0 114.58978 130.2449 52.78212 8.0
46.0 12.0 12.0 179.80154 86.38076 84.80678 4.0
46.0 12.0 46.0 114.58978 130.2449 52.78212 4.0
46.0 14.0 14.0 128.32012 116.05028 40.29358 2820.0
46.0 14.0 46.0 114.58978 130.2449 52.78212 2820.0
46.0 30.0 30.0 88.43523 139.93266 62.74395 3461.0
46.0 30.0 46.0 114.58978 130.2449 52.78212 3461.0
46.0 31.0 31.0 121.56142 38.98576 36.05456 1.0
46.0 31.0 46.0 114.58978 130.2449 52.78212 1.0
46.0 32.0 32.0 156.99505 89.11186 57.99329 281.0
46.0 32.0 46.0 114.58978 130.2449 52.78212 281.0
46.0 34.0 34.0 127.84251 111.19778 129.61373 15.0
46.0 34.0 46.0 114.58978 130.2449 52.78212 15.0
46.0 35.0 35.0 147.82731 121.1249 95.66489 1131.0
46.0 35.0 46.0 114.58978 130.2449 52.78212 1131.0
46.0 43.0 43.0 101.75946 137.7069 99.18644 157.0
46.0 43.0 46.0 114.58978 130.2449 52.78212 157.0
46.0 45.0 45.0 35.03341 116.33703 28.59258 51.0
46.0 45.0 46.0 114.58978 130.2449 52.78212 51.0
46.0 46.0 46.0 114.58978 130.2449 52.78212 7072.0
46.0 46.0 46.0 114.58978 130.2449 52.78212 7072.0
47.0 12.0 12.0 179.80154 86.38076 84.80678 411.0
47.0 12.0 47.0 164.21805 62.78329 126.09845 411.0
47.0 15.0 15.0 145.10931 26.58232 64.67183 5.0
47.0 15.0 47.0 164.21805 62.78329 126.09845 5.0
47.0 17.0 17.0 122.7939 11.005 94.58552 16.0
47.0 17.0 47.0 164.21805 62.78329 126.09845 16.0
47.0 18.0 18.0 159.24215 24.85116 93.87426 643.0
47.0 18.0 47.0 164.21805 62.78329 126.09845 643.0
47.0 23.0 23.0 173.48127 43.53296 77.02345 356.0
47.0 23.0 47.0 164.21805 62.78329 126.09845 356.0
47.0 24.0 24.0 107.93096 87.20486 149.14419 228.0
47.0 24.0 47.0 164.21805 62.78329 126.09845 228.0
47.0 25.0 25.0 182.83817 63.97889 100.30997 1214.0
47.0 25.0 47.0 164.21805 62.78329 126.09845 1214.0
47.0 26.0 26.0 132.132 45.12297 139.10408 1884.0
47.0 26.0 47.0 164.21805 62.78329 126.09845 1884.0
47.0 29.0 29.0 122.72356 20.59218 121.16842 255.0
47.0 29.0 47.0 164.21805 62.78329 126.09845 255.0
47.0 32.0 32.0 156.99505 89.11186 57.99329 3.0
47.0 32.0 47.0 164.21805 62.78329 126.09845 3.0
47.0 33.0 33.0 97.1679 49.93412 149.23778 5.0
47.0 33.0 47.0 164.21805 62.78329 126.09845 5.0
47.0 34.0 34.0 127.84251 111.19778 129.61373 1303.0
47.0 34.0 47.0 164.21805 62.78329 126.09845 1303.0
47.0 35.0 35.0 147.82731 121.1249 95.66489 377.0
47.0 35.0 47.0 164.21805 62.78329 126.09845 377.0
47.0 37.0 37.0 80.28927 11.08439 113.86627 1.0
47.0 37.0 47.0 164.21805 62.78329 126.09845 1.0
47.0 38.0 38.0 88.77758 68.40786 152.61829 4.0
47.0 38.0 47.0 164.21805 62.78329 126.09845 4.0
47.0 47.0 47.0 164.21805 62.78329 126.09845 9021.0
47.0 47.0 47.0 164.21805 62.78329 126.09845 9021.0
