TargetArea SourceArea Area AvgPosX AvgPosY AvgPosZ SumWeights
0.0 0.0 0.0 55.13906 48.84341 141.96733 3880.0
0.0 0.0 0.0 55.13906 48.84341 141.96733 3880.0
0.0 2.0 2.0 27.39125 25.34058 87.71265 10.0
0.0 2.0 0.0 55.13906 48.84341 141.96733 10.0
0.0 4.0 4.0 72.04337 108.387 139.67081 15.0
0.0 4.0 0.0 55.13906 48.84341 141.96733 15.0
0.0 5.0 5.0 36.15303 130.03034 82.2383 1.0
0.0 5.0 0.0 55.13906 48.84341 141.96733 1.0
0.0 16.0 16.0 37.0959 39.06301 124.6806 1456.0
0.0 16.0 0.0 55.13906 48.84341 141.96733 1456.0
0.0 22.0 22.0 25.08454 80.03979 119.45127 578.0
0.0 22.0 0.0 55.13906 48.84341 141.96733 578.0
0.0 24.0 24.0 107.87937 87.21567 149.14999 17.0
0.0 24.0 0.0 55.13906 48.84341 141.96733 17.0
0.0 27.0 27.0 18.73047 45.32822 103.7319 37.0
0.0 27.0 0.0 55.13906 48.84341 141.96733 37.0
0.0 28.0 28.0 84.2843 38.97479 143.1603 1143.0
0.0 28.0 0.0 55.13906 48.84341 141.96733 1143.0
0.0 29.0 29.0 122.63019 20.57881 121.19585 1.0
0.0 29.0 0.0 55.13906 48.84341 141.96733 1.0
0.0 33.0 33.0 97.16194 49.95067 149.24041 268.0
0.0 33.0 0.0 55.13906 48.84341 141.96733 268.0
0.0 36.0 36.0 51.1789 19.49479 119.69429 480.0
0.0 36.0 0.0 55.13906 48.84341 141.96733 480.0
0.0 37.0 37.0 80.19874 11.05783 113.80531 82.0
0.0 37.0 0.0 55.13906 48.84341 141.96733 82.0
0.0 38.0 38.0 88.68701 68.42791 152.61998 401.0
0.0 38.0 0.0 55.13906 48.84341 141.96733 401.0
0.0 41.0 41.0 59.81725 126.02172 122.52325 2.0
0.0 41.0 0.0 55.13906 48.84341 141.96733 2.0
0.0 42.0 42.0 56.61928 85.21557 144.95731 904.0
0.0 42.0 0.0 55.13906 48.84341 141.96733 904.0
0.0 44.0 44.0 70.2211 22.72363 131.34583 585.0
0.0 44.0 0.0 55.13906 48.84341 141.96733 585.0
1.0 1.0 1.0 66.23889 89.20081 7.45449 11259.0
1.0 1.0 1.0 66.23889 89.20081 7.45449 11259.0
1.0 5.0 5.0 36.15303 130.03034 82.2383 17.0
1.0 5.0 1.0 66.23889 89.20081 7.45449 17.0
1.0 6.0 6.0 5.47746 84.80668 74.3949 1.0
1.0 6.0 1.0 66.23889 89.20081 7.45449 1.0
1.0 8.0 8.0 108.11851 85.96113 38.66562 1655.0
1.0 8.0 1.0 66.23889 89.20081 7.45449 1655.0
1.0 11.0 11.0 48.54685 14.08293 56.57606 22.0
1.0 11.0 1.0 66.23889 89.20081 7.45449 22.0
1.0 13.0 13.0 21.80677 31.1348 56.44683 1.0
1.0 13.0 1.0 66.23889 89.20081 7.45449 1.0
1.0 14.0 14.0 128.299 116.06156 40.29043 58.0
1.0 14.0 1.0 66.23889 89.20081 7.45449 58.0
1.0 19.0 19.0 66.40327 15.75987 45.41759 23.0
1.0 19.0 1.0 66.23889 89.20081 7.45449 23.0
1.0 20.0 20.0 85.09795 53.73528 22.32739 2169.0
1.0 20.0 1.0 66.23889 89.20081 7.45449 2169.0
1.0 21.0 21.0 28.28244 78.10936 19.29641 1461.0
1.0 21.0 1.0 66.23889 89.20081 7.45449 1461.0
1.0 30.0 30.0 88.32761 139.9409 62.70703 352.0
1.0 30.0 1.0 66.23889 89.20081 7.45449 352.0
1.0 31.0 31.0 121.46188 38.93011 35.99609 2.0
1.0 31.0 1.0 66.23889 89.20081 7.45449 2.0
1.0 39.0 39.0 21.80694 50.15638 32.77845 274.0
1.0 39.0 1.0 66.23889 89.20081 7.45449 274.0
1.0 40.0 40.0 83.2688 23.52445 42.42218 17.0
1.0 40.0 1.0 66.23889 89.20081 7.45449 17.0
1.0 45.0 45.0 34.99748 116.33313 28.62585 1849.0
1.0 45.0 1.0 66.23889 89.20081 7.45449 1849.0
1.0 46.0 46.0 114.46245 130.25829 52.70966 145.0
1.0 46.0 1.0 66.23889 89.20081 7.45449 145.0
2.0 0.0 0.0 55.13906 48.84341 141.96733 10.0
2.0 0.0 2.0 27.39125 25.34058 87.71265 10.0
2.0 2.0 2.0 27.39125 25.34058 87.71265 6787.0
2.0 2.0 2.0 27.39125 25.34058 87.71265 6787.0
2.0 3.0 3.0 83.11057 3.8233 88.00241 294.0
2.0 3.0 2.0 27.39125 25.34058 87.71265 294.0
2.0 6.0 6.0 5.47746 84.80668 74.3949 437.0
2.0 6.0 2.0 27.39125 25.34058 87.71265 437.0
2.0 10.0 10.0 97.00796 3.91136 61.08635 1.0
2.0 10.0 2.0 27.39125 25.34058 87.71265 1.0
2.0 11.0 11.0 48.54685 14.08293 56.57606 1356.0
2.0 11.0 2.0 27.39125 25.34058 87.71265 1356.0
2.0 13.0 13.0 21.80677 31.1348 56.44683 1377.0
2.0 13.0 2.0 27.39125 25.34058 87.71265 1377.0
2.0 16.0 16.0 37.0959 39.06301 124.6806 730.0
2.0 16.0 2.0 27.39125 25.34058 87.71265 730.0
2.0 19.0 19.0 66.40327 15.75987 45.41759 9.0
2.0 19.0 2.0 27.39125 25.34058 87.71265 9.0
2.0 20.0 20.0 85.09795 53.73528 22.32739 1.0
2.0 20.0 2.0 27.39125 25.34058 87.71265 1.0
2.0 21.0 21.0 28.28244 78.10936 19.29641 1.0
2.0 21.0 2.0 27.39125 25.34058 87.71265 1.0
2.0 22.0 22.0 25.08454 80.03979 119.45127 79.0
2.0 22.0 2.0 27.39125 25.34058 87.71265 79.0
2.0 27.0 27.0 18.73047 45.32822 103.7319 1664.0
2.0 27.0 2.0 27.39125 25.34058 87.71265 1664.0
2.0 28.0 28.0 84.2843 38.97479 143.1603 1.0
2.0 28.0 2.0 27.39125 25.34058 87.71265 1.0
2.0 36.0 36.0 51.1789 19.49479 119.69429 539.0
2.0 36.0 2.0 27.39125 25.34058 87.71265 539.0
2.0 37.0 37.0 80.19874 11.05783 113.80531 437.0
2.0 37.0 2.0 27.39125 25.34058 87.71265 437.0
2.0 39.0 39.0 21.80694 50.15638 32.77845 156.0
2.0 39.0 2.0 27.39125 25.34058 87.71265 156.0
2.0 44.0 44.0 70.2211 22.72363 131.34583 30.0
2.0 44.0 2.0 27.39125 25.34058 87.71265 30.0
3.0 2.0 2.0 27.39125 25.34058 87.71265 308.0
3.0 2.0 3.0 83.11057 3.8233 88.00241 308.0
3.0 3.0 3.0 83.11057 3.8233 88.00241 7180.0
3.0 3.0 3.0 83.11057 3.8233 88.00241 7180.0
3.0 7.0 7.0 121.64508 13.44284 56.87324 212.0
3.0 7.0 3.0 83.11057 3.8233 88.00241 212.0
3.0 10.0 10.0 97.00796 3.91136 61.08635 1600.0
3.0 10.0 3.0 83.11057 3.8233 88.00241 1600.0
3.0 11.0 11.0 48.54685 14.08293 56.57606 1088.0
3.0 11.0 3.0 83.11057 3.8233 88.00241 1088.0
3.0 13.0 13.0 21.80677 31.1348 56.44683 8.0
3.0 13.0 3.0 83.11057 3.8233 88.00241 8.0
3.0 15.0 15.0 145.09278 26.53674 64.69327 14.0
3.0 15.0 3.0 83.11057 3.8233 88.00241 14.0
3.0 16.0 16.0 37.0959 39.06301 124.6806 11.0
3.0 16.0 3.0 83.11057 3.8233 88.00241 11.0
3.0 17.0 17.0 122.78117 11.0008 94.596 1152.0
3.0 17.0 3.0 83.11057 3.8233 88.00241 1152.0
3.0 19.0 19.0 66.40327 15.75987 45.41759 422.0
3.0 19.0 3.0 83.11057 3.8233 88.00241 422.0
3.0 26.0 26.0 132.09674 45.14339 139.12269 1.0
3.0 26.0 3.0 83.11057 3.8233 88.00241 1.0
3.0 27.0 27.0 18.73047 45.32822 103.7319 1.0
3.0 27.0 3.0 83.11057 3.8233 88.00241 1.0
3.0 28.0 28.0 84.2843 38.97479 143.1603 9.0
3.0 28.0 3.0 83.11057 3.8233 88.00241 9.0
3.0 29.0 29.0 122.63019 20.57881 121.19585 232.0
3.0 29.0 3.0 83.11057 3.8233 88.00241 232.0
3.0 31.0 31.0 121.46188 38.93011 35.99609 2.0
3.0 31.0 3.0 83.11057 3.8233 88.00241 2.0
3.0 36.0 36.0 51.1789 19.49479 119.69429 142.0
3.0 36.0 3.0 83.11057 3.8233 88.00241 142.0
3.0 37.0 37.0 80.19874 11.05783 113.80531 2611.0
3.0 37.0 3.0 83.11057 3.8233 88.00241 2611.0
3.0 40.0 40.0 83.2688 23.52445 42.42218 138.0
3.0 40.0 3.0 83.11057 3.8233 88.00241 138.0
3.0 44.0 44.0 70.2211 22.72363 131.34583 57.0
3.0 44.0 3.0 83.11057 3.8233 88.00241 57.0
4.0 0.0 0.0 55.13906 48.84341 141.96733 14.0
4.0 0.0 4.0 72.04337 108.387 139.67081 14.0
4.0 4.0 4.0 72.04337 108.387 139.67081 6653.0
4.0 4.0 4.0 72.04337 108.387 139.67081 6653.0
4.0 5.0 5.0 36.15303 130.03034 82.2383 93.0
4.0 5.0 4.0 72.04337 108.387 139.67081 93.0
4.0 6.0 6.0 5.47746 84.80668 74.3949 2.0
4.0 6.0 4.0 72.04337 108.387 139.67081 2.0
4.0 9.0 9.0 78.53686 139.95035 102.56471 273.0
4.0 9.0 4.0 72.04337 108.387 139.67081 273.0
4.0 16.0 16.0 37.0959 39.06301 124.6806 1.0
4.0 16.0 4.0 72.04337 108.387 139.67081 1.0
4.0 22.0 22.0 25.08454 80.03979 119.45127 480.0
4.0 22.0 4.0 72.04337 108.387 139.67081 480.0
4.0 24.0 24.0 107.87937 87.21567 149.14999 1500.0
4.0 24.0 4.0 72.04337 108.387 139.67081 1500.0
4.0 28.0 28.0 84.2843 38.97479 143.1603 5.0
4.0 28.0 4.0 72.04337 108.387 139.67081 5.0
4.0 33.0 33.0 97.16194 49.95067 149.24041 6.0
4.0 33.0 4.0 72.04337 108.387 139.67081 6.0
4.0 34.0 34.0 127.75872 111.25033 129.59891 866.0
4.0 34.0 4.0 72.04337 108.387 139.67081 866.0
4.0 38.0 38.0 88.68701 68.42791 152.61998 218.0
4.0 38.0 4.0 72.04337 108.387 139.67081 218.0
4.0 41.0 41.0 59.81725 126.02172 122.52325 2690.0
4.0 41.0 4.0 72.04337 108.387 139.67081 2690.0
4.0 42.0 42.0 56.61928 85.21557 144.95731 2087.0
4.0 42.0 4.0 72.04337 108.387 139.67081 2087.0
4.0 43.0 43.0 101.71906 137.7268 99.13945 80.0
4.0 43.0 4.0 72.04337 108.387 139.67081 80.0
4.0 45.0 45.0 34.99748 116.33313 28.62585 1.0
4.0 45.0 4.0 72.04337 108.387 139.67081 1.0
5.0 1.0 1.0 66.23889 89.20081 7.45449 16.0
5.0 1.0 5.0 36.15303 130.03034 82.2383 16.0
5.0 4.0 4.0 72.04337 108.387 139.67081 99.0
5.0 4.0 5.0 36.15303 130.03034 82.2383 99.0
5.0 5.0 5.0 36.15303 130.03034 82.2383 21726.0
5.0 5.0 5.0 36.15303 130.03034 82.2383 21726.0
5.0 6.0 6.0 5.47746 84.80668 74.3949 2032.0
5.0 6.0 5.0 36.15303 130.03034 82.2383 2032.0
5.0 8.0 8.0 108.11851 85.96113 38.66562 3.0
5.0 8.0 5.0 36.15303 130.03034 82.2383 3.0
5.0 9.0 9.0 78.53686 139.95035 102.56471 1447.0
5.0 9.0 5.0 36.15303 130.03034 82.2383 1447.0
5.0 21.0 21.0 28.28244 78.10936 19.29641 15.0
5.0 21.0 5.0 36.15303 130.03034 82.2383 15.0
5.0 22.0 22.0 25.08454 80.03979 119.45127 1188.0
5.0 22.0 5.0 36.15303 130.03034 82.2383 1188.0
5.0 30.0 30.0 88.32761 139.9409 62.70703 1728.0
5.0 30.0 5.0 36.15303 130.03034 82.2383 1728.0
5.0 41.0 41.0 59.81725 126.02172 122.52325 2269.0
5.0 41.0 5.0 36.15303 130.03034 82.2383 2269.0
5.0 42.0 42.0 56.61928 85.21557 144.95731 36.0
5.0 42.0 5.0 36.15303 130.03034 82.2383 36.0
5.0 43.0 43.0 101.71906 137.7268 99.13945 77.0
5.0 43.0 5.0 36.15303 130.03034 82.2383 77.0
5.0 45.0 45.0 34.99748 116.33313 28.62585 1960.0
5.0 45.0 5.0 36.15303 130.03034 82.2383 1960.0
5.0 46.0 46.0 114.46245 130.25829 52.70966 11.0
5.0 46.0 5.0 36.15303 130.03034 82.2383 11.0
6.0 2.0 2.0 27.39125 25.34058 87.71265 537.0
6.0 2.0 6.0 5.47746 84.80668 74.3949 537.0
6.0 4.0 4.0 72.04337 108.387 139.67081 3.0
6.0 4.0 6.0 5.47746 84.80668 74.3949 3.0
6.0 5.0 5.0 36.15303 130.03034 82.2383 2023.0
6.0 5.0 6.0 5.47746 84.80668 74.3949 2023.0
6.0 6.0 6.0 5.47746 84.80668 74.3949 15859.0
6.0 6.0 6.0 5.47746 84.80668 74.3949 15859.0
6.0 13.0 13.0 21.80677 31.1348 56.44683 429.0
6.0 13.0 6.0 5.47746 84.80668 74.3949 429.0
6.0 16.0 16.0 37.0959 39.06301 124.6806 9.0
6.0 16.0 6.0 5.47746 84.80668 74.3949 9.0
6.0 21.0 21.0 28.28244 78.10936 19.29641 677.0
6.0 21.0 6.0 5.47746 84.80668 74.3949 677.0
6.0 22.0 22.0 25.08454 80.03979 119.45127 2068.0
6.0 22.0 6.0 5.47746 84.80668 74.3949 2068.0
6.0 27.0 27.0 18.73047 45.32822 103.7319 850.0
6.0 27.0 6.0 5.47746 84.80668 74.3949 850.0
6.0 39.0 39.0 21.80694 50.15638 32.77845 1304.0
6.0 39.0 6.0 5.47746 84.80668 74.3949 1304.0
6.0 41.0 41.0 59.81725 126.02172 122.52325 19.0
6.0 41.0 6.0 5.47746 84.80668 74.3949 19.0
6.0 45.0 45.0 34.99748 116.33313 28.62585 973.0
6.0 45.0 6.0 5.47746 84.80668 74.3949 973.0
7.0 3.0 3.0 83.11057 3.8233 88.00241 207.0
7.0 3.0 7.0 121.64508 13.44284 56.87324 207.0
7.0 7.0 7.0 121.64508 13.44284 56.87324 4106.0
7.0 7.0 7.0 121.64508 13.44284 56.87324 4106.0
7.0 8.0 8.0 108.11851 85.96113 38.66562 9.0
7.0 8.0 7.0 121.64508 13.44284 56.87324 9.0
7.0 10.0 10.0 97.00796 3.91136 61.08635 1471.0
7.0 10.0 7.0 121.64508 13.44284 56.87324 1471.0
7.0 15.0 15.0 145.09278 26.53674 64.69327 1459.0
7.0 15.0 7.0 121.64508 13.44284 56.87324 1459.0
7.0 17.0 17.0 122.78117 11.0008 94.596 802.0
7.0 17.0 7.0 121.64508 13.44284 56.87324 802.0
7.0 18.0 18.0 159.19937 24.83672 93.92612 38.0
7.0 18.0 7.0 121.64508 13.44284 56.87324 38.0
7.0 19.0 19.0 66.40327 15.75987 45.41759 16.0
7.0 19.0 7.0 121.64508 13.44284 56.87324 16.0
7.0 20.0 20.0 85.09795 53.73528 22.32739 30.0
7.0 20.0 7.0 121.64508 13.44284 56.87324 30.0
7.0 23.0 23.0 173.50144 43.54165 77.04858 14.0
7.0 23.0 7.0 121.64508 13.44284 56.87324 14.0
7.0 29.0 29.0 122.63019 20.57881 121.19585 13.0
7.0 29.0 7.0 121.64508 13.44284 56.87324 13.0
7.0 31.0 31.0 121.46188 38.93011 35.99609 1551.0
7.0 31.0 7.0 121.64508 13.44284 56.87324 1551.0
7.0 32.0 32.0 156.98217 89.07998 57.97976 1.0
7.0 32.0 7.0 121.64508 13.44284 56.87324 1.0
7.0 37.0 37.0 80.19874 11.05783 113.80531 4.0
7.0 37.0 7.0 121.64508 13.44284 56.87324 4.0
7.0 40.0 40.0 83.2688 23.52445 42.42218 294.0
7.0 40.0 7.0 121.64508 13.44284 56.87324 294.0
8.0 1.0 1.0 66.23889 89.20081 7.45449 1493.0
8.0 1.0 8.0 108.11851 85.96113 38.66562 1493.0
8.0 3.0 3.0 83.11057 3.8233 88.00241 1.0
8.0 3.0 8.0 108.11851 85.96113 38.66562 1.0
8.0 4.0 4.0 72.04337 108.387 139.67081 1.0
8.0 4.0 8.0 108.11851 85.96113 38.66562 1.0
8.0 5.0 5.0 36.15303 130.03034 82.2383 8.0
8.0 5.0 8.0 108.11851 85.96113 38.66562 8.0
8.0 7.0 7.0 121.64508 13.44284 56.87324 4.0
8.0 7.0 8.0 108.11851 85.96113 38.66562 4.0
8.0 8.0 8.0 108.11851 85.96113 38.66562 28401.0
8.0 8.0 8.0 108.11851 85.96113 38.66562 28401.0
8.0 12.0 12.0 179.80761 86.39592 84.84999 4.0
8.0 12.0 8.0 108.11851 85.96113 38.66562 4.0
8.0 13.0 13.0 21.80677 31.1348 56.44683 1.0
8.0 13.0 8.0 108.11851 85.96113 38.66562 1.0
8.0 14.0 14.0 128.299 116.06156 40.29043 2619.0
8.0 14.0 8.0 108.11851 85.96113 38.66562 2619.0
8.0 15.0 15.0 145.09278 26.53674 64.69327 44.0
8.0 15.0 8.0 108.11851 85.96113 38.66562 44.0
8.0 20.0 20.0 85.09795 53.73528 22.32739 2980.0
8.0 20.0 8.0 108.11851 85.96113 38.66562 2980.0
8.0 23.0 23.0 173.50144 43.54165 77.04858 6.0
8.0 23.0 8.0 108.11851 85.96113 38.66562 6.0
8.0 24.0 24.0 107.87937 87.21567 149.14999 1.0
8.0 24.0 8.0 108.11851 85.96113 38.66562 1.0
8.0 30.0 30.0 88.32761 139.9409 62.70703 577.0
8.0 30.0 8.0 108.11851 85.96113 38.66562 577.0
8.0 31.0 31.0 121.46188 38.93011 35.99609 1772.0
8.0 31.0 8.0 108.11851 85.96113 38.66562 1772.0
8.0 32.0 32.0 156.98217 89.07998 57.97976 1420.0
8.0 32.0 8.0 108.11851 85.96113 38.66562 1420.0
8.0 35.0 35.0 147.79815 121.13749 95.66219 1.0
8.0 35.0 8.0 108.11851 85.96113 38.66562 1.0
8.0 40.0 40.0 83.2688 23.52445 42.42218 20.0
8.0 40.0 8.0 108.11851 85.96113 38.66562 20.0
8.0 41.0 41.0 59.81725 126.02172 122.52325 1.0
8.0 41.0 8.0 108.11851 85.96113 38.66562 1.0
8.0 43.0 43.0 101.71906 137.7268 99.13945 1.0
8.0 43.0 8.0 108.11851 85.96113 38.66562 1.0
8.0 45.0 45.0 34.99748 116.33313 28.62585 74.0
8.0 45.0 8.0 108.11851 85.96113 38.66562 74.0
8.0 46.0 46.0 114.46245 130.25829 52.70966 1076.0
8.0 46.0 8.0 108.11851 85.96113 38.66562 1076.0
9.0 4.0 4.0 72.04337 108.387 139.67081 298.0
9.0 4.0 9.0 78.53686 139.95035 102.56471 298.0
9.0 5.0 5.0 36.15303 130.03034 82.2383 1342.0
9.0 5.0 9.0 78.53686 139.95035 102.56471 1342.0
9.0 9.0 9.0 78.53686 139.95035 102.56471 4891.0
9.0 9.0 9.0 78.53686 139.95035 102.56471 4891.0
9.0 22.0 22.0 25.08454 80.03979 119.45127 1.0
9.0 22.0 9.0 78.53686 139.95035 102.56471 1.0
9.0 24.0 24.0 107.87937 87.21567 149.14999 23.0
9.0 24.0 9.0 78.53686 139.95035 102.56471 23.0
9.0 30.0 30.0 88.32761 139.9409 62.70703 1185.0
9.0 30.0 9.0 78.53686 139.95035 102.56471 1185.0
9.0 34.0 34.0 127.75872 111.25033 129.59891 591.0
9.0 34.0 9.0 78.53686 139.95035 102.56471 591.0
9.0 35.0 35.0 147.79815 121.13749 95.66219 18.0
9.0 35.0 9.0 78.53686 139.95035 102.56471 18.0
9.0 41.0 41.0 59.81725 126.02172 122.52325 2141.0
9.0 41.0 9.0 78.53686 139.95035 102.56471 2141.0
9.0 43.0 43.0 101.71906 137.7268 99.13945 1991.0
9.0 43.0 9.0 78.53686 139.95035 102.56471 1991.0
9.0 45.0 45.0 34.99748 116.33313 28.62585 3.0
9.0 45.0 9.0 78.53686 139.95035 102.56471 3.0
9.0 46.0 46.0 114.46245 130.25829 52.70966 1.0
9.0 46.0 9.0 78.53686 139.95035 102.56471 1.0
10.0 2.0 2.0 27.39125 25.34058 87.71265 2.0
10.0 2.0 10.0 97.00796 3.91136 61.08635 2.0
10.0 3.0 3.0 83.11057 3.8233 88.00241 1567.0
10.0 3.0 10.0 97.00796 3.91136 61.08635 1567.0
10.0 7.0 7.0 121.64508 13.44284 56.87324 1483.0
10.0 7.0 10.0 97.00796 3.91136 61.08635 1483.0
10.0 10.0 10.0 97.00796 3.91136 61.08635 4241.0
10.0 10.0 10.0 97.00796 3.91136 61.08635 4241.0
10.0 11.0 11.0 48.54685 14.08293 56.57606 190.0
10.0 11.0 10.0 97.00796 3.91136 61.08635 190.0
10.0 15.0 15.0 145.09278 26.53674 64.69327 67.0
10.0 15.0 10.0 97.00796 3.91136 61.08635 67.0
10.0 17.0 17.0 122.78117 11.0008 94.596 451.0
10.0 17.0 10.0 97.00796 3.91136 61.08635 451.0
10.0 18.0 18.0 159.19937 24.83672 93.92612 2.0
10.0 18.0 10.0 97.00796 3.91136 61.08635 2.0
10.0 19.0 19.0 66.40327 15.75987 45.41759 572.0
10.0 19.0 10.0 97.00796 3.91136 61.08635 572.0
10.0 20.0 20.0 85.09795 53.73528 22.32739 37.0
10.0 20.0 10.0 97.00796 3.91136 61.08635 37.0
10.0 29.0 29.0 122.63019 20.57881 121.19585 7.0
10.0 29.0 10.0 97.00796 3.91136 61.08635 7.0
10.0 31.0 31.0 121.46188 38.93011 35.99609 397.0
10.0 31.0 10.0 97.00796 3.91136 61.08635 397.0
10.0 37.0 37.0 80.19874 11.05783 113.80531 53.0
10.0 37.0 10.0 97.00796 3.91136 61.08635 53.0
10.0 40.0 40.0 83.2688 23.52445 42.42218 1230.0
10.0 40.0 10.0 97.00796 3.91136 61.08635 1230.0
11.0 1.0 1.0 66.23889 89.20081 7.45449 19.0
11.0 1.0 11.0 48.54685 14.08293 56.57606 19.0
11.0 2.0 2.0 27.39125 25.34058 87.71265 1363.0
11.0 2.0 11.0 48.54685 14.08293 56.57606 1363.0
11.0 3.0 3.0 83.11057 3.8233 88.00241 1122.0
11.0 3.0 11.0 48.54685 14.08293 56.57606 1122.0
11.0 6.0 6.0 5.47746 84.80668 74.3949 1.0
11.0 6.0 11.0 48.54685 14.08293 56.57606 1.0
11.0 8.0 8.0 108.11851 85.96113 38.66562 1.0
11.0 8.0 11.0 48.54685 14.08293 56.57606 1.0
11.0 10.0 10.0 97.00796 3.91136 61.08635 194.0
11.0 10.0 11.0 48.54685 14.08293 56.57606 194.0
11.0 11.0 11.0 48.54685 14.08293 56.57606 8304.0
11.0 11.0 11.0 48.54685 14.08293 56.57606 8304.0
11.0 13.0 13.0 21.80677 31.1348 56.44683 1527.0
11.0 13.0 11.0 48.54685 14.08293 56.57606 1527.0
11.0 16.0 16.0 37.0959 39.06301 124.6806 14.0
11.0 16.0 11.0 48.54685 14.08293 56.57606 14.0
11.0 19.0 19.0 66.40327 15.75987 45.41759 2103.0
11.0 19.0 11.0 48.54685 14.08293 56.57606 2103.0
11.0 20.0 20.0 85.09795 53.73528 22.32739 265.0
11.0 20.0 11.0 48.54685 14.08293 56.57606 265.0
11.0 21.0 21.0 28.28244 78.10936 19.29641 33.0
11.0 21.0 11.0 48.54685 14.08293 56.57606 33.0
11.0 27.0 27.0 18.73047 45.32822 103.7319 9.0
11.0 27.0 11.0 48.54685 14.08293 56.57606 9.0
11.0 31.0 31.0 121.46188 38.93011 35.99609 4.0
11.0 31.0 11.0 48.54685 14.08293 56.57606 4.0
11.0 36.0 36.0 51.1789 19.49479 119.69429 74.0
11.0 36.0 11.0 48.54685 14.08293 56.57606 74.0
11.0 37.0 37.0 80.19874 11.05783 113.80531 269.0
11.0 37.0 11.0 48.54685 14.08293 56.57606 269.0
11.0 39.0 39.0 21.80694 50.15638 32.77845 865.0
11.0 39.0 11.0 48.54685 14.08293 56.57606 865.0
11.0 40.0 40.0 83.2688 23.52445 42.42218 534.0
11.0 40.0 11.0 48.54685 14.08293 56.57606 534.0
11.0 44.0 44.0 70.2211 22.72363 131.34583 3.0
11.0 44.0 11.0 48.54685 14.08293 56.57606 3.0
12.0 8.0 8.0 108.11851 85.96113 38.66562 1.0
12.0 8.0 12.0 179.80761 86.39592 84.84999 1.0
12.0 12.0 12.0 179.80761 86.39592 84.84999 5886.0
12.0 12.0 12.0 179.80761 86.39592 84.84999 5886.0
12.0 14.0 14.0 128.299 116.06156 40.29043 3.0
12.0 14.0 12.0 179.80761 86.39592 84.84999 3.0
12.0 15.0 15.0 145.09278 26.53674 64.69327 34.0
12.0 15.0 12.0 179.80761 86.39592 84.84999 34.0
12.0 18.0 18.0 159.19937 24.83672 93.92612 15.0
12.0 18.0 12.0 179.80761 86.39592 84.84999 15.0
12.0 23.0 23.0 173.50144 43.54165 77.04858 566.0
12.0 23.0 12.0 179.80761 86.39592 84.84999 566.0
12.0 25.0 25.0 182.8346 63.98762 100.32316 1139.0
12.0 25.0 12.0 179.80761 86.39592 84.84999 1139.0
12.0 31.0 31.0 121.46188 38.93011 35.99609 10.0
12.0 31.0 12.0 179.80761 86.39592 84.84999 10.0
12.0 32.0 32.0 156.98217 89.07998 57.97976 1753.0
12.0 32.0 12.0 179.80761 86.39592 84.84999 1753.0
12.0 34.0 34.0 127.75872 111.25033 129.59891 91.0
12.0 34.0 12.0 179.80761 86.39592 84.84999 91.0
12.0 35.0 35.0 147.79815 121.13749 95.66219 1234.0
12.0 35.0 12.0 179.80761 86.39592 84.84999 1234.0
12.0 46.0 46.0 114.46245 130.25829 52.70966 4.0
12.0 46.0 12.0 179.80761 86.39592 84.84999 4.0
12.0 47.0 47.0 164.19609 62.73239 126.11026 437.0
12.0 47.0 12.0 179.80761 86.39592 84.84999 437.0
13.0 2.0 2.0 27.39125 25.34058 87.71265 1400.0
13.0 2.0 13.0 21.80677 31.1348 56.44683 1400.0
13.0 3.0 3.0 83.11057 3.8233 88.00241 3.0
13.0 3.0 13.0 21.80677 31.1348 56.44683 3.0
13.0 6.0 6.0 5.47746 84.80668 74.3949 411.0
13.0 6.0 13.0 21.80677 31.1348 56.44683 411.0
13.0 11.0 11.0 48.54685 14.08293 56.57606 1579.0
13.0 11.0 13.0 21.80677 31.1348 56.44683 1579.0
13.0 13.0 13.0 21.80677 31.1348 56.44683 3871.0
13.0 13.0 13.0 21.80677 31.1348 56.44683 3871.0
13.0 19.0 19.0 66.40327 15.75987 45.41759 78.0
13.0 19.0 13.0 21.80677 31.1348 56.44683 78.0
13.0 20.0 20.0 85.09795 53.73528 22.32739 9.0
13.0 20.0 13.0 21.80677 31.1348 56.44683 9.0
13.0 21.0 21.0 28.28244 78.10936 19.29641 7.0
13.0 21.0 13.0 21.80677 31.1348 56.44683 7.0
13.0 22.0 22.0 25.08454 80.03979 119.45127 2.0
13.0 22.0 13.0 21.80677 31.1348 56.44683 2.0
13.0 27.0 27.0 18.73047 45.32822 103.7319 102.0
13.0 27.0 13.0 21.80677 31.1348 56.44683 102.0
13.0 36.0 36.0 51.1789 19.49479 119.69429 2.0
13.0 36.0 13.0 21.80677 31.1348 56.44683 2.0
13.0 37.0 37.0 80.19874 11.05783 113.80531 3.0
13.0 37.0 13.0 21.80677 31.1348 56.44683 3.0
13.0 39.0 39.0 21.80694 50.15638 32.77845 1773.0
13.0 39.0 13.0 21.80677 31.1348 56.44683 1773.0
13.0 40.0 40.0 83.2688 23.52445 42.42218 3.0
13.0 40.0 13.0 21.80677 31.1348 56.44683 3.0
14.0 1.0 1.0 66.23889 89.20081 7.45449 46.0
14.0 1.0 14.0 128.299 116.06156 40.29043 46.0
14.0 8.0 8.0 108.11851 85.96113 38.66562 2711.0
14.0 8.0 14.0 128.299 116.06156 40.29043 2711.0
14.0 12.0 12.0 179.80761 86.39592 84.84999 9.0
14.0 12.0 14.0 128.299 116.06156 40.29043 9.0
14.0 14.0 14.0 128.299 116.06156 40.29043 7114.0
14.0 14.0 14.0 128.299 116.06156 40.29043 7114.0
14.0 20.0 20.0 85.09795 53.73528 22.32739 10.0
14.0 20.0 14.0 128.299 116.06156 40.29043 10.0
14.0 30.0 30.0 88.32761 139.9409 62.70703 214.0
14.0 30.0 14.0 128.299 116.06156 40.29043 214.0
14.0 31.0 31.0 121.46188 38.93011 35.99609 5.0
14.0 31.0 14.0 128.299 116.06156 40.29043 5.0
14.0 32.0 32.0 156.98217 89.07998 57.97976 1351.0
14.0 32.0 14.0 128.299 116.06156 40.29043 1351.0
14.0 35.0 35.0 147.79815 121.13749 95.66219 329.0
14.0 35.0 14.0 128.299 116.06156 40.29043 329.0
14.0 43.0 43.0 101.71906 137.7268 99.13945 2.0
14.0 43.0 14.0 128.299 116.06156 40.29043 2.0
14.0 46.0 46.0 114.46245 130.25829 52.70966 2868.0
14.0 46.0 14.0 128.299 116.06156 40.29043 2868.0
15.0 3.0 3.0 83.11057 3.8233 88.00241 19.0
15.0 3.0 15.0 145.09278 26.53674 64.69327 19.0
15.0 7.0 7.0 121.64508 13.44284 56.87324 1514.0
15.0 7.0 15.0 145.09278 26.53674 64.69327 1514.0
15.0 8.0 8.0 108.11851 85.96113 38.66562 77.0
15.0 8.0 15.0 145.09278 26.53674 64.69327 77.0
15.0 10.0 10.0 97.00796 3.91136 61.08635 73.0
15.0 10.0 15.0 145.09278 26.53674 64.69327 73.0
15.0 12.0 12.0 179.80761 86.39592 84.84999 30.0
15.0 12.0 15.0 145.09278 26.53674 64.69327 30.0
15.0 15.0 15.0 145.09278 26.53674 64.69327 5074.0
15.0 15.0 15.0 145.09278 26.53674 64.69327 5074.0
15.0 17.0 17.0 122.78117 11.0008 94.596 892.0
15.0 17.0 15.0 145.09278 26.53674 64.69327 892.0
15.0 18.0 18.0 159.19937 24.83672 93.92612 1003.0
15.0 18.0 15.0 145.09278 26.53674 64.69327 1003.0
15.0 23.0 23.0 173.50144 43.54165 77.04858 725.0
15.0 23.0 15.0 145.09278 26.53674 64.69327 725.0
15.0 25.0 25.0 182.8346 63.98762 100.32316 7.0
15.0 25.0 15.0 145.09278 26.53674 64.69327 7.0
15.0 26.0 26.0 132.09674 45.14339 139.12269 7.0
15.0 26.0 15.0 145.09278 26.53674 64.69327 7.0
15.0 29.0 29.0 122.63019 20.57881 121.19585 53.0
15.0 29.0 15.0 145.09278 26.53674 64.69327 53.0
15.0 31.0 31.0 121.46188 38.93011 35.99609 1363.0
15.0 31.0 15.0 145.09278 26.53674 64.69327 1363.0
15.0 32.0 32.0 156.98217 89.07998 57.97976 340.0
15.0 32.0 15.0 145.09278 26.53674 64.69327 340.0
15.0 37.0 37.0 80.19874 11.05783 113.80531 2.0
15.0 37.0 15.0 145.09278 26.53674 64.69327 2.0
15.0 40.0 40.0 83.2688 23.52445 42.42218 4.0
15.0 40.0 15.0 145.09278 26.53674 64.69327 4.0
15.0 47.0 47.0 164.19609 62.73239 126.11026 11.0
15.0 47.0 15.0 145.09278 26.53674 64.69327 11.0
16.0 0.0 0.0 55.13906 48.84341 141.96733 1414.0
16.0 0.0 16.0 37.0959 39.06301 124.6806 1414.0
16.0 2.0 2.0 27.39125 25.34058 87.71265 731.0
16.0 2.0 16.0 37.0959 39.06301 124.6806 731.0
16.0 3.0 3.0 83.11057 3.8233 88.00241 15.0
16.0 3.0 16.0 37.0959 39.06301 124.6806 15.0
16.0 4.0 4.0 72.04337 108.387 139.67081 2.0
16.0 4.0 16.0 37.0959 39.06301 124.6806 2.0
16.0 6.0 6.0 5.47746 84.80668 74.3949 6.0
16.0 6.0 16.0 37.0959 39.06301 124.6806 6.0
16.0 11.0 11.0 48.54685 14.08293 56.57606 18.0
16.0 11.0 16.0 37.0959 39.06301 124.6806 18.0
16.0 13.0 13.0 21.80677 31.1348 56.44683 1.0
16.0 13.0 16.0 37.0959 39.06301 124.6806 1.0
16.0 16.0 16.0 37.0959 39.06301 124.6806 4289.0
16.0 16.0 16.0 37.0959 39.06301 124.6806 4289.0
16.0 22.0 22.0 25.08454 80.03979 119.45127 1263.0
16.0 22.0 16.0 37.0959 39.06301 124.6806 1263.0
16.0 23.0 23.0 173.50144 43.54165 77.04858 1.0
16.0 23.0 16.0 37.0959 39.06301 124.6806 1.0
16.0 26.0 26.0 132.09674 45.14339 139.12269 1.0
16.0 26.0 16.0 37.0959 39.06301 124.6806 1.0
16.0 27.0 27.0 18.73047 45.32822 103.7319 1152.0
16.0 27.0 16.0 37.0959 39.06301 124.6806 1152.0
16.0 28.0 28.0 84.2843 38.97479 143.1603 47.0
16.0 28.0 16.0 37.0959 39.06301 124.6806 47.0
16.0 33.0 33.0 97.16194 49.95067 149.24041 4.0
16.0 33.0 16.0 37.0959 39.06301 124.6806 4.0
16.0 36.0 36.0 51.1789 19.49479 119.69429 1043.0
16.0 36.0 16.0 37.0959 39.06301 124.6806 1043.0
16.0 37.0 37.0 80.19874 11.05783 113.80531 169.0
16.0 37.0 16.0 37.0959 39.06301 124.6806 169.0
16.0 38.0 38.0 88.68701 68.42791 152.61998 11.0
16.0 38.0 16.0 37.0959 39.06301 124.6806 11.0
16.0 42.0 42.0 56.61928 85.21557 144.95731 170.0
16.0 42.0 16.0 37.0959 39.06301 124.6806 170.0
16.0 44.0 44.0 70.2211 22.72363 131.34583 233.0
16.0 44.0 16.0 37.0959 39.06301 124.6806 233.0
17.0 3.0 3.0 83.11057 3.8233 88.00241 1198.0
17.0 3.0 17.0 122.78117 11.0008 94.596 1198.0
17.0 7.0 7.0 121.64508 13.44284 56.87324 820.0
17.0 7.0 17.0 122.78117 11.0008 94.596 820.0
17.0 10.0 10.0 97.00796 3.91136 61.08635 464.0
17.0 10.0 17.0 122.78117 11.0008 94.596 464.0
17.0 15.0 15.0 145.09278 26.53674 64.69327 909.0
17.0 15.0 17.0 122.78117 11.0008 94.596 909.0
17.0 17.0 17.0 122.78117 11.0008 94.596 4998.0
17.0 17.0 17.0 122.78117 11.0008 94.596 4998.0
17.0 18.0 18.0 159.19937 24.83672 93.92612 593.0
17.0 18.0 17.0 122.78117 11.0008 94.596 593.0
17.0 19.0 19.0 66.40327 15.75987 45.41759 2.0
17.0 19.0 17.0 122.78117 11.0008 94.596 2.0
17.0 23.0 23.0 173.50144 43.54165 77.04858 9.0
17.0 23.0 17.0 122.78117 11.0008 94.596 9.0
17.0 26.0 26.0 132.09674 45.14339 139.12269 75.0
17.0 26.0 17.0 122.78117 11.0008 94.596 75.0
17.0 28.0 28.0 84.2843 38.97479 143.1603 12.0
17.0 28.0 17.0 122.78117 11.0008 94.596 12.0
17.0 29.0 29.0 122.63019 20.57881 121.19585 1509.0
17.0 29.0 17.0 122.78117 11.0008 94.596 1509.0
17.0 31.0 31.0 121.46188 38.93011 35.99609 6.0
17.0 31.0 17.0 122.78117 11.0008 94.596 6.0
17.0 33.0 33.0 97.16194 49.95067 149.24041 2.0
17.0 33.0 17.0 122.78117 11.0008 94.596 2.0
17.0 37.0 37.0 80.19874 11.05783 113.80531 503.0
17.0 37.0 17.0 122.78117 11.0008 94.596 503.0
17.0 40.0 40.0 83.2688 23.52445 42.42218 2.0
17.0 40.0 17.0 122.78117 11.0008 94.596 2.0
17.0 44.0 44.0 70.2211 22.72363 131.34583 4.0
17.0 44.0 17.0 122.78117 11.0008 94.596 4.0
17.0 45.0 45.0 34.99748 116.33313 28.62585 1.0
17.0 45.0 17.0 122.78117 11.0008 94.596 1.0
17.0 47.0 47.0 164.19609 62.73239 126.11026 18.0
17.0 47.0 17.0 122.78117 11.0008 94.596 18.0
18.0 3.0 3.0 83.11057 3.8233 88.00241 1.0
18.0 3.0 18.0 159.19937 24.83672 93.92612 1.0
18.0 7.0 7.0 121.64508 13.44284 56.87324 39.0
18.0 7.0 18.0 159.19937 24.83672 93.92612 39.0
18.0 12.0 12.0 179.80761 86.39592 84.84999 10.0
18.0 12.0 18.0 159.19937 24.83672 93.92612 10.0
18.0 15.0 15.0 145.09278 26.53674 64.69327 1119.0
18.0 15.0 18.0 159.19937 24.83672 93.92612 1119.0
18.0 17.0 17.0 122.78117 11.0008 94.596 627.0
18.0 17.0 18.0 159.19937 24.83672 93.92612 627.0
18.0 18.0 18.0 159.19937 24.83672 93.92612 3200.0
18.0 18.0 18.0 159.19937 24.83672 93.92612 3200.0
18.0 23.0 23.0 173.50144 43.54165 77.04858 972.0
18.0 23.0 18.0 159.19937 24.83672 93.92612 972.0
18.0 25.0 25.0 182.8346 63.98762 100.32316 104.0
18.0 25.0 18.0 159.19937 24.83672 93.92612 104.0
18.0 26.0 26.0 132.09674 45.14339 139.12269 217.0
18.0 26.0 18.0 159.19937 24.83672 93.92612 217.0
18.0 29.0 29.0 122.63019 20.57881 121.19585 577.0
18.0 29.0 18.0 159.19937 24.83672 93.92612 577.0
18.0 31.0 31.0 121.46188 38.93011 35.99609 9.0
18.0 31.0 18.0 159.19937 24.83672 93.92612 9.0
18.0 32.0 32.0 156.98217 89.07998 57.97976 11.0
18.0 32.0 18.0 159.19937 24.83672 93.92612 11.0
18.0 37.0 37.0 80.19874 11.05783 113.80531 2.0
18.0 37.0 18.0 159.19937 24.83672 93.92612 2.0
18.0 47.0 47.0 164.19609 62.73239 126.11026 637.0
18.0 47.0 18.0 159.19937 24.83672 93.92612 637.0
19.0 1.0 1.0 66.23889 89.20081 7.45449 23.0
19.0 1.0 19.0 66.40327 15.75987 45.41759 23.0
19.0 2.0 2.0 27.39125 25.34058 87.71265 12.0
19.0 2.0 19.0 66.40327 15.75987 45.41759 12.0
19.0 3.0 3.0 83.11057 3.8233 88.00241 451.0
19.0 3.0 19.0 66.40327 15.75987 45.41759 451.0
19.0 7.0 7.0 121.64508 13.44284 56.87324 10.0
19.0 7.0 19.0 66.40327 15.75987 45.41759 10.0
19.0 8.0 8.0 108.11851 85.96113 38.66562 1.0
19.0 8.0 19.0 66.40327 15.75987 45.41759 1.0
19.0 10.0 10.0 97.00796 3.91136 61.08635 574.0
19.0 10.0 19.0 66.40327 15.75987 45.41759 574.0
19.0 11.0 11.0 48.54685 14.08293 56.57606 1933.0
19.0 11.0 19.0 66.40327 15.75987 45.41759 1933.0
19.0 13.0 13.0 21.80677 31.1348 56.44683 66.0
19.0 13.0 19.0 66.40327 15.75987 45.41759 66.0
19.0 17.0 17.0 122.78117 11.0008 94.596 1.0
19.0 17.0 19.0 66.40327 15.75987 45.41759 1.0
19.0 19.0 19.0 66.40327 15.75987 45.41759 2147.0
19.0 19.0 19.0 66.40327 15.75987 45.41759 2147.0
19.0 20.0 20.0 85.09795 53.73528 22.32739 572.0
19.0 20.0 19.0 66.40327 15.75987 45.41759 572.0
19.0 21.0 21.0 28.28244 78.10936 19.29641 16.0
19.0 21.0 19.0 66.40327 15.75987 45.41759 16.0
19.0 31.0 31.0 121.46188 38.93011 35.99609 32.0
19.0 31.0 19.0 66.40327 15.75987 45.41759 32.0
19.0 37.0 37.0 80.19874 11.05783 113.80531 20.0
19.0 37.0 19.0 66.40327 15.75987 45.41759 20.0
19.0 39.0 39.0 21.80694 50.15638 32.77845 216.0
19.0 39.0 19.0 66.40327 15.75987 45.41759 216.0
19.0 40.0 40.0 83.2688 23.52445 42.42218 1613.0
19.0 40.0 19.0 66.40327 15.75987 45.41759 1613.0
20.0 1.0 1.0 66.23889 89.20081 7.45449 2041.0
20.0 1.0 20.0 85.09795 53.73528 22.32739 2041.0
20.0 7.0 7.0 121.64508 13.44284 56.87324 10.0
20.0 7.0 20.0 85.09795 53.73528 22.32739 10.0
20.0 8.0 8.0 108.11851 85.96113 38.66562 3171.0
20.0 8.0 20.0 85.09795 53.73528 22.32739 3171.0
20.0 10.0 10.0 97.00796 3.91136 61.08635 26.0
20.0 10.0 20.0 85.09795 53.73528 22.32739 26.0
20.0 11.0 11.0 48.54685 14.08293 56.57606 257.0
20.0 11.0 20.0 85.09795 53.73528 22.32739 257.0
20.0 12.0 12.0 179.80761 86.39592 84.84999 1.0
20.0 12.0 20.0 85.09795 53.73528 22.32739 1.0
20.0 13.0 13.0 21.80677 31.1348 56.44683 8.0
20.0 13.0 20.0 85.09795 53.73528 22.32739 8.0
20.0 14.0 14.0 128.299 116.06156 40.29043 4.0
20.0 14.0 20.0 85.09795 53.73528 22.32739 4.0
20.0 15.0 15.0 145.09278 26.53674 64.69327 1.0
20.0 15.0 20.0 85.09795 53.73528 22.32739 1.0
20.0 19.0 19.0 66.40327 15.75987 45.41759 527.0
20.0 19.0 20.0 85.09795 53.73528 22.32739 527.0
20.0 20.0 20.0 85.09795 53.73528 22.32739 12490.0
20.0 20.0 20.0 85.09795 53.73528 22.32739 12490.0
20.0 21.0 21.0 28.28244 78.10936 19.29641 255.0
20.0 21.0 20.0 85.09795 53.73528 22.32739 255.0
20.0 31.0 31.0 121.46188 38.93011 35.99609 2055.0
20.0 31.0 20.0 85.09795 53.73528 22.32739 2055.0
20.0 32.0 32.0 156.98217 89.07998 57.97976 5.0
20.0 32.0 20.0 85.09795 53.73528 22.32739 5.0
20.0 39.0 39.0 21.80694 50.15638 32.77845 509.0
20.0 39.0 20.0 85.09795 53.73528 22.32739 509.0
20.0 40.0 40.0 83.2688 23.52445 42.42218 1641.0
20.0 40.0 20.0 85.09795 53.73528 22.32739 1641.0
20.0 45.0 45.0 34.99748 116.33313 28.62585 2.0
20.0 45.0 20.0 85.09795 53.73528 22.32739 2.0
21.0 1.0 1.0 66.23889 89.20081 7.45449 1505.0
21.0 1.0 21.0 28.28244 78.10936 19.29641 1505.0
21.0 5.0 5.0 36.15303 130.03034 82.2383 10.0
21.0 5.0 21.0 28.28244 78.10936 19.29641 10.0
21.0 6.0 6.0 5.47746 84.80668 74.3949 616.0
21.0 6.0 21.0 28.28244 78.10936 19.29641 616.0
21.0 8.0 8.0 108.11851 85.96113 38.66562 3.0
21.0 8.0 21.0 28.28244 78.10936 19.29641 3.0
21.0 11.0 11.0 48.54685 14.08293 56.57606 39.0
21.0 11.0 21.0 28.28244 78.10936 19.29641 39.0
21.0 12.0 12.0 179.80761 86.39592 84.84999 1.0
21.0 12.0 21.0 28.28244 78.10936 19.29641 1.0
21.0 13.0 13.0 21.80677 31.1348 56.44683 9.0
21.0 13.0 21.0 28.28244 78.10936 19.29641 9.0
21.0 19.0 19.0 66.40327 15.75987 45.41759 13.0
21.0 19.0 21.0 28.28244 78.10936 19.29641 13.0
21.0 20.0 20.0 85.09795 53.73528 22.32739 247.0
21.0 20.0 21.0 28.28244 78.10936 19.29641 247.0
21.0 21.0 21.0 28.28244 78.10936 19.29641 6437.0
21.0 21.0 21.0 28.28244 78.10936 19.29641 6437.0
21.0 39.0 39.0 21.80694 50.15638 32.77845 2246.0
21.0 39.0 21.0 28.28244 78.10936 19.29641 2246.0
21.0 40.0 40.0 83.2688 23.52445 42.42218 3.0
21.0 40.0 21.0 28.28244 78.10936 19.29641 3.0
21.0 45.0 45.0 34.99748 116.33313 28.62585 1907.0
21.0 45.0 21.0 28.28244 78.10936 19.29641 1907.0
22.0 0.0 0.0 55.13906 48.84341 141.96733 602.0
22.0 0.0 22.0 25.08454 80.03979 119.45127 602.0
22.0 2.0 2.0 27.39125 25.34058 87.71265 78.0
22.0 2.0 22.0 25.08454 80.03979 119.45127 78.0
22.0 4.0 4.0 72.04337 108.387 139.67081 459.0
22.0 4.0 22.0 25.08454 80.03979 119.45127 459.0
22.0 5.0 5.0 36.15303 130.03034 82.2383 1187.0
22.0 5.0 22.0 25.08454 80.03979 119.45127 1187.0
22.0 6.0 6.0 5.47746 84.80668 74.3949 1916.0
22.0 6.0 22.0 25.08454 80.03979 119.45127 1916.0
22.0 8.0 8.0 108.11851 85.96113 38.66562 1.0
22.0 8.0 22.0 25.08454 80.03979 119.45127 1.0
22.0 13.0 13.0 21.80677 31.1348 56.44683 5.0
22.0 13.0 22.0 25.08454 80.03979 119.45127 5.0
22.0 16.0 16.0 37.0959 39.06301 124.6806 1204.0
22.0 16.0 22.0 25.08454 80.03979 119.45127 1204.0
22.0 22.0 22.0 25.08454 80.03979 119.45127 13891.0
22.0 22.0 22.0 25.08454 80.03979 119.45127 13891.0
22.0 27.0 27.0 18.73047 45.32822 103.7319 1335.0
22.0 27.0 22.0 25.08454 80.03979 119.45127 1335.0
22.0 28.0 28.0 84.2843 38.97479 143.1603 17.0
22.0 28.0 22.0 25.08454 80.03979 119.45127 17.0
22.0 33.0 33.0 97.16194 49.95067 149.24041 2.0
22.0 33.0 22.0 25.08454 80.03979 119.45127 2.0
22.0 36.0 36.0 51.1789 19.49479 119.69429 16.0
22.0 36.0 22.0 25.08454 80.03979 119.45127 16.0
22.0 37.0 37.0 80.19874 11.05783 113.80531 1.0
22.0 37.0 22.0 25.08454 80.03979 119.45127 1.0
22.0 38.0 38.0 88.68701 68.42791 152.61998 25.0
22.0 38.0 22.0 25.08454 80.03979 119.45127 25.0
22.0 41.0 41.0 59.81725 126.02172 122.52325 689.0
22.0 41.0 22.0 25.08454 80.03979 119.45127 689.0
22.0 42.0 42.0 56.61928 85.21557 144.95731 1697.0
22.0 42.0 22.0 25.08454 80.03979 119.45127 1697.0
22.0 43.0 43.0 101.71906 137.7268 99.13945 1.0
22.0 43.0 22.0 25.08454 80.03979 119.45127 1.0
22.0 44.0 44.0 70.2211 22.72363 131.34583 2.0
22.0 44.0 22.0 25.08454 80.03979 119.45127 2.0
23.0 7.0 7.0 121.64508 13.44284 56.87324 15.0
23.0 7.0 23.0 173.50144 43.54165 77.04858 15.0
23.0 8.0 8.0 108.11851 85.96113 38.66562 5.0
23.0 8.0 23.0 173.50144 43.54165 77.04858 5.0
23.0 12.0 12.0 179.80761 86.39592 84.84999 575.0
23.0 12.0 23.0 173.50144 43.54165 77.04858 575.0
23.0 15.0 15.0 145.09278 26.53674 64.69327 780.0
23.0 15.0 23.0 173.50144 43.54165 77.04858 780.0
23.0 17.0 17.0 122.78117 11.0008 94.596 8.0
23.0 17.0 23.0 173.50144 43.54165 77.04858 8.0
23.0 18.0 18.0 159.19937 24.83672 93.92612 1035.0
23.0 18.0 23.0 173.50144 43.54165 77.04858 1035.0
23.0 23.0 23.0 173.50144 43.54165 77.04858 3295.0
23.0 23.0 23.0 173.50144 43.54165 77.04858 3295.0
23.0 25.0 25.0 182.8346 63.98762 100.32316 764.0
23.0 25.0 23.0 173.50144 43.54165 77.04858 764.0
23.0 26.0 26.0 132.09674 45.14339 139.12269 10.0
23.0 26.0 23.0 173.50144 43.54165 77.04858 10.0
23.0 29.0 29.0 122.63019 20.57881 121.19585 9.0
23.0 29.0 23.0 173.50144 43.54165 77.04858 9.0
23.0 31.0 31.0 121.46188 38.93011 35.99609 124.0
23.0 31.0 23.0 173.50144 43.54165 77.04858 124.0
23.0 32.0 32.0 156.98217 89.07998 57.97976 520.0
23.0 32.0 23.0 173.50144 43.54165 77.04858 520.0
23.0 37.0 37.0 80.19874 11.05783 113.80531 1.0
23.0 37.0 23.0 173.50144 43.54165 77.04858 1.0
23.0 47.0 47.0 164.19609 62.73239 126.11026 334.0
23.0 47.0 23.0 173.50144 43.54165 77.04858 334.0
24.0 0.0 0.0 55.13906 48.84341 141.96733 9.0
24.0 0.0 24.0 107.87937 87.21567 149.14999 9.0
24.0 4.0 4.0 72.04337 108.387 139.67081 1537.0
24.0 4.0 24.0 107.87937 87.21567 149.14999 1537.0
24.0 9.0 9.0 78.53686 139.95035 102.56471 20.0
24.0 9.0 24.0 107.87937 87.21567 149.14999 20.0
24.0 24.0 24.0 107.87937 87.21567 149.14999 8922.0
24.0 24.0 24.0 107.87937 87.21567 149.14999 8922.0
24.0 26.0 26.0 132.09674 45.14339 139.12269 907.0
24.0 26.0 24.0 107.87937 87.21567 149.14999 907.0
24.0 28.0 28.0 84.2843 38.97479 143.1603 36.0
24.0 28.0 24.0 107.87937 87.21567 149.14999 36.0
24.0 30.0 30.0 88.32761 139.9409 62.70703 1.0
24.0 30.0 24.0 107.87937 87.21567 149.14999 1.0
24.0 33.0 33.0 97.16194 49.95067 149.24041 476.0
24.0 33.0 24.0 107.87937 87.21567 149.14999 476.0
24.0 34.0 34.0 127.75872 111.25033 129.59891 2571.0
24.0 34.0 24.0 107.87937 87.21567 149.14999 2571.0
24.0 35.0 35.0 147.79815 121.13749 95.66219 5.0
24.0 35.0 24.0 107.87937 87.21567 149.14999 5.0
24.0 38.0 38.0 88.68701 68.42791 152.61998 1944.0
24.0 38.0 24.0 107.87937 87.21567 149.14999 1944.0
24.0 41.0 41.0 59.81725 126.02172 122.52325 82.0
24.0 41.0 24.0 107.87937 87.21567 149.14999 82.0
24.0 42.0 42.0 56.61928 85.21557 144.95731 521.0
24.0 42.0 24.0 107.87937 87.21567 149.14999 521.0
24.0 43.0 43.0 101.71906 137.7268 99.13945 8.0
24.0 43.0 24.0 107.87937 87.21567 149.14999 8.0
24.0 44.0 44.0 70.2211 22.72363 131.34583 2.0
24.0 44.0 24.0 107.87937 87.21567 149.14999 2.0
24.0 47.0 47.0 164.19609 62.73239 126.11026 199.0
24.0 47.0 24.0 107.87937 87.21567 149.14999 199.0
25.0 7.0 7.0 121.64508 13.44284 56.87324 1.0
25.0 7.0 25.0 182.8346 63.98762 100.32316 1.0
25.0 12.0 12.0 179.80761 86.39592 84.84999 1215.0
25.0 12.0 25.0 182.8346 63.98762 100.32316 1215.0
25.0 15.0 15.0 145.09278 26.53674 64.69327 7.0
25.0 15.0 25.0 182.8346 63.98762 100.32316 7.0
25.0 18.0 18.0 159.19937 24.83672 93.92612 123.0
25.0 18.0 25.0 182.8346 63.98762 100.32316 123.0
25.0 23.0 23.0 173.50144 43.54165 77.04858 742.0
25.0 23.0 25.0 182.8346 63.98762 100.32316 742.0
25.0 25.0 25.0 182.8346 63.98762 100.32316 2203.0
25.0 25.0 25.0 182.8346 63.98762 100.32316 2203.0
25.0 26.0 26.0 132.09674 45.14339 139.12269 6.0
25.0 26.0 25.0 182.8346 63.98762 100.32316 6.0
25.0 29.0 29.0 122.63019 20.57881 121.19585 1.0
25.0 29.0 25.0 182.8346 63.98762 100.32316 1.0
25.0 32.0 32.0 156.98217 89.07998 57.97976 43.0
25.0 32.0 25.0 182.8346 63.98762 100.32316 43.0
25.0 34.0 34.0 127.75872 111.25033 129.59891 26.0
25.0 34.0 25.0 182.8346 63.98762 100.32316 26.0
25.0 35.0 35.0 147.79815 121.13749 95.66219 78.0
25.0 35.0 25.0 182.8346 63.98762 100.32316 78.0
25.0 46.0 46.0 114.46245 130.25829 52.70966 1.0
25.0 46.0 25.0 182.8346 63.98762 100.32316 1.0
25.0 47.0 47.0 164.19609 62.73239 126.11026 1220.0
25.0 47.0 25.0 182.8346 63.98762 100.32316 1220.0
26.0 0.0 0.0 55.13906 48.84341 141.96733 1.0
26.0 0.0 26.0 132.09674 45.14339 139.12269 1.0
26.0 3.0 3.0 83.11057 3.8233 88.00241 3.0
26.0 3.0 26.0 132.09674 45.14339 139.12269 3.0
26.0 15.0 15.0 145.09278 26.53674 64.69327 1.0
26.0 15.0 26.0 132.09674 45.14339 139.12269 1.0
26.0 17.0 17.0 122.78117 11.0008 94.596 92.0
26.0 17.0 26.0 132.09674 45.14339 139.12269 92.0
26.0 18.0 18.0 159.19937 24.83672 93.92612 227.0
26.0 18.0 26.0 132.09674 45.14339 139.12269 227.0
26.0 23.0 23.0 173.50144 43.54165 77.04858 3.0
26.0 23.0 26.0 132.09674 45.14339 139.12269 3.0
26.0 24.0 24.0 107.87937 87.21567 149.14999 990.0
26.0 24.0 26.0 132.09674 45.14339 139.12269 990.0
26.0 25.0 25.0 182.8346 63.98762 100.32316 4.0
26.0 25.0 26.0 132.09674 45.14339 139.12269 4.0
26.0 26.0 26.0 132.09674 45.14339 139.12269 8095.0
26.0 26.0 26.0 132.09674 45.14339 139.12269 8095.0
26.0 28.0 28.0 84.2843 38.97479 143.1603 452.0
26.0 28.0 26.0 132.09674 45.14339 139.12269 452.0
26.0 29.0 29.0 122.63019 20.57881 121.19585 1849.0
26.0 29.0 26.0 132.09674 45.14339 139.12269 1849.0
26.0 33.0 33.0 97.16194 49.95067 149.24041 1091.0
26.0 33.0 26.0 132.09674 45.14339 139.12269 1091.0
26.0 34.0 34.0 127.75872 111.25033 129.59891 283.0
26.0 34.0 26.0 132.09674 45.14339 139.12269 283.0
26.0 35.0 35.0 147.79815 121.13749 95.66219 1.0
26.0 35.0 26.0 132.09674 45.14339 139.12269 1.0
26.0 37.0 37.0 80.19874 11.05783 113.80531 108.0
26.0 37.0 26.0 132.09674 45.14339 139.12269 108.0
26.0 38.0 38.0 88.68701 68.42791 152.61998 407.0
26.0 38.0 26.0 132.09674 45.14339 139.12269 407.0
26.0 44.0 44.0 70.2211 22.72363 131.34583 13.0
26.0 44.0 26.0 132.09674 45.14339 139.12269 13.0
26.0 47.0 47.0 164.19609 62.73239 126.11026 1692.0
26.0 47.0 26.0 132.09674 45.14339 139.12269 1692.0
27.0 0.0 0.0 55.13906 48.84341 141.96733 43.0
27.0 0.0 27.0 18.73047 45.32822 103.7319 43.0
27.0 2.0 2.0 27.39125 25.34058 87.71265 1619.0
27.0 2.0 27.0 18.73047 45.32822 103.7319 1619.0
27.0 3.0 3.0 83.11057 3.8233 88.00241 1.0
27.0 3.0 27.0 18.73047 45.32822 103.7319 1.0
27.0 5.0 5.0 36.15303 130.03034 82.2383 1.0
27.0 5.0 27.0 18.73047 45.32822 103.7319 1.0
27.0 6.0 6.0 5.47746 84.80668 74.3949 790.0
27.0 6.0 27.0 18.73047 45.32822 103.7319 790.0
27.0 11.0 11.0 48.54685 14.08293 56.57606 20.0
27.0 11.0 27.0 18.73047 45.32822 103.7319 20.0
27.0 13.0 13.0 21.80677 31.1348 56.44683 133.0
27.0 13.0 27.0 18.73047 45.32822 103.7319 133.0
27.0 16.0 16.0 37.0959 39.06301 124.6806 1296.0
27.0 16.0 27.0 18.73047 45.32822 103.7319 1296.0
27.0 22.0 22.0 25.08454 80.03979 119.45127 1333.0
27.0 22.0 27.0 18.73047 45.32822 103.7319 1333.0
27.0 27.0 27.0 18.73047 45.32822 103.7319 3324.0
27.0 27.0 27.0 18.73047 45.32822 103.7319 3324.0
27.0 36.0 36.0 51.1789 19.49479 119.69429 84.0
27.0 36.0 27.0 18.73047 45.32822 103.7319 84.0
27.0 37.0 37.0 80.19874 11.05783 113.80531 8.0
27.0 37.0 27.0 18.73047 45.32822 103.7319 8.0
27.0 39.0 39.0 21.80694 50.15638 32.77845 24.0
27.0 39.0 27.0 18.73047 45.32822 103.7319 24.0
27.0 42.0 42.0 56.61928 85.21557 144.95731 2.0
27.0 42.0 27.0 18.73047 45.32822 103.7319 2.0
27.0 44.0 44.0 70.2211 22.72363 131.34583 7.0
27.0 44.0 27.0 18.73047 45.32822 103.7319 7.0
28.0 0.0 0.0 55.13906 48.84341 141.96733 1126.0
28.0 0.0 28.0 84.2843 38.97479 143.1603 1126.0
28.0 3.0 3.0 83.11057 3.8233 88.00241 6.0
28.0 3.0 28.0 84.2843 38.97479 143.1603 6.0
28.0 4.0 4.0 72.04337 108.387 139.67081 5.0
28.0 4.0 28.0 84.2843 38.97479 143.1603 5.0
28.0 5.0 5.0 36.15303 130.03034 82.2383 1.0
28.0 5.0 28.0 84.2843 38.97479 143.1603 1.0
28.0 16.0 16.0 37.0959 39.06301 124.6806 45.0
28.0 16.0 28.0 84.2843 38.97479 143.1603 45.0
28.0 17.0 17.0 122.78117 11.0008 94.596 10.0
28.0 17.0 28.0 84.2843 38.97479 143.1603 10.0
28.0 22.0 22.0 25.08454 80.03979 119.45127 17.0
28.0 22.0 28.0 84.2843 38.97479 143.1603 17.0
28.0 24.0 24.0 107.87937 87.21567 149.14999 35.0
28.0 24.0 28.0 84.2843 38.97479 143.1603 35.0
28.0 26.0 26.0 132.09674 45.14339 139.12269 403.0
28.0 26.0 28.0 84.2843 38.97479 143.1603 403.0
28.0 28.0 28.0 84.2843 38.97479 143.1603 3159.0
28.0 28.0 28.0 84.2843 38.97479 143.1603 3159.0
28.0 29.0 29.0 122.63019 20.57881 121.19585 470.0
28.0 29.0 28.0 84.2843 38.97479 143.1603 470.0
28.0 33.0 33.0 97.16194 49.95067 149.24041 1627.0
28.0 33.0 28.0 84.2843 38.97479 143.1603 1627.0
28.0 36.0 36.0 51.1789 19.49479 119.69429 79.0
28.0 36.0 28.0 84.2843 38.97479 143.1603 79.0
28.0 37.0 37.0 80.19874 11.05783 113.80531 697.0
28.0 37.0 28.0 84.2843 38.97479 143.1603 697.0
28.0 38.0 38.0 88.68701 68.42791 152.61998 597.0
28.0 38.0 28.0 84.2843 38.97479 143.1603 597.0
28.0 42.0 42.0 56.61928 85.21557 144.95731 172.0
28.0 42.0 28.0 84.2843 38.97479 143.1603 172.0
28.0 44.0 44.0 70.2211 22.72363 131.34583 950.0
28.0 44.0 28.0 84.2843 38.97479 143.1603 950.0
29.0 0.0 0.0 55.13906 48.84341 141.96733 2.0
29.0 0.0 29.0 122.63019 20.57881 121.19585 2.0
29.0 3.0 3.0 83.11057 3.8233 88.00241 222.0
29.0 3.0 29.0 122.63019 20.57881 121.19585 222.0
29.0 7.0 7.0 121.64508 13.44284 56.87324 10.0
29.0 7.0 29.0 122.63019 20.57881 121.19585 10.0
29.0 10.0 10.0 97.00796 3.91136 61.08635 3.0
29.0 10.0 29.0 122.63019 20.57881 121.19585 3.0
29.0 15.0 15.0 145.09278 26.53674 64.69327 58.0
29.0 15.0 29.0 122.63019 20.57881 121.19585 58.0
29.0 17.0 17.0 122.78117 11.0008 94.596 1610.0
29.0 17.0 29.0 122.63019 20.57881 121.19585 1610.0
29.0 18.0 18.0 159.19937 24.83672 93.92612 510.0
29.0 18.0 29.0 122.63019 20.57881 121.19585 510.0
29.0 23.0 23.0 173.50144 43.54165 77.04858 14.0
29.0 23.0 29.0 122.63019 20.57881 121.19585 14.0
29.0 25.0 25.0 182.8346 63.98762 100.32316 1.0
29.0 25.0 29.0 122.63019 20.57881 121.19585 1.0
29.0 26.0 26.0 132.09674 45.14339 139.12269 1836.0
29.0 26.0 29.0 122.63019 20.57881 121.19585 1836.0
29.0 28.0 28.0 84.2843 38.97479 143.1603 448.0
29.0 28.0 29.0 122.63019 20.57881 121.19585 448.0
29.0 29.0 29.0 122.63019 20.57881 121.19585 4765.0
29.0 29.0 29.0 122.63019 20.57881 121.19585 4765.0
29.0 33.0 33.0 97.16194 49.95067 149.24041 190.0
29.0 33.0 29.0 122.63019 20.57881 121.19585 190.0
29.0 37.0 37.0 80.19874 11.05783 113.80531 1185.0
29.0 37.0 29.0 122.63019 20.57881 121.19585 1185.0
29.0 38.0 38.0 88.68701 68.42791 152.61998 4.0
29.0 38.0 29.0 122.63019 20.57881 121.19585 4.0
29.0 44.0 44.0 70.2211 22.72363 131.34583 82.0
29.0 44.0 29.0 122.63019 20.57881 121.19585 82.0
29.0 46.0 46.0 114.46245 130.25829 52.70966 1.0
29.0 46.0 29.0 122.63019 20.57881 121.19585 1.0
29.0 47.0 47.0 164.19609 62.73239 126.11026 229.0
29.0 47.0 29.0 122.63019 20.57881 121.19585 229.0
30.0 1.0 1.0 66.23889 89.20081 7.45449 317.0
30.0 1.0 30.0 88.32761 139.9409 62.70703 317.0
30.0 5.0 5.0 36.15303 130.03034 82.2383 1701.0
30.0 5.0 30.0 88.32761 139.9409 62.70703 1701.0
30.0 8.0 8.0 108.11851 85.96113 38.66562 585.0
30.0 8.0 30.0 88.32761 139.9409 62.70703 585.0
30.0 9.0 9.0 78.53686 139.95035 102.56471 1141.0
30.0 9.0 30.0 88.32761 139.9409 62.70703 1141.0
30.0 14.0 14.0 128.299 116.06156 40.29043 216.0
30.0 14.0 30.0 88.32761 139.9409 62.70703 216.0
30.0 23.0 23.0 173.50144 43.54165 77.04858 1.0
30.0 23.0 30.0 88.32761 139.9409 62.70703 1.0
30.0 30.0 30.0 88.32761 139.9409 62.70703 14919.0
30.0 30.0 30.0 88.32761 139.9409 62.70703 14919.0
30.0 32.0 32.0 156.98217 89.07998 57.97976 2.0
30.0 32.0 30.0 88.32761 139.9409 62.70703 2.0
30.0 34.0 34.0 127.75872 111.25033 129.59891 68.0
30.0 34.0 30.0 88.32761 139.9409 62.70703 68.0
30.0 35.0 35.0 147.79815 121.13749 95.66219 726.0
30.0 35.0 30.0 88.32761 139.9409 62.70703 726.0
30.0 41.0 41.0 59.81725 126.02172 122.52325 21.0
30.0 41.0 30.0 88.32761 139.9409 62.70703 21.0
30.0 43.0 43.0 101.71906 137.7268 99.13945 2237.0
30.0 43.0 30.0 88.32761 139.9409 62.70703 2237.0
30.0 45.0 45.0 34.99748 116.33313 28.62585 759.0
30.0 45.0 30.0 88.32761 139.9409 62.70703 759.0
30.0 46.0 46.0 114.46245 130.25829 52.70966 3352.0
30.0 46.0 30.0 88.32761 139.9409 62.70703 3352.0
31.0 1.0 1.0 66.23889 89.20081 7.45449 1.0
31.0 1.0 31.0 121.46188 38.93011 35.99609 1.0
31.0 3.0 3.0 83.11057 3.8233 88.00241 1.0
31.0 3.0 31.0 121.46188 38.93011 35.99609 1.0
31.0 7.0 7.0 121.64508 13.44284 56.87324 1619.0
31.0 7.0 31.0 121.46188 38.93011 35.99609 1619.0
31.0 8.0 8.0 108.11851 85.96113 38.66562 1982.0
31.0 8.0 31.0 121.46188 38.93011 35.99609 1982.0
31.0 10.0 10.0 97.00796 3.91136 61.08635 395.0
31.0 10.0 31.0 121.46188 38.93011 35.99609 395.0
31.0 11.0 11.0 48.54685 14.08293 56.57606 3.0
31.0 11.0 31.0 121.46188 38.93011 35.99609 3.0
31.0 12.0 12.0 179.80761 86.39592 84.84999 7.0
31.0 12.0 31.0 121.46188 38.93011 35.99609 7.0
31.0 14.0 14.0 128.299 116.06156 40.29043 3.0
31.0 14.0 31.0 121.46188 38.93011 35.99609 3.0
31.0 15.0 15.0 145.09278 26.53674 64.69327 1345.0
31.0 15.0 31.0 121.46188 38.93011 35.99609 1345.0
31.0 17.0 17.0 122.78117 11.0008 94.596 6.0
31.0 17.0 31.0 121.46188 38.93011 35.99609 6.0
31.0 18.0 18.0 159.19937 24.83672 93.92612 10.0
31.0 18.0 31.0 121.46188 38.93011 35.99609 10.0
31.0 19.0 19.0 66.40327 15.75987 45.41759 27.0
31.0 19.0 31.0 121.46188 38.93011 35.99609 27.0
31.0 20.0 20.0 85.09795 53.73528 22.32739 2157.0
31.0 20.0 31.0 121.46188 38.93011 35.99609 2157.0
31.0 23.0 23.0 173.50144 43.54165 77.04858 115.0
31.0 23.0 31.0 121.46188 38.93011 35.99609 115.0
31.0 31.0 31.0 121.46188 38.93011 35.99609 11854.0
31.0 31.0 31.0 121.46188 38.93011 35.99609 11854.0
31.0 32.0 32.0 156.98217 89.07998 57.97976 528.0
31.0 32.0 31.0 121.46188 38.93011 35.99609 528.0
31.0 40.0 40.0 83.2688 23.52445 42.42218 1058.0
31.0 40.0 31.0 121.46188 38.93011 35.99609 1058.0
31.0 45.0 45.0 34.99748 116.33313 28.62585 1.0
31.0 45.0 31.0 121.46188 38.93011 35.99609 1.0
32.0 7.0 7.0 121.64508 13.44284 56.87324 5.0
32.0 7.0 32.0 156.98217 89.07998 57.97976 5.0
32.0 8.0 8.0 108.11851 85.96113 38.66562 1614.0
32.0 8.0 32.0 156.98217 89.07998 57.97976 1614.0
32.0 12.0 12.0 179.80761 86.39592 84.84999 1644.0
32.0 12.0 32.0 156.98217 89.07998 57.97976 1644.0
32.0 14.0 14.0 128.299 116.06156 40.29043 1490.0
32.0 14.0 32.0 156.98217 89.07998 57.97976 1490.0
32.0 15.0 15.0 145.09278 26.53674 64.69327 365.0
32.0 15.0 32.0 156.98217 89.07998 57.97976 365.0
32.0 18.0 18.0 159.19937 24.83672 93.92612 7.0
32.0 18.0 32.0 156.98217 89.07998 57.97976 7.0
32.0 20.0 20.0 85.09795 53.73528 22.32739 11.0
32.0 20.0 32.0 156.98217 89.07998 57.97976 11.0
32.0 23.0 23.0 173.50144 43.54165 77.04858 442.0
32.0 23.0 32.0 156.98217 89.07998 57.97976 442.0
32.0 25.0 25.0 182.8346 63.98762 100.32316 52.0
32.0 25.0 32.0 156.98217 89.07998 57.97976 52.0
32.0 30.0 30.0 88.32761 139.9409 62.70703 4.0
32.0 30.0 32.0 156.98217 89.07998 57.97976 4.0
32.0 31.0 31.0 121.46188 38.93011 35.99609 572.0
32.0 31.0 32.0 156.98217 89.07998 57.97976 572.0
32.0 32.0 32.0 156.98217 89.07998 57.97976 9193.0
32.0 32.0 32.0 156.98217 89.07998 57.97976 9193.0
32.0 35.0 35.0 147.79815 121.13749 95.66219 916.0
32.0 35.0 32.0 156.98217 89.07998 57.97976 916.0
32.0 46.0 46.0 114.46245 130.25829 52.70966 300.0
32.0 46.0 32.0 156.98217 89.07998 57.97976 300.0
32.0 47.0 47.0 164.19609 62.73239 126.11026 1.0
32.0 47.0 32.0 156.98217 89.07998 57.97976 1.0
33.0 0.0 0.0 55.13906 48.84341 141.96733 229.0
33.0 0.0 33.0 97.16194 49.95067 149.24041 229.0
33.0 4.0 4.0 72.04337 108.387 139.67081 7.0
33.0 4.0 33.0 97.16194 49.95067 149.24041 7.0
33.0 16.0 16.0 37.0959 39.06301 124.6806 4.0
33.0 16.0 33.0 97.16194 49.95067 149.24041 4.0
33.0 17.0 17.0 122.78117 11.0008 94.596 2.0
33.0 17.0 33.0 97.16194 49.95067 149.24041 2.0
33.0 18.0 18.0 159.19937 24.83672 93.92612 1.0
33.0 18.0 33.0 97.16194 49.95067 149.24041 1.0
33.0 22.0 22.0 25.08454 80.03979 119.45127 1.0
33.0 22.0 33.0 97.16194 49.95067 149.24041 1.0
33.0 24.0 24.0 107.87937 87.21567 149.14999 514.0
33.0 24.0 33.0 97.16194 49.95067 149.24041 514.0
33.0 26.0 26.0 132.09674 45.14339 139.12269 1068.0
33.0 26.0 33.0 97.16194 49.95067 149.24041 1068.0
33.0 28.0 28.0 84.2843 38.97479 143.1603 1607.0
33.0 28.0 33.0 97.16194 49.95067 149.24041 1607.0
33.0 29.0 29.0 122.63019 20.57881 121.19585 200.0
33.0 29.0 33.0 97.16194 49.95067 149.24041 200.0
33.0 33.0 33.0 97.16194 49.95067 149.24041 2676.0
33.0 33.0 33.0 97.16194 49.95067 149.24041 2676.0
33.0 34.0 34.0 127.75872 111.25033 129.59891 2.0
33.0 34.0 33.0 97.16194 49.95067 149.24041 2.0
33.0 37.0 37.0 80.19874 11.05783 113.80531 94.0
33.0 37.0 33.0 97.16194 49.95067 149.24041 94.0
33.0 38.0 38.0 88.68701 68.42791 152.61998 1568.0
33.0 38.0 33.0 97.16194 49.95067 149.24041 1568.0
33.0 42.0 42.0 56.61928 85.21557 144.95731 136.0
33.0 42.0 33.0 97.16194 49.95067 149.24041 136.0
33.0 44.0 44.0 70.2211 22.72363 131.34583 114.0
33.0 44.0 33.0 97.16194 49.95067 149.24041 114.0
33.0 47.0 47.0 164.19609 62.73239 126.11026 3.0
33.0 47.0 33.0 97.16194 49.95067 149.24041 3.0
34.0 4.0 4.0 72.04337 108.387 139.67081 915.0
34.0 4.0 34.0 127.75872 111.25033 129.59891 915.0
34.0 5.0 5.0 36.15303 130.03034 82.2383 1.0
34.0 5.0 34.0 127.75872 111.25033 129.59891 1.0
34.0 9.0 9.0 78.53686 139.95035 102.56471 594.0
34.0 9.0 34.0 127.75872 111.25033 129.59891 594.0
34.0 12.0 12.0 179.80761 86.39592 84.84999 83.0
34.0 12.0 34.0 127.75872 111.25033 129.59891 83.0
34.0 14.0 14.0 128.299 116.06156 40.29043 2.0
34.0 14.0 34.0 127.75872 111.25033 129.59891 2.0
34.0 24.0 24.0 107.87937 87.21567 149.14999 2615.0
34.0 24.0 34.0 127.75872 111.25033 129.59891 2615.0
34.0 25.0 25.0 182.8346 63.98762 100.32316 23.0
34.0 25.0 34.0 127.75872 111.25033 129.59891 23.0
34.0 26.0 26.0 132.09674 45.14339 139.12269 305.0
34.0 26.0 34.0 127.75872 111.25033 129.59891 305.0
34.0 30.0 30.0 88.32761 139.9409 62.70703 86.0
34.0 30.0 34.0 127.75872 111.25033 129.59891 86.0
34.0 32.0 32.0 156.98217 89.07998 57.97976 5.0
34.0 32.0 34.0 127.75872 111.25033 129.59891 5.0
34.0 33.0 33.0 97.16194 49.95067 149.24041 7.0
34.0 33.0 34.0 127.75872 111.25033 129.59891 7.0
34.0 34.0 34.0 127.75872 111.25033 129.59891 17025.0
34.0 34.0 34.0 127.75872 111.25033 129.59891 17025.0
34.0 35.0 35.0 147.79815 121.13749 95.66219 2561.0
34.0 35.0 34.0 127.75872 111.25033 129.59891 2561.0
34.0 38.0 38.0 88.68701 68.42791 152.61998 28.0
34.0 38.0 34.0 127.75872 111.25033 129.59891 28.0
34.0 41.0 41.0 59.81725 126.02172 122.52325 414.0
34.0 41.0 34.0 127.75872 111.25033 129.59891 414.0
34.0 42.0 42.0 56.61928 85.21557 144.95731 6.0
34.0 42.0 34.0 127.75872 111.25033 129.59891 6.0
34.0 43.0 43.0 101.71906 137.7268 99.13945 1424.0
34.0 43.0 34.0 127.75872 111.25033 129.59891 1424.0
34.0 46.0 46.0 114.46245 130.25829 52.70966 6.0
34.0 46.0 34.0 127.75872 111.25033 129.59891 6.0
34.0 47.0 47.0 164.19609 62.73239 126.11026 1132.0
34.0 47.0 34.0 127.75872 111.25033 129.59891 1132.0
35.0 8.0 8.0 108.11851 85.96113 38.66562 4.0
35.0 8.0 35.0 147.79815 121.13749 95.66219 4.0
35.0 9.0 9.0 78.53686 139.95035 102.56471 24.0
35.0 9.0 35.0 147.79815 121.13749 95.66219 24.0
35.0 12.0 12.0 179.80761 86.39592 84.84999 1151.0
35.0 12.0 35.0 147.79815 121.13749 95.66219 1151.0
35.0 14.0 14.0 128.299 116.06156 40.29043 311.0
35.0 14.0 35.0 147.79815 121.13749 95.66219 311.0
35.0 24.0 24.0 107.87937 87.21567 149.14999 3.0
35.0 24.0 35.0 147.79815 121.13749 95.66219 3.0
35.0 25.0 25.0 182.8346 63.98762 100.32316 79.0
35.0 25.0 35.0 147.79815 121.13749 95.66219 79.0
35.0 26.0 26.0 132.09674 45.14339 139.12269 1.0
35.0 26.0 35.0 147.79815 121.13749 95.66219 1.0
35.0 28.0 28.0 84.2843 38.97479 143.1603 1.0
35.0 28.0 35.0 147.79815 121.13749 95.66219 1.0
35.0 30.0 30.0 88.32761 139.9409 62.70703 730.0
35.0 30.0 35.0 147.79815 121.13749 95.66219 730.0
35.0 32.0 32.0 156.98217 89.07998 57.97976 878.0
35.0 32.0 35.0 147.79815 121.13749 95.66219 878.0
35.0 34.0 34.0 127.75872 111.25033 129.59891 2647.0
35.0 34.0 35.0 147.79815 121.13749 95.66219 2647.0
35.0 35.0 35.0 147.79815 121.13749 95.66219 11345.0
35.0 35.0 35.0 147.79815 121.13749 95.66219 11345.0
35.0 41.0 41.0 59.81725 126.02172 122.52325 1.0
35.0 41.0 35.0 147.79815 121.13749 95.66219 1.0
35.0 43.0 43.0 101.71906 137.7268 99.13945 911.0
35.0 43.0 35.0 147.79815 121.13749 95.66219 911.0
35.0 46.0 46.0 114.46245 130.25829 52.70966 1155.0
35.0 46.0 35.0 147.79815 121.13749 95.66219 1155.0
35.0 47.0 47.0 164.19609 62.73239 126.11026 329.0
35.0 47.0 35.0 147.79815 121.13749 95.66219 329.0
36.0 0.0 0.0 55.13906 48.84341 141.96733 495.0
36.0 0.0 36.0 51.1789 19.49479 119.69429 495.0
36.0 2.0 2.0 27.39125 25.34058 87.71265 500.0
36.0 2.0 36.0 51.1789 19.49479 119.69429 500.0
36.0 3.0 3.0 83.11057 3.8233 88.00241 166.0
36.0 3.0 36.0 51.1789 19.49479 119.69429 166.0
36.0 11.0 11.0 48.54685 14.08293 56.57606 65.0
36.0 11.0 36.0 51.1789 19.49479 119.69429 65.0
36.0 13.0 13.0 21.80677 31.1348 56.44683 3.0
36.0 13.0 36.0 51.1789 19.49479 119.69429 3.0
36.0 16.0 16.0 37.0959 39.06301 124.6806 1001.0
36.0 16.0 36.0 51.1789 19.49479 119.69429 1001.0
36.0 22.0 22.0 25.08454 80.03979 119.45127 8.0
36.0 22.0 36.0 51.1789 19.49479 119.69429 8.0
36.0 27.0 27.0 18.73047 45.32822 103.7319 102.0
36.0 27.0 36.0 51.1789 19.49479 119.69429 102.0
36.0 28.0 28.0 84.2843 38.97479 143.1603 79.0
36.0 28.0 36.0 51.1789 19.49479 119.69429 79.0
36.0 29.0 29.0 122.63019 20.57881 121.19585 1.0
36.0 29.0 36.0 51.1789 19.49479 119.69429 1.0
36.0 33.0 33.0 97.16194 49.95067 149.24041 4.0
36.0 33.0 36.0 51.1789 19.49479 119.69429 4.0
36.0 36.0 36.0 51.1789 19.49479 119.69429 1527.0
36.0 36.0 36.0 51.1789 19.49479 119.69429 1527.0
36.0 37.0 37.0 80.19874 11.05783 113.80531 913.0
36.0 37.0 36.0 51.1789 19.49479 119.69429 913.0
36.0 42.0 42.0 56.61928 85.21557 144.95731 2.0
36.0 42.0 36.0 51.1789 19.49479 119.69429 2.0
36.0 44.0 44.0 70.2211 22.72363 131.34583 784.0
36.0 44.0 36.0 51.1789 19.49479 119.69429 784.0
37.0 0.0 0.0 55.13906 48.84341 141.96733 82.0
37.0 0.0 37.0 80.19874 11.05783 113.80531 82.0
37.0 2.0 2.0 27.39125 25.34058 87.71265 402.0
37.0 2.0 37.0 80.19874 11.05783 113.80531 402.0
37.0 3.0 3.0 83.11057 3.8233 88.00241 2576.0
37.0 3.0 37.0 80.19874 11.05783 113.80531 2576.0
37.0 7.0 7.0 121.64508 13.44284 56.87324 4.0
37.0 7.0 37.0 80.19874 11.05783 113.80531 4.0
37.0 10.0 10.0 97.00796 3.91136 61.08635 44.0
37.0 10.0 37.0 80.19874 11.05783 113.80531 44.0
37.0 11.0 11.0 48.54685 14.08293 56.57606 268.0
37.0 11.0 37.0 80.19874 11.05783 113.80531 268.0
37.0 13.0 13.0 21.80677 31.1348 56.44683 2.0
37.0 13.0 37.0 80.19874 11.05783 113.80531 2.0
37.0 16.0 16.0 37.0959 39.06301 124.6806 179.0
37.0 16.0 37.0 80.19874 11.05783 113.80531 179.0
37.0 17.0 17.0 122.78117 11.0008 94.596 504.0
37.0 17.0 37.0 80.19874 11.05783 113.80531 504.0
37.0 18.0 18.0 159.19937 24.83672 93.92612 2.0
37.0 18.0 37.0 80.19874 11.05783 113.80531 2.0
37.0 19.0 19.0 66.40327 15.75987 45.41759 18.0
37.0 19.0 37.0 80.19874 11.05783 113.80531 18.0
37.0 26.0 26.0 132.09674 45.14339 139.12269 101.0
37.0 26.0 37.0 80.19874 11.05783 113.80531 101.0
37.0 27.0 27.0 18.73047 45.32822 103.7319 16.0
37.0 27.0 37.0 80.19874 11.05783 113.80531 16.0
37.0 28.0 28.0 84.2843 38.97479 143.1603 745.0
37.0 28.0 37.0 80.19874 11.05783 113.80531 745.0
37.0 29.0 29.0 122.63019 20.57881 121.19585 1123.0
37.0 29.0 37.0 80.19874 11.05783 113.80531 1123.0
37.0 33.0 33.0 97.16194 49.95067 149.24041 104.0
37.0 33.0 37.0 80.19874 11.05783 113.80531 104.0
37.0 36.0 36.0 51.1789 19.49479 119.69429 904.0
37.0 36.0 37.0 80.19874 11.05783 113.80531 904.0
37.0 37.0 37.0 80.19874 11.05783 113.80531 8151.0
37.0 37.0 37.0 80.19874 11.05783 113.80531 8151.0
37.0 38.0 38.0 88.68701 68.42791 152.61998 1.0
37.0 38.0 37.0 80.19874 11.05783 113.80531 1.0
37.0 40.0 40.0 83.2688 23.52445 42.42218 1.0
37.0 40.0 37.0 80.19874 11.05783 113.80531 1.0
37.0 42.0 42.0 56.61928 85.21557 144.95731 1.0
37.0 42.0 37.0 80.19874 11.05783 113.80531 1.0
37.0 44.0 44.0 70.2211 22.72363 131.34583 1460.0
37.0 44.0 37.0 80.19874 11.05783 113.80531 1460.0
38.0 0.0 0.0 55.13906 48.84341 141.96733 418.0
38.0 0.0 38.0 88.68701 68.42791 152.61998 418.0
38.0 2.0 2.0 27.39125 25.34058 87.71265 1.0
38.0 2.0 38.0 88.68701 68.42791 152.61998 1.0
38.0 4.0 4.0 72.04337 108.387 139.67081 222.0
38.0 4.0 38.0 88.68701 68.42791 152.61998 222.0
38.0 16.0 16.0 37.0959 39.06301 124.6806 12.0
38.0 16.0 38.0 88.68701 68.42791 152.61998 12.0
38.0 22.0 22.0 25.08454 80.03979 119.45127 25.0
38.0 22.0 38.0 88.68701 68.42791 152.61998 25.0
38.0 24.0 24.0 107.87937 87.21567 149.14999 1946.0
38.0 24.0 38.0 88.68701 68.42791 152.61998 1946.0
38.0 26.0 26.0 132.09674 45.14339 139.12269 414.0
38.0 26.0 38.0 88.68701 68.42791 152.61998 414.0
38.0 28.0 28.0 84.2843 38.97479 143.1603 605.0
38.0 28.0 38.0 88.68701 68.42791 152.61998 605.0
38.0 29.0 29.0 122.63019 20.57881 121.19585 6.0
38.0 29.0 38.0 88.68701 68.42791 152.61998 6.0
38.0 33.0 33.0 97.16194 49.95067 149.24041 1512.0
38.0 33.0 38.0 88.68701 68.42791 152.61998 1512.0
38.0 34.0 34.0 127.75872 111.25033 129.59891 33.0
38.0 34.0 38.0 88.68701 68.42791 152.61998 33.0
38.0 36.0 36.0 51.1789 19.49479 119.69429 3.0
38.0 36.0 38.0 88.68701 68.42791 152.61998 3.0
38.0 37.0 37.0 80.19874 11.05783 113.80531 1.0
38.0 37.0 38.0 88.68701 68.42791 152.61998 1.0
38.0 38.0 38.0 88.68701 68.42791 152.61998 3217.0
38.0 38.0 38.0 88.68701 68.42791 152.61998 3217.0
38.0 41.0 41.0 59.81725 126.02172 122.52325 2.0
38.0 41.0 38.0 88.68701 68.42791 152.61998 2.0
38.0 42.0 42.0 56.61928 85.21557 144.95731 1106.0
38.0 42.0 38.0 88.68701 68.42791 152.61998 1106.0
38.0 44.0 44.0 70.2211 22.72363 131.34583 7.0
38.0 44.0 38.0 88.68701 68.42791 152.61998 7.0
38.0 47.0 47.0 164.19609 62.73239 126.11026 5.0
38.0 47.0 38.0 88.68701 68.42791 152.61998 5.0
39.0 1.0 1.0 66.23889 89.20081 7.45449 279.0
39.0 1.0 39.0 21.80694 50.15638 32.77845 279.0
39.0 2.0 2.0 27.39125 25.34058 87.71265 152.0
39.0 2.0 39.0 21.80694 50.15638 32.77845 152.0
39.0 5.0 5.0 36.15303 130.03034 82.2383 2.0
39.0 5.0 39.0 21.80694 50.15638 32.77845 2.0
39.0 6.0 6.0 5.47746 84.80668 74.3949 1402.0
39.0 6.0 39.0 21.80694 50.15638 32.77845 1402.0
39.0 8.0 8.0 108.11851 85.96113 38.66562 1.0
39.0 8.0 39.0 21.80694 50.15638 32.77845 1.0
39.0 11.0 11.0 48.54685 14.08293 56.57606 896.0
39.0 11.0 39.0 21.80694 50.15638 32.77845 896.0
39.0 13.0 13.0 21.80677 31.1348 56.44683 1830.0
39.0 13.0 39.0 21.80694 50.15638 32.77845 1830.0
39.0 19.0 19.0 66.40327 15.75987 45.41759 248.0
39.0 19.0 39.0 21.80694 50.15638 32.77845 248.0
39.0 20.0 20.0 85.09795 53.73528 22.32739 500.0
39.0 20.0 39.0 21.80694 50.15638 32.77845 500.0
39.0 21.0 21.0 28.28244 78.10936 19.29641 2178.0
39.0 21.0 39.0 21.80694 50.15638 32.77845 2178.0
39.0 27.0 27.0 18.73047 45.32822 103.7319 16.0
39.0 27.0 39.0 21.80694 50.15638 32.77845 16.0
39.0 39.0 39.0 21.80694 50.15638 32.77845 9965.0
39.0 39.0 39.0 21.80694 50.15638 32.77845 9965.0
39.0 40.0 40.0 83.2688 23.52445 42.42218 25.0
39.0 40.0 39.0 21.80694 50.15638 32.77845 25.0
39.0 45.0 45.0 34.99748 116.33313 28.62585 68.0
39.0 45.0 39.0 21.80694 50.15638 32.77845 68.0
40.0 1.0 1.0 66.23889 89.20081 7.45449 9.0
40.0 1.0 40.0 83.2688 23.52445 42.42218 9.0
40.0 3.0 3.0 83.11057 3.8233 88.00241 129.0
40.0 3.0 40.0 83.2688 23.52445 42.42218 129.0
40.0 7.0 7.0 121.64508 13.44284 56.87324 275.0
40.0 7.0 40.0 83.2688 23.52445 42.42218 275.0
40.0 8.0 8.0 108.11851 85.96113 38.66562 23.0
40.0 8.0 40.0 83.2688 23.52445 42.42218 23.0
40.0 10.0 10.0 97.00796 3.91136 61.08635 1202.0
40.0 10.0 40.0 83.2688 23.52445 42.42218 1202.0
40.0 11.0 11.0 48.54685 14.08293 56.57606 485.0
40.0 11.0 40.0 83.2688 23.52445 42.42218 485.0
40.0 13.0 13.0 21.80677 31.1348 56.44683 5.0
40.0 13.0 40.0 83.2688 23.52445 42.42218 5.0
40.0 15.0 15.0 145.09278 26.53674 64.69327 4.0
40.0 15.0 40.0 83.2688 23.52445 42.42218 4.0
40.0 17.0 17.0 122.78117 11.0008 94.596 3.0
40.0 17.0 40.0 83.2688 23.52445 42.42218 3.0
40.0 19.0 19.0 66.40327 15.75987 45.41759 1510.0
40.0 19.0 40.0 83.2688 23.52445 42.42218 1510.0
40.0 20.0 20.0 85.09795 53.73528 22.32739 1717.0
40.0 20.0 40.0 83.2688 23.52445 42.42218 1717.0
40.0 21.0 21.0 28.28244 78.10936 19.29641 6.0
40.0 21.0 40.0 83.2688 23.52445 42.42218 6.0
40.0 31.0 31.0 121.46188 38.93011 35.99609 1082.0
40.0 31.0 40.0 83.2688 23.52445 42.42218 1082.0
40.0 37.0 37.0 80.19874 11.05783 113.80531 3.0
40.0 37.0 40.0 83.2688 23.52445 42.42218 3.0
40.0 39.0 39.0 21.80694 50.15638 32.77845 36.0
40.0 39.0 40.0 83.2688 23.52445 42.42218 36.0
40.0 40.0 40.0 83.2688 23.52445 42.42218 4531.0
40.0 40.0 40.0 83.2688 23.52445 42.42218 4531.0
41.0 0.0 0.0 55.13906 48.84341 141.96733 1.0
41.0 0.0 41.0 59.81725 126.02172 122.52325 1.0
41.0 4.0 4.0 72.04337 108.387 139.67081 2728.0
41.0 4.0 41.0 59.81725 126.02172 122.52325 2728.0
41.0 5.0 5.0 36.15303 130.03034 82.2383 2222.0
41.0 5.0 41.0 59.81725 126.02172 122.52325 2222.0
41.0 6.0 6.0 5.47746 84.80668 74.3949 13.0
41.0 6.0 41.0 59.81725 126.02172 122.52325 13.0
41.0 9.0 9.0 78.53686 139.95035 102.56471 2098.0
41.0 9.0 41.0 59.81725 126.02172 122.52325 2098.0
41.0 13.0 13.0 21.80677 31.1348 56.44683 1.0
41.0 13.0 41.0 59.81725 126.02172 122.52325 1.0
41.0 22.0 22.0 25.08454 80.03979 119.45127 676.0
41.0 22.0 41.0 59.81725 126.02172 122.52325 676.0
41.0 24.0 24.0 107.87937 87.21567 149.14999 79.0
41.0 24.0 41.0 59.81725 126.02172 122.52325 79.0
41.0 28.0 28.0 84.2843 38.97479 143.1603 1.0
41.0 28.0 41.0 59.81725 126.02172 122.52325 1.0
41.0 30.0 30.0 88.32761 139.9409 62.70703 28.0
41.0 30.0 41.0 59.81725 126.02172 122.52325 28.0
41.0 34.0 34.0 127.75872 111.25033 129.59891 404.0
41.0 34.0 41.0 59.81725 126.02172 122.52325 404.0
41.0 35.0 35.0 147.79815 121.13749 95.66219 1.0
41.0 35.0 41.0 59.81725 126.02172 122.52325 1.0
41.0 38.0 38.0 88.68701 68.42791 152.61998 1.0
41.0 38.0 41.0 59.81725 126.02172 122.52325 1.0
41.0 41.0 41.0 59.81725 126.02172 122.52325 9165.0
41.0 41.0 41.0 59.81725 126.02172 122.52325 9165.0
41.0 42.0 42.0 56.61928 85.21557 144.95731 384.0
41.0 42.0 41.0 59.81725 126.02172 122.52325 384.0
41.0 43.0 43.0 101.71906 137.7268 99.13945 318.0
41.0 43.0 41.0 59.81725 126.02172 122.52325 318.0
42.0 0.0 0.0 55.13906 48.84341 141.96733 870.0
42.0 0.0 42.0 56.61928 85.21557 144.95731 870.0
42.0 4.0 4.0 72.04337 108.387 139.67081 2135.0
42.0 4.0 42.0 56.61928 85.21557 144.95731 2135.0
42.0 5.0 5.0 36.15303 130.03034 82.2383 37.0
42.0 5.0 42.0 56.61928 85.21557 144.95731 37.0
42.0 9.0 9.0 78.53686 139.95035 102.56471 1.0
42.0 9.0 42.0 56.61928 85.21557 144.95731 1.0
42.0 16.0 16.0 37.0959 39.06301 124.6806 154.0
42.0 16.0 42.0 56.61928 85.21557 144.95731 154.0
42.0 22.0 22.0 25.08454 80.03979 119.45127 1634.0
42.0 22.0 42.0 56.61928 85.21557 144.95731 1634.0
42.0 24.0 24.0 107.87937 87.21567 149.14999 520.0
42.0 24.0 42.0 56.61928 85.21557 144.95731 520.0
42.0 27.0 27.0 18.73047 45.32822 103.7319 1.0
42.0 27.0 42.0 56.61928 85.21557 144.95731 1.0
42.0 28.0 28.0 84.2843 38.97479 143.1603 203.0
42.0 28.0 42.0 56.61928 85.21557 144.95731 203.0
42.0 33.0 33.0 97.16194 49.95067 149.24041 136.0
42.0 33.0 42.0 56.61928 85.21557 144.95731 136.0
42.0 34.0 34.0 127.75872 111.25033 129.59891 7.0
42.0 34.0 42.0 56.61928 85.21557 144.95731 7.0
42.0 36.0 36.0 51.1789 19.49479 119.69429 2.0
42.0 36.0 42.0 56.61928 85.21557 144.95731 2.0
42.0 38.0 38.0 88.68701 68.42791 152.61998 1122.0
42.0 38.0 42.0 56.61928 85.21557 144.95731 1122.0
42.0 41.0 41.0 59.81725 126.02172 122.52325 400.0
42.0 41.0 42.0 56.61928 85.21557 144.95731 400.0
42.0 42.0 42.0 56.61928 85.21557 144.95731 5744.0
42.0 42.0 42.0 56.61928 85.21557 144.95731 5744.0
42.0 44.0 44.0 70.2211 22.72363 131.34583 2.0
42.0 44.0 42.0 56.61928 85.21557 144.95731 2.0
43.0 4.0 4.0 72.04337 108.387 139.67081 78.0
43.0 4.0 43.0 101.71906 137.7268 99.13945 78.0
43.0 5.0 5.0 36.15303 130.03034 82.2383 60.0
43.0 5.0 43.0 101.71906 137.7268 99.13945 60.0
43.0 9.0 9.0 78.53686 139.95035 102.56471 2120.0
43.0 9.0 43.0 101.71906 137.7268 99.13945 2120.0
43.0 24.0 24.0 107.87937 87.21567 149.14999 7.0
43.0 24.0 43.0 101.71906 137.7268 99.13945 7.0
43.0 30.0 30.0 88.32761 139.9409 62.70703 2079.0
43.0 30.0 43.0 101.71906 137.7268 99.13945 2079.0
43.0 34.0 34.0 127.75872 111.25033 129.59891 1406.0
43.0 34.0 43.0 101.71906 137.7268 99.13945 1406.0
43.0 35.0 35.0 147.79815 121.13749 95.66219 831.0
43.0 35.0 43.0 101.71906 137.7268 99.13945 831.0
43.0 37.0 37.0 80.19874 11.05783 113.80531 1.0
43.0 37.0 43.0 101.71906 137.7268 99.13945 1.0
43.0 41.0 41.0 59.81725 126.02172 122.52325 262.0
43.0 41.0 43.0 101.71906 137.7268 99.13945 262.0
43.0 43.0 43.0 101.71906 137.7268 99.13945 4751.0
43.0 43.0 43.0 101.71906 137.7268 99.13945 4751.0
43.0 45.0 45.0 34.99748 116.33313 28.62585 1.0
43.0 45.0 43.0 101.71906 137.7268 99.13945 1.0
43.0 46.0 46.0 114.46245 130.25829 52.70966 153.0
43.0 46.0 43.0 101.71906 137.7268 99.13945 153.0
44.0 0.0 0.0 55.13906 48.84341 141.96733 631.0
44.0 0.0 44.0 70.2211 22.72363 131.34583 631.0
44.0 2.0 2.0 27.39125 25.34058 87.71265 34.0
44.0 2.0 44.0 70.2211 22.72363 131.34583 34.0
44.0 3.0 3.0 83.11057 3.8233 88.00241 59.0
44.0 3.0 44.0 70.2211 22.72363 131.34583 59.0
44.0 6.0 6.0 5.47746 84.80668 74.3949 1.0
44.0 6.0 44.0 70.2211 22.72363 131.34583 1.0
44.0 11.0 11.0 48.54685 14.08293 56.57606 2.0
44.0 11.0 44.0 70.2211 22.72363 131.34583 2.0
44.0 16.0 16.0 37.0959 39.06301 124.6806 220.0
44.0 16.0 44.0 70.2211 22.72363 131.34583 220.0
44.0 17.0 17.0 122.78117 11.0008 94.596 6.0
44.0 17.0 44.0 70.2211 22.72363 131.34583 6.0
44.0 22.0 22.0 25.08454 80.03979 119.45127 4.0
44.0 22.0 44.0 70.2211 22.72363 131.34583 4.0
44.0 26.0 26.0 132.09674 45.14339 139.12269 13.0
44.0 26.0 44.0 70.2211 22.72363 131.34583 13.0
44.0 27.0 27.0 18.73047 45.32822 103.7319 4.0
44.0 27.0 44.0 70.2211 22.72363 131.34583 4.0
44.0 28.0 28.0 84.2843 38.97479 143.1603 909.0
44.0 28.0 44.0 70.2211 22.72363 131.34583 909.0
44.0 29.0 29.0 122.63019 20.57881 121.19585 77.0
44.0 29.0 44.0 70.2211 22.72363 131.34583 77.0
44.0 33.0 33.0 97.16194 49.95067 149.24041 92.0
44.0 33.0 44.0 70.2211 22.72363 131.34583 92.0
44.0 36.0 36.0 51.1789 19.49479 119.69429 788.0
44.0 36.0 44.0 70.2211 22.72363 131.34583 788.0
44.0 37.0 37.0 80.19874 11.05783 113.80531 1522.0
44.0 37.0 44.0 70.2211 22.72363 131.34583 1522.0
44.0 38.0 38.0 88.68701 68.42791 152.61998 20.0
44.0 38.0 44.0 70.2211 22.72363 131.34583 20.0
44.0 41.0 41.0 59.81725 126.02172 122.52325 1.0
44.0 41.0 44.0 70.2211 22.72363 131.34583 1.0
44.0 42.0 42.0 56.61928 85.21557 144.95731 1.0
44.0 42.0 44.0 70.2211 22.72363 131.34583 1.0
44.0 44.0 44.0 70.2211 22.72363 131.34583 1856.0
44.0 44.0 44.0 70.2211 22.72363 131.34583 1856.0
45.0 1.0 1.0 66.23889 89.20081 7.45449 1872.0
45.0 1.0 45.0 34.99748 116.33313 28.62585 1872.0
45.0 5.0 5.0 36.15303 130.03034 82.2383 2053.0
45.0 5.0 45.0 34.99748 116.33313 28.62585 2053.0
45.0 6.0 6.0 5.47746 84.80668 74.3949 976.0
45.0 6.0 45.0 34.99748 116.33313 28.62585 976.0
45.0 8.0 8.0 108.11851 85.96113 38.66562 124.0
45.0 8.0 45.0 34.99748 116.33313 28.62585 124.0
45.0 9.0 9.0 78.53686 139.95035 102.56471 2.0
45.0 9.0 45.0 34.99748 116.33313 28.62585 2.0
45.0 14.0 14.0 128.299 116.06156 40.29043 4.0
45.0 14.0 45.0 34.99748 116.33313 28.62585 4.0
45.0 20.0 20.0 85.09795 53.73528 22.32739 2.0
45.0 20.0 45.0 34.99748 116.33313 28.62585 2.0
45.0 21.0 21.0 28.28244 78.10936 19.29641 1850.0
45.0 21.0 45.0 34.99748 116.33313 28.62585 1850.0
45.0 22.0 22.0 25.08454 80.03979 119.45127 1.0
45.0 22.0 45.0 34.99748 116.33313 28.62585 1.0
45.0 30.0 30.0 88.32761 139.9409 62.70703 845.0
45.0 30.0 45.0 34.99748 116.33313 28.62585 845.0
45.0 39.0 39.0 21.80694 50.15638 32.77845 67.0
45.0 39.0 45.0 34.99748 116.33313 28.62585 67.0
45.0 45.0 45.0 34.99748 116.33313 28.62585 13347.0
45.0 45.0 45.0 34.99748 116.33313 28.62585 13347.0
45.0 46.0 46.0 114.46245 130.25829 52.70966 48.0
45.0 46.0 45.0 34.99748 116.33313 28.62585 48.0
46.0 1.0 1.0 66.23889 89.20081 7.45449 120.0
46.0 1.0 46.0 114.46245 130.25829 52.70966 120.0
46.0 5.0 5.0 36.15303 130.03034 82.2383 9.0
46.0 5.0 46.0 114.46245 130.25829 52.70966 9.0
46.0 8.0 8.0 108.11851 85.96113 38.66562 1099.0
46.0 8.0 46.0 114.46245 130.25829 52.70966 1099.0
46.0 9.0 9.0 78.53686 139.95035 102.56471 8.0
46.0 9.0 46.0 114.46245 130.25829 52.70966 8.0
46.0 12.0 12.0 179.80761 86.39592 84.84999 4.0
46.0 12.0 46.0 114.46245 130.25829 52.70966 4.0
46.0 14.0 14.0 128.299 116.06156 40.29043 2804.0
46.0 14.0 46.0 114.46245 130.25829 52.70966 2804.0
46.0 20.0 20.0 85.09795 53.73528 22.32739 2.0
46.0 20.0 46.0 114.46245 130.25829 52.70966 2.0
46.0 30.0 30.0 88.32761 139.9409 62.70703 3443.0
46.0 30.0 46.0 114.46245 130.25829 52.70966 3443.0
46.0 31.0 31.0 121.46188 38.93011 35.99609 1.0
46.0 31.0 46.0 114.46245 130.25829 52.70966 1.0
46.0 32.0 32.0 156.98217 89.07998 57.97976 272.0
46.0 32.0 46.0 114.46245 130.25829 52.70966 272.0
46.0 34.0 34.0 127.75872 111.25033 129.59891 12.0
46.0 34.0 46.0 114.46245 130.25829 52.70966 12.0
46.0 35.0 35.0 147.79815 121.13749 95.66219 1095.0
46.0 35.0 46.0 114.46245 130.25829 52.70966 1095.0
46.0 43.0 43.0 101.71906 137.7268 99.13945 153.0
46.0 43.0 46.0 114.46245 130.25829 52.70966 153.0
46.0 45.0 45.0 34.99748 116.33313 28.62585 45.0
46.0 45.0 46.0 114.46245 130.25829 52.70966 45.0
46.0 46.0 46.0 114.46245 130.25829 52.70966 6927.0
46.0 46.0 46.0 114.46245 130.25829 52.70966 6927.0
47.0 12.0 12.0 179.80761 86.39592 84.84999 384.0
47.0 12.0 47.0 164.19609 62.73239 126.11026 384.0
47.0 15.0 15.0 145.09278 26.53674 64.69327 6.0
47.0 15.0 47.0 164.19609 62.73239 126.11026 6.0
47.0 17.0 17.0 122.78117 11.0008 94.596 18.0
47.0 17.0 47.0 164.19609 62.73239 126.11026 18.0
47.0 18.0 18.0 159.19937 24.83672 93.92612 618.0
47.0 18.0 47.0 164.19609 62.73239 126.11026 618.0
47.0 23.0 23.0 173.50144 43.54165 77.04858 341.0
47.0 23.0 47.0 164.19609 62.73239 126.11026 341.0
47.0 24.0 24.0 107.87937 87.21567 149.14999 225.0
47.0 24.0 47.0 164.19609 62.73239 126.11026 225.0
47.0 25.0 25.0 182.8346 63.98762 100.32316 1184.0
47.0 25.0 47.0 164.19609 62.73239 126.11026 1184.0
47.0 26.0 26.0 132.09674 45.14339 139.12269 1827.0
47.0 26.0 47.0 164.19609 62.73239 126.11026 1827.0
47.0 29.0 29.0 122.63019 20.57881 121.19585 248.0
47.0 29.0 47.0 164.19609 62.73239 126.11026 248.0
47.0 32.0 32.0 156.98217 89.07998 57.97976 3.0
47.0 32.0 47.0 164.19609 62.73239 126.11026 3.0
47.0 33.0 33.0 97.16194 49.95067 149.24041 5.0
47.0 33.0 47.0 164.19609 62.73239 126.11026 5.0
47.0 34.0 34.0 127.75872 111.25033 129.59891 1265.0
47.0 34.0 47.0 164.19609 62.73239 126.11026 1265.0
47.0 35.0 35.0 147.79815 121.13749 95.66219 351.0
47.0 35.0 47.0 164.19609 62.73239 126.11026 351.0
47.0 37.0 37.0 80.19874 11.05783 113.80531 1.0
47.0 37.0 47.0 164.19609 62.73239 126.11026 1.0
47.0 38.0 38.0 88.68701 68.42791 152.61998 4.0
47.0 38.0 47.0 164.19609 62.73239 126.11026 4.0
47.0 47.0 47.0 164.19609 62.73239 126.11026 8862.0
47.0 47.0 47.0 164.19609 62.73239 126.11026 8862.0
