TargetArea SourceArea Area AvgPosX AvgPosY AvgPosZ SumWeights
0.0 0.0 0.0 55.14179 48.88183 141.98605 1601.0
0.0 0.0 0.0 55.14179 48.88183 141.98605 1601.0
0.0 2.0 2.0 27.38976 25.3443 87.72543 4.0
0.0 2.0 0.0 55.14179 48.88183 141.98605 4.0
0.0 4.0 4.0 72.07811 108.39329 139.67368 10.0
0.0 4.0 0.0 55.14179 48.88183 141.98605 10.0
0.0 5.0 5.0 36.13508 130.04454 82.13113 1.0
0.0 5.0 0.0 55.14179 48.88183 141.98605 1.0
0.0 8.0 8.0 108.20122 86.03414 38.67026 1.0
0.0 8.0 0.0 55.14179 48.88183 141.98605 1.0
0.0 16.0 16.0 37.09878 39.06439 124.6682 624.0
0.0 16.0 0.0 55.14179 48.88183 141.98605 624.0
0.0 22.0 22.0 25.06542 80.03918 119.42897 265.0
0.0 22.0 0.0 55.14179 48.88183 141.98605 265.0
0.0 24.0 24.0 107.93514 87.19497 149.14638 5.0
0.0 24.0 0.0 55.14179 48.88183 141.98605 5.0
0.0 27.0 27.0 18.75554 45.33274 103.7839 13.0
0.0 27.0 0.0 55.14179 48.88183 141.98605 13.0
0.0 28.0 28.0 84.31616 38.96458 143.16299 481.0
0.0 28.0 0.0 55.14179 48.88183 141.98605 481.0
0.0 33.0 33.0 97.25976 49.9446 149.23894 120.0
0.0 33.0 0.0 55.14179 48.88183 141.98605 120.0
0.0 36.0 36.0 51.18243 19.44855 119.66403 211.0
0.0 36.0 0.0 55.14179 48.88183 141.98605 211.0
0.0 37.0 37.0 80.19293 11.06709 113.82018 47.0
0.0 37.0 0.0 55.14179 48.88183 141.98605 47.0
0.0 38.0 38.0 88.7263 68.44376 152.61729 165.0
0.0 38.0 0.0 55.14179 48.88183 141.98605 165.0
0.0 42.0 42.0 56.61201 85.20914 144.95535 409.0
0.0 42.0 0.0 55.14179 48.88183 141.98605 409.0
0.0 44.0 44.0 70.25259 22.72781 131.34831 258.0
0.0 44.0 0.0 55.14179 48.88183 141.98605 258.0
1.0 1.0 1.0 66.27545 89.20347 7.45919 4790.0
1.0 1.0 1.0 66.27545 89.20347 7.45919 4790.0
1.0 5.0 5.0 36.13508 130.04454 82.13113 7.0
1.0 5.0 1.0 66.27545 89.20347 7.45919 7.0
1.0 8.0 8.0 108.20122 86.03414 38.67026 680.0
1.0 8.0 1.0 66.27545 89.20347 7.45919 680.0
1.0 11.0 11.0 48.52049 14.11456 56.52597 5.0
1.0 11.0 1.0 66.27545 89.20347 7.45919 5.0
1.0 13.0 13.0 21.78977 31.16098 56.41397 2.0
1.0 13.0 1.0 66.27545 89.20347 7.45919 2.0
1.0 14.0 14.0 128.2653 116.03205 40.23593 19.0
1.0 14.0 1.0 66.27545 89.20347 7.45919 19.0
1.0 19.0 19.0 66.40484 15.81536 45.34304 12.0
1.0 19.0 1.0 66.27545 89.20347 7.45919 12.0
1.0 20.0 20.0 84.93768 53.72284 22.17411 930.0
1.0 20.0 1.0 66.27545 89.20347 7.45919 930.0
1.0 21.0 21.0 28.22409 78.16556 19.33504 652.0
1.0 21.0 1.0 66.27545 89.20347 7.45919 652.0
1.0 30.0 30.0 88.2964 139.92596 62.61931 130.0
1.0 30.0 1.0 66.27545 89.20347 7.45919 130.0
1.0 31.0 31.0 121.63147 38.96325 36.0604 3.0
1.0 31.0 1.0 66.27545 89.20347 7.45919 3.0
1.0 39.0 39.0 21.79991 50.1342 32.8146 110.0
1.0 39.0 1.0 66.27545 89.20347 7.45919 110.0
1.0 40.0 40.0 83.2289 23.58203 42.38622 10.0
1.0 40.0 1.0 66.27545 89.20347 7.45919 10.0
1.0 45.0 45.0 35.08892 116.35902 28.56799 851.0
1.0 45.0 1.0 66.27545 89.20347 7.45919 851.0
1.0 46.0 46.0 114.50187 130.25954 52.7329 54.0
1.0 46.0 1.0 66.27545 89.20347 7.45919 54.0
2.0 0.0 0.0 55.14179 48.88183 141.98605 1.0
2.0 0.0 2.0 27.38976 25.3443 87.72543 1.0
2.0 2.0 2.0 27.38976 25.3443 87.72543 2854.0
2.0 2.0 2.0 27.38976 25.3443 87.72543 2854.0
2.0 3.0 3.0 83.08817 3.82502 88.01954 130.0
2.0 3.0 2.0 27.38976 25.3443 87.72543 130.0
2.0 6.0 6.0 5.47379 84.77464 74.38922 213.0
2.0 6.0 2.0 27.38976 25.3443 87.72543 213.0
2.0 11.0 11.0 48.52049 14.11456 56.52597 582.0
2.0 11.0 2.0 27.38976 25.3443 87.72543 582.0
2.0 13.0 13.0 21.78977 31.16098 56.41397 602.0
2.0 13.0 2.0 27.38976 25.3443 87.72543 602.0
2.0 16.0 16.0 37.09878 39.06439 124.6682 324.0
2.0 16.0 2.0 27.38976 25.3443 87.72543 324.0
2.0 19.0 19.0 66.40484 15.81536 45.34304 3.0
2.0 19.0 2.0 27.38976 25.3443 87.72543 3.0
2.0 20.0 20.0 84.93768 53.72284 22.17411 1.0
2.0 20.0 2.0 27.38976 25.3443 87.72543 1.0
2.0 21.0 21.0 28.22409 78.16556 19.33504 1.0
2.0 21.0 2.0 27.38976 25.3443 87.72543 1.0
2.0 22.0 22.0 25.06542 80.03918 119.42897 35.0
2.0 22.0 2.0 27.38976 25.3443 87.72543 35.0
2.0 27.0 27.0 18.75554 45.33274 103.7839 683.0
2.0 27.0 2.0 27.38976 25.3443 87.72543 683.0
2.0 28.0 28.0 84.31616 38.96458 143.16299 1.0
2.0 28.0 2.0 27.38976 25.3443 87.72543 1.0
2.0 36.0 36.0 51.18243 19.44855 119.66403 232.0
2.0 36.0 2.0 27.38976 25.3443 87.72543 232.0
2.0 37.0 37.0 80.19293 11.06709 113.82018 205.0
2.0 37.0 2.0 27.38976 25.3443 87.72543 205.0
2.0 39.0 39.0 21.79991 50.1342 32.8146 63.0
2.0 39.0 2.0 27.38976 25.3443 87.72543 63.0
2.0 44.0 44.0 70.25259 22.72781 131.34831 13.0
2.0 44.0 2.0 27.38976 25.3443 87.72543 13.0
3.0 2.0 2.0 27.38976 25.3443 87.72543 118.0
3.0 2.0 3.0 83.08817 3.82502 88.01954 118.0
3.0 3.0 3.0 83.08817 3.82502 88.01954 3027.0
3.0 3.0 3.0 83.08817 3.82502 88.01954 3027.0
3.0 7.0 7.0 121.6394 13.42532 56.92734 102.0
3.0 7.0 3.0 83.08817 3.82502 88.01954 102.0
3.0 10.0 10.0 97.03476 3.91939 61.08676 711.0
3.0 10.0 3.0 83.08817 3.82502 88.01954 711.0
3.0 11.0 11.0 48.52049 14.11456 56.52597 491.0
3.0 11.0 3.0 83.08817 3.82502 88.01954 491.0
3.0 15.0 15.0 145.15855 26.57867 64.67197 8.0
3.0 15.0 3.0 83.08817 3.82502 88.01954 8.0
3.0 16.0 16.0 37.09878 39.06439 124.6682 7.0
3.0 16.0 3.0 83.08817 3.82502 88.01954 7.0
3.0 17.0 17.0 122.81035 11.00532 94.5841 493.0
3.0 17.0 3.0 83.08817 3.82502 88.01954 493.0
3.0 19.0 19.0 66.40484 15.81536 45.34304 199.0
3.0 19.0 3.0 83.08817 3.82502 88.01954 199.0
3.0 27.0 27.0 18.75554 45.33274 103.7839 1.0
3.0 27.0 3.0 83.08817 3.82502 88.01954 1.0
3.0 28.0 28.0 84.31616 38.96458 143.16299 4.0
3.0 28.0 3.0 83.08817 3.82502 88.01954 4.0
3.0 29.0 29.0 122.60209 20.569 121.19828 113.0
3.0 29.0 3.0 83.08817 3.82502 88.01954 113.0
3.0 31.0 31.0 121.63147 38.96325 36.0604 2.0
3.0 31.0 3.0 83.08817 3.82502 88.01954 2.0
3.0 36.0 36.0 51.18243 19.44855 119.66403 64.0
3.0 36.0 3.0 83.08817 3.82502 88.01954 64.0
3.0 37.0 37.0 80.19293 11.06709 113.82018 1094.0
3.0 37.0 3.0 83.08817 3.82502 88.01954 1094.0
3.0 40.0 40.0 83.2289 23.58203 42.38622 60.0
3.0 40.0 3.0 83.08817 3.82502 88.01954 60.0
3.0 44.0 44.0 70.25259 22.72781 131.34831 26.0
3.0 44.0 3.0 83.08817 3.82502 88.01954 26.0
4.0 0.0 0.0 55.14179 48.88183 141.98605 5.0
4.0 0.0 4.0 72.07811 108.39329 139.67368 5.0
4.0 4.0 4.0 72.07811 108.39329 139.67368 2798.0
4.0 4.0 4.0 72.07811 108.39329 139.67368 2798.0
4.0 5.0 5.0 36.13508 130.04454 82.13113 34.0
4.0 5.0 4.0 72.07811 108.39329 139.67368 34.0
4.0 6.0 6.0 5.47379 84.77464 74.38922 2.0
4.0 6.0 4.0 72.07811 108.39329 139.67368 2.0
4.0 9.0 9.0 78.60669 139.92424 102.65072 120.0
4.0 9.0 4.0 72.07811 108.39329 139.67368 120.0
4.0 22.0 22.0 25.06542 80.03918 119.42897 197.0
4.0 22.0 4.0 72.07811 108.39329 139.67368 197.0
4.0 24.0 24.0 107.93514 87.19497 149.14638 648.0
4.0 24.0 4.0 72.07811 108.39329 139.67368 648.0
4.0 28.0 28.0 84.31616 38.96458 143.16299 2.0
4.0 28.0 4.0 72.07811 108.39329 139.67368 2.0
4.0 33.0 33.0 97.25976 49.9446 149.23894 6.0
4.0 33.0 4.0 72.07811 108.39329 139.67368 6.0
4.0 34.0 34.0 127.811 111.24318 129.58541 366.0
4.0 34.0 4.0 72.07811 108.39329 139.67368 366.0
4.0 37.0 37.0 80.19293 11.06709 113.82018 1.0
4.0 37.0 4.0 72.07811 108.39329 139.67368 1.0
4.0 38.0 38.0 88.7263 68.44376 152.61729 109.0
4.0 38.0 4.0 72.07811 108.39329 139.67368 109.0
4.0 41.0 41.0 59.86536 126.06238 122.49806 1215.0
4.0 41.0 4.0 72.07811 108.39329 139.67368 1215.0
4.0 42.0 42.0 56.61201 85.20914 144.95535 912.0
4.0 42.0 4.0 72.07811 108.39329 139.67368 912.0
4.0 43.0 43.0 101.73839 137.71217 99.18645 36.0
4.0 43.0 4.0 72.07811 108.39329 139.67368 36.0
4.0 45.0 45.0 35.08892 116.35902 28.56799 1.0
4.0 45.0 4.0 72.07811 108.39329 139.67368 1.0
5.0 1.0 1.0 66.27545 89.20347 7.45919 7.0
5.0 1.0 5.0 36.13508 130.04454 82.13113 7.0
5.0 4.0 4.0 72.07811 108.39329 139.67368 39.0
5.0 4.0 5.0 36.13508 130.04454 82.13113 39.0
5.0 5.0 5.0 36.13508 130.04454 82.13113 9293.0
5.0 5.0 5.0 36.13508 130.04454 82.13113 9293.0
5.0 6.0 6.0 5.47379 84.77464 74.38922 895.0
5.0 6.0 5.0 36.13508 130.04454 82.13113 895.0
5.0 8.0 8.0 108.20122 86.03414 38.67026 1.0
5.0 8.0 5.0 36.13508 130.04454 82.13113 1.0
5.0 9.0 9.0 78.60669 139.92424 102.65072 591.0
5.0 9.0 5.0 36.13508 130.04454 82.13113 591.0
5.0 21.0 21.0 28.22409 78.16556 19.33504 8.0
5.0 21.0 5.0 36.13508 130.04454 82.13113 8.0
5.0 22.0 22.0 25.06542 80.03918 119.42897 517.0
5.0 22.0 5.0 36.13508 130.04454 82.13113 517.0
5.0 30.0 30.0 88.2964 139.92596 62.61931 739.0
5.0 30.0 5.0 36.13508 130.04454 82.13113 739.0
5.0 34.0 34.0 127.811 111.24318 129.58541 1.0
5.0 34.0 5.0 36.13508 130.04454 82.13113 1.0
5.0 41.0 41.0 59.86536 126.06238 122.49806 993.0
5.0 41.0 5.0 36.13508 130.04454 82.13113 993.0
5.0 42.0 42.0 56.61201 85.20914 144.95535 18.0
5.0 42.0 5.0 36.13508 130.04454 82.13113 18.0
5.0 43.0 43.0 101.73839 137.71217 99.18645 31.0
5.0 43.0 5.0 36.13508 130.04454 82.13113 31.0
5.0 45.0 45.0 35.08892 116.35902 28.56799 865.0
5.0 45.0 5.0 36.13508 130.04454 82.13113 865.0
5.0 46.0 46.0 114.50187 130.25954 52.7329 4.0
5.0 46.0 5.0 36.13508 130.04454 82.13113 4.0
6.0 0.0 0.0 55.14179 48.88183 141.98605 1.0
6.0 0.0 6.0 5.47379 84.77464 74.38922 1.0
6.0 2.0 2.0 27.38976 25.3443 87.72543 227.0
6.0 2.0 6.0 5.47379 84.77464 74.38922 227.0
6.0 4.0 4.0 72.07811 108.39329 139.67368 2.0
6.0 4.0 6.0 5.47379 84.77464 74.38922 2.0
6.0 5.0 5.0 36.13508 130.04454 82.13113 867.0
6.0 5.0 6.0 5.47379 84.77464 74.38922 867.0
6.0 6.0 6.0 5.47379 84.77464 74.38922 6688.0
6.0 6.0 6.0 5.47379 84.77464 74.38922 6688.0
6.0 8.0 8.0 108.20122 86.03414 38.67026 1.0
6.0 8.0 6.0 5.47379 84.77464 74.38922 1.0
6.0 13.0 13.0 21.78977 31.16098 56.41397 189.0
6.0 13.0 6.0 5.47379 84.77464 74.38922 189.0
6.0 16.0 16.0 37.09878 39.06439 124.6682 6.0
6.0 16.0 6.0 5.47379 84.77464 74.38922 6.0
6.0 21.0 21.0 28.22409 78.16556 19.33504 304.0
6.0 21.0 6.0 5.47379 84.77464 74.38922 304.0
6.0 22.0 22.0 25.06542 80.03918 119.42897 890.0
6.0 22.0 6.0 5.47379 84.77464 74.38922 890.0
6.0 27.0 27.0 18.75554 45.33274 103.7839 371.0
6.0 27.0 6.0 5.47379 84.77464 74.38922 371.0
6.0 39.0 39.0 21.79991 50.1342 32.8146 579.0
6.0 39.0 6.0 5.47379 84.77464 74.38922 579.0
6.0 41.0 41.0 59.86536 126.06238 122.49806 9.0
6.0 41.0 6.0 5.47379 84.77464 74.38922 9.0
6.0 45.0 45.0 35.08892 116.35902 28.56799 436.0
6.0 45.0 6.0 5.47379 84.77464 74.38922 436.0
7.0 3.0 3.0 83.08817 3.82502 88.01954 102.0
7.0 3.0 7.0 121.6394 13.42532 56.92734 102.0
7.0 7.0 7.0 121.6394 13.42532 56.92734 1757.0
7.0 7.0 7.0 121.6394 13.42532 56.92734 1757.0
7.0 8.0 8.0 108.20122 86.03414 38.67026 2.0
7.0 8.0 7.0 121.6394 13.42532 56.92734 2.0
7.0 10.0 10.0 97.03476 3.91939 61.08676 610.0
7.0 10.0 7.0 121.6394 13.42532 56.92734 610.0
7.0 11.0 11.0 48.52049 14.11456 56.52597 1.0
7.0 11.0 7.0 121.6394 13.42532 56.92734 1.0
7.0 15.0 15.0 145.15855 26.57867 64.67197 659.0
7.0 15.0 7.0 121.6394 13.42532 56.92734 659.0
7.0 17.0 17.0 122.81035 11.00532 94.5841 354.0
7.0 17.0 7.0 121.6394 13.42532 56.92734 354.0
7.0 18.0 18.0 159.18656 24.79758 93.8047 18.0
7.0 18.0 7.0 121.6394 13.42532 56.92734 18.0
7.0 19.0 19.0 66.40484 15.81536 45.34304 7.0
7.0 19.0 7.0 121.6394 13.42532 56.92734 7.0
7.0 20.0 20.0 84.93768 53.72284 22.17411 14.0
7.0 20.0 7.0 121.6394 13.42532 56.92734 14.0
7.0 23.0 23.0 173.50015 43.52028 77.06062 7.0
7.0 23.0 7.0 121.6394 13.42532 56.92734 7.0
7.0 29.0 29.0 122.60209 20.569 121.19828 7.0
7.0 29.0 7.0 121.6394 13.42532 56.92734 7.0
7.0 31.0 31.0 121.63147 38.96325 36.0604 685.0
7.0 31.0 7.0 121.6394 13.42532 56.92734 685.0
7.0 37.0 37.0 80.19293 11.06709 113.82018 1.0
7.0 37.0 7.0 121.6394 13.42532 56.92734 1.0
7.0 40.0 40.0 83.2289 23.58203 42.38622 134.0
7.0 40.0 7.0 121.6394 13.42532 56.92734 134.0
8.0 1.0 1.0 66.27545 89.20347 7.45919 681.0
8.0 1.0 8.0 108.20122 86.03414 38.67026 681.0
8.0 3.0 3.0 83.08817 3.82502 88.01954 1.0
8.0 3.0 8.0 108.20122 86.03414 38.67026 1.0
8.0 4.0 4.0 72.07811 108.39329 139.67368 1.0
8.0 4.0 8.0 108.20122 86.03414 38.67026 1.0
8.0 5.0 5.0 36.13508 130.04454 82.13113 1.0
8.0 5.0 8.0 108.20122 86.03414 38.67026 1.0
8.0 7.0 7.0 121.6394 13.42532 56.92734 4.0
8.0 7.0 8.0 108.20122 86.03414 38.67026 4.0
8.0 8.0 8.0 108.20122 86.03414 38.67026 12140.0
8.0 8.0 8.0 108.20122 86.03414 38.67026 12140.0
8.0 12.0 12.0 179.81531 86.38089 84.74878 4.0
8.0 12.0 8.0 108.20122 86.03414 38.67026 4.0
8.0 13.0 13.0 21.78977 31.16098 56.41397 1.0
8.0 13.0 8.0 108.20122 86.03414 38.67026 1.0
8.0 14.0 14.0 128.2653 116.03205 40.23593 1155.0
8.0 14.0 8.0 108.20122 86.03414 38.67026 1155.0
8.0 15.0 15.0 145.15855 26.57867 64.67197 21.0
8.0 15.0 8.0 108.20122 86.03414 38.67026 21.0
8.0 20.0 20.0 84.93768 53.72284 22.17411 1300.0
8.0 20.0 8.0 108.20122 86.03414 38.67026 1300.0
8.0 23.0 23.0 173.50015 43.52028 77.06062 7.0
8.0 23.0 8.0 108.20122 86.03414 38.67026 7.0
8.0 24.0 24.0 107.93514 87.19497 149.14638 1.0
8.0 24.0 8.0 108.20122 86.03414 38.67026 1.0
8.0 30.0 30.0 88.2964 139.92596 62.61931 263.0
8.0 30.0 8.0 108.20122 86.03414 38.67026 263.0
8.0 31.0 31.0 121.63147 38.96325 36.0604 786.0
8.0 31.0 8.0 108.20122 86.03414 38.67026 786.0
8.0 32.0 32.0 156.985 89.09782 57.99985 665.0
8.0 32.0 8.0 108.20122 86.03414 38.67026 665.0
8.0 35.0 35.0 147.80261 121.14737 95.62716 1.0
8.0 35.0 8.0 108.20122 86.03414 38.67026 1.0
8.0 40.0 40.0 83.2289 23.58203 42.38622 11.0
8.0 40.0 8.0 108.20122 86.03414 38.67026 11.0
8.0 41.0 41.0 59.86536 126.06238 122.49806 1.0
8.0 41.0 8.0 108.20122 86.03414 38.67026 1.0
8.0 45.0 45.0 35.08892 116.35902 28.56799 45.0
8.0 45.0 8.0 108.20122 86.03414 38.67026 45.0
8.0 46.0 46.0 114.50187 130.25954 52.7329 517.0
8.0 46.0 8.0 108.20122 86.03414 38.67026 517.0
9.0 4.0 4.0 72.07811 108.39329 139.67368 132.0
9.0 4.0 9.0 78.60669 139.92424 102.65072 132.0
9.0 5.0 5.0 36.13508 130.04454 82.13113 573.0
9.0 5.0 9.0 78.60669 139.92424 102.65072 573.0
9.0 9.0 9.0 78.60669 139.92424 102.65072 2136.0
9.0 9.0 9.0 78.60669 139.92424 102.65072 2136.0
9.0 12.0 12.0 179.81531 86.38089 84.74878 1.0
9.0 12.0 9.0 78.60669 139.92424 102.65072 1.0
9.0 22.0 22.0 25.06542 80.03918 119.42897 1.0
9.0 22.0 9.0 78.60669 139.92424 102.65072 1.0
9.0 24.0 24.0 107.93514 87.19497 149.14638 17.0
9.0 24.0 9.0 78.60669 139.92424 102.65072 17.0
9.0 30.0 30.0 88.2964 139.92596 62.61931 511.0
9.0 30.0 9.0 78.60669 139.92424 102.65072 511.0
9.0 34.0 34.0 127.811 111.24318 129.58541 271.0
9.0 34.0 9.0 78.60669 139.92424 102.65072 271.0
9.0 35.0 35.0 147.80261 121.14737 95.62716 8.0
9.0 35.0 9.0 78.60669 139.92424 102.65072 8.0
9.0 41.0 41.0 59.86536 126.06238 122.49806 916.0
9.0 41.0 9.0 78.60669 139.92424 102.65072 916.0
9.0 43.0 43.0 101.73839 137.71217 99.18645 847.0
9.0 43.0 9.0 78.60669 139.92424 102.65072 847.0
9.0 45.0 45.0 35.08892 116.35902 28.56799 1.0
9.0 45.0 9.0 78.60669 139.92424 102.65072 1.0
9.0 46.0 46.0 114.50187 130.25954 52.7329 2.0
9.0 46.0 9.0 78.60669 139.92424 102.65072 2.0
10.0 3.0 3.0 83.08817 3.82502 88.01954 676.0
10.0 3.0 10.0 97.03476 3.91939 61.08676 676.0
10.0 7.0 7.0 121.6394 13.42532 56.92734 634.0
10.0 7.0 10.0 97.03476 3.91939 61.08676 634.0
10.0 10.0 10.0 97.03476 3.91939 61.08676 1792.0
10.0 10.0 10.0 97.03476 3.91939 61.08676 1792.0
10.0 11.0 11.0 48.52049 14.11456 56.52597 75.0
10.0 11.0 10.0 97.03476 3.91939 61.08676 75.0
10.0 15.0 15.0 145.15855 26.57867 64.67197 38.0
10.0 15.0 10.0 97.03476 3.91939 61.08676 38.0
10.0 17.0 17.0 122.81035 11.00532 94.5841 196.0
10.0 17.0 10.0 97.03476 3.91939 61.08676 196.0
10.0 18.0 18.0 159.18656 24.79758 93.8047 1.0
10.0 18.0 10.0 97.03476 3.91939 61.08676 1.0
10.0 19.0 19.0 66.40484 15.81536 45.34304 266.0
10.0 19.0 10.0 97.03476 3.91939 61.08676 266.0
10.0 20.0 20.0 84.93768 53.72284 22.17411 19.0
10.0 20.0 10.0 97.03476 3.91939 61.08676 19.0
10.0 29.0 29.0 122.60209 20.569 121.19828 3.0
10.0 29.0 10.0 97.03476 3.91939 61.08676 3.0
10.0 31.0 31.0 121.63147 38.96325 36.0604 181.0
10.0 31.0 10.0 97.03476 3.91939 61.08676 181.0
10.0 37.0 37.0 80.19293 11.06709 113.82018 26.0
10.0 37.0 10.0 97.03476 3.91939 61.08676 26.0
10.0 40.0 40.0 83.2289 23.58203 42.38622 507.0
10.0 40.0 10.0 97.03476 3.91939 61.08676 507.0
11.0 1.0 1.0 66.27545 89.20347 7.45919 6.0
11.0 1.0 11.0 48.52049 14.11456 56.52597 6.0
11.0 2.0 2.0 27.38976 25.3443 87.72543 589.0
11.0 2.0 11.0 48.52049 14.11456 56.52597 589.0
11.0 3.0 3.0 83.08817 3.82502 88.01954 492.0
11.0 3.0 11.0 48.52049 14.11456 56.52597 492.0
11.0 7.0 7.0 121.6394 13.42532 56.92734 1.0
11.0 7.0 11.0 48.52049 14.11456 56.52597 1.0
11.0 8.0 8.0 108.20122 86.03414 38.67026 1.0
11.0 8.0 11.0 48.52049 14.11456 56.52597 1.0
11.0 10.0 10.0 97.03476 3.91939 61.08676 71.0
11.0 10.0 11.0 48.52049 14.11456 56.52597 71.0
11.0 11.0 11.0 48.52049 14.11456 56.52597 3510.0
11.0 11.0 11.0 48.52049 14.11456 56.52597 3510.0
11.0 13.0 13.0 21.78977 31.16098 56.41397 657.0
11.0 13.0 11.0 48.52049 14.11456 56.52597 657.0
11.0 16.0 16.0 37.09878 39.06439 124.6682 9.0
11.0 16.0 11.0 48.52049 14.11456 56.52597 9.0
11.0 19.0 19.0 66.40484 15.81536 45.34304 895.0
11.0 19.0 11.0 48.52049 14.11456 56.52597 895.0
11.0 20.0 20.0 84.93768 53.72284 22.17411 121.0
11.0 20.0 11.0 48.52049 14.11456 56.52597 121.0
11.0 21.0 21.0 28.22409 78.16556 19.33504 14.0
11.0 21.0 11.0 48.52049 14.11456 56.52597 14.0
11.0 27.0 27.0 18.75554 45.33274 103.7839 7.0
11.0 27.0 11.0 48.52049 14.11456 56.52597 7.0
11.0 31.0 31.0 121.63147 38.96325 36.0604 1.0
11.0 31.0 11.0 48.52049 14.11456 56.52597 1.0
11.0 36.0 36.0 51.18243 19.44855 119.66403 34.0
11.0 36.0 11.0 48.52049 14.11456 56.52597 34.0
11.0 37.0 37.0 80.19293 11.06709 113.82018 111.0
11.0 37.0 11.0 48.52049 14.11456 56.52597 111.0
11.0 39.0 39.0 21.79991 50.1342 32.8146 373.0
11.0 39.0 11.0 48.52049 14.11456 56.52597 373.0
11.0 40.0 40.0 83.2289 23.58203 42.38622 224.0
11.0 40.0 11.0 48.52049 14.11456 56.52597 224.0
11.0 44.0 44.0 70.25259 22.72781 131.34831 2.0
11.0 44.0 11.0 48.52049 14.11456 56.52597 2.0
12.0 8.0 8.0 108.20122 86.03414 38.67026 2.0
12.0 8.0 12.0 179.81531 86.38089 84.74878 2.0
12.0 12.0 12.0 179.81531 86.38089 84.74878 2529.0
12.0 12.0 12.0 179.81531 86.38089 84.74878 2529.0
12.0 14.0 14.0 128.2653 116.03205 40.23593 2.0
12.0 14.0 12.0 179.81531 86.38089 84.74878 2.0
12.0 15.0 15.0 145.15855 26.57867 64.67197 9.0
12.0 15.0 12.0 179.81531 86.38089 84.74878 9.0
12.0 18.0 18.0 159.18656 24.79758 93.8047 13.0
12.0 18.0 12.0 179.81531 86.38089 84.74878 13.0
12.0 23.0 23.0 173.50015 43.52028 77.06062 259.0
12.0 23.0 12.0 179.81531 86.38089 84.74878 259.0
12.0 24.0 24.0 107.93514 87.19497 149.14638 1.0
12.0 24.0 12.0 179.81531 86.38089 84.74878 1.0
12.0 25.0 25.0 182.84404 63.94558 100.2553 514.0
12.0 25.0 12.0 179.81531 86.38089 84.74878 514.0
12.0 31.0 31.0 121.63147 38.96325 36.0604 5.0
12.0 31.0 12.0 179.81531 86.38089 84.74878 5.0
12.0 32.0 32.0 156.985 89.09782 57.99985 766.0
12.0 32.0 12.0 179.81531 86.38089 84.74878 766.0
12.0 34.0 34.0 127.811 111.24318 129.58541 33.0
12.0 34.0 12.0 179.81531 86.38089 84.74878 33.0
12.0 35.0 35.0 147.80261 121.14737 95.62716 536.0
12.0 35.0 12.0 179.81531 86.38089 84.74878 536.0
12.0 46.0 46.0 114.50187 130.25954 52.7329 2.0
12.0 46.0 12.0 179.81531 86.38089 84.74878 2.0
12.0 47.0 47.0 164.19075 62.67546 126.08814 195.0
12.0 47.0 12.0 179.81531 86.38089 84.74878 195.0
13.0 2.0 2.0 27.38976 25.3443 87.72543 595.0
13.0 2.0 13.0 21.78977 31.16098 56.41397 595.0
13.0 3.0 3.0 83.08817 3.82502 88.01954 5.0
13.0 3.0 13.0 21.78977 31.16098 56.41397 5.0
13.0 6.0 6.0 5.47379 84.77464 74.38922 205.0
13.0 6.0 13.0 21.78977 31.16098 56.41397 205.0
13.0 11.0 11.0 48.52049 14.11456 56.52597 681.0
13.0 11.0 13.0 21.78977 31.16098 56.41397 681.0
13.0 13.0 13.0 21.78977 31.16098 56.41397 1613.0
13.0 13.0 13.0 21.78977 31.16098 56.41397 1613.0
13.0 19.0 19.0 66.40484 15.81536 45.34304 35.0
13.0 19.0 13.0 21.78977 31.16098 56.41397 35.0
13.0 20.0 20.0 84.93768 53.72284 22.17411 2.0
13.0 20.0 13.0 21.78977 31.16098 56.41397 2.0
13.0 21.0 21.0 28.22409 78.16556 19.33504 3.0
13.0 21.0 13.0 21.78977 31.16098 56.41397 3.0
13.0 22.0 22.0 25.06542 80.03918 119.42897 1.0
13.0 22.0 13.0 21.78977 31.16098 56.41397 1.0
13.0 27.0 27.0 18.75554 45.33274 103.7839 50.0
13.0 27.0 13.0 21.78977 31.16098 56.41397 50.0
13.0 36.0 36.0 51.18243 19.44855 119.66403 1.0
13.0 36.0 13.0 21.78977 31.16098 56.41397 1.0
13.0 39.0 39.0 21.79991 50.1342 32.8146 766.0
13.0 39.0 13.0 21.78977 31.16098 56.41397 766.0
13.0 40.0 40.0 83.2289 23.58203 42.38622 1.0
13.0 40.0 13.0 21.78977 31.16098 56.41397 1.0
14.0 1.0 1.0 66.27545 89.20347 7.45919 25.0
14.0 1.0 14.0 128.2653 116.03205 40.23593 25.0
14.0 8.0 8.0 108.20122 86.03414 38.67026 1158.0
14.0 8.0 14.0 128.2653 116.03205 40.23593 1158.0
14.0 12.0 12.0 179.81531 86.38089 84.74878 8.0
14.0 12.0 14.0 128.2653 116.03205 40.23593 8.0
14.0 14.0 14.0 128.2653 116.03205 40.23593 3074.0
14.0 14.0 14.0 128.2653 116.03205 40.23593 3074.0
14.0 20.0 20.0 84.93768 53.72284 22.17411 4.0
14.0 20.0 14.0 128.2653 116.03205 40.23593 4.0
14.0 30.0 30.0 88.2964 139.92596 62.61931 110.0
14.0 30.0 14.0 128.2653 116.03205 40.23593 110.0
14.0 31.0 31.0 121.63147 38.96325 36.0604 5.0
14.0 31.0 14.0 128.2653 116.03205 40.23593 5.0
14.0 32.0 32.0 156.985 89.09782 57.99985 597.0
14.0 32.0 14.0 128.2653 116.03205 40.23593 597.0
14.0 35.0 35.0 147.80261 121.14737 95.62716 148.0
14.0 35.0 14.0 128.2653 116.03205 40.23593 148.0
14.0 43.0 43.0 101.73839 137.71217 99.18645 1.0
14.0 43.0 14.0 128.2653 116.03205 40.23593 1.0
14.0 45.0 45.0 35.08892 116.35902 28.56799 1.0
14.0 45.0 14.0 128.2653 116.03205 40.23593 1.0
14.0 46.0 46.0 114.50187 130.25954 52.7329 1248.0
14.0 46.0 14.0 128.2653 116.03205 40.23593 1248.0
15.0 3.0 3.0 83.08817 3.82502 88.01954 15.0
15.0 3.0 15.0 145.15855 26.57867 64.67197 15.0
15.0 7.0 7.0 121.6394 13.42532 56.92734 646.0
15.0 7.0 15.0 145.15855 26.57867 64.67197 646.0
15.0 8.0 8.0 108.20122 86.03414 38.67026 30.0
15.0 8.0 15.0 145.15855 26.57867 64.67197 30.0
15.0 10.0 10.0 97.03476 3.91939 61.08676 31.0
15.0 10.0 15.0 145.15855 26.57867 64.67197 31.0
15.0 12.0 12.0 179.81531 86.38089 84.74878 17.0
15.0 12.0 15.0 145.15855 26.57867 64.67197 17.0
15.0 15.0 15.0 145.15855 26.57867 64.67197 2126.0
15.0 15.0 15.0 145.15855 26.57867 64.67197 2126.0
15.0 17.0 17.0 122.81035 11.00532 94.5841 393.0
15.0 17.0 15.0 145.15855 26.57867 64.67197 393.0
15.0 18.0 18.0 159.18656 24.79758 93.8047 471.0
15.0 18.0 15.0 145.15855 26.57867 64.67197 471.0
15.0 23.0 23.0 173.50015 43.52028 77.06062 360.0
15.0 23.0 15.0 145.15855 26.57867 64.67197 360.0
15.0 25.0 25.0 182.84404 63.94558 100.2553 6.0
15.0 25.0 15.0 145.15855 26.57867 64.67197 6.0
15.0 26.0 26.0 132.0918 45.08589 139.09703 2.0
15.0 26.0 15.0 145.15855 26.57867 64.67197 2.0
15.0 29.0 29.0 122.60209 20.569 121.19828 28.0
15.0 29.0 15.0 145.15855 26.57867 64.67197 28.0
15.0 31.0 31.0 121.63147 38.96325 36.0604 621.0
15.0 31.0 15.0 145.15855 26.57867 64.67197 621.0
15.0 32.0 32.0 156.985 89.09782 57.99985 130.0
15.0 32.0 15.0 145.15855 26.57867 64.67197 130.0
15.0 37.0 37.0 80.19293 11.06709 113.82018 1.0
15.0 37.0 15.0 145.15855 26.57867 64.67197 1.0
15.0 47.0 47.0 164.19075 62.67546 126.08814 4.0
15.0 47.0 15.0 145.15855 26.57867 64.67197 4.0
16.0 0.0 0.0 55.14179 48.88183 141.98605 597.0
16.0 0.0 16.0 37.09878 39.06439 124.6682 597.0
16.0 2.0 2.0 27.38976 25.3443 87.72543 320.0
16.0 2.0 16.0 37.09878 39.06439 124.6682 320.0
16.0 3.0 3.0 83.08817 3.82502 88.01954 9.0
16.0 3.0 16.0 37.09878 39.06439 124.6682 9.0
16.0 6.0 6.0 5.47379 84.77464 74.38922 8.0
16.0 6.0 16.0 37.09878 39.06439 124.6682 8.0
16.0 11.0 11.0 48.52049 14.11456 56.52597 16.0
16.0 11.0 16.0 37.09878 39.06439 124.6682 16.0
16.0 16.0 16.0 37.09878 39.06439 124.6682 1801.0
16.0 16.0 16.0 37.09878 39.06439 124.6682 1801.0
16.0 22.0 22.0 25.06542 80.03918 119.42897 559.0
16.0 22.0 16.0 37.09878 39.06439 124.6682 559.0
16.0 23.0 23.0 173.50015 43.52028 77.06062 1.0
16.0 23.0 16.0 37.09878 39.06439 124.6682 1.0
16.0 26.0 26.0 132.0918 45.08589 139.09703 1.0
16.0 26.0 16.0 37.09878 39.06439 124.6682 1.0
16.0 27.0 27.0 18.75554 45.33274 103.7839 490.0
16.0 27.0 16.0 37.09878 39.06439 124.6682 490.0
16.0 28.0 28.0 84.31616 38.96458 143.16299 21.0
16.0 28.0 16.0 37.09878 39.06439 124.6682 21.0
16.0 36.0 36.0 51.18243 19.44855 119.66403 432.0
16.0 36.0 16.0 37.09878 39.06439 124.6682 432.0
16.0 37.0 37.0 80.19293 11.06709 113.82018 73.0
16.0 37.0 16.0 37.09878 39.06439 124.6682 73.0
16.0 38.0 38.0 88.7263 68.44376 152.61729 9.0
16.0 38.0 16.0 37.09878 39.06439 124.6682 9.0
16.0 42.0 42.0 56.61201 85.20914 144.95535 77.0
16.0 42.0 16.0 37.09878 39.06439 124.6682 77.0
16.0 44.0 44.0 70.25259 22.72781 131.34831 111.0
16.0 44.0 16.0 37.09878 39.06439 124.6682 111.0
17.0 3.0 3.0 83.08817 3.82502 88.01954 507.0
17.0 3.0 17.0 122.81035 11.00532 94.5841 507.0
17.0 7.0 7.0 121.6394 13.42532 56.92734 360.0
17.0 7.0 17.0 122.81035 11.00532 94.5841 360.0
17.0 10.0 10.0 97.03476 3.91939 61.08676 210.0
17.0 10.0 17.0 122.81035 11.00532 94.5841 210.0
17.0 15.0 15.0 145.15855 26.57867 64.67197 411.0
17.0 15.0 17.0 122.81035 11.00532 94.5841 411.0
17.0 17.0 17.0 122.81035 11.00532 94.5841 2143.0
17.0 17.0 17.0 122.81035 11.00532 94.5841 2143.0
17.0 18.0 18.0 159.18656 24.79758 93.8047 278.0
17.0 18.0 17.0 122.81035 11.00532 94.5841 278.0
17.0 19.0 19.0 66.40484 15.81536 45.34304 2.0
17.0 19.0 17.0 122.81035 11.00532 94.5841 2.0
17.0 23.0 23.0 173.50015 43.52028 77.06062 3.0
17.0 23.0 17.0 122.81035 11.00532 94.5841 3.0
17.0 26.0 26.0 132.0918 45.08589 139.09703 37.0
17.0 26.0 17.0 122.81035 11.00532 94.5841 37.0
17.0 28.0 28.0 84.31616 38.96458 143.16299 8.0
17.0 28.0 17.0 122.81035 11.00532 94.5841 8.0
17.0 29.0 29.0 122.60209 20.569 121.19828 633.0
17.0 29.0 17.0 122.81035 11.00532 94.5841 633.0
17.0 31.0 31.0 121.63147 38.96325 36.0604 3.0
17.0 31.0 17.0 122.81035 11.00532 94.5841 3.0
17.0 37.0 37.0 80.19293 11.06709 113.82018 225.0
17.0 37.0 17.0 122.81035 11.00532 94.5841 225.0
17.0 40.0 40.0 83.2289 23.58203 42.38622 1.0
17.0 40.0 17.0 122.81035 11.00532 94.5841 1.0
17.0 44.0 44.0 70.25259 22.72781 131.34831 2.0
17.0 44.0 17.0 122.81035 11.00532 94.5841 2.0
17.0 45.0 45.0 35.08892 116.35902 28.56799 1.0
17.0 45.0 17.0 122.81035 11.00532 94.5841 1.0
17.0 47.0 47.0 164.19075 62.67546 126.08814 12.0
17.0 47.0 17.0 122.81035 11.00532 94.5841 12.0
18.0 3.0 3.0 83.08817 3.82502 88.01954 1.0
18.0 3.0 18.0 159.18656 24.79758 93.8047 1.0
18.0 7.0 7.0 121.6394 13.42532 56.92734 17.0
18.0 7.0 18.0 159.18656 24.79758 93.8047 17.0
18.0 10.0 10.0 97.03476 3.91939 61.08676 1.0
18.0 10.0 18.0 159.18656 24.79758 93.8047 1.0
18.0 12.0 12.0 179.81531 86.38089 84.74878 3.0
18.0 12.0 18.0 159.18656 24.79758 93.8047 3.0
18.0 15.0 15.0 145.15855 26.57867 64.67197 458.0
18.0 15.0 18.0 159.18656 24.79758 93.8047 458.0
18.0 17.0 17.0 122.81035 11.00532 94.5841 277.0
18.0 17.0 18.0 159.18656 24.79758 93.8047 277.0
18.0 18.0 18.0 159.18656 24.79758 93.8047 1395.0
18.0 18.0 18.0 159.18656 24.79758 93.8047 1395.0
18.0 23.0 23.0 173.50015 43.52028 77.06062 424.0
18.0 23.0 18.0 159.18656 24.79758 93.8047 424.0
18.0 25.0 25.0 182.84404 63.94558 100.2553 50.0
18.0 25.0 18.0 159.18656 24.79758 93.8047 50.0
18.0 26.0 26.0 132.0918 45.08589 139.09703 93.0
18.0 26.0 18.0 159.18656 24.79758 93.8047 93.0
18.0 29.0 29.0 122.60209 20.569 121.19828 247.0
18.0 29.0 18.0 159.18656 24.79758 93.8047 247.0
18.0 31.0 31.0 121.63147 38.96325 36.0604 8.0
18.0 31.0 18.0 159.18656 24.79758 93.8047 8.0
18.0 32.0 32.0 156.985 89.09782 57.99985 5.0
18.0 32.0 18.0 159.18656 24.79758 93.8047 5.0
18.0 37.0 37.0 80.19293 11.06709 113.82018 2.0
18.0 37.0 18.0 159.18656 24.79758 93.8047 2.0
18.0 47.0 47.0 164.19075 62.67546 126.08814 298.0
18.0 47.0 18.0 159.18656 24.79758 93.8047 298.0
19.0 1.0 1.0 66.27545 89.20347 7.45919 12.0
19.0 1.0 19.0 66.40484 15.81536 45.34304 12.0
19.0 2.0 2.0 27.38976 25.3443 87.72543 5.0
19.0 2.0 19.0 66.40484 15.81536 45.34304 5.0
19.0 3.0 3.0 83.08817 3.82502 88.01954 186.0
19.0 3.0 19.0 66.40484 15.81536 45.34304 186.0
19.0 7.0 7.0 121.6394 13.42532 56.92734 7.0
19.0 7.0 19.0 66.40484 15.81536 45.34304 7.0
19.0 8.0 8.0 108.20122 86.03414 38.67026 1.0
19.0 8.0 19.0 66.40484 15.81536 45.34304 1.0
19.0 10.0 10.0 97.03476 3.91939 61.08676 256.0
19.0 10.0 19.0 66.40484 15.81536 45.34304 256.0
19.0 11.0 11.0 48.52049 14.11456 56.52597 864.0
19.0 11.0 19.0 66.40484 15.81536 45.34304 864.0
19.0 13.0 13.0 21.78977 31.16098 56.41397 24.0
19.0 13.0 19.0 66.40484 15.81536 45.34304 24.0
19.0 17.0 17.0 122.81035 11.00532 94.5841 1.0
19.0 17.0 19.0 66.40484 15.81536 45.34304 1.0
19.0 19.0 19.0 66.40484 15.81536 45.34304 873.0
19.0 19.0 19.0 66.40484 15.81536 45.34304 873.0
19.0 20.0 20.0 84.93768 53.72284 22.17411 257.0
19.0 20.0 19.0 66.40484 15.81536 45.34304 257.0
19.0 21.0 21.0 28.22409 78.16556 19.33504 6.0
19.0 21.0 19.0 66.40484 15.81536 45.34304 6.0
19.0 31.0 31.0 121.63147 38.96325 36.0604 12.0
19.0 31.0 19.0 66.40484 15.81536 45.34304 12.0
19.0 37.0 37.0 80.19293 11.06709 113.82018 6.0
19.0 37.0 19.0 66.40484 15.81536 45.34304 6.0
19.0 39.0 39.0 21.79991 50.1342 32.8146 95.0
19.0 39.0 19.0 66.40484 15.81536 45.34304 95.0
19.0 40.0 40.0 83.2289 23.58203 42.38622 676.0
19.0 40.0 19.0 66.40484 15.81536 45.34304 676.0
20.0 1.0 1.0 66.27545 89.20347 7.45919 935.0
20.0 1.0 20.0 84.93768 53.72284 22.17411 935.0
20.0 7.0 7.0 121.6394 13.42532 56.92734 8.0
20.0 7.0 20.0 84.93768 53.72284 22.17411 8.0
20.0 8.0 8.0 108.20122 86.03414 38.67026 1325.0
20.0 8.0 20.0 84.93768 53.72284 22.17411 1325.0
20.0 10.0 10.0 97.03476 3.91939 61.08676 12.0
20.0 10.0 20.0 84.93768 53.72284 22.17411 12.0
20.0 11.0 11.0 48.52049 14.11456 56.52597 129.0
20.0 11.0 20.0 84.93768 53.72284 22.17411 129.0
20.0 12.0 12.0 179.81531 86.38089 84.74878 1.0
20.0 12.0 20.0 84.93768 53.72284 22.17411 1.0
20.0 13.0 13.0 21.78977 31.16098 56.41397 8.0
20.0 13.0 20.0 84.93768 53.72284 22.17411 8.0
20.0 14.0 14.0 128.2653 116.03205 40.23593 5.0
20.0 14.0 20.0 84.93768 53.72284 22.17411 5.0
20.0 15.0 15.0 145.15855 26.57867 64.67197 1.0
20.0 15.0 20.0 84.93768 53.72284 22.17411 1.0
20.0 18.0 18.0 159.18656 24.79758 93.8047 1.0
20.0 18.0 20.0 84.93768 53.72284 22.17411 1.0
20.0 19.0 19.0 66.40484 15.81536 45.34304 202.0
20.0 19.0 20.0 84.93768 53.72284 22.17411 202.0
20.0 20.0 20.0 84.93768 53.72284 22.17411 5248.0
20.0 20.0 20.0 84.93768 53.72284 22.17411 5248.0
20.0 21.0 21.0 28.22409 78.16556 19.33504 105.0
20.0 21.0 20.0 84.93768 53.72284 22.17411 105.0
20.0 27.0 27.0 18.75554 45.33274 103.7839 1.0
20.0 27.0 20.0 84.93768 53.72284 22.17411 1.0
20.0 31.0 31.0 121.63147 38.96325 36.0604 916.0
20.0 31.0 20.0 84.93768 53.72284 22.17411 916.0
20.0 32.0 32.0 156.985 89.09782 57.99985 4.0
20.0 32.0 20.0 84.93768 53.72284 22.17411 4.0
20.0 39.0 39.0 21.79991 50.1342 32.8146 221.0
20.0 39.0 20.0 84.93768 53.72284 22.17411 221.0
20.0 40.0 40.0 83.2289 23.58203 42.38622 756.0
20.0 40.0 20.0 84.93768 53.72284 22.17411 756.0
20.0 45.0 45.0 35.08892 116.35902 28.56799 2.0
20.0 45.0 20.0 84.93768 53.72284 22.17411 2.0
21.0 1.0 1.0 66.27545 89.20347 7.45919 673.0
21.0 1.0 21.0 28.22409 78.16556 19.33504 673.0
21.0 5.0 5.0 36.13508 130.04454 82.13113 2.0
21.0 5.0 21.0 28.22409 78.16556 19.33504 2.0
21.0 6.0 6.0 5.47379 84.77464 74.38922 274.0
21.0 6.0 21.0 28.22409 78.16556 19.33504 274.0
21.0 8.0 8.0 108.20122 86.03414 38.67026 3.0
21.0 8.0 21.0 28.22409 78.16556 19.33504 3.0
21.0 11.0 11.0 48.52049 14.11456 56.52597 20.0
21.0 11.0 21.0 28.22409 78.16556 19.33504 20.0
21.0 12.0 12.0 179.81531 86.38089 84.74878 1.0
21.0 12.0 21.0 28.22409 78.16556 19.33504 1.0
21.0 13.0 13.0 21.78977 31.16098 56.41397 4.0
21.0 13.0 21.0 28.22409 78.16556 19.33504 4.0
21.0 19.0 19.0 66.40484 15.81536 45.34304 5.0
21.0 19.0 21.0 28.22409 78.16556 19.33504 5.0
21.0 20.0 20.0 84.93768 53.72284 22.17411 102.0
21.0 20.0 21.0 28.22409 78.16556 19.33504 102.0
21.0 21.0 21.0 28.22409 78.16556 19.33504 2710.0
21.0 21.0 21.0 28.22409 78.16556 19.33504 2710.0
21.0 39.0 39.0 21.79991 50.1342 32.8146 973.0
21.0 39.0 21.0 28.22409 78.16556 19.33504 973.0
21.0 40.0 40.0 83.2289 23.58203 42.38622 1.0
21.0 40.0 21.0 28.22409 78.16556 19.33504 1.0
21.0 45.0 45.0 35.08892 116.35902 28.56799 776.0
21.0 45.0 21.0 28.22409 78.16556 19.33504 776.0
22.0 0.0 0.0 55.14179 48.88183 141.98605 286.0
22.0 0.0 22.0 25.06542 80.03918 119.42897 286.0
22.0 2.0 2.0 27.38976 25.3443 87.72543 23.0
22.0 2.0 22.0 25.06542 80.03918 119.42897 23.0
22.0 4.0 4.0 72.07811 108.39329 139.67368 182.0
22.0 4.0 22.0 25.06542 80.03918 119.42897 182.0
22.0 5.0 5.0 36.13508 130.04454 82.13113 520.0
22.0 5.0 22.0 25.06542 80.03918 119.42897 520.0
22.0 6.0 6.0 5.47379 84.77464 74.38922 869.0
22.0 6.0 22.0 25.06542 80.03918 119.42897 869.0
22.0 8.0 8.0 108.20122 86.03414 38.67026 2.0
22.0 8.0 22.0 25.06542 80.03918 119.42897 2.0
22.0 9.0 9.0 78.60669 139.92424 102.65072 1.0
22.0 9.0 22.0 25.06542 80.03918 119.42897 1.0
22.0 13.0 13.0 21.78977 31.16098 56.41397 2.0
22.0 13.0 22.0 25.06542 80.03918 119.42897 2.0
22.0 16.0 16.0 37.09878 39.06439 124.6682 536.0
22.0 16.0 22.0 25.06542 80.03918 119.42897 536.0
22.0 17.0 17.0 122.81035 11.00532 94.5841 1.0
22.0 17.0 22.0 25.06542 80.03918 119.42897 1.0
22.0 19.0 19.0 66.40484 15.81536 45.34304 1.0
22.0 19.0 22.0 25.06542 80.03918 119.42897 1.0
22.0 22.0 22.0 25.06542 80.03918 119.42897 5869.0
22.0 22.0 22.0 25.06542 80.03918 119.42897 5869.0
22.0 27.0 27.0 18.75554 45.33274 103.7839 616.0
22.0 27.0 22.0 25.06542 80.03918 119.42897 616.0
22.0 28.0 28.0 84.31616 38.96458 143.16299 4.0
22.0 28.0 22.0 25.06542 80.03918 119.42897 4.0
22.0 33.0 33.0 97.25976 49.9446 149.23894 1.0
22.0 33.0 22.0 25.06542 80.03918 119.42897 1.0
22.0 36.0 36.0 51.18243 19.44855 119.66403 4.0
22.0 36.0 22.0 25.06542 80.03918 119.42897 4.0
22.0 37.0 37.0 80.19293 11.06709 113.82018 1.0
22.0 37.0 22.0 25.06542 80.03918 119.42897 1.0
22.0 38.0 38.0 88.7263 68.44376 152.61729 10.0
22.0 38.0 22.0 25.06542 80.03918 119.42897 10.0
22.0 41.0 41.0 59.86536 126.06238 122.49806 298.0
22.0 41.0 22.0 25.06542 80.03918 119.42897 298.0
22.0 42.0 42.0 56.61201 85.20914 144.95535 694.0
22.0 42.0 22.0 25.06542 80.03918 119.42897 694.0
22.0 43.0 43.0 101.73839 137.71217 99.18645 1.0
22.0 43.0 22.0 25.06542 80.03918 119.42897 1.0
22.0 44.0 44.0 70.25259 22.72781 131.34831 3.0
22.0 44.0 22.0 25.06542 80.03918 119.42897 3.0
23.0 7.0 7.0 121.6394 13.42532 56.92734 3.0
23.0 7.0 23.0 173.50015 43.52028 77.06062 3.0
23.0 8.0 8.0 108.20122 86.03414 38.67026 2.0
23.0 8.0 23.0 173.50015 43.52028 77.06062 2.0
23.0 12.0 12.0 179.81531 86.38089 84.74878 243.0
23.0 12.0 23.0 173.50015 43.52028 77.06062 243.0
23.0 15.0 15.0 145.15855 26.57867 64.67197 345.0
23.0 15.0 23.0 173.50015 43.52028 77.06062 345.0
23.0 17.0 17.0 122.81035 11.00532 94.5841 3.0
23.0 17.0 23.0 173.50015 43.52028 77.06062 3.0
23.0 18.0 18.0 159.18656 24.79758 93.8047 446.0
23.0 18.0 23.0 173.50015 43.52028 77.06062 446.0
23.0 23.0 23.0 173.50015 43.52028 77.06062 1426.0
23.0 23.0 23.0 173.50015 43.52028 77.06062 1426.0
23.0 25.0 25.0 182.84404 63.94558 100.2553 347.0
23.0 25.0 23.0 173.50015 43.52028 77.06062 347.0
23.0 26.0 26.0 132.0918 45.08589 139.09703 7.0
23.0 26.0 23.0 173.50015 43.52028 77.06062 7.0
23.0 28.0 28.0 84.31616 38.96458 143.16299 1.0
23.0 28.0 23.0 173.50015 43.52028 77.06062 1.0
23.0 29.0 29.0 122.60209 20.569 121.19828 6.0
23.0 29.0 23.0 173.50015 43.52028 77.06062 6.0
23.0 31.0 31.0 121.63147 38.96325 36.0604 60.0
23.0 31.0 23.0 173.50015 43.52028 77.06062 60.0
23.0 32.0 32.0 156.985 89.09782 57.99985 240.0
23.0 32.0 23.0 173.50015 43.52028 77.06062 240.0
23.0 37.0 37.0 80.19293 11.06709 113.82018 1.0
23.0 37.0 23.0 173.50015 43.52028 77.06062 1.0
23.0 47.0 47.0 164.19075 62.67546 126.08814 137.0
23.0 47.0 23.0 173.50015 43.52028 77.06062 137.0
24.0 0.0 0.0 55.14179 48.88183 141.98605 4.0
24.0 0.0 24.0 107.93514 87.19497 149.14638 4.0
24.0 4.0 4.0 72.07811 108.39329 139.67368 648.0
24.0 4.0 24.0 107.93514 87.19497 149.14638 648.0
24.0 9.0 9.0 78.60669 139.92424 102.65072 4.0
24.0 9.0 24.0 107.93514 87.19497 149.14638 4.0
24.0 17.0 17.0 122.81035 11.00532 94.5841 1.0
24.0 17.0 24.0 107.93514 87.19497 149.14638 1.0
24.0 22.0 22.0 25.06542 80.03918 119.42897 2.0
24.0 22.0 24.0 107.93514 87.19497 149.14638 2.0
24.0 24.0 24.0 107.93514 87.19497 149.14638 3820.0
24.0 24.0 24.0 107.93514 87.19497 149.14638 3820.0
24.0 26.0 26.0 132.0918 45.08589 139.09703 398.0
24.0 26.0 24.0 107.93514 87.19497 149.14638 398.0
24.0 28.0 28.0 84.31616 38.96458 143.16299 17.0
24.0 28.0 24.0 107.93514 87.19497 149.14638 17.0
24.0 30.0 30.0 88.2964 139.92596 62.61931 1.0
24.0 30.0 24.0 107.93514 87.19497 149.14638 1.0
24.0 33.0 33.0 97.25976 49.9446 149.23894 212.0
24.0 33.0 24.0 107.93514 87.19497 149.14638 212.0
24.0 34.0 34.0 127.811 111.24318 129.58541 1116.0
24.0 34.0 24.0 107.93514 87.19497 149.14638 1116.0
24.0 35.0 35.0 147.80261 121.14737 95.62716 3.0
24.0 35.0 24.0 107.93514 87.19497 149.14638 3.0
24.0 38.0 38.0 88.7263 68.44376 152.61729 867.0
24.0 38.0 24.0 107.93514 87.19497 149.14638 867.0
24.0 41.0 41.0 59.86536 126.06238 122.49806 40.0
24.0 41.0 24.0 107.93514 87.19497 149.14638 40.0
24.0 42.0 42.0 56.61201 85.20914 144.95535 234.0
24.0 42.0 24.0 107.93514 87.19497 149.14638 234.0
24.0 43.0 43.0 101.73839 137.71217 99.18645 2.0
24.0 43.0 24.0 107.93514 87.19497 149.14638 2.0
24.0 44.0 44.0 70.25259 22.72781 131.34831 2.0
24.0 44.0 24.0 107.93514 87.19497 149.14638 2.0
24.0 47.0 47.0 164.19075 62.67546 126.08814 94.0
24.0 47.0 24.0 107.93514 87.19497 149.14638 94.0
25.0 7.0 7.0 121.6394 13.42532 56.92734 1.0
25.0 7.0 25.0 182.84404 63.94558 100.2553 1.0
25.0 12.0 12.0 179.81531 86.38089 84.74878 522.0
25.0 12.0 25.0 182.84404 63.94558 100.2553 522.0
25.0 15.0 15.0 145.15855 26.57867 64.67197 4.0
25.0 15.0 25.0 182.84404 63.94558 100.2553 4.0
25.0 18.0 18.0 159.18656 24.79758 93.8047 45.0
25.0 18.0 25.0 182.84404 63.94558 100.2553 45.0
25.0 23.0 23.0 173.50015 43.52028 77.06062 341.0
25.0 23.0 25.0 182.84404 63.94558 100.2553 341.0
25.0 25.0 25.0 182.84404 63.94558 100.2553 930.0
25.0 25.0 25.0 182.84404 63.94558 100.2553 930.0
25.0 26.0 26.0 132.0918 45.08589 139.09703 2.0
25.0 26.0 25.0 182.84404 63.94558 100.2553 2.0
25.0 32.0 32.0 156.985 89.09782 57.99985 14.0
25.0 32.0 25.0 182.84404 63.94558 100.2553 14.0
25.0 34.0 34.0 127.811 111.24318 129.58541 11.0
25.0 34.0 25.0 182.84404 63.94558 100.2553 11.0
25.0 35.0 35.0 147.80261 121.14737 95.62716 34.0
25.0 35.0 25.0 182.84404 63.94558 100.2553 34.0
25.0 46.0 46.0 114.50187 130.25954 52.7329 1.0
25.0 46.0 25.0 182.84404 63.94558 100.2553 1.0
25.0 47.0 47.0 164.19075 62.67546 126.08814 550.0
25.0 47.0 25.0 182.84404 63.94558 100.2553 550.0
26.0 3.0 3.0 83.08817 3.82502 88.01954 1.0
26.0 3.0 26.0 132.0918 45.08589 139.09703 1.0
26.0 12.0 12.0 179.81531 86.38089 84.74878 1.0
26.0 12.0 26.0 132.0918 45.08589 139.09703 1.0
26.0 17.0 17.0 122.81035 11.00532 94.5841 48.0
26.0 17.0 26.0 132.0918 45.08589 139.09703 48.0
26.0 18.0 18.0 159.18656 24.79758 93.8047 91.0
26.0 18.0 26.0 132.0918 45.08589 139.09703 91.0
26.0 23.0 23.0 173.50015 43.52028 77.06062 2.0
26.0 23.0 26.0 132.0918 45.08589 139.09703 2.0
26.0 24.0 24.0 107.93514 87.19497 149.14638 418.0
26.0 24.0 26.0 132.0918 45.08589 139.09703 418.0
26.0 25.0 25.0 182.84404 63.94558 100.2553 3.0
26.0 25.0 26.0 132.0918 45.08589 139.09703 3.0
26.0 26.0 26.0 132.0918 45.08589 139.09703 3416.0
26.0 26.0 26.0 132.0918 45.08589 139.09703 3416.0
26.0 28.0 28.0 84.31616 38.96458 143.16299 195.0
26.0 28.0 26.0 132.0918 45.08589 139.09703 195.0
26.0 29.0 29.0 122.60209 20.569 121.19828 801.0
26.0 29.0 26.0 132.0918 45.08589 139.09703 801.0
26.0 33.0 33.0 97.25976 49.9446 149.23894 464.0
26.0 33.0 26.0 132.0918 45.08589 139.09703 464.0
26.0 34.0 34.0 127.811 111.24318 129.58541 137.0
26.0 34.0 26.0 132.0918 45.08589 139.09703 137.0
26.0 35.0 35.0 147.80261 121.14737 95.62716 1.0
26.0 35.0 26.0 132.0918 45.08589 139.09703 1.0
26.0 37.0 37.0 80.19293 11.06709 113.82018 47.0
26.0 37.0 26.0 132.0918 45.08589 139.09703 47.0
26.0 38.0 38.0 88.7263 68.44376 152.61729 173.0
26.0 38.0 26.0 132.0918 45.08589 139.09703 173.0
26.0 44.0 44.0 70.25259 22.72781 131.34831 3.0
26.0 44.0 26.0 132.0918 45.08589 139.09703 3.0
26.0 47.0 47.0 164.19075 62.67546 126.08814 799.0
26.0 47.0 26.0 132.0918 45.08589 139.09703 799.0
27.0 0.0 0.0 55.14179 48.88183 141.98605 19.0
27.0 0.0 27.0 18.75554 45.33274 103.7839 19.0
27.0 2.0 2.0 27.38976 25.3443 87.72543 731.0
27.0 2.0 27.0 18.75554 45.33274 103.7839 731.0
27.0 3.0 3.0 83.08817 3.82502 88.01954 1.0
27.0 3.0 27.0 18.75554 45.33274 103.7839 1.0
27.0 6.0 6.0 5.47379 84.77464 74.38922 334.0
27.0 6.0 27.0 18.75554 45.33274 103.7839 334.0
27.0 11.0 11.0 48.52049 14.11456 56.52597 5.0
27.0 11.0 27.0 18.75554 45.33274 103.7839 5.0
27.0 13.0 13.0 21.78977 31.16098 56.41397 64.0
27.0 13.0 27.0 18.75554 45.33274 103.7839 64.0
27.0 16.0 16.0 37.09878 39.06439 124.6682 495.0
27.0 16.0 27.0 18.75554 45.33274 103.7839 495.0
27.0 22.0 22.0 25.06542 80.03918 119.42897 582.0
27.0 22.0 27.0 18.75554 45.33274 103.7839 582.0
27.0 27.0 27.0 18.75554 45.33274 103.7839 1418.0
27.0 27.0 27.0 18.75554 45.33274 103.7839 1418.0
27.0 36.0 36.0 51.18243 19.44855 119.66403 38.0
27.0 36.0 27.0 18.75554 45.33274 103.7839 38.0
27.0 37.0 37.0 80.19293 11.06709 113.82018 5.0
27.0 37.0 27.0 18.75554 45.33274 103.7839 5.0
27.0 39.0 39.0 21.79991 50.1342 32.8146 9.0
27.0 39.0 27.0 18.75554 45.33274 103.7839 9.0
27.0 42.0 42.0 56.61201 85.20914 144.95535 2.0
27.0 42.0 27.0 18.75554 45.33274 103.7839 2.0
27.0 44.0 44.0 70.25259 22.72781 131.34831 3.0
27.0 44.0 27.0 18.75554 45.33274 103.7839 3.0
27.0 45.0 45.0 35.08892 116.35902 28.56799 1.0
27.0 45.0 27.0 18.75554 45.33274 103.7839 1.0
28.0 0.0 0.0 55.14179 48.88183 141.98605 482.0
28.0 0.0 28.0 84.31616 38.96458 143.16299 482.0
28.0 3.0 3.0 83.08817 3.82502 88.01954 4.0
28.0 3.0 28.0 84.31616 38.96458 143.16299 4.0
28.0 4.0 4.0 72.07811 108.39329 139.67368 5.0
28.0 4.0 28.0 84.31616 38.96458 143.16299 5.0
28.0 5.0 5.0 36.13508 130.04454 82.13113 1.0
28.0 5.0 28.0 84.31616 38.96458 143.16299 1.0
28.0 16.0 16.0 37.09878 39.06439 124.6682 20.0
28.0 16.0 28.0 84.31616 38.96458 143.16299 20.0
28.0 17.0 17.0 122.81035 11.00532 94.5841 6.0
28.0 17.0 28.0 84.31616 38.96458 143.16299 6.0
28.0 19.0 19.0 66.40484 15.81536 45.34304 1.0
28.0 19.0 28.0 84.31616 38.96458 143.16299 1.0
28.0 22.0 22.0 25.06542 80.03918 119.42897 7.0
28.0 22.0 28.0 84.31616 38.96458 143.16299 7.0
28.0 24.0 24.0 107.93514 87.19497 149.14638 16.0
28.0 24.0 28.0 84.31616 38.96458 143.16299 16.0
28.0 26.0 26.0 132.0918 45.08589 139.09703 175.0
28.0 26.0 28.0 84.31616 38.96458 143.16299 175.0
28.0 28.0 28.0 84.31616 38.96458 143.16299 1309.0
28.0 28.0 28.0 84.31616 38.96458 143.16299 1309.0
28.0 29.0 29.0 122.60209 20.569 121.19828 209.0
28.0 29.0 28.0 84.31616 38.96458 143.16299 209.0
28.0 33.0 33.0 97.25976 49.9446 149.23894 693.0
28.0 33.0 28.0 84.31616 38.96458 143.16299 693.0
28.0 36.0 36.0 51.18243 19.44855 119.66403 31.0
28.0 36.0 28.0 84.31616 38.96458 143.16299 31.0
28.0 37.0 37.0 80.19293 11.06709 113.82018 334.0
28.0 37.0 28.0 84.31616 38.96458 143.16299 334.0
28.0 38.0 38.0 88.7263 68.44376 152.61729 251.0
28.0 38.0 28.0 84.31616 38.96458 143.16299 251.0
28.0 42.0 42.0 56.61201 85.20914 144.95535 72.0
28.0 42.0 28.0 84.31616 38.96458 143.16299 72.0
28.0 44.0 44.0 70.25259 22.72781 131.34831 399.0
28.0 44.0 28.0 84.31616 38.96458 143.16299 399.0
29.0 0.0 0.0 55.14179 48.88183 141.98605 3.0
29.0 0.0 29.0 122.60209 20.569 121.19828 3.0
29.0 3.0 3.0 83.08817 3.82502 88.01954 90.0
29.0 3.0 29.0 122.60209 20.569 121.19828 90.0
29.0 7.0 7.0 121.6394 13.42532 56.92734 6.0
29.0 7.0 29.0 122.60209 20.569 121.19828 6.0
29.0 10.0 10.0 97.03476 3.91939 61.08676 1.0
29.0 10.0 29.0 122.60209 20.569 121.19828 1.0
29.0 15.0 15.0 145.15855 26.57867 64.67197 22.0
29.0 15.0 29.0 122.60209 20.569 121.19828 22.0
29.0 17.0 17.0 122.81035 11.00532 94.5841 666.0
29.0 17.0 29.0 122.60209 20.569 121.19828 666.0
29.0 18.0 18.0 159.18656 24.79758 93.8047 223.0
29.0 18.0 29.0 122.60209 20.569 121.19828 223.0
29.0 23.0 23.0 173.50015 43.52028 77.06062 3.0
29.0 23.0 29.0 122.60209 20.569 121.19828 3.0
29.0 24.0 24.0 107.93514 87.19497 149.14638 2.0
29.0 24.0 29.0 122.60209 20.569 121.19828 2.0
29.0 25.0 25.0 182.84404 63.94558 100.2553 1.0
29.0 25.0 29.0 122.60209 20.569 121.19828 1.0
29.0 26.0 26.0 132.0918 45.08589 139.09703 829.0
29.0 26.0 29.0 122.60209 20.569 121.19828 829.0
29.0 28.0 28.0 84.31616 38.96458 143.16299 229.0
29.0 28.0 29.0 122.60209 20.569 121.19828 229.0
29.0 29.0 29.0 122.60209 20.569 121.19828 2021.0
29.0 29.0 29.0 122.60209 20.569 121.19828 2021.0
29.0 33.0 33.0 97.25976 49.9446 149.23894 87.0
29.0 33.0 29.0 122.60209 20.569 121.19828 87.0
29.0 37.0 37.0 80.19293 11.06709 113.82018 501.0
29.0 37.0 29.0 122.60209 20.569 121.19828 501.0
29.0 38.0 38.0 88.7263 68.44376 152.61729 5.0
29.0 38.0 29.0 122.60209 20.569 121.19828 5.0
29.0 44.0 44.0 70.25259 22.72781 131.34831 30.0
29.0 44.0 29.0 122.60209 20.569 121.19828 30.0
29.0 46.0 46.0 114.50187 130.25954 52.7329 1.0
29.0 46.0 29.0 122.60209 20.569 121.19828 1.0
29.0 47.0 47.0 164.19075 62.67546 126.08814 113.0
29.0 47.0 29.0 122.60209 20.569 121.19828 113.0
30.0 1.0 1.0 66.27545 89.20347 7.45919 140.0
30.0 1.0 30.0 88.2964 139.92596 62.61931 140.0
30.0 2.0 2.0 27.38976 25.3443 87.72543 1.0
30.0 2.0 30.0 88.2964 139.92596 62.61931 1.0
30.0 5.0 5.0 36.13508 130.04454 82.13113 748.0
30.0 5.0 30.0 88.2964 139.92596 62.61931 748.0
30.0 8.0 8.0 108.20122 86.03414 38.67026 258.0
30.0 8.0 30.0 88.2964 139.92596 62.61931 258.0
30.0 9.0 9.0 78.60669 139.92424 102.65072 497.0
30.0 9.0 30.0 88.2964 139.92596 62.61931 497.0
30.0 14.0 14.0 128.2653 116.03205 40.23593 116.0
30.0 14.0 30.0 88.2964 139.92596 62.61931 116.0
30.0 23.0 23.0 173.50015 43.52028 77.06062 1.0
30.0 23.0 30.0 88.2964 139.92596 62.61931 1.0
30.0 30.0 30.0 88.2964 139.92596 62.61931 6393.0
30.0 30.0 30.0 88.2964 139.92596 62.61931 6393.0
30.0 32.0 32.0 156.985 89.09782 57.99985 2.0
30.0 32.0 30.0 88.2964 139.92596 62.61931 2.0
30.0 34.0 34.0 127.811 111.24318 129.58541 32.0
30.0 34.0 30.0 88.2964 139.92596 62.61931 32.0
30.0 35.0 35.0 147.80261 121.14737 95.62716 324.0
30.0 35.0 30.0 88.2964 139.92596 62.61931 324.0
30.0 41.0 41.0 59.86536 126.06238 122.49806 10.0
30.0 41.0 30.0 88.2964 139.92596 62.61931 10.0
30.0 43.0 43.0 101.73839 137.71217 99.18645 961.0
30.0 43.0 30.0 88.2964 139.92596 62.61931 961.0
30.0 45.0 45.0 35.08892 116.35902 28.56799 342.0
30.0 45.0 30.0 88.2964 139.92596 62.61931 342.0
30.0 46.0 46.0 114.50187 130.25954 52.7329 1408.0
30.0 46.0 30.0 88.2964 139.92596 62.61931 1408.0
31.0 3.0 3.0 83.08817 3.82502 88.01954 1.0
31.0 3.0 31.0 121.63147 38.96325 36.0604 1.0
31.0 7.0 7.0 121.6394 13.42532 56.92734 702.0
31.0 7.0 31.0 121.63147 38.96325 36.0604 702.0
31.0 8.0 8.0 108.20122 86.03414 38.67026 814.0
31.0 8.0 31.0 121.63147 38.96325 36.0604 814.0
31.0 10.0 10.0 97.03476 3.91939 61.08676 161.0
31.0 10.0 31.0 121.63147 38.96325 36.0604 161.0
31.0 11.0 11.0 48.52049 14.11456 56.52597 1.0
31.0 11.0 31.0 121.63147 38.96325 36.0604 1.0
31.0 12.0 12.0 179.81531 86.38089 84.74878 7.0
31.0 12.0 31.0 121.63147 38.96325 36.0604 7.0
31.0 14.0 14.0 128.2653 116.03205 40.23593 2.0
31.0 14.0 31.0 121.63147 38.96325 36.0604 2.0
31.0 15.0 15.0 145.15855 26.57867 64.67197 589.0
31.0 15.0 31.0 121.63147 38.96325 36.0604 589.0
31.0 17.0 17.0 122.81035 11.00532 94.5841 5.0
31.0 17.0 31.0 121.63147 38.96325 36.0604 5.0
31.0 18.0 18.0 159.18656 24.79758 93.8047 6.0
31.0 18.0 31.0 121.63147 38.96325 36.0604 6.0
31.0 19.0 19.0 66.40484 15.81536 45.34304 10.0
31.0 19.0 31.0 121.63147 38.96325 36.0604 10.0
31.0 20.0 20.0 84.93768 53.72284 22.17411 895.0
31.0 20.0 31.0 121.63147 38.96325 36.0604 895.0
31.0 23.0 23.0 173.50015 43.52028 77.06062 53.0
31.0 23.0 31.0 121.63147 38.96325 36.0604 53.0
31.0 31.0 31.0 121.63147 38.96325 36.0604 5119.0
31.0 31.0 31.0 121.63147 38.96325 36.0604 5119.0
31.0 32.0 32.0 156.985 89.09782 57.99985 269.0
31.0 32.0 31.0 121.63147 38.96325 36.0604 269.0
31.0 40.0 40.0 83.2289 23.58203 42.38622 454.0
31.0 40.0 31.0 121.63147 38.96325 36.0604 454.0
31.0 45.0 45.0 35.08892 116.35902 28.56799 1.0
31.0 45.0 31.0 121.63147 38.96325 36.0604 1.0
32.0 7.0 7.0 121.6394 13.42532 56.92734 5.0
32.0 7.0 32.0 156.985 89.09782 57.99985 5.0
32.0 8.0 8.0 108.20122 86.03414 38.67026 677.0
32.0 8.0 32.0 156.985 89.09782 57.99985 677.0
32.0 12.0 12.0 179.81531 86.38089 84.74878 726.0
32.0 12.0 32.0 156.985 89.09782 57.99985 726.0
32.0 14.0 14.0 128.2653 116.03205 40.23593 663.0
32.0 14.0 32.0 156.985 89.09782 57.99985 663.0
32.0 15.0 15.0 145.15855 26.57867 64.67197 178.0
32.0 15.0 32.0 156.985 89.09782 57.99985 178.0
32.0 20.0 20.0 84.93768 53.72284 22.17411 3.0
32.0 20.0 32.0 156.985 89.09782 57.99985 3.0
32.0 23.0 23.0 173.50015 43.52028 77.06062 201.0
32.0 23.0 32.0 156.985 89.09782 57.99985 201.0
32.0 25.0 25.0 182.84404 63.94558 100.2553 27.0
32.0 25.0 32.0 156.985 89.09782 57.99985 27.0
32.0 30.0 30.0 88.2964 139.92596 62.61931 1.0
32.0 30.0 32.0 156.985 89.09782 57.99985 1.0
32.0 31.0 31.0 121.63147 38.96325 36.0604 228.0
32.0 31.0 32.0 156.985 89.09782 57.99985 228.0
32.0 32.0 32.0 156.985 89.09782 57.99985 4013.0
32.0 32.0 32.0 156.985 89.09782 57.99985 4013.0
32.0 35.0 35.0 147.80261 121.14737 95.62716 397.0
32.0 35.0 32.0 156.985 89.09782 57.99985 397.0
32.0 46.0 46.0 114.50187 130.25954 52.7329 127.0
32.0 46.0 32.0 156.985 89.09782 57.99985 127.0
33.0 0.0 0.0 55.14179 48.88183 141.98605 110.0
33.0 0.0 33.0 97.25976 49.9446 149.23894 110.0
33.0 4.0 4.0 72.07811 108.39329 139.67368 3.0
33.0 4.0 33.0 97.25976 49.9446 149.23894 3.0
33.0 16.0 16.0 37.09878 39.06439 124.6682 2.0
33.0 16.0 33.0 97.25976 49.9446 149.23894 2.0
33.0 17.0 17.0 122.81035 11.00532 94.5841 2.0
33.0 17.0 33.0 97.25976 49.9446 149.23894 2.0
33.0 22.0 22.0 25.06542 80.03918 119.42897 1.0
33.0 22.0 33.0 97.25976 49.9446 149.23894 1.0
33.0 24.0 24.0 107.93514 87.19497 149.14638 219.0
33.0 24.0 33.0 97.25976 49.9446 149.23894 219.0
33.0 26.0 26.0 132.0918 45.08589 139.09703 484.0
33.0 26.0 33.0 97.25976 49.9446 149.23894 484.0
33.0 28.0 28.0 84.31616 38.96458 143.16299 697.0
33.0 28.0 33.0 97.25976 49.9446 149.23894 697.0
33.0 29.0 29.0 122.60209 20.569 121.19828 95.0
33.0 29.0 33.0 97.25976 49.9446 149.23894 95.0
33.0 33.0 33.0 97.25976 49.9446 149.23894 1130.0
33.0 33.0 33.0 97.25976 49.9446 149.23894 1130.0
33.0 34.0 34.0 127.811 111.24318 129.58541 2.0
33.0 34.0 33.0 97.25976 49.9446 149.23894 2.0
33.0 36.0 36.0 51.18243 19.44855 119.66403 3.0
33.0 36.0 33.0 97.25976 49.9446 149.23894 3.0
33.0 37.0 37.0 80.19293 11.06709 113.82018 34.0
33.0 37.0 33.0 97.25976 49.9446 149.23894 34.0
33.0 38.0 38.0 88.7263 68.44376 152.61729 630.0
33.0 38.0 33.0 97.25976 49.9446 149.23894 630.0
33.0 42.0 42.0 56.61201 85.20914 144.95535 69.0
33.0 42.0 33.0 97.25976 49.9446 149.23894 69.0
33.0 44.0 44.0 70.25259 22.72781 131.34831 55.0
33.0 44.0 33.0 97.25976 49.9446 149.23894 55.0
33.0 47.0 47.0 164.19075 62.67546 126.08814 2.0
33.0 47.0 33.0 97.25976 49.9446 149.23894 2.0
34.0 4.0 4.0 72.07811 108.39329 139.67368 364.0
34.0 4.0 34.0 127.811 111.24318 129.58541 364.0
34.0 5.0 5.0 36.13508 130.04454 82.13113 1.0
34.0 5.0 34.0 127.811 111.24318 129.58541 1.0
34.0 9.0 9.0 78.60669 139.92424 102.65072 274.0
34.0 9.0 34.0 127.811 111.24318 129.58541 274.0
34.0 12.0 12.0 179.81531 86.38089 84.74878 51.0
34.0 12.0 34.0 127.811 111.24318 129.58541 51.0
34.0 14.0 14.0 128.2653 116.03205 40.23593 1.0
34.0 14.0 34.0 127.811 111.24318 129.58541 1.0
34.0 24.0 24.0 107.93514 87.19497 149.14638 1117.0
34.0 24.0 34.0 127.811 111.24318 129.58541 1117.0
34.0 25.0 25.0 182.84404 63.94558 100.2553 7.0
34.0 25.0 34.0 127.811 111.24318 129.58541 7.0
34.0 26.0 26.0 132.0918 45.08589 139.09703 142.0
34.0 26.0 34.0 127.811 111.24318 129.58541 142.0
34.0 30.0 30.0 88.2964 139.92596 62.61931 31.0
34.0 30.0 34.0 127.811 111.24318 129.58541 31.0
34.0 32.0 32.0 156.985 89.09782 57.99985 2.0
34.0 32.0 34.0 127.811 111.24318 129.58541 2.0
34.0 33.0 33.0 97.25976 49.9446 149.23894 3.0
34.0 33.0 34.0 127.811 111.24318 129.58541 3.0
34.0 34.0 34.0 127.811 111.24318 129.58541 7351.0
34.0 34.0 34.0 127.811 111.24318 129.58541 7351.0
34.0 35.0 35.0 147.80261 121.14737 95.62716 1103.0
34.0 35.0 34.0 127.811 111.24318 129.58541 1103.0
34.0 38.0 38.0 88.7263 68.44376 152.61729 19.0
34.0 38.0 34.0 127.811 111.24318 129.58541 19.0
34.0 41.0 41.0 59.86536 126.06238 122.49806 193.0
34.0 41.0 34.0 127.811 111.24318 129.58541 193.0
34.0 42.0 42.0 56.61201 85.20914 144.95535 4.0
34.0 42.0 34.0 127.811 111.24318 129.58541 4.0
34.0 43.0 43.0 101.73839 137.71217 99.18645 639.0
34.0 43.0 34.0 127.811 111.24318 129.58541 639.0
34.0 46.0 46.0 114.50187 130.25954 52.7329 4.0
34.0 46.0 34.0 127.811 111.24318 129.58541 4.0
34.0 47.0 47.0 164.19075 62.67546 126.08814 525.0
34.0 47.0 34.0 127.811 111.24318 129.58541 525.0
35.0 8.0 8.0 108.20122 86.03414 38.67026 4.0
35.0 8.0 35.0 147.80261 121.14737 95.62716 4.0
35.0 9.0 9.0 78.60669 139.92424 102.65072 7.0
35.0 9.0 35.0 147.80261 121.14737 95.62716 7.0
35.0 12.0 12.0 179.81531 86.38089 84.74878 530.0
35.0 12.0 35.0 147.80261 121.14737 95.62716 530.0
35.0 14.0 14.0 128.2653 116.03205 40.23593 132.0
35.0 14.0 35.0 147.80261 121.14737 95.62716 132.0
35.0 24.0 24.0 107.93514 87.19497 149.14638 2.0
35.0 24.0 35.0 147.80261 121.14737 95.62716 2.0
35.0 25.0 25.0 182.84404 63.94558 100.2553 42.0
35.0 25.0 35.0 147.80261 121.14737 95.62716 42.0
35.0 28.0 28.0 84.31616 38.96458 143.16299 2.0
35.0 28.0 35.0 147.80261 121.14737 95.62716 2.0
35.0 30.0 30.0 88.2964 139.92596 62.61931 304.0
35.0 30.0 35.0 147.80261 121.14737 95.62716 304.0
35.0 32.0 32.0 156.985 89.09782 57.99985 430.0
35.0 32.0 35.0 147.80261 121.14737 95.62716 430.0
35.0 34.0 34.0 127.811 111.24318 129.58541 1141.0
35.0 34.0 35.0 147.80261 121.14737 95.62716 1141.0
35.0 35.0 35.0 147.80261 121.14737 95.62716 4925.0
35.0 35.0 35.0 147.80261 121.14737 95.62716 4925.0
35.0 41.0 41.0 59.86536 126.06238 122.49806 1.0
35.0 41.0 35.0 147.80261 121.14737 95.62716 1.0
35.0 43.0 43.0 101.73839 137.71217 99.18645 383.0
35.0 43.0 35.0 147.80261 121.14737 95.62716 383.0
35.0 46.0 46.0 114.50187 130.25954 52.7329 504.0
35.0 46.0 35.0 147.80261 121.14737 95.62716 504.0
35.0 47.0 47.0 164.19075 62.67546 126.08814 136.0
35.0 47.0 35.0 147.80261 121.14737 95.62716 136.0
36.0 0.0 0.0 55.14179 48.88183 141.98605 197.0
36.0 0.0 36.0 51.18243 19.44855 119.66403 197.0
36.0 2.0 2.0 27.38976 25.3443 87.72543 221.0
36.0 2.0 36.0 51.18243 19.44855 119.66403 221.0
36.0 3.0 3.0 83.08817 3.82502 88.01954 74.0
36.0 3.0 36.0 51.18243 19.44855 119.66403 74.0
36.0 8.0 8.0 108.20122 86.03414 38.67026 1.0
36.0 8.0 36.0 51.18243 19.44855 119.66403 1.0
36.0 10.0 10.0 97.03476 3.91939 61.08676 1.0
36.0 10.0 36.0 51.18243 19.44855 119.66403 1.0
36.0 11.0 11.0 48.52049 14.11456 56.52597 29.0
36.0 11.0 36.0 51.18243 19.44855 119.66403 29.0
36.0 13.0 13.0 21.78977 31.16098 56.41397 2.0
36.0 13.0 36.0 51.18243 19.44855 119.66403 2.0
36.0 16.0 16.0 37.09878 39.06439 124.6682 455.0
36.0 16.0 36.0 51.18243 19.44855 119.66403 455.0
36.0 22.0 22.0 25.06542 80.03918 119.42897 4.0
36.0 22.0 36.0 51.18243 19.44855 119.66403 4.0
36.0 27.0 27.0 18.75554 45.33274 103.7839 45.0
36.0 27.0 36.0 51.18243 19.44855 119.66403 45.0
36.0 28.0 28.0 84.31616 38.96458 143.16299 31.0
36.0 28.0 36.0 51.18243 19.44855 119.66403 31.0
36.0 33.0 33.0 97.25976 49.9446 149.23894 1.0
36.0 33.0 36.0 51.18243 19.44855 119.66403 1.0
36.0 36.0 36.0 51.18243 19.44855 119.66403 621.0
36.0 36.0 36.0 51.18243 19.44855 119.66403 621.0
36.0 37.0 37.0 80.19293 11.06709 113.82018 374.0
36.0 37.0 36.0 51.18243 19.44855 119.66403 374.0
36.0 44.0 44.0 70.25259 22.72781 131.34831 354.0
36.0 44.0 36.0 51.18243 19.44855 119.66403 354.0
37.0 0.0 0.0 55.14179 48.88183 141.98605 38.0
37.0 0.0 37.0 80.19293 11.06709 113.82018 38.0
37.0 2.0 2.0 27.38976 25.3443 87.72543 167.0
37.0 2.0 37.0 80.19293 11.06709 113.82018 167.0
37.0 3.0 3.0 83.08817 3.82502 88.01954 1128.0
37.0 3.0 37.0 80.19293 11.06709 113.82018 1128.0
37.0 7.0 7.0 121.6394 13.42532 56.92734 3.0
37.0 7.0 37.0 80.19293 11.06709 113.82018 3.0
37.0 10.0 10.0 97.03476 3.91939 61.08676 19.0
37.0 10.0 37.0 80.19293 11.06709 113.82018 19.0
37.0 11.0 11.0 48.52049 14.11456 56.52597 105.0
37.0 11.0 37.0 80.19293 11.06709 113.82018 105.0
37.0 13.0 13.0 21.78977 31.16098 56.41397 1.0
37.0 13.0 37.0 80.19293 11.06709 113.82018 1.0
37.0 16.0 16.0 37.09878 39.06439 124.6682 83.0
37.0 16.0 37.0 80.19293 11.06709 113.82018 83.0
37.0 17.0 17.0 122.81035 11.00532 94.5841 243.0
37.0 17.0 37.0 80.19293 11.06709 113.82018 243.0
37.0 18.0 18.0 159.18656 24.79758 93.8047 1.0
37.0 18.0 37.0 80.19293 11.06709 113.82018 1.0
37.0 19.0 19.0 66.40484 15.81536 45.34304 7.0
37.0 19.0 37.0 80.19293 11.06709 113.82018 7.0
37.0 26.0 26.0 132.0918 45.08589 139.09703 50.0
37.0 26.0 37.0 80.19293 11.06709 113.82018 50.0
37.0 27.0 27.0 18.75554 45.33274 103.7839 6.0
37.0 27.0 37.0 80.19293 11.06709 113.82018 6.0
37.0 28.0 28.0 84.31616 38.96458 143.16299 308.0
37.0 28.0 37.0 80.19293 11.06709 113.82018 308.0
37.0 29.0 29.0 122.60209 20.569 121.19828 519.0
37.0 29.0 37.0 80.19293 11.06709 113.82018 519.0
37.0 33.0 33.0 97.25976 49.9446 149.23894 52.0
37.0 33.0 37.0 80.19293 11.06709 113.82018 52.0
37.0 36.0 36.0 51.18243 19.44855 119.66403 382.0
37.0 36.0 37.0 80.19293 11.06709 113.82018 382.0
37.0 37.0 37.0 80.19293 11.06709 113.82018 3407.0
37.0 37.0 37.0 80.19293 11.06709 113.82018 3407.0
37.0 38.0 38.0 88.7263 68.44376 152.61729 1.0
37.0 38.0 37.0 80.19293 11.06709 113.82018 1.0
37.0 40.0 40.0 83.2289 23.58203 42.38622 1.0
37.0 40.0 37.0 80.19293 11.06709 113.82018 1.0
37.0 42.0 42.0 56.61201 85.20914 144.95535 1.0
37.0 42.0 37.0 80.19293 11.06709 113.82018 1.0
37.0 44.0 44.0 70.25259 22.72781 131.34831 633.0
37.0 44.0 37.0 80.19293 11.06709 113.82018 633.0
38.0 0.0 0.0 55.14179 48.88183 141.98605 174.0
38.0 0.0 38.0 88.7263 68.44376 152.61729 174.0
38.0 2.0 2.0 27.38976 25.3443 87.72543 1.0
38.0 2.0 38.0 88.7263 68.44376 152.61729 1.0
38.0 4.0 4.0 72.07811 108.39329 139.67368 105.0
38.0 4.0 38.0 88.7263 68.44376 152.61729 105.0
38.0 16.0 16.0 37.09878 39.06439 124.6682 3.0
38.0 16.0 38.0 88.7263 68.44376 152.61729 3.0
38.0 22.0 22.0 25.06542 80.03918 119.42897 11.0
38.0 22.0 38.0 88.7263 68.44376 152.61729 11.0
38.0 24.0 24.0 107.93514 87.19497 149.14638 833.0
38.0 24.0 38.0 88.7263 68.44376 152.61729 833.0
38.0 26.0 26.0 132.0918 45.08589 139.09703 170.0
38.0 26.0 38.0 88.7263 68.44376 152.61729 170.0
38.0 28.0 28.0 84.31616 38.96458 143.16299 267.0
38.0 28.0 38.0 88.7263 68.44376 152.61729 267.0
38.0 29.0 29.0 122.60209 20.569 121.19828 2.0
38.0 29.0 38.0 88.7263 68.44376 152.61729 2.0
38.0 33.0 33.0 97.25976 49.9446 149.23894 652.0
38.0 33.0 38.0 88.7263 68.44376 152.61729 652.0
38.0 34.0 34.0 127.811 111.24318 129.58541 21.0
38.0 34.0 38.0 88.7263 68.44376 152.61729 21.0
38.0 36.0 36.0 51.18243 19.44855 119.66403 2.0
38.0 36.0 38.0 88.7263 68.44376 152.61729 2.0
38.0 37.0 37.0 80.19293 11.06709 113.82018 1.0
38.0 37.0 38.0 88.7263 68.44376 152.61729 1.0
38.0 38.0 38.0 88.7263 68.44376 152.61729 1376.0
38.0 38.0 38.0 88.7263 68.44376 152.61729 1376.0
38.0 41.0 41.0 59.86536 126.06238 122.49806 2.0
38.0 41.0 38.0 88.7263 68.44376 152.61729 2.0
38.0 42.0 42.0 56.61201 85.20914 144.95535 486.0
38.0 42.0 38.0 88.7263 68.44376 152.61729 486.0
38.0 44.0 44.0 70.25259 22.72781 131.34831 4.0
38.0 44.0 38.0 88.7263 68.44376 152.61729 4.0
38.0 47.0 47.0 164.19075 62.67546 126.08814 3.0
38.0 47.0 38.0 88.7263 68.44376 152.61729 3.0
39.0 1.0 1.0 66.27545 89.20347 7.45919 110.0
39.0 1.0 39.0 21.79991 50.1342 32.8146 110.0
39.0 2.0 2.0 27.38976 25.3443 87.72543 66.0
39.0 2.0 39.0 21.79991 50.1342 32.8146 66.0
39.0 5.0 5.0 36.13508 130.04454 82.13113 1.0
39.0 5.0 39.0 21.79991 50.1342 32.8146 1.0
39.0 6.0 6.0 5.47379 84.77464 74.38922 623.0
39.0 6.0 39.0 21.79991 50.1342 32.8146 623.0
39.0 8.0 8.0 108.20122 86.03414 38.67026 2.0
39.0 8.0 39.0 21.79991 50.1342 32.8146 2.0
39.0 11.0 11.0 48.52049 14.11456 56.52597 366.0
39.0 11.0 39.0 21.79991 50.1342 32.8146 366.0
39.0 12.0 12.0 179.81531 86.38089 84.74878 1.0
39.0 12.0 39.0 21.79991 50.1342 32.8146 1.0
39.0 13.0 13.0 21.78977 31.16098 56.41397 771.0
39.0 13.0 39.0 21.79991 50.1342 32.8146 771.0
39.0 19.0 19.0 66.40484 15.81536 45.34304 106.0
39.0 19.0 39.0 21.79991 50.1342 32.8146 106.0
39.0 20.0 20.0 84.93768 53.72284 22.17411 215.0
39.0 20.0 39.0 21.79991 50.1342 32.8146 215.0
39.0 21.0 21.0 28.22409 78.16556 19.33504 907.0
39.0 21.0 39.0 21.79991 50.1342 32.8146 907.0
39.0 27.0 27.0 18.75554 45.33274 103.7839 9.0
39.0 27.0 39.0 21.79991 50.1342 32.8146 9.0
39.0 39.0 39.0 21.79991 50.1342 32.8146 4218.0
39.0 39.0 39.0 21.79991 50.1342 32.8146 4218.0
39.0 40.0 40.0 83.2289 23.58203 42.38622 12.0
39.0 40.0 39.0 21.79991 50.1342 32.8146 12.0
39.0 45.0 45.0 35.08892 116.35902 28.56799 37.0
39.0 45.0 39.0 21.79991 50.1342 32.8146 37.0
40.0 1.0 1.0 66.27545 89.20347 7.45919 4.0
40.0 1.0 40.0 83.2289 23.58203 42.38622 4.0
40.0 2.0 2.0 27.38976 25.3443 87.72543 1.0
40.0 2.0 40.0 83.2289 23.58203 42.38622 1.0
40.0 3.0 3.0 83.08817 3.82502 88.01954 60.0
40.0 3.0 40.0 83.2289 23.58203 42.38622 60.0
40.0 7.0 7.0 121.6394 13.42532 56.92734 101.0
40.0 7.0 40.0 83.2289 23.58203 42.38622 101.0
40.0 8.0 8.0 108.20122 86.03414 38.67026 9.0
40.0 8.0 40.0 83.2289 23.58203 42.38622 9.0
40.0 10.0 10.0 97.03476 3.91939 61.08676 547.0
40.0 10.0 40.0 83.2289 23.58203 42.38622 547.0
40.0 11.0 11.0 48.52049 14.11456 56.52597 223.0
40.0 11.0 40.0 83.2289 23.58203 42.38622 223.0
40.0 13.0 13.0 21.78977 31.16098 56.41397 3.0
40.0 13.0 40.0 83.2289 23.58203 42.38622 3.0
40.0 15.0 15.0 145.15855 26.57867 64.67197 2.0
40.0 15.0 40.0 83.2289 23.58203 42.38622 2.0
40.0 17.0 17.0 122.81035 11.00532 94.5841 3.0
40.0 17.0 40.0 83.2289 23.58203 42.38622 3.0
40.0 19.0 19.0 66.40484 15.81536 45.34304 653.0
40.0 19.0 40.0 83.2289 23.58203 42.38622 653.0
40.0 20.0 20.0 84.93768 53.72284 22.17411 746.0
40.0 20.0 40.0 83.2289 23.58203 42.38622 746.0
40.0 21.0 21.0 28.22409 78.16556 19.33504 5.0
40.0 21.0 40.0 83.2289 23.58203 42.38622 5.0
40.0 31.0 31.0 121.63147 38.96325 36.0604 463.0
40.0 31.0 40.0 83.2289 23.58203 42.38622 463.0
40.0 37.0 37.0 80.19293 11.06709 113.82018 2.0
40.0 37.0 40.0 83.2289 23.58203 42.38622 2.0
40.0 39.0 39.0 21.79991 50.1342 32.8146 16.0
40.0 39.0 40.0 83.2289 23.58203 42.38622 16.0
40.0 40.0 40.0 83.2289 23.58203 42.38622 1877.0
40.0 40.0 40.0 83.2289 23.58203 42.38622 1877.0
41.0 0.0 0.0 55.14179 48.88183 141.98605 1.0
41.0 0.0 41.0 59.86536 126.06238 122.49806 1.0
41.0 4.0 4.0 72.07811 108.39329 139.67368 1237.0
41.0 4.0 41.0 59.86536 126.06238 122.49806 1237.0
41.0 5.0 5.0 36.13508 130.04454 82.13113 990.0
41.0 5.0 41.0 59.86536 126.06238 122.49806 990.0
41.0 6.0 6.0 5.47379 84.77464 74.38922 7.0
41.0 6.0 41.0 59.86536 126.06238 122.49806 7.0
41.0 9.0 9.0 78.60669 139.92424 102.65072 898.0
41.0 9.0 41.0 59.86536 126.06238 122.49806 898.0
41.0 13.0 13.0 21.78977 31.16098 56.41397 1.0
41.0 13.0 41.0 59.86536 126.06238 122.49806 1.0
41.0 22.0 22.0 25.06542 80.03918 119.42897 278.0
41.0 22.0 41.0 59.86536 126.06238 122.49806 278.0
41.0 24.0 24.0 107.93514 87.19497 149.14638 42.0
41.0 24.0 41.0 59.86536 126.06238 122.49806 42.0
41.0 28.0 28.0 84.31616 38.96458 143.16299 1.0
41.0 28.0 41.0 59.86536 126.06238 122.49806 1.0
41.0 30.0 30.0 88.2964 139.92596 62.61931 11.0
41.0 30.0 41.0 59.86536 126.06238 122.49806 11.0
41.0 34.0 34.0 127.811 111.24318 129.58541 183.0
41.0 34.0 41.0 59.86536 126.06238 122.49806 183.0
41.0 38.0 38.0 88.7263 68.44376 152.61729 2.0
41.0 38.0 41.0 59.86536 126.06238 122.49806 2.0
41.0 41.0 41.0 59.86536 126.06238 122.49806 3845.0
41.0 41.0 41.0 59.86536 126.06238 122.49806 3845.0
41.0 42.0 42.0 56.61201 85.20914 144.95535 166.0
41.0 42.0 41.0 59.86536 126.06238 122.49806 166.0
41.0 43.0 43.0 101.73839 137.71217 99.18645 157.0
41.0 43.0 41.0 59.86536 126.06238 122.49806 157.0
42.0 0.0 0.0 55.14179 48.88183 141.98605 411.0
42.0 0.0 42.0 56.61201 85.20914 144.95535 411.0
42.0 4.0 4.0 72.07811 108.39329 139.67368 910.0
42.0 4.0 42.0 56.61201 85.20914 144.95535 910.0
42.0 5.0 5.0 36.13508 130.04454 82.13113 22.0
42.0 5.0 42.0 56.61201 85.20914 144.95535 22.0
42.0 7.0 7.0 121.6394 13.42532 56.92734 1.0
42.0 7.0 42.0 56.61201 85.20914 144.95535 1.0
42.0 16.0 16.0 37.09878 39.06439 124.6682 63.0
42.0 16.0 42.0 56.61201 85.20914 144.95535 63.0
42.0 22.0 22.0 25.06542 80.03918 119.42897 715.0
42.0 22.0 42.0 56.61201 85.20914 144.95535 715.0
42.0 24.0 24.0 107.93514 87.19497 149.14638 209.0
42.0 24.0 42.0 56.61201 85.20914 144.95535 209.0
42.0 27.0 27.0 18.75554 45.33274 103.7839 1.0
42.0 27.0 42.0 56.61201 85.20914 144.95535 1.0
42.0 28.0 28.0 84.31616 38.96458 143.16299 86.0
42.0 28.0 42.0 56.61201 85.20914 144.95535 86.0
42.0 33.0 33.0 97.25976 49.9446 149.23894 65.0
42.0 33.0 42.0 56.61201 85.20914 144.95535 65.0
42.0 34.0 34.0 127.811 111.24318 129.58541 3.0
42.0 34.0 42.0 56.61201 85.20914 144.95535 3.0
42.0 36.0 36.0 51.18243 19.44855 119.66403 2.0
42.0 36.0 42.0 56.61201 85.20914 144.95535 2.0
42.0 37.0 37.0 80.19293 11.06709 113.82018 1.0
42.0 37.0 42.0 56.61201 85.20914 144.95535 1.0
42.0 38.0 38.0 88.7263 68.44376 152.61729 478.0
42.0 38.0 42.0 56.61201 85.20914 144.95535 478.0
42.0 41.0 41.0 59.86536 126.06238 122.49806 172.0
42.0 41.0 42.0 56.61201 85.20914 144.95535 172.0
42.0 42.0 42.0 56.61201 85.20914 144.95535 2430.0
42.0 42.0 42.0 56.61201 85.20914 144.95535 2430.0
42.0 44.0 44.0 70.25259 22.72781 131.34831 2.0
42.0 44.0 42.0 56.61201 85.20914 144.95535 2.0
43.0 4.0 4.0 72.07811 108.39329 139.67368 37.0
43.0 4.0 43.0 101.73839 137.71217 99.18645 37.0
43.0 5.0 5.0 36.13508 130.04454 82.13113 32.0
43.0 5.0 43.0 101.73839 137.71217 99.18645 32.0
43.0 8.0 8.0 108.20122 86.03414 38.67026 1.0
43.0 8.0 43.0 101.73839 137.71217 99.18645 1.0
43.0 9.0 9.0 78.60669 139.92424 102.65072 890.0
43.0 9.0 43.0 101.73839 137.71217 99.18645 890.0
43.0 24.0 24.0 107.93514 87.19497 149.14638 8.0
43.0 24.0 43.0 101.73839 137.71217 99.18645 8.0
43.0 30.0 30.0 88.2964 139.92596 62.61931 898.0
43.0 30.0 43.0 101.73839 137.71217 99.18645 898.0
43.0 34.0 34.0 127.811 111.24318 129.58541 634.0
43.0 34.0 43.0 101.73839 137.71217 99.18645 634.0
43.0 35.0 35.0 147.80261 121.14737 95.62716 372.0
43.0 35.0 43.0 101.73839 137.71217 99.18645 372.0
43.0 37.0 37.0 80.19293 11.06709 113.82018 1.0
43.0 37.0 43.0 101.73839 137.71217 99.18645 1.0
43.0 41.0 41.0 59.86536 126.06238 122.49806 132.0
43.0 41.0 43.0 101.73839 137.71217 99.18645 132.0
43.0 43.0 43.0 101.73839 137.71217 99.18645 1994.0
43.0 43.0 43.0 101.73839 137.71217 99.18645 1994.0
43.0 45.0 45.0 35.08892 116.35902 28.56799 1.0
43.0 45.0 43.0 101.73839 137.71217 99.18645 1.0
43.0 46.0 46.0 114.50187 130.25954 52.7329 89.0
43.0 46.0 43.0 101.73839 137.71217 99.18645 89.0
44.0 0.0 0.0 55.14179 48.88183 141.98605 292.0
44.0 0.0 44.0 70.25259 22.72781 131.34831 292.0
44.0 2.0 2.0 27.38976 25.3443 87.72543 15.0
44.0 2.0 44.0 70.25259 22.72781 131.34831 15.0
44.0 3.0 3.0 83.08817 3.82502 88.01954 26.0
44.0 3.0 44.0 70.25259 22.72781 131.34831 26.0
44.0 6.0 6.0 5.47379 84.77464 74.38922 1.0
44.0 6.0 44.0 70.25259 22.72781 131.34831 1.0
44.0 16.0 16.0 37.09878 39.06439 124.6682 94.0
44.0 16.0 44.0 70.25259 22.72781 131.34831 94.0
44.0 22.0 22.0 25.06542 80.03918 119.42897 1.0
44.0 22.0 44.0 70.25259 22.72781 131.34831 1.0
44.0 24.0 24.0 107.93514 87.19497 149.14638 1.0
44.0 24.0 44.0 70.25259 22.72781 131.34831 1.0
44.0 26.0 26.0 132.0918 45.08589 139.09703 5.0
44.0 26.0 44.0 70.25259 22.72781 131.34831 5.0
44.0 27.0 27.0 18.75554 45.33274 103.7839 3.0
44.0 27.0 44.0 70.25259 22.72781 131.34831 3.0
44.0 28.0 28.0 84.31616 38.96458 143.16299 362.0
44.0 28.0 44.0 70.25259 22.72781 131.34831 362.0
44.0 29.0 29.0 122.60209 20.569 121.19828 45.0
44.0 29.0 44.0 70.25259 22.72781 131.34831 45.0
44.0 33.0 33.0 97.25976 49.9446 149.23894 42.0
44.0 33.0 44.0 70.25259 22.72781 131.34831 42.0
44.0 36.0 36.0 51.18243 19.44855 119.66403 355.0
44.0 36.0 44.0 70.25259 22.72781 131.34831 355.0
44.0 37.0 37.0 80.19293 11.06709 113.82018 631.0
44.0 37.0 44.0 70.25259 22.72781 131.34831 631.0
44.0 38.0 38.0 88.7263 68.44376 152.61729 13.0
44.0 38.0 44.0 70.25259 22.72781 131.34831 13.0
44.0 40.0 40.0 83.2289 23.58203 42.38622 1.0
44.0 40.0 44.0 70.25259 22.72781 131.34831 1.0
44.0 41.0 41.0 59.86536 126.06238 122.49806 1.0
44.0 41.0 44.0 70.25259 22.72781 131.34831 1.0
44.0 42.0 42.0 56.61201 85.20914 144.95535 2.0
44.0 42.0 44.0 70.25259 22.72781 131.34831 2.0
44.0 44.0 44.0 70.25259 22.72781 131.34831 774.0
44.0 44.0 44.0 70.25259 22.72781 131.34831 774.0
45.0 1.0 1.0 66.27545 89.20347 7.45919 806.0
45.0 1.0 45.0 35.08892 116.35902 28.56799 806.0
45.0 5.0 5.0 36.13508 130.04454 82.13113 866.0
45.0 5.0 45.0 35.08892 116.35902 28.56799 866.0
45.0 6.0 6.0 5.47379 84.77464 74.38922 434.0
45.0 6.0 45.0 35.08892 116.35902 28.56799 434.0
45.0 8.0 8.0 108.20122 86.03414 38.67026 44.0
45.0 8.0 45.0 35.08892 116.35902 28.56799 44.0
45.0 14.0 14.0 128.2653 116.03205 40.23593 1.0
45.0 14.0 45.0 35.08892 116.35902 28.56799 1.0
45.0 20.0 20.0 84.93768 53.72284 22.17411 1.0
45.0 20.0 45.0 35.08892 116.35902 28.56799 1.0
45.0 21.0 21.0 28.22409 78.16556 19.33504 826.0
45.0 21.0 45.0 35.08892 116.35902 28.56799 826.0
45.0 22.0 22.0 25.06542 80.03918 119.42897 1.0
45.0 22.0 45.0 35.08892 116.35902 28.56799 1.0
45.0 30.0 30.0 88.2964 139.92596 62.61931 348.0
45.0 30.0 45.0 35.08892 116.35902 28.56799 348.0
45.0 39.0 39.0 21.79991 50.1342 32.8146 33.0
45.0 39.0 45.0 35.08892 116.35902 28.56799 33.0
45.0 45.0 45.0 35.08892 116.35902 28.56799 5673.0
45.0 45.0 45.0 35.08892 116.35902 28.56799 5673.0
45.0 46.0 46.0 114.50187 130.25954 52.7329 22.0
45.0 46.0 45.0 35.08892 116.35902 28.56799 22.0
46.0 1.0 1.0 66.27545 89.20347 7.45919 59.0
46.0 1.0 46.0 114.50187 130.25954 52.7329 59.0
46.0 5.0 5.0 36.13508 130.04454 82.13113 2.0
46.0 5.0 46.0 114.50187 130.25954 52.7329 2.0
46.0 8.0 8.0 108.20122 86.03414 38.67026 448.0
46.0 8.0 46.0 114.50187 130.25954 52.7329 448.0
46.0 9.0 9.0 78.60669 139.92424 102.65072 3.0
46.0 9.0 46.0 114.50187 130.25954 52.7329 3.0
46.0 12.0 12.0 179.81531 86.38089 84.74878 3.0
46.0 12.0 46.0 114.50187 130.25954 52.7329 3.0
46.0 14.0 14.0 128.2653 116.03205 40.23593 1216.0
46.0 14.0 46.0 114.50187 130.25954 52.7329 1216.0
46.0 30.0 30.0 88.2964 139.92596 62.61931 1487.0
46.0 30.0 46.0 114.50187 130.25954 52.7329 1487.0
46.0 31.0 31.0 121.63147 38.96325 36.0604 1.0
46.0 31.0 46.0 114.50187 130.25954 52.7329 1.0
46.0 32.0 32.0 156.985 89.09782 57.99985 133.0
46.0 32.0 46.0 114.50187 130.25954 52.7329 133.0
46.0 34.0 34.0 127.811 111.24318 129.58541 5.0
46.0 34.0 46.0 114.50187 130.25954 52.7329 5.0
46.0 35.0 35.0 147.80261 121.14737 95.62716 518.0
46.0 35.0 46.0 114.50187 130.25954 52.7329 518.0
46.0 43.0 43.0 101.73839 137.71217 99.18645 64.0
46.0 43.0 46.0 114.50187 130.25954 52.7329 64.0
46.0 45.0 45.0 35.08892 116.35902 28.56799 25.0
46.0 45.0 46.0 114.50187 130.25954 52.7329 25.0
46.0 46.0 46.0 114.50187 130.25954 52.7329 3011.0
46.0 46.0 46.0 114.50187 130.25954 52.7329 3011.0
47.0 12.0 12.0 179.81531 86.38089 84.74878 183.0
47.0 12.0 47.0 164.19075 62.67546 126.08814 183.0
47.0 15.0 15.0 145.15855 26.57867 64.67197 6.0
47.0 15.0 47.0 164.19075 62.67546 126.08814 6.0
47.0 17.0 17.0 122.81035 11.00532 94.5841 12.0
47.0 17.0 47.0 164.19075 62.67546 126.08814 12.0
47.0 18.0 18.0 159.18656 24.79758 93.8047 293.0
47.0 18.0 47.0 164.19075 62.67546 126.08814 293.0
47.0 23.0 23.0 173.50015 43.52028 77.06062 164.0
47.0 23.0 47.0 164.19075 62.67546 126.08814 164.0
47.0 24.0 24.0 107.93514 87.19497 149.14638 106.0
47.0 24.0 47.0 164.19075 62.67546 126.08814 106.0
47.0 25.0 25.0 182.84404 63.94558 100.2553 525.0
47.0 25.0 47.0 164.19075 62.67546 126.08814 525.0
47.0 26.0 26.0 132.0918 45.08589 139.09703 793.0
47.0 26.0 47.0 164.19075 62.67546 126.08814 793.0
47.0 29.0 29.0 122.60209 20.569 121.19828 99.0
47.0 29.0 47.0 164.19075 62.67546 126.08814 99.0
47.0 32.0 32.0 156.985 89.09782 57.99985 1.0
47.0 32.0 47.0 164.19075 62.67546 126.08814 1.0
47.0 33.0 33.0 97.25976 49.9446 149.23894 3.0
47.0 33.0 47.0 164.19075 62.67546 126.08814 3.0
47.0 34.0 34.0 127.811 111.24318 129.58541 539.0
47.0 34.0 47.0 164.19075 62.67546 126.08814 539.0
47.0 35.0 35.0 147.80261 121.14737 95.62716 161.0
47.0 35.0 47.0 164.19075 62.67546 126.08814 161.0
47.0 37.0 37.0 80.19293 11.06709 113.82018 1.0
47.0 37.0 47.0 164.19075 62.67546 126.08814 1.0
47.0 38.0 38.0 88.7263 68.44376 152.61729 2.0
47.0 38.0 47.0 164.19075 62.67546 126.08814 2.0
47.0 47.0 47.0 164.19075 62.67546 126.08814 3749.0
47.0 47.0 47.0 164.19075 62.67546 126.08814 3749.0
