TargetArea SourceArea Area AvgPosX AvgPosY AvgPosZ SumWeights
0.0 0.0 0.0 55.12995 48.92315 141.99932 1977.0
0.0 0.0 0.0 55.12995 48.92315 141.99932 1977.0
0.0 2.0 2.0 27.36274 25.36352 87.69504 5.0
0.0 2.0 0.0 55.12995 48.92315 141.99932 5.0
0.0 4.0 4.0 72.05373 108.40144 139.66452 11.0
0.0 4.0 0.0 55.12995 48.92315 141.99932 11.0
0.0 5.0 5.0 36.11572 130.0241 82.15635 1.0
0.0 5.0 0.0 55.12995 48.92315 141.99932 1.0
0.0 8.0 8.0 108.18049 86.00539 38.6776 1.0
0.0 8.0 0.0 55.12995 48.92315 141.99932 1.0
0.0 16.0 16.0 37.10008 39.09088 124.68955 751.0
0.0 16.0 0.0 55.12995 48.92315 141.99932 751.0
0.0 22.0 22.0 25.06776 79.98675 119.43221 317.0
0.0 22.0 0.0 55.12995 48.92315 141.99932 317.0
0.0 24.0 24.0 107.86694 87.25323 149.14727 5.0
0.0 24.0 0.0 55.12995 48.92315 141.99932 5.0
0.0 27.0 27.0 18.7613 45.33576 103.80812 17.0
0.0 27.0 0.0 55.12995 48.92315 141.99932 17.0
0.0 28.0 28.0 84.3638 38.92193 143.14466 594.0
0.0 28.0 0.0 55.12995 48.92315 141.99932 594.0
0.0 33.0 33.0 97.26166 49.91279 149.23246 141.0
0.0 33.0 0.0 55.12995 48.92315 141.99932 141.0
0.0 36.0 36.0 51.18288 19.4519 119.66289 254.0
0.0 36.0 0.0 55.12995 48.92315 141.99932 254.0
0.0 37.0 37.0 80.19085 11.076 113.83092 53.0
0.0 37.0 0.0 55.12995 48.92315 141.99932 53.0
0.0 38.0 38.0 88.72924 68.43181 152.61915 201.0
0.0 38.0 0.0 55.12995 48.92315 141.99932 201.0
0.0 41.0 41.0 59.86146 126.05523 122.50982 1.0
0.0 41.0 0.0 55.12995 48.92315 141.99932 1.0
0.0 42.0 42.0 56.5732 85.19854 144.9432 503.0
0.0 42.0 0.0 55.12995 48.92315 141.99932 503.0
0.0 44.0 44.0 70.23405 22.74478 131.36008 321.0
0.0 44.0 0.0 55.12995 48.92315 141.99932 321.0
1.0 1.0 1.0 66.25279 89.23374 7.4585 5898.0
1.0 1.0 1.0 66.25279 89.23374 7.4585 5898.0
1.0 5.0 5.0 36.11572 130.0241 82.15635 9.0
1.0 5.0 1.0 66.25279 89.23374 7.4585 9.0
1.0 8.0 8.0 108.18049 86.00539 38.6776 849.0
1.0 8.0 1.0 66.25279 89.23374 7.4585 849.0
1.0 11.0 11.0 48.52693 14.1201 56.48295 9.0
1.0 11.0 1.0 66.25279 89.23374 7.4585 9.0
1.0 13.0 13.0 21.79682 31.14974 56.41381 2.0
1.0 13.0 1.0 66.25279 89.23374 7.4585 2.0
1.0 14.0 14.0 128.31843 116.05294 40.2801 26.0
1.0 14.0 1.0 66.25279 89.23374 7.4585 26.0
1.0 19.0 19.0 66.40159 15.81662 45.31524 14.0
1.0 19.0 1.0 66.25279 89.23374 7.4585 14.0
1.0 20.0 20.0 85.01176 53.74421 22.22488 1134.0
1.0 20.0 1.0 66.25279 89.23374 7.4585 1134.0
1.0 21.0 21.0 28.24653 78.15011 19.30912 804.0
1.0 21.0 1.0 66.25279 89.23374 7.4585 804.0
1.0 30.0 30.0 88.34838 139.9312 62.63932 163.0
1.0 30.0 1.0 66.25279 89.23374 7.4585 163.0
1.0 31.0 31.0 121.6572 38.94059 36.0886 4.0
1.0 31.0 1.0 66.25279 89.23374 7.4585 4.0
1.0 39.0 39.0 21.82451 50.13104 32.78885 136.0
1.0 39.0 1.0 66.25279 89.23374 7.4585 136.0
1.0 40.0 40.0 83.25661 23.56163 42.38914 11.0
1.0 40.0 1.0 66.25279 89.23374 7.4585 11.0
1.0 45.0 45.0 35.11008 116.38952 28.55631 1033.0
1.0 45.0 1.0 66.25279 89.23374 7.4585 1033.0
1.0 46.0 46.0 114.4916 130.25842 52.7047 70.0
1.0 46.0 1.0 66.25279 89.23374 7.4585 70.0
2.0 0.0 0.0 55.12995 48.92315 141.99932 2.0
2.0 0.0 2.0 27.36274 25.36352 87.69504 2.0
2.0 2.0 2.0 27.36274 25.36352 87.69504 3515.0
2.0 2.0 2.0 27.36274 25.36352 87.69504 3515.0
2.0 3.0 3.0 83.18205 3.83212 88.04137 147.0
2.0 3.0 2.0 27.36274 25.36352 87.69504 147.0
2.0 6.0 6.0 5.47045 84.77089 74.40096 255.0
2.0 6.0 2.0 27.36274 25.36352 87.69504 255.0
2.0 11.0 11.0 48.52693 14.1201 56.48295 703.0
2.0 11.0 2.0 27.36274 25.36352 87.69504 703.0
2.0 13.0 13.0 21.79682 31.14974 56.41381 728.0
2.0 13.0 2.0 27.36274 25.36352 87.69504 728.0
2.0 16.0 16.0 37.10008 39.09088 124.68955 391.0
2.0 16.0 2.0 27.36274 25.36352 87.69504 391.0
2.0 19.0 19.0 66.40159 15.81662 45.31524 4.0
2.0 19.0 2.0 27.36274 25.36352 87.69504 4.0
2.0 20.0 20.0 85.01176 53.74421 22.22488 1.0
2.0 20.0 2.0 27.36274 25.36352 87.69504 1.0
2.0 21.0 21.0 28.24653 78.15011 19.30912 1.0
2.0 21.0 2.0 27.36274 25.36352 87.69504 1.0
2.0 22.0 22.0 25.06776 79.98675 119.43221 42.0
2.0 22.0 2.0 27.36274 25.36352 87.69504 42.0
2.0 27.0 27.0 18.7613 45.33576 103.80812 840.0
2.0 27.0 2.0 27.36274 25.36352 87.69504 840.0
2.0 28.0 28.0 84.3638 38.92193 143.14466 1.0
2.0 28.0 2.0 27.36274 25.36352 87.69504 1.0
2.0 36.0 36.0 51.18288 19.4519 119.66289 278.0
2.0 36.0 2.0 27.36274 25.36352 87.69504 278.0
2.0 37.0 37.0 80.19085 11.076 113.83092 255.0
2.0 37.0 2.0 27.36274 25.36352 87.69504 255.0
2.0 39.0 39.0 21.82451 50.13104 32.78885 74.0
2.0 39.0 2.0 27.36274 25.36352 87.69504 74.0
2.0 44.0 44.0 70.23405 22.74478 131.36008 13.0
2.0 44.0 2.0 27.36274 25.36352 87.69504 13.0
3.0 2.0 2.0 27.36274 25.36352 87.69504 149.0
3.0 2.0 3.0 83.18205 3.83212 88.04137 149.0
3.0 3.0 3.0 83.18205 3.83212 88.04137 3698.0
3.0 3.0 3.0 83.18205 3.83212 88.04137 3698.0
3.0 7.0 7.0 121.68308 13.45556 56.88925 121.0
3.0 7.0 3.0 83.18205 3.83212 88.04137 121.0
3.0 10.0 10.0 97.04019 3.92008 61.06491 870.0
3.0 10.0 3.0 83.18205 3.83212 88.04137 870.0
3.0 11.0 11.0 48.52693 14.1201 56.48295 592.0
3.0 11.0 3.0 83.18205 3.83212 88.04137 592.0
3.0 13.0 13.0 21.79682 31.14974 56.41381 1.0
3.0 13.0 3.0 83.18205 3.83212 88.04137 1.0
3.0 15.0 15.0 145.15275 26.61829 64.66049 8.0
3.0 15.0 3.0 83.18205 3.83212 88.04137 8.0
3.0 16.0 16.0 37.10008 39.09088 124.68955 7.0
3.0 16.0 3.0 83.18205 3.83212 88.04137 7.0
3.0 17.0 17.0 122.85641 11.01614 94.58604 599.0
3.0 17.0 3.0 83.18205 3.83212 88.04137 599.0
3.0 19.0 19.0 66.40159 15.81662 45.31524 234.0
3.0 19.0 3.0 83.18205 3.83212 88.04137 234.0
3.0 27.0 27.0 18.7613 45.33576 103.80812 2.0
3.0 27.0 3.0 83.18205 3.83212 88.04137 2.0
3.0 28.0 28.0 84.3638 38.92193 143.14466 4.0
3.0 28.0 3.0 83.18205 3.83212 88.04137 4.0
3.0 29.0 29.0 122.60804 20.57111 121.19919 133.0
3.0 29.0 3.0 83.18205 3.83212 88.04137 133.0
3.0 31.0 31.0 121.6572 38.94059 36.0886 2.0
3.0 31.0 3.0 83.18205 3.83212 88.04137 2.0
3.0 36.0 36.0 51.18288 19.4519 119.66289 78.0
3.0 36.0 3.0 83.18205 3.83212 88.04137 78.0
3.0 37.0 37.0 80.19085 11.076 113.83092 1334.0
3.0 37.0 3.0 83.18205 3.83212 88.04137 1334.0
3.0 40.0 40.0 83.25661 23.56163 42.38914 75.0
3.0 40.0 3.0 83.18205 3.83212 88.04137 75.0
3.0 44.0 44.0 70.23405 22.74478 131.36008 28.0
3.0 44.0 3.0 83.18205 3.83212 88.04137 28.0
4.0 0.0 0.0 55.12995 48.92315 141.99932 8.0
4.0 0.0 4.0 72.05373 108.40144 139.66452 8.0
4.0 4.0 4.0 72.05373 108.40144 139.66452 3442.0
4.0 4.0 4.0 72.05373 108.40144 139.66452 3442.0
4.0 5.0 5.0 36.11572 130.0241 82.15635 46.0
4.0 5.0 4.0 72.05373 108.40144 139.66452 46.0
4.0 6.0 6.0 5.47045 84.77089 74.40096 2.0
4.0 6.0 4.0 72.05373 108.40144 139.66452 2.0
4.0 9.0 9.0 78.60203 139.93166 102.60635 146.0
4.0 9.0 4.0 72.05373 108.40144 139.66452 146.0
4.0 22.0 22.0 25.06776 79.98675 119.43221 241.0
4.0 22.0 4.0 72.05373 108.40144 139.66452 241.0
4.0 24.0 24.0 107.86694 87.25323 149.14727 796.0
4.0 24.0 4.0 72.05373 108.40144 139.66452 796.0
4.0 28.0 28.0 84.3638 38.92193 143.14466 2.0
4.0 28.0 4.0 72.05373 108.40144 139.66452 2.0
4.0 33.0 33.0 97.26166 49.91279 149.23246 6.0
4.0 33.0 4.0 72.05373 108.40144 139.66452 6.0
4.0 34.0 34.0 127.7589 111.24666 129.60788 449.0
4.0 34.0 4.0 72.05373 108.40144 139.66452 449.0
4.0 37.0 37.0 80.19085 11.076 113.83092 1.0
4.0 37.0 4.0 72.05373 108.40144 139.66452 1.0
4.0 38.0 38.0 88.72924 68.43181 152.61915 130.0
4.0 38.0 4.0 72.05373 108.40144 139.66452 130.0
4.0 41.0 41.0 59.86146 126.05523 122.50982 1479.0
4.0 41.0 4.0 72.05373 108.40144 139.66452 1479.0
4.0 42.0 42.0 56.5732 85.19854 144.9432 1116.0
4.0 42.0 4.0 72.05373 108.40144 139.66452 1116.0
4.0 43.0 43.0 101.77711 137.70192 99.19042 41.0
4.0 43.0 4.0 72.05373 108.40144 139.66452 41.0
4.0 45.0 45.0 35.11008 116.38952 28.55631 1.0
4.0 45.0 4.0 72.05373 108.40144 139.66452 1.0
5.0 1.0 1.0 66.25279 89.23374 7.4585 9.0
5.0 1.0 5.0 36.11572 130.0241 82.15635 9.0
5.0 4.0 4.0 72.05373 108.40144 139.66452 47.0
5.0 4.0 5.0 36.11572 130.0241 82.15635 47.0
5.0 5.0 5.0 36.11572 130.0241 82.15635 11423.0
5.0 5.0 5.0 36.11572 130.0241 82.15635 11423.0
5.0 6.0 6.0 5.47045 84.77089 74.40096 1073.0
5.0 6.0 5.0 36.11572 130.0241 82.15635 1073.0
5.0 8.0 8.0 108.18049 86.00539 38.6776 1.0
5.0 8.0 5.0 36.11572 130.0241 82.15635 1.0
5.0 9.0 9.0 78.60203 139.93166 102.60635 722.0
5.0 9.0 5.0 36.11572 130.0241 82.15635 722.0
5.0 21.0 21.0 28.24653 78.15011 19.30912 9.0
5.0 21.0 5.0 36.11572 130.0241 82.15635 9.0
5.0 22.0 22.0 25.06776 79.98675 119.43221 633.0
5.0 22.0 5.0 36.11572 130.0241 82.15635 633.0
5.0 30.0 30.0 88.34838 139.9312 62.63932 891.0
5.0 30.0 5.0 36.11572 130.0241 82.15635 891.0
5.0 34.0 34.0 127.7589 111.24666 129.60788 1.0
5.0 34.0 5.0 36.11572 130.0241 82.15635 1.0
5.0 41.0 41.0 59.86146 126.05523 122.50982 1208.0
5.0 41.0 5.0 36.11572 130.0241 82.15635 1208.0
5.0 42.0 42.0 56.5732 85.19854 144.9432 20.0
5.0 42.0 5.0 36.11572 130.0241 82.15635 20.0
5.0 43.0 43.0 101.77711 137.70192 99.19042 34.0
5.0 43.0 5.0 36.11572 130.0241 82.15635 34.0
5.0 45.0 45.0 35.11008 116.38952 28.55631 1055.0
5.0 45.0 5.0 36.11572 130.0241 82.15635 1055.0
5.0 46.0 46.0 114.4916 130.25842 52.7047 4.0
5.0 46.0 5.0 36.11572 130.0241 82.15635 4.0
6.0 0.0 0.0 55.12995 48.92315 141.99932 1.0
6.0 0.0 6.0 5.47045 84.77089 74.40096 1.0
6.0 2.0 2.0 27.36274 25.36352 87.69504 274.0
6.0 2.0 6.0 5.47045 84.77089 74.40096 274.0
6.0 4.0 4.0 72.05373 108.40144 139.66452 2.0
6.0 4.0 6.0 5.47045 84.77089 74.40096 2.0
6.0 5.0 5.0 36.11572 130.0241 82.15635 1061.0
6.0 5.0 6.0 5.47045 84.77089 74.40096 1061.0
6.0 6.0 6.0 5.47045 84.77089 74.40096 8181.0
6.0 6.0 6.0 5.47045 84.77089 74.40096 8181.0
6.0 8.0 8.0 108.18049 86.00539 38.6776 1.0
6.0 8.0 6.0 5.47045 84.77089 74.40096 1.0
6.0 13.0 13.0 21.79682 31.14974 56.41381 225.0
6.0 13.0 6.0 5.47045 84.77089 74.40096 225.0
6.0 16.0 16.0 37.10008 39.09088 124.68955 6.0
6.0 16.0 6.0 5.47045 84.77089 74.40096 6.0
6.0 21.0 21.0 28.24653 78.15011 19.30912 371.0
6.0 21.0 6.0 5.47045 84.77089 74.40096 371.0
6.0 22.0 22.0 25.06776 79.98675 119.43221 1064.0
6.0 22.0 6.0 5.47045 84.77089 74.40096 1064.0
6.0 27.0 27.0 18.7613 45.33576 103.80812 440.0
6.0 27.0 6.0 5.47045 84.77089 74.40096 440.0
6.0 39.0 39.0 21.82451 50.13104 32.78885 692.0
6.0 39.0 6.0 5.47045 84.77089 74.40096 692.0
6.0 41.0 41.0 59.86146 126.05523 122.50982 11.0
6.0 41.0 6.0 5.47045 84.77089 74.40096 11.0
6.0 45.0 45.0 35.11008 116.38952 28.55631 522.0
6.0 45.0 6.0 5.47045 84.77089 74.40096 522.0
7.0 3.0 3.0 83.18205 3.83212 88.04137 123.0
7.0 3.0 7.0 121.68308 13.45556 56.88925 123.0
7.0 7.0 7.0 121.68308 13.45556 56.88925 2125.0
7.0 7.0 7.0 121.68308 13.45556 56.88925 2125.0
7.0 8.0 8.0 108.18049 86.00539 38.6776 4.0
7.0 8.0 7.0 121.68308 13.45556 56.88925 4.0
7.0 10.0 10.0 97.04019 3.92008 61.06491 754.0
7.0 10.0 7.0 121.68308 13.45556 56.88925 754.0
7.0 11.0 11.0 48.52693 14.1201 56.48295 1.0
7.0 11.0 7.0 121.68308 13.45556 56.88925 1.0
7.0 15.0 15.0 145.15275 26.61829 64.66049 796.0
7.0 15.0 7.0 121.68308 13.45556 56.88925 796.0
7.0 17.0 17.0 122.85641 11.01614 94.58604 431.0
7.0 17.0 7.0 121.68308 13.45556 56.88925 431.0
7.0 18.0 18.0 159.20192 24.80047 93.78049 20.0
7.0 18.0 7.0 121.68308 13.45556 56.88925 20.0
7.0 19.0 19.0 66.40159 15.81662 45.31524 9.0
7.0 19.0 7.0 121.68308 13.45556 56.88925 9.0
7.0 20.0 20.0 85.01176 53.74421 22.22488 15.0
7.0 20.0 7.0 121.68308 13.45556 56.88925 15.0
7.0 23.0 23.0 173.49273 43.48986 77.05073 7.0
7.0 23.0 7.0 121.68308 13.45556 56.88925 7.0
7.0 29.0 29.0 122.60804 20.57111 121.19919 8.0
7.0 29.0 7.0 121.68308 13.45556 56.88925 8.0
7.0 31.0 31.0 121.6572 38.94059 36.0886 857.0
7.0 31.0 7.0 121.68308 13.45556 56.88925 857.0
7.0 37.0 37.0 80.19085 11.076 113.83092 1.0
7.0 37.0 7.0 121.68308 13.45556 56.88925 1.0
7.0 40.0 40.0 83.25661 23.56163 42.38914 162.0
7.0 40.0 7.0 121.68308 13.45556 56.88925 162.0
8.0 1.0 1.0 66.25279 89.23374 7.4585 825.0
8.0 1.0 8.0 108.18049 86.00539 38.6776 825.0
8.0 3.0 3.0 83.18205 3.83212 88.04137 1.0
8.0 3.0 8.0 108.18049 86.00539 38.6776 1.0
8.0 4.0 4.0 72.05373 108.40144 139.66452 1.0
8.0 4.0 8.0 108.18049 86.00539 38.6776 1.0
8.0 5.0 5.0 36.11572 130.0241 82.15635 1.0
8.0 5.0 8.0 108.18049 86.00539 38.6776 1.0
8.0 7.0 7.0 121.68308 13.45556 56.88925 4.0
8.0 7.0 8.0 108.18049 86.00539 38.6776 4.0
8.0 8.0 8.0 108.18049 86.00539 38.6776 14904.0
8.0 8.0 8.0 108.18049 86.00539 38.6776 14904.0
8.0 12.0 12.0 179.82724 86.32227 84.7058 4.0
8.0 12.0 8.0 108.18049 86.00539 38.6776 4.0
8.0 13.0 13.0 21.79682 31.14974 56.41381 1.0
8.0 13.0 8.0 108.18049 86.00539 38.6776 1.0
8.0 14.0 14.0 128.31843 116.05294 40.2801 1418.0
8.0 14.0 8.0 108.18049 86.00539 38.6776 1418.0
8.0 15.0 15.0 145.15275 26.61829 64.66049 22.0
8.0 15.0 8.0 108.18049 86.00539 38.6776 22.0
8.0 20.0 20.0 85.01176 53.74421 22.22488 1602.0
8.0 20.0 8.0 108.18049 86.00539 38.6776 1602.0
8.0 23.0 23.0 173.49273 43.48986 77.05073 7.0
8.0 23.0 8.0 108.18049 86.00539 38.6776 7.0
8.0 24.0 24.0 107.86694 87.25323 149.14727 1.0
8.0 24.0 8.0 108.18049 86.00539 38.6776 1.0
8.0 30.0 30.0 88.34838 139.9312 62.63932 318.0
8.0 30.0 8.0 108.18049 86.00539 38.6776 318.0
8.0 31.0 31.0 121.6572 38.94059 36.0886 955.0
8.0 31.0 8.0 108.18049 86.00539 38.6776 955.0
8.0 32.0 32.0 156.93935 89.13839 57.99452 808.0
8.0 32.0 8.0 108.18049 86.00539 38.6776 808.0
8.0 35.0 35.0 147.8015 121.13916 95.65572 1.0
8.0 35.0 8.0 108.18049 86.00539 38.6776 1.0
8.0 40.0 40.0 83.25661 23.56163 42.38914 13.0
8.0 40.0 8.0 108.18049 86.00539 38.6776 13.0
8.0 41.0 41.0 59.86146 126.05523 122.50982 1.0
8.0 41.0 8.0 108.18049 86.00539 38.6776 1.0
8.0 45.0 45.0 35.11008 116.38952 28.55631 52.0
8.0 45.0 8.0 108.18049 86.00539 38.6776 52.0
8.0 46.0 46.0 114.4916 130.25842 52.7047 618.0
8.0 46.0 8.0 108.18049 86.00539 38.6776 618.0
9.0 4.0 4.0 72.05373 108.40144 139.66452 159.0
9.0 4.0 9.0 78.60203 139.93166 102.60635 159.0
9.0 5.0 5.0 36.11572 130.0241 82.15635 687.0
9.0 5.0 9.0 78.60203 139.93166 102.60635 687.0
9.0 9.0 9.0 78.60203 139.93166 102.60635 2620.0
9.0 9.0 9.0 78.60203 139.93166 102.60635 2620.0
9.0 12.0 12.0 179.82724 86.32227 84.7058 1.0
9.0 12.0 9.0 78.60203 139.93166 102.60635 1.0
9.0 22.0 22.0 25.06776 79.98675 119.43221 1.0
9.0 22.0 9.0 78.60203 139.93166 102.60635 1.0
9.0 24.0 24.0 107.86694 87.25323 149.14727 18.0
9.0 24.0 9.0 78.60203 139.93166 102.60635 18.0
9.0 30.0 30.0 88.34838 139.9312 62.63932 633.0
9.0 30.0 9.0 78.60203 139.93166 102.60635 633.0
9.0 34.0 34.0 127.7589 111.24666 129.60788 332.0
9.0 34.0 9.0 78.60203 139.93166 102.60635 332.0
9.0 35.0 35.0 147.8015 121.13916 95.65572 10.0
9.0 35.0 9.0 78.60203 139.93166 102.60635 10.0
9.0 41.0 41.0 59.86146 126.05523 122.50982 1113.0
9.0 41.0 9.0 78.60203 139.93166 102.60635 1113.0
9.0 43.0 43.0 101.77711 137.70192 99.19042 1029.0
9.0 43.0 9.0 78.60203 139.93166 102.60635 1029.0
9.0 45.0 45.0 35.11008 116.38952 28.55631 1.0
9.0 45.0 9.0 78.60203 139.93166 102.60635 1.0
9.0 46.0 46.0 114.4916 130.25842 52.7047 2.0
9.0 46.0 9.0 78.60203 139.93166 102.60635 2.0
10.0 3.0 3.0 83.18205 3.83212 88.04137 824.0
10.0 3.0 10.0 97.04019 3.92008 61.06491 824.0
10.0 7.0 7.0 121.68308 13.45556 56.88925 774.0
10.0 7.0 10.0 97.04019 3.92008 61.06491 774.0
10.0 10.0 10.0 97.04019 3.92008 61.06491 2178.0
10.0 10.0 10.0 97.04019 3.92008 61.06491 2178.0
10.0 11.0 11.0 48.52693 14.1201 56.48295 92.0
10.0 11.0 10.0 97.04019 3.92008 61.06491 92.0
10.0 15.0 15.0 145.15275 26.61829 64.66049 44.0
10.0 15.0 10.0 97.04019 3.92008 61.06491 44.0
10.0 17.0 17.0 122.85641 11.01614 94.58604 237.0
10.0 17.0 10.0 97.04019 3.92008 61.06491 237.0
10.0 18.0 18.0 159.20192 24.80047 93.78049 1.0
10.0 18.0 10.0 97.04019 3.92008 61.06491 1.0
10.0 19.0 19.0 66.40159 15.81662 45.31524 327.0
10.0 19.0 10.0 97.04019 3.92008 61.06491 327.0
10.0 20.0 20.0 85.01176 53.74421 22.22488 21.0
10.0 20.0 10.0 97.04019 3.92008 61.06491 21.0
10.0 29.0 29.0 122.60804 20.57111 121.19919 4.0
10.0 29.0 10.0 97.04019 3.92008 61.06491 4.0
10.0 31.0 31.0 121.6572 38.94059 36.0886 213.0
10.0 31.0 10.0 97.04019 3.92008 61.06491 213.0
10.0 37.0 37.0 80.19085 11.076 113.83092 30.0
10.0 37.0 10.0 97.04019 3.92008 61.06491 30.0
10.0 40.0 40.0 83.25661 23.56163 42.38914 630.0
10.0 40.0 10.0 97.04019 3.92008 61.06491 630.0
11.0 1.0 1.0 66.25279 89.23374 7.4585 8.0
11.0 1.0 11.0 48.52693 14.1201 56.48295 8.0
11.0 2.0 2.0 27.36274 25.36352 87.69504 716.0
11.0 2.0 11.0 48.52693 14.1201 56.48295 716.0
11.0 3.0 3.0 83.18205 3.83212 88.04137 589.0
11.0 3.0 11.0 48.52693 14.1201 56.48295 589.0
11.0 7.0 7.0 121.68308 13.45556 56.88925 1.0
11.0 7.0 11.0 48.52693 14.1201 56.48295 1.0
11.0 8.0 8.0 108.18049 86.00539 38.6776 1.0
11.0 8.0 11.0 48.52693 14.1201 56.48295 1.0
11.0 10.0 10.0 97.04019 3.92008 61.06491 94.0
11.0 10.0 11.0 48.52693 14.1201 56.48295 94.0
11.0 11.0 11.0 48.52693 14.1201 56.48295 4298.0
11.0 11.0 11.0 48.52693 14.1201 56.48295 4298.0
11.0 13.0 13.0 21.79682 31.14974 56.41381 800.0
11.0 13.0 11.0 48.52693 14.1201 56.48295 800.0
11.0 16.0 16.0 37.10008 39.09088 124.68955 10.0
11.0 16.0 11.0 48.52693 14.1201 56.48295 10.0
11.0 19.0 19.0 66.40159 15.81662 45.31524 1081.0
11.0 19.0 11.0 48.52693 14.1201 56.48295 1081.0
11.0 20.0 20.0 85.01176 53.74421 22.22488 137.0
11.0 20.0 11.0 48.52693 14.1201 56.48295 137.0
11.0 21.0 21.0 28.24653 78.15011 19.30912 17.0
11.0 21.0 11.0 48.52693 14.1201 56.48295 17.0
11.0 27.0 27.0 18.7613 45.33576 103.80812 7.0
11.0 27.0 11.0 48.52693 14.1201 56.48295 7.0
11.0 31.0 31.0 121.6572 38.94059 36.0886 3.0
11.0 31.0 11.0 48.52693 14.1201 56.48295 3.0
11.0 36.0 36.0 51.18288 19.4519 119.66289 42.0
11.0 36.0 11.0 48.52693 14.1201 56.48295 42.0
11.0 37.0 37.0 80.19085 11.076 113.83092 134.0
11.0 37.0 11.0 48.52693 14.1201 56.48295 134.0
11.0 39.0 39.0 21.82451 50.13104 32.78885 465.0
11.0 39.0 11.0 48.52693 14.1201 56.48295 465.0
11.0 40.0 40.0 83.25661 23.56163 42.38914 291.0
11.0 40.0 11.0 48.52693 14.1201 56.48295 291.0
11.0 44.0 44.0 70.23405 22.74478 131.36008 3.0
11.0 44.0 11.0 48.52693 14.1201 56.48295 3.0
12.0 8.0 8.0 108.18049 86.00539 38.6776 2.0
12.0 8.0 12.0 179.82724 86.32227 84.7058 2.0
12.0 12.0 12.0 179.82724 86.32227 84.7058 3109.0
12.0 12.0 12.0 179.82724 86.32227 84.7058 3109.0
12.0 14.0 14.0 128.31843 116.05294 40.2801 3.0
12.0 14.0 12.0 179.82724 86.32227 84.7058 3.0
12.0 15.0 15.0 145.15275 26.61829 64.66049 11.0
12.0 15.0 12.0 179.82724 86.32227 84.7058 11.0
12.0 18.0 18.0 159.20192 24.80047 93.78049 14.0
12.0 18.0 12.0 179.82724 86.32227 84.7058 14.0
12.0 23.0 23.0 173.49273 43.48986 77.05073 315.0
12.0 23.0 12.0 179.82724 86.32227 84.7058 315.0
12.0 24.0 24.0 107.86694 87.25323 149.14727 1.0
12.0 24.0 12.0 179.82724 86.32227 84.7058 1.0
12.0 25.0 25.0 182.85782 63.96971 100.20267 628.0
12.0 25.0 12.0 179.82724 86.32227 84.7058 628.0
12.0 31.0 31.0 121.6572 38.94059 36.0886 5.0
12.0 31.0 12.0 179.82724 86.32227 84.7058 5.0
12.0 32.0 32.0 156.93935 89.13839 57.99452 920.0
12.0 32.0 12.0 179.82724 86.32227 84.7058 920.0
12.0 34.0 34.0 127.7589 111.24666 129.60788 44.0
12.0 34.0 12.0 179.82724 86.32227 84.7058 44.0
12.0 35.0 35.0 147.8015 121.13916 95.65572 652.0
12.0 35.0 12.0 179.82724 86.32227 84.7058 652.0
12.0 46.0 46.0 114.4916 130.25842 52.7047 3.0
12.0 46.0 12.0 179.82724 86.32227 84.7058 3.0
12.0 47.0 47.0 164.1854 62.7995 126.1245 242.0
12.0 47.0 12.0 179.82724 86.32227 84.7058 242.0
13.0 2.0 2.0 27.36274 25.36352 87.69504 723.0
13.0 2.0 13.0 21.79682 31.14974 56.41381 723.0
13.0 3.0 3.0 83.18205 3.83212 88.04137 5.0
13.0 3.0 13.0 21.79682 31.14974 56.41381 5.0
13.0 6.0 6.0 5.47045 84.77089 74.40096 244.0
13.0 6.0 13.0 21.79682 31.14974 56.41381 244.0
13.0 11.0 11.0 48.52693 14.1201 56.48295 838.0
13.0 11.0 13.0 21.79682 31.14974 56.41381 838.0
13.0 13.0 13.0 21.79682 31.14974 56.41381 1978.0
13.0 13.0 13.0 21.79682 31.14974 56.41381 1978.0
13.0 16.0 16.0 37.10008 39.09088 124.68955 1.0
13.0 16.0 13.0 21.79682 31.14974 56.41381 1.0
13.0 19.0 19.0 66.40159 15.81662 45.31524 43.0
13.0 19.0 13.0 21.79682 31.14974 56.41381 43.0
13.0 20.0 20.0 85.01176 53.74421 22.22488 4.0
13.0 20.0 13.0 21.79682 31.14974 56.41381 4.0
13.0 21.0 21.0 28.24653 78.15011 19.30912 5.0
13.0 21.0 13.0 21.79682 31.14974 56.41381 5.0
13.0 22.0 22.0 25.06776 79.98675 119.43221 2.0
13.0 22.0 13.0 21.79682 31.14974 56.41381 2.0
13.0 27.0 27.0 18.7613 45.33576 103.80812 59.0
13.0 27.0 13.0 21.79682 31.14974 56.41381 59.0
13.0 36.0 36.0 51.18288 19.4519 119.66289 1.0
13.0 36.0 13.0 21.79682 31.14974 56.41381 1.0
13.0 39.0 39.0 21.82451 50.13104 32.78885 923.0
13.0 39.0 13.0 21.79682 31.14974 56.41381 923.0
13.0 40.0 40.0 83.25661 23.56163 42.38914 1.0
13.0 40.0 13.0 21.79682 31.14974 56.41381 1.0
14.0 1.0 1.0 66.25279 89.23374 7.4585 30.0
14.0 1.0 14.0 128.31843 116.05294 40.2801 30.0
14.0 8.0 8.0 108.18049 86.00539 38.6776 1390.0
14.0 8.0 14.0 128.31843 116.05294 40.2801 1390.0
14.0 12.0 12.0 179.82724 86.32227 84.7058 8.0
14.0 12.0 14.0 128.31843 116.05294 40.2801 8.0
14.0 14.0 14.0 128.31843 116.05294 40.2801 3812.0
14.0 14.0 14.0 128.31843 116.05294 40.2801 3812.0
14.0 20.0 20.0 85.01176 53.74421 22.22488 4.0
14.0 20.0 14.0 128.31843 116.05294 40.2801 4.0
14.0 30.0 30.0 88.34838 139.9312 62.63932 132.0
14.0 30.0 14.0 128.31843 116.05294 40.2801 132.0
14.0 31.0 31.0 121.6572 38.94059 36.0886 6.0
14.0 31.0 14.0 128.31843 116.05294 40.2801 6.0
14.0 32.0 32.0 156.93935 89.13839 57.99452 741.0
14.0 32.0 14.0 128.31843 116.05294 40.2801 741.0
14.0 35.0 35.0 147.8015 121.13916 95.65572 180.0
14.0 35.0 14.0 128.31843 116.05294 40.2801 180.0
14.0 43.0 43.0 101.77711 137.70192 99.19042 1.0
14.0 43.0 14.0 128.31843 116.05294 40.2801 1.0
14.0 45.0 45.0 35.11008 116.38952 28.55631 1.0
14.0 45.0 14.0 128.31843 116.05294 40.2801 1.0
14.0 46.0 46.0 114.4916 130.25842 52.7047 1518.0
14.0 46.0 14.0 128.31843 116.05294 40.2801 1518.0
15.0 3.0 3.0 83.18205 3.83212 88.04137 17.0
15.0 3.0 15.0 145.15275 26.61829 64.66049 17.0
15.0 7.0 7.0 121.68308 13.45556 56.88925 801.0
15.0 7.0 15.0 145.15275 26.61829 64.66049 801.0
15.0 8.0 8.0 108.18049 86.00539 38.6776 37.0
15.0 8.0 15.0 145.15275 26.61829 64.66049 37.0
15.0 10.0 10.0 97.04019 3.92008 61.06491 37.0
15.0 10.0 15.0 145.15275 26.61829 64.66049 37.0
15.0 12.0 12.0 179.82724 86.32227 84.7058 18.0
15.0 12.0 15.0 145.15275 26.61829 64.66049 18.0
15.0 15.0 15.0 145.15275 26.61829 64.66049 2623.0
15.0 15.0 15.0 145.15275 26.61829 64.66049 2623.0
15.0 17.0 17.0 122.85641 11.01614 94.58604 479.0
15.0 17.0 15.0 145.15275 26.61829 64.66049 479.0
15.0 18.0 18.0 159.20192 24.80047 93.78049 572.0
15.0 18.0 15.0 145.15275 26.61829 64.66049 572.0
15.0 23.0 23.0 173.49273 43.48986 77.05073 421.0
15.0 23.0 15.0 145.15275 26.61829 64.66049 421.0
15.0 25.0 25.0 182.85782 63.96971 100.20267 7.0
15.0 25.0 15.0 145.15275 26.61829 64.66049 7.0
15.0 26.0 26.0 132.08603 45.11078 139.11812 3.0
15.0 26.0 15.0 145.15275 26.61829 64.66049 3.0
15.0 29.0 29.0 122.60804 20.57111 121.19919 31.0
15.0 29.0 15.0 145.15275 26.61829 64.66049 31.0
15.0 31.0 31.0 121.6572 38.94059 36.0886 765.0
15.0 31.0 15.0 145.15275 26.61829 64.66049 765.0
15.0 32.0 32.0 156.93935 89.13839 57.99452 169.0
15.0 32.0 15.0 145.15275 26.61829 64.66049 169.0
15.0 37.0 37.0 80.19085 11.076 113.83092 1.0
15.0 37.0 15.0 145.15275 26.61829 64.66049 1.0
15.0 47.0 47.0 164.1854 62.7995 126.1245 4.0
15.0 47.0 15.0 145.15275 26.61829 64.66049 4.0
16.0 0.0 0.0 55.12995 48.92315 141.99932 736.0
16.0 0.0 16.0 37.10008 39.09088 124.68955 736.0
16.0 2.0 2.0 27.36274 25.36352 87.69504 383.0
16.0 2.0 16.0 37.10008 39.09088 124.68955 383.0
16.0 3.0 3.0 83.18205 3.83212 88.04137 10.0
16.0 3.0 16.0 37.10008 39.09088 124.68955 10.0
16.0 4.0 4.0 72.05373 108.40144 139.66452 1.0
16.0 4.0 16.0 37.10008 39.09088 124.68955 1.0
16.0 6.0 6.0 5.47045 84.77089 74.40096 9.0
16.0 6.0 16.0 37.10008 39.09088 124.68955 9.0
16.0 11.0 11.0 48.52693 14.1201 56.48295 18.0
16.0 11.0 16.0 37.10008 39.09088 124.68955 18.0
16.0 16.0 16.0 37.10008 39.09088 124.68955 2201.0
16.0 16.0 16.0 37.10008 39.09088 124.68955 2201.0
16.0 22.0 22.0 25.06776 79.98675 119.43221 684.0
16.0 22.0 16.0 37.10008 39.09088 124.68955 684.0
16.0 23.0 23.0 173.49273 43.48986 77.05073 1.0
16.0 23.0 16.0 37.10008 39.09088 124.68955 1.0
16.0 26.0 26.0 132.08603 45.11078 139.11812 1.0
16.0 26.0 16.0 37.10008 39.09088 124.68955 1.0
16.0 27.0 27.0 18.7613 45.33576 103.80812 603.0
16.0 27.0 16.0 37.10008 39.09088 124.68955 603.0
16.0 28.0 28.0 84.3638 38.92193 143.14466 24.0
16.0 28.0 16.0 37.10008 39.09088 124.68955 24.0
16.0 36.0 36.0 51.18288 19.4519 119.66289 518.0
16.0 36.0 16.0 37.10008 39.09088 124.68955 518.0
16.0 37.0 37.0 80.19085 11.076 113.83092 89.0
16.0 37.0 16.0 37.10008 39.09088 124.68955 89.0
16.0 38.0 38.0 88.72924 68.43181 152.61915 9.0
16.0 38.0 16.0 37.10008 39.09088 124.68955 9.0
16.0 42.0 42.0 56.5732 85.19854 144.9432 97.0
16.0 42.0 16.0 37.10008 39.09088 124.68955 97.0
16.0 44.0 44.0 70.23405 22.74478 131.36008 136.0
16.0 44.0 16.0 37.10008 39.09088 124.68955 136.0
17.0 3.0 3.0 83.18205 3.83212 88.04137 627.0
17.0 3.0 17.0 122.85641 11.01614 94.58604 627.0
17.0 7.0 7.0 121.68308 13.45556 56.88925 441.0
17.0 7.0 17.0 122.85641 11.01614 94.58604 441.0
17.0 10.0 10.0 97.04019 3.92008 61.06491 261.0
17.0 10.0 17.0 122.85641 11.01614 94.58604 261.0
17.0 15.0 15.0 145.15275 26.61829 64.66049 502.0
17.0 15.0 17.0 122.85641 11.01614 94.58604 502.0
17.0 17.0 17.0 122.85641 11.01614 94.58604 2604.0
17.0 17.0 17.0 122.85641 11.01614 94.58604 2604.0
17.0 18.0 18.0 159.20192 24.80047 93.78049 339.0
17.0 18.0 17.0 122.85641 11.01614 94.58604 339.0
17.0 19.0 19.0 66.40159 15.81662 45.31524 2.0
17.0 19.0 17.0 122.85641 11.01614 94.58604 2.0
17.0 23.0 23.0 173.49273 43.48986 77.05073 3.0
17.0 23.0 17.0 122.85641 11.01614 94.58604 3.0
17.0 26.0 26.0 132.08603 45.11078 139.11812 43.0
17.0 26.0 17.0 122.85641 11.01614 94.58604 43.0
17.0 28.0 28.0 84.3638 38.92193 143.14466 8.0
17.0 28.0 17.0 122.85641 11.01614 94.58604 8.0
17.0 29.0 29.0 122.60804 20.57111 121.19919 776.0
17.0 29.0 17.0 122.85641 11.01614 94.58604 776.0
17.0 31.0 31.0 121.6572 38.94059 36.0886 4.0
17.0 31.0 17.0 122.85641 11.01614 94.58604 4.0
17.0 33.0 33.0 97.26166 49.91279 149.23246 1.0
17.0 33.0 17.0 122.85641 11.01614 94.58604 1.0
17.0 37.0 37.0 80.19085 11.076 113.83092 274.0
17.0 37.0 17.0 122.85641 11.01614 94.58604 274.0
17.0 40.0 40.0 83.25661 23.56163 42.38914 1.0
17.0 40.0 17.0 122.85641 11.01614 94.58604 1.0
17.0 44.0 44.0 70.23405 22.74478 131.36008 2.0
17.0 44.0 17.0 122.85641 11.01614 94.58604 2.0
17.0 45.0 45.0 35.11008 116.38952 28.55631 1.0
17.0 45.0 17.0 122.85641 11.01614 94.58604 1.0
17.0 47.0 47.0 164.1854 62.7995 126.1245 13.0
17.0 47.0 17.0 122.85641 11.01614 94.58604 13.0
18.0 3.0 3.0 83.18205 3.83212 88.04137 1.0
18.0 3.0 18.0 159.20192 24.80047 93.78049 1.0
18.0 7.0 7.0 121.68308 13.45556 56.88925 23.0
18.0 7.0 18.0 159.20192 24.80047 93.78049 23.0
18.0 10.0 10.0 97.04019 3.92008 61.06491 1.0
18.0 10.0 18.0 159.20192 24.80047 93.78049 1.0
18.0 12.0 12.0 179.82724 86.32227 84.7058 5.0
18.0 12.0 18.0 159.20192 24.80047 93.78049 5.0
18.0 15.0 15.0 145.15275 26.61829 64.66049 562.0
18.0 15.0 18.0 159.20192 24.80047 93.78049 562.0
18.0 17.0 17.0 122.85641 11.01614 94.58604 344.0
18.0 17.0 18.0 159.20192 24.80047 93.78049 344.0
18.0 18.0 18.0 159.20192 24.80047 93.78049 1701.0
18.0 18.0 18.0 159.20192 24.80047 93.78049 1701.0
18.0 23.0 23.0 173.49273 43.48986 77.05073 517.0
18.0 23.0 18.0 159.20192 24.80047 93.78049 517.0
18.0 25.0 25.0 182.85782 63.96971 100.20267 59.0
18.0 25.0 18.0 159.20192 24.80047 93.78049 59.0
18.0 26.0 26.0 132.08603 45.11078 139.11812 113.0
18.0 26.0 18.0 159.20192 24.80047 93.78049 113.0
18.0 29.0 29.0 122.60804 20.57111 121.19919 304.0
18.0 29.0 18.0 159.20192 24.80047 93.78049 304.0
18.0 31.0 31.0 121.6572 38.94059 36.0886 8.0
18.0 31.0 18.0 159.20192 24.80047 93.78049 8.0
18.0 32.0 32.0 156.93935 89.13839 57.99452 6.0
18.0 32.0 18.0 159.20192 24.80047 93.78049 6.0
18.0 37.0 37.0 80.19085 11.076 113.83092 2.0
18.0 37.0 18.0 159.20192 24.80047 93.78049 2.0
18.0 47.0 47.0 164.1854 62.7995 126.1245 357.0
18.0 47.0 18.0 159.20192 24.80047 93.78049 357.0
19.0 1.0 1.0 66.25279 89.23374 7.4585 14.0
19.0 1.0 19.0 66.40159 15.81662 45.31524 14.0
19.0 2.0 2.0 27.36274 25.36352 87.69504 8.0
19.0 2.0 19.0 66.40159 15.81662 45.31524 8.0
19.0 3.0 3.0 83.18205 3.83212 88.04137 233.0
19.0 3.0 19.0 66.40159 15.81662 45.31524 233.0
19.0 7.0 7.0 121.68308 13.45556 56.88925 8.0
19.0 7.0 19.0 66.40159 15.81662 45.31524 8.0
19.0 8.0 8.0 108.18049 86.00539 38.6776 1.0
19.0 8.0 19.0 66.40159 15.81662 45.31524 1.0
19.0 10.0 10.0 97.04019 3.92008 61.06491 320.0
19.0 10.0 19.0 66.40159 15.81662 45.31524 320.0
19.0 11.0 11.0 48.52693 14.1201 56.48295 1075.0
19.0 11.0 19.0 66.40159 15.81662 45.31524 1075.0
19.0 13.0 13.0 21.79682 31.14974 56.41381 33.0
19.0 13.0 19.0 66.40159 15.81662 45.31524 33.0
19.0 17.0 17.0 122.85641 11.01614 94.58604 1.0
19.0 17.0 19.0 66.40159 15.81662 45.31524 1.0
19.0 19.0 19.0 66.40159 15.81662 45.31524 1060.0
19.0 19.0 19.0 66.40159 15.81662 45.31524 1060.0
19.0 20.0 20.0 85.01176 53.74421 22.22488 300.0
19.0 20.0 19.0 66.40159 15.81662 45.31524 300.0
19.0 21.0 21.0 28.24653 78.15011 19.30912 6.0
19.0 21.0 19.0 66.40159 15.81662 45.31524 6.0
19.0 31.0 31.0 121.6572 38.94059 36.0886 14.0
19.0 31.0 19.0 66.40159 15.81662 45.31524 14.0
19.0 37.0 37.0 80.19085 11.076 113.83092 9.0
19.0 37.0 19.0 66.40159 15.81662 45.31524 9.0
19.0 39.0 39.0 21.82451 50.13104 32.78885 106.0
19.0 39.0 19.0 66.40159 15.81662 45.31524 106.0
19.0 40.0 40.0 83.25661 23.56163 42.38914 821.0
19.0 40.0 19.0 66.40159 15.81662 45.31524 821.0
20.0 1.0 1.0 66.25279 89.23374 7.4585 1123.0
20.0 1.0 20.0 85.01176 53.74421 22.22488 1123.0
20.0 7.0 7.0 121.68308 13.45556 56.88925 9.0
20.0 7.0 20.0 85.01176 53.74421 22.22488 9.0
20.0 8.0 8.0 108.18049 86.00539 38.6776 1633.0
20.0 8.0 20.0 85.01176 53.74421 22.22488 1633.0
20.0 10.0 10.0 97.04019 3.92008 61.06491 14.0
20.0 10.0 20.0 85.01176 53.74421 22.22488 14.0
20.0 11.0 11.0 48.52693 14.1201 56.48295 147.0
20.0 11.0 20.0 85.01176 53.74421 22.22488 147.0
20.0 12.0 12.0 179.82724 86.32227 84.7058 1.0
20.0 12.0 20.0 85.01176 53.74421 22.22488 1.0
20.0 13.0 13.0 21.79682 31.14974 56.41381 10.0
20.0 13.0 20.0 85.01176 53.74421 22.22488 10.0
20.0 14.0 14.0 128.31843 116.05294 40.2801 6.0
20.0 14.0 20.0 85.01176 53.74421 22.22488 6.0
20.0 15.0 15.0 145.15275 26.61829 64.66049 1.0
20.0 15.0 20.0 85.01176 53.74421 22.22488 1.0
20.0 18.0 18.0 159.20192 24.80047 93.78049 1.0
20.0 18.0 20.0 85.01176 53.74421 22.22488 1.0
20.0 19.0 19.0 66.40159 15.81662 45.31524 255.0
20.0 19.0 20.0 85.01176 53.74421 22.22488 255.0
20.0 20.0 20.0 85.01176 53.74421 22.22488 6500.0
20.0 20.0 20.0 85.01176 53.74421 22.22488 6500.0
20.0 21.0 21.0 28.24653 78.15011 19.30912 128.0
20.0 21.0 20.0 85.01176 53.74421 22.22488 128.0
20.0 27.0 27.0 18.7613 45.33576 103.80812 1.0
20.0 27.0 20.0 85.01176 53.74421 22.22488 1.0
20.0 31.0 31.0 121.6572 38.94059 36.0886 1111.0
20.0 31.0 20.0 85.01176 53.74421 22.22488 1111.0
20.0 32.0 32.0 156.93935 89.13839 57.99452 5.0
20.0 32.0 20.0 85.01176 53.74421 22.22488 5.0
20.0 39.0 39.0 21.82451 50.13104 32.78885 260.0
20.0 39.0 20.0 85.01176 53.74421 22.22488 260.0
20.0 40.0 40.0 83.25661 23.56163 42.38914 899.0
20.0 40.0 20.0 85.01176 53.74421 22.22488 899.0
20.0 45.0 45.0 35.11008 116.38952 28.55631 2.0
20.0 45.0 20.0 85.01176 53.74421 22.22488 2.0
21.0 1.0 1.0 66.25279 89.23374 7.4585 813.0
21.0 1.0 21.0 28.24653 78.15011 19.30912 813.0
21.0 5.0 5.0 36.11572 130.0241 82.15635 5.0
21.0 5.0 21.0 28.24653 78.15011 19.30912 5.0
21.0 6.0 6.0 5.47045 84.77089 74.40096 335.0
21.0 6.0 21.0 28.24653 78.15011 19.30912 335.0
21.0 8.0 8.0 108.18049 86.00539 38.6776 3.0
21.0 8.0 21.0 28.24653 78.15011 19.30912 3.0
21.0 11.0 11.0 48.52693 14.1201 56.48295 23.0
21.0 11.0 21.0 28.24653 78.15011 19.30912 23.0
21.0 12.0 12.0 179.82724 86.32227 84.7058 1.0
21.0 12.0 21.0 28.24653 78.15011 19.30912 1.0
21.0 13.0 13.0 21.79682 31.14974 56.41381 6.0
21.0 13.0 21.0 28.24653 78.15011 19.30912 6.0
21.0 19.0 19.0 66.40159 15.81662 45.31524 6.0
21.0 19.0 21.0 28.24653 78.15011 19.30912 6.0
21.0 20.0 20.0 85.01176 53.74421 22.22488 130.0
21.0 20.0 21.0 28.24653 78.15011 19.30912 130.0
21.0 21.0 21.0 28.24653 78.15011 19.30912 3329.0
21.0 21.0 21.0 28.24653 78.15011 19.30912 3329.0
21.0 39.0 39.0 21.82451 50.13104 32.78885 1194.0
21.0 39.0 21.0 28.24653 78.15011 19.30912 1194.0
21.0 40.0 40.0 83.25661 23.56163 42.38914 3.0
21.0 40.0 21.0 28.24653 78.15011 19.30912 3.0
21.0 45.0 45.0 35.11008 116.38952 28.55631 969.0
21.0 45.0 21.0 28.24653 78.15011 19.30912 969.0
22.0 0.0 0.0 55.12995 48.92315 141.99932 342.0
22.0 0.0 22.0 25.06776 79.98675 119.43221 342.0
22.0 2.0 2.0 27.36274 25.36352 87.69504 31.0
22.0 2.0 22.0 25.06776 79.98675 119.43221 31.0
22.0 4.0 4.0 72.05373 108.40144 139.66452 231.0
22.0 4.0 22.0 25.06776 79.98675 119.43221 231.0
22.0 5.0 5.0 36.11572 130.0241 82.15635 617.0
22.0 5.0 22.0 25.06776 79.98675 119.43221 617.0
22.0 6.0 6.0 5.47045 84.77089 74.40096 1047.0
22.0 6.0 22.0 25.06776 79.98675 119.43221 1047.0
22.0 8.0 8.0 108.18049 86.00539 38.6776 2.0
22.0 8.0 22.0 25.06776 79.98675 119.43221 2.0
22.0 9.0 9.0 78.60203 139.93166 102.60635 1.0
22.0 9.0 22.0 25.06776 79.98675 119.43221 1.0
22.0 13.0 13.0 21.79682 31.14974 56.41381 2.0
22.0 13.0 22.0 25.06776 79.98675 119.43221 2.0
22.0 16.0 16.0 37.10008 39.09088 124.68955 657.0
22.0 16.0 22.0 25.06776 79.98675 119.43221 657.0
22.0 17.0 17.0 122.85641 11.01614 94.58604 1.0
22.0 17.0 22.0 25.06776 79.98675 119.43221 1.0
22.0 19.0 19.0 66.40159 15.81662 45.31524 1.0
22.0 19.0 22.0 25.06776 79.98675 119.43221 1.0
22.0 22.0 22.0 25.06776 79.98675 119.43221 7191.0
22.0 22.0 22.0 25.06776 79.98675 119.43221 7191.0
22.0 27.0 27.0 18.7613 45.33576 103.80812 743.0
22.0 27.0 22.0 25.06776 79.98675 119.43221 743.0
22.0 28.0 28.0 84.3638 38.92193 143.14466 7.0
22.0 28.0 22.0 25.06776 79.98675 119.43221 7.0
22.0 33.0 33.0 97.26166 49.91279 149.23246 2.0
22.0 33.0 22.0 25.06776 79.98675 119.43221 2.0
22.0 36.0 36.0 51.18288 19.4519 119.66289 6.0
22.0 36.0 22.0 25.06776 79.98675 119.43221 6.0
22.0 37.0 37.0 80.19085 11.076 113.83092 1.0
22.0 37.0 22.0 25.06776 79.98675 119.43221 1.0
22.0 38.0 38.0 88.72924 68.43181 152.61915 14.0
22.0 38.0 22.0 25.06776 79.98675 119.43221 14.0
22.0 41.0 41.0 59.86146 126.05523 122.50982 354.0
22.0 41.0 22.0 25.06776 79.98675 119.43221 354.0
22.0 42.0 42.0 56.5732 85.19854 144.9432 850.0
22.0 42.0 22.0 25.06776 79.98675 119.43221 850.0
22.0 43.0 43.0 101.77711 137.70192 99.19042 1.0
22.0 43.0 22.0 25.06776 79.98675 119.43221 1.0
22.0 44.0 44.0 70.23405 22.74478 131.36008 3.0
22.0 44.0 22.0 25.06776 79.98675 119.43221 3.0
23.0 7.0 7.0 121.68308 13.45556 56.88925 4.0
23.0 7.0 23.0 173.49273 43.48986 77.05073 4.0
23.0 8.0 8.0 108.18049 86.00539 38.6776 4.0
23.0 8.0 23.0 173.49273 43.48986 77.05073 4.0
23.0 12.0 12.0 179.82724 86.32227 84.7058 303.0
23.0 12.0 23.0 173.49273 43.48986 77.05073 303.0
23.0 15.0 15.0 145.15275 26.61829 64.66049 417.0
23.0 15.0 23.0 173.49273 43.48986 77.05073 417.0
23.0 17.0 17.0 122.85641 11.01614 94.58604 4.0
23.0 17.0 23.0 173.49273 43.48986 77.05073 4.0
23.0 18.0 18.0 159.20192 24.80047 93.78049 569.0
23.0 18.0 23.0 173.49273 43.48986 77.05073 569.0
23.0 23.0 23.0 173.49273 43.48986 77.05073 1737.0
23.0 23.0 23.0 173.49273 43.48986 77.05073 1737.0
23.0 25.0 25.0 182.85782 63.96971 100.20267 421.0
23.0 25.0 23.0 173.49273 43.48986 77.05073 421.0
23.0 26.0 26.0 132.08603 45.11078 139.11812 7.0
23.0 26.0 23.0 173.49273 43.48986 77.05073 7.0
23.0 28.0 28.0 84.3638 38.92193 143.14466 1.0
23.0 28.0 23.0 173.49273 43.48986 77.05073 1.0
23.0 29.0 29.0 122.60804 20.57111 121.19919 8.0
23.0 29.0 23.0 173.49273 43.48986 77.05073 8.0
23.0 31.0 31.0 121.6572 38.94059 36.0886 72.0
23.0 31.0 23.0 173.49273 43.48986 77.05073 72.0
23.0 32.0 32.0 156.93935 89.13839 57.99452 282.0
23.0 32.0 23.0 173.49273 43.48986 77.05073 282.0
23.0 37.0 37.0 80.19085 11.076 113.83092 1.0
23.0 37.0 23.0 173.49273 43.48986 77.05073 1.0
23.0 47.0 47.0 164.1854 62.7995 126.1245 162.0
23.0 47.0 23.0 173.49273 43.48986 77.05073 162.0
24.0 0.0 0.0 55.12995 48.92315 141.99932 6.0
24.0 0.0 24.0 107.86694 87.25323 149.14727 6.0
24.0 4.0 4.0 72.05373 108.40144 139.66452 798.0
24.0 4.0 24.0 107.86694 87.25323 149.14727 798.0
24.0 9.0 9.0 78.60203 139.93166 102.60635 6.0
24.0 9.0 24.0 107.86694 87.25323 149.14727 6.0
24.0 17.0 17.0 122.85641 11.01614 94.58604 1.0
24.0 17.0 24.0 107.86694 87.25323 149.14727 1.0
24.0 22.0 22.0 25.06776 79.98675 119.43221 2.0
24.0 22.0 24.0 107.86694 87.25323 149.14727 2.0
24.0 24.0 24.0 107.86694 87.25323 149.14727 4625.0
24.0 24.0 24.0 107.86694 87.25323 149.14727 4625.0
24.0 26.0 26.0 132.08603 45.11078 139.11812 488.0
24.0 26.0 24.0 107.86694 87.25323 149.14727 488.0
24.0 28.0 28.0 84.3638 38.92193 143.14466 21.0
24.0 28.0 24.0 107.86694 87.25323 149.14727 21.0
24.0 30.0 30.0 88.34838 139.9312 62.63932 1.0
24.0 30.0 24.0 107.86694 87.25323 149.14727 1.0
24.0 33.0 33.0 97.26166 49.91279 149.23246 246.0
24.0 33.0 24.0 107.86694 87.25323 149.14727 246.0
24.0 34.0 34.0 127.7589 111.24666 129.60788 1378.0
24.0 34.0 24.0 107.86694 87.25323 149.14727 1378.0
24.0 35.0 35.0 147.8015 121.13916 95.65572 3.0
24.0 35.0 24.0 107.86694 87.25323 149.14727 3.0
24.0 38.0 38.0 88.72924 68.43181 152.61915 1075.0
24.0 38.0 24.0 107.86694 87.25323 149.14727 1075.0
24.0 41.0 41.0 59.86146 126.05523 122.50982 52.0
24.0 41.0 24.0 107.86694 87.25323 149.14727 52.0
24.0 42.0 42.0 56.5732 85.19854 144.9432 279.0
24.0 42.0 24.0 107.86694 87.25323 149.14727 279.0
24.0 43.0 43.0 101.77711 137.70192 99.19042 2.0
24.0 43.0 24.0 107.86694 87.25323 149.14727 2.0
24.0 44.0 44.0 70.23405 22.74478 131.36008 2.0
24.0 44.0 24.0 107.86694 87.25323 149.14727 2.0
24.0 47.0 47.0 164.1854 62.7995 126.1245 109.0
24.0 47.0 24.0 107.86694 87.25323 149.14727 109.0
25.0 7.0 7.0 121.68308 13.45556 56.88925 1.0
25.0 7.0 25.0 182.85782 63.96971 100.20267 1.0
25.0 12.0 12.0 179.82724 86.32227 84.7058 639.0
25.0 12.0 25.0 182.85782 63.96971 100.20267 639.0
25.0 15.0 15.0 145.15275 26.61829 64.66049 4.0
25.0 15.0 25.0 182.85782 63.96971 100.20267 4.0
25.0 18.0 18.0 159.20192 24.80047 93.78049 55.0
25.0 18.0 25.0 182.85782 63.96971 100.20267 55.0
25.0 23.0 23.0 173.49273 43.48986 77.05073 414.0
25.0 23.0 25.0 182.85782 63.96971 100.20267 414.0
25.0 25.0 25.0 182.85782 63.96971 100.20267 1148.0
25.0 25.0 25.0 182.85782 63.96971 100.20267 1148.0
25.0 26.0 26.0 132.08603 45.11078 139.11812 3.0
25.0 26.0 25.0 182.85782 63.96971 100.20267 3.0
25.0 32.0 32.0 156.93935 89.13839 57.99452 20.0
25.0 32.0 25.0 182.85782 63.96971 100.20267 20.0
25.0 34.0 34.0 127.7589 111.24666 129.60788 13.0
25.0 34.0 25.0 182.85782 63.96971 100.20267 13.0
25.0 35.0 35.0 147.8015 121.13916 95.65572 42.0
25.0 35.0 25.0 182.85782 63.96971 100.20267 42.0
25.0 46.0 46.0 114.4916 130.25842 52.7047 1.0
25.0 46.0 25.0 182.85782 63.96971 100.20267 1.0
25.0 47.0 47.0 164.1854 62.7995 126.1245 659.0
25.0 47.0 25.0 182.85782 63.96971 100.20267 659.0
26.0 3.0 3.0 83.18205 3.83212 88.04137 1.0
26.0 3.0 26.0 132.08603 45.11078 139.11812 1.0
26.0 12.0 12.0 179.82724 86.32227 84.7058 1.0
26.0 12.0 26.0 132.08603 45.11078 139.11812 1.0
26.0 17.0 17.0 122.85641 11.01614 94.58604 65.0
26.0 17.0 26.0 132.08603 45.11078 139.11812 65.0
26.0 18.0 18.0 159.20192 24.80047 93.78049 108.0
26.0 18.0 26.0 132.08603 45.11078 139.11812 108.0
26.0 23.0 23.0 173.49273 43.48986 77.05073 3.0
26.0 23.0 26.0 132.08603 45.11078 139.11812 3.0
26.0 24.0 24.0 107.86694 87.25323 149.14727 505.0
26.0 24.0 26.0 132.08603 45.11078 139.11812 505.0
26.0 25.0 25.0 182.85782 63.96971 100.20267 3.0
26.0 25.0 26.0 132.08603 45.11078 139.11812 3.0
26.0 26.0 26.0 132.08603 45.11078 139.11812 4176.0
26.0 26.0 26.0 132.08603 45.11078 139.11812 4176.0
26.0 28.0 28.0 84.3638 38.92193 143.14466 233.0
26.0 28.0 26.0 132.08603 45.11078 139.11812 233.0
26.0 29.0 29.0 122.60804 20.57111 121.19919 982.0
26.0 29.0 26.0 132.08603 45.11078 139.11812 982.0
26.0 33.0 33.0 97.26166 49.91279 149.23246 570.0
26.0 33.0 26.0 132.08603 45.11078 139.11812 570.0
26.0 34.0 34.0 127.7589 111.24666 129.60788 165.0
26.0 34.0 26.0 132.08603 45.11078 139.11812 165.0
26.0 35.0 35.0 147.8015 121.13916 95.65572 1.0
26.0 35.0 26.0 132.08603 45.11078 139.11812 1.0
26.0 37.0 37.0 80.19085 11.076 113.83092 53.0
26.0 37.0 26.0 132.08603 45.11078 139.11812 53.0
26.0 38.0 38.0 88.72924 68.43181 152.61915 200.0
26.0 38.0 26.0 132.08603 45.11078 139.11812 200.0
26.0 44.0 44.0 70.23405 22.74478 131.36008 5.0
26.0 44.0 26.0 132.08603 45.11078 139.11812 5.0
26.0 47.0 47.0 164.1854 62.7995 126.1245 974.0
26.0 47.0 26.0 132.08603 45.11078 139.11812 974.0
27.0 0.0 0.0 55.12995 48.92315 141.99932 22.0
27.0 0.0 27.0 18.7613 45.33576 103.80812 22.0
27.0 2.0 2.0 27.36274 25.36352 87.69504 879.0
27.0 2.0 27.0 18.7613 45.33576 103.80812 879.0
27.0 3.0 3.0 83.18205 3.83212 88.04137 1.0
27.0 3.0 27.0 18.7613 45.33576 103.80812 1.0
27.0 6.0 6.0 5.47045 84.77089 74.40096 403.0
27.0 6.0 27.0 18.7613 45.33576 103.80812 403.0
27.0 11.0 11.0 48.52693 14.1201 56.48295 6.0
27.0 11.0 27.0 18.7613 45.33576 103.80812 6.0
27.0 13.0 13.0 21.79682 31.14974 56.41381 73.0
27.0 13.0 27.0 18.7613 45.33576 103.80812 73.0
27.0 16.0 16.0 37.10008 39.09088 124.68955 612.0
27.0 16.0 27.0 18.7613 45.33576 103.80812 612.0
27.0 22.0 22.0 25.06776 79.98675 119.43221 723.0
27.0 22.0 27.0 18.7613 45.33576 103.80812 723.0
27.0 27.0 27.0 18.7613 45.33576 103.80812 1763.0
27.0 27.0 27.0 18.7613 45.33576 103.80812 1763.0
27.0 36.0 36.0 51.18288 19.4519 119.66289 43.0
27.0 36.0 27.0 18.7613 45.33576 103.80812 43.0
27.0 37.0 37.0 80.19085 11.076 113.83092 5.0
27.0 37.0 27.0 18.7613 45.33576 103.80812 5.0
27.0 39.0 39.0 21.82451 50.13104 32.78885 10.0
27.0 39.0 27.0 18.7613 45.33576 103.80812 10.0
27.0 42.0 42.0 56.5732 85.19854 144.9432 2.0
27.0 42.0 27.0 18.7613 45.33576 103.80812 2.0
27.0 44.0 44.0 70.23405 22.74478 131.36008 3.0
27.0 44.0 27.0 18.7613 45.33576 103.80812 3.0
27.0 45.0 45.0 35.11008 116.38952 28.55631 1.0
27.0 45.0 27.0 18.7613 45.33576 103.80812 1.0
28.0 0.0 0.0 55.12995 48.92315 141.99932 581.0
28.0 0.0 28.0 84.3638 38.92193 143.14466 581.0
28.0 3.0 3.0 83.18205 3.83212 88.04137 5.0
28.0 3.0 28.0 84.3638 38.92193 143.14466 5.0
28.0 4.0 4.0 72.05373 108.40144 139.66452 5.0
28.0 4.0 28.0 84.3638 38.92193 143.14466 5.0
28.0 5.0 5.0 36.11572 130.0241 82.15635 1.0
28.0 5.0 28.0 84.3638 38.92193 143.14466 1.0
28.0 16.0 16.0 37.10008 39.09088 124.68955 23.0
28.0 16.0 28.0 84.3638 38.92193 143.14466 23.0
28.0 17.0 17.0 122.85641 11.01614 94.58604 7.0
28.0 17.0 28.0 84.3638 38.92193 143.14466 7.0
28.0 19.0 19.0 66.40159 15.81662 45.31524 1.0
28.0 19.0 28.0 84.3638 38.92193 143.14466 1.0
28.0 22.0 22.0 25.06776 79.98675 119.43221 8.0
28.0 22.0 28.0 84.3638 38.92193 143.14466 8.0
28.0 24.0 24.0 107.86694 87.25323 149.14727 21.0
28.0 24.0 28.0 84.3638 38.92193 143.14466 21.0
28.0 26.0 26.0 132.08603 45.11078 139.11812 204.0
28.0 26.0 28.0 84.3638 38.92193 143.14466 204.0
28.0 28.0 28.0 84.3638 38.92193 143.14466 1622.0
28.0 28.0 28.0 84.3638 38.92193 143.14466 1622.0
28.0 29.0 29.0 122.60804 20.57111 121.19919 247.0
28.0 29.0 28.0 84.3638 38.92193 143.14466 247.0
28.0 33.0 33.0 97.26166 49.91279 149.23246 834.0
28.0 33.0 28.0 84.3638 38.92193 143.14466 834.0
28.0 36.0 36.0 51.18288 19.4519 119.66289 35.0
28.0 36.0 28.0 84.3638 38.92193 143.14466 35.0
28.0 37.0 37.0 80.19085 11.076 113.83092 392.0
28.0 37.0 28.0 84.3638 38.92193 143.14466 392.0
28.0 38.0 38.0 88.72924 68.43181 152.61915 303.0
28.0 38.0 28.0 84.3638 38.92193 143.14466 303.0
28.0 42.0 42.0 56.5732 85.19854 144.9432 94.0
28.0 42.0 28.0 84.3638 38.92193 143.14466 94.0
28.0 44.0 44.0 70.23405 22.74478 131.36008 508.0
28.0 44.0 28.0 84.3638 38.92193 143.14466 508.0
29.0 0.0 0.0 55.12995 48.92315 141.99932 3.0
29.0 0.0 29.0 122.60804 20.57111 121.19919 3.0
29.0 3.0 3.0 83.18205 3.83212 88.04137 111.0
29.0 3.0 29.0 122.60804 20.57111 121.19919 111.0
29.0 7.0 7.0 121.68308 13.45556 56.88925 7.0
29.0 7.0 29.0 122.60804 20.57111 121.19919 7.0
29.0 10.0 10.0 97.04019 3.92008 61.06491 1.0
29.0 10.0 29.0 122.60804 20.57111 121.19919 1.0
29.0 15.0 15.0 145.15275 26.61829 64.66049 29.0
29.0 15.0 29.0 122.60804 20.57111 121.19919 29.0
29.0 17.0 17.0 122.85641 11.01614 94.58604 816.0
29.0 17.0 29.0 122.60804 20.57111 121.19919 816.0
29.0 18.0 18.0 159.20192 24.80047 93.78049 264.0
29.0 18.0 29.0 122.60804 20.57111 121.19919 264.0
29.0 23.0 23.0 173.49273 43.48986 77.05073 3.0
29.0 23.0 29.0 122.60804 20.57111 121.19919 3.0
29.0 24.0 24.0 107.86694 87.25323 149.14727 2.0
29.0 24.0 29.0 122.60804 20.57111 121.19919 2.0
29.0 25.0 25.0 182.85782 63.96971 100.20267 1.0
29.0 25.0 29.0 122.60804 20.57111 121.19919 1.0
29.0 26.0 26.0 132.08603 45.11078 139.11812 1016.0
29.0 26.0 29.0 122.60804 20.57111 121.19919 1016.0
29.0 28.0 28.0 84.3638 38.92193 143.14466 274.0
29.0 28.0 29.0 122.60804 20.57111 121.19919 274.0
29.0 29.0 29.0 122.60804 20.57111 121.19919 2475.0
29.0 29.0 29.0 122.60804 20.57111 121.19919 2475.0
29.0 33.0 33.0 97.26166 49.91279 149.23246 102.0
29.0 33.0 29.0 122.60804 20.57111 121.19919 102.0
29.0 36.0 36.0 51.18288 19.4519 119.66289 1.0
29.0 36.0 29.0 122.60804 20.57111 121.19919 1.0
29.0 37.0 37.0 80.19085 11.076 113.83092 619.0
29.0 37.0 29.0 122.60804 20.57111 121.19919 619.0
29.0 38.0 38.0 88.72924 68.43181 152.61915 5.0
29.0 38.0 29.0 122.60804 20.57111 121.19919 5.0
29.0 44.0 44.0 70.23405 22.74478 131.36008 34.0
29.0 44.0 29.0 122.60804 20.57111 121.19919 34.0
29.0 46.0 46.0 114.4916 130.25842 52.7047 1.0
29.0 46.0 29.0 122.60804 20.57111 121.19919 1.0
29.0 47.0 47.0 164.1854 62.7995 126.1245 131.0
29.0 47.0 29.0 122.60804 20.57111 121.19919 131.0
30.0 1.0 1.0 66.25279 89.23374 7.4585 177.0
30.0 1.0 30.0 88.34838 139.9312 62.63932 177.0
30.0 2.0 2.0 27.36274 25.36352 87.69504 1.0
30.0 2.0 30.0 88.34838 139.9312 62.63932 1.0
30.0 5.0 5.0 36.11572 130.0241 82.15635 907.0
30.0 5.0 30.0 88.34838 139.9312 62.63932 907.0
30.0 8.0 8.0 108.18049 86.00539 38.6776 312.0
30.0 8.0 30.0 88.34838 139.9312 62.63932 312.0
30.0 9.0 9.0 78.60203 139.93166 102.60635 617.0
30.0 9.0 30.0 88.34838 139.9312 62.63932 617.0
30.0 14.0 14.0 128.31843 116.05294 40.2801 138.0
30.0 14.0 30.0 88.34838 139.9312 62.63932 138.0
30.0 23.0 23.0 173.49273 43.48986 77.05073 1.0
30.0 23.0 30.0 88.34838 139.9312 62.63932 1.0
30.0 30.0 30.0 88.34838 139.9312 62.63932 7834.0
30.0 30.0 30.0 88.34838 139.9312 62.63932 7834.0
30.0 32.0 32.0 156.93935 89.13839 57.99452 2.0
30.0 32.0 30.0 88.34838 139.9312 62.63932 2.0
30.0 34.0 34.0 127.7589 111.24666 129.60788 40.0
30.0 34.0 30.0 88.34838 139.9312 62.63932 40.0
30.0 35.0 35.0 147.8015 121.13916 95.65572 391.0
30.0 35.0 30.0 88.34838 139.9312 62.63932 391.0
30.0 41.0 41.0 59.86146 126.05523 122.50982 12.0
30.0 41.0 30.0 88.34838 139.9312 62.63932 12.0
30.0 43.0 43.0 101.77711 137.70192 99.19042 1168.0
30.0 43.0 30.0 88.34838 139.9312 62.63932 1168.0
30.0 45.0 45.0 35.11008 116.38952 28.55631 415.0
30.0 45.0 30.0 88.34838 139.9312 62.63932 415.0
30.0 46.0 46.0 114.4916 130.25842 52.7047 1747.0
30.0 46.0 30.0 88.34838 139.9312 62.63932 1747.0
31.0 3.0 3.0 83.18205 3.83212 88.04137 1.0
31.0 3.0 31.0 121.6572 38.94059 36.0886 1.0
31.0 7.0 7.0 121.68308 13.45556 56.88925 861.0
31.0 7.0 31.0 121.6572 38.94059 36.0886 861.0
31.0 8.0 8.0 108.18049 86.00539 38.6776 1018.0
31.0 8.0 31.0 121.6572 38.94059 36.0886 1018.0
31.0 10.0 10.0 97.04019 3.92008 61.06491 194.0
31.0 10.0 31.0 121.6572 38.94059 36.0886 194.0
31.0 11.0 11.0 48.52693 14.1201 56.48295 1.0
31.0 11.0 31.0 121.6572 38.94059 36.0886 1.0
31.0 12.0 12.0 179.82724 86.32227 84.7058 7.0
31.0 12.0 31.0 121.6572 38.94059 36.0886 7.0
31.0 14.0 14.0 128.31843 116.05294 40.2801 2.0
31.0 14.0 31.0 121.6572 38.94059 36.0886 2.0
31.0 15.0 15.0 145.15275 26.61829 64.66049 722.0
31.0 15.0 31.0 121.6572 38.94059 36.0886 722.0
31.0 17.0 17.0 122.85641 11.01614 94.58604 6.0
31.0 17.0 31.0 121.6572 38.94059 36.0886 6.0
31.0 18.0 18.0 159.20192 24.80047 93.78049 8.0
31.0 18.0 31.0 121.6572 38.94059 36.0886 8.0
31.0 19.0 19.0 66.40159 15.81662 45.31524 12.0
31.0 19.0 31.0 121.6572 38.94059 36.0886 12.0
31.0 20.0 20.0 85.01176 53.74421 22.22488 1095.0
31.0 20.0 31.0 121.6572 38.94059 36.0886 1095.0
31.0 23.0 23.0 173.49273 43.48986 77.05073 64.0
31.0 23.0 31.0 121.6572 38.94059 36.0886 64.0
31.0 31.0 31.0 121.6572 38.94059 36.0886 6294.0
31.0 31.0 31.0 121.6572 38.94059 36.0886 6294.0
31.0 32.0 32.0 156.93935 89.13839 57.99452 314.0
31.0 32.0 31.0 121.6572 38.94059 36.0886 314.0
31.0 40.0 40.0 83.25661 23.56163 42.38914 549.0
31.0 40.0 31.0 121.6572 38.94059 36.0886 549.0
31.0 45.0 45.0 35.11008 116.38952 28.55631 1.0
31.0 45.0 31.0 121.6572 38.94059 36.0886 1.0
32.0 7.0 7.0 121.68308 13.45556 56.88925 6.0
32.0 7.0 32.0 156.93935 89.13839 57.99452 6.0
32.0 8.0 8.0 108.18049 86.00539 38.6776 840.0
32.0 8.0 32.0 156.93935 89.13839 57.99452 840.0
32.0 12.0 12.0 179.82724 86.32227 84.7058 885.0
32.0 12.0 32.0 156.93935 89.13839 57.99452 885.0
32.0 14.0 14.0 128.31843 116.05294 40.2801 819.0
32.0 14.0 32.0 156.93935 89.13839 57.99452 819.0
32.0 15.0 15.0 145.15275 26.61829 64.66049 215.0
32.0 15.0 32.0 156.93935 89.13839 57.99452 215.0
32.0 18.0 18.0 159.20192 24.80047 93.78049 2.0
32.0 18.0 32.0 156.93935 89.13839 57.99452 2.0
32.0 20.0 20.0 85.01176 53.74421 22.22488 3.0
32.0 20.0 32.0 156.93935 89.13839 57.99452 3.0
32.0 23.0 23.0 173.49273 43.48986 77.05073 251.0
32.0 23.0 32.0 156.93935 89.13839 57.99452 251.0
32.0 25.0 25.0 182.85782 63.96971 100.20267 31.0
32.0 25.0 32.0 156.93935 89.13839 57.99452 31.0
32.0 30.0 30.0 88.34838 139.9312 62.63932 2.0
32.0 30.0 32.0 156.93935 89.13839 57.99452 2.0
32.0 31.0 31.0 121.6572 38.94059 36.0886 285.0
32.0 31.0 32.0 156.93935 89.13839 57.99452 285.0
32.0 32.0 32.0 156.93935 89.13839 57.99452 4921.0
32.0 32.0 32.0 156.93935 89.13839 57.99452 4921.0
32.0 35.0 35.0 147.8015 121.13916 95.65572 491.0
32.0 35.0 32.0 156.93935 89.13839 57.99452 491.0
32.0 46.0 46.0 114.4916 130.25842 52.7047 146.0
32.0 46.0 32.0 156.93935 89.13839 57.99452 146.0
33.0 0.0 0.0 55.12995 48.92315 141.99932 138.0
33.0 0.0 33.0 97.26166 49.91279 149.23246 138.0
33.0 4.0 4.0 72.05373 108.40144 139.66452 4.0
33.0 4.0 33.0 97.26166 49.91279 149.23246 4.0
33.0 16.0 16.0 37.10008 39.09088 124.68955 3.0
33.0 16.0 33.0 97.26166 49.91279 149.23246 3.0
33.0 17.0 17.0 122.85641 11.01614 94.58604 2.0
33.0 17.0 33.0 97.26166 49.91279 149.23246 2.0
33.0 22.0 22.0 25.06776 79.98675 119.43221 1.0
33.0 22.0 33.0 97.26166 49.91279 149.23246 1.0
33.0 24.0 24.0 107.86694 87.25323 149.14727 265.0
33.0 24.0 33.0 97.26166 49.91279 149.23246 265.0
33.0 26.0 26.0 132.08603 45.11078 139.11812 593.0
33.0 26.0 33.0 97.26166 49.91279 149.23246 593.0
33.0 28.0 28.0 84.3638 38.92193 143.14466 849.0
33.0 28.0 33.0 97.26166 49.91279 149.23246 849.0
33.0 29.0 29.0 122.60804 20.57111 121.19919 113.0
33.0 29.0 33.0 97.26166 49.91279 149.23246 113.0
33.0 33.0 33.0 97.26166 49.91279 149.23246 1388.0
33.0 33.0 33.0 97.26166 49.91279 149.23246 1388.0
33.0 34.0 34.0 127.7589 111.24666 129.60788 2.0
33.0 34.0 33.0 97.26166 49.91279 149.23246 2.0
33.0 36.0 36.0 51.18288 19.4519 119.66289 3.0
33.0 36.0 33.0 97.26166 49.91279 149.23246 3.0
33.0 37.0 37.0 80.19085 11.076 113.83092 45.0
33.0 37.0 33.0 97.26166 49.91279 149.23246 45.0
33.0 38.0 38.0 88.72924 68.43181 152.61915 764.0
33.0 38.0 33.0 97.26166 49.91279 149.23246 764.0
33.0 42.0 42.0 56.5732 85.19854 144.9432 79.0
33.0 42.0 33.0 97.26166 49.91279 149.23246 79.0
33.0 44.0 44.0 70.23405 22.74478 131.36008 61.0
33.0 44.0 33.0 97.26166 49.91279 149.23246 61.0
33.0 47.0 47.0 164.1854 62.7995 126.1245 2.0
33.0 47.0 33.0 97.26166 49.91279 149.23246 2.0
34.0 4.0 4.0 72.05373 108.40144 139.66452 450.0
34.0 4.0 34.0 127.7589 111.24666 129.60788 450.0
34.0 5.0 5.0 36.11572 130.0241 82.15635 1.0
34.0 5.0 34.0 127.7589 111.24666 129.60788 1.0
34.0 9.0 9.0 78.60203 139.93166 102.60635 317.0
34.0 9.0 34.0 127.7589 111.24666 129.60788 317.0
34.0 12.0 12.0 179.82724 86.32227 84.7058 58.0
34.0 12.0 34.0 127.7589 111.24666 129.60788 58.0
34.0 14.0 14.0 128.31843 116.05294 40.2801 1.0
34.0 14.0 34.0 127.7589 111.24666 129.60788 1.0
34.0 24.0 24.0 107.86694 87.25323 149.14727 1392.0
34.0 24.0 34.0 127.7589 111.24666 129.60788 1392.0
34.0 25.0 25.0 182.85782 63.96971 100.20267 11.0
34.0 25.0 34.0 127.7589 111.24666 129.60788 11.0
34.0 26.0 26.0 132.08603 45.11078 139.11812 165.0
34.0 26.0 34.0 127.7589 111.24666 129.60788 165.0
34.0 30.0 30.0 88.34838 139.9312 62.63932 43.0
34.0 30.0 34.0 127.7589 111.24666 129.60788 43.0
34.0 32.0 32.0 156.93935 89.13839 57.99452 2.0
34.0 32.0 34.0 127.7589 111.24666 129.60788 2.0
34.0 33.0 33.0 97.26166 49.91279 149.23246 5.0
34.0 33.0 34.0 127.7589 111.24666 129.60788 5.0
34.0 34.0 34.0 127.7589 111.24666 129.60788 9014.0
34.0 34.0 34.0 127.7589 111.24666 129.60788 9014.0
34.0 35.0 35.0 147.8015 121.13916 95.65572 1321.0
34.0 35.0 34.0 127.7589 111.24666 129.60788 1321.0
34.0 38.0 38.0 88.72924 68.43181 152.61915 23.0
34.0 38.0 34.0 127.7589 111.24666 129.60788 23.0
34.0 41.0 41.0 59.86146 126.05523 122.50982 228.0
34.0 41.0 34.0 127.7589 111.24666 129.60788 228.0
34.0 42.0 42.0 56.5732 85.19854 144.9432 4.0
34.0 42.0 34.0 127.7589 111.24666 129.60788 4.0
34.0 43.0 43.0 101.77711 137.70192 99.19042 767.0
34.0 43.0 34.0 127.7589 111.24666 129.60788 767.0
34.0 46.0 46.0 114.4916 130.25842 52.7047 5.0
34.0 46.0 34.0 127.7589 111.24666 129.60788 5.0
34.0 47.0 47.0 164.1854 62.7995 126.1245 634.0
34.0 47.0 34.0 127.7589 111.24666 129.60788 634.0
35.0 8.0 8.0 108.18049 86.00539 38.6776 4.0
35.0 8.0 35.0 147.8015 121.13916 95.65572 4.0
35.0 9.0 9.0 78.60203 139.93166 102.60635 8.0
35.0 9.0 35.0 147.8015 121.13916 95.65572 8.0
35.0 12.0 12.0 179.82724 86.32227 84.7058 636.0
35.0 12.0 35.0 147.8015 121.13916 95.65572 636.0
35.0 14.0 14.0 128.31843 116.05294 40.2801 161.0
35.0 14.0 35.0 147.8015 121.13916 95.65572 161.0
35.0 24.0 24.0 107.86694 87.25323 149.14727 3.0
35.0 24.0 35.0 147.8015 121.13916 95.65572 3.0
35.0 25.0 25.0 182.85782 63.96971 100.20267 52.0
35.0 25.0 35.0 147.8015 121.13916 95.65572 52.0
35.0 26.0 26.0 132.08603 45.11078 139.11812 1.0
35.0 26.0 35.0 147.8015 121.13916 95.65572 1.0
35.0 28.0 28.0 84.3638 38.92193 143.14466 2.0
35.0 28.0 35.0 147.8015 121.13916 95.65572 2.0
35.0 30.0 30.0 88.34838 139.9312 62.63932 363.0
35.0 30.0 35.0 147.8015 121.13916 95.65572 363.0
35.0 32.0 32.0 156.93935 89.13839 57.99452 520.0
35.0 32.0 35.0 147.8015 121.13916 95.65572 520.0
35.0 34.0 34.0 127.7589 111.24666 129.60788 1360.0
35.0 34.0 35.0 147.8015 121.13916 95.65572 1360.0
35.0 35.0 35.0 147.8015 121.13916 95.65572 6091.0
35.0 35.0 35.0 147.8015 121.13916 95.65572 6091.0
35.0 41.0 41.0 59.86146 126.05523 122.50982 1.0
35.0 41.0 35.0 147.8015 121.13916 95.65572 1.0
35.0 43.0 43.0 101.77711 137.70192 99.19042 461.0
35.0 43.0 35.0 147.8015 121.13916 95.65572 461.0
35.0 46.0 46.0 114.4916 130.25842 52.7047 616.0
35.0 46.0 35.0 147.8015 121.13916 95.65572 616.0
35.0 47.0 47.0 164.1854 62.7995 126.1245 174.0
35.0 47.0 35.0 147.8015 121.13916 95.65572 174.0
36.0 0.0 0.0 55.12995 48.92315 141.99932 243.0
36.0 0.0 36.0 51.18288 19.4519 119.66289 243.0
36.0 2.0 2.0 27.36274 25.36352 87.69504 259.0
36.0 2.0 36.0 51.18288 19.4519 119.66289 259.0
36.0 3.0 3.0 83.18205 3.83212 88.04137 88.0
36.0 3.0 36.0 51.18288 19.4519 119.66289 88.0
36.0 8.0 8.0 108.18049 86.00539 38.6776 1.0
36.0 8.0 36.0 51.18288 19.4519 119.66289 1.0
36.0 10.0 10.0 97.04019 3.92008 61.06491 1.0
36.0 10.0 36.0 51.18288 19.4519 119.66289 1.0
36.0 11.0 11.0 48.52693 14.1201 56.48295 35.0
36.0 11.0 36.0 51.18288 19.4519 119.66289 35.0
36.0 13.0 13.0 21.79682 31.14974 56.41381 2.0
36.0 13.0 36.0 51.18288 19.4519 119.66289 2.0
36.0 16.0 16.0 37.10008 39.09088 124.68955 553.0
36.0 16.0 36.0 51.18288 19.4519 119.66289 553.0
36.0 22.0 22.0 25.06776 79.98675 119.43221 6.0
36.0 22.0 36.0 51.18288 19.4519 119.66289 6.0
36.0 27.0 27.0 18.7613 45.33576 103.80812 56.0
36.0 27.0 36.0 51.18288 19.4519 119.66289 56.0
36.0 28.0 28.0 84.3638 38.92193 143.14466 38.0
36.0 28.0 36.0 51.18288 19.4519 119.66289 38.0
36.0 33.0 33.0 97.26166 49.91279 149.23246 2.0
36.0 33.0 36.0 51.18288 19.4519 119.66289 2.0
36.0 36.0 36.0 51.18288 19.4519 119.66289 766.0
36.0 36.0 36.0 51.18288 19.4519 119.66289 766.0
36.0 37.0 37.0 80.19085 11.076 113.83092 465.0
36.0 37.0 36.0 51.18288 19.4519 119.66289 465.0
36.0 44.0 44.0 70.23405 22.74478 131.36008 422.0
36.0 44.0 36.0 51.18288 19.4519 119.66289 422.0
37.0 0.0 0.0 55.12995 48.92315 141.99932 48.0
37.0 0.0 37.0 80.19085 11.076 113.83092 48.0
37.0 2.0 2.0 27.36274 25.36352 87.69504 209.0
37.0 2.0 37.0 80.19085 11.076 113.83092 209.0
37.0 3.0 3.0 83.18205 3.83212 88.04137 1340.0
37.0 3.0 37.0 80.19085 11.076 113.83092 1340.0
37.0 7.0 7.0 121.68308 13.45556 56.88925 3.0
37.0 7.0 37.0 80.19085 11.076 113.83092 3.0
37.0 10.0 10.0 97.04019 3.92008 61.06491 22.0
37.0 10.0 37.0 80.19085 11.076 113.83092 22.0
37.0 11.0 11.0 48.52693 14.1201 56.48295 129.0
37.0 11.0 37.0 80.19085 11.076 113.83092 129.0
37.0 13.0 13.0 21.79682 31.14974 56.41381 1.0
37.0 13.0 37.0 80.19085 11.076 113.83092 1.0
37.0 16.0 16.0 37.10008 39.09088 124.68955 96.0
37.0 16.0 37.0 80.19085 11.076 113.83092 96.0
37.0 17.0 17.0 122.85641 11.01614 94.58604 296.0
37.0 17.0 37.0 80.19085 11.076 113.83092 296.0
37.0 18.0 18.0 159.20192 24.80047 93.78049 1.0
37.0 18.0 37.0 80.19085 11.076 113.83092 1.0
37.0 19.0 19.0 66.40159 15.81662 45.31524 8.0
37.0 19.0 37.0 80.19085 11.076 113.83092 8.0
37.0 26.0 26.0 132.08603 45.11078 139.11812 59.0
37.0 26.0 37.0 80.19085 11.076 113.83092 59.0
37.0 27.0 27.0 18.7613 45.33576 103.80812 7.0
37.0 27.0 37.0 80.19085 11.076 113.83092 7.0
37.0 28.0 28.0 84.3638 38.92193 143.14466 378.0
37.0 28.0 37.0 80.19085 11.076 113.83092 378.0
37.0 29.0 29.0 122.60804 20.57111 121.19919 631.0
37.0 29.0 37.0 80.19085 11.076 113.83092 631.0
37.0 33.0 33.0 97.26166 49.91279 149.23246 59.0
37.0 33.0 37.0 80.19085 11.076 113.83092 59.0
37.0 36.0 36.0 51.18288 19.4519 119.66289 484.0
37.0 36.0 37.0 80.19085 11.076 113.83092 484.0
37.0 37.0 37.0 80.19085 11.076 113.83092 4168.0
37.0 37.0 37.0 80.19085 11.076 113.83092 4168.0
37.0 38.0 38.0 88.72924 68.43181 152.61915 1.0
37.0 38.0 37.0 80.19085 11.076 113.83092 1.0
37.0 40.0 40.0 83.25661 23.56163 42.38914 1.0
37.0 40.0 37.0 80.19085 11.076 113.83092 1.0
37.0 42.0 42.0 56.5732 85.19854 144.9432 1.0
37.0 42.0 37.0 80.19085 11.076 113.83092 1.0
37.0 44.0 44.0 70.23405 22.74478 131.36008 762.0
37.0 44.0 37.0 80.19085 11.076 113.83092 762.0
38.0 0.0 0.0 55.12995 48.92315 141.99932 212.0
38.0 0.0 38.0 88.72924 68.43181 152.61915 212.0
38.0 2.0 2.0 27.36274 25.36352 87.69504 1.0
38.0 2.0 38.0 88.72924 68.43181 152.61915 1.0
38.0 4.0 4.0 72.05373 108.40144 139.66452 126.0
38.0 4.0 38.0 88.72924 68.43181 152.61915 126.0
38.0 16.0 16.0 37.10008 39.09088 124.68955 5.0
38.0 16.0 38.0 88.72924 68.43181 152.61915 5.0
38.0 22.0 22.0 25.06776 79.98675 119.43221 13.0
38.0 22.0 38.0 88.72924 68.43181 152.61915 13.0
38.0 24.0 24.0 107.86694 87.25323 149.14727 1020.0
38.0 24.0 38.0 88.72924 68.43181 152.61915 1020.0
38.0 26.0 26.0 132.08603 45.11078 139.11812 210.0
38.0 26.0 38.0 88.72924 68.43181 152.61915 210.0
38.0 28.0 28.0 84.3638 38.92193 143.14466 316.0
38.0 28.0 38.0 88.72924 68.43181 152.61915 316.0
38.0 29.0 29.0 122.60804 20.57111 121.19919 2.0
38.0 29.0 38.0 88.72924 68.43181 152.61915 2.0
38.0 33.0 33.0 97.26166 49.91279 149.23246 797.0
38.0 33.0 38.0 88.72924 68.43181 152.61915 797.0
38.0 34.0 34.0 127.7589 111.24666 129.60788 24.0
38.0 34.0 38.0 88.72924 68.43181 152.61915 24.0
38.0 36.0 36.0 51.18288 19.4519 119.66289 2.0
38.0 36.0 38.0 88.72924 68.43181 152.61915 2.0
38.0 37.0 37.0 80.19085 11.076 113.83092 1.0
38.0 37.0 38.0 88.72924 68.43181 152.61915 1.0
38.0 38.0 38.0 88.72924 68.43181 152.61915 1661.0
38.0 38.0 38.0 88.72924 68.43181 152.61915 1661.0
38.0 41.0 41.0 59.86146 126.05523 122.50982 2.0
38.0 41.0 38.0 88.72924 68.43181 152.61915 2.0
38.0 42.0 42.0 56.5732 85.19854 144.9432 596.0
38.0 42.0 38.0 88.72924 68.43181 152.61915 596.0
38.0 44.0 44.0 70.23405 22.74478 131.36008 7.0
38.0 44.0 38.0 88.72924 68.43181 152.61915 7.0
38.0 47.0 47.0 164.1854 62.7995 126.1245 3.0
38.0 47.0 38.0 88.72924 68.43181 152.61915 3.0
39.0 1.0 1.0 66.25279 89.23374 7.4585 135.0
39.0 1.0 39.0 21.82451 50.13104 32.78885 135.0
39.0 2.0 2.0 27.36274 25.36352 87.69504 79.0
39.0 2.0 39.0 21.82451 50.13104 32.78885 79.0
39.0 5.0 5.0 36.11572 130.0241 82.15635 2.0
39.0 5.0 39.0 21.82451 50.13104 32.78885 2.0
39.0 6.0 6.0 5.47045 84.77089 74.40096 758.0
39.0 6.0 39.0 21.82451 50.13104 32.78885 758.0
39.0 8.0 8.0 108.18049 86.00539 38.6776 2.0
39.0 8.0 39.0 21.82451 50.13104 32.78885 2.0
39.0 11.0 11.0 48.52693 14.1201 56.48295 459.0
39.0 11.0 39.0 21.82451 50.13104 32.78885 459.0
39.0 12.0 12.0 179.82724 86.32227 84.7058 1.0
39.0 12.0 39.0 21.82451 50.13104 32.78885 1.0
39.0 13.0 13.0 21.79682 31.14974 56.41381 943.0
39.0 13.0 39.0 21.82451 50.13104 32.78885 943.0
39.0 19.0 19.0 66.40159 15.81662 45.31524 130.0
39.0 19.0 39.0 21.82451 50.13104 32.78885 130.0
39.0 20.0 20.0 85.01176 53.74421 22.22488 263.0
39.0 20.0 39.0 21.82451 50.13104 32.78885 263.0
39.0 21.0 21.0 28.24653 78.15011 19.30912 1115.0
39.0 21.0 39.0 21.82451 50.13104 32.78885 1115.0
39.0 27.0 27.0 18.7613 45.33576 103.80812 10.0
39.0 27.0 39.0 21.82451 50.13104 32.78885 10.0
39.0 39.0 39.0 21.82451 50.13104 32.78885 5152.0
39.0 39.0 39.0 21.82451 50.13104 32.78885 5152.0
39.0 40.0 40.0 83.25661 23.56163 42.38914 15.0
39.0 40.0 39.0 21.82451 50.13104 32.78885 15.0
39.0 45.0 45.0 35.11008 116.38952 28.55631 50.0
39.0 45.0 39.0 21.82451 50.13104 32.78885 50.0
40.0 1.0 1.0 66.25279 89.23374 7.4585 5.0
40.0 1.0 40.0 83.25661 23.56163 42.38914 5.0
40.0 2.0 2.0 27.36274 25.36352 87.69504 1.0
40.0 2.0 40.0 83.25661 23.56163 42.38914 1.0
40.0 3.0 3.0 83.18205 3.83212 88.04137 67.0
40.0 3.0 40.0 83.25661 23.56163 42.38914 67.0
40.0 7.0 7.0 121.68308 13.45556 56.88925 124.0
40.0 7.0 40.0 83.25661 23.56163 42.38914 124.0
40.0 8.0 8.0 108.18049 86.00539 38.6776 11.0
40.0 8.0 40.0 83.25661 23.56163 42.38914 11.0
40.0 10.0 10.0 97.04019 3.92008 61.06491 663.0
40.0 10.0 40.0 83.25661 23.56163 42.38914 663.0
40.0 11.0 11.0 48.52693 14.1201 56.48295 273.0
40.0 11.0 40.0 83.25661 23.56163 42.38914 273.0
40.0 13.0 13.0 21.79682 31.14974 56.41381 3.0
40.0 13.0 40.0 83.25661 23.56163 42.38914 3.0
40.0 15.0 15.0 145.15275 26.61829 64.66049 4.0
40.0 15.0 40.0 83.25661 23.56163 42.38914 4.0
40.0 17.0 17.0 122.85641 11.01614 94.58604 3.0
40.0 17.0 40.0 83.25661 23.56163 42.38914 3.0
40.0 19.0 19.0 66.40159 15.81662 45.31524 790.0
40.0 19.0 40.0 83.25661 23.56163 42.38914 790.0
40.0 20.0 20.0 85.01176 53.74421 22.22488 919.0
40.0 20.0 40.0 83.25661 23.56163 42.38914 919.0
40.0 21.0 21.0 28.24653 78.15011 19.30912 5.0
40.0 21.0 40.0 83.25661 23.56163 42.38914 5.0
40.0 31.0 31.0 121.6572 38.94059 36.0886 583.0
40.0 31.0 40.0 83.25661 23.56163 42.38914 583.0
40.0 37.0 37.0 80.19085 11.076 113.83092 3.0
40.0 37.0 40.0 83.25661 23.56163 42.38914 3.0
40.0 39.0 39.0 21.82451 50.13104 32.78885 18.0
40.0 39.0 40.0 83.25661 23.56163 42.38914 18.0
40.0 40.0 40.0 83.25661 23.56163 42.38914 2285.0
40.0 40.0 40.0 83.25661 23.56163 42.38914 2285.0
41.0 0.0 0.0 55.12995 48.92315 141.99932 1.0
41.0 0.0 41.0 59.86146 126.05523 122.50982 1.0
41.0 4.0 4.0 72.05373 108.40144 139.66452 1499.0
41.0 4.0 41.0 59.86146 126.05523 122.50982 1499.0
41.0 5.0 5.0 36.11572 130.0241 82.15635 1204.0
41.0 5.0 41.0 59.86146 126.05523 122.50982 1204.0
41.0 6.0 6.0 5.47045 84.77089 74.40096 7.0
41.0 6.0 41.0 59.86146 126.05523 122.50982 7.0
41.0 9.0 9.0 78.60203 139.93166 102.60635 1092.0
41.0 9.0 41.0 59.86146 126.05523 122.50982 1092.0
41.0 13.0 13.0 21.79682 31.14974 56.41381 1.0
41.0 13.0 41.0 59.86146 126.05523 122.50982 1.0
41.0 22.0 22.0 25.06776 79.98675 119.43221 337.0
41.0 22.0 41.0 59.86146 126.05523 122.50982 337.0
41.0 24.0 24.0 107.86694 87.25323 149.14727 51.0
41.0 24.0 41.0 59.86146 126.05523 122.50982 51.0
41.0 28.0 28.0 84.3638 38.92193 143.14466 1.0
41.0 28.0 41.0 59.86146 126.05523 122.50982 1.0
41.0 30.0 30.0 88.34838 139.9312 62.63932 14.0
41.0 30.0 41.0 59.86146 126.05523 122.50982 14.0
41.0 34.0 34.0 127.7589 111.24666 129.60788 237.0
41.0 34.0 41.0 59.86146 126.05523 122.50982 237.0
41.0 38.0 38.0 88.72924 68.43181 152.61915 2.0
41.0 38.0 41.0 59.86146 126.05523 122.50982 2.0
41.0 41.0 41.0 59.86146 126.05523 122.50982 4703.0
41.0 41.0 41.0 59.86146 126.05523 122.50982 4703.0
41.0 42.0 42.0 56.5732 85.19854 144.9432 205.0
41.0 42.0 41.0 59.86146 126.05523 122.50982 205.0
41.0 43.0 43.0 101.77711 137.70192 99.19042 187.0
41.0 43.0 41.0 59.86146 126.05523 122.50982 187.0
42.0 0.0 0.0 55.12995 48.92315 141.99932 490.0
42.0 0.0 42.0 56.5732 85.19854 144.9432 490.0
42.0 4.0 4.0 72.05373 108.40144 139.66452 1120.0
42.0 4.0 42.0 56.5732 85.19854 144.9432 1120.0
42.0 5.0 5.0 36.11572 130.0241 82.15635 27.0
42.0 5.0 42.0 56.5732 85.19854 144.9432 27.0
42.0 7.0 7.0 121.68308 13.45556 56.88925 1.0
42.0 7.0 42.0 56.5732 85.19854 144.9432 1.0
42.0 16.0 16.0 37.10008 39.09088 124.68955 80.0
42.0 16.0 42.0 56.5732 85.19854 144.9432 80.0
42.0 22.0 22.0 25.06776 79.98675 119.43221 864.0
42.0 22.0 42.0 56.5732 85.19854 144.9432 864.0
42.0 24.0 24.0 107.86694 87.25323 149.14727 263.0
42.0 24.0 42.0 56.5732 85.19854 144.9432 263.0
42.0 27.0 27.0 18.7613 45.33576 103.80812 1.0
42.0 27.0 42.0 56.5732 85.19854 144.9432 1.0
42.0 28.0 28.0 84.3638 38.92193 143.14466 100.0
42.0 28.0 42.0 56.5732 85.19854 144.9432 100.0
42.0 33.0 33.0 97.26166 49.91279 149.23246 82.0
42.0 33.0 42.0 56.5732 85.19854 144.9432 82.0
42.0 34.0 34.0 127.7589 111.24666 129.60788 3.0
42.0 34.0 42.0 56.5732 85.19854 144.9432 3.0
42.0 36.0 36.0 51.18288 19.4519 119.66289 2.0
42.0 36.0 42.0 56.5732 85.19854 144.9432 2.0
42.0 37.0 37.0 80.19085 11.076 113.83092 1.0
42.0 37.0 42.0 56.5732 85.19854 144.9432 1.0
42.0 38.0 38.0 88.72924 68.43181 152.61915 585.0
42.0 38.0 42.0 56.5732 85.19854 144.9432 585.0
42.0 41.0 41.0 59.86146 126.05523 122.50982 208.0
42.0 41.0 42.0 56.5732 85.19854 144.9432 208.0
42.0 42.0 42.0 56.5732 85.19854 144.9432 2997.0
42.0 42.0 42.0 56.5732 85.19854 144.9432 2997.0
42.0 44.0 44.0 70.23405 22.74478 131.36008 2.0
42.0 44.0 42.0 56.5732 85.19854 144.9432 2.0
43.0 4.0 4.0 72.05373 108.40144 139.66452 38.0
43.0 4.0 43.0 101.77711 137.70192 99.19042 38.0
43.0 5.0 5.0 36.11572 130.0241 82.15635 39.0
43.0 5.0 43.0 101.77711 137.70192 99.19042 39.0
43.0 8.0 8.0 108.18049 86.00539 38.6776 1.0
43.0 8.0 43.0 101.77711 137.70192 99.19042 1.0
43.0 9.0 9.0 78.60203 139.93166 102.60635 1088.0
43.0 9.0 43.0 101.77711 137.70192 99.19042 1088.0
43.0 24.0 24.0 107.86694 87.25323 149.14727 9.0
43.0 24.0 43.0 101.77711 137.70192 99.19042 9.0
43.0 30.0 30.0 88.34838 139.9312 62.63932 1107.0
43.0 30.0 43.0 101.77711 137.70192 99.19042 1107.0
43.0 34.0 34.0 127.7589 111.24666 129.60788 765.0
43.0 34.0 43.0 101.77711 137.70192 99.19042 765.0
43.0 35.0 35.0 147.8015 121.13916 95.65572 448.0
43.0 35.0 43.0 101.77711 137.70192 99.19042 448.0
43.0 37.0 37.0 80.19085 11.076 113.83092 1.0
43.0 37.0 43.0 101.77711 137.70192 99.19042 1.0
43.0 41.0 41.0 59.86146 126.05523 122.50982 151.0
43.0 41.0 43.0 101.77711 137.70192 99.19042 151.0
43.0 43.0 43.0 101.77711 137.70192 99.19042 2444.0
43.0 43.0 43.0 101.77711 137.70192 99.19042 2444.0
43.0 45.0 45.0 35.11008 116.38952 28.55631 1.0
43.0 45.0 43.0 101.77711 137.70192 99.19042 1.0
43.0 46.0 46.0 114.4916 130.25842 52.7047 99.0
43.0 46.0 43.0 101.77711 137.70192 99.19042 99.0
44.0 0.0 0.0 55.12995 48.92315 141.99932 327.0
44.0 0.0 44.0 70.23405 22.74478 131.36008 327.0
44.0 2.0 2.0 27.36274 25.36352 87.69504 19.0
44.0 2.0 44.0 70.23405 22.74478 131.36008 19.0
44.0 3.0 3.0 83.18205 3.83212 88.04137 31.0
44.0 3.0 44.0 70.23405 22.74478 131.36008 31.0
44.0 6.0 6.0 5.47045 84.77089 74.40096 1.0
44.0 6.0 44.0 70.23405 22.74478 131.36008 1.0
44.0 11.0 11.0 48.52693 14.1201 56.48295 1.0
44.0 11.0 44.0 70.23405 22.74478 131.36008 1.0
44.0 16.0 16.0 37.10008 39.09088 124.68955 113.0
44.0 16.0 44.0 70.23405 22.74478 131.36008 113.0
44.0 22.0 22.0 25.06776 79.98675 119.43221 1.0
44.0 22.0 44.0 70.23405 22.74478 131.36008 1.0
44.0 24.0 24.0 107.86694 87.25323 149.14727 1.0
44.0 24.0 44.0 70.23405 22.74478 131.36008 1.0
44.0 26.0 26.0 132.08603 45.11078 139.11812 8.0
44.0 26.0 44.0 70.23405 22.74478 131.36008 8.0
44.0 27.0 27.0 18.7613 45.33576 103.80812 3.0
44.0 27.0 44.0 70.23405 22.74478 131.36008 3.0
44.0 28.0 28.0 84.3638 38.92193 143.14466 455.0
44.0 28.0 44.0 70.23405 22.74478 131.36008 455.0
44.0 29.0 29.0 122.60804 20.57111 121.19919 53.0
44.0 29.0 44.0 70.23405 22.74478 131.36008 53.0
44.0 33.0 33.0 97.26166 49.91279 149.23246 53.0
44.0 33.0 44.0 70.23405 22.74478 131.36008 53.0
44.0 36.0 36.0 51.18288 19.4519 119.66289 439.0
44.0 36.0 44.0 70.23405 22.74478 131.36008 439.0
44.0 37.0 37.0 80.19085 11.076 113.83092 770.0
44.0 37.0 44.0 70.23405 22.74478 131.36008 770.0
44.0 38.0 38.0 88.72924 68.43181 152.61915 15.0
44.0 38.0 44.0 70.23405 22.74478 131.36008 15.0
44.0 40.0 40.0 83.25661 23.56163 42.38914 1.0
44.0 40.0 44.0 70.23405 22.74478 131.36008 1.0
44.0 41.0 41.0 59.86146 126.05523 122.50982 1.0
44.0 41.0 44.0 70.23405 22.74478 131.36008 1.0
44.0 42.0 42.0 56.5732 85.19854 144.9432 2.0
44.0 42.0 44.0 70.23405 22.74478 131.36008 2.0
44.0 44.0 44.0 70.23405 22.74478 131.36008 944.0
44.0 44.0 44.0 70.23405 22.74478 131.36008 944.0
45.0 1.0 1.0 66.25279 89.23374 7.4585 989.0
45.0 1.0 45.0 35.11008 116.38952 28.55631 989.0
45.0 5.0 5.0 36.11572 130.0241 82.15635 1036.0
45.0 5.0 45.0 35.11008 116.38952 28.55631 1036.0
45.0 6.0 6.0 5.47045 84.77089 74.40096 544.0
45.0 6.0 45.0 35.11008 116.38952 28.55631 544.0
45.0 8.0 8.0 108.18049 86.00539 38.6776 53.0
45.0 8.0 45.0 35.11008 116.38952 28.55631 53.0
45.0 9.0 9.0 78.60203 139.93166 102.60635 1.0
45.0 9.0 45.0 35.11008 116.38952 28.55631 1.0
45.0 14.0 14.0 128.31843 116.05294 40.2801 1.0
45.0 14.0 45.0 35.11008 116.38952 28.55631 1.0
45.0 20.0 20.0 85.01176 53.74421 22.22488 2.0
45.0 20.0 45.0 35.11008 116.38952 28.55631 2.0
45.0 21.0 21.0 28.24653 78.15011 19.30912 992.0
45.0 21.0 45.0 35.11008 116.38952 28.55631 992.0
45.0 22.0 22.0 25.06776 79.98675 119.43221 1.0
45.0 22.0 45.0 35.11008 116.38952 28.55631 1.0
45.0 30.0 30.0 88.34838 139.9312 62.63932 434.0
45.0 30.0 45.0 35.11008 116.38952 28.55631 434.0
45.0 39.0 39.0 21.82451 50.13104 32.78885 39.0
45.0 39.0 45.0 35.11008 116.38952 28.55631 39.0
45.0 45.0 45.0 35.11008 116.38952 28.55631 7015.0
45.0 45.0 45.0 35.11008 116.38952 28.55631 7015.0
45.0 46.0 46.0 114.4916 130.25842 52.7047 27.0
45.0 46.0 45.0 35.11008 116.38952 28.55631 27.0
46.0 1.0 1.0 66.25279 89.23374 7.4585 65.0
46.0 1.0 46.0 114.4916 130.25842 52.7047 65.0
46.0 5.0 5.0 36.11572 130.0241 82.15635 4.0
46.0 5.0 46.0 114.4916 130.25842 52.7047 4.0
46.0 8.0 8.0 108.18049 86.00539 38.6776 554.0
46.0 8.0 46.0 114.4916 130.25842 52.7047 554.0
46.0 9.0 9.0 78.60203 139.93166 102.60635 5.0
46.0 9.0 46.0 114.4916 130.25842 52.7047 5.0
46.0 12.0 12.0 179.82724 86.32227 84.7058 3.0
46.0 12.0 46.0 114.4916 130.25842 52.7047 3.0
46.0 14.0 14.0 128.31843 116.05294 40.2801 1499.0
46.0 14.0 46.0 114.4916 130.25842 52.7047 1499.0
46.0 30.0 30.0 88.34838 139.9312 62.63932 1811.0
46.0 30.0 46.0 114.4916 130.25842 52.7047 1811.0
46.0 31.0 31.0 121.6572 38.94059 36.0886 1.0
46.0 31.0 46.0 114.4916 130.25842 52.7047 1.0
46.0 32.0 32.0 156.93935 89.13839 57.99452 161.0
46.0 32.0 46.0 114.4916 130.25842 52.7047 161.0
46.0 34.0 34.0 127.7589 111.24666 129.60788 6.0
46.0 34.0 46.0 114.4916 130.25842 52.7047 6.0
46.0 35.0 35.0 147.8015 121.13916 95.65572 620.0
46.0 35.0 46.0 114.4916 130.25842 52.7047 620.0
46.0 43.0 43.0 101.77711 137.70192 99.19042 79.0
46.0 43.0 46.0 114.4916 130.25842 52.7047 79.0
46.0 45.0 45.0 35.11008 116.38952 28.55631 32.0
46.0 45.0 46.0 114.4916 130.25842 52.7047 32.0
46.0 46.0 46.0 114.4916 130.25842 52.7047 3694.0
46.0 46.0 46.0 114.4916 130.25842 52.7047 3694.0
47.0 12.0 12.0 179.82724 86.32227 84.7058 212.0
47.0 12.0 47.0 164.1854 62.7995 126.1245 212.0
47.0 15.0 15.0 145.15275 26.61829 64.66049 6.0
47.0 15.0 47.0 164.1854 62.7995 126.1245 6.0
47.0 17.0 17.0 122.85641 11.01614 94.58604 14.0
47.0 17.0 47.0 164.1854 62.7995 126.1245 14.0
47.0 18.0 18.0 159.20192 24.80047 93.78049 347.0
47.0 18.0 47.0 164.1854 62.7995 126.1245 347.0
47.0 23.0 23.0 173.49273 43.48986 77.05073 191.0
47.0 23.0 47.0 164.1854 62.7995 126.1245 191.0
47.0 24.0 24.0 107.86694 87.25323 149.14727 121.0
47.0 24.0 47.0 164.1854 62.7995 126.1245 121.0
47.0 25.0 25.0 182.85782 63.96971 100.20267 627.0
47.0 25.0 47.0 164.1854 62.7995 126.1245 627.0
47.0 26.0 26.0 132.08603 45.11078 139.11812 979.0
47.0 26.0 47.0 164.1854 62.7995 126.1245 979.0
47.0 29.0 29.0 122.60804 20.57111 121.19919 123.0
47.0 29.0 47.0 164.1854 62.7995 126.1245 123.0
47.0 32.0 32.0 156.93935 89.13839 57.99452 1.0
47.0 32.0 47.0 164.1854 62.7995 126.1245 1.0
47.0 33.0 33.0 97.26166 49.91279 149.23246 3.0
47.0 33.0 47.0 164.1854 62.7995 126.1245 3.0
47.0 34.0 34.0 127.7589 111.24666 129.60788 678.0
47.0 34.0 47.0 164.1854 62.7995 126.1245 678.0
47.0 35.0 35.0 147.8015 121.13916 95.65572 187.0
47.0 35.0 47.0 164.1854 62.7995 126.1245 187.0
47.0 37.0 37.0 80.19085 11.076 113.83092 1.0
47.0 37.0 47.0 164.1854 62.7995 126.1245 1.0
47.0 38.0 38.0 88.72924 68.43181 152.61915 3.0
47.0 38.0 47.0 164.1854 62.7995 126.1245 3.0
47.0 47.0 47.0 164.1854 62.7995 126.1245 4642.0
47.0 47.0 47.0 164.1854 62.7995 126.1245 4642.0
