TargetArea SourceArea Area AvgPosX AvgPosY AvgPosZ SumWeights
0.0 0.0 0.0 55.10566 48.92517 141.99009 2105.0
0.0 0.0 0.0 55.10566 48.92517 141.99009 2105.0
0.0 2.0 2.0 27.32467 25.40477 87.68018 7.0
0.0 2.0 0.0 55.10566 48.92517 141.99009 7.0
0.0 4.0 4.0 72.03725 108.4053 139.65791 11.0
0.0 4.0 0.0 55.10566 48.92517 141.99009 11.0
0.0 5.0 5.0 36.13156 130.02754 82.17171 1.0
0.0 5.0 0.0 55.10566 48.92517 141.99009 1.0
0.0 8.0 8.0 108.17632 86.01596 38.67176 1.0
0.0 8.0 0.0 55.10566 48.92517 141.99009 1.0
0.0 16.0 16.0 37.09432 39.08124 124.6782 794.0
0.0 16.0 0.0 55.10566 48.92517 141.99009 794.0
0.0 22.0 22.0 25.07814 80.02368 119.44054 337.0
0.0 22.0 0.0 55.10566 48.92517 141.99009 337.0
0.0 24.0 24.0 107.87554 87.22757 149.15122 5.0
0.0 24.0 0.0 55.10566 48.92517 141.99009 5.0
0.0 27.0 27.0 18.76138 45.33994 103.80506 19.0
0.0 27.0 0.0 55.10566 48.92517 141.99009 19.0
0.0 28.0 28.0 84.37677 38.91049 143.13776 630.0
0.0 28.0 0.0 55.10566 48.92517 141.99009 630.0
0.0 33.0 33.0 97.26768 49.899 149.23007 144.0
0.0 33.0 0.0 55.10566 48.92517 141.99009 144.0
0.0 36.0 36.0 51.18681 19.46646 119.68086 265.0
0.0 36.0 0.0 55.10566 48.92517 141.99009 265.0
0.0 37.0 37.0 80.17134 11.07348 113.82935 54.0
0.0 37.0 0.0 55.10566 48.92517 141.99009 54.0
0.0 38.0 38.0 88.73579 68.41737 152.61934 213.0
0.0 38.0 0.0 55.10566 48.92517 141.99009 213.0
0.0 41.0 41.0 59.82566 126.03763 122.51442 1.0
0.0 41.0 0.0 55.10566 48.92517 141.99009 1.0
0.0 42.0 42.0 56.57195 85.2013 144.94011 518.0
0.0 42.0 0.0 55.10566 48.92517 141.99009 518.0
0.0 44.0 44.0 70.21081 22.74222 131.35556 335.0
0.0 44.0 0.0 55.10566 48.92517 141.99009 335.0
1.0 1.0 1.0 66.24215 89.21532 7.45106 6216.0
1.0 1.0 1.0 66.24215 89.21532 7.45106 6216.0
1.0 5.0 5.0 36.13156 130.02754 82.17171 9.0
1.0 5.0 1.0 66.24215 89.21532 7.45106 9.0
1.0 8.0 8.0 108.17632 86.01596 38.67176 908.0
1.0 8.0 1.0 66.24215 89.21532 7.45106 908.0
1.0 11.0 11.0 48.5266 14.11363 56.50929 9.0
1.0 11.0 1.0 66.24215 89.21532 7.45106 9.0
1.0 13.0 13.0 21.80159 31.13646 56.41279 2.0
1.0 13.0 1.0 66.24215 89.21532 7.45106 2.0
1.0 14.0 14.0 128.34204 116.05256 40.30091 26.0
1.0 14.0 1.0 66.24215 89.21532 7.45106 26.0
1.0 19.0 19.0 66.392 15.8381 45.29217 15.0
1.0 19.0 1.0 66.24215 89.21532 7.45106 15.0
1.0 20.0 20.0 84.94311 53.73336 22.17617 1199.0
1.0 20.0 1.0 66.24215 89.21532 7.45106 1199.0
1.0 21.0 21.0 28.21237 78.14993 19.34777 844.0
1.0 21.0 1.0 66.24215 89.21532 7.45106 844.0
1.0 30.0 30.0 88.33738 139.93201 62.65451 168.0
1.0 30.0 1.0 66.24215 89.21532 7.45106 168.0
1.0 31.0 31.0 121.63956 38.94475 36.07903 4.0
1.0 31.0 1.0 66.24215 89.21532 7.45106 4.0
1.0 39.0 39.0 21.81235 50.12127 32.80444 141.0
1.0 39.0 1.0 66.24215 89.21532 7.45106 141.0
1.0 40.0 40.0 83.23122 23.54379 42.38986 11.0
1.0 40.0 1.0 66.24215 89.21532 7.45106 11.0
1.0 45.0 45.0 35.10153 116.37332 28.55774 1098.0
1.0 45.0 1.0 66.24215 89.21532 7.45106 1098.0
1.0 46.0 46.0 114.52491 130.25032 52.7292 76.0
1.0 46.0 1.0 66.24215 89.21532 7.45106 76.0
2.0 0.0 0.0 55.10566 48.92517 141.99009 3.0
2.0 0.0 2.0 27.32467 25.40477 87.68018 3.0
2.0 2.0 2.0 27.32467 25.40477 87.68018 3711.0
2.0 2.0 2.0 27.32467 25.40477 87.68018 3711.0
2.0 3.0 3.0 83.12256 3.83484 88.05864 157.0
2.0 3.0 2.0 27.32467 25.40477 87.68018 157.0
2.0 6.0 6.0 5.47484 84.78074 74.41161 271.0
2.0 6.0 2.0 27.32467 25.40477 87.68018 271.0
2.0 11.0 11.0 48.5266 14.11363 56.50929 754.0
2.0 11.0 2.0 27.32467 25.40477 87.68018 754.0
2.0 13.0 13.0 21.80159 31.13646 56.41279 778.0
2.0 13.0 2.0 27.32467 25.40477 87.68018 778.0
2.0 16.0 16.0 37.09432 39.08124 124.6782 416.0
2.0 16.0 2.0 27.32467 25.40477 87.68018 416.0
2.0 19.0 19.0 66.392 15.8381 45.29217 4.0
2.0 19.0 2.0 27.32467 25.40477 87.68018 4.0
2.0 20.0 20.0 84.94311 53.73336 22.17617 1.0
2.0 20.0 2.0 27.32467 25.40477 87.68018 1.0
2.0 21.0 21.0 28.21237 78.14993 19.34777 1.0
2.0 21.0 2.0 27.32467 25.40477 87.68018 1.0
2.0 22.0 22.0 25.07814 80.02368 119.44054 43.0
2.0 22.0 2.0 27.32467 25.40477 87.68018 43.0
2.0 27.0 27.0 18.76138 45.33994 103.80506 894.0
2.0 27.0 2.0 27.32467 25.40477 87.68018 894.0
2.0 28.0 28.0 84.37677 38.91049 143.13776 1.0
2.0 28.0 2.0 27.32467 25.40477 87.68018 1.0
2.0 36.0 36.0 51.18681 19.46646 119.68086 292.0
2.0 36.0 2.0 27.32467 25.40477 87.68018 292.0
2.0 37.0 37.0 80.17134 11.07348 113.82935 267.0
2.0 37.0 2.0 27.32467 25.40477 87.68018 267.0
2.0 39.0 39.0 21.81235 50.12127 32.80444 77.0
2.0 39.0 2.0 27.32467 25.40477 87.68018 77.0
2.0 44.0 44.0 70.21081 22.74222 131.35556 14.0
2.0 44.0 2.0 27.32467 25.40477 87.68018 14.0
3.0 2.0 2.0 27.32467 25.40477 87.68018 157.0
3.0 2.0 3.0 83.12256 3.83484 88.05864 157.0
3.0 3.0 3.0 83.12256 3.83484 88.05864 3920.0
3.0 3.0 3.0 83.12256 3.83484 88.05864 3920.0
3.0 7.0 7.0 121.68479 13.45432 56.9026 126.0
3.0 7.0 3.0 83.12256 3.83484 88.05864 126.0
3.0 10.0 10.0 97.03308 3.9167 61.07235 922.0
3.0 10.0 3.0 83.12256 3.83484 88.05864 922.0
3.0 11.0 11.0 48.5266 14.11363 56.50929 620.0
3.0 11.0 3.0 83.12256 3.83484 88.05864 620.0
3.0 13.0 13.0 21.80159 31.13646 56.41279 2.0
3.0 13.0 3.0 83.12256 3.83484 88.05864 2.0
3.0 15.0 15.0 145.13552 26.59928 64.64762 9.0
3.0 15.0 3.0 83.12256 3.83484 88.05864 9.0
3.0 16.0 16.0 37.09432 39.08124 124.6782 8.0
3.0 16.0 3.0 83.12256 3.83484 88.05864 8.0
3.0 17.0 17.0 122.84445 11.01033 94.56503 637.0
3.0 17.0 3.0 83.12256 3.83484 88.05864 637.0
3.0 19.0 19.0 66.392 15.8381 45.29217 247.0
3.0 19.0 3.0 83.12256 3.83484 88.05864 247.0
3.0 27.0 27.0 18.76138 45.33994 103.80506 2.0
3.0 27.0 3.0 83.12256 3.83484 88.05864 2.0
3.0 28.0 28.0 84.37677 38.91049 143.13776 4.0
3.0 28.0 3.0 83.12256 3.83484 88.05864 4.0
3.0 29.0 29.0 122.60668 20.56687 121.19194 141.0
3.0 29.0 3.0 83.12256 3.83484 88.05864 141.0
3.0 31.0 31.0 121.63956 38.94475 36.07903 2.0
3.0 31.0 3.0 83.12256 3.83484 88.05864 2.0
3.0 33.0 33.0 97.26768 49.899 149.23007 1.0
3.0 33.0 3.0 83.12256 3.83484 88.05864 1.0
3.0 36.0 36.0 51.18681 19.46646 119.68086 82.0
3.0 36.0 3.0 83.12256 3.83484 88.05864 82.0
3.0 37.0 37.0 80.17134 11.07348 113.82935 1413.0
3.0 37.0 3.0 83.12256 3.83484 88.05864 1413.0
3.0 40.0 40.0 83.23122 23.54379 42.38986 78.0
3.0 40.0 3.0 83.12256 3.83484 88.05864 78.0
3.0 44.0 44.0 70.21081 22.74222 131.35556 32.0
3.0 44.0 3.0 83.12256 3.83484 88.05864 32.0
4.0 0.0 0.0 55.10566 48.92517 141.99009 8.0
4.0 0.0 4.0 72.03725 108.4053 139.65791 8.0
4.0 4.0 4.0 72.03725 108.4053 139.65791 3603.0
4.0 4.0 4.0 72.03725 108.4053 139.65791 3603.0
4.0 5.0 5.0 36.13156 130.02754 82.17171 50.0
4.0 5.0 4.0 72.03725 108.4053 139.65791 50.0
4.0 6.0 6.0 5.47484 84.78074 74.41161 2.0
4.0 6.0 4.0 72.03725 108.4053 139.65791 2.0
4.0 9.0 9.0 78.59947 139.91969 102.65232 155.0
4.0 9.0 4.0 72.03725 108.4053 139.65791 155.0
4.0 22.0 22.0 25.07814 80.02368 119.44054 257.0
4.0 22.0 4.0 72.03725 108.4053 139.65791 257.0
4.0 24.0 24.0 107.87554 87.22757 149.15122 836.0
4.0 24.0 4.0 72.03725 108.4053 139.65791 836.0
4.0 28.0 28.0 84.37677 38.91049 143.13776 2.0
4.0 28.0 4.0 72.03725 108.4053 139.65791 2.0
4.0 33.0 33.0 97.26768 49.899 149.23007 6.0
4.0 33.0 4.0 72.03725 108.4053 139.65791 6.0
4.0 34.0 34.0 127.80058 111.20963 129.62505 475.0
4.0 34.0 4.0 72.03725 108.4053 139.65791 475.0
4.0 37.0 37.0 80.17134 11.07348 113.82935 1.0
4.0 37.0 4.0 72.03725 108.4053 139.65791 1.0
4.0 38.0 38.0 88.73579 68.41737 152.61934 141.0
4.0 38.0 4.0 72.03725 108.4053 139.65791 141.0
4.0 41.0 41.0 59.82566 126.03763 122.51442 1556.0
4.0 41.0 4.0 72.03725 108.4053 139.65791 1556.0
4.0 42.0 42.0 56.57195 85.2013 144.94011 1183.0
4.0 42.0 4.0 72.03725 108.4053 139.65791 1183.0
4.0 43.0 43.0 101.76461 137.71018 99.17126 44.0
4.0 43.0 4.0 72.03725 108.4053 139.65791 44.0
4.0 45.0 45.0 35.10153 116.37332 28.55774 1.0
4.0 45.0 4.0 72.03725 108.4053 139.65791 1.0
5.0 1.0 1.0 66.24215 89.21532 7.45106 9.0
5.0 1.0 5.0 36.13156 130.02754 82.17171 9.0
5.0 4.0 4.0 72.03725 108.4053 139.65791 52.0
5.0 4.0 5.0 36.13156 130.02754 82.17171 52.0
5.0 5.0 5.0 36.13156 130.02754 82.17171 12058.0
5.0 5.0 5.0 36.13156 130.02754 82.17171 12058.0
5.0 6.0 6.0 5.47484 84.78074 74.41161 1137.0
5.0 6.0 5.0 36.13156 130.02754 82.17171 1137.0
5.0 8.0 8.0 108.17632 86.01596 38.67176 1.0
5.0 8.0 5.0 36.13156 130.02754 82.17171 1.0
5.0 9.0 9.0 78.59947 139.91969 102.65232 763.0
5.0 9.0 5.0 36.13156 130.02754 82.17171 763.0
5.0 21.0 21.0 28.21237 78.14993 19.34777 9.0
5.0 21.0 5.0 36.13156 130.02754 82.17171 9.0
5.0 22.0 22.0 25.07814 80.02368 119.44054 672.0
5.0 22.0 5.0 36.13156 130.02754 82.17171 672.0
5.0 30.0 30.0 88.33738 139.93201 62.65451 939.0
5.0 30.0 5.0 36.13156 130.02754 82.17171 939.0
5.0 34.0 34.0 127.80058 111.20963 129.62505 1.0
5.0 34.0 5.0 36.13156 130.02754 82.17171 1.0
5.0 41.0 41.0 59.82566 126.03763 122.51442 1276.0
5.0 41.0 5.0 36.13156 130.02754 82.17171 1276.0
5.0 42.0 42.0 56.57195 85.2013 144.94011 22.0
5.0 42.0 5.0 36.13156 130.02754 82.17171 22.0
5.0 43.0 43.0 101.76461 137.71018 99.17126 37.0
5.0 43.0 5.0 36.13156 130.02754 82.17171 37.0
5.0 45.0 45.0 35.10153 116.37332 28.55774 1105.0
5.0 45.0 5.0 36.13156 130.02754 82.17171 1105.0
5.0 46.0 46.0 114.52491 130.25032 52.7292 4.0
5.0 46.0 5.0 36.13156 130.02754 82.17171 4.0
6.0 0.0 0.0 55.10566 48.92517 141.99009 1.0
6.0 0.0 6.0 5.47484 84.78074 74.41161 1.0
6.0 2.0 2.0 27.32467 25.40477 87.68018 292.0
6.0 2.0 6.0 5.47484 84.78074 74.41161 292.0
6.0 4.0 4.0 72.03725 108.4053 139.65791 2.0
6.0 4.0 6.0 5.47484 84.78074 74.41161 2.0
6.0 5.0 5.0 36.13156 130.02754 82.17171 1120.0
6.0 5.0 6.0 5.47484 84.78074 74.41161 1120.0
6.0 6.0 6.0 5.47484 84.78074 74.41161 8706.0
6.0 6.0 6.0 5.47484 84.78074 74.41161 8706.0
6.0 8.0 8.0 108.17632 86.01596 38.67176 1.0
6.0 8.0 6.0 5.47484 84.78074 74.41161 1.0
6.0 13.0 13.0 21.80159 31.13646 56.41279 235.0
6.0 13.0 6.0 5.47484 84.78074 74.41161 235.0
6.0 16.0 16.0 37.09432 39.08124 124.6782 7.0
6.0 16.0 6.0 5.47484 84.78074 74.41161 7.0
6.0 21.0 21.0 28.21237 78.14993 19.34777 390.0
6.0 21.0 6.0 5.47484 84.78074 74.41161 390.0
6.0 22.0 22.0 25.07814 80.02368 119.44054 1135.0
6.0 22.0 6.0 5.47484 84.78074 74.41161 1135.0
6.0 27.0 27.0 18.76138 45.33994 103.80506 473.0
6.0 27.0 6.0 5.47484 84.78074 74.41161 473.0
6.0 39.0 39.0 21.81235 50.12127 32.80444 746.0
6.0 39.0 6.0 5.47484 84.78074 74.41161 746.0
6.0 41.0 41.0 59.82566 126.03763 122.51442 12.0
6.0 41.0 6.0 5.47484 84.78074 74.41161 12.0
6.0 45.0 45.0 35.10153 116.37332 28.55774 562.0
6.0 45.0 6.0 5.47484 84.78074 74.41161 562.0
7.0 3.0 3.0 83.12256 3.83484 88.05864 127.0
7.0 3.0 7.0 121.68479 13.45432 56.9026 127.0
7.0 7.0 7.0 121.68479 13.45432 56.9026 2230.0
7.0 7.0 7.0 121.68479 13.45432 56.9026 2230.0
7.0 8.0 8.0 108.17632 86.01596 38.67176 4.0
7.0 8.0 7.0 121.68479 13.45432 56.9026 4.0
7.0 10.0 10.0 97.03308 3.9167 61.07235 790.0
7.0 10.0 7.0 121.68479 13.45432 56.9026 790.0
7.0 11.0 11.0 48.5266 14.11363 56.50929 1.0
7.0 11.0 7.0 121.68479 13.45432 56.9026 1.0
7.0 15.0 15.0 145.13552 26.59928 64.64762 845.0
7.0 15.0 7.0 121.68479 13.45432 56.9026 845.0
7.0 17.0 17.0 122.84445 11.01033 94.56503 456.0
7.0 17.0 7.0 121.68479 13.45432 56.9026 456.0
7.0 18.0 18.0 159.19641 24.81105 93.80291 20.0
7.0 18.0 7.0 121.68479 13.45432 56.9026 20.0
7.0 19.0 19.0 66.392 15.8381 45.29217 13.0
7.0 19.0 7.0 121.68479 13.45432 56.9026 13.0
7.0 20.0 20.0 84.94311 53.73336 22.17617 17.0
7.0 20.0 7.0 121.68479 13.45432 56.9026 17.0
7.0 23.0 23.0 173.48364 43.50858 77.0321 8.0
7.0 23.0 7.0 121.68479 13.45432 56.9026 8.0
7.0 29.0 29.0 122.60668 20.56687 121.19194 8.0
7.0 29.0 7.0 121.68479 13.45432 56.9026 8.0
7.0 31.0 31.0 121.63956 38.94475 36.07903 907.0
7.0 31.0 7.0 121.68479 13.45432 56.9026 907.0
7.0 37.0 37.0 80.17134 11.07348 113.82935 3.0
7.0 37.0 7.0 121.68479 13.45432 56.9026 3.0
7.0 40.0 40.0 83.23122 23.54379 42.38986 171.0
7.0 40.0 7.0 121.68479 13.45432 56.9026 171.0
8.0 1.0 1.0 66.24215 89.21532 7.45106 856.0
8.0 1.0 8.0 108.17632 86.01596 38.67176 856.0
8.0 3.0 3.0 83.12256 3.83484 88.05864 1.0
8.0 3.0 8.0 108.17632 86.01596 38.67176 1.0
8.0 4.0 4.0 72.03725 108.4053 139.65791 1.0
8.0 4.0 8.0 108.17632 86.01596 38.67176 1.0
8.0 5.0 5.0 36.13156 130.02754 82.17171 2.0
8.0 5.0 8.0 108.17632 86.01596 38.67176 2.0
8.0 7.0 7.0 121.68479 13.45432 56.9026 4.0
8.0 7.0 8.0 108.17632 86.01596 38.67176 4.0
8.0 8.0 8.0 108.17632 86.01596 38.67176 15618.0
8.0 8.0 8.0 108.17632 86.01596 38.67176 15618.0
8.0 12.0 12.0 179.82248 86.33966 84.72129 4.0
8.0 12.0 8.0 108.17632 86.01596 38.67176 4.0
8.0 13.0 13.0 21.80159 31.13646 56.41279 1.0
8.0 13.0 8.0 108.17632 86.01596 38.67176 1.0
8.0 14.0 14.0 128.34204 116.05256 40.30091 1485.0
8.0 14.0 8.0 108.17632 86.01596 38.67176 1485.0
8.0 15.0 15.0 145.13552 26.59928 64.64762 24.0
8.0 15.0 8.0 108.17632 86.01596 38.67176 24.0
8.0 20.0 20.0 84.94311 53.73336 22.17617 1688.0
8.0 20.0 8.0 108.17632 86.01596 38.67176 1688.0
8.0 23.0 23.0 173.48364 43.50858 77.0321 7.0
8.0 23.0 8.0 108.17632 86.01596 38.67176 7.0
8.0 24.0 24.0 107.87554 87.22757 149.15122 1.0
8.0 24.0 8.0 108.17632 86.01596 38.67176 1.0
8.0 30.0 30.0 88.33738 139.93201 62.65451 334.0
8.0 30.0 8.0 108.17632 86.01596 38.67176 334.0
8.0 31.0 31.0 121.63956 38.94475 36.07903 994.0
8.0 31.0 8.0 108.17632 86.01596 38.67176 994.0
8.0 32.0 32.0 156.99357 89.1157 58.00023 836.0
8.0 32.0 8.0 108.17632 86.01596 38.67176 836.0
8.0 35.0 35.0 147.85093 121.11298 95.65643 1.0
8.0 35.0 8.0 108.17632 86.01596 38.67176 1.0
8.0 40.0 40.0 83.23122 23.54379 42.38986 13.0
8.0 40.0 8.0 108.17632 86.01596 38.67176 13.0
8.0 41.0 41.0 59.82566 126.03763 122.51442 1.0
8.0 41.0 8.0 108.17632 86.01596 38.67176 1.0
8.0 45.0 45.0 35.10153 116.37332 28.55774 54.0
8.0 45.0 8.0 108.17632 86.01596 38.67176 54.0
8.0 46.0 46.0 114.52491 130.25032 52.7292 647.0
8.0 46.0 8.0 108.17632 86.01596 38.67176 647.0
9.0 4.0 4.0 72.03725 108.4053 139.65791 170.0
9.0 4.0 9.0 78.59947 139.91969 102.65232 170.0
9.0 5.0 5.0 36.13156 130.02754 82.17171 732.0
9.0 5.0 9.0 78.59947 139.91969 102.65232 732.0
9.0 9.0 9.0 78.59947 139.91969 102.65232 2753.0
9.0 9.0 9.0 78.59947 139.91969 102.65232 2753.0
9.0 12.0 12.0 179.82248 86.33966 84.72129 1.0
9.0 12.0 9.0 78.59947 139.91969 102.65232 1.0
9.0 22.0 22.0 25.07814 80.02368 119.44054 1.0
9.0 22.0 9.0 78.59947 139.91969 102.65232 1.0
9.0 24.0 24.0 107.87554 87.22757 149.15122 18.0
9.0 24.0 9.0 78.59947 139.91969 102.65232 18.0
9.0 30.0 30.0 88.33738 139.93201 62.65451 666.0
9.0 30.0 9.0 78.59947 139.91969 102.65232 666.0
9.0 34.0 34.0 127.80058 111.20963 129.62505 344.0
9.0 34.0 9.0 78.59947 139.91969 102.65232 344.0
9.0 35.0 35.0 147.85093 121.11298 95.65643 10.0
9.0 35.0 9.0 78.59947 139.91969 102.65232 10.0
9.0 41.0 41.0 59.82566 126.03763 122.51442 1170.0
9.0 41.0 9.0 78.59947 139.91969 102.65232 1170.0
9.0 43.0 43.0 101.76461 137.71018 99.17126 1092.0
9.0 43.0 9.0 78.59947 139.91969 102.65232 1092.0
9.0 45.0 45.0 35.10153 116.37332 28.55774 1.0
9.0 45.0 9.0 78.59947 139.91969 102.65232 1.0
9.0 46.0 46.0 114.52491 130.25032 52.7292 2.0
9.0 46.0 9.0 78.59947 139.91969 102.65232 2.0
10.0 3.0 3.0 83.12256 3.83484 88.05864 870.0
10.0 3.0 10.0 97.03308 3.9167 61.07235 870.0
10.0 7.0 7.0 121.68479 13.45432 56.9026 812.0
10.0 7.0 10.0 97.03308 3.9167 61.07235 812.0
10.0 10.0 10.0 97.03308 3.9167 61.07235 2317.0
10.0 10.0 10.0 97.03308 3.9167 61.07235 2317.0
10.0 11.0 11.0 48.5266 14.11363 56.50929 97.0
10.0 11.0 10.0 97.03308 3.9167 61.07235 97.0
10.0 15.0 15.0 145.13552 26.59928 64.64762 48.0
10.0 15.0 10.0 97.03308 3.9167 61.07235 48.0
10.0 17.0 17.0 122.84445 11.01033 94.56503 249.0
10.0 17.0 10.0 97.03308 3.9167 61.07235 249.0
10.0 18.0 18.0 159.19641 24.81105 93.80291 1.0
10.0 18.0 10.0 97.03308 3.9167 61.07235 1.0
10.0 19.0 19.0 66.392 15.8381 45.29217 346.0
10.0 19.0 10.0 97.03308 3.9167 61.07235 346.0
10.0 20.0 20.0 84.94311 53.73336 22.17617 21.0
10.0 20.0 10.0 97.03308 3.9167 61.07235 21.0
10.0 29.0 29.0 122.60668 20.56687 121.19194 5.0
10.0 29.0 10.0 97.03308 3.9167 61.07235 5.0
10.0 31.0 31.0 121.63956 38.94475 36.07903 224.0
10.0 31.0 10.0 97.03308 3.9167 61.07235 224.0
10.0 37.0 37.0 80.17134 11.07348 113.82935 31.0
10.0 37.0 10.0 97.03308 3.9167 61.07235 31.0
10.0 40.0 40.0 83.23122 23.54379 42.38986 663.0
10.0 40.0 10.0 97.03308 3.9167 61.07235 663.0
11.0 1.0 1.0 66.24215 89.21532 7.45106 9.0
11.0 1.0 11.0 48.5266 14.11363 56.50929 9.0
11.0 2.0 2.0 27.32467 25.40477 87.68018 759.0
11.0 2.0 11.0 48.5266 14.11363 56.50929 759.0
11.0 3.0 3.0 83.12256 3.83484 88.05864 620.0
11.0 3.0 11.0 48.5266 14.11363 56.50929 620.0
11.0 7.0 7.0 121.68479 13.45432 56.9026 1.0
11.0 7.0 11.0 48.5266 14.11363 56.50929 1.0
11.0 8.0 8.0 108.17632 86.01596 38.67176 1.0
11.0 8.0 11.0 48.5266 14.11363 56.50929 1.0
11.0 10.0 10.0 97.03308 3.9167 61.07235 98.0
11.0 10.0 11.0 48.5266 14.11363 56.50929 98.0
11.0 11.0 11.0 48.5266 14.11363 56.50929 4549.0
11.0 11.0 11.0 48.5266 14.11363 56.50929 4549.0
11.0 13.0 13.0 21.80159 31.13646 56.41279 843.0
11.0 13.0 11.0 48.5266 14.11363 56.50929 843.0
11.0 16.0 16.0 37.09432 39.08124 124.6782 10.0
11.0 16.0 11.0 48.5266 14.11363 56.50929 10.0
11.0 19.0 19.0 66.392 15.8381 45.29217 1155.0
11.0 19.0 11.0 48.5266 14.11363 56.50929 1155.0
11.0 20.0 20.0 84.94311 53.73336 22.17617 142.0
11.0 20.0 11.0 48.5266 14.11363 56.50929 142.0
11.0 21.0 21.0 28.21237 78.14993 19.34777 17.0
11.0 21.0 11.0 48.5266 14.11363 56.50929 17.0
11.0 27.0 27.0 18.76138 45.33994 103.80506 9.0
11.0 27.0 11.0 48.5266 14.11363 56.50929 9.0
11.0 31.0 31.0 121.63956 38.94475 36.07903 3.0
11.0 31.0 11.0 48.5266 14.11363 56.50929 3.0
11.0 36.0 36.0 51.18681 19.46646 119.68086 44.0
11.0 36.0 11.0 48.5266 14.11363 56.50929 44.0
11.0 37.0 37.0 80.17134 11.07348 113.82935 142.0
11.0 37.0 11.0 48.5266 14.11363 56.50929 142.0
11.0 39.0 39.0 21.81235 50.12127 32.80444 493.0
11.0 39.0 11.0 48.5266 14.11363 56.50929 493.0
11.0 40.0 40.0 83.23122 23.54379 42.38986 303.0
11.0 40.0 11.0 48.5266 14.11363 56.50929 303.0
11.0 44.0 44.0 70.21081 22.74222 131.35556 3.0
11.0 44.0 11.0 48.5266 14.11363 56.50929 3.0
12.0 8.0 8.0 108.17632 86.01596 38.67176 2.0
12.0 8.0 12.0 179.82248 86.33966 84.72129 2.0
12.0 12.0 12.0 179.82248 86.33966 84.72129 3313.0
12.0 12.0 12.0 179.82248 86.33966 84.72129 3313.0
12.0 14.0 14.0 128.34204 116.05256 40.30091 3.0
12.0 14.0 12.0 179.82248 86.33966 84.72129 3.0
12.0 15.0 15.0 145.13552 26.59928 64.64762 11.0
12.0 15.0 12.0 179.82248 86.33966 84.72129 11.0
12.0 18.0 18.0 159.19641 24.81105 93.80291 14.0
12.0 18.0 12.0 179.82248 86.33966 84.72129 14.0
12.0 23.0 23.0 173.48364 43.50858 77.0321 331.0
12.0 23.0 12.0 179.82248 86.33966 84.72129 331.0
12.0 24.0 24.0 107.87554 87.22757 149.15122 1.0
12.0 24.0 12.0 179.82248 86.33966 84.72129 1.0
12.0 25.0 25.0 182.85525 64.00519 100.25241 659.0
12.0 25.0 12.0 179.82248 86.33966 84.72129 659.0
12.0 31.0 31.0 121.63956 38.94475 36.07903 5.0
12.0 31.0 12.0 179.82248 86.33966 84.72129 5.0
12.0 32.0 32.0 156.99357 89.1157 58.00023 977.0
12.0 32.0 12.0 179.82248 86.33966 84.72129 977.0
12.0 34.0 34.0 127.80058 111.20963 129.62505 48.0
12.0 34.0 12.0 179.82248 86.33966 84.72129 48.0
12.0 35.0 35.0 147.85093 121.11298 95.65643 696.0
12.0 35.0 12.0 179.82248 86.33966 84.72129 696.0
12.0 46.0 46.0 114.52491 130.25032 52.7292 3.0
12.0 46.0 12.0 179.82248 86.33966 84.72129 3.0
12.0 47.0 47.0 164.20046 62.75608 126.1017 257.0
12.0 47.0 12.0 179.82248 86.33966 84.72129 257.0
13.0 2.0 2.0 27.32467 25.40477 87.68018 778.0
13.0 2.0 13.0 21.80159 31.13646 56.41279 778.0
13.0 3.0 3.0 83.12256 3.83484 88.05864 5.0
13.0 3.0 13.0 21.80159 31.13646 56.41279 5.0
13.0 6.0 6.0 5.47484 84.78074 74.41161 258.0
13.0 6.0 13.0 21.80159 31.13646 56.41279 258.0
13.0 11.0 11.0 48.5266 14.11363 56.50929 875.0
13.0 11.0 13.0 21.80159 31.13646 56.41279 875.0
13.0 13.0 13.0 21.80159 31.13646 56.41279 2097.0
13.0 13.0 13.0 21.80159 31.13646 56.41279 2097.0
13.0 16.0 16.0 37.09432 39.08124 124.6782 1.0
13.0 16.0 13.0 21.80159 31.13646 56.41279 1.0
13.0 19.0 19.0 66.392 15.8381 45.29217 46.0
13.0 19.0 13.0 21.80159 31.13646 56.41279 46.0
13.0 20.0 20.0 84.94311 53.73336 22.17617 4.0
13.0 20.0 13.0 21.80159 31.13646 56.41279 4.0
13.0 21.0 21.0 28.21237 78.14993 19.34777 6.0
13.0 21.0 13.0 21.80159 31.13646 56.41279 6.0
13.0 22.0 22.0 25.07814 80.02368 119.44054 3.0
13.0 22.0 13.0 21.80159 31.13646 56.41279 3.0
13.0 27.0 27.0 18.76138 45.33994 103.80506 61.0
13.0 27.0 13.0 21.80159 31.13646 56.41279 61.0
13.0 36.0 36.0 51.18681 19.46646 119.68086 1.0
13.0 36.0 13.0 21.80159 31.13646 56.41279 1.0
13.0 39.0 39.0 21.81235 50.12127 32.80444 984.0
13.0 39.0 13.0 21.80159 31.13646 56.41279 984.0
13.0 40.0 40.0 83.23122 23.54379 42.38986 1.0
13.0 40.0 13.0 21.80159 31.13646 56.41279 1.0
14.0 1.0 1.0 66.24215 89.21532 7.45106 31.0
14.0 1.0 14.0 128.34204 116.05256 40.30091 31.0
14.0 8.0 8.0 108.17632 86.01596 38.67176 1465.0
14.0 8.0 14.0 128.34204 116.05256 40.30091 1465.0
14.0 12.0 12.0 179.82248 86.33966 84.72129 8.0
14.0 12.0 14.0 128.34204 116.05256 40.30091 8.0
14.0 14.0 14.0 128.34204 116.05256 40.30091 4006.0
14.0 14.0 14.0 128.34204 116.05256 40.30091 4006.0
14.0 20.0 20.0 84.94311 53.73336 22.17617 4.0
14.0 20.0 14.0 128.34204 116.05256 40.30091 4.0
14.0 30.0 30.0 88.33738 139.93201 62.65451 139.0
14.0 30.0 14.0 128.34204 116.05256 40.30091 139.0
14.0 31.0 31.0 121.63956 38.94475 36.07903 6.0
14.0 31.0 14.0 128.34204 116.05256 40.30091 6.0
14.0 32.0 32.0 156.99357 89.1157 58.00023 790.0
14.0 32.0 14.0 128.34204 116.05256 40.30091 790.0
14.0 35.0 35.0 147.85093 121.11298 95.65643 194.0
14.0 35.0 14.0 128.34204 116.05256 40.30091 194.0
14.0 43.0 43.0 101.76461 137.71018 99.17126 1.0
14.0 43.0 14.0 128.34204 116.05256 40.30091 1.0
14.0 45.0 45.0 35.10153 116.37332 28.55774 1.0
14.0 45.0 14.0 128.34204 116.05256 40.30091 1.0
14.0 46.0 46.0 114.52491 130.25032 52.7292 1596.0
14.0 46.0 14.0 128.34204 116.05256 40.30091 1596.0
15.0 3.0 3.0 83.12256 3.83484 88.05864 18.0
15.0 3.0 15.0 145.13552 26.59928 64.64762 18.0
15.0 7.0 7.0 121.68479 13.45432 56.9026 854.0
15.0 7.0 15.0 145.13552 26.59928 64.64762 854.0
15.0 8.0 8.0 108.17632 86.01596 38.67176 39.0
15.0 8.0 15.0 145.13552 26.59928 64.64762 39.0
15.0 10.0 10.0 97.03308 3.9167 61.07235 38.0
15.0 10.0 15.0 145.13552 26.59928 64.64762 38.0
15.0 12.0 12.0 179.82248 86.33966 84.72129 20.0
15.0 12.0 15.0 145.13552 26.59928 64.64762 20.0
15.0 15.0 15.0 145.13552 26.59928 64.64762 2765.0
15.0 15.0 15.0 145.13552 26.59928 64.64762 2765.0
15.0 17.0 17.0 122.84445 11.01033 94.56503 504.0
15.0 17.0 15.0 145.13552 26.59928 64.64762 504.0
15.0 18.0 18.0 159.19641 24.81105 93.80291 605.0
15.0 18.0 15.0 145.13552 26.59928 64.64762 605.0
15.0 23.0 23.0 173.48364 43.50858 77.0321 444.0
15.0 23.0 15.0 145.13552 26.59928 64.64762 444.0
15.0 25.0 25.0 182.85525 64.00519 100.25241 7.0
15.0 25.0 15.0 145.13552 26.59928 64.64762 7.0
15.0 26.0 26.0 132.11802 45.11704 139.10596 3.0
15.0 26.0 15.0 145.13552 26.59928 64.64762 3.0
15.0 29.0 29.0 122.60668 20.56687 121.19194 34.0
15.0 29.0 15.0 145.13552 26.59928 64.64762 34.0
15.0 31.0 31.0 121.63956 38.94475 36.07903 805.0
15.0 31.0 15.0 145.13552 26.59928 64.64762 805.0
15.0 32.0 32.0 156.99357 89.1157 58.00023 180.0
15.0 32.0 15.0 145.13552 26.59928 64.64762 180.0
15.0 37.0 37.0 80.17134 11.07348 113.82935 1.0
15.0 37.0 15.0 145.13552 26.59928 64.64762 1.0
15.0 47.0 47.0 164.20046 62.75608 126.1017 4.0
15.0 47.0 15.0 145.13552 26.59928 64.64762 4.0
16.0 0.0 0.0 55.10566 48.92517 141.99009 782.0
16.0 0.0 16.0 37.09432 39.08124 124.6782 782.0
16.0 2.0 2.0 27.32467 25.40477 87.68018 410.0
16.0 2.0 16.0 37.09432 39.08124 124.6782 410.0
16.0 3.0 3.0 83.12256 3.83484 88.05864 10.0
16.0 3.0 16.0 37.09432 39.08124 124.6782 10.0
16.0 4.0 4.0 72.03725 108.4053 139.65791 1.0
16.0 4.0 16.0 37.09432 39.08124 124.6782 1.0
16.0 6.0 6.0 5.47484 84.78074 74.41161 9.0
16.0 6.0 16.0 37.09432 39.08124 124.6782 9.0
16.0 11.0 11.0 48.5266 14.11363 56.50929 19.0
16.0 11.0 16.0 37.09432 39.08124 124.6782 19.0
16.0 16.0 16.0 37.09432 39.08124 124.6782 2323.0
16.0 16.0 16.0 37.09432 39.08124 124.6782 2323.0
16.0 22.0 22.0 25.07814 80.02368 119.44054 724.0
16.0 22.0 16.0 37.09432 39.08124 124.6782 724.0
16.0 23.0 23.0 173.48364 43.50858 77.0321 1.0
16.0 23.0 16.0 37.09432 39.08124 124.6782 1.0
16.0 26.0 26.0 132.11802 45.11704 139.10596 1.0
16.0 26.0 16.0 37.09432 39.08124 124.6782 1.0
16.0 27.0 27.0 18.76138 45.33994 103.80506 638.0
16.0 27.0 16.0 37.09432 39.08124 124.6782 638.0
16.0 28.0 28.0 84.37677 38.91049 143.13776 25.0
16.0 28.0 16.0 37.09432 39.08124 124.6782 25.0
16.0 36.0 36.0 51.18681 19.46646 119.68086 551.0
16.0 36.0 16.0 37.09432 39.08124 124.6782 551.0
16.0 37.0 37.0 80.17134 11.07348 113.82935 93.0
16.0 37.0 16.0 37.09432 39.08124 124.6782 93.0
16.0 38.0 38.0 88.73579 68.41737 152.61934 10.0
16.0 38.0 16.0 37.09432 39.08124 124.6782 10.0
16.0 42.0 42.0 56.57195 85.2013 144.94011 101.0
16.0 42.0 16.0 37.09432 39.08124 124.6782 101.0
16.0 44.0 44.0 70.21081 22.74222 131.35556 143.0
16.0 44.0 16.0 37.09432 39.08124 124.6782 143.0
17.0 3.0 3.0 83.12256 3.83484 88.05864 652.0
17.0 3.0 17.0 122.84445 11.01033 94.56503 652.0
17.0 7.0 7.0 121.68479 13.45432 56.9026 479.0
17.0 7.0 17.0 122.84445 11.01033 94.56503 479.0
17.0 10.0 10.0 97.03308 3.9167 61.07235 269.0
17.0 10.0 17.0 122.84445 11.01033 94.56503 269.0
17.0 15.0 15.0 145.13552 26.59928 64.64762 533.0
17.0 15.0 17.0 122.84445 11.01033 94.56503 533.0
17.0 17.0 17.0 122.84445 11.01033 94.56503 2754.0
17.0 17.0 17.0 122.84445 11.01033 94.56503 2754.0
17.0 18.0 18.0 159.19641 24.81105 93.80291 364.0
17.0 18.0 17.0 122.84445 11.01033 94.56503 364.0
17.0 19.0 19.0 66.392 15.8381 45.29217 2.0
17.0 19.0 17.0 122.84445 11.01033 94.56503 2.0
17.0 23.0 23.0 173.48364 43.50858 77.0321 3.0
17.0 23.0 17.0 122.84445 11.01033 94.56503 3.0
17.0 26.0 26.0 132.11802 45.11704 139.10596 45.0
17.0 26.0 17.0 122.84445 11.01033 94.56503 45.0
17.0 28.0 28.0 84.37677 38.91049 143.13776 8.0
17.0 28.0 17.0 122.84445 11.01033 94.56503 8.0
17.0 29.0 29.0 122.60668 20.56687 121.19194 823.0
17.0 29.0 17.0 122.84445 11.01033 94.56503 823.0
17.0 31.0 31.0 121.63956 38.94475 36.07903 4.0
17.0 31.0 17.0 122.84445 11.01033 94.56503 4.0
17.0 33.0 33.0 97.26768 49.899 149.23007 1.0
17.0 33.0 17.0 122.84445 11.01033 94.56503 1.0
17.0 37.0 37.0 80.17134 11.07348 113.82935 287.0
17.0 37.0 17.0 122.84445 11.01033 94.56503 287.0
17.0 40.0 40.0 83.23122 23.54379 42.38986 1.0
17.0 40.0 17.0 122.84445 11.01033 94.56503 1.0
17.0 44.0 44.0 70.21081 22.74222 131.35556 2.0
17.0 44.0 17.0 122.84445 11.01033 94.56503 2.0
17.0 45.0 45.0 35.10153 116.37332 28.55774 1.0
17.0 45.0 17.0 122.84445 11.01033 94.56503 1.0
17.0 47.0 47.0 164.20046 62.75608 126.1017 14.0
17.0 47.0 17.0 122.84445 11.01033 94.56503 14.0
18.0 3.0 3.0 83.12256 3.83484 88.05864 1.0
18.0 3.0 18.0 159.19641 24.81105 93.80291 1.0
18.0 7.0 7.0 121.68479 13.45432 56.9026 23.0
18.0 7.0 18.0 159.19641 24.81105 93.80291 23.0
18.0 10.0 10.0 97.03308 3.9167 61.07235 1.0
18.0 10.0 18.0 159.19641 24.81105 93.80291 1.0
18.0 12.0 12.0 179.82248 86.33966 84.72129 5.0
18.0 12.0 18.0 159.19641 24.81105 93.80291 5.0
18.0 15.0 15.0 145.13552 26.59928 64.64762 588.0
18.0 15.0 18.0 159.19641 24.81105 93.80291 588.0
18.0 17.0 17.0 122.84445 11.01033 94.56503 364.0
18.0 17.0 18.0 159.19641 24.81105 93.80291 364.0
18.0 18.0 18.0 159.19641 24.81105 93.80291 1806.0
18.0 18.0 18.0 159.19641 24.81105 93.80291 1806.0
18.0 23.0 23.0 173.48364 43.50858 77.0321 557.0
18.0 23.0 18.0 159.19641 24.81105 93.80291 557.0
18.0 25.0 25.0 182.85525 64.00519 100.25241 61.0
18.0 25.0 18.0 159.19641 24.81105 93.80291 61.0
18.0 26.0 26.0 132.11802 45.11704 139.10596 120.0
18.0 26.0 18.0 159.19641 24.81105 93.80291 120.0
18.0 29.0 29.0 122.60668 20.56687 121.19194 317.0
18.0 29.0 18.0 159.19641 24.81105 93.80291 317.0
18.0 31.0 31.0 121.63956 38.94475 36.07903 9.0
18.0 31.0 18.0 159.19641 24.81105 93.80291 9.0
18.0 32.0 32.0 156.99357 89.1157 58.00023 6.0
18.0 32.0 18.0 159.19641 24.81105 93.80291 6.0
18.0 37.0 37.0 80.17134 11.07348 113.82935 2.0
18.0 37.0 18.0 159.19641 24.81105 93.80291 2.0
18.0 47.0 47.0 164.20046 62.75608 126.1017 380.0
18.0 47.0 18.0 159.19641 24.81105 93.80291 380.0
19.0 1.0 1.0 66.24215 89.21532 7.45106 15.0
19.0 1.0 19.0 66.392 15.8381 45.29217 15.0
19.0 2.0 2.0 27.32467 25.40477 87.68018 9.0
19.0 2.0 19.0 66.392 15.8381 45.29217 9.0
19.0 3.0 3.0 83.12256 3.83484 88.05864 245.0
19.0 3.0 19.0 66.392 15.8381 45.29217 245.0
19.0 7.0 7.0 121.68479 13.45432 56.9026 8.0
19.0 7.0 19.0 66.392 15.8381 45.29217 8.0
19.0 8.0 8.0 108.17632 86.01596 38.67176 1.0
19.0 8.0 19.0 66.392 15.8381 45.29217 1.0
19.0 10.0 10.0 97.03308 3.9167 61.07235 333.0
19.0 10.0 19.0 66.392 15.8381 45.29217 333.0
19.0 11.0 11.0 48.5266 14.11363 56.50929 1128.0
19.0 11.0 19.0 66.392 15.8381 45.29217 1128.0
19.0 13.0 13.0 21.80159 31.13646 56.41279 35.0
19.0 13.0 19.0 66.392 15.8381 45.29217 35.0
19.0 17.0 17.0 122.84445 11.01033 94.56503 1.0
19.0 17.0 19.0 66.392 15.8381 45.29217 1.0
19.0 19.0 19.0 66.392 15.8381 45.29217 1129.0
19.0 19.0 19.0 66.392 15.8381 45.29217 1129.0
19.0 20.0 20.0 84.94311 53.73336 22.17617 313.0
19.0 20.0 19.0 66.392 15.8381 45.29217 313.0
19.0 21.0 21.0 28.21237 78.14993 19.34777 9.0
19.0 21.0 19.0 66.392 15.8381 45.29217 9.0
19.0 31.0 31.0 121.63956 38.94475 36.07903 14.0
19.0 31.0 19.0 66.392 15.8381 45.29217 14.0
19.0 37.0 37.0 80.17134 11.07348 113.82935 10.0
19.0 37.0 19.0 66.392 15.8381 45.29217 10.0
19.0 39.0 39.0 21.81235 50.12127 32.80444 111.0
19.0 39.0 19.0 66.392 15.8381 45.29217 111.0
19.0 40.0 40.0 83.23122 23.54379 42.38986 879.0
19.0 40.0 19.0 66.392 15.8381 45.29217 879.0
20.0 1.0 1.0 66.24215 89.21532 7.45106 1185.0
20.0 1.0 20.0 84.94311 53.73336 22.17617 1185.0
20.0 7.0 7.0 121.68479 13.45432 56.9026 10.0
20.0 7.0 20.0 84.94311 53.73336 22.17617 10.0
20.0 8.0 8.0 108.17632 86.01596 38.67176 1706.0
20.0 8.0 20.0 84.94311 53.73336 22.17617 1706.0
20.0 10.0 10.0 97.03308 3.9167 61.07235 14.0
20.0 10.0 20.0 84.94311 53.73336 22.17617 14.0
20.0 11.0 11.0 48.5266 14.11363 56.50929 156.0
20.0 11.0 20.0 84.94311 53.73336 22.17617 156.0
20.0 12.0 12.0 179.82248 86.33966 84.72129 1.0
20.0 12.0 20.0 84.94311 53.73336 22.17617 1.0
20.0 13.0 13.0 21.80159 31.13646 56.41279 10.0
20.0 13.0 20.0 84.94311 53.73336 22.17617 10.0
20.0 14.0 14.0 128.34204 116.05256 40.30091 6.0
20.0 14.0 20.0 84.94311 53.73336 22.17617 6.0
20.0 15.0 15.0 145.13552 26.59928 64.64762 1.0
20.0 15.0 20.0 84.94311 53.73336 22.17617 1.0
20.0 18.0 18.0 159.19641 24.81105 93.80291 1.0
20.0 18.0 20.0 84.94311 53.73336 22.17617 1.0
20.0 19.0 19.0 66.392 15.8381 45.29217 267.0
20.0 19.0 20.0 84.94311 53.73336 22.17617 267.0
20.0 20.0 20.0 84.94311 53.73336 22.17617 6832.0
20.0 20.0 20.0 84.94311 53.73336 22.17617 6832.0
20.0 21.0 21.0 28.21237 78.14993 19.34777 140.0
20.0 21.0 20.0 84.94311 53.73336 22.17617 140.0
20.0 27.0 27.0 18.76138 45.33994 103.80506 1.0
20.0 27.0 20.0 84.94311 53.73336 22.17617 1.0
20.0 31.0 31.0 121.63956 38.94475 36.07903 1162.0
20.0 31.0 20.0 84.94311 53.73336 22.17617 1162.0
20.0 32.0 32.0 156.99357 89.1157 58.00023 5.0
20.0 32.0 20.0 84.94311 53.73336 22.17617 5.0
20.0 39.0 39.0 21.81235 50.12127 32.80444 272.0
20.0 39.0 20.0 84.94311 53.73336 22.17617 272.0
20.0 40.0 40.0 83.23122 23.54379 42.38986 952.0
20.0 40.0 20.0 84.94311 53.73336 22.17617 952.0
20.0 45.0 45.0 35.10153 116.37332 28.55774 2.0
20.0 45.0 20.0 84.94311 53.73336 22.17617 2.0
21.0 1.0 1.0 66.24215 89.21532 7.45106 854.0
21.0 1.0 21.0 28.21237 78.14993 19.34777 854.0
21.0 5.0 5.0 36.13156 130.02754 82.17171 5.0
21.0 5.0 21.0 28.21237 78.14993 19.34777 5.0
21.0 6.0 6.0 5.47484 84.78074 74.41161 353.0
21.0 6.0 21.0 28.21237 78.14993 19.34777 353.0
21.0 8.0 8.0 108.17632 86.01596 38.67176 3.0
21.0 8.0 21.0 28.21237 78.14993 19.34777 3.0
21.0 11.0 11.0 48.5266 14.11363 56.50929 23.0
21.0 11.0 21.0 28.21237 78.14993 19.34777 23.0
21.0 12.0 12.0 179.82248 86.33966 84.72129 1.0
21.0 12.0 21.0 28.21237 78.14993 19.34777 1.0
21.0 13.0 13.0 21.80159 31.13646 56.41279 6.0
21.0 13.0 21.0 28.21237 78.14993 19.34777 6.0
21.0 19.0 19.0 66.392 15.8381 45.29217 6.0
21.0 19.0 21.0 28.21237 78.14993 19.34777 6.0
21.0 20.0 20.0 84.94311 53.73336 22.17617 139.0
21.0 20.0 21.0 28.21237 78.14993 19.34777 139.0
21.0 21.0 21.0 28.21237 78.14993 19.34777 3534.0
21.0 21.0 21.0 28.21237 78.14993 19.34777 3534.0
21.0 39.0 39.0 21.81235 50.12127 32.80444 1254.0
21.0 39.0 21.0 28.21237 78.14993 19.34777 1254.0
21.0 40.0 40.0 83.23122 23.54379 42.38986 3.0
21.0 40.0 21.0 28.21237 78.14993 19.34777 3.0
21.0 45.0 45.0 35.10153 116.37332 28.55774 1020.0
21.0 45.0 21.0 28.21237 78.14993 19.34777 1020.0
22.0 0.0 0.0 55.10566 48.92517 141.99009 358.0
22.0 0.0 22.0 25.07814 80.02368 119.44054 358.0
22.0 2.0 2.0 27.32467 25.40477 87.68018 32.0
22.0 2.0 22.0 25.07814 80.02368 119.44054 32.0
22.0 4.0 4.0 72.03725 108.4053 139.65791 254.0
22.0 4.0 22.0 25.07814 80.02368 119.44054 254.0
22.0 5.0 5.0 36.13156 130.02754 82.17171 665.0
22.0 5.0 22.0 25.07814 80.02368 119.44054 665.0
22.0 6.0 6.0 5.47484 84.78074 74.41161 1095.0
22.0 6.0 22.0 25.07814 80.02368 119.44054 1095.0
22.0 8.0 8.0 108.17632 86.01596 38.67176 2.0
22.0 8.0 22.0 25.07814 80.02368 119.44054 2.0
22.0 9.0 9.0 78.59947 139.91969 102.65232 1.0
22.0 9.0 22.0 25.07814 80.02368 119.44054 1.0
22.0 13.0 13.0 21.80159 31.13646 56.41279 2.0
22.0 13.0 22.0 25.07814 80.02368 119.44054 2.0
22.0 16.0 16.0 37.09432 39.08124 124.6782 691.0
22.0 16.0 22.0 25.07814 80.02368 119.44054 691.0
22.0 17.0 17.0 122.84445 11.01033 94.56503 1.0
22.0 17.0 22.0 25.07814 80.02368 119.44054 1.0
22.0 19.0 19.0 66.392 15.8381 45.29217 1.0
22.0 19.0 22.0 25.07814 80.02368 119.44054 1.0
22.0 22.0 22.0 25.07814 80.02368 119.44054 7590.0
22.0 22.0 22.0 25.07814 80.02368 119.44054 7590.0
22.0 27.0 27.0 18.76138 45.33994 103.80506 793.0
22.0 27.0 22.0 25.07814 80.02368 119.44054 793.0
22.0 28.0 28.0 84.37677 38.91049 143.13776 7.0
22.0 28.0 22.0 25.07814 80.02368 119.44054 7.0
22.0 33.0 33.0 97.26768 49.899 149.23007 2.0
22.0 33.0 22.0 25.07814 80.02368 119.44054 2.0
22.0 36.0 36.0 51.18681 19.46646 119.68086 6.0
22.0 36.0 22.0 25.07814 80.02368 119.44054 6.0
22.0 37.0 37.0 80.17134 11.07348 113.82935 1.0
22.0 37.0 22.0 25.07814 80.02368 119.44054 1.0
22.0 38.0 38.0 88.73579 68.41737 152.61934 15.0
22.0 38.0 22.0 25.07814 80.02368 119.44054 15.0
22.0 41.0 41.0 59.82566 126.03763 122.51442 380.0
22.0 41.0 22.0 25.07814 80.02368 119.44054 380.0
22.0 42.0 42.0 56.57195 85.2013 144.94011 903.0
22.0 42.0 22.0 25.07814 80.02368 119.44054 903.0
22.0 43.0 43.0 101.76461 137.71018 99.17126 1.0
22.0 43.0 22.0 25.07814 80.02368 119.44054 1.0
22.0 44.0 44.0 70.21081 22.74222 131.35556 3.0
22.0 44.0 22.0 25.07814 80.02368 119.44054 3.0
23.0 7.0 7.0 121.68479 13.45432 56.9026 4.0
23.0 7.0 23.0 173.48364 43.50858 77.0321 4.0
23.0 8.0 8.0 108.17632 86.01596 38.67176 4.0
23.0 8.0 23.0 173.48364 43.50858 77.0321 4.0
23.0 12.0 12.0 179.82248 86.33966 84.72129 326.0
23.0 12.0 23.0 173.48364 43.50858 77.0321 326.0
23.0 15.0 15.0 145.13552 26.59928 64.64762 443.0
23.0 15.0 23.0 173.48364 43.50858 77.0321 443.0
23.0 17.0 17.0 122.84445 11.01033 94.56503 4.0
23.0 17.0 23.0 173.48364 43.50858 77.0321 4.0
23.0 18.0 18.0 159.19641 24.81105 93.80291 591.0
23.0 18.0 23.0 173.48364 43.50858 77.0321 591.0
23.0 23.0 23.0 173.48364 43.50858 77.0321 1852.0
23.0 23.0 23.0 173.48364 43.50858 77.0321 1852.0
23.0 25.0 25.0 182.85525 64.00519 100.25241 454.0
23.0 25.0 23.0 173.48364 43.50858 77.0321 454.0
23.0 26.0 26.0 132.11802 45.11704 139.10596 7.0
23.0 26.0 23.0 173.48364 43.50858 77.0321 7.0
23.0 28.0 28.0 84.37677 38.91049 143.13776 1.0
23.0 28.0 23.0 173.48364 43.50858 77.0321 1.0
23.0 29.0 29.0 122.60668 20.56687 121.19194 8.0
23.0 29.0 23.0 173.48364 43.50858 77.0321 8.0
23.0 31.0 31.0 121.63956 38.94475 36.07903 76.0
23.0 31.0 23.0 173.48364 43.50858 77.0321 76.0
23.0 32.0 32.0 156.99357 89.1157 58.00023 298.0
23.0 32.0 23.0 173.48364 43.50858 77.0321 298.0
23.0 37.0 37.0 80.17134 11.07348 113.82935 1.0
23.0 37.0 23.0 173.48364 43.50858 77.0321 1.0
23.0 47.0 47.0 164.20046 62.75608 126.1017 172.0
23.0 47.0 23.0 173.48364 43.50858 77.0321 172.0
24.0 0.0 0.0 55.10566 48.92517 141.99009 6.0
24.0 0.0 24.0 107.87554 87.22757 149.15122 6.0
24.0 4.0 4.0 72.03725 108.4053 139.65791 839.0
24.0 4.0 24.0 107.87554 87.22757 149.15122 839.0
24.0 9.0 9.0 78.59947 139.91969 102.65232 6.0
24.0 9.0 24.0 107.87554 87.22757 149.15122 6.0
24.0 17.0 17.0 122.84445 11.01033 94.56503 1.0
24.0 17.0 24.0 107.87554 87.22757 149.15122 1.0
24.0 22.0 22.0 25.07814 80.02368 119.44054 2.0
24.0 22.0 24.0 107.87554 87.22757 149.15122 2.0
24.0 24.0 24.0 107.87554 87.22757 149.15122 4886.0
24.0 24.0 24.0 107.87554 87.22757 149.15122 4886.0
24.0 26.0 26.0 132.11802 45.11704 139.10596 509.0
24.0 26.0 24.0 107.87554 87.22757 149.15122 509.0
24.0 28.0 28.0 84.37677 38.91049 143.13776 21.0
24.0 28.0 24.0 107.87554 87.22757 149.15122 21.0
24.0 30.0 30.0 88.33738 139.93201 62.65451 1.0
24.0 30.0 24.0 107.87554 87.22757 149.15122 1.0
24.0 33.0 33.0 97.26768 49.899 149.23007 266.0
24.0 33.0 24.0 107.87554 87.22757 149.15122 266.0
24.0 34.0 34.0 127.80058 111.20963 129.62505 1462.0
24.0 34.0 24.0 107.87554 87.22757 149.15122 1462.0
24.0 35.0 35.0 147.85093 121.11298 95.65643 4.0
24.0 35.0 24.0 107.87554 87.22757 149.15122 4.0
24.0 38.0 38.0 88.73579 68.41737 152.61934 1136.0
24.0 38.0 24.0 107.87554 87.22757 149.15122 1136.0
24.0 41.0 41.0 59.82566 126.03763 122.51442 53.0
24.0 41.0 24.0 107.87554 87.22757 149.15122 53.0
24.0 42.0 42.0 56.57195 85.2013 144.94011 291.0
24.0 42.0 24.0 107.87554 87.22757 149.15122 291.0
24.0 43.0 43.0 101.76461 137.71018 99.17126 2.0
24.0 43.0 24.0 107.87554 87.22757 149.15122 2.0
24.0 44.0 44.0 70.21081 22.74222 131.35556 2.0
24.0 44.0 24.0 107.87554 87.22757 149.15122 2.0
24.0 47.0 47.0 164.20046 62.75608 126.1017 113.0
24.0 47.0 24.0 107.87554 87.22757 149.15122 113.0
25.0 7.0 7.0 121.68479 13.45432 56.9026 1.0
25.0 7.0 25.0 182.85525 64.00519 100.25241 1.0
25.0 12.0 12.0 179.82248 86.33966 84.72129 678.0
25.0 12.0 25.0 182.85525 64.00519 100.25241 678.0
25.0 15.0 15.0 145.13552 26.59928 64.64762 4.0
25.0 15.0 25.0 182.85525 64.00519 100.25241 4.0
25.0 18.0 18.0 159.19641 24.81105 93.80291 62.0
25.0 18.0 25.0 182.85525 64.00519 100.25241 62.0
25.0 23.0 23.0 173.48364 43.50858 77.0321 435.0
25.0 23.0 25.0 182.85525 64.00519 100.25241 435.0
25.0 25.0 25.0 182.85525 64.00519 100.25241 1214.0
25.0 25.0 25.0 182.85525 64.00519 100.25241 1214.0
25.0 26.0 26.0 132.11802 45.11704 139.10596 3.0
25.0 26.0 25.0 182.85525 64.00519 100.25241 3.0
25.0 32.0 32.0 156.99357 89.1157 58.00023 21.0
25.0 32.0 25.0 182.85525 64.00519 100.25241 21.0
25.0 34.0 34.0 127.80058 111.20963 129.62505 14.0
25.0 34.0 25.0 182.85525 64.00519 100.25241 14.0
25.0 35.0 35.0 147.85093 121.11298 95.65643 47.0
25.0 35.0 25.0 182.85525 64.00519 100.25241 47.0
25.0 46.0 46.0 114.52491 130.25032 52.7292 1.0
25.0 46.0 25.0 182.85525 64.00519 100.25241 1.0
25.0 47.0 47.0 164.20046 62.75608 126.1017 720.0
25.0 47.0 25.0 182.85525 64.00519 100.25241 720.0
26.0 3.0 3.0 83.12256 3.83484 88.05864 1.0
26.0 3.0 26.0 132.11802 45.11704 139.10596 1.0
26.0 12.0 12.0 179.82248 86.33966 84.72129 1.0
26.0 12.0 26.0 132.11802 45.11704 139.10596 1.0
26.0 17.0 17.0 122.84445 11.01033 94.56503 65.0
26.0 17.0 26.0 132.11802 45.11704 139.10596 65.0
26.0 18.0 18.0 159.19641 24.81105 93.80291 115.0
26.0 18.0 26.0 132.11802 45.11704 139.10596 115.0
26.0 23.0 23.0 173.48364 43.50858 77.0321 3.0
26.0 23.0 26.0 132.11802 45.11704 139.10596 3.0
26.0 24.0 24.0 107.87554 87.22757 149.15122 539.0
26.0 24.0 26.0 132.11802 45.11704 139.10596 539.0
26.0 25.0 25.0 182.85525 64.00519 100.25241 3.0
26.0 25.0 26.0 132.11802 45.11704 139.10596 3.0
26.0 26.0 26.0 132.11802 45.11704 139.10596 4442.0
26.0 26.0 26.0 132.11802 45.11704 139.10596 4442.0
26.0 28.0 28.0 84.37677 38.91049 143.13776 248.0
26.0 28.0 26.0 132.11802 45.11704 139.10596 248.0
26.0 29.0 29.0 122.60668 20.56687 121.19194 1040.0
26.0 29.0 26.0 132.11802 45.11704 139.10596 1040.0
26.0 33.0 33.0 97.26768 49.899 149.23007 615.0
26.0 33.0 26.0 132.11802 45.11704 139.10596 615.0
26.0 34.0 34.0 127.80058 111.20963 129.62505 172.0
26.0 34.0 26.0 132.11802 45.11704 139.10596 172.0
26.0 35.0 35.0 147.85093 121.11298 95.65643 1.0
26.0 35.0 26.0 132.11802 45.11704 139.10596 1.0
26.0 37.0 37.0 80.17134 11.07348 113.82935 58.0
26.0 37.0 26.0 132.11802 45.11704 139.10596 58.0
26.0 38.0 38.0 88.73579 68.41737 152.61934 213.0
26.0 38.0 26.0 132.11802 45.11704 139.10596 213.0
26.0 44.0 44.0 70.21081 22.74222 131.35556 5.0
26.0 44.0 26.0 132.11802 45.11704 139.10596 5.0
26.0 47.0 47.0 164.20046 62.75608 126.1017 1039.0
26.0 47.0 26.0 132.11802 45.11704 139.10596 1039.0
27.0 0.0 0.0 55.10566 48.92517 141.99009 23.0
27.0 0.0 27.0 18.76138 45.33994 103.80506 23.0
27.0 2.0 2.0 27.32467 25.40477 87.68018 927.0
27.0 2.0 27.0 18.76138 45.33994 103.80506 927.0
27.0 3.0 3.0 83.12256 3.83484 88.05864 1.0
27.0 3.0 27.0 18.76138 45.33994 103.80506 1.0
27.0 6.0 6.0 5.47484 84.78074 74.41161 430.0
27.0 6.0 27.0 18.76138 45.33994 103.80506 430.0
27.0 11.0 11.0 48.5266 14.11363 56.50929 7.0
27.0 11.0 27.0 18.76138 45.33994 103.80506 7.0
27.0 13.0 13.0 21.80159 31.13646 56.41279 76.0
27.0 13.0 27.0 18.76138 45.33994 103.80506 76.0
27.0 16.0 16.0 37.09432 39.08124 124.6782 649.0
27.0 16.0 27.0 18.76138 45.33994 103.80506 649.0
27.0 22.0 22.0 25.07814 80.02368 119.44054 759.0
27.0 22.0 27.0 18.76138 45.33994 103.80506 759.0
27.0 27.0 27.0 18.76138 45.33994 103.80506 1862.0
27.0 27.0 27.0 18.76138 45.33994 103.80506 1862.0
27.0 36.0 36.0 51.18681 19.46646 119.68086 46.0
27.0 36.0 27.0 18.76138 45.33994 103.80506 46.0
27.0 37.0 37.0 80.17134 11.07348 113.82935 5.0
27.0 37.0 27.0 18.76138 45.33994 103.80506 5.0
27.0 39.0 39.0 21.81235 50.12127 32.80444 11.0
27.0 39.0 27.0 18.76138 45.33994 103.80506 11.0
27.0 42.0 42.0 56.57195 85.2013 144.94011 2.0
27.0 42.0 27.0 18.76138 45.33994 103.80506 2.0
27.0 44.0 44.0 70.21081 22.74222 131.35556 3.0
27.0 44.0 27.0 18.76138 45.33994 103.80506 3.0
27.0 45.0 45.0 35.10153 116.37332 28.55774 1.0
27.0 45.0 27.0 18.76138 45.33994 103.80506 1.0
28.0 0.0 0.0 55.10566 48.92517 141.99009 605.0
28.0 0.0 28.0 84.37677 38.91049 143.13776 605.0
28.0 3.0 3.0 83.12256 3.83484 88.05864 5.0
28.0 3.0 28.0 84.37677 38.91049 143.13776 5.0
28.0 4.0 4.0 72.03725 108.4053 139.65791 5.0
28.0 4.0 28.0 84.37677 38.91049 143.13776 5.0
28.0 5.0 5.0 36.13156 130.02754 82.17171 1.0
28.0 5.0 28.0 84.37677 38.91049 143.13776 1.0
28.0 16.0 16.0 37.09432 39.08124 124.6782 23.0
28.0 16.0 28.0 84.37677 38.91049 143.13776 23.0
28.0 17.0 17.0 122.84445 11.01033 94.56503 8.0
28.0 17.0 28.0 84.37677 38.91049 143.13776 8.0
28.0 19.0 19.0 66.392 15.8381 45.29217 1.0
28.0 19.0 28.0 84.37677 38.91049 143.13776 1.0
28.0 22.0 22.0 25.07814 80.02368 119.44054 8.0
28.0 22.0 28.0 84.37677 38.91049 143.13776 8.0
28.0 24.0 24.0 107.87554 87.22757 149.15122 23.0
28.0 24.0 28.0 84.37677 38.91049 143.13776 23.0
28.0 26.0 26.0 132.11802 45.11704 139.10596 220.0
28.0 26.0 28.0 84.37677 38.91049 143.13776 220.0
28.0 28.0 28.0 84.37677 38.91049 143.13776 1740.0
28.0 28.0 28.0 84.37677 38.91049 143.13776 1740.0
28.0 29.0 29.0 122.60668 20.56687 121.19194 265.0
28.0 29.0 28.0 84.37677 38.91049 143.13776 265.0
28.0 33.0 33.0 97.26768 49.899 149.23007 890.0
28.0 33.0 28.0 84.37677 38.91049 143.13776 890.0
28.0 36.0 36.0 51.18681 19.46646 119.68086 37.0
28.0 36.0 28.0 84.37677 38.91049 143.13776 37.0
28.0 37.0 37.0 80.17134 11.07348 113.82935 412.0
28.0 37.0 28.0 84.37677 38.91049 143.13776 412.0
28.0 38.0 38.0 88.73579 68.41737 152.61934 321.0
28.0 38.0 28.0 84.37677 38.91049 143.13776 321.0
28.0 42.0 42.0 56.57195 85.2013 144.94011 98.0
28.0 42.0 28.0 84.37677 38.91049 143.13776 98.0
28.0 44.0 44.0 70.21081 22.74222 131.35556 539.0
28.0 44.0 28.0 84.37677 38.91049 143.13776 539.0
29.0 0.0 0.0 55.10566 48.92517 141.99009 3.0
29.0 0.0 29.0 122.60668 20.56687 121.19194 3.0
29.0 3.0 3.0 83.12256 3.83484 88.05864 117.0
29.0 3.0 29.0 122.60668 20.56687 121.19194 117.0
29.0 7.0 7.0 121.68479 13.45432 56.9026 7.0
29.0 7.0 29.0 122.60668 20.56687 121.19194 7.0
29.0 10.0 10.0 97.03308 3.9167 61.07235 1.0
29.0 10.0 29.0 122.60668 20.56687 121.19194 1.0
29.0 15.0 15.0 145.13552 26.59928 64.64762 31.0
29.0 15.0 29.0 122.60668 20.56687 121.19194 31.0
29.0 17.0 17.0 122.84445 11.01033 94.56503 869.0
29.0 17.0 29.0 122.60668 20.56687 121.19194 869.0
29.0 18.0 18.0 159.19641 24.81105 93.80291 279.0
29.0 18.0 29.0 122.60668 20.56687 121.19194 279.0
29.0 23.0 23.0 173.48364 43.50858 77.0321 5.0
29.0 23.0 29.0 122.60668 20.56687 121.19194 5.0
29.0 24.0 24.0 107.87554 87.22757 149.15122 2.0
29.0 24.0 29.0 122.60668 20.56687 121.19194 2.0
29.0 25.0 25.0 182.85525 64.00519 100.25241 1.0
29.0 25.0 29.0 122.60668 20.56687 121.19194 1.0
29.0 26.0 26.0 132.11802 45.11704 139.10596 1075.0
29.0 26.0 29.0 122.60668 20.56687 121.19194 1075.0
29.0 28.0 28.0 84.37677 38.91049 143.13776 287.0
29.0 28.0 29.0 122.60668 20.56687 121.19194 287.0
29.0 29.0 29.0 122.60668 20.56687 121.19194 2625.0
29.0 29.0 29.0 122.60668 20.56687 121.19194 2625.0
29.0 33.0 33.0 97.26768 49.899 149.23007 110.0
29.0 33.0 29.0 122.60668 20.56687 121.19194 110.0
29.0 36.0 36.0 51.18681 19.46646 119.68086 1.0
29.0 36.0 29.0 122.60668 20.56687 121.19194 1.0
29.0 37.0 37.0 80.17134 11.07348 113.82935 648.0
29.0 37.0 29.0 122.60668 20.56687 121.19194 648.0
29.0 38.0 38.0 88.73579 68.41737 152.61934 5.0
29.0 38.0 29.0 122.60668 20.56687 121.19194 5.0
29.0 44.0 44.0 70.21081 22.74222 131.35556 37.0
29.0 44.0 29.0 122.60668 20.56687 121.19194 37.0
29.0 46.0 46.0 114.52491 130.25032 52.7292 1.0
29.0 46.0 29.0 122.60668 20.56687 121.19194 1.0
29.0 47.0 47.0 164.20046 62.75608 126.1017 137.0
29.0 47.0 29.0 122.60668 20.56687 121.19194 137.0
30.0 1.0 1.0 66.24215 89.21532 7.45106 182.0
30.0 1.0 30.0 88.33738 139.93201 62.65451 182.0
30.0 2.0 2.0 27.32467 25.40477 87.68018 1.0
30.0 2.0 30.0 88.33738 139.93201 62.65451 1.0
30.0 5.0 5.0 36.13156 130.02754 82.17171 959.0
30.0 5.0 30.0 88.33738 139.93201 62.65451 959.0
30.0 8.0 8.0 108.17632 86.01596 38.67176 327.0
30.0 8.0 30.0 88.33738 139.93201 62.65451 327.0
30.0 9.0 9.0 78.59947 139.91969 102.65232 644.0
30.0 9.0 30.0 88.33738 139.93201 62.65451 644.0
30.0 14.0 14.0 128.34204 116.05256 40.30091 146.0
30.0 14.0 30.0 88.33738 139.93201 62.65451 146.0
30.0 23.0 23.0 173.48364 43.50858 77.0321 1.0
30.0 23.0 30.0 88.33738 139.93201 62.65451 1.0
30.0 30.0 30.0 88.33738 139.93201 62.65451 8249.0
30.0 30.0 30.0 88.33738 139.93201 62.65451 8249.0
30.0 32.0 32.0 156.99357 89.1157 58.00023 2.0
30.0 32.0 30.0 88.33738 139.93201 62.65451 2.0
30.0 34.0 34.0 127.80058 111.20963 129.62505 40.0
30.0 34.0 30.0 88.33738 139.93201 62.65451 40.0
30.0 35.0 35.0 147.85093 121.11298 95.65643 413.0
30.0 35.0 30.0 88.33738 139.93201 62.65451 413.0
30.0 41.0 41.0 59.82566 126.03763 122.51442 12.0
30.0 41.0 30.0 88.33738 139.93201 62.65451 12.0
30.0 43.0 43.0 101.76461 137.71018 99.17126 1232.0
30.0 43.0 30.0 88.33738 139.93201 62.65451 1232.0
30.0 45.0 45.0 35.10153 116.37332 28.55774 437.0
30.0 45.0 30.0 88.33738 139.93201 62.65451 437.0
30.0 46.0 46.0 114.52491 130.25032 52.7292 1838.0
30.0 46.0 30.0 88.33738 139.93201 62.65451 1838.0
31.0 3.0 3.0 83.12256 3.83484 88.05864 2.0
31.0 3.0 31.0 121.63956 38.94475 36.07903 2.0
31.0 7.0 7.0 121.68479 13.45432 56.9026 908.0
31.0 7.0 31.0 121.63956 38.94475 36.07903 908.0
31.0 8.0 8.0 108.17632 86.01596 38.67176 1079.0
31.0 8.0 31.0 121.63956 38.94475 36.07903 1079.0
31.0 10.0 10.0 97.03308 3.9167 61.07235 206.0
31.0 10.0 31.0 121.63956 38.94475 36.07903 206.0
31.0 11.0 11.0 48.5266 14.11363 56.50929 1.0
31.0 11.0 31.0 121.63956 38.94475 36.07903 1.0
31.0 12.0 12.0 179.82248 86.33966 84.72129 7.0
31.0 12.0 31.0 121.63956 38.94475 36.07903 7.0
31.0 14.0 14.0 128.34204 116.05256 40.30091 2.0
31.0 14.0 31.0 121.63956 38.94475 36.07903 2.0
31.0 15.0 15.0 145.13552 26.59928 64.64762 762.0
31.0 15.0 31.0 121.63956 38.94475 36.07903 762.0
31.0 17.0 17.0 122.84445 11.01033 94.56503 6.0
31.0 17.0 31.0 121.63956 38.94475 36.07903 6.0
31.0 18.0 18.0 159.19641 24.81105 93.80291 8.0
31.0 18.0 31.0 121.63956 38.94475 36.07903 8.0
31.0 19.0 19.0 66.392 15.8381 45.29217 12.0
31.0 19.0 31.0 121.63956 38.94475 36.07903 12.0
31.0 20.0 20.0 84.94311 53.73336 22.17617 1157.0
31.0 20.0 31.0 121.63956 38.94475 36.07903 1157.0
31.0 23.0 23.0 173.48364 43.50858 77.0321 66.0
31.0 23.0 31.0 121.63956 38.94475 36.07903 66.0
31.0 31.0 31.0 121.63956 38.94475 36.07903 6641.0
31.0 31.0 31.0 121.63956 38.94475 36.07903 6641.0
31.0 32.0 32.0 156.99357 89.1157 58.00023 325.0
31.0 32.0 31.0 121.63956 38.94475 36.07903 325.0
31.0 40.0 40.0 83.23122 23.54379 42.38986 582.0
31.0 40.0 31.0 121.63956 38.94475 36.07903 582.0
31.0 45.0 45.0 35.10153 116.37332 28.55774 1.0
31.0 45.0 31.0 121.63956 38.94475 36.07903 1.0
32.0 7.0 7.0 121.68479 13.45432 56.9026 6.0
32.0 7.0 32.0 156.99357 89.1157 58.00023 6.0
32.0 8.0 8.0 108.17632 86.01596 38.67176 883.0
32.0 8.0 32.0 156.99357 89.1157 58.00023 883.0
32.0 12.0 12.0 179.82248 86.33966 84.72129 945.0
32.0 12.0 32.0 156.99357 89.1157 58.00023 945.0
32.0 14.0 14.0 128.34204 116.05256 40.30091 863.0
32.0 14.0 32.0 156.99357 89.1157 58.00023 863.0
32.0 15.0 15.0 145.13552 26.59928 64.64762 225.0
32.0 15.0 32.0 156.99357 89.1157 58.00023 225.0
32.0 18.0 18.0 159.19641 24.81105 93.80291 2.0
32.0 18.0 32.0 156.99357 89.1157 58.00023 2.0
32.0 20.0 20.0 84.94311 53.73336 22.17617 3.0
32.0 20.0 32.0 156.99357 89.1157 58.00023 3.0
32.0 23.0 23.0 173.48364 43.50858 77.0321 260.0
32.0 23.0 32.0 156.99357 89.1157 58.00023 260.0
32.0 25.0 25.0 182.85525 64.00519 100.25241 31.0
32.0 25.0 32.0 156.99357 89.1157 58.00023 31.0
32.0 30.0 30.0 88.33738 139.93201 62.65451 2.0
32.0 30.0 32.0 156.99357 89.1157 58.00023 2.0
32.0 31.0 31.0 121.63956 38.94475 36.07903 303.0
32.0 31.0 32.0 156.99357 89.1157 58.00023 303.0
32.0 32.0 32.0 156.99357 89.1157 58.00023 5242.0
32.0 32.0 32.0 156.99357 89.1157 58.00023 5242.0
32.0 35.0 35.0 147.85093 121.11298 95.65643 517.0
32.0 35.0 32.0 156.99357 89.1157 58.00023 517.0
32.0 46.0 46.0 114.52491 130.25032 52.7292 159.0
32.0 46.0 32.0 156.99357 89.1157 58.00023 159.0
33.0 0.0 0.0 55.10566 48.92517 141.99009 146.0
33.0 0.0 33.0 97.26768 49.899 149.23007 146.0
33.0 4.0 4.0 72.03725 108.4053 139.65791 4.0
33.0 4.0 33.0 97.26768 49.899 149.23007 4.0
33.0 16.0 16.0 37.09432 39.08124 124.6782 3.0
33.0 16.0 33.0 97.26768 49.899 149.23007 3.0
33.0 17.0 17.0 122.84445 11.01033 94.56503 2.0
33.0 17.0 33.0 97.26768 49.899 149.23007 2.0
33.0 22.0 22.0 25.07814 80.02368 119.44054 1.0
33.0 22.0 33.0 97.26768 49.899 149.23007 1.0
33.0 24.0 24.0 107.87554 87.22757 149.15122 278.0
33.0 24.0 33.0 97.26768 49.899 149.23007 278.0
33.0 26.0 26.0 132.11802 45.11704 139.10596 621.0
33.0 26.0 33.0 97.26768 49.899 149.23007 621.0
33.0 28.0 28.0 84.37677 38.91049 143.13776 900.0
33.0 28.0 33.0 97.26768 49.899 149.23007 900.0
33.0 29.0 29.0 122.60668 20.56687 121.19194 119.0
33.0 29.0 33.0 97.26768 49.899 149.23007 119.0
33.0 33.0 33.0 97.26768 49.899 149.23007 1475.0
33.0 33.0 33.0 97.26768 49.899 149.23007 1475.0
33.0 34.0 34.0 127.80058 111.20963 129.62505 2.0
33.0 34.0 33.0 97.26768 49.899 149.23007 2.0
33.0 36.0 36.0 51.18681 19.46646 119.68086 3.0
33.0 36.0 33.0 97.26768 49.899 149.23007 3.0
33.0 37.0 37.0 80.17134 11.07348 113.82935 50.0
33.0 37.0 33.0 97.26768 49.899 149.23007 50.0
33.0 38.0 38.0 88.73579 68.41737 152.61934 805.0
33.0 38.0 33.0 97.26768 49.899 149.23007 805.0
33.0 42.0 42.0 56.57195 85.2013 144.94011 85.0
33.0 42.0 33.0 97.26768 49.899 149.23007 85.0
33.0 44.0 44.0 70.21081 22.74222 131.35556 65.0
33.0 44.0 33.0 97.26768 49.899 149.23007 65.0
33.0 47.0 47.0 164.20046 62.75608 126.1017 2.0
33.0 47.0 33.0 97.26768 49.899 149.23007 2.0
34.0 4.0 4.0 72.03725 108.4053 139.65791 471.0
34.0 4.0 34.0 127.80058 111.20963 129.62505 471.0
34.0 5.0 5.0 36.13156 130.02754 82.17171 1.0
34.0 5.0 34.0 127.80058 111.20963 129.62505 1.0
34.0 9.0 9.0 78.59947 139.91969 102.65232 336.0
34.0 9.0 34.0 127.80058 111.20963 129.62505 336.0
34.0 12.0 12.0 179.82248 86.33966 84.72129 64.0
34.0 12.0 34.0 127.80058 111.20963 129.62505 64.0
34.0 14.0 14.0 128.34204 116.05256 40.30091 1.0
34.0 14.0 34.0 127.80058 111.20963 129.62505 1.0
34.0 24.0 24.0 107.87554 87.22757 149.15122 1477.0
34.0 24.0 34.0 127.80058 111.20963 129.62505 1477.0
34.0 25.0 25.0 182.85525 64.00519 100.25241 12.0
34.0 25.0 34.0 127.80058 111.20963 129.62505 12.0
34.0 26.0 26.0 132.11802 45.11704 139.10596 173.0
34.0 26.0 34.0 127.80058 111.20963 129.62505 173.0
34.0 30.0 30.0 88.33738 139.93201 62.65451 46.0
34.0 30.0 34.0 127.80058 111.20963 129.62505 46.0
34.0 32.0 32.0 156.99357 89.1157 58.00023 2.0
34.0 32.0 34.0 127.80058 111.20963 129.62505 2.0
34.0 33.0 33.0 97.26768 49.899 149.23007 5.0
34.0 33.0 34.0 127.80058 111.20963 129.62505 5.0
34.0 34.0 34.0 127.80058 111.20963 129.62505 9544.0
34.0 34.0 34.0 127.80058 111.20963 129.62505 9544.0
34.0 35.0 35.0 147.85093 121.11298 95.65643 1403.0
34.0 35.0 34.0 127.80058 111.20963 129.62505 1403.0
34.0 38.0 38.0 88.73579 68.41737 152.61934 25.0
34.0 38.0 34.0 127.80058 111.20963 129.62505 25.0
34.0 41.0 41.0 59.82566 126.03763 122.51442 236.0
34.0 41.0 34.0 127.80058 111.20963 129.62505 236.0
34.0 42.0 42.0 56.57195 85.2013 144.94011 4.0
34.0 42.0 34.0 127.80058 111.20963 129.62505 4.0
34.0 43.0 43.0 101.76461 137.71018 99.17126 810.0
34.0 43.0 34.0 127.80058 111.20963 129.62505 810.0
34.0 46.0 46.0 114.52491 130.25032 52.7292 5.0
34.0 46.0 34.0 127.80058 111.20963 129.62505 5.0
34.0 47.0 47.0 164.20046 62.75608 126.1017 665.0
34.0 47.0 34.0 127.80058 111.20963 129.62505 665.0
35.0 8.0 8.0 108.17632 86.01596 38.67176 4.0
35.0 8.0 35.0 147.85093 121.11298 95.65643 4.0
35.0 9.0 9.0 78.59947 139.91969 102.65232 8.0
35.0 9.0 35.0 147.85093 121.11298 95.65643 8.0
35.0 12.0 12.0 179.82248 86.33966 84.72129 669.0
35.0 12.0 35.0 147.85093 121.11298 95.65643 669.0
35.0 14.0 14.0 128.34204 116.05256 40.30091 174.0
35.0 14.0 35.0 147.85093 121.11298 95.65643 174.0
35.0 24.0 24.0 107.87554 87.22757 149.15122 3.0
35.0 24.0 35.0 147.85093 121.11298 95.65643 3.0
35.0 25.0 25.0 182.85525 64.00519 100.25241 55.0
35.0 25.0 35.0 147.85093 121.11298 95.65643 55.0
35.0 26.0 26.0 132.11802 45.11704 139.10596 1.0
35.0 26.0 35.0 147.85093 121.11298 95.65643 1.0
35.0 28.0 28.0 84.37677 38.91049 143.13776 2.0
35.0 28.0 35.0 147.85093 121.11298 95.65643 2.0
35.0 30.0 30.0 88.33738 139.93201 62.65451 389.0
35.0 30.0 35.0 147.85093 121.11298 95.65643 389.0
35.0 32.0 32.0 156.99357 89.1157 58.00023 551.0
35.0 32.0 35.0 147.85093 121.11298 95.65643 551.0
35.0 34.0 34.0 127.80058 111.20963 129.62505 1430.0
35.0 34.0 35.0 147.85093 121.11298 95.65643 1430.0
35.0 35.0 35.0 147.85093 121.11298 95.65643 6437.0
35.0 35.0 35.0 147.85093 121.11298 95.65643 6437.0
35.0 41.0 41.0 59.82566 126.03763 122.51442 1.0
35.0 41.0 35.0 147.85093 121.11298 95.65643 1.0
35.0 43.0 43.0 101.76461 137.71018 99.17126 486.0
35.0 43.0 35.0 147.85093 121.11298 95.65643 486.0
35.0 46.0 46.0 114.52491 130.25032 52.7292 648.0
35.0 46.0 35.0 147.85093 121.11298 95.65643 648.0
35.0 47.0 47.0 164.20046 62.75608 126.1017 184.0
35.0 47.0 35.0 147.85093 121.11298 95.65643 184.0
36.0 0.0 0.0 55.10566 48.92517 141.99009 267.0
36.0 0.0 36.0 51.18681 19.46646 119.68086 267.0
36.0 2.0 2.0 27.32467 25.40477 87.68018 273.0
36.0 2.0 36.0 51.18681 19.46646 119.68086 273.0
36.0 3.0 3.0 83.12256 3.83484 88.05864 95.0
36.0 3.0 36.0 51.18681 19.46646 119.68086 95.0
36.0 8.0 8.0 108.17632 86.01596 38.67176 1.0
36.0 8.0 36.0 51.18681 19.46646 119.68086 1.0
36.0 10.0 10.0 97.03308 3.9167 61.07235 1.0
36.0 10.0 36.0 51.18681 19.46646 119.68086 1.0
36.0 11.0 11.0 48.5266 14.11363 56.50929 38.0
36.0 11.0 36.0 51.18681 19.46646 119.68086 38.0
36.0 13.0 13.0 21.80159 31.13646 56.41279 2.0
36.0 13.0 36.0 51.18681 19.46646 119.68086 2.0
36.0 16.0 16.0 37.09432 39.08124 124.6782 589.0
36.0 16.0 36.0 51.18681 19.46646 119.68086 589.0
36.0 22.0 22.0 25.07814 80.02368 119.44054 6.0
36.0 22.0 36.0 51.18681 19.46646 119.68086 6.0
36.0 27.0 27.0 18.76138 45.33994 103.80506 56.0
36.0 27.0 36.0 51.18681 19.46646 119.68086 56.0
36.0 28.0 28.0 84.37677 38.91049 143.13776 41.0
36.0 28.0 36.0 51.18681 19.46646 119.68086 41.0
36.0 33.0 33.0 97.26768 49.899 149.23007 2.0
36.0 33.0 36.0 51.18681 19.46646 119.68086 2.0
36.0 36.0 36.0 51.18681 19.46646 119.68086 814.0
36.0 36.0 36.0 51.18681 19.46646 119.68086 814.0
36.0 37.0 37.0 80.17134 11.07348 113.82935 497.0
36.0 37.0 36.0 51.18681 19.46646 119.68086 497.0
36.0 44.0 44.0 70.21081 22.74222 131.35556 439.0
36.0 44.0 36.0 51.18681 19.46646 119.68086 439.0
37.0 0.0 0.0 55.10566 48.92517 141.99009 49.0
37.0 0.0 37.0 80.17134 11.07348 113.82935 49.0
37.0 2.0 2.0 27.32467 25.40477 87.68018 220.0
37.0 2.0 37.0 80.17134 11.07348 113.82935 220.0
37.0 3.0 3.0 83.12256 3.83484 88.05864 1430.0
37.0 3.0 37.0 80.17134 11.07348 113.82935 1430.0
37.0 7.0 7.0 121.68479 13.45432 56.9026 3.0
37.0 7.0 37.0 80.17134 11.07348 113.82935 3.0
37.0 10.0 10.0 97.03308 3.9167 61.07235 22.0
37.0 10.0 37.0 80.17134 11.07348 113.82935 22.0
37.0 11.0 11.0 48.5266 14.11363 56.50929 136.0
37.0 11.0 37.0 80.17134 11.07348 113.82935 136.0
37.0 13.0 13.0 21.80159 31.13646 56.41279 1.0
37.0 13.0 37.0 80.17134 11.07348 113.82935 1.0
37.0 16.0 16.0 37.09432 39.08124 124.6782 102.0
37.0 16.0 37.0 80.17134 11.07348 113.82935 102.0
37.0 17.0 17.0 122.84445 11.01033 94.56503 310.0
37.0 17.0 37.0 80.17134 11.07348 113.82935 310.0
37.0 18.0 18.0 159.19641 24.81105 93.80291 1.0
37.0 18.0 37.0 80.17134 11.07348 113.82935 1.0
37.0 19.0 19.0 66.392 15.8381 45.29217 8.0
37.0 19.0 37.0 80.17134 11.07348 113.82935 8.0
37.0 26.0 26.0 132.11802 45.11704 139.10596 62.0
37.0 26.0 37.0 80.17134 11.07348 113.82935 62.0
37.0 27.0 27.0 18.76138 45.33994 103.80506 7.0
37.0 27.0 37.0 80.17134 11.07348 113.82935 7.0
37.0 28.0 28.0 84.37677 38.91049 143.13776 396.0
37.0 28.0 37.0 80.17134 11.07348 113.82935 396.0
37.0 29.0 29.0 122.60668 20.56687 121.19194 664.0
37.0 29.0 37.0 80.17134 11.07348 113.82935 664.0
37.0 33.0 33.0 97.26768 49.899 149.23007 61.0
37.0 33.0 37.0 80.17134 11.07348 113.82935 61.0
37.0 36.0 36.0 51.18681 19.46646 119.68086 514.0
37.0 36.0 37.0 80.17134 11.07348 113.82935 514.0
37.0 37.0 37.0 80.17134 11.07348 113.82935 4408.0
37.0 37.0 37.0 80.17134 11.07348 113.82935 4408.0
37.0 38.0 38.0 88.73579 68.41737 152.61934 1.0
37.0 38.0 37.0 80.17134 11.07348 113.82935 1.0
37.0 40.0 40.0 83.23122 23.54379 42.38986 1.0
37.0 40.0 37.0 80.17134 11.07348 113.82935 1.0
37.0 42.0 42.0 56.57195 85.2013 144.94011 1.0
37.0 42.0 37.0 80.17134 11.07348 113.82935 1.0
37.0 44.0 44.0 70.21081 22.74222 131.35556 806.0
37.0 44.0 37.0 80.17134 11.07348 113.82935 806.0
38.0 0.0 0.0 55.10566 48.92517 141.99009 226.0
38.0 0.0 38.0 88.73579 68.41737 152.61934 226.0
38.0 2.0 2.0 27.32467 25.40477 87.68018 1.0
38.0 2.0 38.0 88.73579 68.41737 152.61934 1.0
38.0 4.0 4.0 72.03725 108.4053 139.65791 136.0
38.0 4.0 38.0 88.73579 68.41737 152.61934 136.0
38.0 16.0 16.0 37.09432 39.08124 124.6782 6.0
38.0 16.0 38.0 88.73579 68.41737 152.61934 6.0
38.0 22.0 22.0 25.07814 80.02368 119.44054 15.0
38.0 22.0 38.0 88.73579 68.41737 152.61934 15.0
38.0 24.0 24.0 107.87554 87.22757 149.15122 1076.0
38.0 24.0 38.0 88.73579 68.41737 152.61934 1076.0
38.0 26.0 26.0 132.11802 45.11704 139.10596 216.0
38.0 26.0 38.0 88.73579 68.41737 152.61934 216.0
38.0 28.0 28.0 84.37677 38.91049 143.13776 331.0
38.0 28.0 38.0 88.73579 68.41737 152.61934 331.0
38.0 29.0 29.0 122.60668 20.56687 121.19194 2.0
38.0 29.0 38.0 88.73579 68.41737 152.61934 2.0
38.0 33.0 33.0 97.26768 49.899 149.23007 847.0
38.0 33.0 38.0 88.73579 68.41737 152.61934 847.0
38.0 34.0 34.0 127.80058 111.20963 129.62505 24.0
38.0 34.0 38.0 88.73579 68.41737 152.61934 24.0
38.0 36.0 36.0 51.18681 19.46646 119.68086 2.0
38.0 36.0 38.0 88.73579 68.41737 152.61934 2.0
38.0 37.0 37.0 80.17134 11.07348 113.82935 1.0
38.0 37.0 38.0 88.73579 68.41737 152.61934 1.0
38.0 38.0 38.0 88.73579 68.41737 152.61934 1755.0
38.0 38.0 38.0 88.73579 68.41737 152.61934 1755.0
38.0 41.0 41.0 59.82566 126.03763 122.51442 2.0
38.0 41.0 38.0 88.73579 68.41737 152.61934 2.0
38.0 42.0 42.0 56.57195 85.2013 144.94011 628.0
38.0 42.0 38.0 88.73579 68.41737 152.61934 628.0
38.0 44.0 44.0 70.21081 22.74222 131.35556 9.0
38.0 44.0 38.0 88.73579 68.41737 152.61934 9.0
38.0 47.0 47.0 164.20046 62.75608 126.1017 3.0
38.0 47.0 38.0 88.73579 68.41737 152.61934 3.0
39.0 1.0 1.0 66.24215 89.21532 7.45106 150.0
39.0 1.0 39.0 21.81235 50.12127 32.80444 150.0
39.0 2.0 2.0 27.32467 25.40477 87.68018 84.0
39.0 2.0 39.0 21.81235 50.12127 32.80444 84.0
39.0 5.0 5.0 36.13156 130.02754 82.17171 2.0
39.0 5.0 39.0 21.81235 50.12127 32.80444 2.0
39.0 6.0 6.0 5.47484 84.78074 74.41161 799.0
39.0 6.0 39.0 21.81235 50.12127 32.80444 799.0
39.0 8.0 8.0 108.17632 86.01596 38.67176 2.0
39.0 8.0 39.0 21.81235 50.12127 32.80444 2.0
39.0 11.0 11.0 48.5266 14.11363 56.50929 483.0
39.0 11.0 39.0 21.81235 50.12127 32.80444 483.0
39.0 12.0 12.0 179.82248 86.33966 84.72129 1.0
39.0 12.0 39.0 21.81235 50.12127 32.80444 1.0
39.0 13.0 13.0 21.80159 31.13646 56.41279 1008.0
39.0 13.0 39.0 21.81235 50.12127 32.80444 1008.0
39.0 19.0 19.0 66.392 15.8381 45.29217 136.0
39.0 19.0 39.0 21.81235 50.12127 32.80444 136.0
39.0 20.0 20.0 84.94311 53.73336 22.17617 278.0
39.0 20.0 39.0 21.81235 50.12127 32.80444 278.0
39.0 21.0 21.0 28.21237 78.14993 19.34777 1183.0
39.0 21.0 39.0 21.81235 50.12127 32.80444 1183.0
39.0 27.0 27.0 18.76138 45.33994 103.80506 10.0
39.0 27.0 39.0 21.81235 50.12127 32.80444 10.0
39.0 39.0 39.0 21.81235 50.12127 32.80444 5478.0
39.0 39.0 39.0 21.81235 50.12127 32.80444 5478.0
39.0 40.0 40.0 83.23122 23.54379 42.38986 16.0
39.0 40.0 39.0 21.81235 50.12127 32.80444 16.0
39.0 45.0 45.0 35.10153 116.37332 28.55774 52.0
39.0 45.0 39.0 21.81235 50.12127 32.80444 52.0
40.0 1.0 1.0 66.24215 89.21532 7.45106 6.0
40.0 1.0 40.0 83.23122 23.54379 42.38986 6.0
40.0 2.0 2.0 27.32467 25.40477 87.68018 1.0
40.0 2.0 40.0 83.23122 23.54379 42.38986 1.0
40.0 3.0 3.0 83.12256 3.83484 88.05864 73.0
40.0 3.0 40.0 83.23122 23.54379 42.38986 73.0
40.0 7.0 7.0 121.68479 13.45432 56.9026 137.0
40.0 7.0 40.0 83.23122 23.54379 42.38986 137.0
40.0 8.0 8.0 108.17632 86.01596 38.67176 12.0
40.0 8.0 40.0 83.23122 23.54379 42.38986 12.0
40.0 10.0 10.0 97.03308 3.9167 61.07235 700.0
40.0 10.0 40.0 83.23122 23.54379 42.38986 700.0
40.0 11.0 11.0 48.5266 14.11363 56.50929 281.0
40.0 11.0 40.0 83.23122 23.54379 42.38986 281.0
40.0 13.0 13.0 21.80159 31.13646 56.41279 3.0
40.0 13.0 40.0 83.23122 23.54379 42.38986 3.0
40.0 15.0 15.0 145.13552 26.59928 64.64762 4.0
40.0 15.0 40.0 83.23122 23.54379 42.38986 4.0
40.0 17.0 17.0 122.84445 11.01033 94.56503 3.0
40.0 17.0 40.0 83.23122 23.54379 42.38986 3.0
40.0 19.0 19.0 66.392 15.8381 45.29217 845.0
40.0 19.0 40.0 83.23122 23.54379 42.38986 845.0
40.0 20.0 20.0 84.94311 53.73336 22.17617 970.0
40.0 20.0 40.0 83.23122 23.54379 42.38986 970.0
40.0 21.0 21.0 28.21237 78.14993 19.34777 5.0
40.0 21.0 40.0 83.23122 23.54379 42.38986 5.0
40.0 31.0 31.0 121.63956 38.94475 36.07903 609.0
40.0 31.0 40.0 83.23122 23.54379 42.38986 609.0
40.0 37.0 37.0 80.17134 11.07348 113.82935 3.0
40.0 37.0 40.0 83.23122 23.54379 42.38986 3.0
40.0 39.0 39.0 21.81235 50.12127 32.80444 19.0
40.0 39.0 40.0 83.23122 23.54379 42.38986 19.0
40.0 40.0 40.0 83.23122 23.54379 42.38986 2410.0
40.0 40.0 40.0 83.23122 23.54379 42.38986 2410.0
41.0 0.0 0.0 55.10566 48.92517 141.99009 1.0
41.0 0.0 41.0 59.82566 126.03763 122.51442 1.0
41.0 4.0 4.0 72.03725 108.4053 139.65791 1581.0
41.0 4.0 41.0 59.82566 126.03763 122.51442 1581.0
41.0 5.0 5.0 36.13156 130.02754 82.17171 1272.0
41.0 5.0 41.0 59.82566 126.03763 122.51442 1272.0
41.0 6.0 6.0 5.47484 84.78074 74.41161 9.0
41.0 6.0 41.0 59.82566 126.03763 122.51442 9.0
41.0 9.0 9.0 78.59947 139.91969 102.65232 1154.0
41.0 9.0 41.0 59.82566 126.03763 122.51442 1154.0
41.0 13.0 13.0 21.80159 31.13646 56.41279 1.0
41.0 13.0 41.0 59.82566 126.03763 122.51442 1.0
41.0 22.0 22.0 25.07814 80.02368 119.44054 353.0
41.0 22.0 41.0 59.82566 126.03763 122.51442 353.0
41.0 24.0 24.0 107.87554 87.22757 149.15122 53.0
41.0 24.0 41.0 59.82566 126.03763 122.51442 53.0
41.0 28.0 28.0 84.37677 38.91049 143.13776 1.0
41.0 28.0 41.0 59.82566 126.03763 122.51442 1.0
41.0 30.0 30.0 88.33738 139.93201 62.65451 15.0
41.0 30.0 41.0 59.82566 126.03763 122.51442 15.0
41.0 34.0 34.0 127.80058 111.20963 129.62505 244.0
41.0 34.0 41.0 59.82566 126.03763 122.51442 244.0
41.0 38.0 38.0 88.73579 68.41737 152.61934 3.0
41.0 38.0 41.0 59.82566 126.03763 122.51442 3.0
41.0 41.0 41.0 59.82566 126.03763 122.51442 4989.0
41.0 41.0 41.0 59.82566 126.03763 122.51442 4989.0
41.0 42.0 42.0 56.57195 85.2013 144.94011 216.0
41.0 42.0 41.0 59.82566 126.03763 122.51442 216.0
41.0 43.0 43.0 101.76461 137.71018 99.17126 191.0
41.0 43.0 41.0 59.82566 126.03763 122.51442 191.0
42.0 0.0 0.0 55.10566 48.92517 141.99009 518.0
42.0 0.0 42.0 56.57195 85.2013 144.94011 518.0
42.0 4.0 4.0 72.03725 108.4053 139.65791 1184.0
42.0 4.0 42.0 56.57195 85.2013 144.94011 1184.0
42.0 5.0 5.0 36.13156 130.02754 82.17171 28.0
42.0 5.0 42.0 56.57195 85.2013 144.94011 28.0
42.0 7.0 7.0 121.68479 13.45432 56.9026 1.0
42.0 7.0 42.0 56.57195 85.2013 144.94011 1.0
42.0 16.0 16.0 37.09432 39.08124 124.6782 83.0
42.0 16.0 42.0 56.57195 85.2013 144.94011 83.0
42.0 22.0 22.0 25.07814 80.02368 119.44054 909.0
42.0 22.0 42.0 56.57195 85.2013 144.94011 909.0
42.0 24.0 24.0 107.87554 87.22757 149.15122 288.0
42.0 24.0 42.0 56.57195 85.2013 144.94011 288.0
42.0 27.0 27.0 18.76138 45.33994 103.80506 1.0
42.0 27.0 42.0 56.57195 85.2013 144.94011 1.0
42.0 28.0 28.0 84.37677 38.91049 143.13776 106.0
42.0 28.0 42.0 56.57195 85.2013 144.94011 106.0
42.0 33.0 33.0 97.26768 49.899 149.23007 83.0
42.0 33.0 42.0 56.57195 85.2013 144.94011 83.0
42.0 34.0 34.0 127.80058 111.20963 129.62505 3.0
42.0 34.0 42.0 56.57195 85.2013 144.94011 3.0
42.0 36.0 36.0 51.18681 19.46646 119.68086 2.0
42.0 36.0 42.0 56.57195 85.2013 144.94011 2.0
42.0 37.0 37.0 80.17134 11.07348 113.82935 1.0
42.0 37.0 42.0 56.57195 85.2013 144.94011 1.0
42.0 38.0 38.0 88.73579 68.41737 152.61934 615.0
42.0 38.0 42.0 56.57195 85.2013 144.94011 615.0
42.0 41.0 41.0 59.82566 126.03763 122.51442 219.0
42.0 41.0 42.0 56.57195 85.2013 144.94011 219.0
42.0 42.0 42.0 56.57195 85.2013 144.94011 3160.0
42.0 42.0 42.0 56.57195 85.2013 144.94011 3160.0
42.0 44.0 44.0 70.21081 22.74222 131.35556 2.0
42.0 44.0 42.0 56.57195 85.2013 144.94011 2.0
43.0 4.0 4.0 72.03725 108.4053 139.65791 41.0
43.0 4.0 43.0 101.76461 137.71018 99.17126 41.0
43.0 5.0 5.0 36.13156 130.02754 82.17171 41.0
43.0 5.0 43.0 101.76461 137.71018 99.17126 41.0
43.0 8.0 8.0 108.17632 86.01596 38.67176 1.0
43.0 8.0 43.0 101.76461 137.71018 99.17126 1.0
43.0 9.0 9.0 78.59947 139.91969 102.65232 1155.0
43.0 9.0 43.0 101.76461 137.71018 99.17126 1155.0
43.0 24.0 24.0 107.87554 87.22757 149.15122 9.0
43.0 24.0 43.0 101.76461 137.71018 99.17126 9.0
43.0 30.0 30.0 88.33738 139.93201 62.65451 1172.0
43.0 30.0 43.0 101.76461 137.71018 99.17126 1172.0
43.0 34.0 34.0 127.80058 111.20963 129.62505 797.0
43.0 34.0 43.0 101.76461 137.71018 99.17126 797.0
43.0 35.0 35.0 147.85093 121.11298 95.65643 468.0
43.0 35.0 43.0 101.76461 137.71018 99.17126 468.0
43.0 37.0 37.0 80.17134 11.07348 113.82935 1.0
43.0 37.0 43.0 101.76461 137.71018 99.17126 1.0
43.0 41.0 41.0 59.82566 126.03763 122.51442 155.0
43.0 41.0 43.0 101.76461 137.71018 99.17126 155.0
43.0 43.0 43.0 101.76461 137.71018 99.17126 2616.0
43.0 43.0 43.0 101.76461 137.71018 99.17126 2616.0
43.0 45.0 45.0 35.10153 116.37332 28.55774 1.0
43.0 45.0 43.0 101.76461 137.71018 99.17126 1.0
43.0 46.0 46.0 114.52491 130.25032 52.7292 108.0
43.0 46.0 43.0 101.76461 137.71018 99.17126 108.0
44.0 0.0 0.0 55.10566 48.92517 141.99009 353.0
44.0 0.0 44.0 70.21081 22.74222 131.35556 353.0
44.0 2.0 2.0 27.32467 25.40477 87.68018 22.0
44.0 2.0 44.0 70.21081 22.74222 131.35556 22.0
44.0 3.0 3.0 83.12256 3.83484 88.05864 32.0
44.0 3.0 44.0 70.21081 22.74222 131.35556 32.0
44.0 6.0 6.0 5.47484 84.78074 74.41161 1.0
44.0 6.0 44.0 70.21081 22.74222 131.35556 1.0
44.0 11.0 11.0 48.5266 14.11363 56.50929 1.0
44.0 11.0 44.0 70.21081 22.74222 131.35556 1.0
44.0 16.0 16.0 37.09432 39.08124 124.6782 125.0
44.0 16.0 44.0 70.21081 22.74222 131.35556 125.0
44.0 22.0 22.0 25.07814 80.02368 119.44054 1.0
44.0 22.0 44.0 70.21081 22.74222 131.35556 1.0
44.0 24.0 24.0 107.87554 87.22757 149.15122 1.0
44.0 24.0 44.0 70.21081 22.74222 131.35556 1.0
44.0 26.0 26.0 132.11802 45.11704 139.10596 8.0
44.0 26.0 44.0 70.21081 22.74222 131.35556 8.0
44.0 27.0 27.0 18.76138 45.33994 103.80506 3.0
44.0 27.0 44.0 70.21081 22.74222 131.35556 3.0
44.0 28.0 28.0 84.37677 38.91049 143.13776 474.0
44.0 28.0 44.0 70.21081 22.74222 131.35556 474.0
44.0 29.0 29.0 122.60668 20.56687 121.19194 56.0
44.0 29.0 44.0 70.21081 22.74222 131.35556 56.0
44.0 33.0 33.0 97.26768 49.899 149.23007 56.0
44.0 33.0 44.0 70.21081 22.74222 131.35556 56.0
44.0 36.0 36.0 51.18681 19.46646 119.68086 469.0
44.0 36.0 44.0 70.21081 22.74222 131.35556 469.0
44.0 37.0 37.0 80.17134 11.07348 113.82935 817.0
44.0 37.0 44.0 70.21081 22.74222 131.35556 817.0
44.0 38.0 38.0 88.73579 68.41737 152.61934 16.0
44.0 38.0 44.0 70.21081 22.74222 131.35556 16.0
44.0 40.0 40.0 83.23122 23.54379 42.38986 1.0
44.0 40.0 44.0 70.21081 22.74222 131.35556 1.0
44.0 41.0 41.0 59.82566 126.03763 122.51442 1.0
44.0 41.0 44.0 70.21081 22.74222 131.35556 1.0
44.0 42.0 42.0 56.57195 85.2013 144.94011 2.0
44.0 42.0 44.0 70.21081 22.74222 131.35556 2.0
44.0 44.0 44.0 70.21081 22.74222 131.35556 1001.0
44.0 44.0 44.0 70.21081 22.74222 131.35556 1001.0
45.0 1.0 1.0 66.24215 89.21532 7.45106 1049.0
45.0 1.0 45.0 35.10153 116.37332 28.55774 1049.0
45.0 5.0 5.0 36.13156 130.02754 82.17171 1105.0
45.0 5.0 45.0 35.10153 116.37332 28.55774 1105.0
45.0 6.0 6.0 5.47484 84.78074 74.41161 566.0
45.0 6.0 45.0 35.10153 116.37332 28.55774 566.0
45.0 8.0 8.0 108.17632 86.01596 38.67176 60.0
45.0 8.0 45.0 35.10153 116.37332 28.55774 60.0
45.0 9.0 9.0 78.59947 139.91969 102.65232 1.0
45.0 9.0 45.0 35.10153 116.37332 28.55774 1.0
45.0 14.0 14.0 128.34204 116.05256 40.30091 2.0
45.0 14.0 45.0 35.10153 116.37332 28.55774 2.0
45.0 20.0 20.0 84.94311 53.73336 22.17617 2.0
45.0 20.0 45.0 35.10153 116.37332 28.55774 2.0
45.0 21.0 21.0 28.21237 78.14993 19.34777 1051.0
45.0 21.0 45.0 35.10153 116.37332 28.55774 1051.0
45.0 22.0 22.0 25.07814 80.02368 119.44054 1.0
45.0 22.0 45.0 35.10153 116.37332 28.55774 1.0
45.0 30.0 30.0 88.33738 139.93201 62.65451 460.0
45.0 30.0 45.0 35.10153 116.37332 28.55774 460.0
45.0 39.0 39.0 21.81235 50.12127 32.80444 40.0
45.0 39.0 45.0 35.10153 116.37332 28.55774 40.0
45.0 45.0 45.0 35.10153 116.37332 28.55774 7397.0
45.0 45.0 45.0 35.10153 116.37332 28.55774 7397.0
45.0 46.0 46.0 114.52491 130.25032 52.7292 27.0
45.0 46.0 45.0 35.10153 116.37332 28.55774 27.0
46.0 1.0 1.0 66.24215 89.21532 7.45106 68.0
46.0 1.0 46.0 114.52491 130.25032 52.7292 68.0
46.0 5.0 5.0 36.13156 130.02754 82.17171 4.0
46.0 5.0 46.0 114.52491 130.25032 52.7292 4.0
46.0 8.0 8.0 108.17632 86.01596 38.67176 584.0
46.0 8.0 46.0 114.52491 130.25032 52.7292 584.0
46.0 9.0 9.0 78.59947 139.91969 102.65232 5.0
46.0 9.0 46.0 114.52491 130.25032 52.7292 5.0
46.0 12.0 12.0 179.82248 86.33966 84.72129 3.0
46.0 12.0 46.0 114.52491 130.25032 52.7292 3.0
46.0 14.0 14.0 128.34204 116.05256 40.30091 1580.0
46.0 14.0 46.0 114.52491 130.25032 52.7292 1580.0
46.0 30.0 30.0 88.33738 139.93201 62.65451 1893.0
46.0 30.0 46.0 114.52491 130.25032 52.7292 1893.0
46.0 31.0 31.0 121.63956 38.94475 36.07903 1.0
46.0 31.0 46.0 114.52491 130.25032 52.7292 1.0
46.0 32.0 32.0 156.99357 89.1157 58.00023 168.0
46.0 32.0 46.0 114.52491 130.25032 52.7292 168.0
46.0 34.0 34.0 127.80058 111.20963 129.62505 7.0
46.0 34.0 46.0 114.52491 130.25032 52.7292 7.0
46.0 35.0 35.0 147.85093 121.11298 95.65643 653.0
46.0 35.0 46.0 114.52491 130.25032 52.7292 653.0
46.0 43.0 43.0 101.76461 137.71018 99.17126 82.0
46.0 43.0 46.0 114.52491 130.25032 52.7292 82.0
46.0 45.0 45.0 35.10153 116.37332 28.55774 32.0
46.0 45.0 46.0 114.52491 130.25032 52.7292 32.0
46.0 46.0 46.0 114.52491 130.25032 52.7292 3887.0
46.0 46.0 46.0 114.52491 130.25032 52.7292 3887.0
47.0 12.0 12.0 179.82248 86.33966 84.72129 231.0
47.0 12.0 47.0 164.20046 62.75608 126.1017 231.0
47.0 15.0 15.0 145.13552 26.59928 64.64762 8.0
47.0 15.0 47.0 164.20046 62.75608 126.1017 8.0
47.0 17.0 17.0 122.84445 11.01033 94.56503 14.0
47.0 17.0 47.0 164.20046 62.75608 126.1017 14.0
47.0 18.0 18.0 159.19641 24.81105 93.80291 366.0
47.0 18.0 47.0 164.20046 62.75608 126.1017 366.0
47.0 23.0 23.0 173.48364 43.50858 77.0321 202.0
47.0 23.0 47.0 164.20046 62.75608 126.1017 202.0
47.0 24.0 24.0 107.87554 87.22757 149.15122 124.0
47.0 24.0 47.0 164.20046 62.75608 126.1017 124.0
47.0 25.0 25.0 182.85525 64.00519 100.25241 669.0
47.0 25.0 47.0 164.20046 62.75608 126.1017 669.0
47.0 26.0 26.0 132.11802 45.11704 139.10596 1044.0
47.0 26.0 47.0 164.20046 62.75608 126.1017 1044.0
47.0 29.0 29.0 122.60668 20.56687 121.19194 132.0
47.0 29.0 47.0 164.20046 62.75608 126.1017 132.0
47.0 32.0 32.0 156.99357 89.1157 58.00023 1.0
47.0 32.0 47.0 164.20046 62.75608 126.1017 1.0
47.0 33.0 33.0 97.26768 49.899 149.23007 3.0
47.0 33.0 47.0 164.20046 62.75608 126.1017 3.0
47.0 34.0 34.0 127.80058 111.20963 129.62505 715.0
47.0 34.0 47.0 164.20046 62.75608 126.1017 715.0
47.0 35.0 35.0 147.85093 121.11298 95.65643 197.0
47.0 35.0 47.0 164.20046 62.75608 126.1017 197.0
47.0 37.0 37.0 80.17134 11.07348 113.82935 1.0
47.0 37.0 47.0 164.20046 62.75608 126.1017 1.0
47.0 38.0 38.0 88.73579 68.41737 152.61934 3.0
47.0 38.0 47.0 164.20046 62.75608 126.1017 3.0
47.0 47.0 47.0 164.20046 62.75608 126.1017 4931.0
47.0 47.0 47.0 164.20046 62.75608 126.1017 4931.0
