TargetArea SourceArea Area AvgPosX AvgPosY AvgPosZ SumWeights
0.0 0.0 0.0 55.10197 48.89472 141.97573 2948.0
0.0 0.0 0.0 55.10197 48.89472 141.97573 2948.0
0.0 2.0 2.0 27.33075 25.39708 87.69619 7.0
0.0 2.0 0.0 55.10197 48.89472 141.97573 7.0
0.0 4.0 4.0 72.05604 108.39682 139.66366 11.0
0.0 4.0 0.0 55.10197 48.89472 141.97573 11.0
0.0 5.0 5.0 36.13697 130.0432 82.17541 1.0
0.0 5.0 0.0 55.10197 48.89472 141.97573 1.0
0.0 8.0 8.0 108.19285 85.96773 38.67715 1.0
0.0 8.0 0.0 55.10197 48.89472 141.97573 1.0
0.0 16.0 16.0 37.10266 39.09945 124.69997 1078.0
0.0 16.0 0.0 55.10197 48.89472 141.97573 1078.0
0.0 22.0 22.0 25.0752 79.99256 119.44291 462.0
0.0 22.0 0.0 55.10197 48.89472 141.97573 462.0
0.0 24.0 24.0 107.88696 87.25481 149.14098 11.0
0.0 24.0 0.0 55.10197 48.89472 141.97573 11.0
0.0 27.0 27.0 18.76212 45.33038 103.8025 24.0
0.0 27.0 0.0 55.10197 48.89472 141.97573 24.0
0.0 28.0 28.0 84.3596 38.94443 143.14923 856.0
0.0 28.0 0.0 55.10197 48.89472 141.97573 856.0
0.0 33.0 33.0 97.23914 49.91144 149.22931 207.0
0.0 33.0 0.0 55.10197 48.89472 141.97573 207.0
0.0 36.0 36.0 51.17204 19.47036 119.67531 361.0
0.0 36.0 0.0 55.10197 48.89472 141.97573 361.0
0.0 37.0 37.0 80.19722 11.06809 113.82842 67.0
0.0 37.0 0.0 55.10197 48.89472 141.97573 67.0
0.0 38.0 38.0 88.78499 68.42501 152.61668 285.0
0.0 38.0 0.0 55.10197 48.89472 141.97573 285.0
0.0 41.0 41.0 59.86971 126.0579 122.5066 1.0
0.0 41.0 0.0 55.10197 48.89472 141.97573 1.0
0.0 42.0 42.0 56.59204 85.22048 144.9451 707.0
0.0 42.0 0.0 55.10197 48.89472 141.97573 707.0
0.0 44.0 44.0 70.21752 22.72584 131.34154 465.0
0.0 44.0 0.0 55.10197 48.89472 141.97573 465.0
1.0 1.0 1.0 66.23995 89.20359 7.45639 8536.0
1.0 1.0 1.0 66.23995 89.20359 7.45639 8536.0
1.0 5.0 5.0 36.13697 130.0432 82.17541 13.0
1.0 5.0 1.0 66.23995 89.20359 7.45639 13.0
1.0 8.0 8.0 108.19285 85.96773 38.67715 1277.0
1.0 8.0 1.0 66.23995 89.20359 7.45639 1277.0
1.0 11.0 11.0 48.5423 14.10302 56.5215 11.0
1.0 11.0 1.0 66.23995 89.20359 7.45639 11.0
1.0 13.0 13.0 21.7903 31.14873 56.43023 2.0
1.0 13.0 1.0 66.23995 89.20359 7.45639 2.0
1.0 14.0 14.0 128.28504 116.05818 40.28043 40.0
1.0 14.0 1.0 66.23995 89.20359 7.45639 40.0
1.0 19.0 19.0 66.39193 15.82201 45.32282 19.0
1.0 19.0 1.0 66.23995 89.20359 7.45639 19.0
1.0 20.0 20.0 85.00736 53.72824 22.22367 1662.0
1.0 20.0 1.0 66.23995 89.20359 7.45639 1662.0
1.0 21.0 21.0 28.28299 78.10919 19.30086 1181.0
1.0 21.0 1.0 66.23995 89.20359 7.45639 1181.0
1.0 30.0 30.0 88.30627 139.9308 62.65263 251.0
1.0 30.0 1.0 66.23995 89.20359 7.45639 251.0
1.0 31.0 31.0 121.62496 38.97276 36.07098 4.0
1.0 31.0 1.0 66.23995 89.20359 7.45639 4.0
1.0 39.0 39.0 21.80086 50.12867 32.81178 193.0
1.0 39.0 1.0 66.23995 89.20359 7.45639 193.0
1.0 40.0 40.0 83.26503 23.52186 42.40212 14.0
1.0 40.0 1.0 66.23995 89.20359 7.45639 14.0
1.0 45.0 45.0 35.11794 116.38018 28.56722 1470.0
1.0 45.0 1.0 66.23995 89.20359 7.45639 1470.0
1.0 46.0 46.0 114.47656 130.24312 52.69899 109.0
1.0 46.0 1.0 66.23995 89.20359 7.45639 109.0
2.0 0.0 0.0 55.10197 48.89472 141.97573 9.0
2.0 0.0 2.0 27.33075 25.39708 87.69619 9.0
2.0 2.0 2.0 27.33075 25.39708 87.69619 5126.0
2.0 2.0 2.0 27.33075 25.39708 87.69619 5126.0
2.0 3.0 3.0 83.12189 3.83051 88.03471 225.0
2.0 3.0 2.0 27.33075 25.39708 87.69619 225.0
2.0 6.0 6.0 5.47349 84.7705 74.39456 372.0
2.0 6.0 2.0 27.33075 25.39708 87.69619 372.0
2.0 11.0 11.0 48.5423 14.10302 56.5215 1019.0
2.0 11.0 2.0 27.33075 25.39708 87.69619 1019.0
2.0 13.0 13.0 21.7903 31.14873 56.43023 1051.0
2.0 13.0 2.0 27.33075 25.39708 87.69619 1051.0
2.0 16.0 16.0 37.10266 39.09945 124.69997 571.0
2.0 16.0 2.0 27.33075 25.39708 87.69619 571.0
2.0 19.0 19.0 66.39193 15.82201 45.32282 7.0
2.0 19.0 2.0 27.33075 25.39708 87.69619 7.0
2.0 20.0 20.0 85.00736 53.72824 22.22367 1.0
2.0 20.0 2.0 27.33075 25.39708 87.69619 1.0
2.0 21.0 21.0 28.28299 78.10919 19.30086 1.0
2.0 21.0 2.0 27.33075 25.39708 87.69619 1.0
2.0 22.0 22.0 25.0752 79.99256 119.44291 61.0
2.0 22.0 2.0 27.33075 25.39708 87.69619 61.0
2.0 27.0 27.0 18.76212 45.33038 103.8025 1240.0
2.0 27.0 2.0 27.33075 25.39708 87.69619 1240.0
2.0 28.0 28.0 84.3596 38.94443 143.14923 1.0
2.0 28.0 2.0 27.33075 25.39708 87.69619 1.0
2.0 36.0 36.0 51.17204 19.47036 119.67531 395.0
2.0 36.0 2.0 27.33075 25.39708 87.69619 395.0
2.0 37.0 37.0 80.19722 11.06809 113.82842 365.0
2.0 37.0 2.0 27.33075 25.39708 87.69619 365.0
2.0 39.0 39.0 21.80086 50.12867 32.81178 114.0
2.0 39.0 2.0 27.33075 25.39708 87.69619 114.0
2.0 44.0 44.0 70.21752 22.72584 131.34154 19.0
2.0 44.0 2.0 27.33075 25.39708 87.69619 19.0
3.0 2.0 2.0 27.33075 25.39708 87.69619 204.0
3.0 2.0 3.0 83.12189 3.83051 88.03471 204.0
3.0 3.0 3.0 83.12189 3.83051 88.03471 5459.0
3.0 3.0 3.0 83.12189 3.83051 88.03471 5459.0
3.0 7.0 7.0 121.68925 13.45052 56.93191 173.0
3.0 7.0 3.0 83.12189 3.83051 88.03471 173.0
3.0 10.0 10.0 97.06419 3.91925 61.12641 1234.0
3.0 10.0 3.0 83.12189 3.83051 88.03471 1234.0
3.0 11.0 11.0 48.5423 14.10302 56.5215 860.0
3.0 11.0 3.0 83.12189 3.83051 88.03471 860.0
3.0 13.0 13.0 21.7903 31.14873 56.43023 2.0
3.0 13.0 3.0 83.12189 3.83051 88.03471 2.0
3.0 15.0 15.0 145.16548 26.63304 64.63258 13.0
3.0 15.0 3.0 83.12189 3.83051 88.03471 13.0
3.0 16.0 16.0 37.10266 39.09945 124.69997 10.0
3.0 16.0 3.0 83.12189 3.83051 88.03471 10.0
3.0 17.0 17.0 122.81424 11.00441 94.56735 889.0
3.0 17.0 3.0 83.12189 3.83051 88.03471 889.0
3.0 19.0 19.0 66.39193 15.82201 45.32282 321.0
3.0 19.0 3.0 83.12189 3.83051 88.03471 321.0
3.0 27.0 27.0 18.76212 45.33038 103.8025 2.0
3.0 27.0 3.0 83.12189 3.83051 88.03471 2.0
3.0 28.0 28.0 84.3596 38.94443 143.14923 5.0
3.0 28.0 3.0 83.12189 3.83051 88.03471 5.0
3.0 29.0 29.0 122.63495 20.56969 121.18029 183.0
3.0 29.0 3.0 83.12189 3.83051 88.03471 183.0
3.0 31.0 31.0 121.62496 38.97276 36.07098 2.0
3.0 31.0 3.0 83.12189 3.83051 88.03471 2.0
3.0 33.0 33.0 97.23914 49.91144 149.22931 1.0
3.0 33.0 3.0 83.12189 3.83051 88.03471 1.0
3.0 36.0 36.0 51.17204 19.47036 119.67531 113.0
3.0 36.0 3.0 83.12189 3.83051 88.03471 113.0
3.0 37.0 37.0 80.19722 11.06809 113.82842 1946.0
3.0 37.0 3.0 83.12189 3.83051 88.03471 1946.0
3.0 40.0 40.0 83.26503 23.52186 42.40212 112.0
3.0 40.0 3.0 83.12189 3.83051 88.03471 112.0
3.0 44.0 44.0 70.21752 22.72584 131.34154 44.0
3.0 44.0 3.0 83.12189 3.83051 88.03471 44.0
4.0 0.0 0.0 55.10197 48.89472 141.97573 11.0
4.0 0.0 4.0 72.05604 108.39682 139.66366 11.0
4.0 4.0 4.0 72.05604 108.39682 139.66366 5035.0
4.0 4.0 4.0 72.05604 108.39682 139.66366 5035.0
4.0 5.0 5.0 36.13697 130.0432 82.17541 69.0
4.0 5.0 4.0 72.05604 108.39682 139.66366 69.0
4.0 6.0 6.0 5.47349 84.7705 74.39456 2.0
4.0 6.0 4.0 72.05604 108.39682 139.66366 2.0
4.0 9.0 9.0 78.59201 139.93411 102.59891 205.0
4.0 9.0 4.0 72.05604 108.39682 139.66366 205.0
4.0 22.0 22.0 25.0752 79.99256 119.44291 354.0
4.0 22.0 4.0 72.05604 108.39682 139.66366 354.0
4.0 24.0 24.0 107.88696 87.25481 149.14098 1168.0
4.0 24.0 4.0 72.05604 108.39682 139.66366 1168.0
4.0 28.0 28.0 84.3596 38.94443 143.14923 2.0
4.0 28.0 4.0 72.05604 108.39682 139.66366 2.0
4.0 33.0 33.0 97.23914 49.91144 149.22931 7.0
4.0 33.0 4.0 72.05604 108.39682 139.66366 7.0
4.0 34.0 34.0 127.84113 111.18321 129.62261 646.0
4.0 34.0 4.0 72.05604 108.39682 139.66366 646.0
4.0 37.0 37.0 80.19722 11.06809 113.82842 1.0
4.0 37.0 4.0 72.05604 108.39682 139.66366 1.0
4.0 38.0 38.0 88.78499 68.42501 152.61668 179.0
4.0 38.0 4.0 72.05604 108.39682 139.66366 179.0
4.0 41.0 41.0 59.86971 126.0579 122.5066 2091.0
4.0 41.0 4.0 72.05604 108.39682 139.66366 2091.0
4.0 42.0 42.0 56.59204 85.22048 144.9451 1634.0
4.0 42.0 4.0 72.05604 108.39682 139.66366 1634.0
4.0 43.0 43.0 101.76554 137.70406 99.18452 59.0
4.0 43.0 4.0 72.05604 108.39682 139.66366 59.0
4.0 45.0 45.0 35.11794 116.38018 28.56722 1.0
4.0 45.0 4.0 72.05604 108.39682 139.66366 1.0
5.0 1.0 1.0 66.23995 89.20359 7.45639 11.0
5.0 1.0 5.0 36.13697 130.0432 82.17541 11.0
5.0 4.0 4.0 72.05604 108.39682 139.66366 78.0
5.0 4.0 5.0 36.13697 130.0432 82.17541 78.0
5.0 5.0 5.0 36.13697 130.0432 82.17541 16650.0
5.0 5.0 5.0 36.13697 130.0432 82.17541 16650.0
5.0 6.0 6.0 5.47349 84.7705 74.39456 1536.0
5.0 6.0 5.0 36.13697 130.0432 82.17541 1536.0
5.0 8.0 8.0 108.19285 85.96773 38.67715 1.0
5.0 8.0 5.0 36.13697 130.0432 82.17541 1.0
5.0 9.0 9.0 78.59201 139.93411 102.59891 1057.0
5.0 9.0 5.0 36.13697 130.0432 82.17541 1057.0
5.0 21.0 21.0 28.28299 78.10919 19.30086 13.0
5.0 21.0 5.0 36.13697 130.0432 82.17541 13.0
5.0 22.0 22.0 25.0752 79.99256 119.44291 932.0
5.0 22.0 5.0 36.13697 130.0432 82.17541 932.0
5.0 30.0 30.0 88.30627 139.9308 62.65263 1297.0
5.0 30.0 5.0 36.13697 130.0432 82.17541 1297.0
5.0 34.0 34.0 127.84113 111.18321 129.62261 1.0
5.0 34.0 5.0 36.13697 130.0432 82.17541 1.0
5.0 41.0 41.0 59.86971 126.0579 122.5066 1721.0
5.0 41.0 5.0 36.13697 130.0432 82.17541 1721.0
5.0 42.0 42.0 56.59204 85.22048 144.9451 26.0
5.0 42.0 5.0 36.13697 130.0432 82.17541 26.0
5.0 43.0 43.0 101.76554 137.70406 99.18452 52.0
5.0 43.0 5.0 36.13697 130.0432 82.17541 52.0
5.0 45.0 45.0 35.11794 116.38018 28.56722 1529.0
5.0 45.0 5.0 36.13697 130.0432 82.17541 1529.0
5.0 46.0 46.0 114.47656 130.24312 52.69899 6.0
5.0 46.0 5.0 36.13697 130.0432 82.17541 6.0
6.0 0.0 0.0 55.10197 48.89472 141.97573 1.0
6.0 0.0 6.0 5.47349 84.7705 74.39456 1.0
6.0 2.0 2.0 27.33075 25.39708 87.69619 392.0
6.0 2.0 6.0 5.47349 84.7705 74.39456 392.0
6.0 4.0 4.0 72.05604 108.39682 139.66366 2.0
6.0 4.0 6.0 5.47349 84.7705 74.39456 2.0
6.0 5.0 5.0 36.13697 130.0432 82.17541 1561.0
6.0 5.0 6.0 5.47349 84.7705 74.39456 1561.0
6.0 6.0 6.0 5.47349 84.7705 74.39456 11998.0
6.0 6.0 6.0 5.47349 84.7705 74.39456 11998.0
6.0 8.0 8.0 108.19285 85.96773 38.67715 1.0
6.0 8.0 6.0 5.47349 84.7705 74.39456 1.0
6.0 13.0 13.0 21.7903 31.14873 56.43023 331.0
6.0 13.0 6.0 5.47349 84.7705 74.39456 331.0
6.0 16.0 16.0 37.10266 39.09945 124.69997 7.0
6.0 16.0 6.0 5.47349 84.7705 74.39456 7.0
6.0 21.0 21.0 28.28299 78.10919 19.30086 521.0
6.0 21.0 6.0 5.47349 84.7705 74.39456 521.0
6.0 22.0 22.0 25.0752 79.99256 119.44291 1561.0
6.0 22.0 6.0 5.47349 84.7705 74.39456 1561.0
6.0 27.0 27.0 18.76212 45.33038 103.8025 644.0
6.0 27.0 6.0 5.47349 84.7705 74.39456 644.0
6.0 39.0 39.0 21.80086 50.12867 32.81178 1030.0
6.0 39.0 6.0 5.47349 84.7705 74.39456 1030.0
6.0 41.0 41.0 59.86971 126.0579 122.5066 15.0
6.0 41.0 6.0 5.47349 84.7705 74.39456 15.0
6.0 45.0 45.0 35.11794 116.38018 28.56722 769.0
6.0 45.0 6.0 5.47349 84.7705 74.39456 769.0
7.0 3.0 3.0 83.12189 3.83051 88.03471 176.0
7.0 3.0 7.0 121.68925 13.45052 56.93191 176.0
7.0 7.0 7.0 121.68925 13.45052 56.93191 3093.0
7.0 7.0 7.0 121.68925 13.45052 56.93191 3093.0
7.0 8.0 8.0 108.19285 85.96773 38.67715 4.0
7.0 8.0 7.0 121.68925 13.45052 56.93191 4.0
7.0 10.0 10.0 97.06419 3.91925 61.12641 1096.0
7.0 10.0 7.0 121.68925 13.45052 56.93191 1096.0
7.0 11.0 11.0 48.5423 14.10302 56.5215 1.0
7.0 11.0 7.0 121.68925 13.45052 56.93191 1.0
7.0 15.0 15.0 145.16548 26.63304 64.63258 1140.0
7.0 15.0 7.0 121.68925 13.45052 56.93191 1140.0
7.0 17.0 17.0 122.81424 11.00441 94.56735 629.0
7.0 17.0 7.0 121.68925 13.45052 56.93191 629.0
7.0 18.0 18.0 159.21993 24.83264 93.85381 26.0
7.0 18.0 7.0 121.68925 13.45052 56.93191 26.0
7.0 19.0 19.0 66.39193 15.82201 45.32282 14.0
7.0 19.0 7.0 121.68925 13.45052 56.93191 14.0
7.0 20.0 20.0 85.00736 53.72824 22.22367 20.0
7.0 20.0 7.0 121.68925 13.45052 56.93191 20.0
7.0 23.0 23.0 173.50187 43.50453 77.04525 12.0
7.0 23.0 7.0 121.68925 13.45052 56.93191 12.0
7.0 29.0 29.0 122.63495 20.56969 121.18029 11.0
7.0 29.0 7.0 121.68925 13.45052 56.93191 11.0
7.0 31.0 31.0 121.62496 38.97276 36.07098 1233.0
7.0 31.0 7.0 121.68925 13.45052 56.93191 1233.0
7.0 32.0 32.0 156.96643 89.07266 57.97933 1.0
7.0 32.0 7.0 121.68925 13.45052 56.93191 1.0
7.0 37.0 37.0 80.19722 11.06809 113.82842 4.0
7.0 37.0 7.0 121.68925 13.45052 56.93191 4.0
7.0 40.0 40.0 83.26503 23.52186 42.40212 248.0
7.0 40.0 7.0 121.68925 13.45052 56.93191 248.0
8.0 1.0 1.0 66.23995 89.20359 7.45639 1152.0
8.0 1.0 8.0 108.19285 85.96773 38.67715 1152.0
8.0 3.0 3.0 83.12189 3.83051 88.03471 1.0
8.0 3.0 8.0 108.19285 85.96773 38.67715 1.0
8.0 4.0 4.0 72.05604 108.39682 139.66366 1.0
8.0 4.0 8.0 108.19285 85.96773 38.67715 1.0
8.0 5.0 5.0 36.13697 130.0432 82.17541 7.0
8.0 5.0 8.0 108.19285 85.96773 38.67715 7.0
8.0 7.0 7.0 121.68925 13.45052 56.93191 5.0
8.0 7.0 8.0 108.19285 85.96773 38.67715 5.0
8.0 8.0 8.0 108.19285 85.96773 38.67715 21604.0
8.0 8.0 8.0 108.19285 85.96773 38.67715 21604.0
8.0 12.0 12.0 179.80881 86.31866 84.74004 4.0
8.0 12.0 8.0 108.19285 85.96773 38.67715 4.0
8.0 13.0 13.0 21.7903 31.14873 56.43023 1.0
8.0 13.0 8.0 108.19285 85.96773 38.67715 1.0
8.0 14.0 14.0 128.28504 116.05818 40.28043 2041.0
8.0 14.0 8.0 108.19285 85.96773 38.67715 2041.0
8.0 15.0 15.0 145.16548 26.63304 64.63258 37.0
8.0 15.0 8.0 108.19285 85.96773 38.67715 37.0
8.0 20.0 20.0 85.00736 53.72824 22.22367 2321.0
8.0 20.0 8.0 108.19285 85.96773 38.67715 2321.0
8.0 23.0 23.0 173.50187 43.50453 77.04525 7.0
8.0 23.0 8.0 108.19285 85.96773 38.67715 7.0
8.0 24.0 24.0 107.88696 87.25481 149.14098 1.0
8.0 24.0 8.0 108.19285 85.96773 38.67715 1.0
8.0 30.0 30.0 88.30627 139.9308 62.65263 457.0
8.0 30.0 8.0 108.19285 85.96773 38.67715 457.0
8.0 31.0 31.0 121.62496 38.97276 36.07098 1340.0
8.0 31.0 8.0 108.19285 85.96773 38.67715 1340.0
8.0 32.0 32.0 156.96643 89.07266 57.97933 1138.0
8.0 32.0 8.0 108.19285 85.96773 38.67715 1138.0
8.0 35.0 35.0 147.81417 121.13177 95.65368 2.0
8.0 35.0 8.0 108.19285 85.96773 38.67715 2.0
8.0 40.0 40.0 83.26503 23.52186 42.40212 17.0
8.0 40.0 8.0 108.19285 85.96773 38.67715 17.0
8.0 41.0 41.0 59.86971 126.0579 122.5066 1.0
8.0 41.0 8.0 108.19285 85.96773 38.67715 1.0
8.0 45.0 45.0 35.11794 116.38018 28.56722 66.0
8.0 45.0 8.0 108.19285 85.96773 38.67715 66.0
8.0 46.0 46.0 114.47656 130.24312 52.69899 881.0
8.0 46.0 8.0 108.19285 85.96773 38.67715 881.0
9.0 4.0 4.0 72.05604 108.39682 139.66366 237.0
9.0 4.0 9.0 78.59201 139.93411 102.59891 237.0
9.0 5.0 5.0 36.13697 130.0432 82.17541 999.0
9.0 5.0 9.0 78.59201 139.93411 102.59891 999.0
9.0 9.0 9.0 78.59201 139.93411 102.59891 3751.0
9.0 9.0 9.0 78.59201 139.93411 102.59891 3751.0
9.0 12.0 12.0 179.80881 86.31866 84.74004 1.0
9.0 12.0 9.0 78.59201 139.93411 102.59891 1.0
9.0 22.0 22.0 25.0752 79.99256 119.44291 1.0
9.0 22.0 9.0 78.59201 139.93411 102.59891 1.0
9.0 24.0 24.0 107.88696 87.25481 149.14098 26.0
9.0 24.0 9.0 78.59201 139.93411 102.59891 26.0
9.0 30.0 30.0 88.30627 139.9308 62.65263 927.0
9.0 30.0 9.0 78.59201 139.93411 102.59891 927.0
9.0 34.0 34.0 127.84113 111.18321 129.62261 462.0
9.0 34.0 9.0 78.59201 139.93411 102.59891 462.0
9.0 35.0 35.0 147.81417 121.13177 95.65368 18.0
9.0 35.0 9.0 78.59201 139.93411 102.59891 18.0
9.0 41.0 41.0 59.86971 126.0579 122.5066 1637.0
9.0 41.0 9.0 78.59201 139.93411 102.59891 1637.0
9.0 43.0 43.0 101.76554 137.70406 99.18452 1535.0
9.0 43.0 9.0 78.59201 139.93411 102.59891 1535.0
9.0 45.0 45.0 35.11794 116.38018 28.56722 1.0
9.0 45.0 9.0 78.59201 139.93411 102.59891 1.0
9.0 46.0 46.0 114.47656 130.24312 52.69899 2.0
9.0 46.0 9.0 78.59201 139.93411 102.59891 2.0
10.0 2.0 2.0 27.33075 25.39708 87.69619 1.0
10.0 2.0 10.0 97.06419 3.91925 61.12641 1.0
10.0 3.0 3.0 83.12189 3.83051 88.03471 1192.0
10.0 3.0 10.0 97.06419 3.91925 61.12641 1192.0
10.0 7.0 7.0 121.68925 13.45052 56.93191 1112.0
10.0 7.0 10.0 97.06419 3.91925 61.12641 1112.0
10.0 8.0 8.0 108.19285 85.96773 38.67715 1.0
10.0 8.0 10.0 97.06419 3.91925 61.12641 1.0
10.0 10.0 10.0 97.06419 3.91925 61.12641 3252.0
10.0 10.0 10.0 97.06419 3.91925 61.12641 3252.0
10.0 11.0 11.0 48.5423 14.10302 56.5215 144.0
10.0 11.0 10.0 97.06419 3.91925 61.12641 144.0
10.0 15.0 15.0 145.16548 26.63304 64.63258 60.0
10.0 15.0 10.0 97.06419 3.91925 61.12641 60.0
10.0 17.0 17.0 122.81424 11.00441 94.56735 343.0
10.0 17.0 10.0 97.06419 3.91925 61.12641 343.0
10.0 18.0 18.0 159.21993 24.83264 93.85381 1.0
10.0 18.0 10.0 97.06419 3.91925 61.12641 1.0
10.0 19.0 19.0 66.39193 15.82201 45.32282 460.0
10.0 19.0 10.0 97.06419 3.91925 61.12641 460.0
10.0 20.0 20.0 85.00736 53.72824 22.22367 31.0
10.0 20.0 10.0 97.06419 3.91925 61.12641 31.0
10.0 29.0 29.0 122.63495 20.56969 121.18029 6.0
10.0 29.0 10.0 97.06419 3.91925 61.12641 6.0
10.0 31.0 31.0 121.62496 38.97276 36.07098 296.0
10.0 31.0 10.0 97.06419 3.91925 61.12641 296.0
10.0 37.0 37.0 80.19722 11.06809 113.82842 45.0
10.0 37.0 10.0 97.06419 3.91925 61.12641 45.0
10.0 40.0 40.0 83.26503 23.52186 42.40212 884.0
10.0 40.0 10.0 97.06419 3.91925 61.12641 884.0
11.0 1.0 1.0 66.23995 89.20359 7.45639 13.0
11.0 1.0 11.0 48.5423 14.10302 56.5215 13.0
11.0 2.0 2.0 27.33075 25.39708 87.69619 1045.0
11.0 2.0 11.0 48.5423 14.10302 56.5215 1045.0
11.0 3.0 3.0 83.12189 3.83051 88.03471 851.0
11.0 3.0 11.0 48.5423 14.10302 56.5215 851.0
11.0 7.0 7.0 121.68925 13.45052 56.93191 1.0
11.0 7.0 11.0 48.5423 14.10302 56.5215 1.0
11.0 8.0 8.0 108.19285 85.96773 38.67715 1.0
11.0 8.0 11.0 48.5423 14.10302 56.5215 1.0
11.0 10.0 10.0 97.06419 3.91925 61.12641 137.0
11.0 10.0 11.0 48.5423 14.10302 56.5215 137.0
11.0 11.0 11.0 48.5423 14.10302 56.5215 6326.0
11.0 11.0 11.0 48.5423 14.10302 56.5215 6326.0
11.0 13.0 13.0 21.7903 31.14873 56.43023 1142.0
11.0 13.0 11.0 48.5423 14.10302 56.5215 1142.0
11.0 16.0 16.0 37.10266 39.09945 124.69997 12.0
11.0 16.0 11.0 48.5423 14.10302 56.5215 12.0
11.0 19.0 19.0 66.39193 15.82201 45.32282 1589.0
11.0 19.0 11.0 48.5423 14.10302 56.5215 1589.0
11.0 20.0 20.0 85.00736 53.72824 22.22367 197.0
11.0 20.0 11.0 48.5423 14.10302 56.5215 197.0
11.0 21.0 21.0 28.28299 78.10919 19.30086 23.0
11.0 21.0 11.0 48.5423 14.10302 56.5215 23.0
11.0 27.0 27.0 18.76212 45.33038 103.8025 10.0
11.0 27.0 11.0 48.5423 14.10302 56.5215 10.0
11.0 31.0 31.0 121.62496 38.97276 36.07098 3.0
11.0 31.0 11.0 48.5423 14.10302 56.5215 3.0
11.0 36.0 36.0 51.17204 19.47036 119.67531 61.0
11.0 36.0 11.0 48.5423 14.10302 56.5215 61.0
11.0 37.0 37.0 80.19722 11.06809 113.82842 177.0
11.0 37.0 11.0 48.5423 14.10302 56.5215 177.0
11.0 39.0 39.0 21.80086 50.12867 32.81178 689.0
11.0 39.0 11.0 48.5423 14.10302 56.5215 689.0
11.0 40.0 40.0 83.26503 23.52186 42.40212 402.0
11.0 40.0 11.0 48.5423 14.10302 56.5215 402.0
11.0 44.0 44.0 70.21752 22.72584 131.34154 3.0
11.0 44.0 11.0 48.5423 14.10302 56.5215 3.0
12.0 8.0 8.0 108.19285 85.96773 38.67715 2.0
12.0 8.0 12.0 179.80881 86.31866 84.74004 2.0
12.0 12.0 12.0 179.80881 86.31866 84.74004 4568.0
12.0 12.0 12.0 179.80881 86.31866 84.74004 4568.0
12.0 14.0 14.0 128.28504 116.05818 40.28043 5.0
12.0 14.0 12.0 179.80881 86.31866 84.74004 5.0
12.0 15.0 15.0 145.16548 26.63304 64.63258 20.0
12.0 15.0 12.0 179.80881 86.31866 84.74004 20.0
12.0 18.0 18.0 159.21993 24.83264 93.85381 15.0
12.0 18.0 12.0 179.80881 86.31866 84.74004 15.0
12.0 23.0 23.0 173.50187 43.50453 77.04525 436.0
12.0 23.0 12.0 179.80881 86.31866 84.74004 436.0
12.0 24.0 24.0 107.88696 87.25481 149.14098 1.0
12.0 24.0 12.0 179.80881 86.31866 84.74004 1.0
12.0 25.0 25.0 182.84612 64.00785 100.3016 921.0
12.0 25.0 12.0 179.80881 86.31866 84.74004 921.0
12.0 31.0 31.0 121.62496 38.97276 36.07098 8.0
12.0 31.0 12.0 179.80881 86.31866 84.74004 8.0
12.0 32.0 32.0 156.96643 89.07266 57.97933 1353.0
12.0 32.0 12.0 179.80881 86.31866 84.74004 1353.0
12.0 34.0 34.0 127.84113 111.18321 129.62261 65.0
12.0 34.0 12.0 179.80881 86.31866 84.74004 65.0
12.0 35.0 35.0 147.81417 121.13177 95.65368 948.0
12.0 35.0 12.0 179.80881 86.31866 84.74004 948.0
12.0 46.0 46.0 114.47656 130.24312 52.69899 3.0
12.0 46.0 12.0 179.80881 86.31866 84.74004 3.0
12.0 47.0 47.0 164.20834 62.73416 126.07688 351.0
12.0 47.0 12.0 179.80881 86.31866 84.74004 351.0
13.0 2.0 2.0 27.33075 25.39708 87.69619 1065.0
13.0 2.0 13.0 21.7903 31.14873 56.43023 1065.0
13.0 3.0 3.0 83.12189 3.83051 88.03471 7.0
13.0 3.0 13.0 21.7903 31.14873 56.43023 7.0
13.0 6.0 6.0 5.47349 84.7705 74.39456 331.0
13.0 6.0 13.0 21.7903 31.14873 56.43023 331.0
13.0 11.0 11.0 48.5423 14.10302 56.5215 1223.0
13.0 11.0 13.0 21.7903 31.14873 56.43023 1223.0
13.0 13.0 13.0 21.7903 31.14873 56.43023 2907.0
13.0 13.0 13.0 21.7903 31.14873 56.43023 2907.0
13.0 16.0 16.0 37.10266 39.09945 124.69997 1.0
13.0 16.0 13.0 21.7903 31.14873 56.43023 1.0
13.0 19.0 19.0 66.39193 15.82201 45.32282 69.0
13.0 19.0 13.0 21.7903 31.14873 56.43023 69.0
13.0 20.0 20.0 85.00736 53.72824 22.22367 6.0
13.0 20.0 13.0 21.7903 31.14873 56.43023 6.0
13.0 21.0 21.0 28.28299 78.10919 19.30086 6.0
13.0 21.0 13.0 21.7903 31.14873 56.43023 6.0
13.0 22.0 22.0 25.0752 79.99256 119.44291 3.0
13.0 22.0 13.0 21.7903 31.14873 56.43023 3.0
13.0 27.0 27.0 18.76212 45.33038 103.8025 78.0
13.0 27.0 13.0 21.7903 31.14873 56.43023 78.0
13.0 36.0 36.0 51.17204 19.47036 119.67531 1.0
13.0 36.0 13.0 21.7903 31.14873 56.43023 1.0
13.0 39.0 39.0 21.80086 50.12867 32.81178 1347.0
13.0 39.0 13.0 21.7903 31.14873 56.43023 1347.0
13.0 40.0 40.0 83.26503 23.52186 42.40212 3.0
13.0 40.0 13.0 21.7903 31.14873 56.43023 3.0
14.0 1.0 1.0 66.23995 89.20359 7.45639 41.0
14.0 1.0 14.0 128.28504 116.05818 40.28043 41.0
14.0 8.0 8.0 108.19285 85.96773 38.67715 2034.0
14.0 8.0 14.0 128.28504 116.05818 40.28043 2034.0
14.0 12.0 12.0 179.80881 86.31866 84.74004 10.0
14.0 12.0 14.0 128.28504 116.05818 40.28043 10.0
14.0 14.0 14.0 128.28504 116.05818 40.28043 5542.0
14.0 14.0 14.0 128.28504 116.05818 40.28043 5542.0
14.0 20.0 20.0 85.00736 53.72824 22.22367 7.0
14.0 20.0 14.0 128.28504 116.05818 40.28043 7.0
14.0 30.0 30.0 88.30627 139.9308 62.65263 180.0
14.0 30.0 14.0 128.28504 116.05818 40.28043 180.0
14.0 31.0 31.0 121.62496 38.97276 36.07098 6.0
14.0 31.0 14.0 128.28504 116.05818 40.28043 6.0
14.0 32.0 32.0 156.96643 89.07266 57.97933 1043.0
14.0 32.0 14.0 128.28504 116.05818 40.28043 1043.0
14.0 35.0 35.0 147.81417 121.13177 95.65368 260.0
14.0 35.0 14.0 128.28504 116.05818 40.28043 260.0
14.0 43.0 43.0 101.76554 137.70406 99.18452 1.0
14.0 43.0 14.0 128.28504 116.05818 40.28043 1.0
14.0 45.0 45.0 35.11794 116.38018 28.56722 1.0
14.0 45.0 14.0 128.28504 116.05818 40.28043 1.0
14.0 46.0 46.0 114.47656 130.24312 52.69899 2218.0
14.0 46.0 14.0 128.28504 116.05818 40.28043 2218.0
15.0 3.0 3.0 83.12189 3.83051 88.03471 24.0
15.0 3.0 15.0 145.16548 26.63304 64.63258 24.0
15.0 7.0 7.0 121.68925 13.45052 56.93191 1161.0
15.0 7.0 15.0 145.16548 26.63304 64.63258 1161.0
15.0 8.0 8.0 108.19285 85.96773 38.67715 57.0
15.0 8.0 15.0 145.16548 26.63304 64.63258 57.0
15.0 10.0 10.0 97.06419 3.91925 61.12641 57.0
15.0 10.0 15.0 145.16548 26.63304 64.63258 57.0
15.0 12.0 12.0 179.80881 86.31866 84.74004 26.0
15.0 12.0 15.0 145.16548 26.63304 64.63258 26.0
15.0 15.0 15.0 145.16548 26.63304 64.63258 3874.0
15.0 15.0 15.0 145.16548 26.63304 64.63258 3874.0
15.0 17.0 17.0 122.81424 11.00441 94.56735 699.0
15.0 17.0 15.0 145.16548 26.63304 64.63258 699.0
15.0 18.0 18.0 159.21993 24.83264 93.85381 816.0
15.0 18.0 15.0 145.16548 26.63304 64.63258 816.0
15.0 23.0 23.0 173.50187 43.50453 77.04525 582.0
15.0 23.0 15.0 145.16548 26.63304 64.63258 582.0
15.0 25.0 25.0 182.84612 64.00785 100.3016 7.0
15.0 25.0 15.0 145.16548 26.63304 64.63258 7.0
15.0 26.0 26.0 132.12083 45.09005 139.08348 3.0
15.0 26.0 15.0 145.16548 26.63304 64.63258 3.0
15.0 29.0 29.0 122.63495 20.56969 121.18029 45.0
15.0 29.0 15.0 145.16548 26.63304 64.63258 45.0
15.0 31.0 31.0 121.62496 38.97276 36.07098 1095.0
15.0 31.0 15.0 145.16548 26.63304 64.63258 1095.0
15.0 32.0 32.0 156.96643 89.07266 57.97933 250.0
15.0 32.0 15.0 145.16548 26.63304 64.63258 250.0
15.0 37.0 37.0 80.19722 11.06809 113.82842 2.0
15.0 37.0 15.0 145.16548 26.63304 64.63258 2.0
15.0 40.0 40.0 83.26503 23.52186 42.40212 1.0
15.0 40.0 15.0 145.16548 26.63304 64.63258 1.0
15.0 47.0 47.0 164.20834 62.73416 126.07688 6.0
15.0 47.0 15.0 145.16548 26.63304 64.63258 6.0
16.0 0.0 0.0 55.10197 48.89472 141.97573 1072.0
16.0 0.0 16.0 37.10266 39.09945 124.69997 1072.0
16.0 2.0 2.0 27.33075 25.39708 87.69619 572.0
16.0 2.0 16.0 37.10266 39.09945 124.69997 572.0
16.0 3.0 3.0 83.12189 3.83051 88.03471 11.0
16.0 3.0 16.0 37.10266 39.09945 124.69997 11.0
16.0 4.0 4.0 72.05604 108.39682 139.66366 1.0
16.0 4.0 16.0 37.10266 39.09945 124.69997 1.0
16.0 6.0 6.0 5.47349 84.7705 74.39456 9.0
16.0 6.0 16.0 37.10266 39.09945 124.69997 9.0
16.0 11.0 11.0 48.5423 14.10302 56.5215 20.0
16.0 11.0 16.0 37.10266 39.09945 124.69997 20.0
16.0 16.0 16.0 37.10266 39.09945 124.69997 3217.0
16.0 16.0 16.0 37.10266 39.09945 124.69997 3217.0
16.0 22.0 22.0 25.0752 79.99256 119.44291 981.0
16.0 22.0 16.0 37.10266 39.09945 124.69997 981.0
16.0 23.0 23.0 173.50187 43.50453 77.04525 1.0
16.0 23.0 16.0 37.10266 39.09945 124.69997 1.0
16.0 26.0 26.0 132.12083 45.09005 139.08348 1.0
16.0 26.0 16.0 37.10266 39.09945 124.69997 1.0
16.0 27.0 27.0 18.76212 45.33038 103.8025 868.0
16.0 27.0 16.0 37.10266 39.09945 124.69997 868.0
16.0 28.0 28.0 84.3596 38.94443 143.14923 32.0
16.0 28.0 16.0 37.10266 39.09945 124.69997 32.0
16.0 36.0 36.0 51.17204 19.47036 119.67531 776.0
16.0 36.0 16.0 37.10266 39.09945 124.69997 776.0
16.0 37.0 37.0 80.19722 11.06809 113.82842 140.0
16.0 37.0 16.0 37.10266 39.09945 124.69997 140.0
16.0 38.0 38.0 88.78499 68.42501 152.61668 14.0
16.0 38.0 16.0 37.10266 39.09945 124.69997 14.0
16.0 42.0 42.0 56.59204 85.22048 144.9451 140.0
16.0 42.0 16.0 37.10266 39.09945 124.69997 140.0
16.0 44.0 44.0 70.21752 22.72584 131.34154 191.0
16.0 44.0 16.0 37.10266 39.09945 124.69997 191.0
17.0 3.0 3.0 83.12189 3.83051 88.03471 908.0
17.0 3.0 17.0 122.81424 11.00441 94.56735 908.0
17.0 7.0 7.0 121.68925 13.45052 56.93191 652.0
17.0 7.0 17.0 122.81424 11.00441 94.56735 652.0
17.0 10.0 10.0 97.06419 3.91925 61.12641 375.0
17.0 10.0 17.0 122.81424 11.00441 94.56735 375.0
17.0 15.0 15.0 145.16548 26.63304 64.63258 745.0
17.0 15.0 17.0 122.81424 11.00441 94.56735 745.0
17.0 17.0 17.0 122.81424 11.00441 94.56735 3787.0
17.0 17.0 17.0 122.81424 11.00441 94.56735 3787.0
17.0 18.0 18.0 159.21993 24.83264 93.85381 484.0
17.0 18.0 17.0 122.81424 11.00441 94.56735 484.0
17.0 19.0 19.0 66.39193 15.82201 45.32282 2.0
17.0 19.0 17.0 122.81424 11.00441 94.56735 2.0
17.0 23.0 23.0 173.50187 43.50453 77.04525 4.0
17.0 23.0 17.0 122.81424 11.00441 94.56735 4.0
17.0 26.0 26.0 132.12083 45.09005 139.08348 62.0
17.0 26.0 17.0 122.81424 11.00441 94.56735 62.0
17.0 28.0 28.0 84.3596 38.94443 143.14923 10.0
17.0 28.0 17.0 122.81424 11.00441 94.56735 10.0
17.0 29.0 29.0 122.63495 20.56969 121.18029 1147.0
17.0 29.0 17.0 122.81424 11.00441 94.56735 1147.0
17.0 31.0 31.0 121.62496 38.97276 36.07098 7.0
17.0 31.0 17.0 122.81424 11.00441 94.56735 7.0
17.0 33.0 33.0 97.23914 49.91144 149.22931 2.0
17.0 33.0 17.0 122.81424 11.00441 94.56735 2.0
17.0 37.0 37.0 80.19722 11.06809 113.82842 395.0
17.0 37.0 17.0 122.81424 11.00441 94.56735 395.0
17.0 40.0 40.0 83.26503 23.52186 42.40212 1.0
17.0 40.0 17.0 122.81424 11.00441 94.56735 1.0
17.0 44.0 44.0 70.21752 22.72584 131.34154 2.0
17.0 44.0 17.0 122.81424 11.00441 94.56735 2.0
17.0 45.0 45.0 35.11794 116.38018 28.56722 1.0
17.0 45.0 17.0 122.81424 11.00441 94.56735 1.0
17.0 47.0 47.0 164.20834 62.73416 126.07688 17.0
17.0 47.0 17.0 122.81424 11.00441 94.56735 17.0
18.0 3.0 3.0 83.12189 3.83051 88.03471 1.0
18.0 3.0 18.0 159.21993 24.83264 93.85381 1.0
18.0 7.0 7.0 121.68925 13.45052 56.93191 28.0
18.0 7.0 18.0 159.21993 24.83264 93.85381 28.0
18.0 10.0 10.0 97.06419 3.91925 61.12641 1.0
18.0 10.0 18.0 159.21993 24.83264 93.85381 1.0
18.0 12.0 12.0 179.80881 86.31866 84.74004 7.0
18.0 12.0 18.0 159.21993 24.83264 93.85381 7.0
18.0 15.0 15.0 145.16548 26.63304 64.63258 821.0
18.0 15.0 18.0 159.21993 24.83264 93.85381 821.0
18.0 17.0 17.0 122.81424 11.00441 94.56735 506.0
18.0 17.0 18.0 159.21993 24.83264 93.85381 506.0
18.0 18.0 18.0 159.21993 24.83264 93.85381 2478.0
18.0 18.0 18.0 159.21993 24.83264 93.85381 2478.0
18.0 23.0 23.0 173.50187 43.50453 77.04525 751.0
18.0 23.0 18.0 159.21993 24.83264 93.85381 751.0
18.0 25.0 25.0 182.84612 64.00785 100.3016 82.0
18.0 25.0 18.0 159.21993 24.83264 93.85381 82.0
18.0 26.0 26.0 132.12083 45.09005 139.08348 171.0
18.0 26.0 18.0 159.21993 24.83264 93.85381 171.0
18.0 29.0 29.0 122.63495 20.56969 121.18029 446.0
18.0 29.0 18.0 159.21993 24.83264 93.85381 446.0
18.0 31.0 31.0 121.62496 38.97276 36.07098 10.0
18.0 31.0 18.0 159.21993 24.83264 93.85381 10.0
18.0 32.0 32.0 156.96643 89.07266 57.97933 9.0
18.0 32.0 18.0 159.21993 24.83264 93.85381 9.0
18.0 37.0 37.0 80.19722 11.06809 113.82842 2.0
18.0 37.0 18.0 159.21993 24.83264 93.85381 2.0
18.0 47.0 47.0 164.20834 62.73416 126.07688 522.0
18.0 47.0 18.0 159.21993 24.83264 93.85381 522.0
19.0 1.0 1.0 66.23995 89.20359 7.45639 20.0
19.0 1.0 19.0 66.39193 15.82201 45.32282 20.0
19.0 2.0 2.0 27.33075 25.39708 87.69619 13.0
19.0 2.0 19.0 66.39193 15.82201 45.32282 13.0
19.0 3.0 3.0 83.12189 3.83051 88.03471 339.0
19.0 3.0 19.0 66.39193 15.82201 45.32282 339.0
19.0 7.0 7.0 121.68925 13.45052 56.93191 11.0
19.0 7.0 19.0 66.39193 15.82201 45.32282 11.0
19.0 8.0 8.0 108.19285 85.96773 38.67715 1.0
19.0 8.0 19.0 66.39193 15.82201 45.32282 1.0
19.0 10.0 10.0 97.06419 3.91925 61.12641 445.0
19.0 10.0 19.0 66.39193 15.82201 45.32282 445.0
19.0 11.0 11.0 48.5423 14.10302 56.5215 1530.0
19.0 11.0 19.0 66.39193 15.82201 45.32282 1530.0
19.0 13.0 13.0 21.7903 31.14873 56.43023 51.0
19.0 13.0 19.0 66.39193 15.82201 45.32282 51.0
19.0 17.0 17.0 122.81424 11.00441 94.56735 1.0
19.0 17.0 19.0 66.39193 15.82201 45.32282 1.0
19.0 19.0 19.0 66.39193 15.82201 45.32282 1587.0
19.0 19.0 19.0 66.39193 15.82201 45.32282 1587.0
19.0 20.0 20.0 85.00736 53.72824 22.22367 439.0
19.0 20.0 19.0 66.39193 15.82201 45.32282 439.0
19.0 21.0 21.0 28.28299 78.10919 19.30086 13.0
19.0 21.0 19.0 66.39193 15.82201 45.32282 13.0
19.0 31.0 31.0 121.62496 38.97276 36.07098 20.0
19.0 31.0 19.0 66.39193 15.82201 45.32282 20.0
19.0 37.0 37.0 80.19722 11.06809 113.82842 13.0
19.0 37.0 19.0 66.39193 15.82201 45.32282 13.0
19.0 39.0 39.0 21.80086 50.12867 32.81178 148.0
19.0 39.0 19.0 66.39193 15.82201 45.32282 148.0
19.0 40.0 40.0 83.26503 23.52186 42.40212 1212.0
19.0 40.0 19.0 66.39193 15.82201 45.32282 1212.0
20.0 1.0 1.0 66.23995 89.20359 7.45639 1622.0
20.0 1.0 20.0 85.00736 53.72824 22.22367 1622.0
20.0 7.0 7.0 121.68925 13.45052 56.93191 12.0
20.0 7.0 20.0 85.00736 53.72824 22.22367 12.0
20.0 8.0 8.0 108.19285 85.96773 38.67715 2379.0
20.0 8.0 20.0 85.00736 53.72824 22.22367 2379.0
20.0 10.0 10.0 97.06419 3.91925 61.12641 19.0
20.0 10.0 20.0 85.00736 53.72824 22.22367 19.0
20.0 11.0 11.0 48.5423 14.10302 56.5215 210.0
20.0 11.0 20.0 85.00736 53.72824 22.22367 210.0
20.0 12.0 12.0 179.80881 86.31866 84.74004 1.0
20.0 12.0 20.0 85.00736 53.72824 22.22367 1.0
20.0 13.0 13.0 21.7903 31.14873 56.43023 12.0
20.0 13.0 20.0 85.00736 53.72824 22.22367 12.0
20.0 14.0 14.0 128.28504 116.05818 40.28043 8.0
20.0 14.0 20.0 85.00736 53.72824 22.22367 8.0
20.0 15.0 15.0 145.16548 26.63304 64.63258 1.0
20.0 15.0 20.0 85.00736 53.72824 22.22367 1.0
20.0 18.0 18.0 159.21993 24.83264 93.85381 1.0
20.0 18.0 20.0 85.00736 53.72824 22.22367 1.0
20.0 19.0 19.0 66.39193 15.82201 45.32282 373.0
20.0 19.0 20.0 85.00736 53.72824 22.22367 373.0
20.0 20.0 20.0 85.00736 53.72824 22.22367 9413.0
20.0 20.0 20.0 85.00736 53.72824 22.22367 9413.0
20.0 21.0 21.0 28.28299 78.10919 19.30086 182.0
20.0 21.0 20.0 85.00736 53.72824 22.22367 182.0
20.0 27.0 27.0 18.76212 45.33038 103.8025 1.0
20.0 27.0 20.0 85.00736 53.72824 22.22367 1.0
20.0 31.0 31.0 121.62496 38.97276 36.07098 1578.0
20.0 31.0 20.0 85.00736 53.72824 22.22367 1578.0
20.0 32.0 32.0 156.96643 89.07266 57.97933 6.0
20.0 32.0 20.0 85.00736 53.72824 22.22367 6.0
20.0 39.0 39.0 21.80086 50.12867 32.81178 385.0
20.0 39.0 20.0 85.00736 53.72824 22.22367 385.0
20.0 40.0 40.0 83.26503 23.52186 42.40212 1320.0
20.0 40.0 20.0 85.00736 53.72824 22.22367 1320.0
20.0 45.0 45.0 35.11794 116.38018 28.56722 2.0
20.0 45.0 20.0 85.00736 53.72824 22.22367 2.0
21.0 1.0 1.0 66.23995 89.20359 7.45639 1192.0
21.0 1.0 21.0 28.28299 78.10919 19.30086 1192.0
21.0 5.0 5.0 36.13697 130.0432 82.17541 7.0
21.0 5.0 21.0 28.28299 78.10919 19.30086 7.0
21.0 6.0 6.0 5.47349 84.7705 74.39456 503.0
21.0 6.0 21.0 28.28299 78.10919 19.30086 503.0
21.0 8.0 8.0 108.19285 85.96773 38.67715 3.0
21.0 8.0 21.0 28.28299 78.10919 19.30086 3.0
21.0 11.0 11.0 48.5423 14.10302 56.5215 30.0
21.0 11.0 21.0 28.28299 78.10919 19.30086 30.0
21.0 12.0 12.0 179.80881 86.31866 84.74004 1.0
21.0 12.0 21.0 28.28299 78.10919 19.30086 1.0
21.0 13.0 13.0 21.7903 31.14873 56.43023 10.0
21.0 13.0 21.0 28.28299 78.10919 19.30086 10.0
21.0 19.0 19.0 66.39193 15.82201 45.32282 10.0
21.0 19.0 21.0 28.28299 78.10919 19.30086 10.0
21.0 20.0 20.0 85.00736 53.72824 22.22367 183.0
21.0 20.0 21.0 28.28299 78.10919 19.30086 183.0
21.0 21.0 21.0 28.28299 78.10919 19.30086 4886.0
21.0 21.0 21.0 28.28299 78.10919 19.30086 4886.0
21.0 39.0 39.0 21.80086 50.12867 32.81178 1694.0
21.0 39.0 21.0 28.28299 78.10919 19.30086 1694.0
21.0 40.0 40.0 83.26503 23.52186 42.40212 3.0
21.0 40.0 21.0 28.28299 78.10919 19.30086 3.0
21.0 45.0 45.0 35.11794 116.38018 28.56722 1395.0
21.0 45.0 21.0 28.28299 78.10919 19.30086 1395.0
22.0 0.0 0.0 55.10197 48.89472 141.97573 480.0
22.0 0.0 22.0 25.0752 79.99256 119.44291 480.0
22.0 2.0 2.0 27.33075 25.39708 87.69619 60.0
22.0 2.0 22.0 25.0752 79.99256 119.44291 60.0
22.0 4.0 4.0 72.05604 108.39682 139.66366 345.0
22.0 4.0 22.0 25.0752 79.99256 119.44291 345.0
22.0 5.0 5.0 36.13697 130.0432 82.17541 899.0
22.0 5.0 22.0 25.0752 79.99256 119.44291 899.0
22.0 6.0 6.0 5.47349 84.7705 74.39456 1522.0
22.0 6.0 22.0 25.0752 79.99256 119.44291 1522.0
22.0 8.0 8.0 108.19285 85.96773 38.67715 2.0
22.0 8.0 22.0 25.0752 79.99256 119.44291 2.0
22.0 9.0 9.0 78.59201 139.93411 102.59891 1.0
22.0 9.0 22.0 25.0752 79.99256 119.44291 1.0
22.0 13.0 13.0 21.7903 31.14873 56.43023 2.0
22.0 13.0 22.0 25.0752 79.99256 119.44291 2.0
22.0 16.0 16.0 37.10266 39.09945 124.69997 939.0
22.0 16.0 22.0 25.0752 79.99256 119.44291 939.0
22.0 17.0 17.0 122.81424 11.00441 94.56735 1.0
22.0 17.0 22.0 25.0752 79.99256 119.44291 1.0
22.0 19.0 19.0 66.39193 15.82201 45.32282 1.0
22.0 19.0 22.0 25.0752 79.99256 119.44291 1.0
22.0 22.0 22.0 25.0752 79.99256 119.44291 10476.0
22.0 22.0 22.0 25.0752 79.99256 119.44291 10476.0
22.0 27.0 27.0 18.76212 45.33038 103.8025 1068.0
22.0 27.0 22.0 25.0752 79.99256 119.44291 1068.0
22.0 28.0 28.0 84.3596 38.94443 143.14923 11.0
22.0 28.0 22.0 25.0752 79.99256 119.44291 11.0
22.0 33.0 33.0 97.23914 49.91144 149.22931 2.0
22.0 33.0 22.0 25.0752 79.99256 119.44291 2.0
22.0 36.0 36.0 51.17204 19.47036 119.67531 10.0
22.0 36.0 22.0 25.0752 79.99256 119.44291 10.0
22.0 37.0 37.0 80.19722 11.06809 113.82842 1.0
22.0 37.0 22.0 25.0752 79.99256 119.44291 1.0
22.0 38.0 38.0 88.78499 68.42501 152.61668 17.0
22.0 38.0 22.0 25.0752 79.99256 119.44291 17.0
22.0 41.0 41.0 59.86971 126.0579 122.5066 533.0
22.0 41.0 22.0 25.0752 79.99256 119.44291 533.0
22.0 42.0 42.0 56.59204 85.22048 144.9451 1254.0
22.0 42.0 22.0 25.0752 79.99256 119.44291 1254.0
22.0 43.0 43.0 101.76554 137.70406 99.18452 1.0
22.0 43.0 22.0 25.0752 79.99256 119.44291 1.0
22.0 44.0 44.0 70.21752 22.72584 131.34154 3.0
22.0 44.0 22.0 25.0752 79.99256 119.44291 3.0
23.0 7.0 7.0 121.68925 13.45052 56.93191 8.0
23.0 7.0 23.0 173.50187 43.50453 77.04525 8.0
23.0 8.0 8.0 108.19285 85.96773 38.67715 4.0
23.0 8.0 23.0 173.50187 43.50453 77.04525 4.0
23.0 12.0 12.0 179.80881 86.31866 84.74004 465.0
23.0 12.0 23.0 173.50187 43.50453 77.04525 465.0
23.0 15.0 15.0 145.16548 26.63304 64.63258 608.0
23.0 15.0 23.0 173.50187 43.50453 77.04525 608.0
23.0 17.0 17.0 122.81424 11.00441 94.56735 5.0
23.0 17.0 23.0 173.50187 43.50453 77.04525 5.0
23.0 18.0 18.0 159.21993 24.83264 93.85381 801.0
23.0 18.0 23.0 173.50187 43.50453 77.04525 801.0
23.0 23.0 23.0 173.50187 43.50453 77.04525 2583.0
23.0 23.0 23.0 173.50187 43.50453 77.04525 2583.0
23.0 25.0 25.0 182.84612 64.00785 100.3016 605.0
23.0 25.0 23.0 173.50187 43.50453 77.04525 605.0
23.0 26.0 26.0 132.12083 45.09005 139.08348 9.0
23.0 26.0 23.0 173.50187 43.50453 77.04525 9.0
23.0 28.0 28.0 84.3596 38.94443 143.14923 1.0
23.0 28.0 23.0 173.50187 43.50453 77.04525 1.0
23.0 29.0 29.0 122.63495 20.56969 121.18029 12.0
23.0 29.0 23.0 173.50187 43.50453 77.04525 12.0
23.0 31.0 31.0 121.62496 38.97276 36.07098 97.0
23.0 31.0 23.0 173.50187 43.50453 77.04525 97.0
23.0 32.0 32.0 156.96643 89.07266 57.97933 392.0
23.0 32.0 23.0 173.50187 43.50453 77.04525 392.0
23.0 37.0 37.0 80.19722 11.06809 113.82842 1.0
23.0 37.0 23.0 173.50187 43.50453 77.04525 1.0
23.0 47.0 47.0 164.20834 62.73416 126.07688 241.0
23.0 47.0 23.0 173.50187 43.50453 77.04525 241.0
24.0 0.0 0.0 55.10197 48.89472 141.97573 6.0
24.0 0.0 24.0 107.88696 87.25481 149.14098 6.0
24.0 4.0 4.0 72.05604 108.39682 139.66366 1179.0
24.0 4.0 24.0 107.88696 87.25481 149.14098 1179.0
24.0 9.0 9.0 78.59201 139.93411 102.59891 10.0
24.0 9.0 24.0 107.88696 87.25481 149.14098 10.0
24.0 17.0 17.0 122.81424 11.00441 94.56735 1.0
24.0 17.0 24.0 107.88696 87.25481 149.14098 1.0
24.0 22.0 22.0 25.0752 79.99256 119.44291 2.0
24.0 22.0 24.0 107.88696 87.25481 149.14098 2.0
24.0 24.0 24.0 107.88696 87.25481 149.14098 6789.0
24.0 24.0 24.0 107.88696 87.25481 149.14098 6789.0
24.0 26.0 26.0 132.12083 45.09005 139.08348 687.0
24.0 26.0 24.0 107.88696 87.25481 149.14098 687.0
24.0 28.0 28.0 84.3596 38.94443 143.14923 26.0
24.0 28.0 24.0 107.88696 87.25481 149.14098 26.0
24.0 30.0 30.0 88.30627 139.9308 62.65263 1.0
24.0 30.0 24.0 107.88696 87.25481 149.14098 1.0
24.0 33.0 33.0 97.23914 49.91144 149.22931 375.0
24.0 33.0 24.0 107.88696 87.25481 149.14098 375.0
24.0 34.0 34.0 127.84113 111.18321 129.62261 1986.0
24.0 34.0 24.0 107.88696 87.25481 149.14098 1986.0
24.0 35.0 35.0 147.81417 121.13177 95.65368 5.0
24.0 35.0 24.0 107.88696 87.25481 149.14098 5.0
24.0 38.0 38.0 88.78499 68.42501 152.61668 1520.0
24.0 38.0 24.0 107.88696 87.25481 149.14098 1520.0
24.0 41.0 41.0 59.86971 126.0579 122.5066 72.0
24.0 41.0 24.0 107.88696 87.25481 149.14098 72.0
24.0 42.0 42.0 56.59204 85.22048 144.9451 404.0
24.0 42.0 24.0 107.88696 87.25481 149.14098 404.0
24.0 43.0 43.0 101.76554 137.70406 99.18452 7.0
24.0 43.0 24.0 107.88696 87.25481 149.14098 7.0
24.0 44.0 44.0 70.21752 22.72584 131.34154 2.0
24.0 44.0 24.0 107.88696 87.25481 149.14098 2.0
24.0 47.0 47.0 164.20834 62.73416 126.07688 161.0
24.0 47.0 24.0 107.88696 87.25481 149.14098 161.0
25.0 7.0 7.0 121.68925 13.45052 56.93191 1.0
25.0 7.0 25.0 182.84612 64.00785 100.3016 1.0
25.0 12.0 12.0 179.80881 86.31866 84.74004 911.0
25.0 12.0 25.0 182.84612 64.00785 100.3016 911.0
25.0 15.0 15.0 145.16548 26.63304 64.63258 7.0
25.0 15.0 25.0 182.84612 64.00785 100.3016 7.0
25.0 18.0 18.0 159.21993 24.83264 93.85381 91.0
25.0 18.0 25.0 182.84612 64.00785 100.3016 91.0
25.0 23.0 23.0 173.50187 43.50453 77.04525 589.0
25.0 23.0 25.0 182.84612 64.00785 100.3016 589.0
25.0 25.0 25.0 182.84612 64.00785 100.3016 1719.0
25.0 25.0 25.0 182.84612 64.00785 100.3016 1719.0
25.0 26.0 26.0 132.12083 45.09005 139.08348 4.0
25.0 26.0 25.0 182.84612 64.00785 100.3016 4.0
25.0 29.0 29.0 122.63495 20.56969 121.18029 1.0
25.0 29.0 25.0 182.84612 64.00785 100.3016 1.0
25.0 32.0 32.0 156.96643 89.07266 57.97933 26.0
25.0 32.0 25.0 182.84612 64.00785 100.3016 26.0
25.0 34.0 34.0 127.84113 111.18321 129.62261 18.0
25.0 34.0 25.0 182.84612 64.00785 100.3016 18.0
25.0 35.0 35.0 147.81417 121.13177 95.65368 60.0
25.0 35.0 25.0 182.84612 64.00785 100.3016 60.0
25.0 46.0 46.0 114.47656 130.24312 52.69899 1.0
25.0 46.0 25.0 182.84612 64.00785 100.3016 1.0
25.0 47.0 47.0 164.20834 62.73416 126.07688 976.0
25.0 47.0 25.0 182.84612 64.00785 100.3016 976.0
26.0 3.0 3.0 83.12189 3.83051 88.03471 1.0
26.0 3.0 26.0 132.12083 45.09005 139.08348 1.0
26.0 12.0 12.0 179.80881 86.31866 84.74004 1.0
26.0 12.0 26.0 132.12083 45.09005 139.08348 1.0
26.0 17.0 17.0 122.81424 11.00441 94.56735 83.0
26.0 17.0 26.0 132.12083 45.09005 139.08348 83.0
26.0 18.0 18.0 159.21993 24.83264 93.85381 167.0
26.0 18.0 26.0 132.12083 45.09005 139.08348 167.0
26.0 23.0 23.0 173.50187 43.50453 77.04525 4.0
26.0 23.0 26.0 132.12083 45.09005 139.08348 4.0
26.0 24.0 24.0 107.88696 87.25481 149.14098 726.0
26.0 24.0 26.0 132.12083 45.09005 139.08348 726.0
26.0 25.0 25.0 182.84612 64.00785 100.3016 4.0
26.0 25.0 26.0 132.12083 45.09005 139.08348 4.0
26.0 26.0 26.0 132.12083 45.09005 139.08348 6157.0
26.0 26.0 26.0 132.12083 45.09005 139.08348 6157.0
26.0 28.0 28.0 84.3596 38.94443 143.14923 356.0
26.0 28.0 26.0 132.12083 45.09005 139.08348 356.0
26.0 29.0 29.0 122.63495 20.56969 121.18029 1403.0
26.0 29.0 26.0 132.12083 45.09005 139.08348 1403.0
26.0 33.0 33.0 97.23914 49.91144 149.22931 865.0
26.0 33.0 26.0 132.12083 45.09005 139.08348 865.0
26.0 34.0 34.0 127.84113 111.18321 129.62261 234.0
26.0 34.0 26.0 132.12083 45.09005 139.08348 234.0
26.0 35.0 35.0 147.81417 121.13177 95.65368 1.0
26.0 35.0 26.0 132.12083 45.09005 139.08348 1.0
26.0 37.0 37.0 80.19722 11.06809 113.82842 84.0
26.0 37.0 26.0 132.12083 45.09005 139.08348 84.0
26.0 38.0 38.0 88.78499 68.42501 152.61668 294.0
26.0 38.0 26.0 132.12083 45.09005 139.08348 294.0
26.0 44.0 44.0 70.21752 22.72584 131.34154 8.0
26.0 44.0 26.0 132.12083 45.09005 139.08348 8.0
26.0 47.0 47.0 164.20834 62.73416 126.07688 1390.0
26.0 47.0 26.0 132.12083 45.09005 139.08348 1390.0
27.0 0.0 0.0 55.10197 48.89472 141.97573 34.0
27.0 0.0 27.0 18.76212 45.33038 103.8025 34.0
27.0 2.0 2.0 27.33075 25.39708 87.69619 1248.0
27.0 2.0 27.0 18.76212 45.33038 103.8025 1248.0
27.0 3.0 3.0 83.12189 3.83051 88.03471 1.0
27.0 3.0 27.0 18.76212 45.33038 103.8025 1.0
27.0 6.0 6.0 5.47349 84.7705 74.39456 588.0
27.0 6.0 27.0 18.76212 45.33038 103.8025 588.0
27.0 11.0 11.0 48.5423 14.10302 56.5215 12.0
27.0 11.0 27.0 18.76212 45.33038 103.8025 12.0
27.0 13.0 13.0 21.7903 31.14873 56.43023 95.0
27.0 13.0 27.0 18.76212 45.33038 103.8025 95.0
27.0 16.0 16.0 37.10266 39.09945 124.69997 933.0
27.0 16.0 27.0 18.76212 45.33038 103.8025 933.0
27.0 22.0 22.0 25.0752 79.99256 119.44291 1023.0
27.0 22.0 27.0 18.76212 45.33038 103.8025 1023.0
27.0 27.0 27.0 18.76212 45.33038 103.8025 2584.0
27.0 27.0 27.0 18.76212 45.33038 103.8025 2584.0
27.0 36.0 36.0 51.17204 19.47036 119.67531 64.0
27.0 36.0 27.0 18.76212 45.33038 103.8025 64.0
27.0 37.0 37.0 80.19722 11.06809 113.82842 6.0
27.0 37.0 27.0 18.76212 45.33038 103.8025 6.0
27.0 39.0 39.0 21.80086 50.12867 32.81178 18.0
27.0 39.0 27.0 18.76212 45.33038 103.8025 18.0
27.0 42.0 42.0 56.59204 85.22048 144.9451 2.0
27.0 42.0 27.0 18.76212 45.33038 103.8025 2.0
27.0 44.0 44.0 70.21752 22.72584 131.34154 5.0
27.0 44.0 27.0 18.76212 45.33038 103.8025 5.0
27.0 45.0 45.0 35.11794 116.38018 28.56722 1.0
27.0 45.0 27.0 18.76212 45.33038 103.8025 1.0
28.0 0.0 0.0 55.10197 48.89472 141.97573 817.0
28.0 0.0 28.0 84.3596 38.94443 143.14923 817.0
28.0 3.0 3.0 83.12189 3.83051 88.03471 5.0
28.0 3.0 28.0 84.3596 38.94443 143.14923 5.0
28.0 4.0 4.0 72.05604 108.39682 139.66366 5.0
28.0 4.0 28.0 84.3596 38.94443 143.14923 5.0
28.0 5.0 5.0 36.13697 130.0432 82.17541 1.0
28.0 5.0 28.0 84.3596 38.94443 143.14923 1.0
28.0 16.0 16.0 37.10266 39.09945 124.69997 31.0
28.0 16.0 28.0 84.3596 38.94443 143.14923 31.0
28.0 17.0 17.0 122.81424 11.00441 94.56735 9.0
28.0 17.0 28.0 84.3596 38.94443 143.14923 9.0
28.0 19.0 19.0 66.39193 15.82201 45.32282 1.0
28.0 19.0 28.0 84.3596 38.94443 143.14923 1.0
28.0 22.0 22.0 25.0752 79.99256 119.44291 11.0
28.0 22.0 28.0 84.3596 38.94443 143.14923 11.0
28.0 24.0 24.0 107.88696 87.25481 149.14098 31.0
28.0 24.0 28.0 84.3596 38.94443 143.14923 31.0
28.0 26.0 26.0 132.12083 45.09005 139.08348 305.0
28.0 26.0 28.0 84.3596 38.94443 143.14923 305.0
28.0 28.0 28.0 84.3596 38.94443 143.14923 2386.0
28.0 28.0 28.0 84.3596 38.94443 143.14923 2386.0
28.0 29.0 29.0 122.63495 20.56969 121.18029 376.0
28.0 29.0 28.0 84.3596 38.94443 143.14923 376.0
28.0 33.0 33.0 97.23914 49.91144 149.22931 1254.0
28.0 33.0 28.0 84.3596 38.94443 143.14923 1254.0
28.0 36.0 36.0 51.17204 19.47036 119.67531 59.0
28.0 36.0 28.0 84.3596 38.94443 143.14923 59.0
28.0 37.0 37.0 80.19722 11.06809 113.82842 560.0
28.0 37.0 28.0 84.3596 38.94443 143.14923 560.0
28.0 38.0 38.0 88.78499 68.42501 152.61668 441.0
28.0 38.0 28.0 84.3596 38.94443 143.14923 441.0
28.0 42.0 42.0 56.59204 85.22048 144.9451 140.0
28.0 42.0 28.0 84.3596 38.94443 143.14923 140.0
28.0 44.0 44.0 70.21752 22.72584 131.34154 730.0
28.0 44.0 28.0 84.3596 38.94443 143.14923 730.0
29.0 0.0 0.0 55.10197 48.89472 141.97573 3.0
29.0 0.0 29.0 122.63495 20.56969 121.18029 3.0
29.0 3.0 3.0 83.12189 3.83051 88.03471 165.0
29.0 3.0 29.0 122.63495 20.56969 121.18029 165.0
29.0 7.0 7.0 121.68925 13.45052 56.93191 10.0
29.0 7.0 29.0 122.63495 20.56969 121.18029 10.0
29.0 10.0 10.0 97.06419 3.91925 61.12641 3.0
29.0 10.0 29.0 122.63495 20.56969 121.18029 3.0
29.0 15.0 15.0 145.16548 26.63304 64.63258 46.0
29.0 15.0 29.0 122.63495 20.56969 121.18029 46.0
29.0 17.0 17.0 122.81424 11.00441 94.56735 1202.0
29.0 17.0 29.0 122.63495 20.56969 121.18029 1202.0
29.0 18.0 18.0 159.21993 24.83264 93.85381 379.0
29.0 18.0 29.0 122.63495 20.56969 121.18029 379.0
29.0 23.0 23.0 173.50187 43.50453 77.04525 6.0
29.0 23.0 29.0 122.63495 20.56969 121.18029 6.0
29.0 24.0 24.0 107.88696 87.25481 149.14098 2.0
29.0 24.0 29.0 122.63495 20.56969 121.18029 2.0
29.0 25.0 25.0 182.84612 64.00785 100.3016 2.0
29.0 25.0 29.0 122.63495 20.56969 121.18029 2.0
29.0 26.0 26.0 132.12083 45.09005 139.08348 1470.0
29.0 26.0 29.0 122.63495 20.56969 121.18029 1470.0
29.0 28.0 28.0 84.3596 38.94443 143.14923 388.0
29.0 28.0 29.0 122.63495 20.56969 121.18029 388.0
29.0 29.0 29.0 122.63495 20.56969 121.18029 3621.0
29.0 29.0 29.0 122.63495 20.56969 121.18029 3621.0
29.0 33.0 33.0 97.23914 49.91144 149.22931 155.0
29.0 33.0 29.0 122.63495 20.56969 121.18029 155.0
29.0 36.0 36.0 51.17204 19.47036 119.67531 1.0
29.0 36.0 29.0 122.63495 20.56969 121.18029 1.0
29.0 37.0 37.0 80.19722 11.06809 113.82842 891.0
29.0 37.0 29.0 122.63495 20.56969 121.18029 891.0
29.0 38.0 38.0 88.78499 68.42501 152.61668 5.0
29.0 38.0 29.0 122.63495 20.56969 121.18029 5.0
29.0 44.0 44.0 70.21752 22.72584 131.34154 52.0
29.0 44.0 29.0 122.63495 20.56969 121.18029 52.0
29.0 46.0 46.0 114.47656 130.24312 52.69899 1.0
29.0 46.0 29.0 122.63495 20.56969 121.18029 1.0
29.0 47.0 47.0 164.20834 62.73416 126.07688 182.0
29.0 47.0 29.0 122.63495 20.56969 121.18029 182.0
30.0 1.0 1.0 66.23995 89.20359 7.45639 254.0
30.0 1.0 30.0 88.30627 139.9308 62.65263 254.0
30.0 2.0 2.0 27.33075 25.39708 87.69619 1.0
30.0 2.0 30.0 88.30627 139.9308 62.65263 1.0
30.0 5.0 5.0 36.13697 130.0432 82.17541 1293.0
30.0 5.0 30.0 88.30627 139.9308 62.65263 1293.0
30.0 8.0 8.0 108.19285 85.96773 38.67715 437.0
30.0 8.0 30.0 88.30627 139.9308 62.65263 437.0
30.0 9.0 9.0 78.59201 139.93411 102.59891 888.0
30.0 9.0 30.0 88.30627 139.9308 62.65263 888.0
30.0 14.0 14.0 128.28504 116.05818 40.28043 200.0
30.0 14.0 30.0 88.30627 139.9308 62.65263 200.0
30.0 23.0 23.0 173.50187 43.50453 77.04525 1.0
30.0 23.0 30.0 88.30627 139.9308 62.65263 1.0
30.0 30.0 30.0 88.30627 139.9308 62.65263 11391.0
30.0 30.0 30.0 88.30627 139.9308 62.65263 11391.0
30.0 32.0 32.0 156.96643 89.07266 57.97933 2.0
30.0 32.0 30.0 88.30627 139.9308 62.65263 2.0
30.0 34.0 34.0 127.84113 111.18321 129.62261 54.0
30.0 34.0 30.0 88.30627 139.9308 62.65263 54.0
30.0 35.0 35.0 147.81417 121.13177 95.65368 546.0
30.0 35.0 30.0 88.30627 139.9308 62.65263 546.0
30.0 41.0 41.0 59.86971 126.0579 122.5066 19.0
30.0 41.0 30.0 88.30627 139.9308 62.65263 19.0
30.0 43.0 43.0 101.76554 137.70406 99.18452 1683.0
30.0 43.0 30.0 88.30627 139.9308 62.65263 1683.0
30.0 45.0 45.0 35.11794 116.38018 28.56722 599.0
30.0 45.0 30.0 88.30627 139.9308 62.65263 599.0
30.0 46.0 46.0 114.47656 130.24312 52.69899 2573.0
30.0 46.0 30.0 88.30627 139.9308 62.65263 2573.0
31.0 1.0 1.0 66.23995 89.20359 7.45639 1.0
31.0 1.0 31.0 121.62496 38.97276 36.07098 1.0
31.0 3.0 3.0 83.12189 3.83051 88.03471 2.0
31.0 3.0 31.0 121.62496 38.97276 36.07098 2.0
31.0 7.0 7.0 121.68925 13.45052 56.93191 1250.0
31.0 7.0 31.0 121.62496 38.97276 36.07098 1250.0
31.0 8.0 8.0 108.19285 85.96773 38.67715 1504.0
31.0 8.0 31.0 121.62496 38.97276 36.07098 1504.0
31.0 10.0 10.0 97.06419 3.91925 61.12641 294.0
31.0 10.0 31.0 121.62496 38.97276 36.07098 294.0
31.0 11.0 11.0 48.5423 14.10302 56.5215 2.0
31.0 11.0 31.0 121.62496 38.97276 36.07098 2.0
31.0 12.0 12.0 179.80881 86.31866 84.74004 7.0
31.0 12.0 31.0 121.62496 38.97276 36.07098 7.0
31.0 14.0 14.0 128.28504 116.05818 40.28043 2.0
31.0 14.0 31.0 121.62496 38.97276 36.07098 2.0
31.0 15.0 15.0 145.16548 26.63304 64.63258 1041.0
31.0 15.0 31.0 121.62496 38.97276 36.07098 1041.0
31.0 17.0 17.0 122.81424 11.00441 94.56735 9.0
31.0 17.0 31.0 121.62496 38.97276 36.07098 9.0
31.0 18.0 18.0 159.21993 24.83264 93.85381 10.0
31.0 18.0 31.0 121.62496 38.97276 36.07098 10.0
31.0 19.0 19.0 66.39193 15.82201 45.32282 20.0
31.0 19.0 31.0 121.62496 38.97276 36.07098 20.0
31.0 20.0 20.0 85.00736 53.72824 22.22367 1606.0
31.0 20.0 31.0 121.62496 38.97276 36.07098 1606.0
31.0 23.0 23.0 173.50187 43.50453 77.04525 88.0
31.0 23.0 31.0 121.62496 38.97276 36.07098 88.0
31.0 31.0 31.0 121.62496 38.97276 36.07098 9133.0
31.0 31.0 31.0 121.62496 38.97276 36.07098 9133.0
31.0 32.0 32.0 156.96643 89.07266 57.97933 439.0
31.0 32.0 31.0 121.62496 38.97276 36.07098 439.0
31.0 40.0 40.0 83.26503 23.52186 42.40212 790.0
31.0 40.0 31.0 121.62496 38.97276 36.07098 790.0
31.0 45.0 45.0 35.11794 116.38018 28.56722 1.0
31.0 45.0 31.0 121.62496 38.97276 36.07098 1.0
32.0 7.0 7.0 121.68925 13.45052 56.93191 7.0
32.0 7.0 32.0 156.96643 89.07266 57.97933 7.0
32.0 8.0 8.0 108.19285 85.96773 38.67715 1246.0
32.0 8.0 32.0 156.96643 89.07266 57.97933 1246.0
32.0 12.0 12.0 179.80881 86.31866 84.74004 1329.0
32.0 12.0 32.0 156.96643 89.07266 57.97933 1329.0
32.0 14.0 14.0 128.28504 116.05818 40.28043 1169.0
32.0 14.0 32.0 156.96643 89.07266 57.97933 1169.0
32.0 15.0 15.0 145.16548 26.63304 64.63258 315.0
32.0 15.0 32.0 156.96643 89.07266 57.97933 315.0
32.0 18.0 18.0 159.21993 24.83264 93.85381 4.0
32.0 18.0 32.0 156.96643 89.07266 57.97933 4.0
32.0 20.0 20.0 85.00736 53.72824 22.22367 6.0
32.0 20.0 32.0 156.96643 89.07266 57.97933 6.0
32.0 23.0 23.0 173.50187 43.50453 77.04525 359.0
32.0 23.0 32.0 156.96643 89.07266 57.97933 359.0
32.0 25.0 25.0 182.84612 64.00785 100.3016 39.0
32.0 25.0 32.0 156.96643 89.07266 57.97933 39.0
32.0 30.0 30.0 88.30627 139.9308 62.65263 4.0
32.0 30.0 32.0 156.96643 89.07266 57.97933 4.0
32.0 31.0 31.0 121.62496 38.97276 36.07098 436.0
32.0 31.0 32.0 156.96643 89.07266 57.97933 436.0
32.0 32.0 32.0 156.96643 89.07266 57.97933 7170.0
32.0 32.0 32.0 156.96643 89.07266 57.97933 7170.0
32.0 34.0 34.0 127.84113 111.18321 129.62261 1.0
32.0 34.0 32.0 156.96643 89.07266 57.97933 1.0
32.0 35.0 35.0 147.81417 121.13177 95.65368 689.0
32.0 35.0 32.0 156.96643 89.07266 57.97933 689.0
32.0 46.0 46.0 114.47656 130.24312 52.69899 225.0
32.0 46.0 32.0 156.96643 89.07266 57.97933 225.0
32.0 47.0 47.0 164.20834 62.73416 126.07688 1.0
32.0 47.0 32.0 156.96643 89.07266 57.97933 1.0
33.0 0.0 0.0 55.10197 48.89472 141.97573 190.0
33.0 0.0 33.0 97.23914 49.91144 149.22931 190.0
33.0 4.0 4.0 72.05604 108.39682 139.66366 5.0
33.0 4.0 33.0 97.23914 49.91144 149.22931 5.0
33.0 16.0 16.0 37.10266 39.09945 124.69997 3.0
33.0 16.0 33.0 97.23914 49.91144 149.22931 3.0
33.0 17.0 17.0 122.81424 11.00441 94.56735 2.0
33.0 17.0 33.0 97.23914 49.91144 149.22931 2.0
33.0 18.0 18.0 159.21993 24.83264 93.85381 1.0
33.0 18.0 33.0 97.23914 49.91144 149.22931 1.0
33.0 22.0 22.0 25.0752 79.99256 119.44291 1.0
33.0 22.0 33.0 97.23914 49.91144 149.22931 1.0
33.0 24.0 24.0 107.88696 87.25481 149.14098 383.0
33.0 24.0 33.0 97.23914 49.91144 149.22931 383.0
33.0 26.0 26.0 132.12083 45.09005 139.08348 843.0
33.0 26.0 33.0 97.23914 49.91144 149.22931 843.0
33.0 28.0 28.0 84.3596 38.94443 143.14923 1245.0
33.0 28.0 33.0 97.23914 49.91144 149.22931 1245.0
33.0 29.0 29.0 122.63495 20.56969 121.18029 152.0
33.0 29.0 33.0 97.23914 49.91144 149.22931 152.0
33.0 33.0 33.0 97.23914 49.91144 149.22931 2023.0
33.0 33.0 33.0 97.23914 49.91144 149.22931 2023.0
33.0 34.0 34.0 127.84113 111.18321 129.62261 4.0
33.0 34.0 33.0 97.23914 49.91144 149.22931 4.0
33.0 36.0 36.0 51.17204 19.47036 119.67531 4.0
33.0 36.0 33.0 97.23914 49.91144 149.22931 4.0
33.0 37.0 37.0 80.19722 11.06809 113.82842 74.0
33.0 37.0 33.0 97.23914 49.91144 149.22931 74.0
33.0 38.0 38.0 88.78499 68.42501 152.61668 1147.0
33.0 38.0 33.0 97.23914 49.91144 149.22931 1147.0
33.0 42.0 42.0 56.59204 85.22048 144.9451 113.0
33.0 42.0 33.0 97.23914 49.91144 149.22931 113.0
33.0 44.0 44.0 70.21752 22.72584 131.34154 86.0
33.0 44.0 33.0 97.23914 49.91144 149.22931 86.0
33.0 47.0 47.0 164.20834 62.73416 126.07688 2.0
33.0 47.0 33.0 97.23914 49.91144 149.22931 2.0
34.0 4.0 4.0 72.05604 108.39682 139.66366 663.0
34.0 4.0 34.0 127.84113 111.18321 129.62261 663.0
34.0 5.0 5.0 36.13697 130.0432 82.17541 1.0
34.0 5.0 34.0 127.84113 111.18321 129.62261 1.0
34.0 9.0 9.0 78.59201 139.93411 102.59891 464.0
34.0 9.0 34.0 127.84113 111.18321 129.62261 464.0
34.0 12.0 12.0 179.80881 86.31866 84.74004 76.0
34.0 12.0 34.0 127.84113 111.18321 129.62261 76.0
34.0 14.0 14.0 128.28504 116.05818 40.28043 1.0
34.0 14.0 34.0 127.84113 111.18321 129.62261 1.0
34.0 24.0 24.0 107.88696 87.25481 149.14098 2027.0
34.0 24.0 34.0 127.84113 111.18321 129.62261 2027.0
34.0 25.0 25.0 182.84612 64.00785 100.3016 13.0
34.0 25.0 34.0 127.84113 111.18321 129.62261 13.0
34.0 26.0 26.0 132.12083 45.09005 139.08348 243.0
34.0 26.0 34.0 127.84113 111.18321 129.62261 243.0
34.0 30.0 30.0 88.30627 139.9308 62.65263 75.0
34.0 30.0 34.0 127.84113 111.18321 129.62261 75.0
34.0 32.0 32.0 156.96643 89.07266 57.97933 3.0
34.0 32.0 34.0 127.84113 111.18321 129.62261 3.0
34.0 33.0 33.0 97.23914 49.91144 149.22931 8.0
34.0 33.0 34.0 127.84113 111.18321 129.62261 8.0
34.0 34.0 34.0 127.84113 111.18321 129.62261 13134.0
34.0 34.0 34.0 127.84113 111.18321 129.62261 13134.0
34.0 35.0 35.0 147.81417 121.13177 95.65368 1952.0
34.0 35.0 34.0 127.84113 111.18321 129.62261 1952.0
34.0 38.0 38.0 88.78499 68.42501 152.61668 35.0
34.0 38.0 34.0 127.84113 111.18321 129.62261 35.0
34.0 41.0 41.0 59.86971 126.0579 122.5066 331.0
34.0 41.0 34.0 127.84113 111.18321 129.62261 331.0
34.0 42.0 42.0 56.59204 85.22048 144.9451 6.0
34.0 42.0 34.0 127.84113 111.18321 129.62261 6.0
34.0 43.0 43.0 101.76554 137.70406 99.18452 1115.0
34.0 43.0 34.0 127.84113 111.18321 129.62261 1115.0
34.0 46.0 46.0 114.47656 130.24312 52.69899 7.0
34.0 46.0 34.0 127.84113 111.18321 129.62261 7.0
34.0 47.0 47.0 164.20834 62.73416 126.07688 879.0
34.0 47.0 34.0 127.84113 111.18321 129.62261 879.0
35.0 8.0 8.0 108.19285 85.96773 38.67715 4.0
35.0 8.0 35.0 147.81417 121.13177 95.65368 4.0
35.0 9.0 9.0 78.59201 139.93411 102.59891 14.0
35.0 9.0 35.0 147.81417 121.13177 95.65368 14.0
35.0 12.0 12.0 179.80881 86.31866 84.74004 907.0
35.0 12.0 35.0 147.81417 121.13177 95.65368 907.0
35.0 14.0 14.0 128.28504 116.05818 40.28043 253.0
35.0 14.0 35.0 147.81417 121.13177 95.65368 253.0
35.0 24.0 24.0 107.88696 87.25481 149.14098 4.0
35.0 24.0 35.0 147.81417 121.13177 95.65368 4.0
35.0 25.0 25.0 182.84612 64.00785 100.3016 68.0
35.0 25.0 35.0 147.81417 121.13177 95.65368 68.0
35.0 26.0 26.0 132.12083 45.09005 139.08348 1.0
35.0 26.0 35.0 147.81417 121.13177 95.65368 1.0
35.0 28.0 28.0 84.3596 38.94443 143.14923 2.0
35.0 28.0 35.0 147.81417 121.13177 95.65368 2.0
35.0 30.0 30.0 88.30627 139.9308 62.65263 532.0
35.0 30.0 35.0 147.81417 121.13177 95.65368 532.0
35.0 32.0 32.0 156.96643 89.07266 57.97933 720.0
35.0 32.0 35.0 147.81417 121.13177 95.65368 720.0
35.0 34.0 34.0 127.84113 111.18321 129.62261 2005.0
35.0 34.0 35.0 147.81417 121.13177 95.65368 2005.0
35.0 35.0 35.0 147.81417 121.13177 95.65368 8856.0
35.0 35.0 35.0 147.81417 121.13177 95.65368 8856.0
35.0 41.0 41.0 59.86971 126.0579 122.5066 1.0
35.0 41.0 35.0 147.81417 121.13177 95.65368 1.0
35.0 43.0 43.0 101.76554 137.70406 99.18452 681.0
35.0 43.0 35.0 147.81417 121.13177 95.65368 681.0
35.0 46.0 46.0 114.47656 130.24312 52.69899 899.0
35.0 46.0 35.0 147.81417 121.13177 95.65368 899.0
35.0 47.0 47.0 164.20834 62.73416 126.07688 254.0
35.0 47.0 35.0 147.81417 121.13177 95.65368 254.0
36.0 0.0 0.0 55.10197 48.89472 141.97573 373.0
36.0 0.0 36.0 51.17204 19.47036 119.67531 373.0
36.0 2.0 2.0 27.33075 25.39708 87.69619 377.0
36.0 2.0 36.0 51.17204 19.47036 119.67531 377.0
36.0 3.0 3.0 83.12189 3.83051 88.03471 126.0
36.0 3.0 36.0 51.17204 19.47036 119.67531 126.0
36.0 8.0 8.0 108.19285 85.96773 38.67715 1.0
36.0 8.0 36.0 51.17204 19.47036 119.67531 1.0
36.0 10.0 10.0 97.06419 3.91925 61.12641 1.0
36.0 10.0 36.0 51.17204 19.47036 119.67531 1.0
36.0 11.0 11.0 48.5423 14.10302 56.5215 50.0
36.0 11.0 36.0 51.17204 19.47036 119.67531 50.0
36.0 13.0 13.0 21.7903 31.14873 56.43023 2.0
36.0 13.0 36.0 51.17204 19.47036 119.67531 2.0
36.0 16.0 16.0 37.10266 39.09945 124.69997 818.0
36.0 16.0 36.0 51.17204 19.47036 119.67531 818.0
36.0 22.0 22.0 25.0752 79.99256 119.44291 9.0
36.0 22.0 36.0 51.17204 19.47036 119.67531 9.0
36.0 27.0 27.0 18.76212 45.33038 103.8025 80.0
36.0 27.0 36.0 51.17204 19.47036 119.67531 80.0
36.0 28.0 28.0 84.3596 38.94443 143.14923 68.0
36.0 28.0 36.0 51.17204 19.47036 119.67531 68.0
36.0 33.0 33.0 97.23914 49.91144 149.22931 2.0
36.0 33.0 36.0 51.17204 19.47036 119.67531 2.0
36.0 36.0 36.0 51.17204 19.47036 119.67531 1102.0
36.0 36.0 36.0 51.17204 19.47036 119.67531 1102.0
36.0 37.0 37.0 80.19722 11.06809 113.82842 683.0
36.0 37.0 36.0 51.17204 19.47036 119.67531 683.0
36.0 38.0 38.0 88.78499 68.42501 152.61668 1.0
36.0 38.0 36.0 51.17204 19.47036 119.67531 1.0
36.0 44.0 44.0 70.21752 22.72584 131.34154 602.0
36.0 44.0 36.0 51.17204 19.47036 119.67531 602.0
37.0 0.0 0.0 55.10197 48.89472 141.97573 63.0
37.0 0.0 37.0 80.19722 11.06809 113.82842 63.0
37.0 2.0 2.0 27.33075 25.39708 87.69619 302.0
37.0 2.0 37.0 80.19722 11.06809 113.82842 302.0
37.0 3.0 3.0 83.12189 3.83051 88.03471 1952.0
37.0 3.0 37.0 80.19722 11.06809 113.82842 1952.0
37.0 7.0 7.0 121.68925 13.45052 56.93191 4.0
37.0 7.0 37.0 80.19722 11.06809 113.82842 4.0
37.0 10.0 10.0 97.06419 3.91925 61.12641 36.0
37.0 10.0 37.0 80.19722 11.06809 113.82842 36.0
37.0 11.0 11.0 48.5423 14.10302 56.5215 197.0
37.0 11.0 37.0 80.19722 11.06809 113.82842 197.0
37.0 13.0 13.0 21.7903 31.14873 56.43023 1.0
37.0 13.0 37.0 80.19722 11.06809 113.82842 1.0
37.0 16.0 16.0 37.10266 39.09945 124.69997 138.0
37.0 16.0 37.0 80.19722 11.06809 113.82842 138.0
37.0 17.0 17.0 122.81424 11.00441 94.56735 415.0
37.0 17.0 37.0 80.19722 11.06809 113.82842 415.0
37.0 18.0 18.0 159.21993 24.83264 93.85381 1.0
37.0 18.0 37.0 80.19722 11.06809 113.82842 1.0
37.0 19.0 19.0 66.39193 15.82201 45.32282 13.0
37.0 19.0 37.0 80.19722 11.06809 113.82842 13.0
37.0 26.0 26.0 132.12083 45.09005 139.08348 79.0
37.0 26.0 37.0 80.19722 11.06809 113.82842 79.0
37.0 27.0 27.0 18.76212 45.33038 103.8025 11.0
37.0 27.0 37.0 80.19722 11.06809 113.82842 11.0
37.0 28.0 28.0 84.3596 38.94443 143.14923 557.0
37.0 28.0 37.0 80.19722 11.06809 113.82842 557.0
37.0 29.0 29.0 122.63495 20.56969 121.18029 909.0
37.0 29.0 37.0 80.19722 11.06809 113.82842 909.0
37.0 33.0 33.0 97.23914 49.91144 149.22931 82.0
37.0 33.0 37.0 80.19722 11.06809 113.82842 82.0
37.0 36.0 36.0 51.17204 19.47036 119.67531 700.0
37.0 36.0 37.0 80.19722 11.06809 113.82842 700.0
37.0 37.0 37.0 80.19722 11.06809 113.82842 6103.0
37.0 37.0 37.0 80.19722 11.06809 113.82842 6103.0
37.0 38.0 38.0 88.78499 68.42501 152.61668 1.0
37.0 38.0 37.0 80.19722 11.06809 113.82842 1.0
37.0 40.0 40.0 83.26503 23.52186 42.40212 1.0
37.0 40.0 37.0 80.19722 11.06809 113.82842 1.0
37.0 42.0 42.0 56.59204 85.22048 144.9451 1.0
37.0 42.0 37.0 80.19722 11.06809 113.82842 1.0
37.0 44.0 44.0 70.21752 22.72584 131.34154 1109.0
37.0 44.0 37.0 80.19722 11.06809 113.82842 1109.0
38.0 0.0 0.0 55.10197 48.89472 141.97573 308.0
38.0 0.0 38.0 88.78499 68.42501 152.61668 308.0
38.0 2.0 2.0 27.33075 25.39708 87.69619 1.0
38.0 2.0 38.0 88.78499 68.42501 152.61668 1.0
38.0 4.0 4.0 72.05604 108.39682 139.66366 181.0
38.0 4.0 38.0 88.78499 68.42501 152.61668 181.0
38.0 16.0 16.0 37.10266 39.09945 124.69997 9.0
38.0 16.0 38.0 88.78499 68.42501 152.61668 9.0
38.0 22.0 22.0 25.0752 79.99256 119.44291 18.0
38.0 22.0 38.0 88.78499 68.42501 152.61668 18.0
38.0 24.0 24.0 107.88696 87.25481 149.14098 1467.0
38.0 24.0 38.0 88.78499 68.42501 152.61668 1467.0
38.0 26.0 26.0 132.12083 45.09005 139.08348 288.0
38.0 26.0 38.0 88.78499 68.42501 152.61668 288.0
38.0 28.0 28.0 84.3596 38.94443 143.14923 462.0
38.0 28.0 38.0 88.78499 68.42501 152.61668 462.0
38.0 29.0 29.0 122.63495 20.56969 121.18029 3.0
38.0 29.0 38.0 88.78499 68.42501 152.61668 3.0
38.0 33.0 33.0 97.23914 49.91144 149.22931 1181.0
38.0 33.0 38.0 88.78499 68.42501 152.61668 1181.0
38.0 34.0 34.0 127.84113 111.18321 129.62261 29.0
38.0 34.0 38.0 88.78499 68.42501 152.61668 29.0
38.0 36.0 36.0 51.17204 19.47036 119.67531 2.0
38.0 36.0 38.0 88.78499 68.42501 152.61668 2.0
38.0 37.0 37.0 80.19722 11.06809 113.82842 1.0
38.0 37.0 38.0 88.78499 68.42501 152.61668 1.0
38.0 38.0 38.0 88.78499 68.42501 152.61668 2440.0
38.0 38.0 38.0 88.78499 68.42501 152.61668 2440.0
38.0 41.0 41.0 59.86971 126.0579 122.5066 2.0
38.0 41.0 38.0 88.78499 68.42501 152.61668 2.0
38.0 42.0 42.0 56.59204 85.22048 144.9451 871.0
38.0 42.0 38.0 88.78499 68.42501 152.61668 871.0
38.0 44.0 44.0 70.21752 22.72584 131.34154 9.0
38.0 44.0 38.0 88.78499 68.42501 152.61668 9.0
38.0 47.0 47.0 164.20834 62.73416 126.07688 3.0
38.0 47.0 38.0 88.78499 68.42501 152.61668 3.0
39.0 1.0 1.0 66.23995 89.20359 7.45639 207.0
39.0 1.0 39.0 21.80086 50.12867 32.81178 207.0
39.0 2.0 2.0 27.33075 25.39708 87.69619 118.0
39.0 2.0 39.0 21.80086 50.12867 32.81178 118.0
39.0 5.0 5.0 36.13697 130.0432 82.17541 2.0
39.0 5.0 39.0 21.80086 50.12867 32.81178 2.0
39.0 6.0 6.0 5.47349 84.7705 74.39456 1083.0
39.0 6.0 39.0 21.80086 50.12867 32.81178 1083.0
39.0 8.0 8.0 108.19285 85.96773 38.67715 2.0
39.0 8.0 39.0 21.80086 50.12867 32.81178 2.0
39.0 11.0 11.0 48.5423 14.10302 56.5215 680.0
39.0 11.0 39.0 21.80086 50.12867 32.81178 680.0
39.0 12.0 12.0 179.80881 86.31866 84.74004 1.0
39.0 12.0 39.0 21.80086 50.12867 32.81178 1.0
39.0 13.0 13.0 21.7903 31.14873 56.43023 1402.0
39.0 13.0 39.0 21.80086 50.12867 32.81178 1402.0
39.0 19.0 19.0 66.39193 15.82201 45.32282 188.0
39.0 19.0 39.0 21.80086 50.12867 32.81178 188.0
39.0 20.0 20.0 85.00736 53.72824 22.22367 365.0
39.0 20.0 39.0 21.80086 50.12867 32.81178 365.0
39.0 21.0 21.0 28.28299 78.10919 19.30086 1622.0
39.0 21.0 39.0 21.80086 50.12867 32.81178 1622.0
39.0 27.0 27.0 18.76212 45.33038 103.8025 13.0
39.0 27.0 39.0 21.80086 50.12867 32.81178 13.0
39.0 39.0 39.0 21.80086 50.12867 32.81178 7563.0
39.0 39.0 39.0 21.80086 50.12867 32.81178 7563.0
39.0 40.0 40.0 83.26503 23.52186 42.40212 23.0
39.0 40.0 39.0 21.80086 50.12867 32.81178 23.0
39.0 45.0 45.0 35.11794 116.38018 28.56722 62.0
39.0 45.0 39.0 21.80086 50.12867 32.81178 62.0
40.0 1.0 1.0 66.23995 89.20359 7.45639 8.0
40.0 1.0 40.0 83.26503 23.52186 42.40212 8.0
40.0 2.0 2.0 27.33075 25.39708 87.69619 1.0
40.0 2.0 40.0 83.26503 23.52186 42.40212 1.0
40.0 3.0 3.0 83.12189 3.83051 88.03471 104.0
40.0 3.0 40.0 83.26503 23.52186 42.40212 104.0
40.0 7.0 7.0 121.68925 13.45052 56.93191 178.0
40.0 7.0 40.0 83.26503 23.52186 42.40212 178.0
40.0 8.0 8.0 108.19285 85.96773 38.67715 22.0
40.0 8.0 40.0 83.26503 23.52186 42.40212 22.0
40.0 10.0 10.0 97.06419 3.91925 61.12641 916.0
40.0 10.0 40.0 83.26503 23.52186 42.40212 916.0
40.0 11.0 11.0 48.5423 14.10302 56.5215 396.0
40.0 11.0 40.0 83.26503 23.52186 42.40212 396.0
40.0 13.0 13.0 21.7903 31.14873 56.43023 5.0
40.0 13.0 40.0 83.26503 23.52186 42.40212 5.0
40.0 15.0 15.0 145.16548 26.63304 64.63258 4.0
40.0 15.0 40.0 83.26503 23.52186 42.40212 4.0
40.0 17.0 17.0 122.81424 11.00441 94.56735 3.0
40.0 17.0 40.0 83.26503 23.52186 42.40212 3.0
40.0 19.0 19.0 66.39193 15.82201 45.32282 1161.0
40.0 19.0 40.0 83.26503 23.52186 42.40212 1161.0
40.0 20.0 20.0 85.00736 53.72824 22.22367 1329.0
40.0 20.0 40.0 83.26503 23.52186 42.40212 1329.0
40.0 21.0 21.0 28.28299 78.10919 19.30086 6.0
40.0 21.0 40.0 83.26503 23.52186 42.40212 6.0
40.0 31.0 31.0 121.62496 38.97276 36.07098 808.0
40.0 31.0 40.0 83.26503 23.52186 42.40212 808.0
40.0 37.0 37.0 80.19722 11.06809 113.82842 3.0
40.0 37.0 40.0 83.26503 23.52186 42.40212 3.0
40.0 39.0 39.0 21.80086 50.12867 32.81178 27.0
40.0 39.0 40.0 83.26503 23.52186 42.40212 27.0
40.0 40.0 40.0 83.26503 23.52186 42.40212 3402.0
40.0 40.0 40.0 83.26503 23.52186 42.40212 3402.0
41.0 0.0 0.0 55.10197 48.89472 141.97573 2.0
41.0 0.0 41.0 59.86971 126.0579 122.5066 2.0
41.0 4.0 4.0 72.05604 108.39682 139.66366 2178.0
41.0 4.0 41.0 59.86971 126.0579 122.5066 2178.0
41.0 5.0 5.0 36.13697 130.0432 82.17541 1713.0
41.0 5.0 41.0 59.86971 126.0579 122.5066 1713.0
41.0 6.0 6.0 5.47349 84.7705 74.39456 10.0
41.0 6.0 41.0 59.86971 126.0579 122.5066 10.0
41.0 9.0 9.0 78.59201 139.93411 102.59891 1624.0
41.0 9.0 41.0 59.86971 126.0579 122.5066 1624.0
41.0 13.0 13.0 21.7903 31.14873 56.43023 1.0
41.0 13.0 41.0 59.86971 126.0579 122.5066 1.0
41.0 22.0 22.0 25.0752 79.99256 119.44291 475.0
41.0 22.0 41.0 59.86971 126.0579 122.5066 475.0
41.0 24.0 24.0 107.88696 87.25481 149.14098 69.0
41.0 24.0 41.0 59.86971 126.0579 122.5066 69.0
41.0 28.0 28.0 84.3596 38.94443 143.14923 1.0
41.0 28.0 41.0 59.86971 126.0579 122.5066 1.0
41.0 30.0 30.0 88.30627 139.9308 62.65263 21.0
41.0 30.0 41.0 59.86971 126.0579 122.5066 21.0
41.0 34.0 34.0 127.84113 111.18321 129.62261 319.0
41.0 34.0 41.0 59.86971 126.0579 122.5066 319.0
41.0 35.0 35.0 147.81417 121.13177 95.65368 1.0
41.0 35.0 41.0 59.86971 126.0579 122.5066 1.0
41.0 38.0 38.0 88.78499 68.42501 152.61668 3.0
41.0 38.0 41.0 59.86971 126.0579 122.5066 3.0
41.0 41.0 41.0 59.86971 126.0579 122.5066 6885.0
41.0 41.0 41.0 59.86971 126.0579 122.5066 6885.0
41.0 42.0 42.0 56.59204 85.22048 144.9451 320.0
41.0 42.0 41.0 59.86971 126.0579 122.5066 320.0
41.0 43.0 43.0 101.76554 137.70406 99.18452 255.0
41.0 43.0 41.0 59.86971 126.0579 122.5066 255.0
42.0 0.0 0.0 55.10197 48.89472 141.97573 699.0
42.0 0.0 42.0 56.59204 85.22048 144.9451 699.0
42.0 4.0 4.0 72.05604 108.39682 139.66366 1636.0
42.0 4.0 42.0 56.59204 85.22048 144.9451 1636.0
42.0 5.0 5.0 36.13697 130.0432 82.17541 36.0
42.0 5.0 42.0 56.59204 85.22048 144.9451 36.0
42.0 6.0 6.0 5.47349 84.7705 74.39456 1.0
42.0 6.0 42.0 56.59204 85.22048 144.9451 1.0
42.0 7.0 7.0 121.68925 13.45052 56.93191 1.0
42.0 7.0 42.0 56.59204 85.22048 144.9451 1.0
42.0 16.0 16.0 37.10266 39.09945 124.69997 115.0
42.0 16.0 42.0 56.59204 85.22048 144.9451 115.0
42.0 22.0 22.0 25.0752 79.99256 119.44291 1230.0
42.0 22.0 42.0 56.59204 85.22048 144.9451 1230.0
42.0 24.0 24.0 107.88696 87.25481 149.14098 393.0
42.0 24.0 42.0 56.59204 85.22048 144.9451 393.0
42.0 27.0 27.0 18.76212 45.33038 103.8025 1.0
42.0 27.0 42.0 56.59204 85.22048 144.9451 1.0
42.0 28.0 28.0 84.3596 38.94443 143.14923 148.0
42.0 28.0 42.0 56.59204 85.22048 144.9451 148.0
42.0 33.0 33.0 97.23914 49.91144 149.22931 109.0
42.0 33.0 42.0 56.59204 85.22048 144.9451 109.0
42.0 34.0 34.0 127.84113 111.18321 129.62261 3.0
42.0 34.0 42.0 56.59204 85.22048 144.9451 3.0
42.0 36.0 36.0 51.17204 19.47036 119.67531 2.0
42.0 36.0 42.0 56.59204 85.22048 144.9451 2.0
42.0 37.0 37.0 80.19722 11.06809 113.82842 1.0
42.0 37.0 42.0 56.59204 85.22048 144.9451 1.0
42.0 38.0 38.0 88.78499 68.42501 152.61668 877.0
42.0 38.0 42.0 56.59204 85.22048 144.9451 877.0
42.0 41.0 41.0 59.86971 126.0579 122.5066 305.0
42.0 41.0 42.0 56.59204 85.22048 144.9451 305.0
42.0 42.0 42.0 56.59204 85.22048 144.9451 4364.0
42.0 42.0 42.0 56.59204 85.22048 144.9451 4364.0
42.0 44.0 44.0 70.21752 22.72584 131.34154 2.0
42.0 44.0 42.0 56.59204 85.22048 144.9451 2.0
43.0 4.0 4.0 72.05604 108.39682 139.66366 59.0
43.0 4.0 43.0 101.76554 137.70406 99.18452 59.0
43.0 5.0 5.0 36.13697 130.0432 82.17541 54.0
43.0 5.0 43.0 101.76554 137.70406 99.18452 54.0
43.0 8.0 8.0 108.19285 85.96773 38.67715 1.0
43.0 8.0 43.0 101.76554 137.70406 99.18452 1.0
43.0 9.0 9.0 78.59201 139.93411 102.59891 1605.0
43.0 9.0 43.0 101.76554 137.70406 99.18452 1605.0
43.0 24.0 24.0 107.88696 87.25481 149.14098 10.0
43.0 24.0 43.0 101.76554 137.70406 99.18452 10.0
43.0 30.0 30.0 88.30627 139.9308 62.65263 1596.0
43.0 30.0 43.0 101.76554 137.70406 99.18452 1596.0
43.0 34.0 34.0 127.84113 111.18321 129.62261 1087.0
43.0 34.0 43.0 101.76554 137.70406 99.18452 1087.0
43.0 35.0 35.0 147.81417 121.13177 95.65368 647.0
43.0 35.0 43.0 101.76554 137.70406 99.18452 647.0
43.0 37.0 37.0 80.19722 11.06809 113.82842 1.0
43.0 37.0 43.0 101.76554 137.70406 99.18452 1.0
43.0 41.0 41.0 59.86971 126.0579 122.5066 216.0
43.0 41.0 43.0 101.76554 137.70406 99.18452 216.0
43.0 43.0 43.0 101.76554 137.70406 99.18452 3620.0
43.0 43.0 43.0 101.76554 137.70406 99.18452 3620.0
43.0 45.0 45.0 35.11794 116.38018 28.56722 1.0
43.0 45.0 43.0 101.76554 137.70406 99.18452 1.0
43.0 46.0 46.0 114.47656 130.24312 52.69899 139.0
43.0 46.0 43.0 101.76554 137.70406 99.18452 139.0
44.0 0.0 0.0 55.10197 48.89472 141.97573 495.0
44.0 0.0 44.0 70.21752 22.72584 131.34154 495.0
44.0 2.0 2.0 27.33075 25.39708 87.69619 31.0
44.0 2.0 44.0 70.21752 22.72584 131.34154 31.0
44.0 3.0 3.0 83.12189 3.83051 88.03471 42.0
44.0 3.0 44.0 70.21752 22.72584 131.34154 42.0
44.0 6.0 6.0 5.47349 84.7705 74.39456 1.0
44.0 6.0 44.0 70.21752 22.72584 131.34154 1.0
44.0 11.0 11.0 48.5423 14.10302 56.5215 2.0
44.0 11.0 44.0 70.21752 22.72584 131.34154 2.0
44.0 16.0 16.0 37.10266 39.09945 124.69997 174.0
44.0 16.0 44.0 70.21752 22.72584 131.34154 174.0
44.0 22.0 22.0 25.0752 79.99256 119.44291 1.0
44.0 22.0 44.0 70.21752 22.72584 131.34154 1.0
44.0 24.0 24.0 107.88696 87.25481 149.14098 1.0
44.0 24.0 44.0 70.21752 22.72584 131.34154 1.0
44.0 26.0 26.0 132.12083 45.09005 139.08348 11.0
44.0 26.0 44.0 70.21752 22.72584 131.34154 11.0
44.0 27.0 27.0 18.76212 45.33038 103.8025 3.0
44.0 27.0 44.0 70.21752 22.72584 131.34154 3.0
44.0 28.0 28.0 84.3596 38.94443 143.14923 674.0
44.0 28.0 44.0 70.21752 22.72584 131.34154 674.0
44.0 29.0 29.0 122.63495 20.56969 121.18029 68.0
44.0 29.0 44.0 70.21752 22.72584 131.34154 68.0
44.0 33.0 33.0 97.23914 49.91144 149.22931 79.0
44.0 33.0 44.0 70.21752 22.72584 131.34154 79.0
44.0 36.0 36.0 51.17204 19.47036 119.67531 607.0
44.0 36.0 44.0 70.21752 22.72584 131.34154 607.0
44.0 37.0 37.0 80.19722 11.06809 113.82842 1111.0
44.0 37.0 44.0 70.21752 22.72584 131.34154 1111.0
44.0 38.0 38.0 88.78499 68.42501 152.61668 17.0
44.0 38.0 44.0 70.21752 22.72584 131.34154 17.0
44.0 40.0 40.0 83.26503 23.52186 42.40212 1.0
44.0 40.0 44.0 70.21752 22.72584 131.34154 1.0
44.0 41.0 41.0 59.86971 126.0579 122.5066 1.0
44.0 41.0 44.0 70.21752 22.72584 131.34154 1.0
44.0 42.0 42.0 56.59204 85.22048 144.9451 2.0
44.0 42.0 44.0 70.21752 22.72584 131.34154 2.0
44.0 44.0 44.0 70.21752 22.72584 131.34154 1413.0
44.0 44.0 44.0 70.21752 22.72584 131.34154 1413.0
45.0 1.0 1.0 66.23995 89.20359 7.45639 1430.0
45.0 1.0 45.0 35.11794 116.38018 28.56722 1430.0
45.0 5.0 5.0 36.13697 130.0432 82.17541 1514.0
45.0 5.0 45.0 35.11794 116.38018 28.56722 1514.0
45.0 6.0 6.0 5.47349 84.7705 74.39456 775.0
45.0 6.0 45.0 35.11794 116.38018 28.56722 775.0
45.0 8.0 8.0 108.19285 85.96773 38.67715 81.0
45.0 8.0 45.0 35.11794 116.38018 28.56722 81.0
45.0 9.0 9.0 78.59201 139.93411 102.59891 1.0
45.0 9.0 45.0 35.11794 116.38018 28.56722 1.0
45.0 14.0 14.0 128.28504 116.05818 40.28043 2.0
45.0 14.0 45.0 35.11794 116.38018 28.56722 2.0
45.0 20.0 20.0 85.00736 53.72824 22.22367 2.0
45.0 20.0 45.0 35.11794 116.38018 28.56722 2.0
45.0 21.0 21.0 28.28299 78.10919 19.30086 1425.0
45.0 21.0 45.0 35.11794 116.38018 28.56722 1425.0
45.0 22.0 22.0 25.0752 79.99256 119.44291 1.0
45.0 22.0 45.0 35.11794 116.38018 28.56722 1.0
45.0 30.0 30.0 88.30627 139.9308 62.65263 638.0
45.0 30.0 45.0 35.11794 116.38018 28.56722 638.0
45.0 39.0 39.0 21.80086 50.12867 32.81178 51.0
45.0 39.0 45.0 35.11794 116.38018 28.56722 51.0
45.0 45.0 45.0 35.11794 116.38018 28.56722 10234.0
45.0 45.0 45.0 35.11794 116.38018 28.56722 10234.0
45.0 46.0 46.0 114.47656 130.24312 52.69899 42.0
45.0 46.0 45.0 35.11794 116.38018 28.56722 42.0
46.0 1.0 1.0 66.23995 89.20359 7.45639 104.0
46.0 1.0 46.0 114.47656 130.24312 52.69899 104.0
46.0 5.0 5.0 36.13697 130.0432 82.17541 6.0
46.0 5.0 46.0 114.47656 130.24312 52.69899 6.0
46.0 8.0 8.0 108.19285 85.96773 38.67715 830.0
46.0 8.0 46.0 114.47656 130.24312 52.69899 830.0
46.0 9.0 9.0 78.59201 139.93411 102.59891 8.0
46.0 9.0 46.0 114.47656 130.24312 52.69899 8.0
46.0 12.0 12.0 179.80881 86.31866 84.74004 3.0
46.0 12.0 46.0 114.47656 130.24312 52.69899 3.0
46.0 14.0 14.0 128.28504 116.05818 40.28043 2170.0
46.0 14.0 46.0 114.47656 130.24312 52.69899 2170.0
46.0 30.0 30.0 88.30627 139.9308 62.65263 2598.0
46.0 30.0 46.0 114.47656 130.24312 52.69899 2598.0
46.0 31.0 31.0 121.62496 38.97276 36.07098 1.0
46.0 31.0 46.0 114.47656 130.24312 52.69899 1.0
46.0 32.0 32.0 156.96643 89.07266 57.97933 222.0
46.0 32.0 46.0 114.47656 130.24312 52.69899 222.0
46.0 34.0 34.0 127.84113 111.18321 129.62261 12.0
46.0 34.0 46.0 114.47656 130.24312 52.69899 12.0
46.0 35.0 35.0 147.81417 121.13177 95.65368 908.0
46.0 35.0 46.0 114.47656 130.24312 52.69899 908.0
46.0 43.0 43.0 101.76554 137.70406 99.18452 120.0
46.0 43.0 46.0 114.47656 130.24312 52.69899 120.0
46.0 45.0 45.0 35.11794 116.38018 28.56722 41.0
46.0 45.0 46.0 114.47656 130.24312 52.69899 41.0
46.0 46.0 46.0 114.47656 130.24312 52.69899 5330.0
46.0 46.0 46.0 114.47656 130.24312 52.69899 5330.0
47.0 12.0 12.0 179.80881 86.31866 84.74004 323.0
47.0 12.0 47.0 164.20834 62.73416 126.07688 323.0
47.0 15.0 15.0 145.16548 26.63304 64.63258 8.0
47.0 15.0 47.0 164.20834 62.73416 126.07688 8.0
47.0 17.0 17.0 122.81424 11.00441 94.56735 19.0
47.0 17.0 47.0 164.20834 62.73416 126.07688 19.0
47.0 18.0 18.0 159.21993 24.83264 93.85381 488.0
47.0 18.0 47.0 164.20834 62.73416 126.07688 488.0
47.0 23.0 23.0 173.50187 43.50453 77.04525 275.0
47.0 23.0 47.0 164.20834 62.73416 126.07688 275.0
47.0 24.0 24.0 107.88696 87.25481 149.14098 180.0
47.0 24.0 47.0 164.20834 62.73416 126.07688 180.0
47.0 25.0 25.0 182.84612 64.00785 100.3016 905.0
47.0 25.0 47.0 164.20834 62.73416 126.07688 905.0
47.0 26.0 26.0 132.12083 45.09005 139.08348 1441.0
47.0 26.0 47.0 164.20834 62.73416 126.07688 1441.0
47.0 29.0 29.0 122.63495 20.56969 121.18029 177.0
47.0 29.0 47.0 164.20834 62.73416 126.07688 177.0
47.0 32.0 32.0 156.96643 89.07266 57.97933 1.0
47.0 32.0 47.0 164.20834 62.73416 126.07688 1.0
47.0 33.0 33.0 97.23914 49.91144 149.22931 6.0
47.0 33.0 47.0 164.20834 62.73416 126.07688 6.0
47.0 34.0 34.0 127.84113 111.18321 129.62261 984.0
47.0 34.0 47.0 164.20834 62.73416 126.07688 984.0
47.0 35.0 35.0 147.81417 121.13177 95.65368 272.0
47.0 35.0 47.0 164.20834 62.73416 126.07688 272.0
47.0 37.0 37.0 80.19722 11.06809 113.82842 1.0
47.0 37.0 47.0 164.20834 62.73416 126.07688 1.0
47.0 38.0 38.0 88.78499 68.42501 152.61668 3.0
47.0 38.0 47.0 164.20834 62.73416 126.07688 3.0
47.0 47.0 47.0 164.20834 62.73416 126.07688 6811.0
47.0 47.0 47.0 164.20834 62.73416 126.07688 6811.0
