TargetArea SourceArea Area AvgPosX AvgPosY AvgPosZ SumWeights
0.0 0.0 0.0 55.10989 48.89723 141.98245 3212.0
0.0 0.0 0.0 55.10989 48.89723 141.98245 3212.0
0.0 2.0 2.0 27.33782 25.392 87.70092 7.0
0.0 2.0 0.0 55.10989 48.89723 141.98245 7.0
0.0 4.0 4.0 72.06625 108.39674 139.66747 13.0
0.0 4.0 0.0 55.10989 48.89723 141.98245 13.0
0.0 5.0 5.0 36.13694 130.03965 82.18571 1.0
0.0 5.0 0.0 55.10989 48.89723 141.98245 1.0
0.0 8.0 8.0 108.19418 85.98737 38.67579 1.0
0.0 8.0 0.0 55.10989 48.89723 141.98245 1.0
0.0 16.0 16.0 37.10153 39.09947 124.69903 1176.0
0.0 16.0 0.0 55.10989 48.89723 141.98245 1176.0
0.0 22.0 22.0 25.07575 80.00449 119.44042 498.0
0.0 22.0 0.0 55.10989 48.89723 141.98245 498.0
0.0 24.0 24.0 107.89333 87.2451 149.14267 12.0
0.0 24.0 0.0 55.10989 48.89723 141.98245 12.0
0.0 27.0 27.0 18.74603 45.34046 103.77669 28.0
0.0 27.0 0.0 55.10989 48.89723 141.98245 28.0
0.0 28.0 28.0 84.37006 38.93739 143.14773 937.0
0.0 28.0 0.0 55.10989 48.89723 141.98245 937.0
0.0 33.0 33.0 97.22185 49.92499 149.23601 225.0
0.0 33.0 0.0 55.10989 48.89723 141.98245 225.0
0.0 36.0 36.0 51.16549 19.46434 119.65158 392.0
0.0 36.0 0.0 55.10989 48.89723 141.98245 392.0
0.0 37.0 37.0 80.22896 11.07407 113.8411 70.0
0.0 37.0 0.0 55.10989 48.89723 141.98245 70.0
0.0 38.0 38.0 88.75323 68.43044 152.61818 320.0
0.0 38.0 0.0 55.10989 48.89723 141.98245 320.0
0.0 41.0 41.0 59.83799 126.06439 122.48369 1.0
0.0 41.0 0.0 55.10989 48.89723 141.98245 1.0
0.0 42.0 42.0 56.59611 85.20975 144.94644 775.0
0.0 42.0 0.0 55.10989 48.89723 141.98245 775.0
0.0 44.0 44.0 70.21447 22.72575 131.34066 500.0
0.0 44.0 0.0 55.10989 48.89723 141.98245 500.0
1.0 1.0 1.0 66.23881 89.1771 7.45315 9317.0
1.0 1.0 1.0 66.23881 89.1771 7.45315 9317.0
1.0 5.0 5.0 36.13694 130.03965 82.18571 15.0
1.0 5.0 1.0 66.23881 89.1771 7.45315 15.0
1.0 8.0 8.0 108.19418 85.98737 38.67579 1411.0
1.0 8.0 1.0 66.23881 89.1771 7.45315 1411.0
1.0 11.0 11.0 48.53875 14.1083 56.51687 12.0
1.0 11.0 1.0 66.23881 89.1771 7.45315 12.0
1.0 13.0 13.0 21.79987 31.14229 56.43542 2.0
1.0 13.0 1.0 66.23881 89.1771 7.45315 2.0
1.0 14.0 14.0 128.28823 116.04794 40.27265 43.0
1.0 14.0 1.0 66.23881 89.1771 7.45315 43.0
1.0 19.0 19.0 66.38616 15.81658 45.34099 20.0
1.0 19.0 1.0 66.23881 89.1771 7.45315 20.0
1.0 20.0 20.0 85.01466 53.7344 22.22437 1811.0
1.0 20.0 1.0 66.23881 89.1771 7.45315 1811.0
1.0 21.0 21.0 28.27446 78.1103 19.30387 1268.0
1.0 21.0 1.0 66.23881 89.1771 7.45315 1268.0
1.0 30.0 30.0 88.29867 139.92407 62.63412 283.0
1.0 30.0 1.0 66.23881 89.1771 7.45315 283.0
1.0 31.0 31.0 121.59489 38.97476 36.06491 4.0
1.0 31.0 1.0 66.23881 89.1771 7.45315 4.0
1.0 39.0 39.0 21.80521 50.12345 32.81335 216.0
1.0 39.0 1.0 66.23881 89.1771 7.45315 216.0
1.0 40.0 40.0 83.26337 23.53237 42.40036 15.0
1.0 40.0 1.0 66.23881 89.1771 7.45315 15.0
1.0 45.0 45.0 35.09953 116.36566 28.57335 1581.0
1.0 45.0 1.0 66.23881 89.1771 7.45315 1581.0
1.0 46.0 46.0 114.51491 130.23381 52.72867 116.0
1.0 46.0 1.0 66.23881 89.1771 7.45315 116.0
2.0 0.0 0.0 55.10989 48.89723 141.98245 9.0
2.0 0.0 2.0 27.33782 25.392 87.70092 9.0
2.0 2.0 2.0 27.33782 25.392 87.70092 5582.0
2.0 2.0 2.0 27.33782 25.392 87.70092 5582.0
2.0 3.0 3.0 83.12759 3.82913 88.03334 243.0
2.0 3.0 2.0 27.33782 25.392 87.70092 243.0
2.0 6.0 6.0 5.47371 84.77759 74.41057 407.0
2.0 6.0 2.0 27.33782 25.392 87.70092 407.0
2.0 11.0 11.0 48.53875 14.1083 56.51687 1129.0
2.0 11.0 2.0 27.33782 25.392 87.70092 1129.0
2.0 13.0 13.0 21.79987 31.14229 56.43542 1144.0
2.0 13.0 2.0 27.33782 25.392 87.70092 1144.0
2.0 16.0 16.0 37.10153 39.09947 124.69903 622.0
2.0 16.0 2.0 27.33782 25.392 87.70092 622.0
2.0 19.0 19.0 66.38616 15.81658 45.34099 9.0
2.0 19.0 2.0 27.33782 25.392 87.70092 9.0
2.0 20.0 20.0 85.01466 53.7344 22.22437 1.0
2.0 20.0 2.0 27.33782 25.392 87.70092 1.0
2.0 21.0 21.0 28.27446 78.1103 19.30387 1.0
2.0 21.0 2.0 27.33782 25.392 87.70092 1.0
2.0 22.0 22.0 25.07575 80.00449 119.44042 66.0
2.0 22.0 2.0 27.33782 25.392 87.70092 66.0
2.0 27.0 27.0 18.74603 45.34046 103.77669 1355.0
2.0 27.0 2.0 27.33782 25.392 87.70092 1355.0
2.0 28.0 28.0 84.37006 38.93739 143.14773 1.0
2.0 28.0 2.0 27.33782 25.392 87.70092 1.0
2.0 36.0 36.0 51.16549 19.46434 119.65158 435.0
2.0 36.0 2.0 27.33782 25.392 87.70092 435.0
2.0 37.0 37.0 80.22896 11.07407 113.8411 392.0
2.0 37.0 2.0 27.33782 25.392 87.70092 392.0
2.0 39.0 39.0 21.80521 50.12345 32.81335 125.0
2.0 39.0 2.0 27.33782 25.392 87.70092 125.0
2.0 44.0 44.0 70.21447 22.72575 131.34066 19.0
2.0 44.0 2.0 27.33782 25.392 87.70092 19.0
3.0 2.0 2.0 27.33782 25.392 87.70092 228.0
3.0 2.0 3.0 83.12759 3.82913 88.03334 228.0
3.0 3.0 3.0 83.12759 3.82913 88.03334 5953.0
3.0 3.0 3.0 83.12759 3.82913 88.03334 5953.0
3.0 7.0 7.0 121.68619 13.44779 56.94252 188.0
3.0 7.0 3.0 83.12759 3.82913 88.03334 188.0
3.0 10.0 10.0 97.05961 3.92003 61.12445 1342.0
3.0 10.0 3.0 83.12759 3.82913 88.03334 1342.0
3.0 11.0 11.0 48.53875 14.1083 56.51687 941.0
3.0 11.0 3.0 83.12759 3.82913 88.03334 941.0
3.0 13.0 13.0 21.79987 31.14229 56.43542 3.0
3.0 13.0 3.0 83.12759 3.82913 88.03334 3.0
3.0 15.0 15.0 145.15737 26.63742 64.63472 13.0
3.0 15.0 3.0 83.12759 3.82913 88.03334 13.0
3.0 16.0 16.0 37.10153 39.09947 124.69903 13.0
3.0 16.0 3.0 83.12759 3.82913 88.03334 13.0
3.0 17.0 17.0 122.82072 11.00481 94.54988 973.0
3.0 17.0 3.0 83.12759 3.82913 88.03334 973.0
3.0 18.0 18.0 159.21238 24.83698 93.89588 1.0
3.0 18.0 3.0 83.12759 3.82913 88.03334 1.0
3.0 19.0 19.0 66.38616 15.81658 45.34099 348.0
3.0 19.0 3.0 83.12759 3.82913 88.03334 348.0
3.0 27.0 27.0 18.74603 45.34046 103.77669 2.0
3.0 27.0 3.0 83.12759 3.82913 88.03334 2.0
3.0 28.0 28.0 84.37006 38.93739 143.14773 5.0
3.0 28.0 3.0 83.12759 3.82913 88.03334 5.0
3.0 29.0 29.0 122.62422 20.56935 121.18722 198.0
3.0 29.0 3.0 83.12759 3.82913 88.03334 198.0
3.0 31.0 31.0 121.59489 38.97476 36.06491 2.0
3.0 31.0 3.0 83.12759 3.82913 88.03334 2.0
3.0 33.0 33.0 97.22185 49.92499 149.23601 1.0
3.0 33.0 3.0 83.12759 3.82913 88.03334 1.0
3.0 36.0 36.0 51.16549 19.46434 119.65158 122.0
3.0 36.0 3.0 83.12759 3.82913 88.03334 122.0
3.0 37.0 37.0 80.22896 11.07407 113.8411 2125.0
3.0 37.0 3.0 83.12759 3.82913 88.03334 2125.0
3.0 40.0 40.0 83.26337 23.53237 42.40036 119.0
3.0 40.0 3.0 83.12759 3.82913 88.03334 119.0
3.0 44.0 44.0 70.21447 22.72575 131.34066 45.0
3.0 44.0 3.0 83.12759 3.82913 88.03334 45.0
4.0 0.0 0.0 55.10989 48.89723 141.98245 13.0
4.0 0.0 4.0 72.06625 108.39674 139.66747 13.0
4.0 4.0 4.0 72.06625 108.39674 139.66747 5530.0
4.0 4.0 4.0 72.06625 108.39674 139.66747 5530.0
4.0 5.0 5.0 36.13694 130.03965 82.18571 73.0
4.0 5.0 4.0 72.06625 108.39674 139.66747 73.0
4.0 6.0 6.0 5.47371 84.77759 74.41057 2.0
4.0 6.0 4.0 72.06625 108.39674 139.66747 2.0
4.0 9.0 9.0 78.58966 139.93278 102.60811 224.0
4.0 9.0 4.0 72.06625 108.39674 139.66747 224.0
4.0 22.0 22.0 25.07575 80.00449 119.44042 379.0
4.0 22.0 4.0 72.06625 108.39674 139.66747 379.0
4.0 24.0 24.0 107.89333 87.2451 149.14267 1262.0
4.0 24.0 4.0 72.06625 108.39674 139.66747 1262.0
4.0 28.0 28.0 84.37006 38.93739 143.14773 2.0
4.0 28.0 4.0 72.06625 108.39674 139.66747 2.0
4.0 33.0 33.0 97.22185 49.92499 149.23601 7.0
4.0 33.0 4.0 72.06625 108.39674 139.66747 7.0
4.0 34.0 34.0 127.85559 111.17798 129.61698 699.0
4.0 34.0 4.0 72.06625 108.39674 139.66747 699.0
4.0 37.0 37.0 80.22896 11.07407 113.8411 1.0
4.0 37.0 4.0 72.06625 108.39674 139.66747 1.0
4.0 38.0 38.0 88.75323 68.43044 152.61818 190.0
4.0 38.0 4.0 72.06625 108.39674 139.66747 190.0
4.0 41.0 41.0 59.83799 126.06439 122.48369 2266.0
4.0 41.0 4.0 72.06625 108.39674 139.66747 2266.0
4.0 42.0 42.0 56.59611 85.20975 144.94644 1782.0
4.0 42.0 4.0 72.06625 108.39674 139.66747 1782.0
4.0 43.0 43.0 101.77289 137.70163 99.19206 63.0
4.0 43.0 4.0 72.06625 108.39674 139.66747 63.0
4.0 45.0 45.0 35.09953 116.36566 28.57335 1.0
4.0 45.0 4.0 72.06625 108.39674 139.66747 1.0
5.0 1.0 1.0 66.23881 89.1771 7.45315 11.0
5.0 1.0 5.0 36.13694 130.03965 82.18571 11.0
5.0 4.0 4.0 72.06625 108.39674 139.66747 88.0
5.0 4.0 5.0 36.13694 130.03965 82.18571 88.0
5.0 5.0 5.0 36.13694 130.03965 82.18571 18131.0
5.0 5.0 5.0 36.13694 130.03965 82.18571 18131.0
5.0 6.0 6.0 5.47371 84.77759 74.41057 1657.0
5.0 6.0 5.0 36.13694 130.03965 82.18571 1657.0
5.0 8.0 8.0 108.19418 85.98737 38.67579 1.0
5.0 8.0 5.0 36.13694 130.03965 82.18571 1.0
5.0 9.0 9.0 78.58966 139.93278 102.60811 1168.0
5.0 9.0 5.0 36.13694 130.03965 82.18571 1168.0
5.0 21.0 21.0 28.27446 78.1103 19.30387 15.0
5.0 21.0 5.0 36.13694 130.03965 82.18571 15.0
5.0 22.0 22.0 25.07575 80.00449 119.44042 1031.0
5.0 22.0 5.0 36.13694 130.03965 82.18571 1031.0
5.0 30.0 30.0 88.29867 139.92407 62.63412 1412.0
5.0 30.0 5.0 36.13694 130.03965 82.18571 1412.0
5.0 34.0 34.0 127.85559 111.17798 129.61698 1.0
5.0 34.0 5.0 36.13694 130.03965 82.18571 1.0
5.0 41.0 41.0 59.83799 126.06439 122.48369 1870.0
5.0 41.0 5.0 36.13694 130.03965 82.18571 1870.0
5.0 42.0 42.0 56.59611 85.20975 144.94644 30.0
5.0 42.0 5.0 36.13694 130.03965 82.18571 30.0
5.0 43.0 43.0 101.77289 137.70163 99.19206 59.0
5.0 43.0 5.0 36.13694 130.03965 82.18571 59.0
5.0 45.0 45.0 35.09953 116.36566 28.57335 1670.0
5.0 45.0 5.0 36.13694 130.03965 82.18571 1670.0
5.0 46.0 46.0 114.51491 130.23381 52.72867 7.0
5.0 46.0 5.0 36.13694 130.03965 82.18571 7.0
6.0 0.0 0.0 55.10989 48.89723 141.98245 1.0
6.0 0.0 6.0 5.47371 84.77759 74.41057 1.0
6.0 2.0 2.0 27.33782 25.392 87.70092 435.0
6.0 2.0 6.0 5.47371 84.77759 74.41057 435.0
6.0 4.0 4.0 72.06625 108.39674 139.66747 2.0
6.0 4.0 6.0 5.47371 84.77759 74.41057 2.0
6.0 5.0 5.0 36.13694 130.03965 82.18571 1693.0
6.0 5.0 6.0 5.47371 84.77759 74.41057 1693.0
6.0 6.0 6.0 5.47371 84.77759 74.41057 13082.0
6.0 6.0 6.0 5.47371 84.77759 74.41057 13082.0
6.0 8.0 8.0 108.19418 85.98737 38.67579 1.0
6.0 8.0 6.0 5.47371 84.77759 74.41057 1.0
6.0 13.0 13.0 21.79987 31.14229 56.43542 360.0
6.0 13.0 6.0 5.47371 84.77759 74.41057 360.0
6.0 16.0 16.0 37.10153 39.09947 124.69903 8.0
6.0 16.0 6.0 5.47371 84.77759 74.41057 8.0
6.0 21.0 21.0 28.27446 78.1103 19.30387 571.0
6.0 21.0 6.0 5.47371 84.77759 74.41057 571.0
6.0 22.0 22.0 25.07575 80.00449 119.44042 1690.0
6.0 22.0 6.0 5.47371 84.77759 74.41057 1690.0
6.0 27.0 27.0 18.74603 45.34046 103.77669 717.0
6.0 27.0 6.0 5.47371 84.77759 74.41057 717.0
6.0 39.0 39.0 21.80521 50.12345 32.81335 1125.0
6.0 39.0 6.0 5.47371 84.77759 74.41057 1125.0
6.0 41.0 41.0 59.83799 126.06439 122.48369 18.0
6.0 41.0 6.0 5.47371 84.77759 74.41057 18.0
6.0 45.0 45.0 35.09953 116.36566 28.57335 834.0
6.0 45.0 6.0 5.47371 84.77759 74.41057 834.0
7.0 3.0 3.0 83.12759 3.82913 88.03334 191.0
7.0 3.0 7.0 121.68619 13.44779 56.94252 191.0
7.0 7.0 7.0 121.68619 13.44779 56.94252 3389.0
7.0 7.0 7.0 121.68619 13.44779 56.94252 3389.0
7.0 8.0 8.0 108.19418 85.98737 38.67579 4.0
7.0 8.0 7.0 121.68619 13.44779 56.94252 4.0
7.0 10.0 10.0 97.05961 3.92003 61.12445 1196.0
7.0 10.0 7.0 121.68619 13.44779 56.94252 1196.0
7.0 11.0 11.0 48.53875 14.1083 56.51687 1.0
7.0 11.0 7.0 121.68619 13.44779 56.94252 1.0
7.0 15.0 15.0 145.15737 26.63742 64.63472 1231.0
7.0 15.0 7.0 121.68619 13.44779 56.94252 1231.0
7.0 17.0 17.0 122.82072 11.00481 94.54988 684.0
7.0 17.0 7.0 121.68619 13.44779 56.94252 684.0
7.0 18.0 18.0 159.21238 24.83698 93.89588 28.0
7.0 18.0 7.0 121.68619 13.44779 56.94252 28.0
7.0 19.0 19.0 66.38616 15.81658 45.34099 15.0
7.0 19.0 7.0 121.68619 13.44779 56.94252 15.0
7.0 20.0 20.0 85.01466 53.7344 22.22437 21.0
7.0 20.0 7.0 121.68619 13.44779 56.94252 21.0
7.0 23.0 23.0 173.48459 43.49293 77.06649 13.0
7.0 23.0 7.0 121.68619 13.44779 56.94252 13.0
7.0 29.0 29.0 122.62422 20.56935 121.18722 11.0
7.0 29.0 7.0 121.68619 13.44779 56.94252 11.0
7.0 31.0 31.0 121.59489 38.97476 36.06491 1347.0
7.0 31.0 7.0 121.68619 13.44779 56.94252 1347.0
7.0 32.0 32.0 156.97456 89.09982 57.98404 1.0
7.0 32.0 7.0 121.68619 13.44779 56.94252 1.0
7.0 37.0 37.0 80.22896 11.07407 113.8411 4.0
7.0 37.0 7.0 121.68619 13.44779 56.94252 4.0
7.0 40.0 40.0 83.26337 23.53237 42.40036 272.0
7.0 40.0 7.0 121.68619 13.44779 56.94252 272.0
8.0 1.0 1.0 66.23881 89.1771 7.45315 1243.0
8.0 1.0 8.0 108.19418 85.98737 38.67579 1243.0
8.0 3.0 3.0 83.12759 3.82913 88.03334 1.0
8.0 3.0 8.0 108.19418 85.98737 38.67579 1.0
8.0 4.0 4.0 72.06625 108.39674 139.66747 1.0
8.0 4.0 8.0 108.19418 85.98737 38.67579 1.0
8.0 5.0 5.0 36.13694 130.03965 82.18571 7.0
8.0 5.0 8.0 108.19418 85.98737 38.67579 7.0
8.0 7.0 7.0 121.68619 13.44779 56.94252 5.0
8.0 7.0 8.0 108.19418 85.98737 38.67579 5.0
8.0 8.0 8.0 108.19418 85.98737 38.67579 23659.0
8.0 8.0 8.0 108.19418 85.98737 38.67579 23659.0
8.0 12.0 12.0 179.81716 86.31136 84.76585 4.0
8.0 12.0 8.0 108.19418 85.98737 38.67579 4.0
8.0 13.0 13.0 21.79987 31.14229 56.43542 1.0
8.0 13.0 8.0 108.19418 85.98737 38.67579 1.0
8.0 14.0 14.0 128.28823 116.04794 40.27265 2214.0
8.0 14.0 8.0 108.19418 85.98737 38.67579 2214.0
8.0 15.0 15.0 145.15737 26.63742 64.63472 41.0
8.0 15.0 8.0 108.19418 85.98737 38.67579 41.0
8.0 20.0 20.0 85.01466 53.7344 22.22437 2500.0
8.0 20.0 8.0 108.19418 85.98737 38.67579 2500.0
8.0 23.0 23.0 173.48459 43.49293 77.06649 8.0
8.0 23.0 8.0 108.19418 85.98737 38.67579 8.0
8.0 24.0 24.0 107.89333 87.2451 149.14267 1.0
8.0 24.0 8.0 108.19418 85.98737 38.67579 1.0
8.0 30.0 30.0 88.29867 139.92407 62.63412 496.0
8.0 30.0 8.0 108.19418 85.98737 38.67579 496.0
8.0 31.0 31.0 121.59489 38.97476 36.06491 1461.0
8.0 31.0 8.0 108.19418 85.98737 38.67579 1461.0
8.0 32.0 32.0 156.97456 89.09982 57.98404 1216.0
8.0 32.0 8.0 108.19418 85.98737 38.67579 1216.0
8.0 35.0 35.0 147.82071 121.13148 95.6582 2.0
8.0 35.0 8.0 108.19418 85.98737 38.67579 2.0
8.0 40.0 40.0 83.26337 23.53237 42.40036 19.0
8.0 40.0 8.0 108.19418 85.98737 38.67579 19.0
8.0 41.0 41.0 59.83799 126.06439 122.48369 1.0
8.0 41.0 8.0 108.19418 85.98737 38.67579 1.0
8.0 45.0 45.0 35.09953 116.36566 28.57335 69.0
8.0 45.0 8.0 108.19418 85.98737 38.67579 69.0
8.0 46.0 46.0 114.51491 130.23381 52.72867 961.0
8.0 46.0 8.0 108.19418 85.98737 38.67579 961.0
9.0 4.0 4.0 72.06625 108.39674 139.66747 256.0
9.0 4.0 9.0 78.58966 139.93278 102.60811 256.0
9.0 5.0 5.0 36.13694 130.03965 82.18571 1108.0
9.0 5.0 9.0 78.58966 139.93278 102.60811 1108.0
9.0 9.0 9.0 78.58966 139.93278 102.60811 4101.0
9.0 9.0 9.0 78.58966 139.93278 102.60811 4101.0
9.0 12.0 12.0 179.81716 86.31136 84.76585 1.0
9.0 12.0 9.0 78.58966 139.93278 102.60811 1.0
9.0 22.0 22.0 25.07575 80.00449 119.44042 1.0
9.0 22.0 9.0 78.58966 139.93278 102.60811 1.0
9.0 24.0 24.0 107.89333 87.2451 149.14267 27.0
9.0 24.0 9.0 78.58966 139.93278 102.60811 27.0
9.0 30.0 30.0 88.29867 139.92407 62.63412 1007.0
9.0 30.0 9.0 78.58966 139.93278 102.60811 1007.0
9.0 34.0 34.0 127.85559 111.17798 129.61698 503.0
9.0 34.0 9.0 78.58966 139.93278 102.60811 503.0
9.0 35.0 35.0 147.82071 121.13148 95.6582 19.0
9.0 35.0 9.0 78.58966 139.93278 102.60811 19.0
9.0 41.0 41.0 59.83799 126.06439 122.48369 1767.0
9.0 41.0 9.0 78.58966 139.93278 102.60811 1767.0
9.0 43.0 43.0 101.77289 137.70163 99.19206 1674.0
9.0 43.0 9.0 78.58966 139.93278 102.60811 1674.0
9.0 45.0 45.0 35.09953 116.36566 28.57335 1.0
9.0 45.0 9.0 78.58966 139.93278 102.60811 1.0
9.0 46.0 46.0 114.51491 130.23381 52.72867 2.0
9.0 46.0 9.0 78.58966 139.93278 102.60811 2.0
10.0 2.0 2.0 27.33782 25.392 87.70092 2.0
10.0 2.0 10.0 97.05961 3.92003 61.12445 2.0
10.0 3.0 3.0 83.12759 3.82913 88.03334 1301.0
10.0 3.0 10.0 97.05961 3.92003 61.12445 1301.0
10.0 7.0 7.0 121.68619 13.44779 56.94252 1217.0
10.0 7.0 10.0 97.05961 3.92003 61.12445 1217.0
10.0 8.0 8.0 108.19418 85.98737 38.67579 1.0
10.0 8.0 10.0 97.05961 3.92003 61.12445 1.0
10.0 10.0 10.0 97.05961 3.92003 61.12445 3538.0
10.0 10.0 10.0 97.05961 3.92003 61.12445 3538.0
10.0 11.0 11.0 48.53875 14.1083 56.51687 156.0
10.0 11.0 10.0 97.05961 3.92003 61.12445 156.0
10.0 15.0 15.0 145.15737 26.63742 64.63472 61.0
10.0 15.0 10.0 97.05961 3.92003 61.12445 61.0
10.0 17.0 17.0 122.82072 11.00481 94.54988 381.0
10.0 17.0 10.0 97.05961 3.92003 61.12445 381.0
10.0 18.0 18.0 159.21238 24.83698 93.89588 1.0
10.0 18.0 10.0 97.05961 3.92003 61.12445 1.0
10.0 19.0 19.0 66.38616 15.81658 45.34099 502.0
10.0 19.0 10.0 97.05961 3.92003 61.12445 502.0
10.0 20.0 20.0 85.01466 53.7344 22.22437 31.0
10.0 20.0 10.0 97.05961 3.92003 61.12445 31.0
10.0 29.0 29.0 122.62422 20.56935 121.18722 6.0
10.0 29.0 10.0 97.05961 3.92003 61.12445 6.0
10.0 31.0 31.0 121.59489 38.97476 36.06491 326.0
10.0 31.0 10.0 97.05961 3.92003 61.12445 326.0
10.0 37.0 37.0 80.22896 11.07407 113.8411 46.0
10.0 37.0 10.0 97.05961 3.92003 61.12445 46.0
10.0 40.0 40.0 83.26337 23.53237 42.40036 969.0
10.0 40.0 10.0 97.05961 3.92003 61.12445 969.0
11.0 1.0 1.0 66.23881 89.1771 7.45315 15.0
11.0 1.0 11.0 48.53875 14.1083 56.51687 15.0
11.0 2.0 2.0 27.33782 25.392 87.70092 1146.0
11.0 2.0 11.0 48.53875 14.1083 56.51687 1146.0
11.0 3.0 3.0 83.12759 3.82913 88.03334 943.0
11.0 3.0 11.0 48.53875 14.1083 56.51687 943.0
11.0 7.0 7.0 121.68619 13.44779 56.94252 1.0
11.0 7.0 11.0 48.53875 14.1083 56.51687 1.0
11.0 8.0 8.0 108.19418 85.98737 38.67579 1.0
11.0 8.0 11.0 48.53875 14.1083 56.51687 1.0
11.0 10.0 10.0 97.05961 3.92003 61.12445 155.0
11.0 10.0 11.0 48.53875 14.1083 56.51687 155.0
11.0 11.0 11.0 48.53875 14.1083 56.51687 6894.0
11.0 11.0 11.0 48.53875 14.1083 56.51687 6894.0
11.0 13.0 13.0 21.79987 31.14229 56.43542 1244.0
11.0 13.0 11.0 48.53875 14.1083 56.51687 1244.0
11.0 16.0 16.0 37.10153 39.09947 124.69903 12.0
11.0 16.0 11.0 48.53875 14.1083 56.51687 12.0
11.0 19.0 19.0 66.38616 15.81658 45.34099 1721.0
11.0 19.0 11.0 48.53875 14.1083 56.51687 1721.0
11.0 20.0 20.0 85.01466 53.7344 22.22437 212.0
11.0 20.0 11.0 48.53875 14.1083 56.51687 212.0
11.0 21.0 21.0 28.27446 78.1103 19.30387 27.0
11.0 21.0 11.0 48.53875 14.1083 56.51687 27.0
11.0 27.0 27.0 18.74603 45.34046 103.77669 10.0
11.0 27.0 11.0 48.53875 14.1083 56.51687 10.0
11.0 31.0 31.0 121.59489 38.97476 36.06491 3.0
11.0 31.0 11.0 48.53875 14.1083 56.51687 3.0
11.0 36.0 36.0 51.16549 19.46434 119.65158 67.0
11.0 36.0 11.0 48.53875 14.1083 56.51687 67.0
11.0 37.0 37.0 80.22896 11.07407 113.8411 189.0
11.0 37.0 11.0 48.53875 14.1083 56.51687 189.0
11.0 39.0 39.0 21.80521 50.12345 32.81335 745.0
11.0 39.0 11.0 48.53875 14.1083 56.51687 745.0
11.0 40.0 40.0 83.26337 23.53237 42.40036 437.0
11.0 40.0 11.0 48.53875 14.1083 56.51687 437.0
11.0 44.0 44.0 70.21447 22.72575 131.34066 3.0
11.0 44.0 11.0 48.53875 14.1083 56.51687 3.0
12.0 8.0 8.0 108.19418 85.98737 38.67579 2.0
12.0 8.0 12.0 179.81716 86.31136 84.76585 2.0
12.0 12.0 12.0 179.81716 86.31136 84.76585 4971.0
12.0 12.0 12.0 179.81716 86.31136 84.76585 4971.0
12.0 14.0 14.0 128.28823 116.04794 40.27265 6.0
12.0 14.0 12.0 179.81716 86.31136 84.76585 6.0
12.0 15.0 15.0 145.15737 26.63742 64.63472 26.0
12.0 15.0 12.0 179.81716 86.31136 84.76585 26.0
12.0 18.0 18.0 159.21238 24.83698 93.89588 18.0
12.0 18.0 12.0 179.81716 86.31136 84.76585 18.0
12.0 23.0 23.0 173.48459 43.49293 77.06649 475.0
12.0 23.0 12.0 179.81716 86.31136 84.76585 475.0
12.0 24.0 24.0 107.89333 87.2451 149.14267 1.0
12.0 24.0 12.0 179.81716 86.31136 84.76585 1.0
12.0 25.0 25.0 182.84438 64.02671 100.30556 1005.0
12.0 25.0 12.0 179.81716 86.31136 84.76585 1005.0
12.0 31.0 31.0 121.59489 38.97476 36.06491 8.0
12.0 31.0 12.0 179.81716 86.31136 84.76585 8.0
12.0 32.0 32.0 156.97456 89.09982 57.98404 1491.0
12.0 32.0 12.0 179.81716 86.31136 84.76585 1491.0
12.0 34.0 34.0 127.85559 111.17798 129.61698 73.0
12.0 34.0 12.0 179.81716 86.31136 84.76585 73.0
12.0 35.0 35.0 147.82071 121.13148 95.6582 1029.0
12.0 35.0 12.0 179.81716 86.31136 84.76585 1029.0
12.0 46.0 46.0 114.51491 130.23381 52.72867 3.0
12.0 46.0 12.0 179.81716 86.31136 84.76585 3.0
12.0 47.0 47.0 164.22728 62.7385 126.06997 379.0
12.0 47.0 12.0 179.81716 86.31136 84.76585 379.0
13.0 2.0 2.0 27.33782 25.392 87.70092 1159.0
13.0 2.0 13.0 21.79987 31.14229 56.43542 1159.0
13.0 3.0 3.0 83.12759 3.82913 88.03334 7.0
13.0 3.0 13.0 21.79987 31.14229 56.43542 7.0
13.0 6.0 6.0 5.47371 84.77759 74.41057 359.0
13.0 6.0 13.0 21.79987 31.14229 56.43542 359.0
13.0 11.0 11.0 48.53875 14.1083 56.51687 1333.0
13.0 11.0 13.0 21.79987 31.14229 56.43542 1333.0
13.0 13.0 13.0 21.79987 31.14229 56.43542 3172.0
13.0 13.0 13.0 21.79987 31.14229 56.43542 3172.0
13.0 16.0 16.0 37.10153 39.09947 124.69903 1.0
13.0 16.0 13.0 21.79987 31.14229 56.43542 1.0
13.0 19.0 19.0 66.38616 15.81658 45.34099 77.0
13.0 19.0 13.0 21.79987 31.14229 56.43542 77.0
13.0 20.0 20.0 85.01466 53.7344 22.22437 6.0
13.0 20.0 13.0 21.79987 31.14229 56.43542 6.0
13.0 21.0 21.0 28.27446 78.1103 19.30387 6.0
13.0 21.0 13.0 21.79987 31.14229 56.43542 6.0
13.0 22.0 22.0 25.07575 80.00449 119.44042 3.0
13.0 22.0 13.0 21.79987 31.14229 56.43542 3.0
13.0 27.0 27.0 18.74603 45.34046 103.77669 89.0
13.0 27.0 13.0 21.79987 31.14229 56.43542 89.0
13.0 36.0 36.0 51.16549 19.46434 119.65158 1.0
13.0 36.0 13.0 21.79987 31.14229 56.43542 1.0
13.0 39.0 39.0 21.80521 50.12345 32.81335 1471.0
13.0 39.0 13.0 21.79987 31.14229 56.43542 1471.0
13.0 40.0 40.0 83.26337 23.53237 42.40036 3.0
13.0 40.0 13.0 21.79987 31.14229 56.43542 3.0
14.0 1.0 1.0 66.23881 89.1771 7.45315 44.0
14.0 1.0 14.0 128.28823 116.04794 40.27265 44.0
14.0 8.0 8.0 108.19418 85.98737 38.67579 2234.0
14.0 8.0 14.0 128.28823 116.04794 40.27265 2234.0
14.0 12.0 12.0 179.81716 86.31136 84.76585 10.0
14.0 12.0 14.0 128.28823 116.04794 40.27265 10.0
14.0 14.0 14.0 128.28823 116.04794 40.27265 6041.0
14.0 14.0 14.0 128.28823 116.04794 40.27265 6041.0
14.0 20.0 20.0 85.01466 53.7344 22.22437 9.0
14.0 20.0 14.0 128.28823 116.04794 40.27265 9.0
14.0 30.0 30.0 88.29867 139.92407 62.63412 195.0
14.0 30.0 14.0 128.28823 116.04794 40.27265 195.0
14.0 31.0 31.0 121.59489 38.97476 36.06491 6.0
14.0 31.0 14.0 128.28823 116.04794 40.27265 6.0
14.0 32.0 32.0 156.97456 89.09982 57.98404 1140.0
14.0 32.0 14.0 128.28823 116.04794 40.27265 1140.0
14.0 35.0 35.0 147.82071 121.13148 95.6582 277.0
14.0 35.0 14.0 128.28823 116.04794 40.27265 277.0
14.0 43.0 43.0 101.77289 137.70163 99.19206 1.0
14.0 43.0 14.0 128.28823 116.04794 40.27265 1.0
14.0 45.0 45.0 35.09953 116.36566 28.57335 1.0
14.0 45.0 14.0 128.28823 116.04794 40.27265 1.0
14.0 46.0 46.0 114.51491 130.23381 52.72867 2422.0
14.0 46.0 14.0 128.28823 116.04794 40.27265 2422.0
15.0 3.0 3.0 83.12759 3.82913 88.03334 24.0
15.0 3.0 15.0 145.15737 26.63742 64.63472 24.0
15.0 7.0 7.0 121.68619 13.44779 56.94252 1286.0
15.0 7.0 15.0 145.15737 26.63742 64.63472 1286.0
15.0 8.0 8.0 108.19418 85.98737 38.67579 60.0
15.0 8.0 15.0 145.15737 26.63742 64.63472 60.0
15.0 10.0 10.0 97.05961 3.92003 61.12445 61.0
15.0 10.0 15.0 145.15737 26.63742 64.63472 61.0
15.0 12.0 12.0 179.81716 86.31136 84.76585 27.0
15.0 12.0 15.0 145.15737 26.63742 64.63472 27.0
15.0 15.0 15.0 145.15737 26.63742 64.63472 4213.0
15.0 15.0 15.0 145.15737 26.63742 64.63472 4213.0
15.0 17.0 17.0 122.82072 11.00481 94.54988 762.0
15.0 17.0 15.0 145.15737 26.63742 64.63472 762.0
15.0 18.0 18.0 159.21238 24.83698 93.89588 886.0
15.0 18.0 15.0 145.15737 26.63742 64.63472 886.0
15.0 23.0 23.0 173.48459 43.49293 77.06649 633.0
15.0 23.0 15.0 145.15737 26.63742 64.63472 633.0
15.0 25.0 25.0 182.84438 64.02671 100.30556 7.0
15.0 25.0 15.0 145.15737 26.63742 64.63472 7.0
15.0 26.0 26.0 132.13456 45.07911 139.07877 5.0
15.0 26.0 15.0 145.15737 26.63742 64.63472 5.0
15.0 29.0 29.0 122.62422 20.56935 121.18722 48.0
15.0 29.0 15.0 145.15737 26.63742 64.63472 48.0
15.0 31.0 31.0 121.59489 38.97476 36.06491 1198.0
15.0 31.0 15.0 145.15737 26.63742 64.63472 1198.0
15.0 32.0 32.0 156.97456 89.09982 57.98404 277.0
15.0 32.0 15.0 145.15737 26.63742 64.63472 277.0
15.0 37.0 37.0 80.22896 11.07407 113.8411 2.0
15.0 37.0 15.0 145.15737 26.63742 64.63472 2.0
15.0 40.0 40.0 83.26337 23.53237 42.40036 1.0
15.0 40.0 15.0 145.15737 26.63742 64.63472 1.0
15.0 47.0 47.0 164.22728 62.7385 126.06997 6.0
15.0 47.0 15.0 145.15737 26.63742 64.63472 6.0
16.0 0.0 0.0 55.10989 48.89723 141.98245 1176.0
16.0 0.0 16.0 37.10153 39.09947 124.69903 1176.0
16.0 2.0 2.0 27.33782 25.392 87.70092 625.0
16.0 2.0 16.0 37.10153 39.09947 124.69903 625.0
16.0 3.0 3.0 83.12759 3.82913 88.03334 11.0
16.0 3.0 16.0 37.10153 39.09947 124.69903 11.0
16.0 4.0 4.0 72.06625 108.39674 139.66747 1.0
16.0 4.0 16.0 37.10153 39.09947 124.69903 1.0
16.0 6.0 6.0 5.47371 84.77759 74.41057 9.0
16.0 6.0 16.0 37.10153 39.09947 124.69903 9.0
16.0 11.0 11.0 48.53875 14.1083 56.51687 21.0
16.0 11.0 16.0 37.10153 39.09947 124.69903 21.0
16.0 16.0 16.0 37.10153 39.09947 124.69903 3507.0
16.0 16.0 16.0 37.10153 39.09947 124.69903 3507.0
16.0 22.0 22.0 25.07575 80.00449 119.44042 1063.0
16.0 22.0 16.0 37.10153 39.09947 124.69903 1063.0
16.0 23.0 23.0 173.48459 43.49293 77.06649 1.0
16.0 23.0 16.0 37.10153 39.09947 124.69903 1.0
16.0 26.0 26.0 132.13456 45.07911 139.07877 1.0
16.0 26.0 16.0 37.10153 39.09947 124.69903 1.0
16.0 27.0 27.0 18.74603 45.34046 103.77669 943.0
16.0 27.0 16.0 37.10153 39.09947 124.69903 943.0
16.0 28.0 28.0 84.37006 38.93739 143.14773 36.0
16.0 28.0 16.0 37.10153 39.09947 124.69903 36.0
16.0 36.0 36.0 51.16549 19.46434 119.65158 848.0
16.0 36.0 16.0 37.10153 39.09947 124.69903 848.0
16.0 37.0 37.0 80.22896 11.07407 113.8411 155.0
16.0 37.0 16.0 37.10153 39.09947 124.69903 155.0
16.0 38.0 38.0 88.75323 68.43044 152.61818 15.0
16.0 38.0 16.0 37.10153 39.09947 124.69903 15.0
16.0 42.0 42.0 56.59611 85.20975 144.94644 155.0
16.0 42.0 16.0 37.10153 39.09947 124.69903 155.0
16.0 44.0 44.0 70.21447 22.72575 131.34066 210.0
16.0 44.0 16.0 37.10153 39.09947 124.69903 210.0
17.0 3.0 3.0 83.12759 3.82913 88.03334 985.0
17.0 3.0 17.0 122.82072 11.00481 94.54988 985.0
17.0 7.0 7.0 121.68619 13.44779 56.94252 707.0
17.0 7.0 17.0 122.82072 11.00481 94.54988 707.0
17.0 10.0 10.0 97.05961 3.92003 61.12445 402.0
17.0 10.0 17.0 122.82072 11.00481 94.54988 402.0
17.0 15.0 15.0 145.15737 26.63742 64.63472 810.0
17.0 15.0 17.0 122.82072 11.00481 94.54988 810.0
17.0 17.0 17.0 122.82072 11.00481 94.54988 4150.0
17.0 17.0 17.0 122.82072 11.00481 94.54988 4150.0
17.0 18.0 18.0 159.21238 24.83698 93.89588 526.0
17.0 18.0 17.0 122.82072 11.00481 94.54988 526.0
17.0 19.0 19.0 66.38616 15.81658 45.34099 2.0
17.0 19.0 17.0 122.82072 11.00481 94.54988 2.0
17.0 23.0 23.0 173.48459 43.49293 77.06649 4.0
17.0 23.0 17.0 122.82072 11.00481 94.54988 4.0
17.0 26.0 26.0 132.13456 45.07911 139.07877 68.0
17.0 26.0 17.0 122.82072 11.00481 94.54988 68.0
17.0 28.0 28.0 84.37006 38.93739 143.14773 10.0
17.0 28.0 17.0 122.82072 11.00481 94.54988 10.0
17.0 29.0 29.0 122.62422 20.56935 121.18722 1252.0
17.0 29.0 17.0 122.82072 11.00481 94.54988 1252.0
17.0 31.0 31.0 121.59489 38.97476 36.06491 7.0
17.0 31.0 17.0 122.82072 11.00481 94.54988 7.0
17.0 33.0 33.0 97.22185 49.92499 149.23601 2.0
17.0 33.0 17.0 122.82072 11.00481 94.54988 2.0
17.0 37.0 37.0 80.22896 11.07407 113.8411 431.0
17.0 37.0 17.0 122.82072 11.00481 94.54988 431.0
17.0 40.0 40.0 83.26337 23.53237 42.40036 1.0
17.0 40.0 17.0 122.82072 11.00481 94.54988 1.0
17.0 44.0 44.0 70.21447 22.72575 131.34066 2.0
17.0 44.0 17.0 122.82072 11.00481 94.54988 2.0
17.0 45.0 45.0 35.09953 116.36566 28.57335 1.0
17.0 45.0 17.0 122.82072 11.00481 94.54988 1.0
17.0 47.0 47.0 164.22728 62.7385 126.06997 18.0
17.0 47.0 17.0 122.82072 11.00481 94.54988 18.0
18.0 3.0 3.0 83.12759 3.82913 88.03334 1.0
18.0 3.0 18.0 159.21238 24.83698 93.89588 1.0
18.0 7.0 7.0 121.68619 13.44779 56.94252 31.0
18.0 7.0 18.0 159.21238 24.83698 93.89588 31.0
18.0 10.0 10.0 97.05961 3.92003 61.12445 1.0
18.0 10.0 18.0 159.21238 24.83698 93.89588 1.0
18.0 12.0 12.0 179.81716 86.31136 84.76585 7.0
18.0 12.0 18.0 159.21238 24.83698 93.89588 7.0
18.0 15.0 15.0 145.15737 26.63742 64.63472 912.0
18.0 15.0 18.0 159.21238 24.83698 93.89588 912.0
18.0 17.0 17.0 122.82072 11.00481 94.54988 548.0
18.0 17.0 18.0 159.21238 24.83698 93.89588 548.0
18.0 18.0 18.0 159.21238 24.83698 93.89588 2705.0
18.0 18.0 18.0 159.21238 24.83698 93.89588 2705.0
18.0 23.0 23.0 173.48459 43.49293 77.06649 818.0
18.0 23.0 18.0 159.21238 24.83698 93.89588 818.0
18.0 25.0 25.0 182.84438 64.02671 100.30556 89.0
18.0 25.0 18.0 159.21238 24.83698 93.89588 89.0
18.0 26.0 26.0 132.13456 45.07911 139.07877 182.0
18.0 26.0 18.0 159.21238 24.83698 93.89588 182.0
18.0 29.0 29.0 122.62422 20.56935 121.18722 476.0
18.0 29.0 18.0 159.21238 24.83698 93.89588 476.0
18.0 31.0 31.0 121.59489 38.97476 36.06491 10.0
18.0 31.0 18.0 159.21238 24.83698 93.89588 10.0
18.0 32.0 32.0 156.97456 89.09982 57.98404 11.0
18.0 32.0 18.0 159.21238 24.83698 93.89588 11.0
18.0 37.0 37.0 80.22896 11.07407 113.8411 2.0
18.0 37.0 18.0 159.21238 24.83698 93.89588 2.0
18.0 47.0 47.0 164.22728 62.7385 126.06997 571.0
18.0 47.0 18.0 159.21238 24.83698 93.89588 571.0
19.0 1.0 1.0 66.23881 89.1771 7.45315 22.0
19.0 1.0 19.0 66.38616 15.81658 45.34099 22.0
19.0 2.0 2.0 27.33782 25.392 87.70092 14.0
19.0 2.0 19.0 66.38616 15.81658 45.34099 14.0
19.0 3.0 3.0 83.12759 3.82913 88.03334 371.0
19.0 3.0 19.0 66.38616 15.81658 45.34099 371.0
19.0 7.0 7.0 121.68619 13.44779 56.94252 14.0
19.0 7.0 19.0 66.38616 15.81658 45.34099 14.0
19.0 8.0 8.0 108.19418 85.98737 38.67579 1.0
19.0 8.0 19.0 66.38616 15.81658 45.34099 1.0
19.0 10.0 10.0 97.05961 3.92003 61.12445 486.0
19.0 10.0 19.0 66.38616 15.81658 45.34099 486.0
19.0 11.0 11.0 48.53875 14.1083 56.51687 1648.0
19.0 11.0 19.0 66.38616 15.81658 45.34099 1648.0
19.0 13.0 13.0 21.79987 31.14229 56.43542 54.0
19.0 13.0 19.0 66.38616 15.81658 45.34099 54.0
19.0 17.0 17.0 122.82072 11.00481 94.54988 1.0
19.0 17.0 19.0 66.38616 15.81658 45.34099 1.0
19.0 19.0 19.0 66.38616 15.81658 45.34099 1739.0
19.0 19.0 19.0 66.38616 15.81658 45.34099 1739.0
19.0 20.0 20.0 85.01466 53.7344 22.22437 479.0
19.0 20.0 19.0 66.38616 15.81658 45.34099 479.0
19.0 21.0 21.0 28.27446 78.1103 19.30387 15.0
19.0 21.0 19.0 66.38616 15.81658 45.34099 15.0
19.0 31.0 31.0 121.59489 38.97476 36.06491 24.0
19.0 31.0 19.0 66.38616 15.81658 45.34099 24.0
19.0 37.0 37.0 80.22896 11.07407 113.8411 13.0
19.0 37.0 19.0 66.38616 15.81658 45.34099 13.0
19.0 39.0 39.0 21.80521 50.12345 32.81335 166.0
19.0 39.0 19.0 66.38616 15.81658 45.34099 166.0
19.0 40.0 40.0 83.26337 23.53237 42.40036 1318.0
19.0 40.0 19.0 66.38616 15.81658 45.34099 1318.0
20.0 1.0 1.0 66.23881 89.1771 7.45315 1743.0
20.0 1.0 20.0 85.01466 53.7344 22.22437 1743.0
20.0 7.0 7.0 121.68619 13.44779 56.94252 13.0
20.0 7.0 20.0 85.01466 53.7344 22.22437 13.0
20.0 8.0 8.0 108.19418 85.98737 38.67579 2595.0
20.0 8.0 20.0 85.01466 53.7344 22.22437 2595.0
20.0 10.0 10.0 97.05961 3.92003 61.12445 19.0
20.0 10.0 20.0 85.01466 53.7344 22.22437 19.0
20.0 11.0 11.0 48.53875 14.1083 56.51687 226.0
20.0 11.0 20.0 85.01466 53.7344 22.22437 226.0
20.0 12.0 12.0 179.81716 86.31136 84.76585 1.0
20.0 12.0 20.0 85.01466 53.7344 22.22437 1.0
20.0 13.0 13.0 21.79987 31.14229 56.43542 12.0
20.0 13.0 20.0 85.01466 53.7344 22.22437 12.0
20.0 14.0 14.0 128.28823 116.04794 40.27265 9.0
20.0 14.0 20.0 85.01466 53.7344 22.22437 9.0
20.0 15.0 15.0 145.15737 26.63742 64.63472 1.0
20.0 15.0 20.0 85.01466 53.7344 22.22437 1.0
20.0 18.0 18.0 159.21238 24.83698 93.89588 1.0
20.0 18.0 20.0 85.01466 53.7344 22.22437 1.0
20.0 19.0 19.0 66.38616 15.81658 45.34099 402.0
20.0 19.0 20.0 85.01466 53.7344 22.22437 402.0
20.0 20.0 20.0 85.01466 53.7344 22.22437 10294.0
20.0 20.0 20.0 85.01466 53.7344 22.22437 10294.0
20.0 21.0 21.0 28.27446 78.1103 19.30387 201.0
20.0 21.0 20.0 85.01466 53.7344 22.22437 201.0
20.0 27.0 27.0 18.74603 45.34046 103.77669 1.0
20.0 27.0 20.0 85.01466 53.7344 22.22437 1.0
20.0 31.0 31.0 121.59489 38.97476 36.06491 1734.0
20.0 31.0 20.0 85.01466 53.7344 22.22437 1734.0
20.0 32.0 32.0 156.97456 89.09982 57.98404 6.0
20.0 32.0 20.0 85.01466 53.7344 22.22437 6.0
20.0 39.0 39.0 21.80521 50.12345 32.81335 427.0
20.0 39.0 20.0 85.01466 53.7344 22.22437 427.0
20.0 40.0 40.0 83.26337 23.53237 42.40036 1428.0
20.0 40.0 20.0 85.01466 53.7344 22.22437 1428.0
20.0 45.0 45.0 35.09953 116.36566 28.57335 2.0
20.0 45.0 20.0 85.01466 53.7344 22.22437 2.0
21.0 1.0 1.0 66.23881 89.1771 7.45315 1306.0
21.0 1.0 21.0 28.27446 78.1103 19.30387 1306.0
21.0 5.0 5.0 36.13694 130.03965 82.18571 8.0
21.0 5.0 21.0 28.27446 78.1103 19.30387 8.0
21.0 6.0 6.0 5.47371 84.77759 74.41057 544.0
21.0 6.0 21.0 28.27446 78.1103 19.30387 544.0
21.0 8.0 8.0 108.19418 85.98737 38.67579 3.0
21.0 8.0 21.0 28.27446 78.1103 19.30387 3.0
21.0 11.0 11.0 48.53875 14.1083 56.51687 31.0
21.0 11.0 21.0 28.27446 78.1103 19.30387 31.0
21.0 12.0 12.0 179.81716 86.31136 84.76585 1.0
21.0 12.0 21.0 28.27446 78.1103 19.30387 1.0
21.0 13.0 13.0 21.79987 31.14229 56.43542 11.0
21.0 13.0 21.0 28.27446 78.1103 19.30387 11.0
21.0 19.0 19.0 66.38616 15.81658 45.34099 12.0
21.0 19.0 21.0 28.27446 78.1103 19.30387 12.0
21.0 20.0 20.0 85.01466 53.7344 22.22437 189.0
21.0 20.0 21.0 28.27446 78.1103 19.30387 189.0
21.0 21.0 21.0 28.27446 78.1103 19.30387 5338.0
21.0 21.0 21.0 28.27446 78.1103 19.30387 5338.0
21.0 39.0 39.0 21.80521 50.12345 32.81335 1847.0
21.0 39.0 21.0 28.27446 78.1103 19.30387 1847.0
21.0 40.0 40.0 83.26337 23.53237 42.40036 4.0
21.0 40.0 21.0 28.27446 78.1103 19.30387 4.0
21.0 45.0 45.0 35.09953 116.36566 28.57335 1518.0
21.0 45.0 21.0 28.27446 78.1103 19.30387 1518.0
22.0 0.0 0.0 55.10989 48.89723 141.98245 525.0
22.0 0.0 22.0 25.07575 80.00449 119.44042 525.0
22.0 2.0 2.0 27.33782 25.392 87.70092 66.0
22.0 2.0 22.0 25.07575 80.00449 119.44042 66.0
22.0 4.0 4.0 72.06625 108.39674 139.66747 368.0
22.0 4.0 22.0 25.07575 80.00449 119.44042 368.0
22.0 5.0 5.0 36.13694 130.03965 82.18571 976.0
22.0 5.0 22.0 25.07575 80.00449 119.44042 976.0
22.0 6.0 6.0 5.47371 84.77759 74.41057 1651.0
22.0 6.0 22.0 25.07575 80.00449 119.44042 1651.0
22.0 8.0 8.0 108.19418 85.98737 38.67579 2.0
22.0 8.0 22.0 25.07575 80.00449 119.44042 2.0
22.0 9.0 9.0 78.58966 139.93278 102.60811 1.0
22.0 9.0 22.0 25.07575 80.00449 119.44042 1.0
22.0 13.0 13.0 21.79987 31.14229 56.43542 2.0
22.0 13.0 22.0 25.07575 80.00449 119.44042 2.0
22.0 16.0 16.0 37.10153 39.09947 124.69903 1035.0
22.0 16.0 22.0 25.07575 80.00449 119.44042 1035.0
22.0 17.0 17.0 122.82072 11.00481 94.54988 1.0
22.0 17.0 22.0 25.07575 80.00449 119.44042 1.0
22.0 19.0 19.0 66.38616 15.81658 45.34099 1.0
22.0 19.0 22.0 25.07575 80.00449 119.44042 1.0
22.0 22.0 22.0 25.07575 80.00449 119.44042 11420.0
22.0 22.0 22.0 25.07575 80.00449 119.44042 11420.0
22.0 27.0 27.0 18.74603 45.34046 103.77669 1157.0
22.0 27.0 22.0 25.07575 80.00449 119.44042 1157.0
22.0 28.0 28.0 84.37006 38.93739 143.14773 11.0
22.0 28.0 22.0 25.07575 80.00449 119.44042 11.0
22.0 33.0 33.0 97.22185 49.92499 149.23601 2.0
22.0 33.0 22.0 25.07575 80.00449 119.44042 2.0
22.0 36.0 36.0 51.16549 19.46434 119.65158 10.0
22.0 36.0 22.0 25.07575 80.00449 119.44042 10.0
22.0 37.0 37.0 80.22896 11.07407 113.8411 1.0
22.0 37.0 22.0 25.07575 80.00449 119.44042 1.0
22.0 38.0 38.0 88.75323 68.43044 152.61818 20.0
22.0 38.0 22.0 25.07575 80.00449 119.44042 20.0
22.0 41.0 41.0 59.83799 126.06439 122.48369 588.0
22.0 41.0 22.0 25.07575 80.00449 119.44042 588.0
22.0 42.0 42.0 56.59611 85.20975 144.94644 1371.0
22.0 42.0 22.0 25.07575 80.00449 119.44042 1371.0
22.0 43.0 43.0 101.77289 137.70163 99.19206 1.0
22.0 43.0 22.0 25.07575 80.00449 119.44042 1.0
22.0 44.0 44.0 70.21447 22.72575 131.34066 3.0
22.0 44.0 22.0 25.07575 80.00449 119.44042 3.0
23.0 7.0 7.0 121.68619 13.44779 56.94252 8.0
23.0 7.0 23.0 173.48459 43.49293 77.06649 8.0
23.0 8.0 8.0 108.19418 85.98737 38.67579 5.0
23.0 8.0 23.0 173.48459 43.49293 77.06649 5.0
23.0 12.0 12.0 179.81716 86.31136 84.76585 505.0
23.0 12.0 23.0 173.48459 43.49293 77.06649 505.0
23.0 15.0 15.0 145.15737 26.63742 64.63472 657.0
23.0 15.0 23.0 173.48459 43.49293 77.06649 657.0
23.0 17.0 17.0 122.82072 11.00481 94.54988 6.0
23.0 17.0 23.0 173.48459 43.49293 77.06649 6.0
23.0 18.0 18.0 159.21238 24.83698 93.89588 868.0
23.0 18.0 23.0 173.48459 43.49293 77.06649 868.0
23.0 23.0 23.0 173.48459 43.49293 77.06649 2847.0
23.0 23.0 23.0 173.48459 43.49293 77.06649 2847.0
23.0 25.0 25.0 182.84438 64.02671 100.30556 649.0
23.0 25.0 23.0 173.48459 43.49293 77.06649 649.0
23.0 26.0 26.0 132.13456 45.07911 139.07877 9.0
23.0 26.0 23.0 173.48459 43.49293 77.06649 9.0
23.0 28.0 28.0 84.37006 38.93739 143.14773 1.0
23.0 28.0 23.0 173.48459 43.49293 77.06649 1.0
23.0 29.0 29.0 122.62422 20.56935 121.18722 13.0
23.0 29.0 23.0 173.48459 43.49293 77.06649 13.0
23.0 31.0 31.0 121.59489 38.97476 36.06491 103.0
23.0 31.0 23.0 173.48459 43.49293 77.06649 103.0
23.0 32.0 32.0 156.97456 89.09982 57.98404 425.0
23.0 32.0 23.0 173.48459 43.49293 77.06649 425.0
23.0 37.0 37.0 80.22896 11.07407 113.8411 1.0
23.0 37.0 23.0 173.48459 43.49293 77.06649 1.0
23.0 47.0 47.0 164.22728 62.7385 126.06997 264.0
23.0 47.0 23.0 173.48459 43.49293 77.06649 264.0
24.0 0.0 0.0 55.10989 48.89723 141.98245 8.0
24.0 0.0 24.0 107.89333 87.2451 149.14267 8.0
24.0 4.0 4.0 72.06625 108.39674 139.66747 1290.0
24.0 4.0 24.0 107.89333 87.2451 149.14267 1290.0
24.0 9.0 9.0 78.58966 139.93278 102.60811 11.0
24.0 9.0 24.0 107.89333 87.2451 149.14267 11.0
24.0 17.0 17.0 122.82072 11.00481 94.54988 1.0
24.0 17.0 24.0 107.89333 87.2451 149.14267 1.0
24.0 22.0 22.0 25.07575 80.00449 119.44042 2.0
24.0 22.0 24.0 107.89333 87.2451 149.14267 2.0
24.0 24.0 24.0 107.89333 87.2451 149.14267 7438.0
24.0 24.0 24.0 107.89333 87.2451 149.14267 7438.0
24.0 26.0 26.0 132.13456 45.07911 139.07877 761.0
24.0 26.0 24.0 107.89333 87.2451 149.14267 761.0
24.0 28.0 28.0 84.37006 38.93739 143.14773 27.0
24.0 28.0 24.0 107.89333 87.2451 149.14267 27.0
24.0 30.0 30.0 88.29867 139.92407 62.63412 1.0
24.0 30.0 24.0 107.89333 87.2451 149.14267 1.0
24.0 33.0 33.0 97.22185 49.92499 149.23601 403.0
24.0 33.0 24.0 107.89333 87.2451 149.14267 403.0
24.0 34.0 34.0 127.85559 111.17798 129.61698 2144.0
24.0 34.0 24.0 107.89333 87.2451 149.14267 2144.0
24.0 35.0 35.0 147.82071 121.13148 95.6582 5.0
24.0 35.0 24.0 107.89333 87.2451 149.14267 5.0
24.0 38.0 38.0 88.75323 68.43044 152.61818 1640.0
24.0 38.0 24.0 107.89333 87.2451 149.14267 1640.0
24.0 41.0 41.0 59.83799 126.06439 122.48369 77.0
24.0 41.0 24.0 107.89333 87.2451 149.14267 77.0
24.0 42.0 42.0 56.59611 85.20975 144.94644 440.0
24.0 42.0 24.0 107.89333 87.2451 149.14267 440.0
24.0 43.0 43.0 101.77289 137.70163 99.19206 7.0
24.0 43.0 24.0 107.89333 87.2451 149.14267 7.0
24.0 44.0 44.0 70.21447 22.72575 131.34066 2.0
24.0 44.0 24.0 107.89333 87.2451 149.14267 2.0
24.0 47.0 47.0 164.22728 62.7385 126.06997 171.0
24.0 47.0 24.0 107.89333 87.2451 149.14267 171.0
25.0 7.0 7.0 121.68619 13.44779 56.94252 1.0
25.0 7.0 25.0 182.84438 64.02671 100.30556 1.0
25.0 12.0 12.0 179.81716 86.31136 84.76585 1010.0
25.0 12.0 25.0 182.84438 64.02671 100.30556 1010.0
25.0 15.0 15.0 145.15737 26.63742 64.63472 8.0
25.0 15.0 25.0 182.84438 64.02671 100.30556 8.0
25.0 18.0 18.0 159.21238 24.83698 93.89588 96.0
25.0 18.0 25.0 182.84438 64.02671 100.30556 96.0
25.0 23.0 23.0 173.48459 43.49293 77.06649 649.0
25.0 23.0 25.0 182.84438 64.02671 100.30556 649.0
25.0 25.0 25.0 182.84438 64.02671 100.30556 1867.0
25.0 25.0 25.0 182.84438 64.02671 100.30556 1867.0
25.0 26.0 26.0 132.13456 45.07911 139.07877 4.0
25.0 26.0 25.0 182.84438 64.02671 100.30556 4.0
25.0 29.0 29.0 122.62422 20.56935 121.18722 1.0
25.0 29.0 25.0 182.84438 64.02671 100.30556 1.0
25.0 32.0 32.0 156.97456 89.09982 57.98404 29.0
25.0 32.0 25.0 182.84438 64.02671 100.30556 29.0
25.0 34.0 34.0 127.85559 111.17798 129.61698 19.0
25.0 34.0 25.0 182.84438 64.02671 100.30556 19.0
25.0 35.0 35.0 147.82071 121.13148 95.6582 65.0
25.0 35.0 25.0 182.84438 64.02671 100.30556 65.0
25.0 46.0 46.0 114.51491 130.23381 52.72867 1.0
25.0 46.0 25.0 182.84438 64.02671 100.30556 1.0
25.0 47.0 47.0 164.22728 62.7385 126.06997 1052.0
25.0 47.0 25.0 182.84438 64.02671 100.30556 1052.0
26.0 3.0 3.0 83.12759 3.82913 88.03334 1.0
26.0 3.0 26.0 132.13456 45.07911 139.07877 1.0
26.0 12.0 12.0 179.81716 86.31136 84.76585 1.0
26.0 12.0 26.0 132.13456 45.07911 139.07877 1.0
26.0 17.0 17.0 122.82072 11.00481 94.54988 86.0
26.0 17.0 26.0 132.13456 45.07911 139.07877 86.0
26.0 18.0 18.0 159.21238 24.83698 93.89588 187.0
26.0 18.0 26.0 132.13456 45.07911 139.07877 187.0
26.0 23.0 23.0 173.48459 43.49293 77.06649 5.0
26.0 23.0 26.0 132.13456 45.07911 139.07877 5.0
26.0 24.0 24.0 107.89333 87.2451 149.14267 795.0
26.0 24.0 26.0 132.13456 45.07911 139.07877 795.0
26.0 25.0 25.0 182.84438 64.02671 100.30556 4.0
26.0 25.0 26.0 132.13456 45.07911 139.07877 4.0
26.0 26.0 26.0 132.13456 45.07911 139.07877 6763.0
26.0 26.0 26.0 132.13456 45.07911 139.07877 6763.0
26.0 28.0 28.0 84.37006 38.93739 143.14773 382.0
26.0 28.0 26.0 132.13456 45.07911 139.07877 382.0
26.0 29.0 29.0 122.62422 20.56935 121.18722 1521.0
26.0 29.0 26.0 132.13456 45.07911 139.07877 1521.0
26.0 33.0 33.0 97.22185 49.92499 149.23601 941.0
26.0 33.0 26.0 132.13456 45.07911 139.07877 941.0
26.0 34.0 34.0 127.85559 111.17798 129.61698 252.0
26.0 34.0 26.0 132.13456 45.07911 139.07877 252.0
26.0 35.0 35.0 147.82071 121.13148 95.6582 1.0
26.0 35.0 26.0 132.13456 45.07911 139.07877 1.0
26.0 37.0 37.0 80.22896 11.07407 113.8411 96.0
26.0 37.0 26.0 132.13456 45.07911 139.07877 96.0
26.0 38.0 38.0 88.75323 68.43044 152.61818 320.0
26.0 38.0 26.0 132.13456 45.07911 139.07877 320.0
26.0 44.0 44.0 70.21447 22.72575 131.34066 9.0
26.0 44.0 26.0 132.13456 45.07911 139.07877 9.0
26.0 47.0 47.0 164.22728 62.7385 126.06997 1485.0
26.0 47.0 26.0 132.13456 45.07911 139.07877 1485.0
27.0 0.0 0.0 55.10989 48.89723 141.98245 36.0
27.0 0.0 27.0 18.74603 45.34046 103.77669 36.0
27.0 2.0 2.0 27.33782 25.392 87.70092 1364.0
27.0 2.0 27.0 18.74603 45.34046 103.77669 1364.0
27.0 3.0 3.0 83.12759 3.82913 88.03334 1.0
27.0 3.0 27.0 18.74603 45.34046 103.77669 1.0
27.0 6.0 6.0 5.47371 84.77759 74.41057 642.0
27.0 6.0 27.0 18.74603 45.34046 103.77669 642.0
27.0 11.0 11.0 48.53875 14.1083 56.51687 13.0
27.0 11.0 27.0 18.74603 45.34046 103.77669 13.0
27.0 13.0 13.0 21.79987 31.14229 56.43542 104.0
27.0 13.0 27.0 18.74603 45.34046 103.77669 104.0
27.0 16.0 16.0 37.10153 39.09947 124.69903 1027.0
27.0 16.0 27.0 18.74603 45.34046 103.77669 1027.0
27.0 22.0 22.0 25.07575 80.00449 119.44042 1105.0
27.0 22.0 27.0 18.74603 45.34046 103.77669 1105.0
27.0 27.0 27.0 18.74603 45.34046 103.77669 2814.0
27.0 27.0 27.0 18.74603 45.34046 103.77669 2814.0
27.0 36.0 36.0 51.16549 19.46434 119.65158 69.0
27.0 36.0 27.0 18.74603 45.34046 103.77669 69.0
27.0 37.0 37.0 80.22896 11.07407 113.8411 7.0
27.0 37.0 27.0 18.74603 45.34046 103.77669 7.0
27.0 39.0 39.0 21.80521 50.12345 32.81335 19.0
27.0 39.0 27.0 18.74603 45.34046 103.77669 19.0
27.0 42.0 42.0 56.59611 85.20975 144.94644 2.0
27.0 42.0 27.0 18.74603 45.34046 103.77669 2.0
27.0 44.0 44.0 70.21447 22.72575 131.34066 5.0
27.0 44.0 27.0 18.74603 45.34046 103.77669 5.0
27.0 45.0 45.0 35.09953 116.36566 28.57335 1.0
27.0 45.0 27.0 18.74603 45.34046 103.77669 1.0
28.0 0.0 0.0 55.10989 48.89723 141.98245 899.0
28.0 0.0 28.0 84.37006 38.93739 143.14773 899.0
28.0 3.0 3.0 83.12759 3.82913 88.03334 6.0
28.0 3.0 28.0 84.37006 38.93739 143.14773 6.0
28.0 4.0 4.0 72.06625 108.39674 139.66747 6.0
28.0 4.0 28.0 84.37006 38.93739 143.14773 6.0
28.0 5.0 5.0 36.13694 130.03965 82.18571 1.0
28.0 5.0 28.0 84.37006 38.93739 143.14773 1.0
28.0 16.0 16.0 37.10153 39.09947 124.69903 32.0
28.0 16.0 28.0 84.37006 38.93739 143.14773 32.0
28.0 17.0 17.0 122.82072 11.00481 94.54988 10.0
28.0 17.0 28.0 84.37006 38.93739 143.14773 10.0
28.0 19.0 19.0 66.38616 15.81658 45.34099 1.0
28.0 19.0 28.0 84.37006 38.93739 143.14773 1.0
28.0 22.0 22.0 25.07575 80.00449 119.44042 11.0
28.0 22.0 28.0 84.37006 38.93739 143.14773 11.0
28.0 24.0 24.0 107.89333 87.2451 149.14267 32.0
28.0 24.0 28.0 84.37006 38.93739 143.14773 32.0
28.0 26.0 26.0 132.13456 45.07911 139.07877 338.0
28.0 26.0 28.0 84.37006 38.93739 143.14773 338.0
28.0 28.0 28.0 84.37006 38.93739 143.14773 2618.0
28.0 28.0 28.0 84.37006 38.93739 143.14773 2618.0
28.0 29.0 29.0 122.62422 20.56935 121.18722 400.0
28.0 29.0 28.0 84.37006 38.93739 143.14773 400.0
28.0 33.0 33.0 97.22185 49.92499 149.23601 1365.0
28.0 33.0 28.0 84.37006 38.93739 143.14773 1365.0
28.0 36.0 36.0 51.16549 19.46434 119.65158 64.0
28.0 36.0 28.0 84.37006 38.93739 143.14773 64.0
28.0 37.0 37.0 80.22896 11.07407 113.8411 605.0
28.0 37.0 28.0 84.37006 38.93739 143.14773 605.0
28.0 38.0 38.0 88.75323 68.43044 152.61818 476.0
28.0 38.0 28.0 84.37006 38.93739 143.14773 476.0
28.0 42.0 42.0 56.59611 85.20975 144.94644 149.0
28.0 42.0 28.0 84.37006 38.93739 143.14773 149.0
28.0 44.0 44.0 70.21447 22.72575 131.34066 797.0
28.0 44.0 28.0 84.37006 38.93739 143.14773 797.0
29.0 0.0 0.0 55.10989 48.89723 141.98245 3.0
29.0 0.0 29.0 122.62422 20.56935 121.18722 3.0
29.0 3.0 3.0 83.12759 3.82913 88.03334 180.0
29.0 3.0 29.0 122.62422 20.56935 121.18722 180.0
29.0 7.0 7.0 121.68619 13.44779 56.94252 10.0
29.0 7.0 29.0 122.62422 20.56935 121.18722 10.0
29.0 10.0 10.0 97.05961 3.92003 61.12445 3.0
29.0 10.0 29.0 122.62422 20.56935 121.18722 3.0
29.0 15.0 15.0 145.15737 26.63742 64.63472 51.0
29.0 15.0 29.0 122.62422 20.56935 121.18722 51.0
29.0 17.0 17.0 122.82072 11.00481 94.54988 1318.0
29.0 17.0 29.0 122.62422 20.56935 121.18722 1318.0
29.0 18.0 18.0 159.21238 24.83698 93.89588 411.0
29.0 18.0 29.0 122.62422 20.56935 121.18722 411.0
29.0 23.0 23.0 173.48459 43.49293 77.06649 8.0
29.0 23.0 29.0 122.62422 20.56935 121.18722 8.0
29.0 24.0 24.0 107.89333 87.2451 149.14267 2.0
29.0 24.0 29.0 122.62422 20.56935 121.18722 2.0
29.0 25.0 25.0 182.84438 64.02671 100.30556 2.0
29.0 25.0 29.0 122.62422 20.56935 121.18722 2.0
29.0 26.0 26.0 132.13456 45.07911 139.07877 1613.0
29.0 26.0 29.0 122.62422 20.56935 121.18722 1613.0
29.0 28.0 28.0 84.37006 38.93739 143.14773 411.0
29.0 28.0 29.0 122.62422 20.56935 121.18722 411.0
29.0 29.0 29.0 122.62422 20.56935 121.18722 3943.0
29.0 29.0 29.0 122.62422 20.56935 121.18722 3943.0
29.0 33.0 33.0 97.22185 49.92499 149.23601 164.0
29.0 33.0 29.0 122.62422 20.56935 121.18722 164.0
29.0 36.0 36.0 51.16549 19.46434 119.65158 1.0
29.0 36.0 29.0 122.62422 20.56935 121.18722 1.0
29.0 37.0 37.0 80.22896 11.07407 113.8411 987.0
29.0 37.0 29.0 122.62422 20.56935 121.18722 987.0
29.0 38.0 38.0 88.75323 68.43044 152.61818 6.0
29.0 38.0 29.0 122.62422 20.56935 121.18722 6.0
29.0 44.0 44.0 70.21447 22.72575 131.34066 60.0
29.0 44.0 29.0 122.62422 20.56935 121.18722 60.0
29.0 46.0 46.0 114.51491 130.23381 52.72867 1.0
29.0 46.0 29.0 122.62422 20.56935 121.18722 1.0
29.0 47.0 47.0 164.22728 62.7385 126.06997 195.0
29.0 47.0 29.0 122.62422 20.56935 121.18722 195.0
30.0 1.0 1.0 66.23881 89.1771 7.45315 272.0
30.0 1.0 30.0 88.29867 139.92407 62.63412 272.0
30.0 2.0 2.0 27.33782 25.392 87.70092 1.0
30.0 2.0 30.0 88.29867 139.92407 62.63412 1.0
30.0 5.0 5.0 36.13694 130.03965 82.18571 1392.0
30.0 5.0 30.0 88.29867 139.92407 62.63412 1392.0
30.0 8.0 8.0 108.19418 85.98737 38.67579 473.0
30.0 8.0 30.0 88.29867 139.92407 62.63412 473.0
30.0 9.0 9.0 78.58966 139.93278 102.60811 963.0
30.0 9.0 30.0 88.29867 139.92407 62.63412 963.0
30.0 14.0 14.0 128.28823 116.04794 40.27265 217.0
30.0 14.0 30.0 88.29867 139.92407 62.63412 217.0
30.0 23.0 23.0 173.48459 43.49293 77.06649 1.0
30.0 23.0 30.0 88.29867 139.92407 62.63412 1.0
30.0 30.0 30.0 88.29867 139.92407 62.63412 12450.0
30.0 30.0 30.0 88.29867 139.92407 62.63412 12450.0
30.0 32.0 32.0 156.97456 89.09982 57.98404 3.0
30.0 32.0 30.0 88.29867 139.92407 62.63412 3.0
30.0 34.0 34.0 127.85559 111.17798 129.61698 60.0
30.0 34.0 30.0 88.29867 139.92407 62.63412 60.0
30.0 35.0 35.0 147.82071 121.13148 95.6582 592.0
30.0 35.0 30.0 88.29867 139.92407 62.63412 592.0
30.0 41.0 41.0 59.83799 126.06439 122.48369 21.0
30.0 41.0 30.0 88.29867 139.92407 62.63412 21.0
30.0 43.0 43.0 101.77289 137.70163 99.19206 1838.0
30.0 43.0 30.0 88.29867 139.92407 62.63412 1838.0
30.0 45.0 45.0 35.09953 116.36566 28.57335 647.0
30.0 45.0 30.0 88.29867 139.92407 62.63412 647.0
30.0 46.0 46.0 114.51491 130.23381 52.72867 2828.0
30.0 46.0 30.0 88.29867 139.92407 62.63412 2828.0
31.0 1.0 1.0 66.23881 89.1771 7.45315 1.0
31.0 1.0 31.0 121.59489 38.97476 36.06491 1.0
31.0 3.0 3.0 83.12759 3.82913 88.03334 2.0
31.0 3.0 31.0 121.59489 38.97476 36.06491 2.0
31.0 7.0 7.0 121.68619 13.44779 56.94252 1373.0
31.0 7.0 31.0 121.59489 38.97476 36.06491 1373.0
31.0 8.0 8.0 108.19418 85.98737 38.67579 1630.0
31.0 8.0 31.0 121.59489 38.97476 36.06491 1630.0
31.0 10.0 10.0 97.05961 3.92003 61.12445 319.0
31.0 10.0 31.0 121.59489 38.97476 36.06491 319.0
31.0 11.0 11.0 48.53875 14.1083 56.51687 2.0
31.0 11.0 31.0 121.59489 38.97476 36.06491 2.0
31.0 12.0 12.0 179.81716 86.31136 84.76585 7.0
31.0 12.0 31.0 121.59489 38.97476 36.06491 7.0
31.0 14.0 14.0 128.28823 116.04794 40.27265 2.0
31.0 14.0 31.0 121.59489 38.97476 36.06491 2.0
31.0 15.0 15.0 145.15737 26.63742 64.63472 1130.0
31.0 15.0 31.0 121.59489 38.97476 36.06491 1130.0
31.0 17.0 17.0 122.82072 11.00481 94.54988 9.0
31.0 17.0 31.0 121.59489 38.97476 36.06491 9.0
31.0 18.0 18.0 159.21238 24.83698 93.89588 11.0
31.0 18.0 31.0 121.59489 38.97476 36.06491 11.0
31.0 19.0 19.0 66.38616 15.81658 45.34099 22.0
31.0 19.0 31.0 121.59489 38.97476 36.06491 22.0
31.0 20.0 20.0 85.01466 53.7344 22.22437 1756.0
31.0 20.0 31.0 121.59489 38.97476 36.06491 1756.0
31.0 23.0 23.0 173.48459 43.49293 77.06649 96.0
31.0 23.0 31.0 121.59489 38.97476 36.06491 96.0
31.0 31.0 31.0 121.59489 38.97476 36.06491 9969.0
31.0 31.0 31.0 121.59489 38.97476 36.06491 9969.0
31.0 32.0 32.0 156.97456 89.09982 57.98404 466.0
31.0 32.0 31.0 121.59489 38.97476 36.06491 466.0
31.0 40.0 40.0 83.26337 23.53237 42.40036 871.0
31.0 40.0 31.0 121.59489 38.97476 36.06491 871.0
31.0 45.0 45.0 35.09953 116.36566 28.57335 1.0
31.0 45.0 31.0 121.59489 38.97476 36.06491 1.0
32.0 7.0 7.0 121.68619 13.44779 56.94252 7.0
32.0 7.0 32.0 156.97456 89.09982 57.98404 7.0
32.0 8.0 8.0 108.19418 85.98737 38.67579 1361.0
32.0 8.0 32.0 156.97456 89.09982 57.98404 1361.0
32.0 12.0 12.0 179.81716 86.31136 84.76585 1448.0
32.0 12.0 32.0 156.97456 89.09982 57.98404 1448.0
32.0 14.0 14.0 128.28823 116.04794 40.27265 1273.0
32.0 14.0 32.0 156.97456 89.09982 57.98404 1273.0
32.0 15.0 15.0 145.15737 26.63742 64.63472 337.0
32.0 15.0 32.0 156.97456 89.09982 57.98404 337.0
32.0 18.0 18.0 159.21238 24.83698 93.89588 5.0
32.0 18.0 32.0 156.97456 89.09982 57.98404 5.0
32.0 20.0 20.0 85.01466 53.7344 22.22437 7.0
32.0 20.0 32.0 156.97456 89.09982 57.98404 7.0
32.0 23.0 23.0 173.48459 43.49293 77.06649 395.0
32.0 23.0 32.0 156.97456 89.09982 57.98404 395.0
32.0 25.0 25.0 182.84438 64.02671 100.30556 41.0
32.0 25.0 32.0 156.97456 89.09982 57.98404 41.0
32.0 30.0 30.0 88.29867 139.92407 62.63412 4.0
32.0 30.0 32.0 156.97456 89.09982 57.98404 4.0
32.0 31.0 31.0 121.59489 38.97476 36.06491 469.0
32.0 31.0 32.0 156.97456 89.09982 57.98404 469.0
32.0 32.0 32.0 156.97456 89.09982 57.98404 7826.0
32.0 32.0 32.0 156.97456 89.09982 57.98404 7826.0
32.0 34.0 34.0 127.85559 111.17798 129.61698 1.0
32.0 34.0 32.0 156.97456 89.09982 57.98404 1.0
32.0 35.0 35.0 147.82071 121.13148 95.6582 752.0
32.0 35.0 32.0 156.97456 89.09982 57.98404 752.0
32.0 46.0 46.0 114.51491 130.23381 52.72867 247.0
32.0 46.0 32.0 156.97456 89.09982 57.98404 247.0
32.0 47.0 47.0 164.22728 62.7385 126.06997 1.0
32.0 47.0 32.0 156.97456 89.09982 57.98404 1.0
33.0 0.0 0.0 55.10989 48.89723 141.98245 205.0
33.0 0.0 33.0 97.22185 49.92499 149.23601 205.0
33.0 4.0 4.0 72.06625 108.39674 139.66747 5.0
33.0 4.0 33.0 97.22185 49.92499 149.23601 5.0
33.0 16.0 16.0 37.10153 39.09947 124.69903 3.0
33.0 16.0 33.0 97.22185 49.92499 149.23601 3.0
33.0 17.0 17.0 122.82072 11.00481 94.54988 2.0
33.0 17.0 33.0 97.22185 49.92499 149.23601 2.0
33.0 18.0 18.0 159.21238 24.83698 93.89588 1.0
33.0 18.0 33.0 97.22185 49.92499 149.23601 1.0
33.0 22.0 22.0 25.07575 80.00449 119.44042 1.0
33.0 22.0 33.0 97.22185 49.92499 149.23601 1.0
33.0 24.0 24.0 107.89333 87.2451 149.14267 417.0
33.0 24.0 33.0 97.22185 49.92499 149.23601 417.0
33.0 26.0 26.0 132.13456 45.07911 139.07877 923.0
33.0 26.0 33.0 97.22185 49.92499 149.23601 923.0
33.0 28.0 28.0 84.37006 38.93739 143.14773 1369.0
33.0 28.0 33.0 97.22185 49.92499 149.23601 1369.0
33.0 29.0 29.0 122.62422 20.56935 121.18722 169.0
33.0 29.0 33.0 97.22185 49.92499 149.23601 169.0
33.0 33.0 33.0 97.22185 49.92499 149.23601 2208.0
33.0 33.0 33.0 97.22185 49.92499 149.23601 2208.0
33.0 34.0 34.0 127.85559 111.17798 129.61698 4.0
33.0 34.0 33.0 97.22185 49.92499 149.23601 4.0
33.0 36.0 36.0 51.16549 19.46434 119.65158 4.0
33.0 36.0 33.0 97.22185 49.92499 149.23601 4.0
33.0 37.0 37.0 80.22896 11.07407 113.8411 80.0
33.0 37.0 33.0 97.22185 49.92499 149.23601 80.0
33.0 38.0 38.0 88.75323 68.43044 152.61818 1246.0
33.0 38.0 33.0 97.22185 49.92499 149.23601 1246.0
33.0 42.0 42.0 56.59611 85.20975 144.94644 120.0
33.0 42.0 33.0 97.22185 49.92499 149.23601 120.0
33.0 44.0 44.0 70.21447 22.72575 131.34066 94.0
33.0 44.0 33.0 97.22185 49.92499 149.23601 94.0
33.0 47.0 47.0 164.22728 62.7385 126.06997 2.0
33.0 47.0 33.0 97.22185 49.92499 149.23601 2.0
34.0 4.0 4.0 72.06625 108.39674 139.66747 725.0
34.0 4.0 34.0 127.85559 111.17798 129.61698 725.0
34.0 5.0 5.0 36.13694 130.03965 82.18571 1.0
34.0 5.0 34.0 127.85559 111.17798 129.61698 1.0
34.0 9.0 9.0 78.58966 139.93278 102.60811 509.0
34.0 9.0 34.0 127.85559 111.17798 129.61698 509.0
34.0 12.0 12.0 179.81716 86.31136 84.76585 80.0
34.0 12.0 34.0 127.85559 111.17798 129.61698 80.0
34.0 14.0 14.0 128.28823 116.04794 40.27265 1.0
34.0 14.0 34.0 127.85559 111.17798 129.61698 1.0
34.0 24.0 24.0 107.89333 87.2451 149.14267 2194.0
34.0 24.0 34.0 127.85559 111.17798 129.61698 2194.0
34.0 25.0 25.0 182.84438 64.02671 100.30556 14.0
34.0 25.0 34.0 127.85559 111.17798 129.61698 14.0
34.0 26.0 26.0 132.13456 45.07911 139.07877 263.0
34.0 26.0 34.0 127.85559 111.17798 129.61698 263.0
34.0 30.0 30.0 88.29867 139.92407 62.63412 79.0
34.0 30.0 34.0 127.85559 111.17798 129.61698 79.0
34.0 32.0 32.0 156.97456 89.09982 57.98404 4.0
34.0 32.0 34.0 127.85559 111.17798 129.61698 4.0
34.0 33.0 33.0 97.22185 49.92499 149.23601 8.0
34.0 33.0 34.0 127.85559 111.17798 129.61698 8.0
34.0 34.0 34.0 127.85559 111.17798 129.61698 14341.0
34.0 34.0 34.0 127.85559 111.17798 129.61698 14341.0
34.0 35.0 35.0 147.82071 121.13148 95.6582 2132.0
34.0 35.0 34.0 127.85559 111.17798 129.61698 2132.0
34.0 38.0 38.0 88.75323 68.43044 152.61818 35.0
34.0 38.0 34.0 127.85559 111.17798 129.61698 35.0
34.0 41.0 41.0 59.83799 126.06439 122.48369 356.0
34.0 41.0 34.0 127.85559 111.17798 129.61698 356.0
34.0 42.0 42.0 56.59611 85.20975 144.94644 7.0
34.0 42.0 34.0 127.85559 111.17798 129.61698 7.0
34.0 43.0 43.0 101.77289 137.70163 99.19206 1232.0
34.0 43.0 34.0 127.85559 111.17798 129.61698 1232.0
34.0 46.0 46.0 114.51491 130.23381 52.72867 7.0
34.0 46.0 34.0 127.85559 111.17798 129.61698 7.0
34.0 47.0 47.0 164.22728 62.7385 126.06997 955.0
34.0 47.0 34.0 127.85559 111.17798 129.61698 955.0
35.0 8.0 8.0 108.19418 85.98737 38.67579 4.0
35.0 8.0 35.0 147.82071 121.13148 95.6582 4.0
35.0 9.0 9.0 78.58966 139.93278 102.60811 16.0
35.0 9.0 35.0 147.82071 121.13148 95.6582 16.0
35.0 12.0 12.0 179.81716 86.31136 84.76585 974.0
35.0 12.0 35.0 147.82071 121.13148 95.6582 974.0
35.0 14.0 14.0 128.28823 116.04794 40.27265 271.0
35.0 14.0 35.0 147.82071 121.13148 95.6582 271.0
35.0 24.0 24.0 107.89333 87.2451 149.14267 4.0
35.0 24.0 35.0 147.82071 121.13148 95.6582 4.0
35.0 25.0 25.0 182.84438 64.02671 100.30556 71.0
35.0 25.0 35.0 147.82071 121.13148 95.6582 71.0
35.0 26.0 26.0 132.13456 45.07911 139.07877 1.0
35.0 26.0 35.0 147.82071 121.13148 95.6582 1.0
35.0 28.0 28.0 84.37006 38.93739 143.14773 2.0
35.0 28.0 35.0 147.82071 121.13148 95.6582 2.0
35.0 30.0 30.0 88.29867 139.92407 62.63412 587.0
35.0 30.0 35.0 147.82071 121.13148 95.6582 587.0
35.0 32.0 32.0 156.97456 89.09982 57.98404 776.0
35.0 32.0 35.0 147.82071 121.13148 95.6582 776.0
35.0 34.0 34.0 127.85559 111.17798 129.61698 2206.0
35.0 34.0 35.0 147.82071 121.13148 95.6582 2206.0
35.0 35.0 35.0 147.82071 121.13148 95.6582 9645.0
35.0 35.0 35.0 147.82071 121.13148 95.6582 9645.0
35.0 41.0 41.0 59.83799 126.06439 122.48369 1.0
35.0 41.0 35.0 147.82071 121.13148 95.6582 1.0
35.0 43.0 43.0 101.77289 137.70163 99.19206 750.0
35.0 43.0 35.0 147.82071 121.13148 95.6582 750.0
35.0 46.0 46.0 114.51491 130.23381 52.72867 994.0
35.0 46.0 35.0 147.82071 121.13148 95.6582 994.0
35.0 47.0 47.0 164.22728 62.7385 126.06997 278.0
35.0 47.0 35.0 147.82071 121.13148 95.6582 278.0
36.0 0.0 0.0 55.10989 48.89723 141.98245 406.0
36.0 0.0 36.0 51.16549 19.46434 119.65158 406.0
36.0 2.0 2.0 27.33782 25.392 87.70092 420.0
36.0 2.0 36.0 51.16549 19.46434 119.65158 420.0
36.0 3.0 3.0 83.12759 3.82913 88.03334 133.0
36.0 3.0 36.0 51.16549 19.46434 119.65158 133.0
36.0 8.0 8.0 108.19418 85.98737 38.67579 1.0
36.0 8.0 36.0 51.16549 19.46434 119.65158 1.0
36.0 10.0 10.0 97.05961 3.92003 61.12445 1.0
36.0 10.0 36.0 51.16549 19.46434 119.65158 1.0
36.0 11.0 11.0 48.53875 14.1083 56.51687 53.0
36.0 11.0 36.0 51.16549 19.46434 119.65158 53.0
36.0 13.0 13.0 21.79987 31.14229 56.43542 3.0
36.0 13.0 36.0 51.16549 19.46434 119.65158 3.0
36.0 16.0 16.0 37.10153 39.09947 124.69903 891.0
36.0 16.0 36.0 51.16549 19.46434 119.65158 891.0
36.0 22.0 22.0 25.07575 80.00449 119.44042 9.0
36.0 22.0 36.0 51.16549 19.46434 119.65158 9.0
36.0 27.0 27.0 18.74603 45.34046 103.77669 88.0
36.0 27.0 36.0 51.16549 19.46434 119.65158 88.0
36.0 28.0 28.0 84.37006 38.93739 143.14773 78.0
36.0 28.0 36.0 51.16549 19.46434 119.65158 78.0
36.0 33.0 33.0 97.22185 49.92499 149.23601 2.0
36.0 33.0 36.0 51.16549 19.46434 119.65158 2.0
36.0 36.0 36.0 51.16549 19.46434 119.65158 1196.0
36.0 36.0 36.0 51.16549 19.46434 119.65158 1196.0
36.0 37.0 37.0 80.22896 11.07407 113.8411 748.0
36.0 37.0 36.0 51.16549 19.46434 119.65158 748.0
36.0 38.0 38.0 88.75323 68.43044 152.61818 1.0
36.0 38.0 36.0 51.16549 19.46434 119.65158 1.0
36.0 42.0 42.0 56.59611 85.20975 144.94644 1.0
36.0 42.0 36.0 51.16549 19.46434 119.65158 1.0
36.0 44.0 44.0 70.21447 22.72575 131.34066 658.0
36.0 44.0 36.0 51.16549 19.46434 119.65158 658.0
37.0 0.0 0.0 55.10989 48.89723 141.98245 65.0
37.0 0.0 37.0 80.22896 11.07407 113.8411 65.0
37.0 2.0 2.0 27.33782 25.392 87.70092 327.0
37.0 2.0 37.0 80.22896 11.07407 113.8411 327.0
37.0 3.0 3.0 83.12759 3.82913 88.03334 2129.0
37.0 3.0 37.0 80.22896 11.07407 113.8411 2129.0
37.0 7.0 7.0 121.68619 13.44779 56.94252 4.0
37.0 7.0 37.0 80.22896 11.07407 113.8411 4.0
37.0 10.0 10.0 97.05961 3.92003 61.12445 40.0
37.0 10.0 37.0 80.22896 11.07407 113.8411 40.0
37.0 11.0 11.0 48.53875 14.1083 56.51687 214.0
37.0 11.0 37.0 80.22896 11.07407 113.8411 214.0
37.0 13.0 13.0 21.79987 31.14229 56.43542 1.0
37.0 13.0 37.0 80.22896 11.07407 113.8411 1.0
37.0 16.0 16.0 37.10153 39.09947 124.69903 151.0
37.0 16.0 37.0 80.22896 11.07407 113.8411 151.0
37.0 17.0 17.0 122.82072 11.00481 94.54988 448.0
37.0 17.0 37.0 80.22896 11.07407 113.8411 448.0
37.0 18.0 18.0 159.21238 24.83698 93.89588 1.0
37.0 18.0 37.0 80.22896 11.07407 113.8411 1.0
37.0 19.0 19.0 66.38616 15.81658 45.34099 16.0
37.0 19.0 37.0 80.22896 11.07407 113.8411 16.0
37.0 26.0 26.0 132.13456 45.07911 139.07877 87.0
37.0 26.0 37.0 80.22896 11.07407 113.8411 87.0
37.0 27.0 27.0 18.74603 45.34046 103.77669 11.0
37.0 27.0 37.0 80.22896 11.07407 113.8411 11.0
37.0 28.0 28.0 84.37006 38.93739 143.14773 620.0
37.0 28.0 37.0 80.22896 11.07407 113.8411 620.0
37.0 29.0 29.0 122.62422 20.56935 121.18722 976.0
37.0 29.0 37.0 80.22896 11.07407 113.8411 976.0
37.0 33.0 33.0 97.22185 49.92499 149.23601 89.0
37.0 33.0 37.0 80.22896 11.07407 113.8411 89.0
37.0 36.0 36.0 51.16549 19.46434 119.65158 753.0
37.0 36.0 37.0 80.22896 11.07407 113.8411 753.0
37.0 37.0 37.0 80.22896 11.07407 113.8411 6684.0
37.0 37.0 37.0 80.22896 11.07407 113.8411 6684.0
37.0 38.0 38.0 88.75323 68.43044 152.61818 1.0
37.0 38.0 37.0 80.22896 11.07407 113.8411 1.0
37.0 40.0 40.0 83.26337 23.53237 42.40036 1.0
37.0 40.0 37.0 80.22896 11.07407 113.8411 1.0
37.0 42.0 42.0 56.59611 85.20975 144.94644 1.0
37.0 42.0 37.0 80.22896 11.07407 113.8411 1.0
37.0 44.0 44.0 70.21447 22.72575 131.34066 1204.0
37.0 44.0 37.0 80.22896 11.07407 113.8411 1204.0
38.0 0.0 0.0 55.10989 48.89723 141.98245 334.0
38.0 0.0 38.0 88.75323 68.43044 152.61818 334.0
38.0 2.0 2.0 27.33782 25.392 87.70092 1.0
38.0 2.0 38.0 88.75323 68.43044 152.61818 1.0
38.0 4.0 4.0 72.06625 108.39674 139.66747 198.0
38.0 4.0 38.0 88.75323 68.43044 152.61818 198.0
38.0 16.0 16.0 37.10153 39.09947 124.69903 12.0
38.0 16.0 38.0 88.75323 68.43044 152.61818 12.0
38.0 22.0 22.0 25.07575 80.00449 119.44042 19.0
38.0 22.0 38.0 88.75323 68.43044 152.61818 19.0
38.0 24.0 24.0 107.89333 87.2451 149.14267 1623.0
38.0 24.0 38.0 88.75323 68.43044 152.61818 1623.0
38.0 26.0 26.0 132.13456 45.07911 139.07877 310.0
38.0 26.0 38.0 88.75323 68.43044 152.61818 310.0
38.0 28.0 28.0 84.37006 38.93739 143.14773 499.0
38.0 28.0 38.0 88.75323 68.43044 152.61818 499.0
38.0 29.0 29.0 122.62422 20.56935 121.18722 3.0
38.0 29.0 38.0 88.75323 68.43044 152.61818 3.0
38.0 33.0 33.0 97.22185 49.92499 149.23601 1285.0
38.0 33.0 38.0 88.75323 68.43044 152.61818 1285.0
38.0 34.0 34.0 127.85559 111.17798 129.61698 30.0
38.0 34.0 38.0 88.75323 68.43044 152.61818 30.0
38.0 36.0 36.0 51.16549 19.46434 119.65158 2.0
38.0 36.0 38.0 88.75323 68.43044 152.61818 2.0
38.0 37.0 37.0 80.22896 11.07407 113.8411 2.0
38.0 37.0 38.0 88.75323 68.43044 152.61818 2.0
38.0 38.0 38.0 88.75323 68.43044 152.61818 2657.0
38.0 38.0 38.0 88.75323 68.43044 152.61818 2657.0
38.0 41.0 41.0 59.83799 126.06439 122.48369 2.0
38.0 41.0 38.0 88.75323 68.43044 152.61818 2.0
38.0 42.0 42.0 56.59611 85.20975 144.94644 942.0
38.0 42.0 38.0 88.75323 68.43044 152.61818 942.0
38.0 44.0 44.0 70.21447 22.72575 131.34066 9.0
38.0 44.0 38.0 88.75323 68.43044 152.61818 9.0
38.0 47.0 47.0 164.22728 62.7385 126.06997 3.0
38.0 47.0 38.0 88.75323 68.43044 152.61818 3.0
39.0 1.0 1.0 66.23881 89.1771 7.45315 227.0
39.0 1.0 39.0 21.80521 50.12345 32.81335 227.0
39.0 2.0 2.0 27.33782 25.392 87.70092 128.0
39.0 2.0 39.0 21.80521 50.12345 32.81335 128.0
39.0 5.0 5.0 36.13694 130.03965 82.18571 2.0
39.0 5.0 39.0 21.80521 50.12345 32.81335 2.0
39.0 6.0 6.0 5.47371 84.77759 74.41057 1172.0
39.0 6.0 39.0 21.80521 50.12345 32.81335 1172.0
39.0 8.0 8.0 108.19418 85.98737 38.67579 2.0
39.0 8.0 39.0 21.80521 50.12345 32.81335 2.0
39.0 11.0 11.0 48.53875 14.1083 56.51687 749.0
39.0 11.0 39.0 21.80521 50.12345 32.81335 749.0
39.0 12.0 12.0 179.81716 86.31136 84.76585 1.0
39.0 12.0 39.0 21.80521 50.12345 32.81335 1.0
39.0 13.0 13.0 21.79987 31.14229 56.43542 1521.0
39.0 13.0 39.0 21.80521 50.12345 32.81335 1521.0
39.0 19.0 19.0 66.38616 15.81658 45.34099 194.0
39.0 19.0 39.0 21.80521 50.12345 32.81335 194.0
39.0 20.0 20.0 85.01466 53.7344 22.22437 396.0
39.0 20.0 39.0 21.80521 50.12345 32.81335 396.0
39.0 21.0 21.0 28.27446 78.1103 19.30387 1784.0
39.0 21.0 39.0 21.80521 50.12345 32.81335 1784.0
39.0 27.0 27.0 18.74603 45.34046 103.77669 16.0
39.0 27.0 39.0 21.80521 50.12345 32.81335 16.0
39.0 39.0 39.0 21.80521 50.12345 32.81335 8253.0
39.0 39.0 39.0 21.80521 50.12345 32.81335 8253.0
39.0 40.0 40.0 83.26337 23.53237 42.40036 27.0
39.0 40.0 39.0 21.80521 50.12345 32.81335 27.0
39.0 45.0 45.0 35.09953 116.36566 28.57335 64.0
39.0 45.0 39.0 21.80521 50.12345 32.81335 64.0
40.0 1.0 1.0 66.23881 89.1771 7.45315 8.0
40.0 1.0 40.0 83.26337 23.53237 42.40036 8.0
40.0 2.0 2.0 27.33782 25.392 87.70092 1.0
40.0 2.0 40.0 83.26337 23.53237 42.40036 1.0
40.0 3.0 3.0 83.12759 3.82913 88.03334 114.0
40.0 3.0 40.0 83.26337 23.53237 42.40036 114.0
40.0 7.0 7.0 121.68619 13.44779 56.94252 194.0
40.0 7.0 40.0 83.26337 23.53237 42.40036 194.0
40.0 8.0 8.0 108.19418 85.98737 38.67579 22.0
40.0 8.0 40.0 83.26337 23.53237 42.40036 22.0
40.0 10.0 10.0 97.05961 3.92003 61.12445 1001.0
40.0 10.0 40.0 83.26337 23.53237 42.40036 1001.0
40.0 11.0 11.0 48.53875 14.1083 56.51687 429.0
40.0 11.0 40.0 83.26337 23.53237 42.40036 429.0
40.0 13.0 13.0 21.79987 31.14229 56.43542 5.0
40.0 13.0 40.0 83.26337 23.53237 42.40036 5.0
40.0 15.0 15.0 145.15737 26.63742 64.63472 4.0
40.0 15.0 40.0 83.26337 23.53237 42.40036 4.0
40.0 17.0 17.0 122.82072 11.00481 94.54988 3.0
40.0 17.0 40.0 83.26337 23.53237 42.40036 3.0
40.0 19.0 19.0 66.38616 15.81658 45.34099 1260.0
40.0 19.0 40.0 83.26337 23.53237 42.40036 1260.0
40.0 20.0 20.0 85.01466 53.7344 22.22437 1433.0
40.0 20.0 40.0 83.26337 23.53237 42.40036 1433.0
40.0 21.0 21.0 28.27446 78.1103 19.30387 6.0
40.0 21.0 40.0 83.26337 23.53237 42.40036 6.0
40.0 31.0 31.0 121.59489 38.97476 36.06491 880.0
40.0 31.0 40.0 83.26337 23.53237 42.40036 880.0
40.0 37.0 37.0 80.22896 11.07407 113.8411 3.0
40.0 37.0 40.0 83.26337 23.53237 42.40036 3.0
40.0 39.0 39.0 21.80521 50.12345 32.81335 31.0
40.0 39.0 40.0 83.26337 23.53237 42.40036 31.0
40.0 40.0 40.0 83.26337 23.53237 42.40036 3735.0
40.0 40.0 40.0 83.26337 23.53237 42.40036 3735.0
41.0 0.0 0.0 55.10989 48.89723 141.98245 2.0
41.0 0.0 41.0 59.83799 126.06439 122.48369 2.0
41.0 4.0 4.0 72.06625 108.39674 139.66747 2377.0
41.0 4.0 41.0 59.83799 126.06439 122.48369 2377.0
41.0 5.0 5.0 36.13694 130.03965 82.18571 1852.0
41.0 5.0 41.0 59.83799 126.06439 122.48369 1852.0
41.0 6.0 6.0 5.47371 84.77759 74.41057 11.0
41.0 6.0 41.0 59.83799 126.06439 122.48369 11.0
41.0 9.0 9.0 78.58966 139.93278 102.60811 1774.0
41.0 9.0 41.0 59.83799 126.06439 122.48369 1774.0
41.0 13.0 13.0 21.79987 31.14229 56.43542 1.0
41.0 13.0 41.0 59.83799 126.06439 122.48369 1.0
41.0 22.0 22.0 25.07575 80.00449 119.44042 527.0
41.0 22.0 41.0 59.83799 126.06439 122.48369 527.0
41.0 24.0 24.0 107.89333 87.2451 149.14267 73.0
41.0 24.0 41.0 59.83799 126.06439 122.48369 73.0
41.0 28.0 28.0 84.37006 38.93739 143.14773 1.0
41.0 28.0 41.0 59.83799 126.06439 122.48369 1.0
41.0 30.0 30.0 88.29867 139.92407 62.63412 24.0
41.0 30.0 41.0 59.83799 126.06439 122.48369 24.0
41.0 34.0 34.0 127.85559 111.17798 129.61698 353.0
41.0 34.0 41.0 59.83799 126.06439 122.48369 353.0
41.0 35.0 35.0 147.82071 121.13148 95.6582 1.0
41.0 35.0 41.0 59.83799 126.06439 122.48369 1.0
41.0 38.0 38.0 88.75323 68.43044 152.61818 4.0
41.0 38.0 41.0 59.83799 126.06439 122.48369 4.0
41.0 41.0 41.0 59.83799 126.06439 122.48369 7513.0
41.0 41.0 41.0 59.83799 126.06439 122.48369 7513.0
41.0 42.0 42.0 56.59611 85.20975 144.94644 347.0
41.0 42.0 41.0 59.83799 126.06439 122.48369 347.0
41.0 43.0 43.0 101.77289 137.70163 99.19206 279.0
41.0 43.0 41.0 59.83799 126.06439 122.48369 279.0
42.0 0.0 0.0 55.10989 48.89723 141.98245 758.0
42.0 0.0 42.0 56.59611 85.20975 144.94644 758.0
42.0 4.0 4.0 72.06625 108.39674 139.66747 1768.0
42.0 4.0 42.0 56.59611 85.20975 144.94644 1768.0
42.0 5.0 5.0 36.13694 130.03965 82.18571 38.0
42.0 5.0 42.0 56.59611 85.20975 144.94644 38.0
42.0 6.0 6.0 5.47371 84.77759 74.41057 1.0
42.0 6.0 42.0 56.59611 85.20975 144.94644 1.0
42.0 7.0 7.0 121.68619 13.44779 56.94252 1.0
42.0 7.0 42.0 56.59611 85.20975 144.94644 1.0
42.0 16.0 16.0 37.10153 39.09947 124.69903 128.0
42.0 16.0 42.0 56.59611 85.20975 144.94644 128.0
42.0 22.0 22.0 25.07575 80.00449 119.44042 1339.0
42.0 22.0 42.0 56.59611 85.20975 144.94644 1339.0
42.0 24.0 24.0 107.89333 87.2451 149.14267 428.0
42.0 24.0 42.0 56.59611 85.20975 144.94644 428.0
42.0 27.0 27.0 18.74603 45.34046 103.77669 1.0
42.0 27.0 42.0 56.59611 85.20975 144.94644 1.0
42.0 28.0 28.0 84.37006 38.93739 143.14773 156.0
42.0 28.0 42.0 56.59611 85.20975 144.94644 156.0
42.0 33.0 33.0 97.22185 49.92499 149.23601 120.0
42.0 33.0 42.0 56.59611 85.20975 144.94644 120.0
42.0 34.0 34.0 127.85559 111.17798 129.61698 3.0
42.0 34.0 42.0 56.59611 85.20975 144.94644 3.0
42.0 36.0 36.0 51.16549 19.46434 119.65158 2.0
42.0 36.0 42.0 56.59611 85.20975 144.94644 2.0
42.0 37.0 37.0 80.22896 11.07407 113.8411 1.0
42.0 37.0 42.0 56.59611 85.20975 144.94644 1.0
42.0 38.0 38.0 88.75323 68.43044 152.61818 959.0
42.0 38.0 42.0 56.59611 85.20975 144.94644 959.0
42.0 41.0 41.0 59.83799 126.06439 122.48369 335.0
42.0 41.0 42.0 56.59611 85.20975 144.94644 335.0
42.0 42.0 42.0 56.59611 85.20975 144.94644 4776.0
42.0 42.0 42.0 56.59611 85.20975 144.94644 4776.0
42.0 44.0 44.0 70.21447 22.72575 131.34066 2.0
42.0 44.0 42.0 56.59611 85.20975 144.94644 2.0
43.0 4.0 4.0 72.06625 108.39674 139.66747 63.0
43.0 4.0 43.0 101.77289 137.70163 99.19206 63.0
43.0 5.0 5.0 36.13694 130.03965 82.18571 57.0
43.0 5.0 43.0 101.77289 137.70163 99.19206 57.0
43.0 8.0 8.0 108.19418 85.98737 38.67579 1.0
43.0 8.0 43.0 101.77289 137.70163 99.19206 1.0
43.0 9.0 9.0 78.58966 139.93278 102.60811 1760.0
43.0 9.0 43.0 101.77289 137.70163 99.19206 1760.0
43.0 24.0 24.0 107.89333 87.2451 149.14267 12.0
43.0 24.0 43.0 101.77289 137.70163 99.19206 12.0
43.0 30.0 30.0 88.29867 139.92407 62.63412 1730.0
43.0 30.0 43.0 101.77289 137.70163 99.19206 1730.0
43.0 34.0 34.0 127.85559 111.17798 129.61698 1200.0
43.0 34.0 43.0 101.77289 137.70163 99.19206 1200.0
43.0 35.0 35.0 147.82071 121.13148 95.6582 704.0
43.0 35.0 43.0 101.77289 137.70163 99.19206 704.0
43.0 37.0 37.0 80.22896 11.07407 113.8411 1.0
43.0 37.0 43.0 101.77289 137.70163 99.19206 1.0
43.0 41.0 41.0 59.83799 126.06439 122.48369 235.0
43.0 41.0 43.0 101.77289 137.70163 99.19206 235.0
43.0 43.0 43.0 101.77289 137.70163 99.19206 3944.0
43.0 43.0 43.0 101.77289 137.70163 99.19206 3944.0
43.0 45.0 45.0 35.09953 116.36566 28.57335 1.0
43.0 45.0 43.0 101.77289 137.70163 99.19206 1.0
43.0 46.0 46.0 114.51491 130.23381 52.72867 149.0
43.0 46.0 43.0 101.77289 137.70163 99.19206 149.0
44.0 0.0 0.0 55.10989 48.89723 141.98245 549.0
44.0 0.0 44.0 70.21447 22.72575 131.34066 549.0
44.0 2.0 2.0 27.33782 25.392 87.70092 31.0
44.0 2.0 44.0 70.21447 22.72575 131.34066 31.0
44.0 3.0 3.0 83.12759 3.82913 88.03334 45.0
44.0 3.0 44.0 70.21447 22.72575 131.34066 45.0
44.0 6.0 6.0 5.47371 84.77759 74.41057 1.0
44.0 6.0 44.0 70.21447 22.72575 131.34066 1.0
44.0 11.0 11.0 48.53875 14.1083 56.51687 2.0
44.0 11.0 44.0 70.21447 22.72575 131.34066 2.0
44.0 16.0 16.0 37.10153 39.09947 124.69903 191.0
44.0 16.0 44.0 70.21447 22.72575 131.34066 191.0
44.0 22.0 22.0 25.07575 80.00449 119.44042 1.0
44.0 22.0 44.0 70.21447 22.72575 131.34066 1.0
44.0 24.0 24.0 107.89333 87.2451 149.14267 1.0
44.0 24.0 44.0 70.21447 22.72575 131.34066 1.0
44.0 26.0 26.0 132.13456 45.07911 139.07877 11.0
44.0 26.0 44.0 70.21447 22.72575 131.34066 11.0
44.0 27.0 27.0 18.74603 45.34046 103.77669 4.0
44.0 27.0 44.0 70.21447 22.72575 131.34066 4.0
44.0 28.0 28.0 84.37006 38.93739 143.14773 732.0
44.0 28.0 44.0 70.21447 22.72575 131.34066 732.0
44.0 29.0 29.0 122.62422 20.56935 121.18722 72.0
44.0 29.0 44.0 70.21447 22.72575 131.34066 72.0
44.0 33.0 33.0 97.22185 49.92499 149.23601 85.0
44.0 33.0 44.0 70.21447 22.72575 131.34066 85.0
44.0 36.0 36.0 51.16549 19.46434 119.65158 644.0
44.0 36.0 44.0 70.21447 22.72575 131.34066 644.0
44.0 37.0 37.0 80.22896 11.07407 113.8411 1234.0
44.0 37.0 44.0 70.21447 22.72575 131.34066 1234.0
44.0 38.0 38.0 88.75323 68.43044 152.61818 18.0
44.0 38.0 44.0 70.21447 22.72575 131.34066 18.0
44.0 40.0 40.0 83.26337 23.53237 42.40036 1.0
44.0 40.0 44.0 70.21447 22.72575 131.34066 1.0
44.0 41.0 41.0 59.83799 126.06439 122.48369 1.0
44.0 41.0 44.0 70.21447 22.72575 131.34066 1.0
44.0 42.0 42.0 56.59611 85.20975 144.94644 2.0
44.0 42.0 44.0 70.21447 22.72575 131.34066 2.0
44.0 44.0 44.0 70.21447 22.72575 131.34066 1539.0
44.0 44.0 44.0 70.21447 22.72575 131.34066 1539.0
45.0 1.0 1.0 66.23881 89.1771 7.45315 1558.0
45.0 1.0 45.0 35.09953 116.36566 28.57335 1558.0
45.0 5.0 5.0 36.13694 130.03965 82.18571 1676.0
45.0 5.0 45.0 35.09953 116.36566 28.57335 1676.0
45.0 6.0 6.0 5.47371 84.77759 74.41057 835.0
45.0 6.0 45.0 35.09953 116.36566 28.57335 835.0
45.0 8.0 8.0 108.19418 85.98737 38.67579 86.0
45.0 8.0 45.0 35.09953 116.36566 28.57335 86.0
45.0 9.0 9.0 78.58966 139.93278 102.60811 1.0
45.0 9.0 45.0 35.09953 116.36566 28.57335 1.0
45.0 14.0 14.0 128.28823 116.04794 40.27265 3.0
45.0 14.0 45.0 35.09953 116.36566 28.57335 3.0
45.0 20.0 20.0 85.01466 53.7344 22.22437 2.0
45.0 20.0 45.0 35.09953 116.36566 28.57335 2.0
45.0 21.0 21.0 28.27446 78.1103 19.30387 1569.0
45.0 21.0 45.0 35.09953 116.36566 28.57335 1569.0
45.0 22.0 22.0 25.07575 80.00449 119.44042 1.0
45.0 22.0 45.0 35.09953 116.36566 28.57335 1.0
45.0 30.0 30.0 88.29867 139.92407 62.63412 707.0
45.0 30.0 45.0 35.09953 116.36566 28.57335 707.0
45.0 39.0 39.0 21.80521 50.12345 32.81335 53.0
45.0 39.0 45.0 35.09953 116.36566 28.57335 53.0
45.0 45.0 45.0 35.09953 116.36566 28.57335 11134.0
45.0 45.0 45.0 35.09953 116.36566 28.57335 11134.0
45.0 46.0 46.0 114.51491 130.23381 52.72867 42.0
45.0 46.0 45.0 35.09953 116.36566 28.57335 42.0
46.0 1.0 1.0 66.23881 89.1771 7.45315 111.0
46.0 1.0 46.0 114.51491 130.23381 52.72867 111.0
46.0 5.0 5.0 36.13694 130.03965 82.18571 6.0
46.0 5.0 46.0 114.51491 130.23381 52.72867 6.0
46.0 8.0 8.0 108.19418 85.98737 38.67579 902.0
46.0 8.0 46.0 114.51491 130.23381 52.72867 902.0
46.0 9.0 9.0 78.58966 139.93278 102.60811 9.0
46.0 9.0 46.0 114.51491 130.23381 52.72867 9.0
46.0 12.0 12.0 179.81716 86.31136 84.76585 3.0
46.0 12.0 46.0 114.51491 130.23381 52.72867 3.0
46.0 14.0 14.0 128.28823 116.04794 40.27265 2371.0
46.0 14.0 46.0 114.51491 130.23381 52.72867 2371.0
46.0 30.0 30.0 88.29867 139.92407 62.63412 2861.0
46.0 30.0 46.0 114.51491 130.23381 52.72867 2861.0
46.0 31.0 31.0 121.59489 38.97476 36.06491 1.0
46.0 31.0 46.0 114.51491 130.23381 52.72867 1.0
46.0 32.0 32.0 156.97456 89.09982 57.98404 237.0
46.0 32.0 46.0 114.51491 130.23381 52.72867 237.0
46.0 34.0 34.0 127.85559 111.17798 129.61698 15.0
46.0 34.0 46.0 114.51491 130.23381 52.72867 15.0
46.0 35.0 35.0 147.82071 121.13148 95.6582 981.0
46.0 35.0 46.0 114.51491 130.23381 52.72867 981.0
46.0 43.0 43.0 101.77289 137.70163 99.19206 135.0
46.0 43.0 46.0 114.51491 130.23381 52.72867 135.0
46.0 45.0 45.0 35.09953 116.36566 28.57335 43.0
46.0 45.0 46.0 114.51491 130.23381 52.72867 43.0
46.0 46.0 46.0 114.51491 130.23381 52.72867 5812.0
46.0 46.0 46.0 114.51491 130.23381 52.72867 5812.0
47.0 12.0 12.0 179.81716 86.31136 84.76585 353.0
47.0 12.0 47.0 164.22728 62.7385 126.06997 353.0
47.0 15.0 15.0 145.15737 26.63742 64.63472 8.0
47.0 15.0 47.0 164.22728 62.7385 126.06997 8.0
47.0 17.0 17.0 122.82072 11.00481 94.54988 19.0
47.0 17.0 47.0 164.22728 62.7385 126.06997 19.0
47.0 18.0 18.0 159.21238 24.83698 93.89588 535.0
47.0 18.0 47.0 164.22728 62.7385 126.06997 535.0
47.0 23.0 23.0 173.48459 43.49293 77.06649 296.0
47.0 23.0 47.0 164.22728 62.7385 126.06997 296.0
47.0 24.0 24.0 107.89333 87.2451 149.14267 196.0
47.0 24.0 47.0 164.22728 62.7385 126.06997 196.0
47.0 25.0 25.0 182.84438 64.02671 100.30556 986.0
47.0 25.0 47.0 164.22728 62.7385 126.06997 986.0
47.0 26.0 26.0 132.13456 45.07911 139.07877 1589.0
47.0 26.0 47.0 164.22728 62.7385 126.06997 1589.0
47.0 29.0 29.0 122.62422 20.56935 121.18722 190.0
47.0 29.0 47.0 164.22728 62.7385 126.06997 190.0
47.0 32.0 32.0 156.97456 89.09982 57.98404 2.0
47.0 32.0 47.0 164.22728 62.7385 126.06997 2.0
47.0 33.0 33.0 97.22185 49.92499 149.23601 6.0
47.0 33.0 47.0 164.22728 62.7385 126.06997 6.0
47.0 34.0 34.0 127.85559 111.17798 129.61698 1084.0
47.0 34.0 47.0 164.22728 62.7385 126.06997 1084.0
47.0 35.0 35.0 147.82071 121.13148 95.6582 295.0
47.0 35.0 47.0 164.22728 62.7385 126.06997 295.0
47.0 37.0 37.0 80.22896 11.07407 113.8411 1.0
47.0 37.0 47.0 164.22728 62.7385 126.06997 1.0
47.0 38.0 38.0 88.75323 68.43044 152.61818 3.0
47.0 38.0 47.0 164.22728 62.7385 126.06997 3.0
47.0 47.0 47.0 164.22728 62.7385 126.06997 7408.0
47.0 47.0 47.0 164.22728 62.7385 126.06997 7408.0
