TargetArea SourceArea Area AvgPosX AvgPosY AvgPosZ SumWeights
0.0 0.0 0.0 55.11965 48.91076 141.98884 3774.0
0.0 0.0 0.0 55.11965 48.91076 141.98884 3774.0
0.0 2.0 2.0 27.32598 25.40241 87.69252 9.0
0.0 2.0 0.0 55.11965 48.91076 141.98884 9.0
0.0 4.0 4.0 72.10333 108.39103 139.67872 14.0
0.0 4.0 0.0 55.11965 48.91076 141.98884 14.0
0.0 5.0 5.0 36.12388 130.02089 82.22979 1.0
0.0 5.0 0.0 55.11965 48.91076 141.98884 1.0
0.0 8.0 8.0 108.17153 85.97393 38.67113 1.0
0.0 8.0 0.0 55.11965 48.91076 141.98884 1.0
0.0 16.0 16.0 37.1072 39.05821 124.68067 1354.0
0.0 16.0 0.0 55.11965 48.91076 141.98884 1354.0
0.0 22.0 22.0 25.09526 80.0028 119.46494 579.0
0.0 22.0 0.0 55.11965 48.91076 141.98884 579.0
0.0 24.0 24.0 107.89146 87.24386 149.14284 14.0
0.0 24.0 0.0 55.11965 48.91076 141.98884 14.0
0.0 27.0 27.0 18.74004 45.32248 103.7457 33.0
0.0 27.0 0.0 55.11965 48.91076 141.98884 33.0
0.0 28.0 28.0 84.33176 38.95416 143.15361 1090.0
0.0 28.0 0.0 55.11965 48.91076 141.98884 1090.0
0.0 29.0 29.0 122.63059 20.57788 121.19841 1.0
0.0 29.0 0.0 55.11965 48.91076 141.98884 1.0
0.0 33.0 33.0 97.19171 49.9414 149.24179 260.0
0.0 33.0 0.0 55.11965 48.91076 141.98884 260.0
0.0 36.0 36.0 51.17968 19.48469 119.68231 473.0
0.0 36.0 0.0 55.11965 48.91076 141.98884 473.0
0.0 37.0 37.0 80.22828 11.07429 113.8436 76.0
0.0 37.0 0.0 55.11965 48.91076 141.98884 76.0
0.0 38.0 38.0 88.72613 68.42991 152.61674 386.0
0.0 38.0 0.0 55.11965 48.91076 141.98884 386.0
0.0 41.0 41.0 59.8321 126.05919 122.48956 1.0
0.0 41.0 0.0 55.11965 48.91076 141.98884 1.0
0.0 42.0 42.0 56.58697 85.19842 144.9466 904.0
0.0 42.0 0.0 55.11965 48.91076 141.98884 904.0
0.0 44.0 44.0 70.21456 22.72345 131.33574 590.0
0.0 44.0 0.0 55.11965 48.91076 141.98884 590.0
1.0 1.0 1.0 66.23707 89.23918 7.47615 10880.0
1.0 1.0 1.0 66.23707 89.23918 7.47615 10880.0
1.0 5.0 5.0 36.12388 130.02089 82.22979 17.0
1.0 5.0 1.0 66.23707 89.23918 7.47615 17.0
1.0 8.0 8.0 108.17153 85.97393 38.67113 1646.0
1.0 8.0 1.0 66.23707 89.23918 7.47615 1646.0
1.0 11.0 11.0 48.53712 14.12188 56.47484 17.0
1.0 11.0 1.0 66.23707 89.23918 7.47615 17.0
1.0 13.0 13.0 21.81602 31.13097 56.40409 2.0
1.0 13.0 1.0 66.23707 89.23918 7.47615 2.0
1.0 14.0 14.0 128.28297 116.05915 40.27368 51.0
1.0 14.0 1.0 66.23707 89.23918 7.47615 51.0
1.0 19.0 19.0 66.38737 15.83239 45.32286 23.0
1.0 19.0 1.0 66.23707 89.23918 7.47615 23.0
1.0 20.0 20.0 85.01412 53.72616 22.23677 2144.0
1.0 20.0 1.0 66.23707 89.23918 7.47615 2144.0
1.0 21.0 21.0 28.24677 78.14714 19.32719 1470.0
1.0 21.0 1.0 66.23707 89.23918 7.47615 1470.0
1.0 30.0 30.0 88.32461 139.93145 62.6782 329.0
1.0 30.0 1.0 66.23707 89.23918 7.47615 329.0
1.0 31.0 31.0 121.58702 38.98351 36.06668 4.0
1.0 31.0 1.0 66.23707 89.23918 7.47615 4.0
1.0 39.0 39.0 21.80281 50.12629 32.81418 252.0
1.0 39.0 1.0 66.23707 89.23918 7.47615 252.0
1.0 40.0 40.0 83.25816 23.54375 42.39077 16.0
1.0 40.0 1.0 66.23707 89.23918 7.47615 16.0
1.0 45.0 45.0 35.10399 116.3621 28.57169 1831.0
1.0 45.0 1.0 66.23707 89.23918 7.47615 1831.0
1.0 46.0 46.0 114.49757 130.24261 52.71913 144.0
1.0 46.0 1.0 66.23707 89.23918 7.47615 144.0
2.0 0.0 0.0 55.11965 48.91076 141.98884 10.0
2.0 0.0 2.0 27.32598 25.40241 87.69252 10.0
2.0 2.0 2.0 27.32598 25.40241 87.69252 6547.0
2.0 2.0 2.0 27.32598 25.40241 87.69252 6547.0
2.0 3.0 3.0 83.11529 3.82806 88.03404 286.0
2.0 3.0 2.0 27.32598 25.40241 87.69252 286.0
2.0 6.0 6.0 5.4765 84.77398 74.4382 473.0
2.0 6.0 2.0 27.32598 25.40241 87.69252 473.0
2.0 11.0 11.0 48.53712 14.12188 56.47484 1300.0
2.0 11.0 2.0 27.32598 25.40241 87.69252 1300.0
2.0 13.0 13.0 21.81602 31.13097 56.40409 1329.0
2.0 13.0 2.0 27.32598 25.40241 87.69252 1329.0
2.0 16.0 16.0 37.1072 39.05821 124.68067 720.0
2.0 16.0 2.0 27.32598 25.40241 87.69252 720.0
2.0 19.0 19.0 66.38737 15.83239 45.32286 11.0
2.0 19.0 2.0 27.32598 25.40241 87.69252 11.0
2.0 20.0 20.0 85.01412 53.72616 22.23677 1.0
2.0 20.0 2.0 27.32598 25.40241 87.69252 1.0
2.0 21.0 21.0 28.24677 78.14714 19.32719 1.0
2.0 21.0 2.0 27.32598 25.40241 87.69252 1.0
2.0 22.0 22.0 25.09526 80.0028 119.46494 79.0
2.0 22.0 2.0 27.32598 25.40241 87.69252 79.0
2.0 27.0 27.0 18.74004 45.32248 103.7457 1587.0
2.0 27.0 2.0 27.32598 25.40241 87.69252 1587.0
2.0 28.0 28.0 84.33176 38.95416 143.15361 1.0
2.0 28.0 2.0 27.32598 25.40241 87.69252 1.0
2.0 36.0 36.0 51.17968 19.48469 119.68231 518.0
2.0 36.0 2.0 27.32598 25.40241 87.69252 518.0
2.0 37.0 37.0 80.22828 11.07429 113.8436 444.0
2.0 37.0 2.0 27.32598 25.40241 87.69252 444.0
2.0 39.0 39.0 21.80281 50.12629 32.81418 161.0
2.0 39.0 2.0 27.32598 25.40241 87.69252 161.0
2.0 44.0 44.0 70.21456 22.72345 131.33574 21.0
2.0 44.0 2.0 27.32598 25.40241 87.69252 21.0
3.0 2.0 2.0 27.32598 25.40241 87.69252 272.0
3.0 2.0 3.0 83.11529 3.82806 88.03404 272.0
3.0 3.0 3.0 83.11529 3.82806 88.03404 6946.0
3.0 3.0 3.0 83.11529 3.82806 88.03404 6946.0
3.0 7.0 7.0 121.68022 13.45044 56.91858 225.0
3.0 7.0 3.0 83.11529 3.82806 88.03404 225.0
3.0 10.0 10.0 97.05164 3.92005 61.09837 1555.0
3.0 10.0 3.0 83.11529 3.82806 88.03404 1555.0
3.0 11.0 11.0 48.53712 14.12188 56.47484 1099.0
3.0 11.0 3.0 83.11529 3.82806 88.03404 1099.0
3.0 13.0 13.0 21.81602 31.13097 56.40409 3.0
3.0 13.0 3.0 83.11529 3.82806 88.03404 3.0
3.0 15.0 15.0 145.14859 26.60803 64.65527 14.0
3.0 15.0 3.0 83.11529 3.82806 88.03404 14.0
3.0 16.0 16.0 37.1072 39.05821 124.68067 16.0
3.0 16.0 3.0 83.11529 3.82806 88.03404 16.0
3.0 17.0 17.0 122.83134 11.0073 94.53629 1120.0
3.0 17.0 3.0 83.11529 3.82806 88.03404 1120.0
3.0 18.0 18.0 159.20736 24.83864 93.90507 1.0
3.0 18.0 3.0 83.11529 3.82806 88.03404 1.0
3.0 19.0 19.0 66.38737 15.83239 45.32286 420.0
3.0 19.0 3.0 83.11529 3.82806 88.03404 420.0
3.0 27.0 27.0 18.74004 45.32248 103.7457 2.0
3.0 27.0 3.0 83.11529 3.82806 88.03404 2.0
3.0 28.0 28.0 84.33176 38.95416 143.15361 6.0
3.0 28.0 3.0 83.11529 3.82806 88.03404 6.0
3.0 29.0 29.0 122.63059 20.57788 121.19841 223.0
3.0 29.0 3.0 83.11529 3.82806 88.03404 223.0
3.0 31.0 31.0 121.58702 38.98351 36.06668 2.0
3.0 31.0 3.0 83.11529 3.82806 88.03404 2.0
3.0 33.0 33.0 97.19171 49.9414 149.24179 1.0
3.0 33.0 3.0 83.11529 3.82806 88.03404 1.0
3.0 36.0 36.0 51.17968 19.48469 119.68231 143.0
3.0 36.0 3.0 83.11529 3.82806 88.03404 143.0
3.0 37.0 37.0 80.22828 11.07429 113.8436 2503.0
3.0 37.0 3.0 83.11529 3.82806 88.03404 2503.0
3.0 40.0 40.0 83.25816 23.54375 42.39077 140.0
3.0 40.0 3.0 83.11529 3.82806 88.03404 140.0
3.0 44.0 44.0 70.21456 22.72345 131.33574 52.0
3.0 44.0 3.0 83.11529 3.82806 88.03404 52.0
4.0 0.0 0.0 55.11965 48.91076 141.98884 13.0
4.0 0.0 4.0 72.10333 108.39103 139.67872 13.0
4.0 4.0 4.0 72.10333 108.39103 139.67872 6481.0
4.0 4.0 4.0 72.10333 108.39103 139.67872 6481.0
4.0 5.0 5.0 36.12388 130.02089 82.22979 89.0
4.0 5.0 4.0 72.10333 108.39103 139.67872 89.0
4.0 6.0 6.0 5.4765 84.77398 74.4382 2.0
4.0 6.0 4.0 72.10333 108.39103 139.67872 2.0
4.0 9.0 9.0 78.60221 139.93127 102.60268 265.0
4.0 9.0 4.0 72.10333 108.39103 139.67872 265.0
4.0 16.0 16.0 37.1072 39.05821 124.68067 1.0
4.0 16.0 4.0 72.10333 108.39103 139.67872 1.0
4.0 22.0 22.0 25.09526 80.0028 119.46494 441.0
4.0 22.0 4.0 72.10333 108.39103 139.67872 441.0
4.0 24.0 24.0 107.89146 87.24386 149.14284 1467.0
4.0 24.0 4.0 72.10333 108.39103 139.67872 1467.0
4.0 28.0 28.0 84.33176 38.95416 143.15361 5.0
4.0 28.0 4.0 72.10333 108.39103 139.67872 5.0
4.0 33.0 33.0 97.19171 49.9414 149.24179 8.0
4.0 33.0 4.0 72.10333 108.39103 139.67872 8.0
4.0 34.0 34.0 127.83583 111.20765 129.60068 813.0
4.0 34.0 4.0 72.10333 108.39103 139.67872 813.0
4.0 37.0 37.0 80.22828 11.07429 113.8436 1.0
4.0 37.0 4.0 72.10333 108.39103 139.67872 1.0
4.0 38.0 38.0 88.72613 68.42991 152.61674 224.0
4.0 38.0 4.0 72.10333 108.39103 139.67872 224.0
4.0 41.0 41.0 59.8321 126.05919 122.48956 2676.0
4.0 41.0 4.0 72.10333 108.39103 139.67872 2676.0
4.0 42.0 42.0 56.58697 85.19842 144.9466 2065.0
4.0 42.0 4.0 72.10333 108.39103 139.67872 2065.0
4.0 43.0 43.0 101.75906 137.7124 99.16448 70.0
4.0 43.0 4.0 72.10333 108.39103 139.67872 70.0
4.0 45.0 45.0 35.10399 116.3621 28.57169 1.0
4.0 45.0 4.0 72.10333 108.39103 139.67872 1.0
5.0 1.0 1.0 66.23707 89.23918 7.47615 12.0
5.0 1.0 5.0 36.12388 130.02089 82.22979 12.0
5.0 4.0 4.0 72.10333 108.39103 139.67872 102.0
5.0 4.0 5.0 36.12388 130.02089 82.22979 102.0
5.0 5.0 5.0 36.12388 130.02089 82.22979 21179.0
5.0 5.0 5.0 36.12388 130.02089 82.22979 21179.0
5.0 6.0 6.0 5.4765 84.77398 74.4382 1946.0
5.0 6.0 5.0 36.12388 130.02089 82.22979 1946.0
5.0 8.0 8.0 108.17153 85.97393 38.67113 1.0
5.0 8.0 5.0 36.12388 130.02089 82.22979 1.0
5.0 9.0 9.0 78.60221 139.93127 102.60268 1372.0
5.0 9.0 5.0 36.12388 130.02089 82.22979 1372.0
5.0 21.0 21.0 28.24677 78.14714 19.32719 17.0
5.0 21.0 5.0 36.12388 130.02089 82.22979 17.0
5.0 22.0 22.0 25.09526 80.0028 119.46494 1182.0
5.0 22.0 5.0 36.12388 130.02089 82.22979 1182.0
5.0 30.0 30.0 88.32461 139.93145 62.6782 1677.0
5.0 30.0 5.0 36.12388 130.02089 82.22979 1677.0
5.0 34.0 34.0 127.83583 111.20765 129.60068 1.0
5.0 34.0 5.0 36.12388 130.02089 82.22979 1.0
5.0 41.0 41.0 59.8321 126.05919 122.48956 2195.0
5.0 41.0 5.0 36.12388 130.02089 82.22979 2195.0
5.0 42.0 42.0 56.58697 85.19842 144.9466 35.0
5.0 42.0 5.0 36.12388 130.02089 82.22979 35.0
5.0 43.0 43.0 101.75906 137.7124 99.16448 77.0
5.0 43.0 5.0 36.12388 130.02089 82.22979 77.0
5.0 45.0 45.0 35.10399 116.3621 28.57169 1933.0
5.0 45.0 5.0 36.12388 130.02089 82.22979 1933.0
5.0 46.0 46.0 114.49757 130.24261 52.71913 7.0
5.0 46.0 5.0 36.12388 130.02089 82.22979 7.0
6.0 0.0 0.0 55.11965 48.91076 141.98884 1.0
6.0 0.0 6.0 5.4765 84.77398 74.4382 1.0
6.0 2.0 2.0 27.32598 25.40241 87.69252 512.0
6.0 2.0 6.0 5.4765 84.77398 74.4382 512.0
6.0 4.0 4.0 72.10333 108.39103 139.67872 2.0
6.0 4.0 6.0 5.4765 84.77398 74.4382 2.0
6.0 5.0 5.0 36.12388 130.02089 82.22979 1969.0
6.0 5.0 6.0 5.4765 84.77398 74.4382 1969.0
6.0 6.0 6.0 5.4765 84.77398 74.4382 15340.0
6.0 6.0 6.0 5.4765 84.77398 74.4382 15340.0
6.0 8.0 8.0 108.17153 85.97393 38.67113 1.0
6.0 8.0 6.0 5.4765 84.77398 74.4382 1.0
6.0 13.0 13.0 21.81602 31.13097 56.40409 419.0
6.0 13.0 6.0 5.4765 84.77398 74.4382 419.0
6.0 16.0 16.0 37.1072 39.05821 124.68067 8.0
6.0 16.0 6.0 5.4765 84.77398 74.4382 8.0
6.0 21.0 21.0 28.24677 78.14714 19.32719 660.0
6.0 21.0 6.0 5.4765 84.77398 74.4382 660.0
6.0 22.0 22.0 25.09526 80.0028 119.46494 1994.0
6.0 22.0 6.0 5.4765 84.77398 74.4382 1994.0
6.0 27.0 27.0 18.74004 45.32248 103.7457 836.0
6.0 27.0 6.0 5.4765 84.77398 74.4382 836.0
6.0 39.0 39.0 21.80281 50.12629 32.81418 1299.0
6.0 39.0 6.0 5.4765 84.77398 74.4382 1299.0
6.0 41.0 41.0 59.8321 126.05919 122.48956 19.0
6.0 41.0 6.0 5.4765 84.77398 74.4382 19.0
6.0 45.0 45.0 35.10399 116.3621 28.57169 959.0
6.0 45.0 6.0 5.4765 84.77398 74.4382 959.0
7.0 3.0 3.0 83.11529 3.82806 88.03404 218.0
7.0 3.0 7.0 121.68022 13.45044 56.91858 218.0
7.0 7.0 7.0 121.68022 13.45044 56.91858 3993.0
7.0 7.0 7.0 121.68022 13.45044 56.91858 3993.0
7.0 8.0 8.0 108.17153 85.97393 38.67113 4.0
7.0 8.0 7.0 121.68022 13.45044 56.91858 4.0
7.0 10.0 10.0 97.05164 3.92005 61.09837 1410.0
7.0 10.0 7.0 121.68022 13.45044 56.91858 1410.0
7.0 11.0 11.0 48.53712 14.12188 56.47484 1.0
7.0 11.0 7.0 121.68022 13.45044 56.91858 1.0
7.0 15.0 15.0 145.14859 26.60803 64.65527 1443.0
7.0 15.0 7.0 121.68022 13.45044 56.91858 1443.0
7.0 17.0 17.0 122.83134 11.0073 94.53629 795.0
7.0 17.0 7.0 121.68022 13.45044 56.91858 795.0
7.0 18.0 18.0 159.20736 24.83864 93.90507 35.0
7.0 18.0 7.0 121.68022 13.45044 56.91858 35.0
7.0 19.0 19.0 66.38737 15.83239 45.32286 17.0
7.0 19.0 7.0 121.68022 13.45044 56.91858 17.0
7.0 20.0 20.0 85.01412 53.72616 22.23677 26.0
7.0 20.0 7.0 121.68022 13.45044 56.91858 26.0
7.0 23.0 23.0 173.48834 43.5029 77.09186 13.0
7.0 23.0 7.0 121.68022 13.45044 56.91858 13.0
7.0 29.0 29.0 122.63059 20.57788 121.19841 14.0
7.0 29.0 7.0 121.68022 13.45044 56.91858 14.0
7.0 31.0 31.0 121.58702 38.98351 36.06668 1549.0
7.0 31.0 7.0 121.68022 13.45044 56.91858 1549.0
7.0 32.0 32.0 157.00626 89.15166 58.0123 1.0
7.0 32.0 7.0 121.68022 13.45044 56.91858 1.0
7.0 37.0 37.0 80.22828 11.07429 113.8436 4.0
7.0 37.0 7.0 121.68022 13.45044 56.91858 4.0
7.0 40.0 40.0 83.25816 23.54375 42.39077 301.0
7.0 40.0 7.0 121.68022 13.45044 56.91858 301.0
8.0 1.0 1.0 66.23707 89.23918 7.47615 1444.0
8.0 1.0 8.0 108.17153 85.97393 38.67113 1444.0
8.0 3.0 3.0 83.11529 3.82806 88.03404 1.0
8.0 3.0 8.0 108.17153 85.97393 38.67113 1.0
8.0 4.0 4.0 72.10333 108.39103 139.67872 1.0
8.0 4.0 8.0 108.17153 85.97393 38.67113 1.0
8.0 5.0 5.0 36.12388 130.02089 82.22979 8.0
8.0 5.0 8.0 108.17153 85.97393 38.67113 8.0
8.0 7.0 7.0 121.68022 13.45044 56.91858 5.0
8.0 7.0 8.0 108.17153 85.97393 38.67113 5.0
8.0 8.0 8.0 108.17153 85.97393 38.67113 27749.0
8.0 8.0 8.0 108.17153 85.97393 38.67113 27749.0
8.0 12.0 12.0 179.8197 86.32008 84.76799 4.0
8.0 12.0 8.0 108.17153 85.97393 38.67113 4.0
8.0 13.0 13.0 21.81602 31.13097 56.40409 1.0
8.0 13.0 8.0 108.17153 85.97393 38.67113 1.0
8.0 14.0 14.0 128.28297 116.05915 40.27368 2570.0
8.0 14.0 8.0 108.17153 85.97393 38.67113 2570.0
8.0 15.0 15.0 145.14859 26.60803 64.65527 46.0
8.0 15.0 8.0 108.17153 85.97393 38.67113 46.0
8.0 20.0 20.0 85.01412 53.72616 22.23677 2927.0
8.0 20.0 8.0 108.17153 85.97393 38.67113 2927.0
8.0 23.0 23.0 173.48834 43.5029 77.09186 9.0
8.0 23.0 8.0 108.17153 85.97393 38.67113 9.0
8.0 24.0 24.0 107.89146 87.24386 149.14284 1.0
8.0 24.0 8.0 108.17153 85.97393 38.67113 1.0
8.0 30.0 30.0 88.32461 139.93145 62.6782 567.0
8.0 30.0 8.0 108.17153 85.97393 38.67113 567.0
8.0 31.0 31.0 121.58702 38.98351 36.06668 1720.0
8.0 31.0 8.0 108.17153 85.97393 38.67113 1720.0
8.0 32.0 32.0 157.00626 89.15166 58.0123 1375.0
8.0 32.0 8.0 108.17153 85.97393 38.67113 1375.0
8.0 35.0 35.0 147.80391 121.14192 95.65105 2.0
8.0 35.0 8.0 108.17153 85.97393 38.67113 2.0
8.0 40.0 40.0 83.25816 23.54375 42.39077 21.0
8.0 40.0 8.0 108.17153 85.97393 38.67113 21.0
8.0 41.0 41.0 59.8321 126.05919 122.48956 1.0
8.0 41.0 8.0 108.17153 85.97393 38.67113 1.0
8.0 45.0 45.0 35.10399 116.3621 28.57169 81.0
8.0 45.0 8.0 108.17153 85.97393 38.67113 81.0
8.0 46.0 46.0 114.49757 130.24261 52.71913 1091.0
8.0 46.0 8.0 108.17153 85.97393 38.67113 1091.0
9.0 4.0 4.0 72.10333 108.39103 139.67872 299.0
9.0 4.0 9.0 78.60221 139.93127 102.60268 299.0
9.0 5.0 5.0 36.12388 130.02089 82.22979 1305.0
9.0 5.0 9.0 78.60221 139.93127 102.60268 1305.0
9.0 9.0 9.0 78.60221 139.93127 102.60268 4765.0
9.0 9.0 9.0 78.60221 139.93127 102.60268 4765.0
9.0 12.0 12.0 179.8197 86.32008 84.76799 1.0
9.0 12.0 9.0 78.60221 139.93127 102.60268 1.0
9.0 22.0 22.0 25.09526 80.0028 119.46494 1.0
9.0 22.0 9.0 78.60221 139.93127 102.60268 1.0
9.0 24.0 24.0 107.89146 87.24386 149.14284 29.0
9.0 24.0 9.0 78.60221 139.93127 102.60268 29.0
9.0 30.0 30.0 88.32461 139.93145 62.6782 1176.0
9.0 30.0 9.0 78.60221 139.93127 102.60268 1176.0
9.0 34.0 34.0 127.83583 111.20765 129.60068 586.0
9.0 34.0 9.0 78.60221 139.93127 102.60268 586.0
9.0 35.0 35.0 147.80391 121.14192 95.65105 22.0
9.0 35.0 9.0 78.60221 139.93127 102.60268 22.0
9.0 41.0 41.0 59.8321 126.05919 122.48956 2075.0
9.0 41.0 9.0 78.60221 139.93127 102.60268 2075.0
9.0 43.0 43.0 101.75906 137.7124 99.16448 1980.0
9.0 43.0 9.0 78.60221 139.93127 102.60268 1980.0
9.0 45.0 45.0 35.10399 116.3621 28.57169 1.0
9.0 45.0 9.0 78.60221 139.93127 102.60268 1.0
9.0 46.0 46.0 114.49757 130.24261 52.71913 2.0
9.0 46.0 9.0 78.60221 139.93127 102.60268 2.0
10.0 2.0 2.0 27.32598 25.40241 87.69252 2.0
10.0 2.0 10.0 97.05164 3.92005 61.09837 2.0
10.0 3.0 3.0 83.11529 3.82806 88.03404 1529.0
10.0 3.0 10.0 97.05164 3.92005 61.09837 1529.0
10.0 7.0 7.0 121.68022 13.45044 56.91858 1416.0
10.0 7.0 10.0 97.05164 3.92005 61.09837 1416.0
10.0 8.0 8.0 108.17153 85.97393 38.67113 1.0
10.0 8.0 10.0 97.05164 3.92005 61.09837 1.0
10.0 10.0 10.0 97.05164 3.92005 61.09837 4118.0
10.0 10.0 10.0 97.05164 3.92005 61.09837 4118.0
10.0 11.0 11.0 48.53712 14.12188 56.47484 178.0
10.0 11.0 10.0 97.05164 3.92005 61.09837 178.0
10.0 15.0 15.0 145.14859 26.60803 64.65527 66.0
10.0 15.0 10.0 97.05164 3.92005 61.09837 66.0
10.0 17.0 17.0 122.83134 11.0073 94.53629 450.0
10.0 17.0 10.0 97.05164 3.92005 61.09837 450.0
10.0 18.0 18.0 159.20736 24.83864 93.90507 1.0
10.0 18.0 10.0 97.05164 3.92005 61.09837 1.0
10.0 19.0 19.0 66.38737 15.83239 45.32286 588.0
10.0 19.0 10.0 97.05164 3.92005 61.09837 588.0
10.0 20.0 20.0 85.01412 53.72616 22.23677 35.0
10.0 20.0 10.0 97.05164 3.92005 61.09837 35.0
10.0 29.0 29.0 122.63059 20.57788 121.19841 7.0
10.0 29.0 10.0 97.05164 3.92005 61.09837 7.0
10.0 31.0 31.0 121.58702 38.98351 36.06668 386.0
10.0 31.0 10.0 97.05164 3.92005 61.09837 386.0
10.0 37.0 37.0 80.22828 11.07429 113.8436 53.0
10.0 37.0 10.0 97.05164 3.92005 61.09837 53.0
10.0 40.0 40.0 83.25816 23.54375 42.39077 1149.0
10.0 40.0 10.0 97.05164 3.92005 61.09837 1149.0
11.0 1.0 1.0 66.23707 89.23918 7.47615 17.0
11.0 1.0 11.0 48.53712 14.12188 56.47484 17.0
11.0 2.0 2.0 27.32598 25.40241 87.69252 1314.0
11.0 2.0 11.0 48.53712 14.12188 56.47484 1314.0
11.0 3.0 3.0 83.11529 3.82806 88.03404 1117.0
11.0 3.0 11.0 48.53712 14.12188 56.47484 1117.0
11.0 7.0 7.0 121.68022 13.45044 56.91858 1.0
11.0 7.0 11.0 48.53712 14.12188 56.47484 1.0
11.0 8.0 8.0 108.17153 85.97393 38.67113 1.0
11.0 8.0 11.0 48.53712 14.12188 56.47484 1.0
11.0 10.0 10.0 97.05164 3.92005 61.09837 184.0
11.0 10.0 11.0 48.53712 14.12188 56.47484 184.0
11.0 11.0 11.0 48.53712 14.12188 56.47484 8043.0
11.0 11.0 11.0 48.53712 14.12188 56.47484 8043.0
11.0 13.0 13.0 21.81602 31.13097 56.40409 1453.0
11.0 13.0 11.0 48.53712 14.12188 56.47484 1453.0
11.0 16.0 16.0 37.1072 39.05821 124.68067 13.0
11.0 16.0 11.0 48.53712 14.12188 56.47484 13.0
11.0 19.0 19.0 66.38737 15.83239 45.32286 2011.0
11.0 19.0 11.0 48.53712 14.12188 56.47484 2011.0
11.0 20.0 20.0 85.01412 53.72616 22.23677 253.0
11.0 20.0 11.0 48.53712 14.12188 56.47484 253.0
11.0 21.0 21.0 28.24677 78.14714 19.32719 30.0
11.0 21.0 11.0 48.53712 14.12188 56.47484 30.0
11.0 27.0 27.0 18.74004 45.32248 103.7457 12.0
11.0 27.0 11.0 48.53712 14.12188 56.47484 12.0
11.0 31.0 31.0 121.58702 38.98351 36.06668 3.0
11.0 31.0 11.0 48.53712 14.12188 56.47484 3.0
11.0 36.0 36.0 51.17968 19.48469 119.68231 75.0
11.0 36.0 11.0 48.53712 14.12188 56.47484 75.0
11.0 37.0 37.0 80.22828 11.07429 113.8436 231.0
11.0 37.0 11.0 48.53712 14.12188 56.47484 231.0
11.0 39.0 39.0 21.80281 50.12629 32.81418 878.0
11.0 39.0 11.0 48.53712 14.12188 56.47484 878.0
11.0 40.0 40.0 83.25816 23.54375 42.39077 507.0
11.0 40.0 11.0 48.53712 14.12188 56.47484 507.0
11.0 44.0 44.0 70.21456 22.72345 131.33574 3.0
11.0 44.0 11.0 48.53712 14.12188 56.47484 3.0
12.0 8.0 8.0 108.17153 85.97393 38.67113 2.0
12.0 8.0 12.0 179.8197 86.32008 84.76799 2.0
12.0 12.0 12.0 179.8197 86.32008 84.76799 5817.0
12.0 12.0 12.0 179.8197 86.32008 84.76799 5817.0
12.0 14.0 14.0 128.28297 116.05915 40.27368 6.0
12.0 14.0 12.0 179.8197 86.32008 84.76799 6.0
12.0 15.0 15.0 145.14859 26.60803 64.65527 33.0
12.0 15.0 12.0 179.8197 86.32008 84.76799 33.0
12.0 18.0 18.0 159.20736 24.83864 93.90507 18.0
12.0 18.0 12.0 179.8197 86.32008 84.76799 18.0
12.0 23.0 23.0 173.48834 43.5029 77.09186 561.0
12.0 23.0 12.0 179.8197 86.32008 84.76799 561.0
12.0 24.0 24.0 107.89146 87.24386 149.14284 1.0
12.0 24.0 12.0 179.8197 86.32008 84.76799 1.0
12.0 25.0 25.0 182.83975 64.0179 100.33004 1157.0
12.0 25.0 12.0 179.8197 86.32008 84.76799 1157.0
12.0 31.0 31.0 121.58702 38.98351 36.06668 9.0
12.0 31.0 12.0 179.8197 86.32008 84.76799 9.0
12.0 32.0 32.0 157.00626 89.15166 58.0123 1755.0
12.0 32.0 12.0 179.8197 86.32008 84.76799 1755.0
12.0 34.0 34.0 127.83583 111.20765 129.60068 85.0
12.0 34.0 12.0 179.8197 86.32008 84.76799 85.0
12.0 35.0 35.0 147.80391 121.14192 95.65105 1202.0
12.0 35.0 12.0 179.8197 86.32008 84.76799 1202.0
12.0 46.0 46.0 114.49757 130.24261 52.71913 3.0
12.0 46.0 12.0 179.8197 86.32008 84.76799 3.0
12.0 47.0 47.0 164.21928 62.74679 126.08456 427.0
12.0 47.0 12.0 179.8197 86.32008 84.76799 427.0
13.0 2.0 2.0 27.32598 25.40241 87.69252 1349.0
13.0 2.0 13.0 21.81602 31.13097 56.40409 1349.0
13.0 3.0 3.0 83.11529 3.82806 88.03404 9.0
13.0 3.0 13.0 21.81602 31.13097 56.40409 9.0
13.0 6.0 6.0 5.4765 84.77398 74.4382 417.0
13.0 6.0 13.0 21.81602 31.13097 56.40409 417.0
13.0 11.0 11.0 48.53712 14.12188 56.47484 1540.0
13.0 11.0 13.0 21.81602 31.13097 56.40409 1540.0
13.0 13.0 13.0 21.81602 31.13097 56.40409 3743.0
13.0 13.0 13.0 21.81602 31.13097 56.40409 3743.0
13.0 16.0 16.0 37.1072 39.05821 124.68067 1.0
13.0 16.0 13.0 21.81602 31.13097 56.40409 1.0
13.0 19.0 19.0 66.38737 15.83239 45.32286 84.0
13.0 19.0 13.0 21.81602 31.13097 56.40409 84.0
13.0 20.0 20.0 85.01412 53.72616 22.23677 8.0
13.0 20.0 13.0 21.81602 31.13097 56.40409 8.0
13.0 21.0 21.0 28.24677 78.14714 19.32719 7.0
13.0 21.0 13.0 21.81602 31.13097 56.40409 7.0
13.0 22.0 22.0 25.09526 80.0028 119.46494 4.0
13.0 22.0 13.0 21.81602 31.13097 56.40409 4.0
13.0 27.0 27.0 18.74004 45.32248 103.7457 99.0
13.0 27.0 13.0 21.81602 31.13097 56.40409 99.0
13.0 36.0 36.0 51.17968 19.48469 119.68231 1.0
13.0 36.0 13.0 21.81602 31.13097 56.40409 1.0
13.0 37.0 37.0 80.22828 11.07429 113.8436 1.0
13.0 37.0 13.0 21.81602 31.13097 56.40409 1.0
13.0 39.0 39.0 21.80281 50.12629 32.81418 1722.0
13.0 39.0 13.0 21.81602 31.13097 56.40409 1722.0
13.0 40.0 40.0 83.25816 23.54375 42.39077 4.0
13.0 40.0 13.0 21.81602 31.13097 56.40409 4.0
14.0 1.0 1.0 66.23707 89.23918 7.47615 50.0
14.0 1.0 14.0 128.28297 116.05915 40.27368 50.0
14.0 8.0 8.0 108.17153 85.97393 38.67113 2605.0
14.0 8.0 14.0 128.28297 116.05915 40.27368 2605.0
14.0 12.0 12.0 179.8197 86.32008 84.76799 11.0
14.0 12.0 14.0 128.28297 116.05915 40.27368 11.0
14.0 14.0 14.0 128.28297 116.05915 40.27368 7070.0
14.0 14.0 14.0 128.28297 116.05915 40.27368 7070.0
14.0 20.0 20.0 85.01412 53.72616 22.23677 11.0
14.0 20.0 14.0 128.28297 116.05915 40.27368 11.0
14.0 30.0 30.0 88.32461 139.93145 62.6782 231.0
14.0 30.0 14.0 128.28297 116.05915 40.27368 231.0
14.0 31.0 31.0 121.58702 38.98351 36.06668 6.0
14.0 31.0 14.0 128.28297 116.05915 40.27368 6.0
14.0 32.0 32.0 157.00626 89.15166 58.0123 1328.0
14.0 32.0 14.0 128.28297 116.05915 40.27368 1328.0
14.0 35.0 35.0 147.80391 121.14192 95.65105 315.0
14.0 35.0 14.0 128.28297 116.05915 40.27368 315.0
14.0 43.0 43.0 101.75906 137.7124 99.16448 1.0
14.0 43.0 14.0 128.28297 116.05915 40.27368 1.0
14.0 45.0 45.0 35.10399 116.3621 28.57169 1.0
14.0 45.0 14.0 128.28297 116.05915 40.27368 1.0
14.0 46.0 46.0 114.49757 130.24261 52.71913 2829.0
14.0 46.0 14.0 128.28297 116.05915 40.27368 2829.0
15.0 3.0 3.0 83.11529 3.82806 88.03404 25.0
15.0 3.0 15.0 145.14859 26.60803 64.65527 25.0
15.0 7.0 7.0 121.68022 13.45044 56.91858 1514.0
15.0 7.0 15.0 145.14859 26.60803 64.65527 1514.0
15.0 8.0 8.0 108.17153 85.97393 38.67113 73.0
15.0 8.0 15.0 145.14859 26.60803 64.65527 73.0
15.0 10.0 10.0 97.05164 3.92005 61.09837 72.0
15.0 10.0 15.0 145.14859 26.60803 64.65527 72.0
15.0 12.0 12.0 179.8197 86.32008 84.76799 30.0
15.0 12.0 15.0 145.14859 26.60803 64.65527 30.0
15.0 15.0 15.0 145.14859 26.60803 64.65527 4942.0
15.0 15.0 15.0 145.14859 26.60803 64.65527 4942.0
15.0 17.0 17.0 122.83134 11.0073 94.53629 900.0
15.0 17.0 15.0 145.14859 26.60803 64.65527 900.0
15.0 18.0 18.0 159.20736 24.83864 93.90507 1014.0
15.0 18.0 15.0 145.14859 26.60803 64.65527 1014.0
15.0 23.0 23.0 173.48834 43.5029 77.09186 743.0
15.0 23.0 15.0 145.14859 26.60803 64.65527 743.0
15.0 25.0 25.0 182.83975 64.0179 100.33004 7.0
15.0 25.0 15.0 145.14859 26.60803 64.65527 7.0
15.0 26.0 26.0 132.12816 45.09259 139.08567 6.0
15.0 26.0 15.0 145.14859 26.60803 64.65527 6.0
15.0 29.0 29.0 122.63059 20.57788 121.19841 51.0
15.0 29.0 15.0 145.14859 26.60803 64.65527 51.0
15.0 31.0 31.0 121.58702 38.98351 36.06668 1372.0
15.0 31.0 15.0 145.14859 26.60803 64.65527 1372.0
15.0 32.0 32.0 157.00626 89.15166 58.0123 325.0
15.0 32.0 15.0 145.14859 26.60803 64.65527 325.0
15.0 37.0 37.0 80.22828 11.07429 113.8436 2.0
15.0 37.0 15.0 145.14859 26.60803 64.65527 2.0
15.0 40.0 40.0 83.25816 23.54375 42.39077 3.0
15.0 40.0 15.0 145.14859 26.60803 64.65527 3.0
15.0 47.0 47.0 164.21928 62.74679 126.08456 7.0
15.0 47.0 15.0 145.14859 26.60803 64.65527 7.0
16.0 0.0 0.0 55.11965 48.91076 141.98884 1371.0
16.0 0.0 16.0 37.1072 39.05821 124.68067 1371.0
16.0 2.0 2.0 27.32598 25.40241 87.69252 732.0
16.0 2.0 16.0 37.1072 39.05821 124.68067 732.0
16.0 3.0 3.0 83.11529 3.82806 88.03404 13.0
16.0 3.0 16.0 37.1072 39.05821 124.68067 13.0
16.0 4.0 4.0 72.10333 108.39103 139.67872 2.0
16.0 4.0 16.0 37.1072 39.05821 124.68067 2.0
16.0 6.0 6.0 5.4765 84.77398 74.4382 9.0
16.0 6.0 16.0 37.1072 39.05821 124.68067 9.0
16.0 11.0 11.0 48.53712 14.12188 56.47484 23.0
16.0 11.0 16.0 37.1072 39.05821 124.68067 23.0
16.0 16.0 16.0 37.1072 39.05821 124.68067 4103.0
16.0 16.0 16.0 37.1072 39.05821 124.68067 4103.0
16.0 22.0 22.0 25.09526 80.0028 119.46494 1250.0
16.0 22.0 16.0 37.1072 39.05821 124.68067 1250.0
16.0 23.0 23.0 173.48834 43.5029 77.09186 1.0
16.0 23.0 16.0 37.1072 39.05821 124.68067 1.0
16.0 26.0 26.0 132.12816 45.09259 139.08567 1.0
16.0 26.0 16.0 37.1072 39.05821 124.68067 1.0
16.0 27.0 27.0 18.74004 45.32248 103.7457 1100.0
16.0 27.0 16.0 37.1072 39.05821 124.68067 1100.0
16.0 28.0 28.0 84.33176 38.95416 143.15361 43.0
16.0 28.0 16.0 37.1072 39.05821 124.68067 43.0
16.0 33.0 33.0 97.19171 49.9414 149.24179 2.0
16.0 33.0 16.0 37.1072 39.05821 124.68067 2.0
16.0 36.0 36.0 51.17968 19.48469 119.68231 1002.0
16.0 36.0 16.0 37.1072 39.05821 124.68067 1002.0
16.0 37.0 37.0 80.22828 11.07429 113.8436 174.0
16.0 37.0 16.0 37.1072 39.05821 124.68067 174.0
16.0 38.0 38.0 88.72613 68.42991 152.61674 16.0
16.0 38.0 16.0 37.1072 39.05821 124.68067 16.0
16.0 41.0 41.0 59.8321 126.05919 122.48956 1.0
16.0 41.0 16.0 37.1072 39.05821 124.68067 1.0
16.0 42.0 42.0 56.58697 85.19842 144.9466 180.0
16.0 42.0 16.0 37.1072 39.05821 124.68067 180.0
16.0 44.0 44.0 70.21456 22.72345 131.33574 241.0
16.0 44.0 16.0 37.1072 39.05821 124.68067 241.0
17.0 3.0 3.0 83.11529 3.82806 88.03404 1140.0
17.0 3.0 17.0 122.83134 11.0073 94.53629 1140.0
17.0 7.0 7.0 121.68022 13.45044 56.91858 819.0
17.0 7.0 17.0 122.83134 11.0073 94.53629 819.0
17.0 10.0 10.0 97.05164 3.92005 61.09837 462.0
17.0 10.0 17.0 122.83134 11.0073 94.53629 462.0
17.0 15.0 15.0 145.14859 26.60803 64.65527 942.0
17.0 15.0 17.0 122.83134 11.0073 94.53629 942.0
17.0 17.0 17.0 122.83134 11.0073 94.53629 4864.0
17.0 17.0 17.0 122.83134 11.0073 94.53629 4864.0
17.0 18.0 18.0 159.20736 24.83864 93.90507 605.0
17.0 18.0 17.0 122.83134 11.0073 94.53629 605.0
17.0 19.0 19.0 66.38737 15.83239 45.32286 2.0
17.0 19.0 17.0 122.83134 11.0073 94.53629 2.0
17.0 23.0 23.0 173.48834 43.5029 77.09186 7.0
17.0 23.0 17.0 122.83134 11.0073 94.53629 7.0
17.0 26.0 26.0 132.12816 45.09259 139.08567 87.0
17.0 26.0 17.0 122.83134 11.0073 94.53629 87.0
17.0 28.0 28.0 84.33176 38.95416 143.15361 12.0
17.0 28.0 17.0 122.83134 11.0073 94.53629 12.0
17.0 29.0 29.0 122.63059 20.57788 121.19841 1483.0
17.0 29.0 17.0 122.83134 11.0073 94.53629 1483.0
17.0 31.0 31.0 121.58702 38.98351 36.06668 8.0
17.0 31.0 17.0 122.83134 11.0073 94.53629 8.0
17.0 33.0 33.0 97.19171 49.9414 149.24179 2.0
17.0 33.0 17.0 122.83134 11.0073 94.53629 2.0
17.0 37.0 37.0 80.22828 11.07429 113.8436 491.0
17.0 37.0 17.0 122.83134 11.0073 94.53629 491.0
17.0 40.0 40.0 83.25816 23.54375 42.39077 2.0
17.0 40.0 17.0 122.83134 11.0073 94.53629 2.0
17.0 44.0 44.0 70.21456 22.72345 131.33574 3.0
17.0 44.0 17.0 122.83134 11.0073 94.53629 3.0
17.0 45.0 45.0 35.10399 116.3621 28.57169 1.0
17.0 45.0 17.0 122.83134 11.0073 94.53629 1.0
17.0 47.0 47.0 164.21928 62.74679 126.08456 21.0
17.0 47.0 17.0 122.83134 11.0073 94.53629 21.0
18.0 3.0 3.0 83.11529 3.82806 88.03404 1.0
18.0 3.0 18.0 159.20736 24.83864 93.90507 1.0
18.0 7.0 7.0 121.68022 13.45044 56.91858 32.0
18.0 7.0 18.0 159.20736 24.83864 93.90507 32.0
18.0 10.0 10.0 97.05164 3.92005 61.09837 1.0
18.0 10.0 18.0 159.20736 24.83864 93.90507 1.0
18.0 12.0 12.0 179.8197 86.32008 84.76799 8.0
18.0 12.0 18.0 159.20736 24.83864 93.90507 8.0
18.0 15.0 15.0 145.14859 26.60803 64.65527 1083.0
18.0 15.0 18.0 159.20736 24.83864 93.90507 1083.0
18.0 17.0 17.0 122.83134 11.0073 94.53629 638.0
18.0 17.0 18.0 159.20736 24.83864 93.90507 638.0
18.0 18.0 18.0 159.20736 24.83864 93.90507 3167.0
18.0 18.0 18.0 159.20736 24.83864 93.90507 3167.0
18.0 23.0 23.0 173.48834 43.5029 77.09186 949.0
18.0 23.0 18.0 159.20736 24.83864 93.90507 949.0
18.0 25.0 25.0 182.83975 64.0179 100.33004 94.0
18.0 25.0 18.0 159.20736 24.83864 93.90507 94.0
18.0 26.0 26.0 132.12816 45.09259 139.08567 224.0
18.0 26.0 18.0 159.20736 24.83864 93.90507 224.0
18.0 29.0 29.0 122.63059 20.57788 121.19841 549.0
18.0 29.0 18.0 159.20736 24.83864 93.90507 549.0
18.0 31.0 31.0 121.58702 38.98351 36.06668 12.0
18.0 31.0 18.0 159.20736 24.83864 93.90507 12.0
18.0 32.0 32.0 157.00626 89.15166 58.0123 11.0
18.0 32.0 18.0 159.20736 24.83864 93.90507 11.0
18.0 37.0 37.0 80.22828 11.07429 113.8436 2.0
18.0 37.0 18.0 159.20736 24.83864 93.90507 2.0
18.0 47.0 47.0 164.21928 62.74679 126.08456 659.0
18.0 47.0 18.0 159.20736 24.83864 93.90507 659.0
19.0 1.0 1.0 66.23707 89.23918 7.47615 22.0
19.0 1.0 19.0 66.38737 15.83239 45.32286 22.0
19.0 2.0 2.0 27.32598 25.40241 87.69252 18.0
19.0 2.0 19.0 66.38737 15.83239 45.32286 18.0
19.0 3.0 3.0 83.11529 3.82806 88.03404 436.0
19.0 3.0 19.0 66.38737 15.83239 45.32286 436.0
19.0 7.0 7.0 121.68022 13.45044 56.91858 15.0
19.0 7.0 19.0 66.38737 15.83239 45.32286 15.0
19.0 8.0 8.0 108.17153 85.97393 38.67113 1.0
19.0 8.0 19.0 66.38737 15.83239 45.32286 1.0
19.0 10.0 10.0 97.05164 3.92005 61.09837 574.0
19.0 10.0 19.0 66.38737 15.83239 45.32286 574.0
19.0 11.0 11.0 48.53712 14.12188 56.47484 1918.0
19.0 11.0 19.0 66.38737 15.83239 45.32286 1918.0
19.0 13.0 13.0 21.81602 31.13097 56.40409 65.0
19.0 13.0 19.0 66.38737 15.83239 45.32286 65.0
19.0 17.0 17.0 122.83134 11.0073 94.53629 1.0
19.0 17.0 19.0 66.38737 15.83239 45.32286 1.0
19.0 19.0 19.0 66.38737 15.83239 45.32286 2044.0
19.0 19.0 19.0 66.38737 15.83239 45.32286 2044.0
19.0 20.0 20.0 85.01412 53.72616 22.23677 555.0
19.0 20.0 19.0 66.38737 15.83239 45.32286 555.0
19.0 21.0 21.0 28.24677 78.14714 19.32719 17.0
19.0 21.0 19.0 66.38737 15.83239 45.32286 17.0
19.0 31.0 31.0 121.58702 38.98351 36.06668 27.0
19.0 31.0 19.0 66.38737 15.83239 45.32286 27.0
19.0 37.0 37.0 80.22828 11.07429 113.8436 14.0
19.0 37.0 19.0 66.38737 15.83239 45.32286 14.0
19.0 39.0 39.0 21.80281 50.12629 32.81418 199.0
19.0 39.0 19.0 66.38737 15.83239 45.32286 199.0
19.0 40.0 40.0 83.25816 23.54375 42.39077 1535.0
19.0 40.0 19.0 66.38737 15.83239 45.32286 1535.0
20.0 1.0 1.0 66.23707 89.23918 7.47615 2009.0
20.0 1.0 20.0 85.01412 53.72616 22.23677 2009.0
20.0 7.0 7.0 121.68022 13.45044 56.91858 16.0
20.0 7.0 20.0 85.01412 53.72616 22.23677 16.0
20.0 8.0 8.0 108.17153 85.97393 38.67113 3051.0
20.0 8.0 20.0 85.01412 53.72616 22.23677 3051.0
20.0 10.0 10.0 97.05164 3.92005 61.09837 23.0
20.0 10.0 20.0 85.01412 53.72616 22.23677 23.0
20.0 11.0 11.0 48.53712 14.12188 56.47484 265.0
20.0 11.0 20.0 85.01412 53.72616 22.23677 265.0
20.0 12.0 12.0 179.8197 86.32008 84.76799 1.0
20.0 12.0 20.0 85.01412 53.72616 22.23677 1.0
20.0 13.0 13.0 21.81602 31.13097 56.40409 12.0
20.0 13.0 20.0 85.01412 53.72616 22.23677 12.0
20.0 14.0 14.0 128.28297 116.05915 40.27368 9.0
20.0 14.0 20.0 85.01412 53.72616 22.23677 9.0
20.0 15.0 15.0 145.14859 26.60803 64.65527 1.0
20.0 15.0 20.0 85.01412 53.72616 22.23677 1.0
20.0 18.0 18.0 159.20736 24.83864 93.90507 1.0
20.0 18.0 20.0 85.01412 53.72616 22.23677 1.0
20.0 19.0 19.0 66.38737 15.83239 45.32286 488.0
20.0 19.0 20.0 85.01412 53.72616 22.23677 488.0
20.0 20.0 20.0 85.01412 53.72616 22.23677 12037.0
20.0 20.0 20.0 85.01412 53.72616 22.23677 12037.0
20.0 21.0 21.0 28.24677 78.14714 19.32719 239.0
20.0 21.0 20.0 85.01412 53.72616 22.23677 239.0
20.0 27.0 27.0 18.74004 45.32248 103.7457 1.0
20.0 27.0 20.0 85.01412 53.72616 22.23677 1.0
20.0 31.0 31.0 121.58702 38.98351 36.06668 2015.0
20.0 31.0 20.0 85.01412 53.72616 22.23677 2015.0
20.0 32.0 32.0 157.00626 89.15166 58.0123 7.0
20.0 32.0 20.0 85.01412 53.72616 22.23677 7.0
20.0 39.0 39.0 21.80281 50.12629 32.81418 496.0
20.0 39.0 20.0 85.01412 53.72616 22.23677 496.0
20.0 40.0 40.0 83.25816 23.54375 42.39077 1660.0
20.0 40.0 20.0 85.01412 53.72616 22.23677 1660.0
20.0 45.0 45.0 35.10399 116.3621 28.57169 2.0
20.0 45.0 20.0 85.01412 53.72616 22.23677 2.0
21.0 1.0 1.0 66.23707 89.23918 7.47615 1530.0
21.0 1.0 21.0 28.24677 78.14714 19.32719 1530.0
21.0 5.0 5.0 36.12388 130.02089 82.22979 8.0
21.0 5.0 21.0 28.24677 78.14714 19.32719 8.0
21.0 6.0 6.0 5.4765 84.77398 74.4382 639.0
21.0 6.0 21.0 28.24677 78.14714 19.32719 639.0
21.0 8.0 8.0 108.17153 85.97393 38.67113 4.0
21.0 8.0 21.0 28.24677 78.14714 19.32719 4.0
21.0 11.0 11.0 48.53712 14.12188 56.47484 37.0
21.0 11.0 21.0 28.24677 78.14714 19.32719 37.0
21.0 12.0 12.0 179.8197 86.32008 84.76799 1.0
21.0 12.0 21.0 28.24677 78.14714 19.32719 1.0
21.0 13.0 13.0 21.81602 31.13097 56.40409 12.0
21.0 13.0 21.0 28.24677 78.14714 19.32719 12.0
21.0 19.0 19.0 66.38737 15.83239 45.32286 15.0
21.0 19.0 21.0 28.24677 78.14714 19.32719 15.0
21.0 20.0 20.0 85.01412 53.72616 22.23677 226.0
21.0 20.0 21.0 28.24677 78.14714 19.32719 226.0
21.0 21.0 21.0 28.24677 78.14714 19.32719 6237.0
21.0 21.0 21.0 28.24677 78.14714 19.32719 6237.0
21.0 39.0 39.0 21.80281 50.12629 32.81418 2143.0
21.0 39.0 21.0 28.24677 78.14714 19.32719 2143.0
21.0 40.0 40.0 83.25816 23.54375 42.39077 4.0
21.0 40.0 21.0 28.24677 78.14714 19.32719 4.0
21.0 45.0 45.0 35.10399 116.3621 28.57169 1786.0
21.0 45.0 21.0 28.24677 78.14714 19.32719 1786.0
22.0 0.0 0.0 55.11965 48.91076 141.98884 611.0
22.0 0.0 22.0 25.09526 80.0028 119.46494 611.0
22.0 2.0 2.0 27.32598 25.40241 87.69252 73.0
22.0 2.0 22.0 25.09526 80.0028 119.46494 73.0
22.0 4.0 4.0 72.10333 108.39103 139.67872 426.0
22.0 4.0 22.0 25.09526 80.0028 119.46494 426.0
22.0 5.0 5.0 36.12388 130.02089 82.22979 1145.0
22.0 5.0 22.0 25.09526 80.0028 119.46494 1145.0
22.0 6.0 6.0 5.4765 84.77398 74.4382 1918.0
22.0 6.0 22.0 25.09526 80.0028 119.46494 1918.0
22.0 8.0 8.0 108.17153 85.97393 38.67113 2.0
22.0 8.0 22.0 25.09526 80.0028 119.46494 2.0
22.0 9.0 9.0 78.60221 139.93127 102.60268 1.0
22.0 9.0 22.0 25.09526 80.0028 119.46494 1.0
22.0 13.0 13.0 21.81602 31.13097 56.40409 2.0
22.0 13.0 22.0 25.09526 80.0028 119.46494 2.0
22.0 16.0 16.0 37.1072 39.05821 124.68067 1217.0
22.0 16.0 22.0 25.09526 80.0028 119.46494 1217.0
22.0 17.0 17.0 122.83134 11.0073 94.53629 1.0
22.0 17.0 22.0 25.09526 80.0028 119.46494 1.0
22.0 19.0 19.0 66.38737 15.83239 45.32286 1.0
22.0 19.0 22.0 25.09526 80.0028 119.46494 1.0
22.0 22.0 22.0 25.09526 80.0028 119.46494 13399.0
22.0 22.0 22.0 25.09526 80.0028 119.46494 13399.0
22.0 27.0 27.0 18.74004 45.32248 103.7457 1330.0
22.0 27.0 22.0 25.09526 80.0028 119.46494 1330.0
22.0 28.0 28.0 84.33176 38.95416 143.15361 14.0
22.0 28.0 22.0 25.09526 80.0028 119.46494 14.0
22.0 33.0 33.0 97.19171 49.9414 149.24179 2.0
22.0 33.0 22.0 25.09526 80.0028 119.46494 2.0
22.0 36.0 36.0 51.17968 19.48469 119.68231 16.0
22.0 36.0 22.0 25.09526 80.0028 119.46494 16.0
22.0 37.0 37.0 80.22828 11.07429 113.8436 1.0
22.0 37.0 22.0 25.09526 80.0028 119.46494 1.0
22.0 38.0 38.0 88.72613 68.42991 152.61674 20.0
22.0 38.0 22.0 25.09526 80.0028 119.46494 20.0
22.0 41.0 41.0 59.8321 126.05919 122.48956 682.0
22.0 41.0 22.0 25.09526 80.0028 119.46494 682.0
22.0 42.0 42.0 56.58697 85.19842 144.9466 1604.0
22.0 42.0 22.0 25.09526 80.0028 119.46494 1604.0
22.0 43.0 43.0 101.75906 137.7124 99.16448 1.0
22.0 43.0 22.0 25.09526 80.0028 119.46494 1.0
22.0 44.0 44.0 70.21456 22.72345 131.33574 3.0
22.0 44.0 22.0 25.09526 80.0028 119.46494 3.0
23.0 7.0 7.0 121.68022 13.45044 56.91858 10.0
23.0 7.0 23.0 173.48834 43.5029 77.09186 10.0
23.0 8.0 8.0 108.17153 85.97393 38.67113 5.0
23.0 8.0 23.0 173.48834 43.5029 77.09186 5.0
23.0 12.0 12.0 179.8197 86.32008 84.76799 588.0
23.0 12.0 23.0 173.48834 43.5029 77.09186 588.0
23.0 15.0 15.0 145.14859 26.60803 64.65527 785.0
23.0 15.0 23.0 173.48834 43.5029 77.09186 785.0
23.0 17.0 17.0 122.83134 11.0073 94.53629 6.0
23.0 17.0 23.0 173.48834 43.5029 77.09186 6.0
23.0 18.0 18.0 159.20736 24.83864 93.90507 1024.0
23.0 18.0 23.0 173.48834 43.5029 77.09186 1024.0
23.0 23.0 23.0 173.48834 43.5029 77.09186 3307.0
23.0 23.0 23.0 173.48834 43.5029 77.09186 3307.0
23.0 25.0 25.0 182.83975 64.0179 100.33004 747.0
23.0 25.0 23.0 173.48834 43.5029 77.09186 747.0
23.0 26.0 26.0 132.12816 45.09259 139.08567 11.0
23.0 26.0 23.0 173.48834 43.5029 77.09186 11.0
23.0 28.0 28.0 84.33176 38.95416 143.15361 1.0
23.0 28.0 23.0 173.48834 43.5029 77.09186 1.0
23.0 29.0 29.0 122.63059 20.57788 121.19841 15.0
23.0 29.0 23.0 173.48834 43.5029 77.09186 15.0
23.0 31.0 31.0 121.58702 38.98351 36.06668 120.0
23.0 31.0 23.0 173.48834 43.5029 77.09186 120.0
23.0 32.0 32.0 157.00626 89.15166 58.0123 498.0
23.0 32.0 23.0 173.48834 43.5029 77.09186 498.0
23.0 37.0 37.0 80.22828 11.07429 113.8436 1.0
23.0 37.0 23.0 173.48834 43.5029 77.09186 1.0
23.0 47.0 47.0 164.21928 62.74679 126.08456 316.0
23.0 47.0 23.0 173.48834 43.5029 77.09186 316.0
24.0 0.0 0.0 55.11965 48.91076 141.98884 9.0
24.0 0.0 24.0 107.89146 87.24386 149.14284 9.0
24.0 4.0 4.0 72.10333 108.39103 139.67872 1489.0
24.0 4.0 24.0 107.89146 87.24386 149.14284 1489.0
24.0 9.0 9.0 78.60221 139.93127 102.60268 11.0
24.0 9.0 24.0 107.89146 87.24386 149.14284 11.0
24.0 17.0 17.0 122.83134 11.0073 94.53629 1.0
24.0 17.0 24.0 107.89146 87.24386 149.14284 1.0
24.0 22.0 22.0 25.09526 80.0028 119.46494 2.0
24.0 22.0 24.0 107.89146 87.24386 149.14284 2.0
24.0 24.0 24.0 107.89146 87.24386 149.14284 8710.0
24.0 24.0 24.0 107.89146 87.24386 149.14284 8710.0
24.0 26.0 26.0 132.12816 45.09259 139.08567 896.0
24.0 26.0 24.0 107.89146 87.24386 149.14284 896.0
24.0 28.0 28.0 84.33176 38.95416 143.15361 34.0
24.0 28.0 24.0 107.89146 87.24386 149.14284 34.0
24.0 30.0 30.0 88.32461 139.93145 62.6782 1.0
24.0 30.0 24.0 107.89146 87.24386 149.14284 1.0
24.0 33.0 33.0 97.19171 49.9414 149.24179 476.0
24.0 33.0 24.0 107.89146 87.24386 149.14284 476.0
24.0 34.0 34.0 127.83583 111.20765 129.60068 2500.0
24.0 34.0 24.0 107.89146 87.24386 149.14284 2500.0
24.0 35.0 35.0 147.80391 121.14192 95.65105 5.0
24.0 35.0 24.0 107.89146 87.24386 149.14284 5.0
24.0 38.0 38.0 88.72613 68.42991 152.61674 1901.0
24.0 38.0 24.0 107.89146 87.24386 149.14284 1901.0
24.0 41.0 41.0 59.8321 126.05919 122.48956 91.0
24.0 41.0 24.0 107.89146 87.24386 149.14284 91.0
24.0 42.0 42.0 56.58697 85.19842 144.9466 518.0
24.0 42.0 24.0 107.89146 87.24386 149.14284 518.0
24.0 43.0 43.0 101.75906 137.7124 99.16448 9.0
24.0 43.0 24.0 107.89146 87.24386 149.14284 9.0
24.0 44.0 44.0 70.21456 22.72345 131.33574 2.0
24.0 44.0 24.0 107.89146 87.24386 149.14284 2.0
24.0 47.0 47.0 164.21928 62.74679 126.08456 202.0
24.0 47.0 24.0 107.89146 87.24386 149.14284 202.0
25.0 7.0 7.0 121.68022 13.45044 56.91858 1.0
25.0 7.0 25.0 182.83975 64.0179 100.33004 1.0
25.0 12.0 12.0 179.8197 86.32008 84.76799 1183.0
25.0 12.0 25.0 182.83975 64.0179 100.33004 1183.0
25.0 15.0 15.0 145.14859 26.60803 64.65527 9.0
25.0 15.0 25.0 182.83975 64.0179 100.33004 9.0
25.0 18.0 18.0 159.20736 24.83864 93.90507 107.0
25.0 18.0 25.0 182.83975 64.0179 100.33004 107.0
25.0 23.0 23.0 173.48834 43.5029 77.09186 763.0
25.0 23.0 25.0 182.83975 64.0179 100.33004 763.0
25.0 25.0 25.0 182.83975 64.0179 100.33004 2175.0
25.0 25.0 25.0 182.83975 64.0179 100.33004 2175.0
25.0 26.0 26.0 132.12816 45.09259 139.08567 6.0
25.0 26.0 25.0 182.83975 64.0179 100.33004 6.0
25.0 29.0 29.0 122.63059 20.57788 121.19841 1.0
25.0 29.0 25.0 182.83975 64.0179 100.33004 1.0
25.0 32.0 32.0 157.00626 89.15166 58.0123 38.0
25.0 32.0 25.0 182.83975 64.0179 100.33004 38.0
25.0 34.0 34.0 127.83583 111.20765 129.60068 21.0
25.0 34.0 25.0 182.83975 64.0179 100.33004 21.0
25.0 35.0 35.0 147.80391 121.14192 95.65105 78.0
25.0 35.0 25.0 182.83975 64.0179 100.33004 78.0
25.0 46.0 46.0 114.49757 130.24261 52.71913 1.0
25.0 46.0 25.0 182.83975 64.0179 100.33004 1.0
25.0 47.0 47.0 164.21928 62.74679 126.08456 1221.0
25.0 47.0 25.0 182.83975 64.0179 100.33004 1221.0
26.0 3.0 3.0 83.11529 3.82806 88.03404 1.0
26.0 3.0 26.0 132.12816 45.09259 139.08567 1.0
26.0 12.0 12.0 179.8197 86.32008 84.76799 1.0
26.0 12.0 26.0 132.12816 45.09259 139.08567 1.0
26.0 17.0 17.0 122.83134 11.0073 94.53629 102.0
26.0 17.0 26.0 132.12816 45.09259 139.08567 102.0
26.0 18.0 18.0 159.20736 24.83864 93.90507 213.0
26.0 18.0 26.0 132.12816 45.09259 139.08567 213.0
26.0 23.0 23.0 173.48834 43.5029 77.09186 5.0
26.0 23.0 26.0 132.12816 45.09259 139.08567 5.0
26.0 24.0 24.0 107.89146 87.24386 149.14284 938.0
26.0 24.0 26.0 132.12816 45.09259 139.08567 938.0
26.0 25.0 25.0 182.83975 64.0179 100.33004 4.0
26.0 25.0 26.0 132.12816 45.09259 139.08567 4.0
26.0 26.0 26.0 132.12816 45.09259 139.08567 7920.0
26.0 26.0 26.0 132.12816 45.09259 139.08567 7920.0
26.0 28.0 28.0 84.33176 38.95416 143.15361 441.0
26.0 28.0 26.0 132.12816 45.09259 139.08567 441.0
26.0 29.0 29.0 122.63059 20.57788 121.19841 1774.0
26.0 29.0 26.0 132.12816 45.09259 139.08567 1774.0
26.0 33.0 33.0 97.19171 49.9414 149.24179 1084.0
26.0 33.0 26.0 132.12816 45.09259 139.08567 1084.0
26.0 34.0 34.0 127.83583 111.20765 129.60068 281.0
26.0 34.0 26.0 132.12816 45.09259 139.08567 281.0
26.0 35.0 35.0 147.80391 121.14192 95.65105 1.0
26.0 35.0 26.0 132.12816 45.09259 139.08567 1.0
26.0 37.0 37.0 80.22828 11.07429 113.8436 111.0
26.0 37.0 26.0 132.12816 45.09259 139.08567 111.0
26.0 38.0 38.0 88.72613 68.42991 152.61674 380.0
26.0 38.0 26.0 132.12816 45.09259 139.08567 380.0
26.0 44.0 44.0 70.21456 22.72345 131.33574 14.0
26.0 44.0 26.0 132.12816 45.09259 139.08567 14.0
26.0 47.0 47.0 164.21928 62.74679 126.08456 1725.0
26.0 47.0 26.0 132.12816 45.09259 139.08567 1725.0
27.0 0.0 0.0 55.11965 48.91076 141.98884 45.0
27.0 0.0 27.0 18.74004 45.32248 103.7457 45.0
27.0 2.0 2.0 27.32598 25.40241 87.69252 1595.0
27.0 2.0 27.0 18.74004 45.32248 103.7457 1595.0
27.0 3.0 3.0 83.11529 3.82806 88.03404 1.0
27.0 3.0 27.0 18.74004 45.32248 103.7457 1.0
27.0 6.0 6.0 5.4765 84.77398 74.4382 759.0
27.0 6.0 27.0 18.74004 45.32248 103.7457 759.0
27.0 11.0 11.0 48.53712 14.12188 56.47484 15.0
27.0 11.0 27.0 18.74004 45.32248 103.7457 15.0
27.0 13.0 13.0 21.81602 31.13097 56.40409 119.0
27.0 13.0 27.0 18.74004 45.32248 103.7457 119.0
27.0 16.0 16.0 37.1072 39.05821 124.68067 1230.0
27.0 16.0 27.0 18.74004 45.32248 103.7457 1230.0
27.0 22.0 22.0 25.09526 80.0028 119.46494 1276.0
27.0 22.0 27.0 18.74004 45.32248 103.7457 1276.0
27.0 27.0 27.0 18.74004 45.32248 103.7457 3285.0
27.0 27.0 27.0 18.74004 45.32248 103.7457 3285.0
27.0 36.0 36.0 51.17968 19.48469 119.68231 75.0
27.0 36.0 27.0 18.74004 45.32248 103.7457 75.0
27.0 37.0 37.0 80.22828 11.07429 113.8436 7.0
27.0 37.0 27.0 18.74004 45.32248 103.7457 7.0
27.0 39.0 39.0 21.80281 50.12629 32.81418 21.0
27.0 39.0 27.0 18.74004 45.32248 103.7457 21.0
27.0 42.0 42.0 56.58697 85.19842 144.9466 2.0
27.0 42.0 27.0 18.74004 45.32248 103.7457 2.0
27.0 44.0 44.0 70.21456 22.72345 131.33574 8.0
27.0 44.0 27.0 18.74004 45.32248 103.7457 8.0
27.0 45.0 45.0 35.10399 116.3621 28.57169 1.0
27.0 45.0 27.0 18.74004 45.32248 103.7457 1.0
28.0 0.0 0.0 55.11965 48.91076 141.98884 1066.0
28.0 0.0 28.0 84.33176 38.95416 143.15361 1066.0
28.0 3.0 3.0 83.11529 3.82806 88.03404 7.0
28.0 3.0 28.0 84.33176 38.95416 143.15361 7.0
28.0 4.0 4.0 72.10333 108.39103 139.67872 6.0
28.0 4.0 28.0 84.33176 38.95416 143.15361 6.0
28.0 5.0 5.0 36.12388 130.02089 82.22979 1.0
28.0 5.0 28.0 84.33176 38.95416 143.15361 1.0
28.0 16.0 16.0 37.1072 39.05821 124.68067 36.0
28.0 16.0 28.0 84.33176 38.95416 143.15361 36.0
28.0 17.0 17.0 122.83134 11.0073 94.53629 11.0
28.0 17.0 28.0 84.33176 38.95416 143.15361 11.0
28.0 19.0 19.0 66.38737 15.83239 45.32286 1.0
28.0 19.0 28.0 84.33176 38.95416 143.15361 1.0
28.0 22.0 22.0 25.09526 80.0028 119.46494 14.0
28.0 22.0 28.0 84.33176 38.95416 143.15361 14.0
28.0 24.0 24.0 107.89146 87.24386 149.14284 33.0
28.0 24.0 28.0 84.33176 38.95416 143.15361 33.0
28.0 26.0 26.0 132.12816 45.09259 139.08567 399.0
28.0 26.0 28.0 84.33176 38.95416 143.15361 399.0
28.0 28.0 28.0 84.33176 38.95416 143.15361 3062.0
28.0 28.0 28.0 84.33176 38.95416 143.15361 3062.0
28.0 29.0 29.0 122.63059 20.57788 121.19841 468.0
28.0 29.0 28.0 84.33176 38.95416 143.15361 468.0
28.0 33.0 33.0 97.19171 49.9414 149.24179 1590.0
28.0 33.0 28.0 84.33176 38.95416 143.15361 1590.0
28.0 36.0 36.0 51.17968 19.48469 119.68231 75.0
28.0 36.0 28.0 84.33176 38.95416 143.15361 75.0
28.0 37.0 37.0 80.22828 11.07429 113.8436 704.0
28.0 37.0 28.0 84.33176 38.95416 143.15361 704.0
28.0 38.0 38.0 88.72613 68.42991 152.61674 543.0
28.0 38.0 28.0 84.33176 38.95416 143.15361 543.0
28.0 42.0 42.0 56.58697 85.19842 144.9466 182.0
28.0 42.0 28.0 84.33176 38.95416 143.15361 182.0
28.0 44.0 44.0 70.21456 22.72345 131.33574 923.0
28.0 44.0 28.0 84.33176 38.95416 143.15361 923.0
29.0 0.0 0.0 55.11965 48.91076 141.98884 3.0
29.0 0.0 29.0 122.63059 20.57788 121.19841 3.0
29.0 3.0 3.0 83.11529 3.82806 88.03404 210.0
29.0 3.0 29.0 122.63059 20.57788 121.19841 210.0
29.0 7.0 7.0 121.68022 13.45044 56.91858 13.0
29.0 7.0 29.0 122.63059 20.57788 121.19841 13.0
29.0 10.0 10.0 97.05164 3.92005 61.09837 3.0
29.0 10.0 29.0 122.63059 20.57788 121.19841 3.0
29.0 15.0 15.0 145.14859 26.60803 64.65527 57.0
29.0 15.0 29.0 122.63059 20.57788 121.19841 57.0
29.0 17.0 17.0 122.83134 11.0073 94.53629 1547.0
29.0 17.0 29.0 122.63059 20.57788 121.19841 1547.0
29.0 18.0 18.0 159.20736 24.83864 93.90507 479.0
29.0 18.0 29.0 122.63059 20.57788 121.19841 479.0
29.0 23.0 23.0 173.48834 43.5029 77.09186 9.0
29.0 23.0 29.0 122.63059 20.57788 121.19841 9.0
29.0 24.0 24.0 107.89146 87.24386 149.14284 2.0
29.0 24.0 29.0 122.63059 20.57788 121.19841 2.0
29.0 25.0 25.0 182.83975 64.0179 100.33004 2.0
29.0 25.0 29.0 122.63059 20.57788 121.19841 2.0
29.0 26.0 26.0 132.12816 45.09259 139.08567 1833.0
29.0 26.0 29.0 122.63059 20.57788 121.19841 1833.0
29.0 28.0 28.0 84.33176 38.95416 143.15361 493.0
29.0 28.0 29.0 122.63059 20.57788 121.19841 493.0
29.0 29.0 29.0 122.63059 20.57788 121.19841 4628.0
29.0 29.0 29.0 122.63059 20.57788 121.19841 4628.0
29.0 33.0 33.0 97.19171 49.9414 149.24179 188.0
29.0 33.0 29.0 122.63059 20.57788 121.19841 188.0
29.0 36.0 36.0 51.17968 19.48469 119.68231 1.0
29.0 36.0 29.0 122.63059 20.57788 121.19841 1.0
29.0 37.0 37.0 80.22828 11.07429 113.8436 1154.0
29.0 37.0 29.0 122.63059 20.57788 121.19841 1154.0
29.0 38.0 38.0 88.72613 68.42991 152.61674 7.0
29.0 38.0 29.0 122.63059 20.57788 121.19841 7.0
29.0 44.0 44.0 70.21456 22.72345 131.33574 72.0
29.0 44.0 29.0 122.63059 20.57788 121.19841 72.0
29.0 46.0 46.0 114.49757 130.24261 52.71913 1.0
29.0 46.0 29.0 122.63059 20.57788 121.19841 1.0
29.0 47.0 47.0 164.21928 62.74679 126.08456 231.0
29.0 47.0 29.0 122.63059 20.57788 121.19841 231.0
30.0 1.0 1.0 66.23707 89.23918 7.47615 324.0
30.0 1.0 30.0 88.32461 139.93145 62.6782 324.0
30.0 2.0 2.0 27.32598 25.40241 87.69252 1.0
30.0 2.0 30.0 88.32461 139.93145 62.6782 1.0
30.0 5.0 5.0 36.12388 130.02089 82.22979 1615.0
30.0 5.0 30.0 88.32461 139.93145 62.6782 1615.0
30.0 8.0 8.0 108.17153 85.97393 38.67113 561.0
30.0 8.0 30.0 88.32461 139.93145 62.6782 561.0
30.0 9.0 9.0 78.60221 139.93127 102.60268 1143.0
30.0 9.0 30.0 88.32461 139.93145 62.6782 1143.0
30.0 14.0 14.0 128.28297 116.05915 40.27368 240.0
30.0 14.0 30.0 88.32461 139.93145 62.6782 240.0
30.0 23.0 23.0 173.48834 43.5029 77.09186 1.0
30.0 23.0 30.0 88.32461 139.93145 62.6782 1.0
30.0 30.0 30.0 88.32461 139.93145 62.6782 14617.0
30.0 30.0 30.0 88.32461 139.93145 62.6782 14617.0
30.0 32.0 32.0 157.00626 89.15166 58.0123 3.0
30.0 32.0 30.0 88.32461 139.93145 62.6782 3.0
30.0 34.0 34.0 127.83583 111.20765 129.60068 70.0
30.0 34.0 30.0 88.32461 139.93145 62.6782 70.0
30.0 35.0 35.0 147.80391 121.14192 95.65105 681.0
30.0 35.0 30.0 88.32461 139.93145 62.6782 681.0
30.0 41.0 41.0 59.8321 126.05919 122.48956 23.0
30.0 41.0 30.0 88.32461 139.93145 62.6782 23.0
30.0 43.0 43.0 101.75906 137.7124 99.16448 2136.0
30.0 43.0 30.0 88.32461 139.93145 62.6782 2136.0
30.0 45.0 45.0 35.10399 116.3621 28.57169 740.0
30.0 45.0 30.0 88.32461 139.93145 62.6782 740.0
30.0 46.0 46.0 114.49757 130.24261 52.71913 3297.0
30.0 46.0 30.0 88.32461 139.93145 62.6782 3297.0
31.0 1.0 1.0 66.23707 89.23918 7.47615 1.0
31.0 1.0 31.0 121.58702 38.98351 36.06668 1.0
31.0 3.0 3.0 83.11529 3.82806 88.03404 2.0
31.0 3.0 31.0 121.58702 38.98351 36.06668 2.0
31.0 7.0 7.0 121.68022 13.45044 56.91858 1606.0
31.0 7.0 31.0 121.58702 38.98351 36.06668 1606.0
31.0 8.0 8.0 108.17153 85.97393 38.67113 1902.0
31.0 8.0 31.0 121.58702 38.98351 36.06668 1902.0
31.0 10.0 10.0 97.05164 3.92005 61.09837 385.0
31.0 10.0 31.0 121.58702 38.98351 36.06668 385.0
31.0 11.0 11.0 48.53712 14.12188 56.47484 2.0
31.0 11.0 31.0 121.58702 38.98351 36.06668 2.0
31.0 12.0 12.0 179.8197 86.32008 84.76799 7.0
31.0 12.0 31.0 121.58702 38.98351 36.06668 7.0
31.0 14.0 14.0 128.28297 116.05915 40.27368 3.0
31.0 14.0 31.0 121.58702 38.98351 36.06668 3.0
31.0 15.0 15.0 145.14859 26.60803 64.65527 1307.0
31.0 15.0 31.0 121.58702 38.98351 36.06668 1307.0
31.0 17.0 17.0 122.83134 11.0073 94.53629 10.0
31.0 17.0 31.0 121.58702 38.98351 36.06668 10.0
31.0 18.0 18.0 159.20736 24.83864 93.90507 11.0
31.0 18.0 31.0 121.58702 38.98351 36.06668 11.0
31.0 19.0 19.0 66.38737 15.83239 45.32286 27.0
31.0 19.0 31.0 121.58702 38.98351 36.06668 27.0
31.0 20.0 20.0 85.01412 53.72616 22.23677 2050.0
31.0 20.0 31.0 121.58702 38.98351 36.06668 2050.0
31.0 23.0 23.0 173.48834 43.5029 77.09186 103.0
31.0 23.0 31.0 121.58702 38.98351 36.06668 103.0
31.0 31.0 31.0 121.58702 38.98351 36.06668 11643.0
31.0 31.0 31.0 121.58702 38.98351 36.06668 11643.0
31.0 32.0 32.0 157.00626 89.15166 58.0123 543.0
31.0 32.0 31.0 121.58702 38.98351 36.06668 543.0
31.0 40.0 40.0 83.25816 23.54375 42.39077 1026.0
31.0 40.0 31.0 121.58702 38.98351 36.06668 1026.0
31.0 45.0 45.0 35.10399 116.3621 28.57169 1.0
31.0 45.0 31.0 121.58702 38.98351 36.06668 1.0
32.0 7.0 7.0 121.68022 13.45044 56.91858 7.0
32.0 7.0 32.0 157.00626 89.15166 58.0123 7.0
32.0 8.0 8.0 108.17153 85.97393 38.67113 1591.0
32.0 8.0 32.0 157.00626 89.15166 58.0123 1591.0
32.0 12.0 12.0 179.8197 86.32008 84.76799 1672.0
32.0 12.0 32.0 157.00626 89.15166 58.0123 1672.0
32.0 14.0 14.0 128.28297 116.05915 40.27368 1486.0
32.0 14.0 32.0 157.00626 89.15166 58.0123 1486.0
32.0 15.0 15.0 145.14859 26.60803 64.65527 390.0
32.0 15.0 32.0 157.00626 89.15166 58.0123 390.0
32.0 18.0 18.0 159.20736 24.83864 93.90507 5.0
32.0 18.0 32.0 157.00626 89.15166 58.0123 5.0
32.0 20.0 20.0 85.01412 53.72616 22.23677 7.0
32.0 20.0 32.0 157.00626 89.15166 58.0123 7.0
32.0 23.0 23.0 173.48834 43.5029 77.09186 462.0
32.0 23.0 32.0 157.00626 89.15166 58.0123 462.0
32.0 25.0 25.0 182.83975 64.0179 100.33004 47.0
32.0 25.0 32.0 157.00626 89.15166 58.0123 47.0
32.0 30.0 30.0 88.32461 139.93145 62.6782 4.0
32.0 30.0 32.0 157.00626 89.15166 58.0123 4.0
32.0 31.0 31.0 121.58702 38.98351 36.06668 562.0
32.0 31.0 32.0 157.00626 89.15166 58.0123 562.0
32.0 32.0 32.0 157.00626 89.15166 58.0123 9147.0
32.0 32.0 32.0 157.00626 89.15166 58.0123 9147.0
32.0 34.0 34.0 127.83583 111.20765 129.60068 1.0
32.0 34.0 32.0 157.00626 89.15166 58.0123 1.0
32.0 35.0 35.0 147.80391 121.14192 95.65105 880.0
32.0 35.0 32.0 157.00626 89.15166 58.0123 880.0
32.0 46.0 46.0 114.49757 130.24261 52.71913 285.0
32.0 46.0 32.0 157.00626 89.15166 58.0123 285.0
32.0 47.0 47.0 164.21928 62.74679 126.08456 1.0
32.0 47.0 32.0 157.00626 89.15166 58.0123 1.0
33.0 0.0 0.0 55.11965 48.91076 141.98884 227.0
33.0 0.0 33.0 97.19171 49.9414 149.24179 227.0
33.0 4.0 4.0 72.10333 108.39103 139.67872 5.0
33.0 4.0 33.0 97.19171 49.9414 149.24179 5.0
33.0 16.0 16.0 37.1072 39.05821 124.68067 3.0
33.0 16.0 33.0 97.19171 49.9414 149.24179 3.0
33.0 17.0 17.0 122.83134 11.0073 94.53629 2.0
33.0 17.0 33.0 97.19171 49.9414 149.24179 2.0
33.0 18.0 18.0 159.20736 24.83864 93.90507 1.0
33.0 18.0 33.0 97.19171 49.9414 149.24179 1.0
33.0 22.0 22.0 25.09526 80.0028 119.46494 1.0
33.0 22.0 33.0 97.19171 49.9414 149.24179 1.0
33.0 24.0 24.0 107.89146 87.24386 149.14284 488.0
33.0 24.0 33.0 97.19171 49.9414 149.24179 488.0
33.0 26.0 26.0 132.12816 45.09259 139.08567 1069.0
33.0 26.0 33.0 97.19171 49.9414 149.24179 1069.0
33.0 28.0 28.0 84.33176 38.95416 143.15361 1603.0
33.0 28.0 33.0 97.19171 49.9414 149.24179 1603.0
33.0 29.0 29.0 122.63059 20.57788 121.19841 194.0
33.0 29.0 33.0 97.19171 49.9414 149.24179 194.0
33.0 33.0 33.0 97.19171 49.9414 149.24179 2583.0
33.0 33.0 33.0 97.19171 49.9414 149.24179 2583.0
33.0 34.0 34.0 127.83583 111.20765 129.60068 4.0
33.0 34.0 33.0 97.19171 49.9414 149.24179 4.0
33.0 36.0 36.0 51.17968 19.48469 119.68231 5.0
33.0 36.0 33.0 97.19171 49.9414 149.24179 5.0
33.0 37.0 37.0 80.22828 11.07429 113.8436 98.0
33.0 37.0 33.0 97.19171 49.9414 149.24179 98.0
33.0 38.0 38.0 88.72613 68.42991 152.61674 1470.0
33.0 38.0 33.0 97.19171 49.9414 149.24179 1470.0
33.0 42.0 42.0 56.58697 85.19842 144.9466 144.0
33.0 42.0 33.0 97.19171 49.9414 149.24179 144.0
33.0 44.0 44.0 70.21456 22.72345 131.33574 106.0
33.0 44.0 33.0 97.19171 49.9414 149.24179 106.0
33.0 47.0 47.0 164.21928 62.74679 126.08456 3.0
33.0 47.0 33.0 97.19171 49.9414 149.24179 3.0
34.0 4.0 4.0 72.10333 108.39103 139.67872 865.0
34.0 4.0 34.0 127.83583 111.20765 129.60068 865.0
34.0 5.0 5.0 36.12388 130.02089 82.22979 1.0
34.0 5.0 34.0 127.83583 111.20765 129.60068 1.0
34.0 9.0 9.0 78.60221 139.93127 102.60268 596.0
34.0 9.0 34.0 127.83583 111.20765 129.60068 596.0
34.0 12.0 12.0 179.8197 86.32008 84.76799 93.0
34.0 12.0 34.0 127.83583 111.20765 129.60068 93.0
34.0 14.0 14.0 128.28297 116.05915 40.27368 1.0
34.0 14.0 34.0 127.83583 111.20765 129.60068 1.0
34.0 24.0 24.0 107.89146 87.24386 149.14284 2568.0
34.0 24.0 34.0 127.83583 111.20765 129.60068 2568.0
34.0 25.0 25.0 182.83975 64.0179 100.33004 15.0
34.0 25.0 34.0 127.83583 111.20765 129.60068 15.0
34.0 26.0 26.0 132.12816 45.09259 139.08567 306.0
34.0 26.0 34.0 127.83583 111.20765 129.60068 306.0
34.0 30.0 30.0 88.32461 139.93145 62.6782 87.0
34.0 30.0 34.0 127.83583 111.20765 129.60068 87.0
34.0 32.0 32.0 157.00626 89.15166 58.0123 5.0
34.0 32.0 34.0 127.83583 111.20765 129.60068 5.0
34.0 33.0 33.0 97.19171 49.9414 149.24179 8.0
34.0 33.0 34.0 127.83583 111.20765 129.60068 8.0
34.0 34.0 34.0 127.83583 111.20765 129.60068 16754.0
34.0 34.0 34.0 127.83583 111.20765 129.60068 16754.0
34.0 35.0 35.0 147.80391 121.14192 95.65105 2518.0
34.0 35.0 34.0 127.83583 111.20765 129.60068 2518.0
34.0 38.0 38.0 88.72613 68.42991 152.61674 37.0
34.0 38.0 34.0 127.83583 111.20765 129.60068 37.0
34.0 41.0 41.0 59.8321 126.05919 122.48956 412.0
34.0 41.0 34.0 127.83583 111.20765 129.60068 412.0
34.0 42.0 42.0 56.58697 85.19842 144.9466 7.0
34.0 42.0 34.0 127.83583 111.20765 129.60068 7.0
34.0 43.0 43.0 101.75906 137.7124 99.16448 1421.0
34.0 43.0 34.0 127.83583 111.20765 129.60068 1421.0
34.0 46.0 46.0 114.49757 130.24261 52.71913 9.0
34.0 46.0 34.0 127.83583 111.20765 129.60068 9.0
34.0 47.0 47.0 164.21928 62.74679 126.08456 1112.0
34.0 47.0 34.0 127.83583 111.20765 129.60068 1112.0
35.0 8.0 8.0 108.17153 85.97393 38.67113 4.0
35.0 8.0 35.0 147.80391 121.14192 95.65105 4.0
35.0 9.0 9.0 78.60221 139.93127 102.60268 17.0
35.0 9.0 35.0 147.80391 121.14192 95.65105 17.0
35.0 12.0 12.0 179.8197 86.32008 84.76799 1132.0
35.0 12.0 35.0 147.80391 121.14192 95.65105 1132.0
35.0 14.0 14.0 128.28297 116.05915 40.27368 314.0
35.0 14.0 35.0 147.80391 121.14192 95.65105 314.0
35.0 24.0 24.0 107.89146 87.24386 149.14284 4.0
35.0 24.0 35.0 147.80391 121.14192 95.65105 4.0
35.0 25.0 25.0 182.83975 64.0179 100.33004 81.0
35.0 25.0 35.0 147.80391 121.14192 95.65105 81.0
35.0 26.0 26.0 132.12816 45.09259 139.08567 1.0
35.0 26.0 35.0 147.80391 121.14192 95.65105 1.0
35.0 28.0 28.0 84.33176 38.95416 143.15361 2.0
35.0 28.0 35.0 147.80391 121.14192 95.65105 2.0
35.0 30.0 30.0 88.32461 139.93145 62.6782 710.0
35.0 30.0 35.0 147.80391 121.14192 95.65105 710.0
35.0 32.0 32.0 157.00626 89.15166 58.0123 905.0
35.0 32.0 35.0 147.80391 121.14192 95.65105 905.0
35.0 34.0 34.0 127.83583 111.20765 129.60068 2584.0
35.0 34.0 35.0 147.80391 121.14192 95.65105 2584.0
35.0 35.0 35.0 147.80391 121.14192 95.65105 11266.0
35.0 35.0 35.0 147.80391 121.14192 95.65105 11266.0
35.0 41.0 41.0 59.8321 126.05919 122.48956 1.0
35.0 41.0 35.0 147.80391 121.14192 95.65105 1.0
35.0 43.0 43.0 101.75906 137.7124 99.16448 887.0
35.0 43.0 35.0 147.80391 121.14192 95.65105 887.0
35.0 46.0 46.0 114.49757 130.24261 52.71913 1144.0
35.0 46.0 35.0 147.80391 121.14192 95.65105 1144.0
35.0 47.0 47.0 164.21928 62.74679 126.08456 314.0
35.0 47.0 35.0 147.80391 121.14192 95.65105 314.0
36.0 0.0 0.0 55.11965 48.91076 141.98884 464.0
36.0 0.0 36.0 51.17968 19.48469 119.68231 464.0
36.0 2.0 2.0 27.32598 25.40241 87.69252 494.0
36.0 2.0 36.0 51.17968 19.48469 119.68231 494.0
36.0 3.0 3.0 83.11529 3.82806 88.03404 151.0
36.0 3.0 36.0 51.17968 19.48469 119.68231 151.0
36.0 8.0 8.0 108.17153 85.97393 38.67113 1.0
36.0 8.0 36.0 51.17968 19.48469 119.68231 1.0
36.0 10.0 10.0 97.05164 3.92005 61.09837 1.0
36.0 10.0 36.0 51.17968 19.48469 119.68231 1.0
36.0 11.0 11.0 48.53712 14.12188 56.47484 64.0
36.0 11.0 36.0 51.17968 19.48469 119.68231 64.0
36.0 13.0 13.0 21.81602 31.13097 56.40409 3.0
36.0 13.0 36.0 51.17968 19.48469 119.68231 3.0
36.0 16.0 16.0 37.1072 39.05821 124.68067 1035.0
36.0 16.0 36.0 51.17968 19.48469 119.68231 1035.0
36.0 22.0 22.0 25.09526 80.0028 119.46494 9.0
36.0 22.0 36.0 51.17968 19.48469 119.68231 9.0
36.0 27.0 27.0 18.74004 45.32248 103.7457 102.0
36.0 27.0 36.0 51.17968 19.48469 119.68231 102.0
36.0 28.0 28.0 84.33176 38.95416 143.15361 88.0
36.0 28.0 36.0 51.17968 19.48469 119.68231 88.0
36.0 33.0 33.0 97.19171 49.9414 149.24179 2.0
36.0 33.0 36.0 51.17968 19.48469 119.68231 2.0
36.0 36.0 36.0 51.17968 19.48469 119.68231 1415.0
36.0 36.0 36.0 51.17968 19.48469 119.68231 1415.0
36.0 37.0 37.0 80.22828 11.07429 113.8436 877.0
36.0 37.0 36.0 51.17968 19.48469 119.68231 877.0
36.0 38.0 38.0 88.72613 68.42991 152.61674 2.0
36.0 38.0 36.0 51.17968 19.48469 119.68231 2.0
36.0 42.0 42.0 56.58697 85.19842 144.9466 3.0
36.0 42.0 36.0 51.17968 19.48469 119.68231 3.0
36.0 44.0 44.0 70.21456 22.72345 131.33574 761.0
36.0 44.0 36.0 51.17968 19.48469 119.68231 761.0
37.0 0.0 0.0 55.11965 48.91076 141.98884 73.0
37.0 0.0 37.0 80.22828 11.07429 113.8436 73.0
37.0 2.0 2.0 27.32598 25.40241 87.69252 374.0
37.0 2.0 37.0 80.22828 11.07429 113.8436 374.0
37.0 3.0 3.0 83.11529 3.82806 88.03404 2500.0
37.0 3.0 37.0 80.22828 11.07429 113.8436 2500.0
37.0 7.0 7.0 121.68022 13.45044 56.91858 4.0
37.0 7.0 37.0 80.22828 11.07429 113.8436 4.0
37.0 10.0 10.0 97.05164 3.92005 61.09837 47.0
37.0 10.0 37.0 80.22828 11.07429 113.8436 47.0
37.0 11.0 11.0 48.53712 14.12188 56.47484 254.0
37.0 11.0 37.0 80.22828 11.07429 113.8436 254.0
37.0 13.0 13.0 21.81602 31.13097 56.40409 1.0
37.0 13.0 37.0 80.22828 11.07429 113.8436 1.0
37.0 16.0 16.0 37.1072 39.05821 124.68067 169.0
37.0 16.0 37.0 80.22828 11.07429 113.8436 169.0
37.0 17.0 17.0 122.83134 11.0073 94.53629 515.0
37.0 17.0 37.0 80.22828 11.07429 113.8436 515.0
37.0 18.0 18.0 159.20736 24.83864 93.90507 2.0
37.0 18.0 37.0 80.22828 11.07429 113.8436 2.0
37.0 19.0 19.0 66.38737 15.83239 45.32286 17.0
37.0 19.0 37.0 80.22828 11.07429 113.8436 17.0
37.0 26.0 26.0 132.12816 45.09259 139.08567 99.0
37.0 26.0 37.0 80.22828 11.07429 113.8436 99.0
37.0 27.0 27.0 18.74004 45.32248 103.7457 14.0
37.0 27.0 37.0 80.22828 11.07429 113.8436 14.0
37.0 28.0 28.0 84.33176 38.95416 143.15361 709.0
37.0 28.0 37.0 80.22828 11.07429 113.8436 709.0
37.0 29.0 29.0 122.63059 20.57788 121.19841 1134.0
37.0 29.0 37.0 80.22828 11.07429 113.8436 1134.0
37.0 33.0 33.0 97.19171 49.9414 149.24179 98.0
37.0 33.0 37.0 80.22828 11.07429 113.8436 98.0
37.0 36.0 36.0 51.17968 19.48469 119.68231 890.0
37.0 36.0 37.0 80.22828 11.07429 113.8436 890.0
37.0 37.0 37.0 80.22828 11.07429 113.8436 7822.0
37.0 37.0 37.0 80.22828 11.07429 113.8436 7822.0
37.0 38.0 38.0 88.72613 68.42991 152.61674 1.0
37.0 38.0 37.0 80.22828 11.07429 113.8436 1.0
37.0 40.0 40.0 83.25816 23.54375 42.39077 1.0
37.0 40.0 37.0 80.22828 11.07429 113.8436 1.0
37.0 42.0 42.0 56.58697 85.19842 144.9466 1.0
37.0 42.0 37.0 80.22828 11.07429 113.8436 1.0
37.0 44.0 44.0 70.21456 22.72345 131.33574 1424.0
37.0 44.0 37.0 80.22828 11.07429 113.8436 1424.0
38.0 0.0 0.0 55.11965 48.91076 141.98884 384.0
38.0 0.0 38.0 88.72613 68.42991 152.61674 384.0
38.0 2.0 2.0 27.32598 25.40241 87.69252 1.0
38.0 2.0 38.0 88.72613 68.42991 152.61674 1.0
38.0 4.0 4.0 72.10333 108.39103 139.67872 238.0
38.0 4.0 38.0 88.72613 68.42991 152.61674 238.0
38.0 16.0 16.0 37.1072 39.05821 124.68067 12.0
38.0 16.0 38.0 88.72613 68.42991 152.61674 12.0
38.0 22.0 22.0 25.09526 80.0028 119.46494 28.0
38.0 22.0 38.0 88.72613 68.42991 152.61674 28.0
38.0 24.0 24.0 107.89146 87.24386 149.14284 1904.0
38.0 24.0 38.0 88.72613 68.42991 152.61674 1904.0
38.0 26.0 26.0 132.12816 45.09259 139.08567 366.0
38.0 26.0 38.0 88.72613 68.42991 152.61674 366.0
38.0 28.0 28.0 84.33176 38.95416 143.15361 583.0
38.0 28.0 38.0 88.72613 68.42991 152.61674 583.0
38.0 29.0 29.0 122.63059 20.57788 121.19841 5.0
38.0 29.0 38.0 88.72613 68.42991 152.61674 5.0
38.0 33.0 33.0 97.19171 49.9414 149.24179 1512.0
38.0 33.0 38.0 88.72613 68.42991 152.61674 1512.0
38.0 34.0 34.0 127.83583 111.20765 129.60068 33.0
38.0 34.0 38.0 88.72613 68.42991 152.61674 33.0
38.0 36.0 36.0 51.17968 19.48469 119.68231 2.0
38.0 36.0 38.0 88.72613 68.42991 152.61674 2.0
38.0 37.0 37.0 80.22828 11.07429 113.8436 3.0
38.0 37.0 38.0 88.72613 68.42991 152.61674 3.0
38.0 38.0 38.0 88.72613 68.42991 152.61674 3110.0
38.0 38.0 38.0 88.72613 68.42991 152.61674 3110.0
38.0 41.0 41.0 59.8321 126.05919 122.48956 2.0
38.0 41.0 38.0 88.72613 68.42991 152.61674 2.0
38.0 42.0 42.0 56.58697 85.19842 144.9466 1074.0
38.0 42.0 38.0 88.72613 68.42991 152.61674 1074.0
38.0 44.0 44.0 70.21456 22.72345 131.33574 12.0
38.0 44.0 38.0 88.72613 68.42991 152.61674 12.0
38.0 47.0 47.0 164.21928 62.74679 126.08456 4.0
38.0 47.0 38.0 88.72613 68.42991 152.61674 4.0
39.0 1.0 1.0 66.23707 89.23918 7.47615 263.0
39.0 1.0 39.0 21.80281 50.12629 32.81418 263.0
39.0 2.0 2.0 27.32598 25.40241 87.69252 153.0
39.0 2.0 39.0 21.80281 50.12629 32.81418 153.0
39.0 5.0 5.0 36.12388 130.02089 82.22979 2.0
39.0 5.0 39.0 21.80281 50.12629 32.81418 2.0
39.0 6.0 6.0 5.4765 84.77398 74.4382 1350.0
39.0 6.0 39.0 21.80281 50.12629 32.81418 1350.0
39.0 8.0 8.0 108.17153 85.97393 38.67113 2.0
39.0 8.0 39.0 21.80281 50.12629 32.81418 2.0
39.0 11.0 11.0 48.53712 14.12188 56.47484 879.0
39.0 11.0 39.0 21.80281 50.12629 32.81418 879.0
39.0 12.0 12.0 179.8197 86.32008 84.76799 1.0
39.0 12.0 39.0 21.80281 50.12629 32.81418 1.0
39.0 13.0 13.0 21.81602 31.13097 56.40409 1788.0
39.0 13.0 39.0 21.80281 50.12629 32.81418 1788.0
39.0 19.0 19.0 66.38737 15.83239 45.32286 239.0
39.0 19.0 39.0 21.80281 50.12629 32.81418 239.0
39.0 20.0 20.0 85.01412 53.72616 22.23677 475.0
39.0 20.0 39.0 21.80281 50.12629 32.81418 475.0
39.0 21.0 21.0 28.24677 78.14714 19.32719 2082.0
39.0 21.0 39.0 21.80281 50.12629 32.81418 2082.0
39.0 27.0 27.0 18.74004 45.32248 103.7457 21.0
39.0 27.0 39.0 21.80281 50.12629 32.81418 21.0
39.0 39.0 39.0 21.80281 50.12629 32.81418 9634.0
39.0 39.0 39.0 21.80281 50.12629 32.81418 9634.0
39.0 40.0 40.0 83.25816 23.54375 42.39077 30.0
39.0 40.0 39.0 21.80281 50.12629 32.81418 30.0
39.0 45.0 45.0 35.10399 116.3621 28.57169 75.0
39.0 45.0 39.0 21.80281 50.12629 32.81418 75.0
40.0 1.0 1.0 66.23707 89.23918 7.47615 10.0
40.0 1.0 40.0 83.25816 23.54375 42.39077 10.0
40.0 2.0 2.0 27.32598 25.40241 87.69252 1.0
40.0 2.0 40.0 83.25816 23.54375 42.39077 1.0
40.0 3.0 3.0 83.11529 3.82806 88.03404 131.0
40.0 3.0 40.0 83.25816 23.54375 42.39077 131.0
40.0 7.0 7.0 121.68022 13.45044 56.91858 233.0
40.0 7.0 40.0 83.25816 23.54375 42.39077 233.0
40.0 8.0 8.0 108.17153 85.97393 38.67113 24.0
40.0 8.0 40.0 83.25816 23.54375 42.39077 24.0
40.0 10.0 10.0 97.05164 3.92005 61.09837 1171.0
40.0 10.0 40.0 83.25816 23.54375 42.39077 1171.0
40.0 11.0 11.0 48.53712 14.12188 56.47484 491.0
40.0 11.0 40.0 83.25816 23.54375 42.39077 491.0
40.0 13.0 13.0 21.81602 31.13097 56.40409 5.0
40.0 13.0 40.0 83.25816 23.54375 42.39077 5.0
40.0 15.0 15.0 145.14859 26.60803 64.65527 5.0
40.0 15.0 40.0 83.25816 23.54375 42.39077 5.0
40.0 17.0 17.0 122.83134 11.0073 94.53629 3.0
40.0 17.0 40.0 83.25816 23.54375 42.39077 3.0
40.0 19.0 19.0 66.38737 15.83239 45.32286 1485.0
40.0 19.0 40.0 83.25816 23.54375 42.39077 1485.0
40.0 20.0 20.0 85.01412 53.72616 22.23677 1677.0
40.0 20.0 40.0 83.25816 23.54375 42.39077 1677.0
40.0 21.0 21.0 28.24677 78.14714 19.32719 6.0
40.0 21.0 40.0 83.25816 23.54375 42.39077 6.0
40.0 31.0 31.0 121.58702 38.98351 36.06668 1039.0
40.0 31.0 40.0 83.25816 23.54375 42.39077 1039.0
40.0 37.0 37.0 80.22828 11.07429 113.8436 3.0
40.0 37.0 40.0 83.25816 23.54375 42.39077 3.0
40.0 39.0 39.0 21.80281 50.12629 32.81418 34.0
40.0 39.0 40.0 83.25816 23.54375 42.39077 34.0
40.0 40.0 40.0 83.25816 23.54375 42.39077 4344.0
40.0 40.0 40.0 83.25816 23.54375 42.39077 4344.0
41.0 0.0 0.0 55.11965 48.91076 141.98884 2.0
41.0 0.0 41.0 59.8321 126.05919 122.48956 2.0
41.0 4.0 4.0 72.10333 108.39103 139.67872 2748.0
41.0 4.0 41.0 59.8321 126.05919 122.48956 2748.0
41.0 5.0 5.0 36.12388 130.02089 82.22979 2150.0
41.0 5.0 41.0 59.8321 126.05919 122.48956 2150.0
41.0 6.0 6.0 5.4765 84.77398 74.4382 11.0
41.0 6.0 41.0 59.8321 126.05919 122.48956 11.0
41.0 9.0 9.0 78.60221 139.93127 102.60268 2081.0
41.0 9.0 41.0 59.8321 126.05919 122.48956 2081.0
41.0 13.0 13.0 21.81602 31.13097 56.40409 1.0
41.0 13.0 41.0 59.8321 126.05919 122.48956 1.0
41.0 16.0 16.0 37.1072 39.05821 124.68067 1.0
41.0 16.0 41.0 59.8321 126.05919 122.48956 1.0
41.0 22.0 22.0 25.09526 80.0028 119.46494 621.0
41.0 22.0 41.0 59.8321 126.05919 122.48956 621.0
41.0 24.0 24.0 107.89146 87.24386 149.14284 85.0
41.0 24.0 41.0 59.8321 126.05919 122.48956 85.0
41.0 28.0 28.0 84.33176 38.95416 143.15361 1.0
41.0 28.0 41.0 59.8321 126.05919 122.48956 1.0
41.0 30.0 30.0 88.32461 139.93145 62.6782 25.0
41.0 30.0 41.0 59.8321 126.05919 122.48956 25.0
41.0 34.0 34.0 127.83583 111.20765 129.60068 410.0
41.0 34.0 41.0 59.8321 126.05919 122.48956 410.0
41.0 35.0 35.0 147.80391 121.14192 95.65105 1.0
41.0 35.0 41.0 59.8321 126.05919 122.48956 1.0
41.0 38.0 38.0 88.72613 68.42991 152.61674 4.0
41.0 38.0 41.0 59.8321 126.05919 122.48956 4.0
41.0 41.0 41.0 59.8321 126.05919 122.48956 8829.0
41.0 41.0 41.0 59.8321 126.05919 122.48956 8829.0
41.0 42.0 42.0 56.58697 85.19842 144.9466 391.0
41.0 42.0 41.0 59.8321 126.05919 122.48956 391.0
41.0 43.0 43.0 101.75906 137.7124 99.16448 337.0
41.0 43.0 41.0 59.8321 126.05919 122.48956 337.0
42.0 0.0 0.0 55.11965 48.91076 141.98884 882.0
42.0 0.0 42.0 56.58697 85.19842 144.9466 882.0
42.0 4.0 4.0 72.10333 108.39103 139.67872 2066.0
42.0 4.0 42.0 56.58697 85.19842 144.9466 2066.0
42.0 5.0 5.0 36.12388 130.02089 82.22979 43.0
42.0 5.0 42.0 56.58697 85.19842 144.9466 43.0
42.0 6.0 6.0 5.4765 84.77398 74.4382 1.0
42.0 6.0 42.0 56.58697 85.19842 144.9466 1.0
42.0 7.0 7.0 121.68022 13.45044 56.91858 1.0
42.0 7.0 42.0 56.58697 85.19842 144.9466 1.0
42.0 16.0 16.0 37.1072 39.05821 124.68067 146.0
42.0 16.0 42.0 56.58697 85.19842 144.9466 146.0
42.0 22.0 22.0 25.09526 80.0028 119.46494 1565.0
42.0 22.0 42.0 56.58697 85.19842 144.9466 1565.0
42.0 24.0 24.0 107.89146 87.24386 149.14284 505.0
42.0 24.0 42.0 56.58697 85.19842 144.9466 505.0
42.0 27.0 27.0 18.74004 45.32248 103.7457 1.0
42.0 27.0 42.0 56.58697 85.19842 144.9466 1.0
42.0 28.0 28.0 84.33176 38.95416 143.15361 194.0
42.0 28.0 42.0 56.58697 85.19842 144.9466 194.0
42.0 33.0 33.0 97.19171 49.9414 149.24179 139.0
42.0 33.0 42.0 56.58697 85.19842 144.9466 139.0
42.0 34.0 34.0 127.83583 111.20765 129.60068 3.0
42.0 34.0 42.0 56.58697 85.19842 144.9466 3.0
42.0 36.0 36.0 51.17968 19.48469 119.68231 2.0
42.0 36.0 42.0 56.58697 85.19842 144.9466 2.0
42.0 37.0 37.0 80.22828 11.07429 113.8436 1.0
42.0 37.0 42.0 56.58697 85.19842 144.9466 1.0
42.0 38.0 38.0 88.72613 68.42991 152.61674 1125.0
42.0 38.0 42.0 56.58697 85.19842 144.9466 1125.0
42.0 41.0 41.0 59.8321 126.05919 122.48956 398.0
42.0 41.0 42.0 56.58697 85.19842 144.9466 398.0
42.0 42.0 42.0 56.58697 85.19842 144.9466 5582.0
42.0 42.0 42.0 56.58697 85.19842 144.9466 5582.0
42.0 44.0 44.0 70.21456 22.72345 131.33574 2.0
42.0 44.0 42.0 56.58697 85.19842 144.9466 2.0
43.0 4.0 4.0 72.10333 108.39103 139.67872 74.0
43.0 4.0 43.0 101.75906 137.7124 99.16448 74.0
43.0 5.0 5.0 36.12388 130.02089 82.22979 65.0
43.0 5.0 43.0 101.75906 137.7124 99.16448 65.0
43.0 8.0 8.0 108.17153 85.97393 38.67113 1.0
43.0 8.0 43.0 101.75906 137.7124 99.16448 1.0
43.0 9.0 9.0 78.60221 139.93127 102.60268 2048.0
43.0 9.0 43.0 101.75906 137.7124 99.16448 2048.0
43.0 24.0 24.0 107.89146 87.24386 149.14284 13.0
43.0 24.0 43.0 101.75906 137.7124 99.16448 13.0
43.0 30.0 30.0 88.32461 139.93145 62.6782 1991.0
43.0 30.0 43.0 101.75906 137.7124 99.16448 1991.0
43.0 34.0 34.0 127.83583 111.20765 129.60068 1417.0
43.0 34.0 43.0 101.75906 137.7124 99.16448 1417.0
43.0 35.0 35.0 147.80391 121.14192 95.65105 806.0
43.0 35.0 43.0 101.75906 137.7124 99.16448 806.0
43.0 37.0 37.0 80.22828 11.07429 113.8436 1.0
43.0 37.0 43.0 101.75906 137.7124 99.16448 1.0
43.0 41.0 41.0 59.8321 126.05919 122.48956 269.0
43.0 41.0 43.0 101.75906 137.7124 99.16448 269.0
43.0 43.0 43.0 101.75906 137.7124 99.16448 4673.0
43.0 43.0 43.0 101.75906 137.7124 99.16448 4673.0
43.0 45.0 45.0 35.10399 116.3621 28.57169 2.0
43.0 45.0 43.0 101.75906 137.7124 99.16448 2.0
43.0 46.0 46.0 114.49757 130.24261 52.71913 172.0
43.0 46.0 43.0 101.75906 137.7124 99.16448 172.0
44.0 0.0 0.0 55.11965 48.91076 141.98884 641.0
44.0 0.0 44.0 70.21456 22.72345 131.33574 641.0
44.0 2.0 2.0 27.32598 25.40241 87.69252 39.0
44.0 2.0 44.0 70.21456 22.72345 131.33574 39.0
44.0 3.0 3.0 83.11529 3.82806 88.03404 59.0
44.0 3.0 44.0 70.21456 22.72345 131.33574 59.0
44.0 6.0 6.0 5.4765 84.77398 74.4382 1.0
44.0 6.0 44.0 70.21456 22.72345 131.33574 1.0
44.0 11.0 11.0 48.53712 14.12188 56.47484 2.0
44.0 11.0 44.0 70.21456 22.72345 131.33574 2.0
44.0 16.0 16.0 37.1072 39.05821 124.68067 224.0
44.0 16.0 44.0 70.21456 22.72345 131.33574 224.0
44.0 17.0 17.0 122.83134 11.0073 94.53629 1.0
44.0 17.0 44.0 70.21456 22.72345 131.33574 1.0
44.0 22.0 22.0 25.09526 80.0028 119.46494 1.0
44.0 22.0 44.0 70.21456 22.72345 131.33574 1.0
44.0 24.0 24.0 107.89146 87.24386 149.14284 1.0
44.0 24.0 44.0 70.21456 22.72345 131.33574 1.0
44.0 26.0 26.0 132.12816 45.09259 139.08567 11.0
44.0 26.0 44.0 70.21456 22.72345 131.33574 11.0
44.0 27.0 27.0 18.74004 45.32248 103.7457 6.0
44.0 27.0 44.0 70.21456 22.72345 131.33574 6.0
44.0 28.0 28.0 84.33176 38.95416 143.15361 854.0
44.0 28.0 44.0 70.21456 22.72345 131.33574 854.0
44.0 29.0 29.0 122.63059 20.57788 121.19841 80.0
44.0 29.0 44.0 70.21456 22.72345 131.33574 80.0
44.0 33.0 33.0 97.19171 49.9414 149.24179 100.0
44.0 33.0 44.0 70.21456 22.72345 131.33574 100.0
44.0 36.0 36.0 51.17968 19.48469 119.68231 762.0
44.0 36.0 44.0 70.21456 22.72345 131.33574 762.0
44.0 37.0 37.0 80.22828 11.07429 113.8436 1433.0
44.0 37.0 44.0 70.21456 22.72345 131.33574 1433.0
44.0 38.0 38.0 88.72613 68.42991 152.61674 20.0
44.0 38.0 44.0 70.21456 22.72345 131.33574 20.0
44.0 40.0 40.0 83.25816 23.54375 42.39077 1.0
44.0 40.0 44.0 70.21456 22.72345 131.33574 1.0
44.0 41.0 41.0 59.8321 126.05919 122.48956 1.0
44.0 41.0 44.0 70.21456 22.72345 131.33574 1.0
44.0 42.0 42.0 56.58697 85.19842 144.9466 2.0
44.0 42.0 44.0 70.21456 22.72345 131.33574 2.0
44.0 44.0 44.0 70.21456 22.72345 131.33574 1792.0
44.0 44.0 44.0 70.21456 22.72345 131.33574 1792.0
45.0 1.0 1.0 66.23707 89.23918 7.47615 1826.0
45.0 1.0 45.0 35.10399 116.3621 28.57169 1826.0
45.0 5.0 5.0 36.12388 130.02089 82.22979 1955.0
45.0 5.0 45.0 35.10399 116.3621 28.57169 1955.0
45.0 6.0 6.0 5.4765 84.77398 74.4382 958.0
45.0 6.0 45.0 35.10399 116.3621 28.57169 958.0
45.0 8.0 8.0 108.17153 85.97393 38.67113 107.0
45.0 8.0 45.0 35.10399 116.3621 28.57169 107.0
45.0 9.0 9.0 78.60221 139.93127 102.60268 1.0
45.0 9.0 45.0 35.10399 116.3621 28.57169 1.0
45.0 14.0 14.0 128.28297 116.05915 40.27368 3.0
45.0 14.0 45.0 35.10399 116.3621 28.57169 3.0
45.0 20.0 20.0 85.01412 53.72616 22.23677 2.0
45.0 20.0 45.0 35.10399 116.3621 28.57169 2.0
45.0 21.0 21.0 28.24677 78.14714 19.32719 1842.0
45.0 21.0 45.0 35.10399 116.3621 28.57169 1842.0
45.0 22.0 22.0 25.09526 80.0028 119.46494 1.0
45.0 22.0 45.0 35.10399 116.3621 28.57169 1.0
45.0 30.0 30.0 88.32461 139.93145 62.6782 842.0
45.0 30.0 45.0 35.10399 116.3621 28.57169 842.0
45.0 39.0 39.0 21.80281 50.12629 32.81418 66.0
45.0 39.0 45.0 35.10399 116.3621 28.57169 66.0
45.0 45.0 45.0 35.10399 116.3621 28.57169 12974.0
45.0 45.0 45.0 35.10399 116.3621 28.57169 12974.0
45.0 46.0 46.0 114.49757 130.24261 52.71913 50.0
45.0 46.0 45.0 35.10399 116.3621 28.57169 50.0
46.0 1.0 1.0 66.23707 89.23918 7.47615 136.0
46.0 1.0 46.0 114.49757 130.24261 52.71913 136.0
46.0 5.0 5.0 36.12388 130.02089 82.22979 8.0
46.0 5.0 46.0 114.49757 130.24261 52.71913 8.0
46.0 8.0 8.0 108.17153 85.97393 38.67113 1051.0
46.0 8.0 46.0 114.49757 130.24261 52.71913 1051.0
46.0 9.0 9.0 78.60221 139.93127 102.60268 9.0
46.0 9.0 46.0 114.49757 130.24261 52.71913 9.0
46.0 12.0 12.0 179.8197 86.32008 84.76799 3.0
46.0 12.0 46.0 114.49757 130.24261 52.71913 3.0
46.0 14.0 14.0 128.28297 116.05915 40.27368 2764.0
46.0 14.0 46.0 114.49757 130.24261 52.71913 2764.0
46.0 30.0 30.0 88.32461 139.93145 62.6782 3339.0
46.0 30.0 46.0 114.49757 130.24261 52.71913 3339.0
46.0 31.0 31.0 121.58702 38.98351 36.06668 1.0
46.0 31.0 46.0 114.49757 130.24261 52.71913 1.0
46.0 32.0 32.0 157.00626 89.15166 58.0123 269.0
46.0 32.0 46.0 114.49757 130.24261 52.71913 269.0
46.0 34.0 34.0 127.83583 111.20765 129.60068 16.0
46.0 34.0 46.0 114.49757 130.24261 52.71913 16.0
46.0 35.0 35.0 147.80391 121.14192 95.65105 1139.0
46.0 35.0 46.0 114.49757 130.24261 52.71913 1139.0
46.0 43.0 43.0 101.75906 137.7124 99.16448 159.0
46.0 43.0 46.0 114.49757 130.24261 52.71913 159.0
46.0 45.0 45.0 35.10399 116.3621 28.57169 51.0
46.0 45.0 46.0 114.49757 130.24261 52.71913 51.0
46.0 46.0 46.0 114.49757 130.24261 52.71913 6798.0
46.0 46.0 46.0 114.49757 130.24261 52.71913 6798.0
47.0 12.0 12.0 179.8197 86.32008 84.76799 410.0
47.0 12.0 47.0 164.21928 62.74679 126.08456 410.0
47.0 15.0 15.0 145.14859 26.60803 64.65527 9.0
47.0 15.0 47.0 164.21928 62.74679 126.08456 9.0
47.0 17.0 17.0 122.83134 11.0073 94.53629 21.0
47.0 17.0 47.0 164.21928 62.74679 126.08456 21.0
47.0 18.0 18.0 159.20736 24.83864 93.90507 635.0
47.0 18.0 47.0 164.21928 62.74679 126.08456 635.0
47.0 23.0 23.0 173.48834 43.5029 77.09186 345.0
47.0 23.0 47.0 164.21928 62.74679 126.08456 345.0
47.0 24.0 24.0 107.89146 87.24386 149.14284 225.0
47.0 24.0 47.0 164.21928 62.74679 126.08456 225.0
47.0 25.0 25.0 182.83975 64.0179 100.33004 1163.0
47.0 25.0 47.0 164.21928 62.74679 126.08456 1163.0
47.0 26.0 26.0 132.12816 45.09259 139.08567 1836.0
47.0 26.0 47.0 164.21928 62.74679 126.08456 1836.0
47.0 29.0 29.0 122.63059 20.57788 121.19841 224.0
47.0 29.0 47.0 164.21928 62.74679 126.08456 224.0
47.0 32.0 32.0 157.00626 89.15166 58.0123 3.0
47.0 32.0 47.0 164.21928 62.74679 126.08456 3.0
47.0 33.0 33.0 97.19171 49.9414 149.24179 6.0
47.0 33.0 47.0 164.21928 62.74679 126.08456 6.0
47.0 34.0 34.0 127.83583 111.20765 129.60068 1255.0
47.0 34.0 47.0 164.21928 62.74679 126.08456 1255.0
47.0 35.0 35.0 147.80391 121.14192 95.65105 342.0
47.0 35.0 47.0 164.21928 62.74679 126.08456 342.0
47.0 37.0 37.0 80.22828 11.07429 113.8436 1.0
47.0 37.0 47.0 164.21928 62.74679 126.08456 1.0
47.0 38.0 38.0 88.72613 68.42991 152.61674 5.0
47.0 38.0 47.0 164.21928 62.74679 126.08456 5.0
47.0 47.0 47.0 164.21928 62.74679 126.08456 8659.0
47.0 47.0 47.0 164.21928 62.74679 126.08456 8659.0
