TargetArea SourceArea Area AvgPosX AvgPosY AvgPosZ SumWeights
0.0 0.0 0.0 55.10723 48.93353 141.9946 2102.0
0.0 0.0 0.0 55.10723 48.93353 141.9946 2102.0
0.0 2.0 2.0 27.32903 25.39998 87.68121 7.0
0.0 2.0 0.0 55.10723 48.93353 141.9946 7.0
0.0 4.0 4.0 72.03867 108.40707 139.65757 11.0
0.0 4.0 0.0 55.10723 48.93353 141.9946 11.0
0.0 5.0 5.0 36.13028 130.02806 82.1644 1.0
0.0 5.0 0.0 55.10723 48.93353 141.9946 1.0
0.0 8.0 8.0 108.17816 86.01917 38.67131 1.0
0.0 8.0 0.0 55.10723 48.93353 141.9946 1.0
0.0 16.0 16.0 37.09011 39.07751 124.67271 791.0
0.0 16.0 0.0 55.10723 48.93353 141.9946 791.0
0.0 22.0 22.0 25.08213 80.02155 119.44633 337.0
0.0 22.0 0.0 55.10723 48.93353 141.9946 337.0
0.0 24.0 24.0 107.87707 87.22511 149.15112 5.0
0.0 24.0 0.0 55.10723 48.93353 141.9946 5.0
0.0 27.0 27.0 18.76226 45.33836 103.80595 19.0
0.0 27.0 0.0 55.10723 48.93353 141.9946 19.0
0.0 28.0 28.0 84.37497 38.91255 143.13804 630.0
0.0 28.0 0.0 55.10723 48.93353 141.9946 630.0
0.0 33.0 33.0 97.26726 49.89871 149.22992 144.0
0.0 33.0 0.0 55.10723 48.93353 141.9946 144.0
0.0 36.0 36.0 51.18993 19.46586 119.68175 265.0
0.0 36.0 0.0 55.10723 48.93353 141.9946 265.0
0.0 37.0 37.0 80.17447 11.07486 113.83479 54.0
0.0 37.0 0.0 55.10723 48.93353 141.9946 54.0
0.0 38.0 38.0 88.73841 68.41888 152.61937 212.0
0.0 38.0 0.0 55.10723 48.93353 141.9946 212.0
0.0 41.0 41.0 59.82618 126.03285 122.5178 1.0
0.0 41.0 0.0 55.10723 48.93353 141.9946 1.0
0.0 42.0 42.0 56.57011 85.19936 144.93997 518.0
0.0 42.0 0.0 55.10723 48.93353 141.9946 518.0
0.0 44.0 44.0 70.212 22.74352 131.35702 334.0
0.0 44.0 0.0 55.10723 48.93353 141.9946 334.0
1.0 1.0 1.0 66.24731 89.22071 7.45522 6204.0
1.0 1.0 1.0 66.24731 89.22071 7.45522 6204.0
1.0 5.0 5.0 36.13028 130.02806 82.1644 9.0
1.0 5.0 1.0 66.24731 89.22071 7.45522 9.0
1.0 8.0 8.0 108.17816 86.01917 38.67131 908.0
1.0 8.0 1.0 66.24731 89.22071 7.45522 908.0
1.0 11.0 11.0 48.52857 14.11194 56.51183 9.0
1.0 11.0 1.0 66.24731 89.22071 7.45522 9.0
1.0 13.0 13.0 21.80715 31.13407 56.40337 2.0
1.0 13.0 1.0 66.24731 89.22071 7.45522 2.0
1.0 14.0 14.0 128.34197 116.05002 40.30001 26.0
1.0 14.0 1.0 66.24731 89.22071 7.45522 26.0
1.0 19.0 19.0 66.38661 15.84439 45.28494 15.0
1.0 19.0 1.0 66.24731 89.22071 7.45522 15.0
1.0 20.0 20.0 84.94623 53.73403 22.17799 1194.0
1.0 20.0 1.0 66.24731 89.22071 7.45522 1194.0
1.0 21.0 21.0 28.21366 78.14631 19.34647 842.0
1.0 21.0 1.0 66.24731 89.22071 7.45522 842.0
1.0 30.0 30.0 88.33665 139.93332 62.65261 168.0
1.0 30.0 1.0 66.24731 89.22071 7.45522 168.0
1.0 31.0 31.0 121.63882 38.94725 36.07776 4.0
1.0 31.0 1.0 66.24731 89.22071 7.45522 4.0
1.0 39.0 39.0 21.82091 50.11932 32.79644 140.0
1.0 39.0 1.0 66.24731 89.22071 7.45522 140.0
1.0 40.0 40.0 83.23679 23.54081 42.38985 11.0
1.0 40.0 1.0 66.24731 89.22071 7.45522 11.0
1.0 45.0 45.0 35.10329 116.37108 28.55487 1096.0
1.0 45.0 1.0 66.24731 89.22071 7.45522 1096.0
1.0 46.0 46.0 114.52971 130.25185 52.73404 76.0
1.0 46.0 1.0 66.24731 89.22071 7.45522 76.0
2.0 0.0 0.0 55.10723 48.93353 141.9946 3.0
2.0 0.0 2.0 27.32903 25.39998 87.68121 3.0
2.0 2.0 2.0 27.32903 25.39998 87.68121 3706.0
2.0 2.0 2.0 27.32903 25.39998 87.68121 3706.0
2.0 3.0 3.0 83.11706 3.8341 88.05437 157.0
2.0 3.0 2.0 27.32903 25.39998 87.68121 157.0
2.0 6.0 6.0 5.47554 84.80034 74.40639 271.0
2.0 6.0 2.0 27.32903 25.39998 87.68121 271.0
2.0 11.0 11.0 48.52857 14.11194 56.51183 752.0
2.0 11.0 2.0 27.32903 25.39998 87.68121 752.0
2.0 13.0 13.0 21.80715 31.13407 56.40337 775.0
2.0 13.0 2.0 27.32903 25.39998 87.68121 775.0
2.0 16.0 16.0 37.09011 39.07751 124.67271 415.0
2.0 16.0 2.0 27.32903 25.39998 87.68121 415.0
2.0 19.0 19.0 66.38661 15.84439 45.28494 4.0
2.0 19.0 2.0 27.32903 25.39998 87.68121 4.0
2.0 20.0 20.0 84.94623 53.73403 22.17799 1.0
2.0 20.0 2.0 27.32903 25.39998 87.68121 1.0
2.0 21.0 21.0 28.21366 78.14631 19.34647 1.0
2.0 21.0 2.0 27.32903 25.39998 87.68121 1.0
2.0 22.0 22.0 25.08213 80.02155 119.44633 43.0
2.0 22.0 2.0 27.32903 25.39998 87.68121 43.0
2.0 27.0 27.0 18.76226 45.33836 103.80595 894.0
2.0 27.0 2.0 27.32903 25.39998 87.68121 894.0
2.0 28.0 28.0 84.37497 38.91255 143.13804 1.0
2.0 28.0 2.0 27.32903 25.39998 87.68121 1.0
2.0 36.0 36.0 51.18993 19.46586 119.68175 291.0
2.0 36.0 2.0 27.32903 25.39998 87.68121 291.0
2.0 37.0 37.0 80.17447 11.07486 113.83479 265.0
2.0 37.0 2.0 27.32903 25.39998 87.68121 265.0
2.0 39.0 39.0 21.82091 50.11932 32.79644 77.0
2.0 39.0 2.0 27.32903 25.39998 87.68121 77.0
2.0 44.0 44.0 70.212 22.74352 131.35702 14.0
2.0 44.0 2.0 27.32903 25.39998 87.68121 14.0
3.0 2.0 2.0 27.32903 25.39998 87.68121 157.0
3.0 2.0 3.0 83.11706 3.8341 88.05437 157.0
3.0 3.0 3.0 83.11706 3.8341 88.05437 3910.0
3.0 3.0 3.0 83.11706 3.8341 88.05437 3910.0
3.0 7.0 7.0 121.68067 13.45274 56.90115 126.0
3.0 7.0 3.0 83.11706 3.8341 88.05437 126.0
3.0 10.0 10.0 97.03435 3.91826 61.06994 920.0
3.0 10.0 3.0 83.11706 3.8341 88.05437 920.0
3.0 11.0 11.0 48.52857 14.11194 56.51183 620.0
3.0 11.0 3.0 83.11706 3.8341 88.05437 620.0
3.0 13.0 13.0 21.80715 31.13407 56.40337 2.0
3.0 13.0 3.0 83.11706 3.8341 88.05437 2.0
3.0 15.0 15.0 145.14032 26.59912 64.65499 9.0
3.0 15.0 3.0 83.11706 3.8341 88.05437 9.0
3.0 16.0 16.0 37.09011 39.07751 124.67271 8.0
3.0 16.0 3.0 83.11706 3.8341 88.05437 8.0
3.0 17.0 17.0 122.8495 11.0119 94.56841 635.0
3.0 17.0 3.0 83.11706 3.8341 88.05437 635.0
3.0 19.0 19.0 66.38661 15.84439 45.28494 247.0
3.0 19.0 3.0 83.11706 3.8341 88.05437 247.0
3.0 27.0 27.0 18.76226 45.33836 103.80595 2.0
3.0 27.0 3.0 83.11706 3.8341 88.05437 2.0
3.0 28.0 28.0 84.37497 38.91255 143.13804 4.0
3.0 28.0 3.0 83.11706 3.8341 88.05437 4.0
3.0 29.0 29.0 122.60495 20.56439 121.18916 141.0
3.0 29.0 3.0 83.11706 3.8341 88.05437 141.0
3.0 31.0 31.0 121.63882 38.94725 36.07776 2.0
3.0 31.0 3.0 83.11706 3.8341 88.05437 2.0
3.0 33.0 33.0 97.26726 49.89871 149.22992 1.0
3.0 33.0 3.0 83.11706 3.8341 88.05437 1.0
3.0 36.0 36.0 51.18993 19.46586 119.68175 82.0
3.0 36.0 3.0 83.11706 3.8341 88.05437 82.0
3.0 37.0 37.0 80.17447 11.07486 113.83479 1410.0
3.0 37.0 3.0 83.11706 3.8341 88.05437 1410.0
3.0 40.0 40.0 83.23679 23.54081 42.38985 78.0
3.0 40.0 3.0 83.11706 3.8341 88.05437 78.0
3.0 44.0 44.0 70.212 22.74352 131.35702 32.0
3.0 44.0 3.0 83.11706 3.8341 88.05437 32.0
4.0 0.0 0.0 55.10723 48.93353 141.9946 8.0
4.0 0.0 4.0 72.03867 108.40707 139.65757 8.0
4.0 4.0 4.0 72.03867 108.40707 139.65757 3600.0
4.0 4.0 4.0 72.03867 108.40707 139.65757 3600.0
4.0 5.0 5.0 36.13028 130.02806 82.1644 50.0
4.0 5.0 4.0 72.03867 108.40707 139.65757 50.0
4.0 6.0 6.0 5.47554 84.80034 74.40639 2.0
4.0 6.0 4.0 72.03867 108.40707 139.65757 2.0
4.0 9.0 9.0 78.60184 139.91973 102.65172 155.0
4.0 9.0 4.0 72.03867 108.40707 139.65757 155.0
4.0 22.0 22.0 25.08213 80.02155 119.44633 257.0
4.0 22.0 4.0 72.03867 108.40707 139.65757 257.0
4.0 24.0 24.0 107.87707 87.22511 149.15112 834.0
4.0 24.0 4.0 72.03867 108.40707 139.65757 834.0
4.0 28.0 28.0 84.37497 38.91255 143.13804 2.0
4.0 28.0 4.0 72.03867 108.40707 139.65757 2.0
4.0 33.0 33.0 97.26726 49.89871 149.22992 6.0
4.0 33.0 4.0 72.03867 108.40707 139.65757 6.0
4.0 34.0 34.0 127.805 111.20885 129.62385 474.0
4.0 34.0 4.0 72.03867 108.40707 139.65757 474.0
4.0 37.0 37.0 80.17447 11.07486 113.83479 1.0
4.0 37.0 4.0 72.03867 108.40707 139.65757 1.0
4.0 38.0 38.0 88.73841 68.41888 152.61937 141.0
4.0 38.0 4.0 72.03867 108.40707 139.65757 141.0
4.0 41.0 41.0 59.82618 126.03285 122.5178 1554.0
4.0 41.0 4.0 72.03867 108.40707 139.65757 1554.0
4.0 42.0 42.0 56.57011 85.19936 144.93997 1182.0
4.0 42.0 4.0 72.03867 108.40707 139.65757 1182.0
4.0 43.0 43.0 101.76431 137.71024 99.17214 43.0
4.0 43.0 4.0 72.03867 108.40707 139.65757 43.0
4.0 45.0 45.0 35.10329 116.37108 28.55487 1.0
4.0 45.0 4.0 72.03867 108.40707 139.65757 1.0
5.0 1.0 1.0 66.24731 89.22071 7.45522 9.0
5.0 1.0 5.0 36.13028 130.02806 82.1644 9.0
5.0 4.0 4.0 72.03867 108.40707 139.65757 52.0
5.0 4.0 5.0 36.13028 130.02806 82.1644 52.0
5.0 5.0 5.0 36.13028 130.02806 82.1644 12037.0
5.0 5.0 5.0 36.13028 130.02806 82.1644 12037.0
5.0 6.0 6.0 5.47554 84.80034 74.40639 1135.0
5.0 6.0 5.0 36.13028 130.02806 82.1644 1135.0
5.0 8.0 8.0 108.17816 86.01917 38.67131 1.0
5.0 8.0 5.0 36.13028 130.02806 82.1644 1.0
5.0 9.0 9.0 78.60184 139.91973 102.65172 762.0
5.0 9.0 5.0 36.13028 130.02806 82.1644 762.0
5.0 21.0 21.0 28.21366 78.14631 19.34647 9.0
5.0 21.0 5.0 36.13028 130.02806 82.1644 9.0
5.0 22.0 22.0 25.08213 80.02155 119.44633 671.0
5.0 22.0 5.0 36.13028 130.02806 82.1644 671.0
5.0 30.0 30.0 88.33665 139.93332 62.65261 939.0
5.0 30.0 5.0 36.13028 130.02806 82.1644 939.0
5.0 34.0 34.0 127.805 111.20885 129.62385 1.0
5.0 34.0 5.0 36.13028 130.02806 82.1644 1.0
5.0 41.0 41.0 59.82618 126.03285 122.5178 1272.0
5.0 41.0 5.0 36.13028 130.02806 82.1644 1272.0
5.0 42.0 42.0 56.57011 85.19936 144.93997 22.0
5.0 42.0 5.0 36.13028 130.02806 82.1644 22.0
5.0 43.0 43.0 101.76431 137.71024 99.17214 37.0
5.0 43.0 5.0 36.13028 130.02806 82.1644 37.0
5.0 45.0 45.0 35.10329 116.37108 28.55487 1105.0
5.0 45.0 5.0 36.13028 130.02806 82.1644 1105.0
5.0 46.0 46.0 114.52971 130.25185 52.73404 4.0
5.0 46.0 5.0 36.13028 130.02806 82.1644 4.0
6.0 0.0 0.0 55.10723 48.93353 141.9946 1.0
6.0 0.0 6.0 5.47554 84.80034 74.40639 1.0
6.0 2.0 2.0 27.32903 25.39998 87.68121 292.0
6.0 2.0 6.0 5.47554 84.80034 74.40639 292.0
6.0 4.0 4.0 72.03867 108.40707 139.65757 2.0
6.0 4.0 6.0 5.47554 84.80034 74.40639 2.0
6.0 5.0 5.0 36.13028 130.02806 82.1644 1118.0
6.0 5.0 6.0 5.47554 84.80034 74.40639 1118.0
6.0 6.0 6.0 5.47554 84.80034 74.40639 8682.0
6.0 6.0 6.0 5.47554 84.80034 74.40639 8682.0
6.0 8.0 8.0 108.17816 86.01917 38.67131 1.0
6.0 8.0 6.0 5.47554 84.80034 74.40639 1.0
6.0 13.0 13.0 21.80715 31.13407 56.40337 235.0
6.0 13.0 6.0 5.47554 84.80034 74.40639 235.0
6.0 16.0 16.0 37.09011 39.07751 124.67271 7.0
6.0 16.0 6.0 5.47554 84.80034 74.40639 7.0
6.0 21.0 21.0 28.21366 78.14631 19.34647 389.0
6.0 21.0 6.0 5.47554 84.80034 74.40639 389.0
6.0 22.0 22.0 25.08213 80.02155 119.44633 1133.0
6.0 22.0 6.0 5.47554 84.80034 74.40639 1133.0
6.0 27.0 27.0 18.76226 45.33836 103.80595 472.0
6.0 27.0 6.0 5.47554 84.80034 74.40639 472.0
6.0 39.0 39.0 21.82091 50.11932 32.79644 744.0
6.0 39.0 6.0 5.47554 84.80034 74.40639 744.0
6.0 41.0 41.0 59.82618 126.03285 122.5178 12.0
6.0 41.0 6.0 5.47554 84.80034 74.40639 12.0
6.0 45.0 45.0 35.10329 116.37108 28.55487 561.0
6.0 45.0 6.0 5.47554 84.80034 74.40639 561.0
7.0 3.0 3.0 83.11706 3.8341 88.05437 127.0
7.0 3.0 7.0 121.68067 13.45274 56.90115 127.0
7.0 7.0 7.0 121.68067 13.45274 56.90115 2227.0
7.0 7.0 7.0 121.68067 13.45274 56.90115 2227.0
7.0 8.0 8.0 108.17816 86.01917 38.67131 4.0
7.0 8.0 7.0 121.68067 13.45274 56.90115 4.0
7.0 10.0 10.0 97.03435 3.91826 61.06994 790.0
7.0 10.0 7.0 121.68067 13.45274 56.90115 790.0
7.0 11.0 11.0 48.52857 14.11194 56.51183 1.0
7.0 11.0 7.0 121.68067 13.45274 56.90115 1.0
7.0 15.0 15.0 145.14032 26.59912 64.65499 844.0
7.0 15.0 7.0 121.68067 13.45274 56.90115 844.0
7.0 17.0 17.0 122.8495 11.0119 94.56841 456.0
7.0 17.0 7.0 121.68067 13.45274 56.90115 456.0
7.0 18.0 18.0 159.19521 24.80869 93.79849 20.0
7.0 18.0 7.0 121.68067 13.45274 56.90115 20.0
7.0 19.0 19.0 66.38661 15.84439 45.28494 12.0
7.0 19.0 7.0 121.68067 13.45274 56.90115 12.0
7.0 20.0 20.0 84.94623 53.73403 22.17799 17.0
7.0 20.0 7.0 121.68067 13.45274 56.90115 17.0
7.0 23.0 23.0 173.48367 43.51507 77.03331 8.0
7.0 23.0 7.0 121.68067 13.45274 56.90115 8.0
7.0 29.0 29.0 122.60495 20.56439 121.18916 8.0
7.0 29.0 7.0 121.68067 13.45274 56.90115 8.0
7.0 31.0 31.0 121.63882 38.94725 36.07776 906.0
7.0 31.0 7.0 121.68067 13.45274 56.90115 906.0
7.0 37.0 37.0 80.17447 11.07486 113.83479 3.0
7.0 37.0 7.0 121.68067 13.45274 56.90115 3.0
7.0 40.0 40.0 83.23679 23.54081 42.38985 171.0
7.0 40.0 7.0 121.68067 13.45274 56.90115 171.0
8.0 1.0 1.0 66.24731 89.22071 7.45522 855.0
8.0 1.0 8.0 108.17816 86.01917 38.67131 855.0
8.0 3.0 3.0 83.11706 3.8341 88.05437 1.0
8.0 3.0 8.0 108.17816 86.01917 38.67131 1.0
8.0 4.0 4.0 72.03867 108.40707 139.65757 1.0
8.0 4.0 8.0 108.17816 86.01917 38.67131 1.0
8.0 5.0 5.0 36.13028 130.02806 82.1644 2.0
8.0 5.0 8.0 108.17816 86.01917 38.67131 2.0
8.0 7.0 7.0 121.68067 13.45274 56.90115 4.0
8.0 7.0 8.0 108.17816 86.01917 38.67131 4.0
8.0 8.0 8.0 108.17816 86.01917 38.67131 15594.0
8.0 8.0 8.0 108.17816 86.01917 38.67131 15594.0
8.0 12.0 12.0 179.82501 86.33508 84.71952 4.0
8.0 12.0 8.0 108.17816 86.01917 38.67131 4.0
8.0 13.0 13.0 21.80715 31.13407 56.40337 1.0
8.0 13.0 8.0 108.17816 86.01917 38.67131 1.0
8.0 14.0 14.0 128.34197 116.05002 40.30001 1485.0
8.0 14.0 8.0 108.17816 86.01917 38.67131 1485.0
8.0 15.0 15.0 145.14032 26.59912 64.65499 24.0
8.0 15.0 8.0 108.17816 86.01917 38.67131 24.0
8.0 20.0 20.0 84.94623 53.73403 22.17799 1686.0
8.0 20.0 8.0 108.17816 86.01917 38.67131 1686.0
8.0 23.0 23.0 173.48367 43.51507 77.03331 7.0
8.0 23.0 8.0 108.17816 86.01917 38.67131 7.0
8.0 24.0 24.0 107.87707 87.22511 149.15112 1.0
8.0 24.0 8.0 108.17816 86.01917 38.67131 1.0
8.0 30.0 30.0 88.33665 139.93332 62.65261 334.0
8.0 30.0 8.0 108.17816 86.01917 38.67131 334.0
8.0 31.0 31.0 121.63882 38.94725 36.07776 994.0
8.0 31.0 8.0 108.17816 86.01917 38.67131 994.0
8.0 32.0 32.0 156.9887 89.1152 57.99817 836.0
8.0 32.0 8.0 108.17816 86.01917 38.67131 836.0
8.0 35.0 35.0 147.84626 121.11523 95.65445 1.0
8.0 35.0 8.0 108.17816 86.01917 38.67131 1.0
8.0 40.0 40.0 83.23679 23.54081 42.38985 13.0
8.0 40.0 8.0 108.17816 86.01917 38.67131 13.0
8.0 41.0 41.0 59.82618 126.03285 122.5178 1.0
8.0 41.0 8.0 108.17816 86.01917 38.67131 1.0
8.0 45.0 45.0 35.10329 116.37108 28.55487 54.0
8.0 45.0 8.0 108.17816 86.01917 38.67131 54.0
8.0 46.0 46.0 114.52971 130.25185 52.73404 646.0
8.0 46.0 8.0 108.17816 86.01917 38.67131 646.0
9.0 4.0 4.0 72.03867 108.40707 139.65757 170.0
9.0 4.0 9.0 78.60184 139.91973 102.65172 170.0
9.0 5.0 5.0 36.13028 130.02806 82.1644 732.0
9.0 5.0 9.0 78.60184 139.91973 102.65172 732.0
9.0 9.0 9.0 78.60184 139.91973 102.65172 2748.0
9.0 9.0 9.0 78.60184 139.91973 102.65172 2748.0
9.0 12.0 12.0 179.82501 86.33508 84.71952 1.0
9.0 12.0 9.0 78.60184 139.91973 102.65172 1.0
9.0 22.0 22.0 25.08213 80.02155 119.44633 1.0
9.0 22.0 9.0 78.60184 139.91973 102.65172 1.0
9.0 24.0 24.0 107.87707 87.22511 149.15112 18.0
9.0 24.0 9.0 78.60184 139.91973 102.65172 18.0
9.0 30.0 30.0 88.33665 139.93332 62.65261 665.0
9.0 30.0 9.0 78.60184 139.91973 102.65172 665.0
9.0 34.0 34.0 127.805 111.20885 129.62385 343.0
9.0 34.0 9.0 78.60184 139.91973 102.65172 343.0
9.0 35.0 35.0 147.84626 121.11523 95.65445 10.0
9.0 35.0 9.0 78.60184 139.91973 102.65172 10.0
9.0 41.0 41.0 59.82618 126.03285 122.5178 1170.0
9.0 41.0 9.0 78.60184 139.91973 102.65172 1170.0
9.0 43.0 43.0 101.76431 137.71024 99.17214 1092.0
9.0 43.0 9.0 78.60184 139.91973 102.65172 1092.0
9.0 45.0 45.0 35.10329 116.37108 28.55487 1.0
9.0 45.0 9.0 78.60184 139.91973 102.65172 1.0
9.0 46.0 46.0 114.52971 130.25185 52.73404 2.0
9.0 46.0 9.0 78.60184 139.91973 102.65172 2.0
10.0 3.0 3.0 83.11706 3.8341 88.05437 868.0
10.0 3.0 10.0 97.03435 3.91826 61.06994 868.0
10.0 7.0 7.0 121.68067 13.45274 56.90115 812.0
10.0 7.0 10.0 97.03435 3.91826 61.06994 812.0
10.0 10.0 10.0 97.03435 3.91826 61.06994 2314.0
10.0 10.0 10.0 97.03435 3.91826 61.06994 2314.0
10.0 11.0 11.0 48.52857 14.11194 56.51183 96.0
10.0 11.0 10.0 97.03435 3.91826 61.06994 96.0
10.0 15.0 15.0 145.14032 26.59912 64.65499 48.0
10.0 15.0 10.0 97.03435 3.91826 61.06994 48.0
10.0 17.0 17.0 122.8495 11.0119 94.56841 249.0
10.0 17.0 10.0 97.03435 3.91826 61.06994 249.0
10.0 18.0 18.0 159.19521 24.80869 93.79849 1.0
10.0 18.0 10.0 97.03435 3.91826 61.06994 1.0
10.0 19.0 19.0 66.38661 15.84439 45.28494 345.0
10.0 19.0 10.0 97.03435 3.91826 61.06994 345.0
10.0 20.0 20.0 84.94623 53.73403 22.17799 21.0
10.0 20.0 10.0 97.03435 3.91826 61.06994 21.0
10.0 29.0 29.0 122.60495 20.56439 121.18916 5.0
10.0 29.0 10.0 97.03435 3.91826 61.06994 5.0
10.0 31.0 31.0 121.63882 38.94725 36.07776 223.0
10.0 31.0 10.0 97.03435 3.91826 61.06994 223.0
10.0 37.0 37.0 80.17447 11.07486 113.83479 30.0
10.0 37.0 10.0 97.03435 3.91826 61.06994 30.0
10.0 40.0 40.0 83.23679 23.54081 42.38985 662.0
10.0 40.0 10.0 97.03435 3.91826 61.06994 662.0
11.0 1.0 1.0 66.24731 89.22071 7.45522 9.0
11.0 1.0 11.0 48.52857 14.11194 56.51183 9.0
11.0 2.0 2.0 27.32903 25.39998 87.68121 758.0
11.0 2.0 11.0 48.52857 14.11194 56.51183 758.0
11.0 3.0 3.0 83.11706 3.8341 88.05437 620.0
11.0 3.0 11.0 48.52857 14.11194 56.51183 620.0
11.0 7.0 7.0 121.68067 13.45274 56.90115 1.0
11.0 7.0 11.0 48.52857 14.11194 56.51183 1.0
11.0 8.0 8.0 108.17816 86.01917 38.67131 1.0
11.0 8.0 11.0 48.52857 14.11194 56.51183 1.0
11.0 10.0 10.0 97.03435 3.91826 61.06994 98.0
11.0 10.0 11.0 48.52857 14.11194 56.51183 98.0
11.0 11.0 11.0 48.52857 14.11194 56.51183 4543.0
11.0 11.0 11.0 48.52857 14.11194 56.51183 4543.0
11.0 13.0 13.0 21.80715 31.13407 56.40337 843.0
11.0 13.0 11.0 48.52857 14.11194 56.51183 843.0
11.0 16.0 16.0 37.09011 39.07751 124.67271 10.0
11.0 16.0 11.0 48.52857 14.11194 56.51183 10.0
11.0 19.0 19.0 66.38661 15.84439 45.28494 1152.0
11.0 19.0 11.0 48.52857 14.11194 56.51183 1152.0
11.0 20.0 20.0 84.94623 53.73403 22.17799 142.0
11.0 20.0 11.0 48.52857 14.11194 56.51183 142.0
11.0 21.0 21.0 28.21366 78.14631 19.34647 17.0
11.0 21.0 11.0 48.52857 14.11194 56.51183 17.0
11.0 27.0 27.0 18.76226 45.33836 103.80595 9.0
11.0 27.0 11.0 48.52857 14.11194 56.51183 9.0
11.0 31.0 31.0 121.63882 38.94725 36.07776 3.0
11.0 31.0 11.0 48.52857 14.11194 56.51183 3.0
11.0 36.0 36.0 51.18993 19.46586 119.68175 44.0
11.0 36.0 11.0 48.52857 14.11194 56.51183 44.0
11.0 37.0 37.0 80.17447 11.07486 113.83479 142.0
11.0 37.0 11.0 48.52857 14.11194 56.51183 142.0
11.0 39.0 39.0 21.82091 50.11932 32.79644 492.0
11.0 39.0 11.0 48.52857 14.11194 56.51183 492.0
11.0 40.0 40.0 83.23679 23.54081 42.38985 303.0
11.0 40.0 11.0 48.52857 14.11194 56.51183 303.0
11.0 44.0 44.0 70.212 22.74352 131.35702 3.0
11.0 44.0 11.0 48.52857 14.11194 56.51183 3.0
12.0 8.0 8.0 108.17816 86.01917 38.67131 2.0
12.0 8.0 12.0 179.82501 86.33508 84.71952 2.0
12.0 12.0 12.0 179.82501 86.33508 84.71952 3308.0
12.0 12.0 12.0 179.82501 86.33508 84.71952 3308.0
12.0 14.0 14.0 128.34197 116.05002 40.30001 3.0
12.0 14.0 12.0 179.82501 86.33508 84.71952 3.0
12.0 15.0 15.0 145.14032 26.59912 64.65499 11.0
12.0 15.0 12.0 179.82501 86.33508 84.71952 11.0
12.0 18.0 18.0 159.19521 24.80869 93.79849 14.0
12.0 18.0 12.0 179.82501 86.33508 84.71952 14.0
12.0 23.0 23.0 173.48367 43.51507 77.03331 331.0
12.0 23.0 12.0 179.82501 86.33508 84.71952 331.0
12.0 24.0 24.0 107.87707 87.22511 149.15112 1.0
12.0 24.0 12.0 179.82501 86.33508 84.71952 1.0
12.0 25.0 25.0 182.8556 64.01106 100.2511 659.0
12.0 25.0 12.0 179.82501 86.33508 84.71952 659.0
12.0 31.0 31.0 121.63882 38.94725 36.07776 5.0
12.0 31.0 12.0 179.82501 86.33508 84.71952 5.0
12.0 32.0 32.0 156.9887 89.1152 57.99817 976.0
12.0 32.0 12.0 179.82501 86.33508 84.71952 976.0
12.0 34.0 34.0 127.805 111.20885 129.62385 48.0
12.0 34.0 12.0 179.82501 86.33508 84.71952 48.0
12.0 35.0 35.0 147.84626 121.11523 95.65445 693.0
12.0 35.0 12.0 179.82501 86.33508 84.71952 693.0
12.0 46.0 46.0 114.52971 130.25185 52.73404 3.0
12.0 46.0 12.0 179.82501 86.33508 84.71952 3.0
12.0 47.0 47.0 164.19403 62.75628 126.10628 257.0
12.0 47.0 12.0 179.82501 86.33508 84.71952 257.0
13.0 2.0 2.0 27.32903 25.39998 87.68121 776.0
13.0 2.0 13.0 21.80715 31.13407 56.40337 776.0
13.0 3.0 3.0 83.11706 3.8341 88.05437 5.0
13.0 3.0 13.0 21.80715 31.13407 56.40337 5.0
13.0 6.0 6.0 5.47554 84.80034 74.40639 257.0
13.0 6.0 13.0 21.80715 31.13407 56.40337 257.0
13.0 11.0 11.0 48.52857 14.11194 56.51183 874.0
13.0 11.0 13.0 21.80715 31.13407 56.40337 874.0
13.0 13.0 13.0 21.80715 31.13407 56.40337 2092.0
13.0 13.0 13.0 21.80715 31.13407 56.40337 2092.0
13.0 16.0 16.0 37.09011 39.07751 124.67271 1.0
13.0 16.0 13.0 21.80715 31.13407 56.40337 1.0
13.0 19.0 19.0 66.38661 15.84439 45.28494 46.0
13.0 19.0 13.0 21.80715 31.13407 56.40337 46.0
13.0 20.0 20.0 84.94623 53.73403 22.17799 4.0
13.0 20.0 13.0 21.80715 31.13407 56.40337 4.0
13.0 21.0 21.0 28.21366 78.14631 19.34647 6.0
13.0 21.0 13.0 21.80715 31.13407 56.40337 6.0
13.0 22.0 22.0 25.08213 80.02155 119.44633 2.0
13.0 22.0 13.0 21.80715 31.13407 56.40337 2.0
13.0 27.0 27.0 18.76226 45.33836 103.80595 61.0
13.0 27.0 13.0 21.80715 31.13407 56.40337 61.0
13.0 36.0 36.0 51.18993 19.46586 119.68175 1.0
13.0 36.0 13.0 21.80715 31.13407 56.40337 1.0
13.0 39.0 39.0 21.82091 50.11932 32.79644 984.0
13.0 39.0 13.0 21.80715 31.13407 56.40337 984.0
13.0 40.0 40.0 83.23679 23.54081 42.38985 1.0
13.0 40.0 13.0 21.80715 31.13407 56.40337 1.0
14.0 1.0 1.0 66.24731 89.22071 7.45522 31.0
14.0 1.0 14.0 128.34197 116.05002 40.30001 31.0
14.0 8.0 8.0 108.17816 86.01917 38.67131 1464.0
14.0 8.0 14.0 128.34197 116.05002 40.30001 1464.0
14.0 12.0 12.0 179.82501 86.33508 84.71952 8.0
14.0 12.0 14.0 128.34197 116.05002 40.30001 8.0
14.0 14.0 14.0 128.34197 116.05002 40.30001 4002.0
14.0 14.0 14.0 128.34197 116.05002 40.30001 4002.0
14.0 20.0 20.0 84.94623 53.73403 22.17799 4.0
14.0 20.0 14.0 128.34197 116.05002 40.30001 4.0
14.0 30.0 30.0 88.33665 139.93332 62.65261 138.0
14.0 30.0 14.0 128.34197 116.05002 40.30001 138.0
14.0 31.0 31.0 121.63882 38.94725 36.07776 6.0
14.0 31.0 14.0 128.34197 116.05002 40.30001 6.0
14.0 32.0 32.0 156.9887 89.1152 57.99817 789.0
14.0 32.0 14.0 128.34197 116.05002 40.30001 789.0
14.0 35.0 35.0 147.84626 121.11523 95.65445 193.0
14.0 35.0 14.0 128.34197 116.05002 40.30001 193.0
14.0 43.0 43.0 101.76431 137.71024 99.17214 1.0
14.0 43.0 14.0 128.34197 116.05002 40.30001 1.0
14.0 45.0 45.0 35.10329 116.37108 28.55487 1.0
14.0 45.0 14.0 128.34197 116.05002 40.30001 1.0
14.0 46.0 46.0 114.52971 130.25185 52.73404 1593.0
14.0 46.0 14.0 128.34197 116.05002 40.30001 1593.0
15.0 3.0 3.0 83.11706 3.8341 88.05437 18.0
15.0 3.0 15.0 145.14032 26.59912 64.65499 18.0
15.0 7.0 7.0 121.68067 13.45274 56.90115 852.0
15.0 7.0 15.0 145.14032 26.59912 64.65499 852.0
15.0 8.0 8.0 108.17816 86.01917 38.67131 39.0
15.0 8.0 15.0 145.14032 26.59912 64.65499 39.0
15.0 10.0 10.0 97.03435 3.91826 61.06994 38.0
15.0 10.0 15.0 145.14032 26.59912 64.65499 38.0
15.0 12.0 12.0 179.82501 86.33508 84.71952 19.0
15.0 12.0 15.0 145.14032 26.59912 64.65499 19.0
15.0 15.0 15.0 145.14032 26.59912 64.65499 2759.0
15.0 15.0 15.0 145.14032 26.59912 64.65499 2759.0
15.0 17.0 17.0 122.8495 11.0119 94.56841 503.0
15.0 17.0 15.0 145.14032 26.59912 64.65499 503.0
15.0 18.0 18.0 159.19521 24.80869 93.79849 605.0
15.0 18.0 15.0 145.14032 26.59912 64.65499 605.0
15.0 23.0 23.0 173.48367 43.51507 77.03331 443.0
15.0 23.0 15.0 145.14032 26.59912 64.65499 443.0
15.0 25.0 25.0 182.8556 64.01106 100.2511 7.0
15.0 25.0 15.0 145.14032 26.59912 64.65499 7.0
15.0 26.0 26.0 132.12207 45.11857 139.10457 3.0
15.0 26.0 15.0 145.14032 26.59912 64.65499 3.0
15.0 29.0 29.0 122.60495 20.56439 121.18916 34.0
15.0 29.0 15.0 145.14032 26.59912 64.65499 34.0
15.0 31.0 31.0 121.63882 38.94725 36.07776 802.0
15.0 31.0 15.0 145.14032 26.59912 64.65499 802.0
15.0 32.0 32.0 156.9887 89.1152 57.99817 180.0
15.0 32.0 15.0 145.14032 26.59912 64.65499 180.0
15.0 37.0 37.0 80.17447 11.07486 113.83479 1.0
15.0 37.0 15.0 145.14032 26.59912 64.65499 1.0
15.0 47.0 47.0 164.19403 62.75628 126.10628 4.0
15.0 47.0 15.0 145.14032 26.59912 64.65499 4.0
16.0 0.0 0.0 55.10723 48.93353 141.9946 780.0
16.0 0.0 16.0 37.09011 39.07751 124.67271 780.0
16.0 2.0 2.0 27.32903 25.39998 87.68121 408.0
16.0 2.0 16.0 37.09011 39.07751 124.67271 408.0
16.0 3.0 3.0 83.11706 3.8341 88.05437 10.0
16.0 3.0 16.0 37.09011 39.07751 124.67271 10.0
16.0 4.0 4.0 72.03867 108.40707 139.65757 1.0
16.0 4.0 16.0 37.09011 39.07751 124.67271 1.0
16.0 6.0 6.0 5.47554 84.80034 74.40639 9.0
16.0 6.0 16.0 37.09011 39.07751 124.67271 9.0
16.0 11.0 11.0 48.52857 14.11194 56.51183 19.0
16.0 11.0 16.0 37.09011 39.07751 124.67271 19.0
16.0 16.0 16.0 37.09011 39.07751 124.67271 2318.0
16.0 16.0 16.0 37.09011 39.07751 124.67271 2318.0
16.0 22.0 22.0 25.08213 80.02155 119.44633 723.0
16.0 22.0 16.0 37.09011 39.07751 124.67271 723.0
16.0 23.0 23.0 173.48367 43.51507 77.03331 1.0
16.0 23.0 16.0 37.09011 39.07751 124.67271 1.0
16.0 26.0 26.0 132.12207 45.11857 139.10457 1.0
16.0 26.0 16.0 37.09011 39.07751 124.67271 1.0
16.0 27.0 27.0 18.76226 45.33836 103.80595 638.0
16.0 27.0 16.0 37.09011 39.07751 124.67271 638.0
16.0 28.0 28.0 84.37497 38.91255 143.13804 25.0
16.0 28.0 16.0 37.09011 39.07751 124.67271 25.0
16.0 36.0 36.0 51.18993 19.46586 119.68175 550.0
16.0 36.0 16.0 37.09011 39.07751 124.67271 550.0
16.0 37.0 37.0 80.17447 11.07486 113.83479 93.0
16.0 37.0 16.0 37.09011 39.07751 124.67271 93.0
16.0 38.0 38.0 88.73841 68.41888 152.61937 10.0
16.0 38.0 16.0 37.09011 39.07751 124.67271 10.0
16.0 42.0 42.0 56.57011 85.19936 144.93997 101.0
16.0 42.0 16.0 37.09011 39.07751 124.67271 101.0
16.0 44.0 44.0 70.212 22.74352 131.35702 143.0
16.0 44.0 16.0 37.09011 39.07751 124.67271 143.0
17.0 3.0 3.0 83.11706 3.8341 88.05437 650.0
17.0 3.0 17.0 122.8495 11.0119 94.56841 650.0
17.0 7.0 7.0 121.68067 13.45274 56.90115 477.0
17.0 7.0 17.0 122.8495 11.0119 94.56841 477.0
17.0 10.0 10.0 97.03435 3.91826 61.06994 269.0
17.0 10.0 17.0 122.8495 11.0119 94.56841 269.0
17.0 15.0 15.0 145.14032 26.59912 64.65499 532.0
17.0 15.0 17.0 122.8495 11.0119 94.56841 532.0
17.0 17.0 17.0 122.8495 11.0119 94.56841 2748.0
17.0 17.0 17.0 122.8495 11.0119 94.56841 2748.0
17.0 18.0 18.0 159.19521 24.80869 93.79849 364.0
17.0 18.0 17.0 122.8495 11.0119 94.56841 364.0
17.0 19.0 19.0 66.38661 15.84439 45.28494 2.0
17.0 19.0 17.0 122.8495 11.0119 94.56841 2.0
17.0 23.0 23.0 173.48367 43.51507 77.03331 3.0
17.0 23.0 17.0 122.8495 11.0119 94.56841 3.0
17.0 26.0 26.0 132.12207 45.11857 139.10457 45.0
17.0 26.0 17.0 122.8495 11.0119 94.56841 45.0
17.0 28.0 28.0 84.37497 38.91255 143.13804 8.0
17.0 28.0 17.0 122.8495 11.0119 94.56841 8.0
17.0 29.0 29.0 122.60495 20.56439 121.18916 822.0
17.0 29.0 17.0 122.8495 11.0119 94.56841 822.0
17.0 31.0 31.0 121.63882 38.94725 36.07776 4.0
17.0 31.0 17.0 122.8495 11.0119 94.56841 4.0
17.0 33.0 33.0 97.26726 49.89871 149.22992 1.0
17.0 33.0 17.0 122.8495 11.0119 94.56841 1.0
17.0 37.0 37.0 80.17447 11.07486 113.83479 287.0
17.0 37.0 17.0 122.8495 11.0119 94.56841 287.0
17.0 40.0 40.0 83.23679 23.54081 42.38985 1.0
17.0 40.0 17.0 122.8495 11.0119 94.56841 1.0
17.0 44.0 44.0 70.212 22.74352 131.35702 2.0
17.0 44.0 17.0 122.8495 11.0119 94.56841 2.0
17.0 45.0 45.0 35.10329 116.37108 28.55487 1.0
17.0 45.0 17.0 122.8495 11.0119 94.56841 1.0
17.0 47.0 47.0 164.19403 62.75628 126.10628 14.0
17.0 47.0 17.0 122.8495 11.0119 94.56841 14.0
18.0 3.0 3.0 83.11706 3.8341 88.05437 1.0
18.0 3.0 18.0 159.19521 24.80869 93.79849 1.0
18.0 7.0 7.0 121.68067 13.45274 56.90115 23.0
18.0 7.0 18.0 159.19521 24.80869 93.79849 23.0
18.0 10.0 10.0 97.03435 3.91826 61.06994 1.0
18.0 10.0 18.0 159.19521 24.80869 93.79849 1.0
18.0 12.0 12.0 179.82501 86.33508 84.71952 5.0
18.0 12.0 18.0 159.19521 24.80869 93.79849 5.0
18.0 15.0 15.0 145.14032 26.59912 64.65499 588.0
18.0 15.0 18.0 159.19521 24.80869 93.79849 588.0
18.0 17.0 17.0 122.8495 11.0119 94.56841 364.0
18.0 17.0 18.0 159.19521 24.80869 93.79849 364.0
18.0 18.0 18.0 159.19521 24.80869 93.79849 1802.0
18.0 18.0 18.0 159.19521 24.80869 93.79849 1802.0
18.0 23.0 23.0 173.48367 43.51507 77.03331 555.0
18.0 23.0 18.0 159.19521 24.80869 93.79849 555.0
18.0 25.0 25.0 182.8556 64.01106 100.2511 61.0
18.0 25.0 18.0 159.19521 24.80869 93.79849 61.0
18.0 26.0 26.0 132.12207 45.11857 139.10457 120.0
18.0 26.0 18.0 159.19521 24.80869 93.79849 120.0
18.0 29.0 29.0 122.60495 20.56439 121.18916 317.0
18.0 29.0 18.0 159.19521 24.80869 93.79849 317.0
18.0 31.0 31.0 121.63882 38.94725 36.07776 9.0
18.0 31.0 18.0 159.19521 24.80869 93.79849 9.0
18.0 32.0 32.0 156.9887 89.1152 57.99817 6.0
18.0 32.0 18.0 159.19521 24.80869 93.79849 6.0
18.0 37.0 37.0 80.17447 11.07486 113.83479 2.0
18.0 37.0 18.0 159.19521 24.80869 93.79849 2.0
18.0 47.0 47.0 164.19403 62.75628 126.10628 379.0
18.0 47.0 18.0 159.19521 24.80869 93.79849 379.0
19.0 1.0 1.0 66.24731 89.22071 7.45522 15.0
19.0 1.0 19.0 66.38661 15.84439 45.28494 15.0
19.0 2.0 2.0 27.32903 25.39998 87.68121 9.0
19.0 2.0 19.0 66.38661 15.84439 45.28494 9.0
19.0 3.0 3.0 83.11706 3.8341 88.05437 245.0
19.0 3.0 19.0 66.38661 15.84439 45.28494 245.0
19.0 7.0 7.0 121.68067 13.45274 56.90115 8.0
19.0 7.0 19.0 66.38661 15.84439 45.28494 8.0
19.0 8.0 8.0 108.17816 86.01917 38.67131 1.0
19.0 8.0 19.0 66.38661 15.84439 45.28494 1.0
19.0 10.0 10.0 97.03435 3.91826 61.06994 333.0
19.0 10.0 19.0 66.38661 15.84439 45.28494 333.0
19.0 11.0 11.0 48.52857 14.11194 56.51183 1126.0
19.0 11.0 19.0 66.38661 15.84439 45.28494 1126.0
19.0 13.0 13.0 21.80715 31.13407 56.40337 35.0
19.0 13.0 19.0 66.38661 15.84439 45.28494 35.0
19.0 17.0 17.0 122.8495 11.0119 94.56841 1.0
19.0 17.0 19.0 66.38661 15.84439 45.28494 1.0
19.0 19.0 19.0 66.38661 15.84439 45.28494 1126.0
19.0 19.0 19.0 66.38661 15.84439 45.28494 1126.0
19.0 20.0 20.0 84.94623 53.73403 22.17799 313.0
19.0 20.0 19.0 66.38661 15.84439 45.28494 313.0
19.0 21.0 21.0 28.21366 78.14631 19.34647 9.0
19.0 21.0 19.0 66.38661 15.84439 45.28494 9.0
19.0 31.0 31.0 121.63882 38.94725 36.07776 14.0
19.0 31.0 19.0 66.38661 15.84439 45.28494 14.0
19.0 37.0 37.0 80.17447 11.07486 113.83479 10.0
19.0 37.0 19.0 66.38661 15.84439 45.28494 10.0
19.0 39.0 39.0 21.82091 50.11932 32.79644 111.0
19.0 39.0 19.0 66.38661 15.84439 45.28494 111.0
19.0 40.0 40.0 83.23679 23.54081 42.38985 879.0
19.0 40.0 19.0 66.38661 15.84439 45.28494 879.0
20.0 1.0 1.0 66.24731 89.22071 7.45522 1185.0
20.0 1.0 20.0 84.94623 53.73403 22.17799 1185.0
20.0 7.0 7.0 121.68067 13.45274 56.90115 10.0
20.0 7.0 20.0 84.94623 53.73403 22.17799 10.0
20.0 8.0 8.0 108.17816 86.01917 38.67131 1703.0
20.0 8.0 20.0 84.94623 53.73403 22.17799 1703.0
20.0 10.0 10.0 97.03435 3.91826 61.06994 14.0
20.0 10.0 20.0 84.94623 53.73403 22.17799 14.0
20.0 11.0 11.0 48.52857 14.11194 56.51183 156.0
20.0 11.0 20.0 84.94623 53.73403 22.17799 156.0
20.0 12.0 12.0 179.82501 86.33508 84.71952 1.0
20.0 12.0 20.0 84.94623 53.73403 22.17799 1.0
20.0 13.0 13.0 21.80715 31.13407 56.40337 10.0
20.0 13.0 20.0 84.94623 53.73403 22.17799 10.0
20.0 14.0 14.0 128.34197 116.05002 40.30001 6.0
20.0 14.0 20.0 84.94623 53.73403 22.17799 6.0
20.0 15.0 15.0 145.14032 26.59912 64.65499 1.0
20.0 15.0 20.0 84.94623 53.73403 22.17799 1.0
20.0 18.0 18.0 159.19521 24.80869 93.79849 1.0
20.0 18.0 20.0 84.94623 53.73403 22.17799 1.0
20.0 19.0 19.0 66.38661 15.84439 45.28494 266.0
20.0 19.0 20.0 84.94623 53.73403 22.17799 266.0
20.0 20.0 20.0 84.94623 53.73403 22.17799 6821.0
20.0 20.0 20.0 84.94623 53.73403 22.17799 6821.0
20.0 21.0 21.0 28.21366 78.14631 19.34647 140.0
20.0 21.0 20.0 84.94623 53.73403 22.17799 140.0
20.0 27.0 27.0 18.76226 45.33836 103.80595 1.0
20.0 27.0 20.0 84.94623 53.73403 22.17799 1.0
20.0 31.0 31.0 121.63882 38.94725 36.07776 1162.0
20.0 31.0 20.0 84.94623 53.73403 22.17799 1162.0
20.0 32.0 32.0 156.9887 89.1152 57.99817 5.0
20.0 32.0 20.0 84.94623 53.73403 22.17799 5.0
20.0 39.0 39.0 21.82091 50.11932 32.79644 272.0
20.0 39.0 20.0 84.94623 53.73403 22.17799 272.0
20.0 40.0 40.0 83.23679 23.54081 42.38985 952.0
20.0 40.0 20.0 84.94623 53.73403 22.17799 952.0
20.0 45.0 45.0 35.10329 116.37108 28.55487 2.0
20.0 45.0 20.0 84.94623 53.73403 22.17799 2.0
21.0 1.0 1.0 66.24731 89.22071 7.45522 853.0
21.0 1.0 21.0 28.21366 78.14631 19.34647 853.0
21.0 5.0 5.0 36.13028 130.02806 82.1644 5.0
21.0 5.0 21.0 28.21366 78.14631 19.34647 5.0
21.0 6.0 6.0 5.47554 84.80034 74.40639 353.0
21.0 6.0 21.0 28.21366 78.14631 19.34647 353.0
21.0 8.0 8.0 108.17816 86.01917 38.67131 3.0
21.0 8.0 21.0 28.21366 78.14631 19.34647 3.0
21.0 11.0 11.0 48.52857 14.11194 56.51183 23.0
21.0 11.0 21.0 28.21366 78.14631 19.34647 23.0
21.0 12.0 12.0 179.82501 86.33508 84.71952 1.0
21.0 12.0 21.0 28.21366 78.14631 19.34647 1.0
21.0 13.0 13.0 21.80715 31.13407 56.40337 6.0
21.0 13.0 21.0 28.21366 78.14631 19.34647 6.0
21.0 19.0 19.0 66.38661 15.84439 45.28494 6.0
21.0 19.0 21.0 28.21366 78.14631 19.34647 6.0
21.0 20.0 20.0 84.94623 53.73403 22.17799 139.0
21.0 20.0 21.0 28.21366 78.14631 19.34647 139.0
21.0 21.0 21.0 28.21366 78.14631 19.34647 3523.0
21.0 21.0 21.0 28.21366 78.14631 19.34647 3523.0
21.0 39.0 39.0 21.82091 50.11932 32.79644 1254.0
21.0 39.0 21.0 28.21366 78.14631 19.34647 1254.0
21.0 40.0 40.0 83.23679 23.54081 42.38985 3.0
21.0 40.0 21.0 28.21366 78.14631 19.34647 3.0
21.0 45.0 45.0 35.10329 116.37108 28.55487 1019.0
21.0 45.0 21.0 28.21366 78.14631 19.34647 1019.0
22.0 0.0 0.0 55.10723 48.93353 141.9946 358.0
22.0 0.0 22.0 25.08213 80.02155 119.44633 358.0
22.0 2.0 2.0 27.32903 25.39998 87.68121 32.0
22.0 2.0 22.0 25.08213 80.02155 119.44633 32.0
22.0 4.0 4.0 72.03867 108.40707 139.65757 254.0
22.0 4.0 22.0 25.08213 80.02155 119.44633 254.0
22.0 5.0 5.0 36.13028 130.02806 82.1644 662.0
22.0 5.0 22.0 25.08213 80.02155 119.44633 662.0
22.0 6.0 6.0 5.47554 84.80034 74.40639 1091.0
22.0 6.0 22.0 25.08213 80.02155 119.44633 1091.0
22.0 8.0 8.0 108.17816 86.01917 38.67131 2.0
22.0 8.0 22.0 25.08213 80.02155 119.44633 2.0
22.0 9.0 9.0 78.60184 139.91973 102.65172 1.0
22.0 9.0 22.0 25.08213 80.02155 119.44633 1.0
22.0 13.0 13.0 21.80715 31.13407 56.40337 2.0
22.0 13.0 22.0 25.08213 80.02155 119.44633 2.0
22.0 16.0 16.0 37.09011 39.07751 124.67271 689.0
22.0 16.0 22.0 25.08213 80.02155 119.44633 689.0
22.0 17.0 17.0 122.8495 11.0119 94.56841 1.0
22.0 17.0 22.0 25.08213 80.02155 119.44633 1.0
22.0 19.0 19.0 66.38661 15.84439 45.28494 1.0
22.0 19.0 22.0 25.08213 80.02155 119.44633 1.0
22.0 22.0 22.0 25.08213 80.02155 119.44633 7583.0
22.0 22.0 22.0 25.08213 80.02155 119.44633 7583.0
22.0 27.0 27.0 18.76226 45.33836 103.80595 790.0
22.0 27.0 22.0 25.08213 80.02155 119.44633 790.0
22.0 28.0 28.0 84.37497 38.91255 143.13804 7.0
22.0 28.0 22.0 25.08213 80.02155 119.44633 7.0
22.0 33.0 33.0 97.26726 49.89871 149.22992 2.0
22.0 33.0 22.0 25.08213 80.02155 119.44633 2.0
22.0 36.0 36.0 51.18993 19.46586 119.68175 6.0
22.0 36.0 22.0 25.08213 80.02155 119.44633 6.0
22.0 37.0 37.0 80.17447 11.07486 113.83479 1.0
22.0 37.0 22.0 25.08213 80.02155 119.44633 1.0
22.0 38.0 38.0 88.73841 68.41888 152.61937 15.0
22.0 38.0 22.0 25.08213 80.02155 119.44633 15.0
22.0 41.0 41.0 59.82618 126.03285 122.5178 379.0
22.0 41.0 22.0 25.08213 80.02155 119.44633 379.0
22.0 42.0 42.0 56.57011 85.19936 144.93997 901.0
22.0 42.0 22.0 25.08213 80.02155 119.44633 901.0
22.0 43.0 43.0 101.76431 137.71024 99.17214 1.0
22.0 43.0 22.0 25.08213 80.02155 119.44633 1.0
22.0 44.0 44.0 70.212 22.74352 131.35702 3.0
22.0 44.0 22.0 25.08213 80.02155 119.44633 3.0
23.0 7.0 7.0 121.68067 13.45274 56.90115 4.0
23.0 7.0 23.0 173.48367 43.51507 77.03331 4.0
23.0 8.0 8.0 108.17816 86.01917 38.67131 4.0
23.0 8.0 23.0 173.48367 43.51507 77.03331 4.0
23.0 12.0 12.0 179.82501 86.33508 84.71952 325.0
23.0 12.0 23.0 173.48367 43.51507 77.03331 325.0
23.0 15.0 15.0 145.14032 26.59912 64.65499 441.0
23.0 15.0 23.0 173.48367 43.51507 77.03331 441.0
23.0 17.0 17.0 122.8495 11.0119 94.56841 4.0
23.0 17.0 23.0 173.48367 43.51507 77.03331 4.0
23.0 18.0 18.0 159.19521 24.80869 93.79849 591.0
23.0 18.0 23.0 173.48367 43.51507 77.03331 591.0
23.0 23.0 23.0 173.48367 43.51507 77.03331 1849.0
23.0 23.0 23.0 173.48367 43.51507 77.03331 1849.0
23.0 25.0 25.0 182.8556 64.01106 100.2511 453.0
23.0 25.0 23.0 173.48367 43.51507 77.03331 453.0
23.0 26.0 26.0 132.12207 45.11857 139.10457 7.0
23.0 26.0 23.0 173.48367 43.51507 77.03331 7.0
23.0 28.0 28.0 84.37497 38.91255 143.13804 1.0
23.0 28.0 23.0 173.48367 43.51507 77.03331 1.0
23.0 29.0 29.0 122.60495 20.56439 121.18916 8.0
23.0 29.0 23.0 173.48367 43.51507 77.03331 8.0
23.0 31.0 31.0 121.63882 38.94725 36.07776 76.0
23.0 31.0 23.0 173.48367 43.51507 77.03331 76.0
23.0 32.0 32.0 156.9887 89.1152 57.99817 298.0
23.0 32.0 23.0 173.48367 43.51507 77.03331 298.0
23.0 37.0 37.0 80.17447 11.07486 113.83479 1.0
23.0 37.0 23.0 173.48367 43.51507 77.03331 1.0
23.0 47.0 47.0 164.19403 62.75628 126.10628 171.0
23.0 47.0 23.0 173.48367 43.51507 77.03331 171.0
24.0 0.0 0.0 55.10723 48.93353 141.9946 6.0
24.0 0.0 24.0 107.87707 87.22511 149.15112 6.0
24.0 4.0 4.0 72.03867 108.40707 139.65757 839.0
24.0 4.0 24.0 107.87707 87.22511 149.15112 839.0
24.0 9.0 9.0 78.60184 139.91973 102.65172 6.0
24.0 9.0 24.0 107.87707 87.22511 149.15112 6.0
24.0 17.0 17.0 122.8495 11.0119 94.56841 1.0
24.0 17.0 24.0 107.87707 87.22511 149.15112 1.0
24.0 22.0 22.0 25.08213 80.02155 119.44633 2.0
24.0 22.0 24.0 107.87707 87.22511 149.15112 2.0
24.0 24.0 24.0 107.87707 87.22511 149.15112 4874.0
24.0 24.0 24.0 107.87707 87.22511 149.15112 4874.0
24.0 26.0 26.0 132.12207 45.11857 139.10457 509.0
24.0 26.0 24.0 107.87707 87.22511 149.15112 509.0
24.0 28.0 28.0 84.37497 38.91255 143.13804 21.0
24.0 28.0 24.0 107.87707 87.22511 149.15112 21.0
24.0 30.0 30.0 88.33665 139.93332 62.65261 1.0
24.0 30.0 24.0 107.87707 87.22511 149.15112 1.0
24.0 33.0 33.0 97.26726 49.89871 149.22992 266.0
24.0 33.0 24.0 107.87707 87.22511 149.15112 266.0
24.0 34.0 34.0 127.805 111.20885 129.62385 1457.0
24.0 34.0 24.0 107.87707 87.22511 149.15112 1457.0
24.0 35.0 35.0 147.84626 121.11523 95.65445 4.0
24.0 35.0 24.0 107.87707 87.22511 149.15112 4.0
24.0 38.0 38.0 88.73841 68.41888 152.61937 1136.0
24.0 38.0 24.0 107.87707 87.22511 149.15112 1136.0
24.0 41.0 41.0 59.82618 126.03285 122.5178 53.0
24.0 41.0 24.0 107.87707 87.22511 149.15112 53.0
24.0 42.0 42.0 56.57011 85.19936 144.93997 291.0
24.0 42.0 24.0 107.87707 87.22511 149.15112 291.0
24.0 43.0 43.0 101.76431 137.71024 99.17214 2.0
24.0 43.0 24.0 107.87707 87.22511 149.15112 2.0
24.0 44.0 44.0 70.212 22.74352 131.35702 2.0
24.0 44.0 24.0 107.87707 87.22511 149.15112 2.0
24.0 47.0 47.0 164.19403 62.75628 126.10628 113.0
24.0 47.0 24.0 107.87707 87.22511 149.15112 113.0
25.0 7.0 7.0 121.68067 13.45274 56.90115 1.0
25.0 7.0 25.0 182.8556 64.01106 100.2511 1.0
25.0 12.0 12.0 179.82501 86.33508 84.71952 678.0
25.0 12.0 25.0 182.8556 64.01106 100.2511 678.0
25.0 15.0 15.0 145.14032 26.59912 64.65499 4.0
25.0 15.0 25.0 182.8556 64.01106 100.2511 4.0
25.0 18.0 18.0 159.19521 24.80869 93.79849 61.0
25.0 18.0 25.0 182.8556 64.01106 100.2511 61.0
25.0 23.0 23.0 173.48367 43.51507 77.03331 433.0
25.0 23.0 25.0 182.8556 64.01106 100.2511 433.0
25.0 25.0 25.0 182.8556 64.01106 100.2511 1212.0
25.0 25.0 25.0 182.8556 64.01106 100.2511 1212.0
25.0 26.0 26.0 132.12207 45.11857 139.10457 3.0
25.0 26.0 25.0 182.8556 64.01106 100.2511 3.0
25.0 32.0 32.0 156.9887 89.1152 57.99817 21.0
25.0 32.0 25.0 182.8556 64.01106 100.2511 21.0
25.0 34.0 34.0 127.805 111.20885 129.62385 14.0
25.0 34.0 25.0 182.8556 64.01106 100.2511 14.0
25.0 35.0 35.0 147.84626 121.11523 95.65445 47.0
25.0 35.0 25.0 182.8556 64.01106 100.2511 47.0
25.0 46.0 46.0 114.52971 130.25185 52.73404 1.0
25.0 46.0 25.0 182.8556 64.01106 100.2511 1.0
25.0 47.0 47.0 164.19403 62.75628 126.10628 718.0
25.0 47.0 25.0 182.8556 64.01106 100.2511 718.0
26.0 3.0 3.0 83.11706 3.8341 88.05437 1.0
26.0 3.0 26.0 132.12207 45.11857 139.10457 1.0
26.0 12.0 12.0 179.82501 86.33508 84.71952 1.0
26.0 12.0 26.0 132.12207 45.11857 139.10457 1.0
26.0 17.0 17.0 122.8495 11.0119 94.56841 65.0
26.0 17.0 26.0 132.12207 45.11857 139.10457 65.0
26.0 18.0 18.0 159.19521 24.80869 93.79849 115.0
26.0 18.0 26.0 132.12207 45.11857 139.10457 115.0
26.0 23.0 23.0 173.48367 43.51507 77.03331 3.0
26.0 23.0 26.0 132.12207 45.11857 139.10457 3.0
26.0 24.0 24.0 107.87707 87.22511 149.15112 539.0
26.0 24.0 26.0 132.12207 45.11857 139.10457 539.0
26.0 25.0 25.0 182.8556 64.01106 100.2511 3.0
26.0 25.0 26.0 132.12207 45.11857 139.10457 3.0
26.0 26.0 26.0 132.12207 45.11857 139.10457 4439.0
26.0 26.0 26.0 132.12207 45.11857 139.10457 4439.0
26.0 28.0 28.0 84.37497 38.91255 143.13804 246.0
26.0 28.0 26.0 132.12207 45.11857 139.10457 246.0
26.0 29.0 29.0 122.60495 20.56439 121.18916 1039.0
26.0 29.0 26.0 132.12207 45.11857 139.10457 1039.0
26.0 33.0 33.0 97.26726 49.89871 149.22992 613.0
26.0 33.0 26.0 132.12207 45.11857 139.10457 613.0
26.0 34.0 34.0 127.805 111.20885 129.62385 172.0
26.0 34.0 26.0 132.12207 45.11857 139.10457 172.0
26.0 35.0 35.0 147.84626 121.11523 95.65445 1.0
26.0 35.0 26.0 132.12207 45.11857 139.10457 1.0
26.0 37.0 37.0 80.17447 11.07486 113.83479 58.0
26.0 37.0 26.0 132.12207 45.11857 139.10457 58.0
26.0 38.0 38.0 88.73841 68.41888 152.61937 213.0
26.0 38.0 26.0 132.12207 45.11857 139.10457 213.0
26.0 44.0 44.0 70.212 22.74352 131.35702 5.0
26.0 44.0 26.0 132.12207 45.11857 139.10457 5.0
26.0 47.0 47.0 164.19403 62.75628 126.10628 1038.0
26.0 47.0 26.0 132.12207 45.11857 139.10457 1038.0
27.0 0.0 0.0 55.10723 48.93353 141.9946 23.0
27.0 0.0 27.0 18.76226 45.33836 103.80595 23.0
27.0 2.0 2.0 27.32903 25.39998 87.68121 926.0
27.0 2.0 27.0 18.76226 45.33836 103.80595 926.0
27.0 3.0 3.0 83.11706 3.8341 88.05437 1.0
27.0 3.0 27.0 18.76226 45.33836 103.80595 1.0
27.0 6.0 6.0 5.47554 84.80034 74.40639 429.0
27.0 6.0 27.0 18.76226 45.33836 103.80595 429.0
27.0 11.0 11.0 48.52857 14.11194 56.51183 7.0
27.0 11.0 27.0 18.76226 45.33836 103.80595 7.0
27.0 13.0 13.0 21.80715 31.13407 56.40337 75.0
27.0 13.0 27.0 18.76226 45.33836 103.80595 75.0
27.0 16.0 16.0 37.09011 39.07751 124.67271 647.0
27.0 16.0 27.0 18.76226 45.33836 103.80595 647.0
27.0 22.0 22.0 25.08213 80.02155 119.44633 758.0
27.0 22.0 27.0 18.76226 45.33836 103.80595 758.0
27.0 27.0 27.0 18.76226 45.33836 103.80595 1861.0
27.0 27.0 27.0 18.76226 45.33836 103.80595 1861.0
27.0 36.0 36.0 51.18993 19.46586 119.68175 46.0
27.0 36.0 27.0 18.76226 45.33836 103.80595 46.0
27.0 37.0 37.0 80.17447 11.07486 113.83479 5.0
27.0 37.0 27.0 18.76226 45.33836 103.80595 5.0
27.0 39.0 39.0 21.82091 50.11932 32.79644 11.0
27.0 39.0 27.0 18.76226 45.33836 103.80595 11.0
27.0 42.0 42.0 56.57011 85.19936 144.93997 2.0
27.0 42.0 27.0 18.76226 45.33836 103.80595 2.0
27.0 44.0 44.0 70.212 22.74352 131.35702 3.0
27.0 44.0 27.0 18.76226 45.33836 103.80595 3.0
27.0 45.0 45.0 35.10329 116.37108 28.55487 1.0
27.0 45.0 27.0 18.76226 45.33836 103.80595 1.0
28.0 0.0 0.0 55.10723 48.93353 141.9946 605.0
28.0 0.0 28.0 84.37497 38.91255 143.13804 605.0
28.0 3.0 3.0 83.11706 3.8341 88.05437 5.0
28.0 3.0 28.0 84.37497 38.91255 143.13804 5.0
28.0 4.0 4.0 72.03867 108.40707 139.65757 5.0
28.0 4.0 28.0 84.37497 38.91255 143.13804 5.0
28.0 5.0 5.0 36.13028 130.02806 82.1644 1.0
28.0 5.0 28.0 84.37497 38.91255 143.13804 1.0
28.0 16.0 16.0 37.09011 39.07751 124.67271 23.0
28.0 16.0 28.0 84.37497 38.91255 143.13804 23.0
28.0 17.0 17.0 122.8495 11.0119 94.56841 8.0
28.0 17.0 28.0 84.37497 38.91255 143.13804 8.0
28.0 19.0 19.0 66.38661 15.84439 45.28494 1.0
28.0 19.0 28.0 84.37497 38.91255 143.13804 1.0
28.0 22.0 22.0 25.08213 80.02155 119.44633 8.0
28.0 22.0 28.0 84.37497 38.91255 143.13804 8.0
28.0 24.0 24.0 107.87707 87.22511 149.15112 23.0
28.0 24.0 28.0 84.37497 38.91255 143.13804 23.0
28.0 26.0 26.0 132.12207 45.11857 139.10457 220.0
28.0 26.0 28.0 84.37497 38.91255 143.13804 220.0
28.0 28.0 28.0 84.37497 38.91255 143.13804 1738.0
28.0 28.0 28.0 84.37497 38.91255 143.13804 1738.0
28.0 29.0 29.0 122.60495 20.56439 121.18916 265.0
28.0 29.0 28.0 84.37497 38.91255 143.13804 265.0
28.0 33.0 33.0 97.26726 49.89871 149.22992 887.0
28.0 33.0 28.0 84.37497 38.91255 143.13804 887.0
28.0 36.0 36.0 51.18993 19.46586 119.68175 37.0
28.0 36.0 28.0 84.37497 38.91255 143.13804 37.0
28.0 37.0 37.0 80.17447 11.07486 113.83479 411.0
28.0 37.0 28.0 84.37497 38.91255 143.13804 411.0
28.0 38.0 38.0 88.73841 68.41888 152.61937 321.0
28.0 38.0 28.0 84.37497 38.91255 143.13804 321.0
28.0 42.0 42.0 56.57011 85.19936 144.93997 98.0
28.0 42.0 28.0 84.37497 38.91255 143.13804 98.0
28.0 44.0 44.0 70.212 22.74352 131.35702 538.0
28.0 44.0 28.0 84.37497 38.91255 143.13804 538.0
29.0 0.0 0.0 55.10723 48.93353 141.9946 3.0
29.0 0.0 29.0 122.60495 20.56439 121.18916 3.0
29.0 3.0 3.0 83.11706 3.8341 88.05437 117.0
29.0 3.0 29.0 122.60495 20.56439 121.18916 117.0
29.0 7.0 7.0 121.68067 13.45274 56.90115 7.0
29.0 7.0 29.0 122.60495 20.56439 121.18916 7.0
29.0 10.0 10.0 97.03435 3.91826 61.06994 1.0
29.0 10.0 29.0 122.60495 20.56439 121.18916 1.0
29.0 15.0 15.0 145.14032 26.59912 64.65499 31.0
29.0 15.0 29.0 122.60495 20.56439 121.18916 31.0
29.0 17.0 17.0 122.8495 11.0119 94.56841 868.0
29.0 17.0 29.0 122.60495 20.56439 121.18916 868.0
29.0 18.0 18.0 159.19521 24.80869 93.79849 277.0
29.0 18.0 29.0 122.60495 20.56439 121.18916 277.0
29.0 23.0 23.0 173.48367 43.51507 77.03331 5.0
29.0 23.0 29.0 122.60495 20.56439 121.18916 5.0
29.0 24.0 24.0 107.87707 87.22511 149.15112 2.0
29.0 24.0 29.0 122.60495 20.56439 121.18916 2.0
29.0 25.0 25.0 182.8556 64.01106 100.2511 1.0
29.0 25.0 29.0 122.60495 20.56439 121.18916 1.0
29.0 26.0 26.0 132.12207 45.11857 139.10457 1071.0
29.0 26.0 29.0 122.60495 20.56439 121.18916 1071.0
29.0 28.0 28.0 84.37497 38.91255 143.13804 286.0
29.0 28.0 29.0 122.60495 20.56439 121.18916 286.0
29.0 29.0 29.0 122.60495 20.56439 121.18916 2621.0
29.0 29.0 29.0 122.60495 20.56439 121.18916 2621.0
29.0 33.0 33.0 97.26726 49.89871 149.22992 110.0
29.0 33.0 29.0 122.60495 20.56439 121.18916 110.0
29.0 36.0 36.0 51.18993 19.46586 119.68175 1.0
29.0 36.0 29.0 122.60495 20.56439 121.18916 1.0
29.0 37.0 37.0 80.17447 11.07486 113.83479 647.0
29.0 37.0 29.0 122.60495 20.56439 121.18916 647.0
29.0 38.0 38.0 88.73841 68.41888 152.61937 5.0
29.0 38.0 29.0 122.60495 20.56439 121.18916 5.0
29.0 44.0 44.0 70.212 22.74352 131.35702 37.0
29.0 44.0 29.0 122.60495 20.56439 121.18916 37.0
29.0 46.0 46.0 114.52971 130.25185 52.73404 1.0
29.0 46.0 29.0 122.60495 20.56439 121.18916 1.0
29.0 47.0 47.0 164.19403 62.75628 126.10628 137.0
29.0 47.0 29.0 122.60495 20.56439 121.18916 137.0
30.0 1.0 1.0 66.24731 89.22071 7.45522 182.0
30.0 1.0 30.0 88.33665 139.93332 62.65261 182.0
30.0 2.0 2.0 27.32903 25.39998 87.68121 1.0
30.0 2.0 30.0 88.33665 139.93332 62.65261 1.0
30.0 5.0 5.0 36.13028 130.02806 82.1644 956.0
30.0 5.0 30.0 88.33665 139.93332 62.65261 956.0
30.0 8.0 8.0 108.17816 86.01917 38.67131 327.0
30.0 8.0 30.0 88.33665 139.93332 62.65261 327.0
30.0 9.0 9.0 78.60184 139.91973 102.65172 644.0
30.0 9.0 30.0 88.33665 139.93332 62.65261 644.0
30.0 14.0 14.0 128.34197 116.05002 40.30001 146.0
30.0 14.0 30.0 88.33665 139.93332 62.65261 146.0
30.0 23.0 23.0 173.48367 43.51507 77.03331 1.0
30.0 23.0 30.0 88.33665 139.93332 62.65261 1.0
30.0 30.0 30.0 88.33665 139.93332 62.65261 8244.0
30.0 30.0 30.0 88.33665 139.93332 62.65261 8244.0
30.0 32.0 32.0 156.9887 89.1152 57.99817 2.0
30.0 32.0 30.0 88.33665 139.93332 62.65261 2.0
30.0 34.0 34.0 127.805 111.20885 129.62385 40.0
30.0 34.0 30.0 88.33665 139.93332 62.65261 40.0
30.0 35.0 35.0 147.84626 121.11523 95.65445 412.0
30.0 35.0 30.0 88.33665 139.93332 62.65261 412.0
30.0 41.0 41.0 59.82618 126.03285 122.5178 12.0
30.0 41.0 30.0 88.33665 139.93332 62.65261 12.0
30.0 43.0 43.0 101.76431 137.71024 99.17214 1230.0
30.0 43.0 30.0 88.33665 139.93332 62.65261 1230.0
30.0 45.0 45.0 35.10329 116.37108 28.55487 436.0
30.0 45.0 30.0 88.33665 139.93332 62.65261 436.0
30.0 46.0 46.0 114.52971 130.25185 52.73404 1838.0
30.0 46.0 30.0 88.33665 139.93332 62.65261 1838.0
31.0 3.0 3.0 83.11706 3.8341 88.05437 2.0
31.0 3.0 31.0 121.63882 38.94725 36.07776 2.0
31.0 7.0 7.0 121.68067 13.45274 56.90115 906.0
31.0 7.0 31.0 121.63882 38.94725 36.07776 906.0
31.0 8.0 8.0 108.17816 86.01917 38.67131 1078.0
31.0 8.0 31.0 121.63882 38.94725 36.07776 1078.0
31.0 10.0 10.0 97.03435 3.91826 61.06994 206.0
31.0 10.0 31.0 121.63882 38.94725 36.07776 206.0
31.0 11.0 11.0 48.52857 14.11194 56.51183 1.0
31.0 11.0 31.0 121.63882 38.94725 36.07776 1.0
31.0 12.0 12.0 179.82501 86.33508 84.71952 7.0
31.0 12.0 31.0 121.63882 38.94725 36.07776 7.0
31.0 14.0 14.0 128.34197 116.05002 40.30001 2.0
31.0 14.0 31.0 121.63882 38.94725 36.07776 2.0
31.0 15.0 15.0 145.14032 26.59912 64.65499 759.0
31.0 15.0 31.0 121.63882 38.94725 36.07776 759.0
31.0 17.0 17.0 122.8495 11.0119 94.56841 6.0
31.0 17.0 31.0 121.63882 38.94725 36.07776 6.0
31.0 18.0 18.0 159.19521 24.80869 93.79849 8.0
31.0 18.0 31.0 121.63882 38.94725 36.07776 8.0
31.0 19.0 19.0 66.38661 15.84439 45.28494 12.0
31.0 19.0 31.0 121.63882 38.94725 36.07776 12.0
31.0 20.0 20.0 84.94623 53.73403 22.17799 1157.0
31.0 20.0 31.0 121.63882 38.94725 36.07776 1157.0
31.0 23.0 23.0 173.48367 43.51507 77.03331 66.0
31.0 23.0 31.0 121.63882 38.94725 36.07776 66.0
31.0 31.0 31.0 121.63882 38.94725 36.07776 6629.0
31.0 31.0 31.0 121.63882 38.94725 36.07776 6629.0
31.0 32.0 32.0 156.9887 89.1152 57.99817 324.0
31.0 32.0 31.0 121.63882 38.94725 36.07776 324.0
31.0 40.0 40.0 83.23679 23.54081 42.38985 581.0
31.0 40.0 31.0 121.63882 38.94725 36.07776 581.0
31.0 45.0 45.0 35.10329 116.37108 28.55487 1.0
31.0 45.0 31.0 121.63882 38.94725 36.07776 1.0
32.0 7.0 7.0 121.68067 13.45274 56.90115 6.0
32.0 7.0 32.0 156.9887 89.1152 57.99817 6.0
32.0 8.0 8.0 108.17816 86.01917 38.67131 883.0
32.0 8.0 32.0 156.9887 89.1152 57.99817 883.0
32.0 12.0 12.0 179.82501 86.33508 84.71952 941.0
32.0 12.0 32.0 156.9887 89.1152 57.99817 941.0
32.0 14.0 14.0 128.34197 116.05002 40.30001 861.0
32.0 14.0 32.0 156.9887 89.1152 57.99817 861.0
32.0 15.0 15.0 145.14032 26.59912 64.65499 225.0
32.0 15.0 32.0 156.9887 89.1152 57.99817 225.0
32.0 18.0 18.0 159.19521 24.80869 93.79849 2.0
32.0 18.0 32.0 156.9887 89.1152 57.99817 2.0
32.0 20.0 20.0 84.94623 53.73403 22.17799 3.0
32.0 20.0 32.0 156.9887 89.1152 57.99817 3.0
32.0 23.0 23.0 173.48367 43.51507 77.03331 260.0
32.0 23.0 32.0 156.9887 89.1152 57.99817 260.0
32.0 25.0 25.0 182.8556 64.01106 100.2511 31.0
32.0 25.0 32.0 156.9887 89.1152 57.99817 31.0
32.0 30.0 30.0 88.33665 139.93332 62.65261 2.0
32.0 30.0 32.0 156.9887 89.1152 57.99817 2.0
32.0 31.0 31.0 121.63882 38.94725 36.07776 303.0
32.0 31.0 32.0 156.9887 89.1152 57.99817 303.0
32.0 32.0 32.0 156.9887 89.1152 57.99817 5234.0
32.0 32.0 32.0 156.9887 89.1152 57.99817 5234.0
32.0 35.0 35.0 147.84626 121.11523 95.65445 515.0
32.0 35.0 32.0 156.9887 89.1152 57.99817 515.0
32.0 46.0 46.0 114.52971 130.25185 52.73404 156.0
32.0 46.0 32.0 156.9887 89.1152 57.99817 156.0
33.0 0.0 0.0 55.10723 48.93353 141.9946 146.0
33.0 0.0 33.0 97.26726 49.89871 149.22992 146.0
33.0 4.0 4.0 72.03867 108.40707 139.65757 4.0
33.0 4.0 33.0 97.26726 49.89871 149.22992 4.0
33.0 16.0 16.0 37.09011 39.07751 124.67271 3.0
33.0 16.0 33.0 97.26726 49.89871 149.22992 3.0
33.0 17.0 17.0 122.8495 11.0119 94.56841 2.0
33.0 17.0 33.0 97.26726 49.89871 149.22992 2.0
33.0 22.0 22.0 25.08213 80.02155 119.44633 1.0
33.0 22.0 33.0 97.26726 49.89871 149.22992 1.0
33.0 24.0 24.0 107.87707 87.22511 149.15112 278.0
33.0 24.0 33.0 97.26726 49.89871 149.22992 278.0
33.0 26.0 26.0 132.12207 45.11857 139.10457 620.0
33.0 26.0 33.0 97.26726 49.89871 149.22992 620.0
33.0 28.0 28.0 84.37497 38.91255 143.13804 898.0
33.0 28.0 33.0 97.26726 49.89871 149.22992 898.0
33.0 29.0 29.0 122.60495 20.56439 121.18916 119.0
33.0 29.0 33.0 97.26726 49.89871 149.22992 119.0
33.0 33.0 33.0 97.26726 49.89871 149.22992 1474.0
33.0 33.0 33.0 97.26726 49.89871 149.22992 1474.0
33.0 34.0 34.0 127.805 111.20885 129.62385 2.0
33.0 34.0 33.0 97.26726 49.89871 149.22992 2.0
33.0 36.0 36.0 51.18993 19.46586 119.68175 3.0
33.0 36.0 33.0 97.26726 49.89871 149.22992 3.0
33.0 37.0 37.0 80.17447 11.07486 113.83479 50.0
33.0 37.0 33.0 97.26726 49.89871 149.22992 50.0
33.0 38.0 38.0 88.73841 68.41888 152.61937 805.0
33.0 38.0 33.0 97.26726 49.89871 149.22992 805.0
33.0 42.0 42.0 56.57011 85.19936 144.93997 84.0
33.0 42.0 33.0 97.26726 49.89871 149.22992 84.0
33.0 44.0 44.0 70.212 22.74352 131.35702 64.0
33.0 44.0 33.0 97.26726 49.89871 149.22992 64.0
33.0 47.0 47.0 164.19403 62.75628 126.10628 2.0
33.0 47.0 33.0 97.26726 49.89871 149.22992 2.0
34.0 4.0 4.0 72.03867 108.40707 139.65757 471.0
34.0 4.0 34.0 127.805 111.20885 129.62385 471.0
34.0 5.0 5.0 36.13028 130.02806 82.1644 1.0
34.0 5.0 34.0 127.805 111.20885 129.62385 1.0
34.0 9.0 9.0 78.60184 139.91973 102.65172 336.0
34.0 9.0 34.0 127.805 111.20885 129.62385 336.0
34.0 12.0 12.0 179.82501 86.33508 84.71952 64.0
34.0 12.0 34.0 127.805 111.20885 129.62385 64.0
34.0 14.0 14.0 128.34197 116.05002 40.30001 1.0
34.0 14.0 34.0 127.805 111.20885 129.62385 1.0
34.0 24.0 24.0 107.87707 87.22511 149.15112 1476.0
34.0 24.0 34.0 127.805 111.20885 129.62385 1476.0
34.0 25.0 25.0 182.8556 64.01106 100.2511 12.0
34.0 25.0 34.0 127.805 111.20885 129.62385 12.0
34.0 26.0 26.0 132.12207 45.11857 139.10457 173.0
34.0 26.0 34.0 127.805 111.20885 129.62385 173.0
34.0 30.0 30.0 88.33665 139.93332 62.65261 46.0
34.0 30.0 34.0 127.805 111.20885 129.62385 46.0
34.0 32.0 32.0 156.9887 89.1152 57.99817 2.0
34.0 32.0 34.0 127.805 111.20885 129.62385 2.0
34.0 33.0 33.0 97.26726 49.89871 149.22992 5.0
34.0 33.0 34.0 127.805 111.20885 129.62385 5.0
34.0 34.0 34.0 127.805 111.20885 129.62385 9529.0
34.0 34.0 34.0 127.805 111.20885 129.62385 9529.0
34.0 35.0 35.0 147.84626 121.11523 95.65445 1400.0
34.0 35.0 34.0 127.805 111.20885 129.62385 1400.0
34.0 38.0 38.0 88.73841 68.41888 152.61937 25.0
34.0 38.0 34.0 127.805 111.20885 129.62385 25.0
34.0 41.0 41.0 59.82618 126.03285 122.5178 236.0
34.0 41.0 34.0 127.805 111.20885 129.62385 236.0
34.0 42.0 42.0 56.57011 85.19936 144.93997 4.0
34.0 42.0 34.0 127.805 111.20885 129.62385 4.0
34.0 43.0 43.0 101.76431 137.71024 99.17214 808.0
34.0 43.0 34.0 127.805 111.20885 129.62385 808.0
34.0 46.0 46.0 114.52971 130.25185 52.73404 5.0
34.0 46.0 34.0 127.805 111.20885 129.62385 5.0
34.0 47.0 47.0 164.19403 62.75628 126.10628 663.0
34.0 47.0 34.0 127.805 111.20885 129.62385 663.0
35.0 8.0 8.0 108.17816 86.01917 38.67131 4.0
35.0 8.0 35.0 147.84626 121.11523 95.65445 4.0
35.0 9.0 9.0 78.60184 139.91973 102.65172 8.0
35.0 9.0 35.0 147.84626 121.11523 95.65445 8.0
35.0 12.0 12.0 179.82501 86.33508 84.71952 669.0
35.0 12.0 35.0 147.84626 121.11523 95.65445 669.0
35.0 14.0 14.0 128.34197 116.05002 40.30001 174.0
35.0 14.0 35.0 147.84626 121.11523 95.65445 174.0
35.0 24.0 24.0 107.87707 87.22511 149.15112 3.0
35.0 24.0 35.0 147.84626 121.11523 95.65445 3.0
35.0 25.0 25.0 182.8556 64.01106 100.2511 55.0
35.0 25.0 35.0 147.84626 121.11523 95.65445 55.0
35.0 26.0 26.0 132.12207 45.11857 139.10457 1.0
35.0 26.0 35.0 147.84626 121.11523 95.65445 1.0
35.0 28.0 28.0 84.37497 38.91255 143.13804 2.0
35.0 28.0 35.0 147.84626 121.11523 95.65445 2.0
35.0 30.0 30.0 88.33665 139.93332 62.65261 387.0
35.0 30.0 35.0 147.84626 121.11523 95.65445 387.0
35.0 32.0 32.0 156.9887 89.1152 57.99817 551.0
35.0 32.0 35.0 147.84626 121.11523 95.65445 551.0
35.0 34.0 34.0 127.805 111.20885 129.62385 1427.0
35.0 34.0 35.0 147.84626 121.11523 95.65445 1427.0
35.0 35.0 35.0 147.84626 121.11523 95.65445 6427.0
35.0 35.0 35.0 147.84626 121.11523 95.65445 6427.0
35.0 41.0 41.0 59.82618 126.03285 122.5178 1.0
35.0 41.0 35.0 147.84626 121.11523 95.65445 1.0
35.0 43.0 43.0 101.76431 137.71024 99.17214 486.0
35.0 43.0 35.0 147.84626 121.11523 95.65445 486.0
35.0 46.0 46.0 114.52971 130.25185 52.73404 648.0
35.0 46.0 35.0 147.84626 121.11523 95.65445 648.0
35.0 47.0 47.0 164.19403 62.75628 126.10628 184.0
35.0 47.0 35.0 147.84626 121.11523 95.65445 184.0
36.0 0.0 0.0 55.10723 48.93353 141.9946 267.0
36.0 0.0 36.0 51.18993 19.46586 119.68175 267.0
36.0 2.0 2.0 27.32903 25.39998 87.68121 273.0
36.0 2.0 36.0 51.18993 19.46586 119.68175 273.0
36.0 3.0 3.0 83.11706 3.8341 88.05437 95.0
36.0 3.0 36.0 51.18993 19.46586 119.68175 95.0
36.0 8.0 8.0 108.17816 86.01917 38.67131 1.0
36.0 8.0 36.0 51.18993 19.46586 119.68175 1.0
36.0 10.0 10.0 97.03435 3.91826 61.06994 1.0
36.0 10.0 36.0 51.18993 19.46586 119.68175 1.0
36.0 11.0 11.0 48.52857 14.11194 56.51183 38.0
36.0 11.0 36.0 51.18993 19.46586 119.68175 38.0
36.0 13.0 13.0 21.80715 31.13407 56.40337 2.0
36.0 13.0 36.0 51.18993 19.46586 119.68175 2.0
36.0 16.0 16.0 37.09011 39.07751 124.67271 588.0
36.0 16.0 36.0 51.18993 19.46586 119.68175 588.0
36.0 22.0 22.0 25.08213 80.02155 119.44633 6.0
36.0 22.0 36.0 51.18993 19.46586 119.68175 6.0
36.0 27.0 27.0 18.76226 45.33836 103.80595 56.0
36.0 27.0 36.0 51.18993 19.46586 119.68175 56.0
36.0 28.0 28.0 84.37497 38.91255 143.13804 40.0
36.0 28.0 36.0 51.18993 19.46586 119.68175 40.0
36.0 33.0 33.0 97.26726 49.89871 149.22992 2.0
36.0 33.0 36.0 51.18993 19.46586 119.68175 2.0
36.0 36.0 36.0 51.18993 19.46586 119.68175 810.0
36.0 36.0 36.0 51.18993 19.46586 119.68175 810.0
36.0 37.0 37.0 80.17447 11.07486 113.83479 496.0
36.0 37.0 36.0 51.18993 19.46586 119.68175 496.0
36.0 44.0 44.0 70.212 22.74352 131.35702 439.0
36.0 44.0 36.0 51.18993 19.46586 119.68175 439.0
37.0 0.0 0.0 55.10723 48.93353 141.9946 49.0
37.0 0.0 37.0 80.17447 11.07486 113.83479 49.0
37.0 2.0 2.0 27.32903 25.39998 87.68121 220.0
37.0 2.0 37.0 80.17447 11.07486 113.83479 220.0
37.0 3.0 3.0 83.11706 3.8341 88.05437 1428.0
37.0 3.0 37.0 80.17447 11.07486 113.83479 1428.0
37.0 7.0 7.0 121.68067 13.45274 56.90115 3.0
37.0 7.0 37.0 80.17447 11.07486 113.83479 3.0
37.0 10.0 10.0 97.03435 3.91826 61.06994 22.0
37.0 10.0 37.0 80.17447 11.07486 113.83479 22.0
37.0 11.0 11.0 48.52857 14.11194 56.51183 136.0
37.0 11.0 37.0 80.17447 11.07486 113.83479 136.0
37.0 13.0 13.0 21.80715 31.13407 56.40337 1.0
37.0 13.0 37.0 80.17447 11.07486 113.83479 1.0
37.0 16.0 16.0 37.09011 39.07751 124.67271 102.0
37.0 16.0 37.0 80.17447 11.07486 113.83479 102.0
37.0 17.0 17.0 122.8495 11.0119 94.56841 310.0
37.0 17.0 37.0 80.17447 11.07486 113.83479 310.0
37.0 18.0 18.0 159.19521 24.80869 93.79849 1.0
37.0 18.0 37.0 80.17447 11.07486 113.83479 1.0
37.0 19.0 19.0 66.38661 15.84439 45.28494 8.0
37.0 19.0 37.0 80.17447 11.07486 113.83479 8.0
37.0 26.0 26.0 132.12207 45.11857 139.10457 62.0
37.0 26.0 37.0 80.17447 11.07486 113.83479 62.0
37.0 27.0 27.0 18.76226 45.33836 103.80595 7.0
37.0 27.0 37.0 80.17447 11.07486 113.83479 7.0
37.0 28.0 28.0 84.37497 38.91255 143.13804 396.0
37.0 28.0 37.0 80.17447 11.07486 113.83479 396.0
37.0 29.0 29.0 122.60495 20.56439 121.18916 663.0
37.0 29.0 37.0 80.17447 11.07486 113.83479 663.0
37.0 33.0 33.0 97.26726 49.89871 149.22992 61.0
37.0 33.0 37.0 80.17447 11.07486 113.83479 61.0
37.0 36.0 36.0 51.18993 19.46586 119.68175 511.0
37.0 36.0 37.0 80.17447 11.07486 113.83479 511.0
37.0 37.0 37.0 80.17447 11.07486 113.83479 4405.0
37.0 37.0 37.0 80.17447 11.07486 113.83479 4405.0
37.0 38.0 38.0 88.73841 68.41888 152.61937 1.0
37.0 38.0 37.0 80.17447 11.07486 113.83479 1.0
37.0 40.0 40.0 83.23679 23.54081 42.38985 1.0
37.0 40.0 37.0 80.17447 11.07486 113.83479 1.0
37.0 42.0 42.0 56.57011 85.19936 144.93997 1.0
37.0 42.0 37.0 80.17447 11.07486 113.83479 1.0
37.0 44.0 44.0 70.212 22.74352 131.35702 806.0
37.0 44.0 37.0 80.17447 11.07486 113.83479 806.0
38.0 0.0 0.0 55.10723 48.93353 141.9946 226.0
38.0 0.0 38.0 88.73841 68.41888 152.61937 226.0
38.0 2.0 2.0 27.32903 25.39998 87.68121 1.0
38.0 2.0 38.0 88.73841 68.41888 152.61937 1.0
38.0 4.0 4.0 72.03867 108.40707 139.65757 136.0
38.0 4.0 38.0 88.73841 68.41888 152.61937 136.0
38.0 16.0 16.0 37.09011 39.07751 124.67271 6.0
38.0 16.0 38.0 88.73841 68.41888 152.61937 6.0
38.0 22.0 22.0 25.08213 80.02155 119.44633 15.0
38.0 22.0 38.0 88.73841 68.41888 152.61937 15.0
38.0 24.0 24.0 107.87707 87.22511 149.15112 1076.0
38.0 24.0 38.0 88.73841 68.41888 152.61937 1076.0
38.0 26.0 26.0 132.12207 45.11857 139.10457 216.0
38.0 26.0 38.0 88.73841 68.41888 152.61937 216.0
38.0 28.0 28.0 84.37497 38.91255 143.13804 330.0
38.0 28.0 38.0 88.73841 68.41888 152.61937 330.0
38.0 29.0 29.0 122.60495 20.56439 121.18916 2.0
38.0 29.0 38.0 88.73841 68.41888 152.61937 2.0
38.0 33.0 33.0 97.26726 49.89871 149.22992 846.0
38.0 33.0 38.0 88.73841 68.41888 152.61937 846.0
38.0 34.0 34.0 127.805 111.20885 129.62385 24.0
38.0 34.0 38.0 88.73841 68.41888 152.61937 24.0
38.0 36.0 36.0 51.18993 19.46586 119.68175 2.0
38.0 36.0 38.0 88.73841 68.41888 152.61937 2.0
38.0 37.0 37.0 80.17447 11.07486 113.83479 1.0
38.0 37.0 38.0 88.73841 68.41888 152.61937 1.0
38.0 38.0 38.0 88.73841 68.41888 152.61937 1753.0
38.0 38.0 38.0 88.73841 68.41888 152.61937 1753.0
38.0 41.0 41.0 59.82618 126.03285 122.5178 2.0
38.0 41.0 38.0 88.73841 68.41888 152.61937 2.0
38.0 42.0 42.0 56.57011 85.19936 144.93997 627.0
38.0 42.0 38.0 88.73841 68.41888 152.61937 627.0
38.0 44.0 44.0 70.212 22.74352 131.35702 9.0
38.0 44.0 38.0 88.73841 68.41888 152.61937 9.0
38.0 47.0 47.0 164.19403 62.75628 126.10628 3.0
38.0 47.0 38.0 88.73841 68.41888 152.61937 3.0
39.0 1.0 1.0 66.24731 89.22071 7.45522 150.0
39.0 1.0 39.0 21.82091 50.11932 32.79644 150.0
39.0 2.0 2.0 27.32903 25.39998 87.68121 84.0
39.0 2.0 39.0 21.82091 50.11932 32.79644 84.0
39.0 5.0 5.0 36.13028 130.02806 82.1644 2.0
39.0 5.0 39.0 21.82091 50.11932 32.79644 2.0
39.0 6.0 6.0 5.47554 84.80034 74.40639 796.0
39.0 6.0 39.0 21.82091 50.11932 32.79644 796.0
39.0 8.0 8.0 108.17816 86.01917 38.67131 2.0
39.0 8.0 39.0 21.82091 50.11932 32.79644 2.0
39.0 11.0 11.0 48.52857 14.11194 56.51183 483.0
39.0 11.0 39.0 21.82091 50.11932 32.79644 483.0
39.0 12.0 12.0 179.82501 86.33508 84.71952 1.0
39.0 12.0 39.0 21.82091 50.11932 32.79644 1.0
39.0 13.0 13.0 21.80715 31.13407 56.40337 1005.0
39.0 13.0 39.0 21.82091 50.11932 32.79644 1005.0
39.0 19.0 19.0 66.38661 15.84439 45.28494 136.0
39.0 19.0 39.0 21.82091 50.11932 32.79644 136.0
39.0 20.0 20.0 84.94623 53.73403 22.17799 278.0
39.0 20.0 39.0 21.82091 50.11932 32.79644 278.0
39.0 21.0 21.0 28.21366 78.14631 19.34647 1182.0
39.0 21.0 39.0 21.82091 50.11932 32.79644 1182.0
39.0 27.0 27.0 18.76226 45.33836 103.80595 10.0
39.0 27.0 39.0 21.82091 50.11932 32.79644 10.0
39.0 39.0 39.0 21.82091 50.11932 32.79644 5462.0
39.0 39.0 39.0 21.82091 50.11932 32.79644 5462.0
39.0 40.0 40.0 83.23679 23.54081 42.38985 16.0
39.0 40.0 39.0 21.82091 50.11932 32.79644 16.0
39.0 45.0 45.0 35.10329 116.37108 28.55487 52.0
39.0 45.0 39.0 21.82091 50.11932 32.79644 52.0
40.0 1.0 1.0 66.24731 89.22071 7.45522 6.0
40.0 1.0 40.0 83.23679 23.54081 42.38985 6.0
40.0 2.0 2.0 27.32903 25.39998 87.68121 1.0
40.0 2.0 40.0 83.23679 23.54081 42.38985 1.0
40.0 3.0 3.0 83.11706 3.8341 88.05437 73.0
40.0 3.0 40.0 83.23679 23.54081 42.38985 73.0
40.0 7.0 7.0 121.68067 13.45274 56.90115 137.0
40.0 7.0 40.0 83.23679 23.54081 42.38985 137.0
40.0 8.0 8.0 108.17816 86.01917 38.67131 12.0
40.0 8.0 40.0 83.23679 23.54081 42.38985 12.0
40.0 10.0 10.0 97.03435 3.91826 61.06994 699.0
40.0 10.0 40.0 83.23679 23.54081 42.38985 699.0
40.0 11.0 11.0 48.52857 14.11194 56.51183 281.0
40.0 11.0 40.0 83.23679 23.54081 42.38985 281.0
40.0 13.0 13.0 21.80715 31.13407 56.40337 3.0
40.0 13.0 40.0 83.23679 23.54081 42.38985 3.0
40.0 15.0 15.0 145.14032 26.59912 64.65499 4.0
40.0 15.0 40.0 83.23679 23.54081 42.38985 4.0
40.0 17.0 17.0 122.8495 11.0119 94.56841 3.0
40.0 17.0 40.0 83.23679 23.54081 42.38985 3.0
40.0 19.0 19.0 66.38661 15.84439 45.28494 843.0
40.0 19.0 40.0 83.23679 23.54081 42.38985 843.0
40.0 20.0 20.0 84.94623 53.73403 22.17799 969.0
40.0 20.0 40.0 83.23679 23.54081 42.38985 969.0
40.0 21.0 21.0 28.21366 78.14631 19.34647 5.0
40.0 21.0 40.0 83.23679 23.54081 42.38985 5.0
40.0 31.0 31.0 121.63882 38.94725 36.07776 608.0
40.0 31.0 40.0 83.23679 23.54081 42.38985 608.0
40.0 37.0 37.0 80.17447 11.07486 113.83479 3.0
40.0 37.0 40.0 83.23679 23.54081 42.38985 3.0
40.0 39.0 39.0 21.82091 50.11932 32.79644 19.0
40.0 39.0 40.0 83.23679 23.54081 42.38985 19.0
40.0 40.0 40.0 83.23679 23.54081 42.38985 2405.0
40.0 40.0 40.0 83.23679 23.54081 42.38985 2405.0
41.0 0.0 0.0 55.10723 48.93353 141.9946 1.0
41.0 0.0 41.0 59.82618 126.03285 122.5178 1.0
41.0 4.0 4.0 72.03867 108.40707 139.65757 1578.0
41.0 4.0 41.0 59.82618 126.03285 122.5178 1578.0
41.0 5.0 5.0 36.13028 130.02806 82.1644 1269.0
41.0 5.0 41.0 59.82618 126.03285 122.5178 1269.0
41.0 6.0 6.0 5.47554 84.80034 74.40639 9.0
41.0 6.0 41.0 59.82618 126.03285 122.5178 9.0
41.0 9.0 9.0 78.60184 139.91973 102.65172 1152.0
41.0 9.0 41.0 59.82618 126.03285 122.5178 1152.0
41.0 13.0 13.0 21.80715 31.13407 56.40337 1.0
41.0 13.0 41.0 59.82618 126.03285 122.5178 1.0
41.0 22.0 22.0 25.08213 80.02155 119.44633 353.0
41.0 22.0 41.0 59.82618 126.03285 122.5178 353.0
41.0 24.0 24.0 107.87707 87.22511 149.15112 53.0
41.0 24.0 41.0 59.82618 126.03285 122.5178 53.0
41.0 28.0 28.0 84.37497 38.91255 143.13804 1.0
41.0 28.0 41.0 59.82618 126.03285 122.5178 1.0
41.0 30.0 30.0 88.33665 139.93332 62.65261 15.0
41.0 30.0 41.0 59.82618 126.03285 122.5178 15.0
41.0 34.0 34.0 127.805 111.20885 129.62385 244.0
41.0 34.0 41.0 59.82618 126.03285 122.5178 244.0
41.0 38.0 38.0 88.73841 68.41888 152.61937 3.0
41.0 38.0 41.0 59.82618 126.03285 122.5178 3.0
41.0 41.0 41.0 59.82618 126.03285 122.5178 4973.0
41.0 41.0 41.0 59.82618 126.03285 122.5178 4973.0
41.0 42.0 42.0 56.57011 85.19936 144.93997 216.0
41.0 42.0 41.0 59.82618 126.03285 122.5178 216.0
41.0 43.0 43.0 101.76431 137.71024 99.17214 191.0
41.0 43.0 41.0 59.82618 126.03285 122.5178 191.0
42.0 0.0 0.0 55.10723 48.93353 141.9946 517.0
42.0 0.0 42.0 56.57011 85.19936 144.93997 517.0
42.0 4.0 4.0 72.03867 108.40707 139.65757 1183.0
42.0 4.0 42.0 56.57011 85.19936 144.93997 1183.0
42.0 5.0 5.0 36.13028 130.02806 82.1644 28.0
42.0 5.0 42.0 56.57011 85.19936 144.93997 28.0
42.0 7.0 7.0 121.68067 13.45274 56.90115 1.0
42.0 7.0 42.0 56.57011 85.19936 144.93997 1.0
42.0 16.0 16.0 37.09011 39.07751 124.67271 83.0
42.0 16.0 42.0 56.57011 85.19936 144.93997 83.0
42.0 22.0 22.0 25.08213 80.02155 119.44633 909.0
42.0 22.0 42.0 56.57011 85.19936 144.93997 909.0
42.0 24.0 24.0 107.87707 87.22511 149.15112 285.0
42.0 24.0 42.0 56.57011 85.19936 144.93997 285.0
42.0 27.0 27.0 18.76226 45.33836 103.80595 1.0
42.0 27.0 42.0 56.57011 85.19936 144.93997 1.0
42.0 28.0 28.0 84.37497 38.91255 143.13804 106.0
42.0 28.0 42.0 56.57011 85.19936 144.93997 106.0
42.0 33.0 33.0 97.26726 49.89871 149.22992 83.0
42.0 33.0 42.0 56.57011 85.19936 144.93997 83.0
42.0 34.0 34.0 127.805 111.20885 129.62385 3.0
42.0 34.0 42.0 56.57011 85.19936 144.93997 3.0
42.0 36.0 36.0 51.18993 19.46586 119.68175 2.0
42.0 36.0 42.0 56.57011 85.19936 144.93997 2.0
42.0 37.0 37.0 80.17447 11.07486 113.83479 1.0
42.0 37.0 42.0 56.57011 85.19936 144.93997 1.0
42.0 38.0 38.0 88.73841 68.41888 152.61937 614.0
42.0 38.0 42.0 56.57011 85.19936 144.93997 614.0
42.0 41.0 41.0 59.82618 126.03285 122.5178 219.0
42.0 41.0 42.0 56.57011 85.19936 144.93997 219.0
42.0 42.0 42.0 56.57011 85.19936 144.93997 3154.0
42.0 42.0 42.0 56.57011 85.19936 144.93997 3154.0
42.0 44.0 44.0 70.212 22.74352 131.35702 2.0
42.0 44.0 42.0 56.57011 85.19936 144.93997 2.0
43.0 4.0 4.0 72.03867 108.40707 139.65757 41.0
43.0 4.0 43.0 101.76431 137.71024 99.17214 41.0
43.0 5.0 5.0 36.13028 130.02806 82.1644 41.0
43.0 5.0 43.0 101.76431 137.71024 99.17214 41.0
43.0 8.0 8.0 108.17816 86.01917 38.67131 1.0
43.0 8.0 43.0 101.76431 137.71024 99.17214 1.0
43.0 9.0 9.0 78.60184 139.91973 102.65172 1153.0
43.0 9.0 43.0 101.76431 137.71024 99.17214 1153.0
43.0 24.0 24.0 107.87707 87.22511 149.15112 9.0
43.0 24.0 43.0 101.76431 137.71024 99.17214 9.0
43.0 30.0 30.0 88.33665 139.93332 62.65261 1169.0
43.0 30.0 43.0 101.76431 137.71024 99.17214 1169.0
43.0 34.0 34.0 127.805 111.20885 129.62385 796.0
43.0 34.0 43.0 101.76431 137.71024 99.17214 796.0
43.0 35.0 35.0 147.84626 121.11523 95.65445 468.0
43.0 35.0 43.0 101.76431 137.71024 99.17214 468.0
43.0 37.0 37.0 80.17447 11.07486 113.83479 1.0
43.0 37.0 43.0 101.76431 137.71024 99.17214 1.0
43.0 41.0 41.0 59.82618 126.03285 122.5178 155.0
43.0 41.0 43.0 101.76431 137.71024 99.17214 155.0
43.0 43.0 43.0 101.76431 137.71024 99.17214 2609.0
43.0 43.0 43.0 101.76431 137.71024 99.17214 2609.0
43.0 45.0 45.0 35.10329 116.37108 28.55487 1.0
43.0 45.0 43.0 101.76431 137.71024 99.17214 1.0
43.0 46.0 46.0 114.52971 130.25185 52.73404 108.0
43.0 46.0 43.0 101.76431 137.71024 99.17214 108.0
44.0 0.0 0.0 55.10723 48.93353 141.9946 352.0
44.0 0.0 44.0 70.212 22.74352 131.35702 352.0
44.0 2.0 2.0 27.32903 25.39998 87.68121 22.0
44.0 2.0 44.0 70.212 22.74352 131.35702 22.0
44.0 3.0 3.0 83.11706 3.8341 88.05437 32.0
44.0 3.0 44.0 70.212 22.74352 131.35702 32.0
44.0 6.0 6.0 5.47554 84.80034 74.40639 1.0
44.0 6.0 44.0 70.212 22.74352 131.35702 1.0
44.0 11.0 11.0 48.52857 14.11194 56.51183 1.0
44.0 11.0 44.0 70.212 22.74352 131.35702 1.0
44.0 16.0 16.0 37.09011 39.07751 124.67271 125.0
44.0 16.0 44.0 70.212 22.74352 131.35702 125.0
44.0 22.0 22.0 25.08213 80.02155 119.44633 1.0
44.0 22.0 44.0 70.212 22.74352 131.35702 1.0
44.0 24.0 24.0 107.87707 87.22511 149.15112 1.0
44.0 24.0 44.0 70.212 22.74352 131.35702 1.0
44.0 26.0 26.0 132.12207 45.11857 139.10457 8.0
44.0 26.0 44.0 70.212 22.74352 131.35702 8.0
44.0 27.0 27.0 18.76226 45.33836 103.80595 3.0
44.0 27.0 44.0 70.212 22.74352 131.35702 3.0
44.0 28.0 28.0 84.37497 38.91255 143.13804 473.0
44.0 28.0 44.0 70.212 22.74352 131.35702 473.0
44.0 29.0 29.0 122.60495 20.56439 121.18916 56.0
44.0 29.0 44.0 70.212 22.74352 131.35702 56.0
44.0 33.0 33.0 97.26726 49.89871 149.22992 56.0
44.0 33.0 44.0 70.212 22.74352 131.35702 56.0
44.0 36.0 36.0 51.18993 19.46586 119.68175 467.0
44.0 36.0 44.0 70.212 22.74352 131.35702 467.0
44.0 37.0 37.0 80.17447 11.07486 113.83479 816.0
44.0 37.0 44.0 70.212 22.74352 131.35702 816.0
44.0 38.0 38.0 88.73841 68.41888 152.61937 16.0
44.0 38.0 44.0 70.212 22.74352 131.35702 16.0
44.0 40.0 40.0 83.23679 23.54081 42.38985 1.0
44.0 40.0 44.0 70.212 22.74352 131.35702 1.0
44.0 41.0 41.0 59.82618 126.03285 122.5178 1.0
44.0 41.0 44.0 70.212 22.74352 131.35702 1.0
44.0 42.0 42.0 56.57011 85.19936 144.93997 2.0
44.0 42.0 44.0 70.212 22.74352 131.35702 2.0
44.0 44.0 44.0 70.212 22.74352 131.35702 1000.0
44.0 44.0 44.0 70.212 22.74352 131.35702 1000.0
45.0 1.0 1.0 66.24731 89.22071 7.45522 1048.0
45.0 1.0 45.0 35.10329 116.37108 28.55487 1048.0
45.0 5.0 5.0 36.13028 130.02806 82.1644 1104.0
45.0 5.0 45.0 35.10329 116.37108 28.55487 1104.0
45.0 6.0 6.0 5.47554 84.80034 74.40639 565.0
45.0 6.0 45.0 35.10329 116.37108 28.55487 565.0
45.0 8.0 8.0 108.17816 86.01917 38.67131 60.0
45.0 8.0 45.0 35.10329 116.37108 28.55487 60.0
45.0 9.0 9.0 78.60184 139.91973 102.65172 1.0
45.0 9.0 45.0 35.10329 116.37108 28.55487 1.0
45.0 14.0 14.0 128.34197 116.05002 40.30001 2.0
45.0 14.0 45.0 35.10329 116.37108 28.55487 2.0
45.0 20.0 20.0 84.94623 53.73403 22.17799 2.0
45.0 20.0 45.0 35.10329 116.37108 28.55487 2.0
45.0 21.0 21.0 28.21366 78.14631 19.34647 1050.0
45.0 21.0 45.0 35.10329 116.37108 28.55487 1050.0
45.0 22.0 22.0 25.08213 80.02155 119.44633 1.0
45.0 22.0 45.0 35.10329 116.37108 28.55487 1.0
45.0 30.0 30.0 88.33665 139.93332 62.65261 460.0
45.0 30.0 45.0 35.10329 116.37108 28.55487 460.0
45.0 39.0 39.0 21.82091 50.11932 32.79644 40.0
45.0 39.0 45.0 35.10329 116.37108 28.55487 40.0
45.0 45.0 45.0 35.10329 116.37108 28.55487 7378.0
45.0 45.0 45.0 35.10329 116.37108 28.55487 7378.0
45.0 46.0 46.0 114.52971 130.25185 52.73404 27.0
45.0 46.0 45.0 35.10329 116.37108 28.55487 27.0
46.0 1.0 1.0 66.24731 89.22071 7.45522 68.0
46.0 1.0 46.0 114.52971 130.25185 52.73404 68.0
46.0 5.0 5.0 36.13028 130.02806 82.1644 4.0
46.0 5.0 46.0 114.52971 130.25185 52.73404 4.0
46.0 8.0 8.0 108.17816 86.01917 38.67131 584.0
46.0 8.0 46.0 114.52971 130.25185 52.73404 584.0
46.0 9.0 9.0 78.60184 139.91973 102.65172 5.0
46.0 9.0 46.0 114.52971 130.25185 52.73404 5.0
46.0 12.0 12.0 179.82501 86.33508 84.71952 3.0
46.0 12.0 46.0 114.52971 130.25185 52.73404 3.0
46.0 14.0 14.0 128.34197 116.05002 40.30001 1577.0
46.0 14.0 46.0 114.52971 130.25185 52.73404 1577.0
46.0 30.0 30.0 88.33665 139.93332 62.65261 1889.0
46.0 30.0 46.0 114.52971 130.25185 52.73404 1889.0
46.0 31.0 31.0 121.63882 38.94725 36.07776 1.0
46.0 31.0 46.0 114.52971 130.25185 52.73404 1.0
46.0 32.0 32.0 156.9887 89.1152 57.99817 168.0
46.0 32.0 46.0 114.52971 130.25185 52.73404 168.0
46.0 34.0 34.0 127.805 111.20885 129.62385 7.0
46.0 34.0 46.0 114.52971 130.25185 52.73404 7.0
46.0 35.0 35.0 147.84626 121.11523 95.65445 652.0
46.0 35.0 46.0 114.52971 130.25185 52.73404 652.0
46.0 43.0 43.0 101.76431 137.71024 99.17214 82.0
46.0 43.0 46.0 114.52971 130.25185 52.73404 82.0
46.0 45.0 45.0 35.10329 116.37108 28.55487 32.0
46.0 45.0 46.0 114.52971 130.25185 52.73404 32.0
46.0 46.0 46.0 114.52971 130.25185 52.73404 3877.0
46.0 46.0 46.0 114.52971 130.25185 52.73404 3877.0
47.0 12.0 12.0 179.82501 86.33508 84.71952 229.0
47.0 12.0 47.0 164.19403 62.75628 126.10628 229.0
47.0 15.0 15.0 145.14032 26.59912 64.65499 8.0
47.0 15.0 47.0 164.19403 62.75628 126.10628 8.0
47.0 17.0 17.0 122.8495 11.0119 94.56841 14.0
47.0 17.0 47.0 164.19403 62.75628 126.10628 14.0
47.0 18.0 18.0 159.19521 24.80869 93.79849 366.0
47.0 18.0 47.0 164.19403 62.75628 126.10628 366.0
47.0 23.0 23.0 173.48367 43.51507 77.03331 202.0
47.0 23.0 47.0 164.19403 62.75628 126.10628 202.0
47.0 24.0 24.0 107.87707 87.22511 149.15112 124.0
47.0 24.0 47.0 164.19403 62.75628 126.10628 124.0
47.0 25.0 25.0 182.8556 64.01106 100.2511 668.0
47.0 25.0 47.0 164.19403 62.75628 126.10628 668.0
47.0 26.0 26.0 132.12207 45.11857 139.10457 1043.0
47.0 26.0 47.0 164.19403 62.75628 126.10628 1043.0
47.0 29.0 29.0 122.60495 20.56439 121.18916 132.0
47.0 29.0 47.0 164.19403 62.75628 126.10628 132.0
47.0 32.0 32.0 156.9887 89.1152 57.99817 1.0
47.0 32.0 47.0 164.19403 62.75628 126.10628 1.0
47.0 33.0 33.0 97.26726 49.89871 149.22992 3.0
47.0 33.0 47.0 164.19403 62.75628 126.10628 3.0
47.0 34.0 34.0 127.805 111.20885 129.62385 714.0
47.0 34.0 47.0 164.19403 62.75628 126.10628 714.0
47.0 35.0 35.0 147.84626 121.11523 95.65445 197.0
47.0 35.0 47.0 164.19403 62.75628 126.10628 197.0
47.0 37.0 37.0 80.17447 11.07486 113.83479 1.0
47.0 37.0 47.0 164.19403 62.75628 126.10628 1.0
47.0 38.0 38.0 88.73841 68.41888 152.61937 3.0
47.0 38.0 47.0 164.19403 62.75628 126.10628 3.0
47.0 47.0 47.0 164.19403 62.75628 126.10628 4922.0
47.0 47.0 47.0 164.19403 62.75628 126.10628 4922.0
