TargetArea SourceArea Area AvgPosX AvgPosY AvgPosZ SumWeights
0.0 0.0 0.0 55.12156 48.90765 141.98769 3891.0
0.0 0.0 0.0 55.12156 48.90765 141.98769 3891.0
0.0 2.0 2.0 27.33674 25.39471 87.69954 9.0
0.0 2.0 0.0 55.12156 48.90765 141.98769 9.0
0.0 3.0 3.0 83.08952 3.82664 88.01992 1.0
0.0 3.0 0.0 55.12156 48.90765 141.98769 1.0
0.0 4.0 4.0 72.03163 108.37601 139.67229 14.0
0.0 4.0 0.0 55.12156 48.90765 141.98769 14.0
0.0 5.0 5.0 36.09883 130.00942 82.22788 1.0
0.0 5.0 0.0 55.12156 48.90765 141.98769 1.0
0.0 8.0 8.0 108.15049 85.98842 38.65907 1.0
0.0 8.0 0.0 55.12156 48.90765 141.98769 1.0
0.0 16.0 16.0 37.11065 39.0323 124.66514 1401.0
0.0 16.0 0.0 55.12156 48.90765 141.98769 1401.0
0.0 22.0 22.0 25.08158 80.00888 119.4466 587.0
0.0 22.0 0.0 55.12156 48.90765 141.98769 587.0
0.0 24.0 24.0 107.87553 87.24658 149.14464 14.0
0.0 24.0 0.0 55.12156 48.90765 141.98769 14.0
0.0 27.0 27.0 18.73788 45.32264 103.73607 36.0
0.0 27.0 0.0 55.12156 48.90765 141.98769 36.0
0.0 28.0 28.0 84.32475 38.94684 143.15323 1125.0
0.0 28.0 0.0 55.12156 48.90765 141.98769 1125.0
0.0 29.0 29.0 122.63454 20.57602 121.18918 1.0
0.0 29.0 0.0 55.12156 48.90765 141.98769 1.0
0.0 33.0 33.0 97.16234 49.95139 149.24527 259.0
0.0 33.0 0.0 55.12156 48.90765 141.98769 259.0
0.0 36.0 36.0 51.18725 19.49723 119.69608 485.0
0.0 36.0 0.0 55.12156 48.90765 141.98769 485.0
0.0 37.0 37.0 80.21601 11.07544 113.84683 80.0
0.0 37.0 0.0 55.12156 48.90765 141.98769 80.0
0.0 38.0 38.0 88.72189 68.41811 152.61542 404.0
0.0 38.0 0.0 55.12156 48.90765 141.98769 404.0
0.0 41.0 41.0 59.81457 126.06374 122.48008 1.0
0.0 41.0 0.0 55.12156 48.90765 141.98769 1.0
0.0 42.0 42.0 56.56687 85.19244 144.9373 919.0
0.0 42.0 0.0 55.12156 48.90765 141.98769 919.0
0.0 44.0 44.0 70.23409 22.73294 131.34724 599.0
0.0 44.0 0.0 55.12156 48.90765 141.98769 599.0
1.0 1.0 1.0 66.2308 89.23316 7.47124 11251.0
1.0 1.0 1.0 66.2308 89.23316 7.47124 11251.0
1.0 5.0 5.0 36.09883 130.00942 82.22788 18.0
1.0 5.0 1.0 66.2308 89.23316 7.47124 18.0
1.0 8.0 8.0 108.15049 85.98842 38.65907 1695.0
1.0 8.0 1.0 66.2308 89.23316 7.47124 1695.0
1.0 11.0 11.0 48.50321 14.12097 56.51031 17.0
1.0 11.0 1.0 66.2308 89.23316 7.47124 17.0
1.0 13.0 13.0 21.81341 31.13049 56.41788 2.0
1.0 13.0 1.0 66.2308 89.23316 7.47124 2.0
1.0 14.0 14.0 128.24364 116.05159 40.23684 55.0
1.0 14.0 1.0 66.2308 89.23316 7.47124 55.0
1.0 19.0 19.0 66.40648 15.80351 45.3656 22.0
1.0 19.0 1.0 66.2308 89.23316 7.47124 22.0
1.0 20.0 20.0 85.02591 53.72005 22.25167 2201.0
1.0 20.0 1.0 66.2308 89.23316 7.47124 2201.0
1.0 21.0 21.0 28.22931 78.15013 19.34008 1510.0
1.0 21.0 1.0 66.2308 89.23316 7.47124 1510.0
1.0 30.0 30.0 88.31622 139.93433 62.66904 335.0
1.0 30.0 1.0 66.2308 89.23316 7.47124 335.0
1.0 31.0 31.0 121.51519 38.99165 36.03586 4.0
1.0 31.0 1.0 66.2308 89.23316 7.47124 4.0
1.0 39.0 39.0 21.81548 50.11854 32.79398 259.0
1.0 39.0 1.0 66.2308 89.23316 7.47124 259.0
1.0 40.0 40.0 83.24819 23.55905 42.38502 16.0
1.0 40.0 1.0 66.2308 89.23316 7.47124 16.0
1.0 45.0 45.0 35.06291 116.35394 28.60926 1885.0
1.0 45.0 1.0 66.2308 89.23316 7.47124 1885.0
1.0 46.0 46.0 114.47602 130.24244 52.70028 151.0
1.0 46.0 1.0 66.2308 89.23316 7.47124 151.0
2.0 0.0 0.0 55.12156 48.90765 141.98769 10.0
2.0 0.0 2.0 27.33674 25.39471 87.69954 10.0
2.0 2.0 2.0 27.33674 25.39471 87.69954 6740.0
2.0 2.0 2.0 27.33674 25.39471 87.69954 6740.0
2.0 3.0 3.0 83.08952 3.82664 88.01992 291.0
2.0 3.0 2.0 27.33674 25.39471 87.69954 291.0
2.0 6.0 6.0 5.47358 84.80235 74.39426 472.0
2.0 6.0 2.0 27.33674 25.39471 87.69954 472.0
2.0 11.0 11.0 48.50321 14.12097 56.51031 1356.0
2.0 11.0 2.0 27.33674 25.39471 87.69954 1356.0
2.0 13.0 13.0 21.81341 31.13049 56.41788 1358.0
2.0 13.0 2.0 27.33674 25.39471 87.69954 1358.0
2.0 16.0 16.0 37.11065 39.0323 124.66514 739.0
2.0 16.0 2.0 27.33674 25.39471 87.69954 739.0
2.0 19.0 19.0 66.40648 15.80351 45.3656 12.0
2.0 19.0 2.0 27.33674 25.39471 87.69954 12.0
2.0 20.0 20.0 85.02591 53.72005 22.25167 1.0
2.0 20.0 2.0 27.33674 25.39471 87.69954 1.0
2.0 21.0 21.0 28.22931 78.15013 19.34008 1.0
2.0 21.0 2.0 27.33674 25.39471 87.69954 1.0
2.0 22.0 22.0 25.08158 80.00888 119.4466 77.0
2.0 22.0 2.0 27.33674 25.39471 87.69954 77.0
2.0 27.0 27.0 18.73788 45.32264 103.73607 1636.0
2.0 27.0 2.0 27.33674 25.39471 87.69954 1636.0
2.0 28.0 28.0 84.32475 38.94684 143.15323 1.0
2.0 28.0 2.0 27.33674 25.39471 87.69954 1.0
2.0 36.0 36.0 51.18725 19.49723 119.69608 531.0
2.0 36.0 2.0 27.33674 25.39471 87.69954 531.0
2.0 37.0 37.0 80.21601 11.07544 113.84683 445.0
2.0 37.0 2.0 27.33674 25.39471 87.69954 445.0
2.0 39.0 39.0 21.81548 50.11854 32.79398 167.0
2.0 39.0 2.0 27.33674 25.39471 87.69954 167.0
2.0 44.0 44.0 70.23409 22.73294 131.34724 22.0
2.0 44.0 2.0 27.33674 25.39471 87.69954 22.0
3.0 2.0 2.0 27.33674 25.39471 87.69954 285.0
3.0 2.0 3.0 83.08952 3.82664 88.01992 285.0
3.0 3.0 3.0 83.08952 3.82664 88.01992 7168.0
3.0 3.0 3.0 83.08952 3.82664 88.01992 7168.0
3.0 7.0 7.0 121.67411 13.44272 56.91563 227.0
3.0 7.0 3.0 83.08952 3.82664 88.01992 227.0
3.0 10.0 10.0 97.06039 3.92187 61.07492 1601.0
3.0 10.0 3.0 83.08952 3.82664 88.01992 1601.0
3.0 11.0 11.0 48.50321 14.12097 56.51031 1132.0
3.0 11.0 3.0 83.08952 3.82664 88.01992 1132.0
3.0 13.0 13.0 21.81341 31.13049 56.41788 3.0
3.0 13.0 3.0 83.08952 3.82664 88.01992 3.0
3.0 15.0 15.0 145.12645 26.58663 64.66132 14.0
3.0 15.0 3.0 83.08952 3.82664 88.01992 14.0
3.0 16.0 16.0 37.11065 39.0323 124.66514 16.0
3.0 16.0 3.0 83.08952 3.82664 88.01992 16.0
3.0 17.0 17.0 122.81155 11.00533 94.55301 1151.0
3.0 17.0 3.0 83.08952 3.82664 88.01992 1151.0
3.0 18.0 18.0 159.21179 24.84852 93.90069 1.0
3.0 18.0 3.0 83.08952 3.82664 88.01992 1.0
3.0 19.0 19.0 66.40648 15.80351 45.3656 424.0
3.0 19.0 3.0 83.08952 3.82664 88.01992 424.0
3.0 26.0 26.0 132.10758 45.0712 139.08441 1.0
3.0 26.0 3.0 83.08952 3.82664 88.01992 1.0
3.0 27.0 27.0 18.73788 45.32264 103.73607 2.0
3.0 27.0 3.0 83.08952 3.82664 88.01992 2.0
3.0 28.0 28.0 84.32475 38.94684 143.15323 7.0
3.0 28.0 3.0 83.08952 3.82664 88.01992 7.0
3.0 29.0 29.0 122.63454 20.57602 121.18918 217.0
3.0 29.0 3.0 83.08952 3.82664 88.01992 217.0
3.0 31.0 31.0 121.51519 38.99165 36.03586 2.0
3.0 31.0 3.0 83.08952 3.82664 88.01992 2.0
3.0 33.0 33.0 97.16234 49.95139 149.24527 1.0
3.0 33.0 3.0 83.08952 3.82664 88.01992 1.0
3.0 36.0 36.0 51.18725 19.49723 119.69608 147.0
3.0 36.0 3.0 83.08952 3.82664 88.01992 147.0
3.0 37.0 37.0 80.21601 11.07544 113.84683 2558.0
3.0 37.0 3.0 83.08952 3.82664 88.01992 2558.0
3.0 40.0 40.0 83.24819 23.55905 42.38502 139.0
3.0 40.0 3.0 83.08952 3.82664 88.01992 139.0
3.0 44.0 44.0 70.23409 22.73294 131.34724 54.0
3.0 44.0 3.0 83.08952 3.82664 88.01992 54.0
4.0 0.0 0.0 55.12156 48.90765 141.98769 12.0
4.0 0.0 4.0 72.03163 108.37601 139.67229 12.0
4.0 4.0 4.0 72.03163 108.37601 139.67229 6632.0
4.0 4.0 4.0 72.03163 108.37601 139.67229 6632.0
4.0 5.0 5.0 36.09883 130.00942 82.22788 90.0
4.0 5.0 4.0 72.03163 108.37601 139.67229 90.0
4.0 6.0 6.0 5.47358 84.80235 74.39426 2.0
4.0 6.0 4.0 72.03163 108.37601 139.67229 2.0
4.0 9.0 9.0 78.58109 139.93074 102.61839 279.0
4.0 9.0 4.0 72.03163 108.37601 139.67229 279.0
4.0 16.0 16.0 37.11065 39.0323 124.66514 1.0
4.0 16.0 4.0 72.03163 108.37601 139.67229 1.0
4.0 22.0 22.0 25.08158 80.00888 119.4466 458.0
4.0 22.0 4.0 72.03163 108.37601 139.67229 458.0
4.0 24.0 24.0 107.87553 87.24658 149.14464 1491.0
4.0 24.0 4.0 72.03163 108.37601 139.67229 1491.0
4.0 28.0 28.0 84.32475 38.94684 143.15323 5.0
4.0 28.0 4.0 72.03163 108.37601 139.67229 5.0
4.0 33.0 33.0 97.16234 49.95139 149.24527 9.0
4.0 33.0 4.0 72.03163 108.37601 139.67229 9.0
4.0 34.0 34.0 127.78373 111.25537 129.58461 839.0
4.0 34.0 4.0 72.03163 108.37601 139.67229 839.0
4.0 35.0 35.0 147.79549 121.14214 95.66402 1.0
4.0 35.0 4.0 72.03163 108.37601 139.67229 1.0
4.0 37.0 37.0 80.21601 11.07544 113.84683 1.0
4.0 37.0 4.0 72.03163 108.37601 139.67229 1.0
4.0 38.0 38.0 88.72189 68.41811 152.61542 225.0
4.0 38.0 4.0 72.03163 108.37601 139.67229 225.0
4.0 41.0 41.0 59.81457 126.06374 122.48008 2744.0
4.0 41.0 4.0 72.03163 108.37601 139.67229 2744.0
4.0 42.0 42.0 56.56687 85.19244 144.9373 2089.0
4.0 42.0 4.0 72.03163 108.37601 139.67229 2089.0
4.0 43.0 43.0 101.75941 137.70982 99.17874 73.0
4.0 43.0 4.0 72.03163 108.37601 139.67229 73.0
4.0 45.0 45.0 35.06291 116.35394 28.60926 1.0
4.0 45.0 4.0 72.03163 108.37601 139.67229 1.0
5.0 1.0 1.0 66.2308 89.23316 7.47124 11.0
5.0 1.0 5.0 36.09883 130.00942 82.22788 11.0
5.0 4.0 4.0 72.03163 108.37601 139.67229 103.0
5.0 4.0 5.0 36.09883 130.00942 82.22788 103.0
5.0 5.0 5.0 36.09883 130.00942 82.22788 21783.0
5.0 5.0 5.0 36.09883 130.00942 82.22788 21783.0
5.0 6.0 6.0 5.47358 84.80235 74.39426 2014.0
5.0 6.0 5.0 36.09883 130.00942 82.22788 2014.0
5.0 8.0 8.0 108.15049 85.98842 38.65907 1.0
5.0 8.0 5.0 36.09883 130.00942 82.22788 1.0
5.0 9.0 9.0 78.58109 139.93074 102.61839 1434.0
5.0 9.0 5.0 36.09883 130.00942 82.22788 1434.0
5.0 21.0 21.0 28.22931 78.15013 19.34008 22.0
5.0 21.0 5.0 36.09883 130.00942 82.22788 22.0
5.0 22.0 22.0 25.08158 80.00888 119.4466 1226.0
5.0 22.0 5.0 36.09883 130.00942 82.22788 1226.0
5.0 30.0 30.0 88.31622 139.93433 62.66904 1743.0
5.0 30.0 5.0 36.09883 130.00942 82.22788 1743.0
5.0 34.0 34.0 127.78373 111.25537 129.58461 1.0
5.0 34.0 5.0 36.09883 130.00942 82.22788 1.0
5.0 41.0 41.0 59.81457 126.06374 122.48008 2286.0
5.0 41.0 5.0 36.09883 130.00942 82.22788 2286.0
5.0 42.0 42.0 56.56687 85.19244 144.9373 37.0
5.0 42.0 5.0 36.09883 130.00942 82.22788 37.0
5.0 43.0 43.0 101.75941 137.70982 99.17874 79.0
5.0 43.0 5.0 36.09883 130.00942 82.22788 79.0
5.0 45.0 45.0 35.06291 116.35394 28.60926 2011.0
5.0 45.0 5.0 36.09883 130.00942 82.22788 2011.0
5.0 46.0 46.0 114.47602 130.24244 52.70028 8.0
5.0 46.0 5.0 36.09883 130.00942 82.22788 8.0
6.0 0.0 0.0 55.12156 48.90765 141.98769 1.0
6.0 0.0 6.0 5.47358 84.80235 74.39426 1.0
6.0 2.0 2.0 27.33674 25.39471 87.69954 524.0
6.0 2.0 6.0 5.47358 84.80235 74.39426 524.0
6.0 4.0 4.0 72.03163 108.37601 139.67229 2.0
6.0 4.0 6.0 5.47358 84.80235 74.39426 2.0
6.0 5.0 5.0 36.09883 130.00942 82.22788 2023.0
6.0 5.0 6.0 5.47358 84.80235 74.39426 2023.0
6.0 6.0 6.0 5.47358 84.80235 74.39426 15868.0
6.0 6.0 6.0 5.47358 84.80235 74.39426 15868.0
6.0 8.0 8.0 108.15049 85.98842 38.65907 1.0
6.0 8.0 6.0 5.47358 84.80235 74.39426 1.0
6.0 13.0 13.0 21.81341 31.13049 56.41788 428.0
6.0 13.0 6.0 5.47358 84.80235 74.39426 428.0
6.0 16.0 16.0 37.11065 39.0323 124.66514 7.0
6.0 16.0 6.0 5.47358 84.80235 74.39426 7.0
6.0 21.0 21.0 28.22931 78.15013 19.34008 685.0
6.0 21.0 6.0 5.47358 84.80235 74.39426 685.0
6.0 22.0 22.0 25.08158 80.00888 119.4466 2066.0
6.0 22.0 6.0 5.47358 84.80235 74.39426 2066.0
6.0 27.0 27.0 18.73788 45.32264 103.73607 858.0
6.0 27.0 6.0 5.47358 84.80235 74.39426 858.0
6.0 39.0 39.0 21.81548 50.11854 32.79398 1308.0
6.0 39.0 6.0 5.47358 84.80235 74.39426 1308.0
6.0 41.0 41.0 59.81457 126.06374 122.48008 23.0
6.0 41.0 6.0 5.47358 84.80235 74.39426 23.0
6.0 45.0 45.0 35.06291 116.35394 28.60926 1001.0
6.0 45.0 6.0 5.47358 84.80235 74.39426 1001.0
7.0 3.0 3.0 83.08952 3.82664 88.01992 217.0
7.0 3.0 7.0 121.67411 13.44272 56.91563 217.0
7.0 7.0 7.0 121.67411 13.44272 56.91563 4095.0
7.0 7.0 7.0 121.67411 13.44272 56.91563 4095.0
7.0 8.0 8.0 108.15049 85.98842 38.65907 4.0
7.0 8.0 7.0 121.67411 13.44272 56.91563 4.0
7.0 10.0 10.0 97.06039 3.92187 61.07492 1448.0
7.0 10.0 7.0 121.67411 13.44272 56.91563 1448.0
7.0 15.0 15.0 145.12645 26.58663 64.66132 1510.0
7.0 15.0 7.0 121.67411 13.44272 56.91563 1510.0
7.0 17.0 17.0 122.81155 11.00533 94.55301 803.0
7.0 17.0 7.0 121.67411 13.44272 56.91563 803.0
7.0 18.0 18.0 159.21179 24.84852 93.90069 36.0
7.0 18.0 7.0 121.67411 13.44272 56.91563 36.0
7.0 19.0 19.0 66.40648 15.80351 45.3656 16.0
7.0 19.0 7.0 121.67411 13.44272 56.91563 16.0
7.0 20.0 20.0 85.02591 53.72005 22.25167 29.0
7.0 20.0 7.0 121.67411 13.44272 56.91563 29.0
7.0 23.0 23.0 173.49729 43.49446 77.10662 13.0
7.0 23.0 7.0 121.67411 13.44272 56.91563 13.0
7.0 29.0 29.0 122.63454 20.57602 121.18918 14.0
7.0 29.0 7.0 121.67411 13.44272 56.91563 14.0
7.0 31.0 31.0 121.51519 38.99165 36.03586 1576.0
7.0 31.0 7.0 121.67411 13.44272 56.91563 1576.0
7.0 32.0 32.0 156.97519 89.15898 57.99903 1.0
7.0 32.0 7.0 121.67411 13.44272 56.91563 1.0
7.0 37.0 37.0 80.21601 11.07544 113.84683 3.0
7.0 37.0 7.0 121.67411 13.44272 56.91563 3.0
7.0 40.0 40.0 83.24819 23.55905 42.38502 310.0
7.0 40.0 7.0 121.67411 13.44272 56.91563 310.0
8.0 1.0 1.0 66.2308 89.23316 7.47124 1493.0
8.0 1.0 8.0 108.15049 85.98842 38.65907 1493.0
8.0 3.0 3.0 83.08952 3.82664 88.01992 1.0
8.0 3.0 8.0 108.15049 85.98842 38.65907 1.0
8.0 4.0 4.0 72.03163 108.37601 139.67229 1.0
8.0 4.0 8.0 108.15049 85.98842 38.65907 1.0
8.0 5.0 5.0 36.09883 130.00942 82.22788 8.0
8.0 5.0 8.0 108.15049 85.98842 38.65907 8.0
8.0 7.0 7.0 121.67411 13.44272 56.91563 5.0
8.0 7.0 8.0 108.15049 85.98842 38.65907 5.0
8.0 8.0 8.0 108.15049 85.98842 38.65907 28481.0
8.0 8.0 8.0 108.15049 85.98842 38.65907 28481.0
8.0 12.0 12.0 179.8126 86.3344 84.76624 4.0
8.0 12.0 8.0 108.15049 85.98842 38.65907 4.0
8.0 13.0 13.0 21.81341 31.13049 56.41788 1.0
8.0 13.0 8.0 108.15049 85.98842 38.65907 1.0
8.0 14.0 14.0 128.24364 116.05159 40.23684 2644.0
8.0 14.0 8.0 108.15049 85.98842 38.65907 2644.0
8.0 15.0 15.0 145.12645 26.58663 64.66132 47.0
8.0 15.0 8.0 108.15049 85.98842 38.65907 47.0
8.0 20.0 20.0 85.02591 53.72005 22.25167 2995.0
8.0 20.0 8.0 108.15049 85.98842 38.65907 2995.0
8.0 23.0 23.0 173.49729 43.49446 77.10662 9.0
8.0 23.0 8.0 108.15049 85.98842 38.65907 9.0
8.0 24.0 24.0 107.87553 87.24658 149.14464 1.0
8.0 24.0 8.0 108.15049 85.98842 38.65907 1.0
8.0 30.0 30.0 88.31622 139.93433 62.66904 590.0
8.0 30.0 8.0 108.15049 85.98842 38.65907 590.0
8.0 31.0 31.0 121.51519 38.99165 36.03586 1784.0
8.0 31.0 8.0 108.15049 85.98842 38.65907 1784.0
8.0 32.0 32.0 156.97519 89.15898 57.99903 1422.0
8.0 32.0 8.0 108.15049 85.98842 38.65907 1422.0
8.0 35.0 35.0 147.79549 121.14214 95.66402 2.0
8.0 35.0 8.0 108.15049 85.98842 38.65907 2.0
8.0 40.0 40.0 83.24819 23.55905 42.38502 23.0
8.0 40.0 8.0 108.15049 85.98842 38.65907 23.0
8.0 41.0 41.0 59.81457 126.06374 122.48008 1.0
8.0 41.0 8.0 108.15049 85.98842 38.65907 1.0
8.0 45.0 45.0 35.06291 116.35394 28.60926 83.0
8.0 45.0 8.0 108.15049 85.98842 38.65907 83.0
8.0 46.0 46.0 114.47602 130.24244 52.70028 1117.0
8.0 46.0 8.0 108.15049 85.98842 38.65907 1117.0
9.0 4.0 4.0 72.03163 108.37601 139.67229 308.0
9.0 4.0 9.0 78.58109 139.93074 102.61839 308.0
9.0 5.0 5.0 36.09883 130.00942 82.22788 1349.0
9.0 5.0 9.0 78.58109 139.93074 102.61839 1349.0
9.0 9.0 9.0 78.58109 139.93074 102.61839 4879.0
9.0 9.0 9.0 78.58109 139.93074 102.61839 4879.0
9.0 12.0 12.0 179.8126 86.3344 84.76624 1.0
9.0 12.0 9.0 78.58109 139.93074 102.61839 1.0
9.0 22.0 22.0 25.08158 80.00888 119.4466 1.0
9.0 22.0 9.0 78.58109 139.93074 102.61839 1.0
9.0 24.0 24.0 107.87553 87.24658 149.14464 30.0
9.0 24.0 9.0 78.58109 139.93074 102.61839 30.0
9.0 30.0 30.0 88.31622 139.93433 62.66904 1200.0
9.0 30.0 9.0 78.58109 139.93074 102.61839 1200.0
9.0 34.0 34.0 127.78373 111.25537 129.58461 610.0
9.0 34.0 9.0 78.58109 139.93074 102.61839 610.0
9.0 35.0 35.0 147.79549 121.14214 95.66402 22.0
9.0 35.0 9.0 78.58109 139.93074 102.61839 22.0
9.0 41.0 41.0 59.81457 126.06374 122.48008 2108.0
9.0 41.0 9.0 78.58109 139.93074 102.61839 2108.0
9.0 43.0 43.0 101.75941 137.70982 99.17874 2057.0
9.0 43.0 9.0 78.58109 139.93074 102.61839 2057.0
9.0 45.0 45.0 35.06291 116.35394 28.60926 1.0
9.0 45.0 9.0 78.58109 139.93074 102.61839 1.0
9.0 46.0 46.0 114.47602 130.24244 52.70028 1.0
9.0 46.0 9.0 78.58109 139.93074 102.61839 1.0
10.0 2.0 2.0 27.33674 25.39471 87.69954 2.0
10.0 2.0 10.0 97.06039 3.92187 61.07492 2.0
10.0 3.0 3.0 83.08952 3.82664 88.01992 1566.0
10.0 3.0 10.0 97.06039 3.92187 61.07492 1566.0
10.0 7.0 7.0 121.67411 13.44272 56.91563 1475.0
10.0 7.0 10.0 97.06039 3.92187 61.07492 1475.0
10.0 8.0 8.0 108.15049 85.98842 38.65907 1.0
10.0 8.0 10.0 97.06039 3.92187 61.07492 1.0
10.0 10.0 10.0 97.06039 3.92187 61.07492 4227.0
10.0 10.0 10.0 97.06039 3.92187 61.07492 4227.0
10.0 11.0 11.0 48.50321 14.12097 56.51031 185.0
10.0 11.0 10.0 97.06039 3.92187 61.07492 185.0
10.0 15.0 15.0 145.12645 26.58663 64.66132 69.0
10.0 15.0 10.0 97.06039 3.92187 61.07492 69.0
10.0 17.0 17.0 122.81155 11.00533 94.55301 458.0
10.0 17.0 10.0 97.06039 3.92187 61.07492 458.0
10.0 18.0 18.0 159.21179 24.84852 93.90069 1.0
10.0 18.0 10.0 97.06039 3.92187 61.07492 1.0
10.0 19.0 19.0 66.40648 15.80351 45.3656 604.0
10.0 19.0 10.0 97.06039 3.92187 61.07492 604.0
10.0 20.0 20.0 85.02591 53.72005 22.25167 36.0
10.0 20.0 10.0 97.06039 3.92187 61.07492 36.0
10.0 29.0 29.0 122.63454 20.57602 121.18918 6.0
10.0 29.0 10.0 97.06039 3.92187 61.07492 6.0
10.0 31.0 31.0 121.51519 38.99165 36.03586 399.0
10.0 31.0 10.0 97.06039 3.92187 61.07492 399.0
10.0 37.0 37.0 80.21601 11.07544 113.84683 53.0
10.0 37.0 10.0 97.06039 3.92187 61.07492 53.0
10.0 40.0 40.0 83.24819 23.55905 42.38502 1167.0
10.0 40.0 10.0 97.06039 3.92187 61.07492 1167.0
11.0 1.0 1.0 66.2308 89.23316 7.47124 18.0
11.0 1.0 11.0 48.50321 14.12097 56.51031 18.0
11.0 2.0 2.0 27.33674 25.39471 87.69954 1344.0
11.0 2.0 11.0 48.50321 14.12097 56.51031 1344.0
11.0 3.0 3.0 83.08952 3.82664 88.01992 1150.0
11.0 3.0 11.0 48.50321 14.12097 56.51031 1150.0
11.0 7.0 7.0 121.67411 13.44272 56.91563 1.0
11.0 7.0 11.0 48.50321 14.12097 56.51031 1.0
11.0 8.0 8.0 108.15049 85.98842 38.65907 1.0
11.0 8.0 11.0 48.50321 14.12097 56.51031 1.0
11.0 10.0 10.0 97.06039 3.92187 61.07492 194.0
11.0 10.0 11.0 48.50321 14.12097 56.51031 194.0
11.0 11.0 11.0 48.50321 14.12097 56.51031 8283.0
11.0 11.0 11.0 48.50321 14.12097 56.51031 8283.0
11.0 13.0 13.0 21.81341 31.13049 56.41788 1510.0
11.0 13.0 11.0 48.50321 14.12097 56.51031 1510.0
11.0 16.0 16.0 37.11065 39.0323 124.66514 14.0
11.0 16.0 11.0 48.50321 14.12097 56.51031 14.0
11.0 19.0 19.0 66.40648 15.80351 45.3656 2080.0
11.0 19.0 11.0 48.50321 14.12097 56.51031 2080.0
11.0 20.0 20.0 85.02591 53.72005 22.25167 260.0
11.0 20.0 11.0 48.50321 14.12097 56.51031 260.0
11.0 21.0 21.0 28.22931 78.15013 19.34008 32.0
11.0 21.0 11.0 48.50321 14.12097 56.51031 32.0
11.0 27.0 27.0 18.73788 45.32264 103.73607 12.0
11.0 27.0 11.0 48.50321 14.12097 56.51031 12.0
11.0 31.0 31.0 121.51519 38.99165 36.03586 3.0
11.0 31.0 11.0 48.50321 14.12097 56.51031 3.0
11.0 36.0 36.0 51.18725 19.49723 119.69608 79.0
11.0 36.0 11.0 48.50321 14.12097 56.51031 79.0
11.0 37.0 37.0 80.21601 11.07544 113.84683 233.0
11.0 37.0 11.0 48.50321 14.12097 56.51031 233.0
11.0 39.0 39.0 21.81548 50.11854 32.79398 905.0
11.0 39.0 11.0 48.50321 14.12097 56.51031 905.0
11.0 40.0 40.0 83.24819 23.55905 42.38502 510.0
11.0 40.0 11.0 48.50321 14.12097 56.51031 510.0
11.0 44.0 44.0 70.23409 22.73294 131.34724 2.0
11.0 44.0 11.0 48.50321 14.12097 56.51031 2.0
12.0 8.0 8.0 108.15049 85.98842 38.65907 2.0
12.0 8.0 12.0 179.8126 86.3344 84.76624 2.0
12.0 12.0 12.0 179.8126 86.3344 84.76624 5892.0
12.0 12.0 12.0 179.8126 86.3344 84.76624 5892.0
12.0 14.0 14.0 128.24364 116.05159 40.23684 4.0
12.0 14.0 12.0 179.8126 86.3344 84.76624 4.0
12.0 15.0 15.0 145.12645 26.58663 64.66132 33.0
12.0 15.0 12.0 179.8126 86.3344 84.76624 33.0
12.0 18.0 18.0 159.21179 24.84852 93.90069 18.0
12.0 18.0 12.0 179.8126 86.3344 84.76624 18.0
12.0 23.0 23.0 173.49729 43.49446 77.10662 560.0
12.0 23.0 12.0 179.8126 86.3344 84.76624 560.0
12.0 24.0 24.0 107.87553 87.24658 149.14464 1.0
12.0 24.0 12.0 179.8126 86.3344 84.76624 1.0
12.0 25.0 25.0 182.85042 63.99889 100.28851 1162.0
12.0 25.0 12.0 179.8126 86.3344 84.76624 1162.0
12.0 31.0 31.0 121.51519 38.99165 36.03586 9.0
12.0 31.0 12.0 179.8126 86.3344 84.76624 9.0
12.0 32.0 32.0 156.97519 89.15898 57.99903 1764.0
12.0 32.0 12.0 179.8126 86.3344 84.76624 1764.0
12.0 34.0 34.0 127.78373 111.25537 129.58461 87.0
12.0 34.0 12.0 179.8126 86.3344 84.76624 87.0
12.0 35.0 35.0 147.79549 121.14214 95.66402 1219.0
12.0 35.0 12.0 179.8126 86.3344 84.76624 1219.0
12.0 46.0 46.0 114.47602 130.24244 52.70028 4.0
12.0 46.0 12.0 179.8126 86.3344 84.76624 4.0
12.0 47.0 47.0 164.1931 62.74271 126.10628 442.0
12.0 47.0 12.0 179.8126 86.3344 84.76624 442.0
13.0 2.0 2.0 27.33674 25.39471 87.69954 1405.0
13.0 2.0 13.0 21.81341 31.13049 56.41788 1405.0
13.0 3.0 3.0 83.08952 3.82664 88.01992 9.0
13.0 3.0 13.0 21.81341 31.13049 56.41788 9.0
13.0 6.0 6.0 5.47358 84.80235 74.39426 424.0
13.0 6.0 13.0 21.81341 31.13049 56.41788 424.0
13.0 11.0 11.0 48.50321 14.12097 56.51031 1596.0
13.0 11.0 13.0 21.81341 31.13049 56.41788 1596.0
13.0 13.0 13.0 21.81341 31.13049 56.41788 3858.0
13.0 13.0 13.0 21.81341 31.13049 56.41788 3858.0
13.0 16.0 16.0 37.11065 39.0323 124.66514 1.0
13.0 16.0 13.0 21.81341 31.13049 56.41788 1.0
13.0 19.0 19.0 66.40648 15.80351 45.3656 87.0
13.0 19.0 13.0 21.81341 31.13049 56.41788 87.0
13.0 20.0 20.0 85.02591 53.72005 22.25167 8.0
13.0 20.0 13.0 21.81341 31.13049 56.41788 8.0
13.0 21.0 21.0 28.22931 78.15013 19.34008 7.0
13.0 21.0 13.0 21.81341 31.13049 56.41788 7.0
13.0 22.0 22.0 25.08158 80.00888 119.4466 4.0
13.0 22.0 13.0 21.81341 31.13049 56.41788 4.0
13.0 27.0 27.0 18.73788 45.32264 103.73607 102.0
13.0 27.0 13.0 21.81341 31.13049 56.41788 102.0
13.0 36.0 36.0 51.18725 19.49723 119.69608 1.0
13.0 36.0 13.0 21.81341 31.13049 56.41788 1.0
13.0 37.0 37.0 80.21601 11.07544 113.84683 1.0
13.0 37.0 13.0 21.81341 31.13049 56.41788 1.0
13.0 39.0 39.0 21.81548 50.11854 32.79398 1777.0
13.0 39.0 13.0 21.81341 31.13049 56.41788 1777.0
13.0 40.0 40.0 83.24819 23.55905 42.38502 3.0
13.0 40.0 13.0 21.81341 31.13049 56.41788 3.0
14.0 1.0 1.0 66.2308 89.23316 7.47124 54.0
14.0 1.0 14.0 128.24364 116.05159 40.23684 54.0
14.0 8.0 8.0 108.15049 85.98842 38.65907 2670.0
14.0 8.0 14.0 128.24364 116.05159 40.23684 2670.0
14.0 12.0 12.0 179.8126 86.3344 84.76624 11.0
14.0 12.0 14.0 128.24364 116.05159 40.23684 11.0
14.0 14.0 14.0 128.24364 116.05159 40.23684 7252.0
14.0 14.0 14.0 128.24364 116.05159 40.23684 7252.0
14.0 20.0 20.0 85.02591 53.72005 22.25167 11.0
14.0 20.0 14.0 128.24364 116.05159 40.23684 11.0
14.0 30.0 30.0 88.31622 139.93433 62.66904 230.0
14.0 30.0 14.0 128.24364 116.05159 40.23684 230.0
14.0 31.0 31.0 121.51519 38.99165 36.03586 6.0
14.0 31.0 14.0 128.24364 116.05159 40.23684 6.0
14.0 32.0 32.0 156.97519 89.15898 57.99903 1356.0
14.0 32.0 14.0 128.24364 116.05159 40.23684 1356.0
14.0 35.0 35.0 147.79549 121.14214 95.66402 326.0
14.0 35.0 14.0 128.24364 116.05159 40.23684 326.0
14.0 43.0 43.0 101.75941 137.70982 99.17874 1.0
14.0 43.0 14.0 128.24364 116.05159 40.23684 1.0
14.0 46.0 46.0 114.47602 130.24244 52.70028 2880.0
14.0 46.0 14.0 128.24364 116.05159 40.23684 2880.0
15.0 3.0 3.0 83.08952 3.82664 88.01992 24.0
15.0 3.0 15.0 145.12645 26.58663 64.66132 24.0
15.0 7.0 7.0 121.67411 13.44272 56.91563 1549.0
15.0 7.0 15.0 145.12645 26.58663 64.66132 1549.0
15.0 8.0 8.0 108.15049 85.98842 38.65907 78.0
15.0 8.0 15.0 145.12645 26.58663 64.66132 78.0
15.0 10.0 10.0 97.06039 3.92187 61.07492 68.0
15.0 10.0 15.0 145.12645 26.58663 64.66132 68.0
15.0 12.0 12.0 179.8126 86.3344 84.76624 32.0
15.0 12.0 15.0 145.12645 26.58663 64.66132 32.0
15.0 15.0 15.0 145.12645 26.58663 64.66132 5029.0
15.0 15.0 15.0 145.12645 26.58663 64.66132 5029.0
15.0 17.0 17.0 122.81155 11.00533 94.55301 905.0
15.0 17.0 15.0 145.12645 26.58663 64.66132 905.0
15.0 18.0 18.0 159.21179 24.84852 93.90069 1026.0
15.0 18.0 15.0 145.12645 26.58663 64.66132 1026.0
15.0 23.0 23.0 173.49729 43.49446 77.10662 753.0
15.0 23.0 15.0 145.12645 26.58663 64.66132 753.0
15.0 25.0 25.0 182.85042 63.99889 100.28851 7.0
15.0 25.0 15.0 145.12645 26.58663 64.66132 7.0
15.0 26.0 26.0 132.10758 45.0712 139.08441 7.0
15.0 26.0 15.0 145.12645 26.58663 64.66132 7.0
15.0 29.0 29.0 122.63454 20.57602 121.18918 54.0
15.0 29.0 15.0 145.12645 26.58663 64.66132 54.0
15.0 31.0 31.0 121.51519 38.99165 36.03586 1383.0
15.0 31.0 15.0 145.12645 26.58663 64.66132 1383.0
15.0 32.0 32.0 156.97519 89.15898 57.99903 333.0
15.0 32.0 15.0 145.12645 26.58663 64.66132 333.0
15.0 37.0 37.0 80.21601 11.07544 113.84683 2.0
15.0 37.0 15.0 145.12645 26.58663 64.66132 2.0
15.0 40.0 40.0 83.24819 23.55905 42.38502 3.0
15.0 40.0 15.0 145.12645 26.58663 64.66132 3.0
15.0 47.0 47.0 164.1931 62.74271 126.10628 7.0
15.0 47.0 15.0 145.12645 26.58663 64.66132 7.0
16.0 0.0 0.0 55.12156 48.90765 141.98769 1418.0
16.0 0.0 16.0 37.11065 39.0323 124.66514 1418.0
16.0 2.0 2.0 27.33674 25.39471 87.69954 754.0
16.0 2.0 16.0 37.11065 39.0323 124.66514 754.0
16.0 3.0 3.0 83.08952 3.82664 88.01992 15.0
16.0 3.0 16.0 37.11065 39.0323 124.66514 15.0
16.0 4.0 4.0 72.03163 108.37601 139.67229 2.0
16.0 4.0 16.0 37.11065 39.0323 124.66514 2.0
16.0 6.0 6.0 5.47358 84.80235 74.39426 8.0
16.0 6.0 16.0 37.11065 39.0323 124.66514 8.0
16.0 11.0 11.0 48.50321 14.12097 56.51031 20.0
16.0 11.0 16.0 37.11065 39.0323 124.66514 20.0
16.0 16.0 16.0 37.11065 39.0323 124.66514 4224.0
16.0 16.0 16.0 37.11065 39.0323 124.66514 4224.0
16.0 22.0 22.0 25.08158 80.00888 119.4466 1277.0
16.0 22.0 16.0 37.11065 39.0323 124.66514 1277.0
16.0 23.0 23.0 173.49729 43.49446 77.10662 1.0
16.0 23.0 16.0 37.11065 39.0323 124.66514 1.0
16.0 26.0 26.0 132.10758 45.0712 139.08441 1.0
16.0 26.0 16.0 37.11065 39.0323 124.66514 1.0
16.0 27.0 27.0 18.73788 45.32264 103.73607 1137.0
16.0 27.0 16.0 37.11065 39.0323 124.66514 1137.0
16.0 28.0 28.0 84.32475 38.94684 143.15323 41.0
16.0 28.0 16.0 37.11065 39.0323 124.66514 41.0
16.0 33.0 33.0 97.16234 49.95139 149.24527 2.0
16.0 33.0 16.0 37.11065 39.0323 124.66514 2.0
16.0 36.0 36.0 51.18725 19.49723 119.69608 1028.0
16.0 36.0 16.0 37.11065 39.0323 124.66514 1028.0
16.0 37.0 37.0 80.21601 11.07544 113.84683 172.0
16.0 37.0 16.0 37.11065 39.0323 124.66514 172.0
16.0 38.0 38.0 88.72189 68.41811 152.61542 14.0
16.0 38.0 16.0 37.11065 39.0323 124.66514 14.0
16.0 41.0 41.0 59.81457 126.06374 122.48008 1.0
16.0 41.0 16.0 37.11065 39.0323 124.66514 1.0
16.0 42.0 42.0 56.56687 85.19244 144.9373 180.0
16.0 42.0 16.0 37.11065 39.0323 124.66514 180.0
16.0 44.0 44.0 70.23409 22.73294 131.34724 249.0
16.0 44.0 16.0 37.11065 39.0323 124.66514 249.0
17.0 3.0 3.0 83.08952 3.82664 88.01992 1174.0
17.0 3.0 17.0 122.81155 11.00533 94.55301 1174.0
17.0 7.0 7.0 121.67411 13.44272 56.91563 833.0
17.0 7.0 17.0 122.81155 11.00533 94.55301 833.0
17.0 10.0 10.0 97.06039 3.92187 61.07492 480.0
17.0 10.0 17.0 122.81155 11.00533 94.55301 480.0
17.0 15.0 15.0 145.12645 26.58663 64.66132 968.0
17.0 15.0 17.0 122.81155 11.00533 94.55301 968.0
17.0 17.0 17.0 122.81155 11.00533 94.55301 4983.0
17.0 17.0 17.0 122.81155 11.00533 94.55301 4983.0
17.0 18.0 18.0 159.21179 24.84852 93.90069 612.0
17.0 18.0 17.0 122.81155 11.00533 94.55301 612.0
17.0 19.0 19.0 66.40648 15.80351 45.3656 2.0
17.0 19.0 17.0 122.81155 11.00533 94.55301 2.0
17.0 23.0 23.0 173.49729 43.49446 77.10662 7.0
17.0 23.0 17.0 122.81155 11.00533 94.55301 7.0
17.0 26.0 26.0 132.10758 45.0712 139.08441 90.0
17.0 26.0 17.0 122.81155 11.00533 94.55301 90.0
17.0 28.0 28.0 84.32475 38.94684 143.15323 13.0
17.0 28.0 17.0 122.81155 11.00533 94.55301 13.0
17.0 29.0 29.0 122.63454 20.57602 121.18918 1504.0
17.0 29.0 17.0 122.81155 11.00533 94.55301 1504.0
17.0 31.0 31.0 121.51519 38.99165 36.03586 8.0
17.0 31.0 17.0 122.81155 11.00533 94.55301 8.0
17.0 33.0 33.0 97.16234 49.95139 149.24527 2.0
17.0 33.0 17.0 122.81155 11.00533 94.55301 2.0
17.0 37.0 37.0 80.21601 11.07544 113.84683 499.0
17.0 37.0 17.0 122.81155 11.00533 94.55301 499.0
17.0 40.0 40.0 83.24819 23.55905 42.38502 2.0
17.0 40.0 17.0 122.81155 11.00533 94.55301 2.0
17.0 44.0 44.0 70.23409 22.73294 131.34724 3.0
17.0 44.0 17.0 122.81155 11.00533 94.55301 3.0
17.0 45.0 45.0 35.06291 116.35394 28.60926 1.0
17.0 45.0 17.0 122.81155 11.00533 94.55301 1.0
17.0 47.0 47.0 164.1931 62.74271 126.10628 22.0
17.0 47.0 17.0 122.81155 11.00533 94.55301 22.0
18.0 3.0 3.0 83.08952 3.82664 88.01992 1.0
18.0 3.0 18.0 159.21179 24.84852 93.90069 1.0
18.0 7.0 7.0 121.67411 13.44272 56.91563 34.0
18.0 7.0 18.0 159.21179 24.84852 93.90069 34.0
18.0 10.0 10.0 97.06039 3.92187 61.07492 1.0
18.0 10.0 18.0 159.21179 24.84852 93.90069 1.0
18.0 12.0 12.0 179.8126 86.3344 84.76624 9.0
18.0 12.0 18.0 159.21179 24.84852 93.90069 9.0
18.0 15.0 15.0 145.12645 26.58663 64.66132 1091.0
18.0 15.0 18.0 159.21179 24.84852 93.90069 1091.0
18.0 17.0 17.0 122.81155 11.00533 94.55301 645.0
18.0 17.0 18.0 159.21179 24.84852 93.90069 645.0
18.0 18.0 18.0 159.21179 24.84852 93.90069 3203.0
18.0 18.0 18.0 159.21179 24.84852 93.90069 3203.0
18.0 23.0 23.0 173.49729 43.49446 77.10662 967.0
18.0 23.0 18.0 159.21179 24.84852 93.90069 967.0
18.0 25.0 25.0 182.85042 63.99889 100.28851 94.0
18.0 25.0 18.0 159.21179 24.84852 93.90069 94.0
18.0 26.0 26.0 132.10758 45.0712 139.08441 225.0
18.0 26.0 18.0 159.21179 24.84852 93.90069 225.0
18.0 29.0 29.0 122.63454 20.57602 121.18918 569.0
18.0 29.0 18.0 159.21179 24.84852 93.90069 569.0
18.0 31.0 31.0 121.51519 38.99165 36.03586 11.0
18.0 31.0 18.0 159.21179 24.84852 93.90069 11.0
18.0 32.0 32.0 156.97519 89.15898 57.99903 11.0
18.0 32.0 18.0 159.21179 24.84852 93.90069 11.0
18.0 37.0 37.0 80.21601 11.07544 113.84683 2.0
18.0 37.0 18.0 159.21179 24.84852 93.90069 2.0
18.0 47.0 47.0 164.1931 62.74271 126.10628 685.0
18.0 47.0 18.0 159.21179 24.84852 93.90069 685.0
19.0 1.0 1.0 66.2308 89.23316 7.47124 22.0
19.0 1.0 19.0 66.40648 15.80351 45.3656 22.0
19.0 2.0 2.0 27.33674 25.39471 87.69954 16.0
19.0 2.0 19.0 66.40648 15.80351 45.3656 16.0
19.0 3.0 3.0 83.08952 3.82664 88.01992 445.0
19.0 3.0 19.0 66.40648 15.80351 45.3656 445.0
19.0 7.0 7.0 121.67411 13.44272 56.91563 15.0
19.0 7.0 19.0 66.40648 15.80351 45.3656 15.0
19.0 8.0 8.0 108.15049 85.98842 38.65907 1.0
19.0 8.0 19.0 66.40648 15.80351 45.3656 1.0
19.0 10.0 10.0 97.06039 3.92187 61.07492 584.0
19.0 10.0 19.0 66.40648 15.80351 45.3656 584.0
19.0 11.0 11.0 48.50321 14.12097 56.51031 1956.0
19.0 11.0 19.0 66.40648 15.80351 45.3656 1956.0
19.0 13.0 13.0 21.81341 31.13049 56.41788 67.0
19.0 13.0 19.0 66.40648 15.80351 45.3656 67.0
19.0 17.0 17.0 122.81155 11.00533 94.55301 1.0
19.0 17.0 19.0 66.40648 15.80351 45.3656 1.0
19.0 19.0 19.0 66.40648 15.80351 45.3656 2117.0
19.0 19.0 19.0 66.40648 15.80351 45.3656 2117.0
19.0 20.0 20.0 85.02591 53.72005 22.25167 570.0
19.0 20.0 19.0 66.40648 15.80351 45.3656 570.0
19.0 21.0 21.0 28.22931 78.15013 19.34008 15.0
19.0 21.0 19.0 66.40648 15.80351 45.3656 15.0
19.0 31.0 31.0 121.51519 38.99165 36.03586 31.0
19.0 31.0 19.0 66.40648 15.80351 45.3656 31.0
19.0 36.0 36.0 51.18725 19.49723 119.69608 1.0
19.0 36.0 19.0 66.40648 15.80351 45.3656 1.0
19.0 37.0 37.0 80.21601 11.07544 113.84683 15.0
19.0 37.0 19.0 66.40648 15.80351 45.3656 15.0
19.0 39.0 39.0 21.81548 50.11854 32.79398 215.0
19.0 39.0 19.0 66.40648 15.80351 45.3656 215.0
19.0 40.0 40.0 83.24819 23.55905 42.38502 1605.0
19.0 40.0 19.0 66.40648 15.80351 45.3656 1605.0
20.0 1.0 1.0 66.2308 89.23316 7.47124 2059.0
20.0 1.0 20.0 85.02591 53.72005 22.25167 2059.0
20.0 7.0 7.0 121.67411 13.44272 56.91563 13.0
20.0 7.0 20.0 85.02591 53.72005 22.25167 13.0
20.0 8.0 8.0 108.15049 85.98842 38.65907 3151.0
20.0 8.0 20.0 85.02591 53.72005 22.25167 3151.0
20.0 10.0 10.0 97.06039 3.92187 61.07492 27.0
20.0 10.0 20.0 85.02591 53.72005 22.25167 27.0
20.0 11.0 11.0 48.50321 14.12097 56.51031 271.0
20.0 11.0 20.0 85.02591 53.72005 22.25167 271.0
20.0 12.0 12.0 179.8126 86.3344 84.76624 1.0
20.0 12.0 20.0 85.02591 53.72005 22.25167 1.0
20.0 13.0 13.0 21.81341 31.13049 56.41788 11.0
20.0 13.0 20.0 85.02591 53.72005 22.25167 11.0
20.0 14.0 14.0 128.24364 116.05159 40.23684 9.0
20.0 14.0 20.0 85.02591 53.72005 22.25167 9.0
20.0 15.0 15.0 145.12645 26.58663 64.66132 1.0
20.0 15.0 20.0 85.02591 53.72005 22.25167 1.0
20.0 19.0 19.0 66.40648 15.80351 45.3656 514.0
20.0 19.0 20.0 85.02591 53.72005 22.25167 514.0
20.0 20.0 20.0 85.02591 53.72005 22.25167 12424.0
20.0 20.0 20.0 85.02591 53.72005 22.25167 12424.0
20.0 21.0 21.0 28.22931 78.15013 19.34008 245.0
20.0 21.0 20.0 85.02591 53.72005 22.25167 245.0
20.0 27.0 27.0 18.73788 45.32264 103.73607 1.0
20.0 27.0 20.0 85.02591 53.72005 22.25167 1.0
20.0 31.0 31.0 121.51519 38.99165 36.03586 2080.0
20.0 31.0 20.0 85.02591 53.72005 22.25167 2080.0
20.0 32.0 32.0 156.97519 89.15898 57.99903 8.0
20.0 32.0 20.0 85.02591 53.72005 22.25167 8.0
20.0 39.0 39.0 21.81548 50.11854 32.79398 520.0
20.0 39.0 20.0 85.02591 53.72005 22.25167 520.0
20.0 40.0 40.0 83.24819 23.55905 42.38502 1704.0
20.0 40.0 20.0 85.02591 53.72005 22.25167 1704.0
20.0 45.0 45.0 35.06291 116.35394 28.60926 2.0
20.0 45.0 20.0 85.02591 53.72005 22.25167 2.0
21.0 1.0 1.0 66.2308 89.23316 7.47124 1580.0
21.0 1.0 21.0 28.22931 78.15013 19.34008 1580.0
21.0 5.0 5.0 36.09883 130.00942 82.22788 8.0
21.0 5.0 21.0 28.22931 78.15013 19.34008 8.0
21.0 6.0 6.0 5.47358 84.80235 74.39426 663.0
21.0 6.0 21.0 28.22931 78.15013 19.34008 663.0
21.0 8.0 8.0 108.15049 85.98842 38.65907 3.0
21.0 8.0 21.0 28.22931 78.15013 19.34008 3.0
21.0 11.0 11.0 48.50321 14.12097 56.51031 38.0
21.0 11.0 21.0 28.22931 78.15013 19.34008 38.0
21.0 12.0 12.0 179.8126 86.3344 84.76624 1.0
21.0 12.0 21.0 28.22931 78.15013 19.34008 1.0
21.0 13.0 13.0 21.81341 31.13049 56.41788 10.0
21.0 13.0 21.0 28.22931 78.15013 19.34008 10.0
21.0 19.0 19.0 66.40648 15.80351 45.3656 16.0
21.0 19.0 21.0 28.22931 78.15013 19.34008 16.0
21.0 20.0 20.0 85.02591 53.72005 22.25167 238.0
21.0 20.0 21.0 28.22931 78.15013 19.34008 238.0
21.0 21.0 21.0 28.22931 78.15013 19.34008 6435.0
21.0 21.0 21.0 28.22931 78.15013 19.34008 6435.0
21.0 39.0 39.0 21.81548 50.11854 32.79398 2221.0
21.0 39.0 21.0 28.22931 78.15013 19.34008 2221.0
21.0 40.0 40.0 83.24819 23.55905 42.38502 5.0
21.0 40.0 21.0 28.22931 78.15013 19.34008 5.0
21.0 45.0 45.0 35.06291 116.35394 28.60926 1851.0
21.0 45.0 21.0 28.22931 78.15013 19.34008 1851.0
22.0 0.0 0.0 55.12156 48.90765 141.98769 631.0
22.0 0.0 22.0 25.08158 80.00888 119.4466 631.0
22.0 2.0 2.0 27.33674 25.39471 87.69954 82.0
22.0 2.0 22.0 25.08158 80.00888 119.4466 82.0
22.0 4.0 4.0 72.03163 108.37601 139.67229 450.0
22.0 4.0 22.0 25.08158 80.00888 119.4466 450.0
22.0 5.0 5.0 36.09883 130.00942 82.22788 1188.0
22.0 5.0 22.0 25.08158 80.00888 119.4466 1188.0
22.0 6.0 6.0 5.47358 84.80235 74.39426 1972.0
22.0 6.0 22.0 25.08158 80.00888 119.4466 1972.0
22.0 8.0 8.0 108.15049 85.98842 38.65907 2.0
22.0 8.0 22.0 25.08158 80.00888 119.4466 2.0
22.0 13.0 13.0 21.81341 31.13049 56.41788 2.0
22.0 13.0 22.0 25.08158 80.00888 119.4466 2.0
22.0 16.0 16.0 37.11065 39.0323 124.66514 1249.0
22.0 16.0 22.0 25.08158 80.00888 119.4466 1249.0
22.0 17.0 17.0 122.81155 11.00533 94.55301 1.0
22.0 17.0 22.0 25.08158 80.00888 119.4466 1.0
22.0 19.0 19.0 66.40648 15.80351 45.3656 1.0
22.0 19.0 22.0 25.08158 80.00888 119.4466 1.0
22.0 22.0 22.0 25.08158 80.00888 119.4466 13793.0
22.0 22.0 22.0 25.08158 80.00888 119.4466 13793.0
22.0 27.0 27.0 18.73788 45.32264 103.73607 1362.0
22.0 27.0 22.0 25.08158 80.00888 119.4466 1362.0
22.0 28.0 28.0 84.32475 38.94684 143.15323 12.0
22.0 28.0 22.0 25.08158 80.00888 119.4466 12.0
22.0 33.0 33.0 97.16234 49.95139 149.24527 2.0
22.0 33.0 22.0 25.08158 80.00888 119.4466 2.0
22.0 36.0 36.0 51.18725 19.49723 119.69608 15.0
22.0 36.0 22.0 25.08158 80.00888 119.4466 15.0
22.0 37.0 37.0 80.21601 11.07544 113.84683 1.0
22.0 37.0 22.0 25.08158 80.00888 119.4466 1.0
22.0 38.0 38.0 88.72189 68.41811 152.61542 24.0
22.0 38.0 22.0 25.08158 80.00888 119.4466 24.0
22.0 41.0 41.0 59.81457 126.06374 122.48008 693.0
22.0 41.0 22.0 25.08158 80.00888 119.4466 693.0
22.0 42.0 42.0 56.56687 85.19244 144.9373 1674.0
22.0 42.0 22.0 25.08158 80.00888 119.4466 1674.0
22.0 43.0 43.0 101.75941 137.70982 99.17874 1.0
22.0 43.0 22.0 25.08158 80.00888 119.4466 1.0
22.0 44.0 44.0 70.23409 22.73294 131.34724 2.0
22.0 44.0 22.0 25.08158 80.00888 119.4466 2.0
23.0 7.0 7.0 121.67411 13.44272 56.91563 10.0
23.0 7.0 23.0 173.49729 43.49446 77.10662 10.0
23.0 8.0 8.0 108.15049 85.98842 38.65907 5.0
23.0 8.0 23.0 173.49729 43.49446 77.10662 5.0
23.0 12.0 12.0 179.8126 86.3344 84.76624 590.0
23.0 12.0 23.0 173.49729 43.49446 77.10662 590.0
23.0 15.0 15.0 145.12645 26.58663 64.66132 807.0
23.0 15.0 23.0 173.49729 43.49446 77.10662 807.0
23.0 17.0 17.0 122.81155 11.00533 94.55301 5.0
23.0 17.0 23.0 173.49729 43.49446 77.10662 5.0
23.0 18.0 18.0 159.21179 24.84852 93.90069 1040.0
23.0 18.0 23.0 173.49729 43.49446 77.10662 1040.0
23.0 23.0 23.0 173.49729 43.49446 77.10662 3325.0
23.0 23.0 23.0 173.49729 43.49446 77.10662 3325.0
23.0 25.0 25.0 182.85042 63.99889 100.28851 771.0
23.0 25.0 23.0 173.49729 43.49446 77.10662 771.0
23.0 26.0 26.0 132.10758 45.0712 139.08441 11.0
23.0 26.0 23.0 173.49729 43.49446 77.10662 11.0
23.0 28.0 28.0 84.32475 38.94684 143.15323 1.0
23.0 28.0 23.0 173.49729 43.49446 77.10662 1.0
23.0 29.0 29.0 122.63454 20.57602 121.18918 15.0
23.0 29.0 23.0 173.49729 43.49446 77.10662 15.0
23.0 31.0 31.0 121.51519 38.99165 36.03586 121.0
23.0 31.0 23.0 173.49729 43.49446 77.10662 121.0
23.0 32.0 32.0 156.97519 89.15898 57.99903 506.0
23.0 32.0 23.0 173.49729 43.49446 77.10662 506.0
23.0 37.0 37.0 80.21601 11.07544 113.84683 1.0
23.0 37.0 23.0 173.49729 43.49446 77.10662 1.0
23.0 47.0 47.0 164.1931 62.74271 126.10628 323.0
23.0 47.0 23.0 173.49729 43.49446 77.10662 323.0
24.0 0.0 0.0 55.12156 48.90765 141.98769 9.0
24.0 0.0 24.0 107.87553 87.24658 149.14464 9.0
24.0 4.0 4.0 72.03163 108.37601 139.67229 1505.0
24.0 4.0 24.0 107.87553 87.24658 149.14464 1505.0
24.0 9.0 9.0 78.58109 139.93074 102.61839 14.0
24.0 9.0 24.0 107.87553 87.24658 149.14464 14.0
24.0 17.0 17.0 122.81155 11.00533 94.55301 1.0
24.0 17.0 24.0 107.87553 87.24658 149.14464 1.0
24.0 22.0 22.0 25.08158 80.00888 119.4466 1.0
24.0 22.0 24.0 107.87553 87.24658 149.14464 1.0
24.0 24.0 24.0 107.87553 87.24658 149.14464 8898.0
24.0 24.0 24.0 107.87553 87.24658 149.14464 8898.0
24.0 26.0 26.0 132.10758 45.0712 139.08441 906.0
24.0 26.0 24.0 107.87553 87.24658 149.14464 906.0
24.0 28.0 28.0 84.32475 38.94684 143.15323 37.0
24.0 28.0 24.0 107.87553 87.24658 149.14464 37.0
24.0 30.0 30.0 88.31622 139.93433 62.66904 1.0
24.0 30.0 24.0 107.87553 87.24658 149.14464 1.0
24.0 33.0 33.0 97.16234 49.95139 149.24527 491.0
24.0 33.0 24.0 107.87553 87.24658 149.14464 491.0
24.0 34.0 34.0 127.78373 111.25537 129.58461 2545.0
24.0 34.0 24.0 107.87553 87.24658 149.14464 2545.0
24.0 35.0 35.0 147.79549 121.14214 95.66402 5.0
24.0 35.0 24.0 107.87553 87.24658 149.14464 5.0
24.0 38.0 38.0 88.72189 68.41811 152.61542 1945.0
24.0 38.0 24.0 107.87553 87.24658 149.14464 1945.0
24.0 41.0 41.0 59.81457 126.06374 122.48008 92.0
24.0 41.0 24.0 107.87553 87.24658 149.14464 92.0
24.0 42.0 42.0 56.56687 85.19244 144.9373 529.0
24.0 42.0 24.0 107.87553 87.24658 149.14464 529.0
24.0 43.0 43.0 101.75941 137.70982 99.17874 11.0
24.0 43.0 24.0 107.87553 87.24658 149.14464 11.0
24.0 44.0 44.0 70.23409 22.73294 131.34724 3.0
24.0 44.0 24.0 107.87553 87.24658 149.14464 3.0
24.0 47.0 47.0 164.1931 62.74271 126.10628 208.0
24.0 47.0 24.0 107.87553 87.24658 149.14464 208.0
25.0 7.0 7.0 121.67411 13.44272 56.91563 1.0
25.0 7.0 25.0 182.85042 63.99889 100.28851 1.0
25.0 12.0 12.0 179.8126 86.3344 84.76624 1190.0
25.0 12.0 25.0 182.85042 63.99889 100.28851 1190.0
25.0 15.0 15.0 145.12645 26.58663 64.66132 9.0
25.0 15.0 25.0 182.85042 63.99889 100.28851 9.0
25.0 18.0 18.0 159.21179 24.84852 93.90069 109.0
25.0 18.0 25.0 182.85042 63.99889 100.28851 109.0
25.0 23.0 23.0 173.49729 43.49446 77.10662 770.0
25.0 23.0 25.0 182.85042 63.99889 100.28851 770.0
25.0 25.0 25.0 182.85042 63.99889 100.28851 2208.0
25.0 25.0 25.0 182.85042 63.99889 100.28851 2208.0
25.0 26.0 26.0 132.10758 45.0712 139.08441 6.0
25.0 26.0 25.0 182.85042 63.99889 100.28851 6.0
25.0 29.0 29.0 122.63454 20.57602 121.18918 1.0
25.0 29.0 25.0 182.85042 63.99889 100.28851 1.0
25.0 32.0 32.0 156.97519 89.15898 57.99903 40.0
25.0 32.0 25.0 182.85042 63.99889 100.28851 40.0
25.0 34.0 34.0 127.78373 111.25537 129.58461 23.0
25.0 34.0 25.0 182.85042 63.99889 100.28851 23.0
25.0 35.0 35.0 147.79549 121.14214 95.66402 80.0
25.0 35.0 25.0 182.85042 63.99889 100.28851 80.0
25.0 46.0 46.0 114.47602 130.24244 52.70028 1.0
25.0 46.0 25.0 182.85042 63.99889 100.28851 1.0
25.0 47.0 47.0 164.1931 62.74271 126.10628 1237.0
25.0 47.0 25.0 182.85042 63.99889 100.28851 1237.0
26.0 3.0 3.0 83.08952 3.82664 88.01992 1.0
26.0 3.0 26.0 132.10758 45.0712 139.08441 1.0
26.0 17.0 17.0 122.81155 11.00533 94.55301 105.0
26.0 17.0 26.0 132.10758 45.0712 139.08441 105.0
26.0 18.0 18.0 159.21179 24.84852 93.90069 219.0
26.0 18.0 26.0 132.10758 45.0712 139.08441 219.0
26.0 23.0 23.0 173.49729 43.49446 77.10662 5.0
26.0 23.0 26.0 132.10758 45.0712 139.08441 5.0
26.0 24.0 24.0 107.87553 87.24658 149.14464 952.0
26.0 24.0 26.0 132.10758 45.0712 139.08441 952.0
26.0 25.0 25.0 182.85042 63.99889 100.28851 4.0
26.0 25.0 26.0 132.10758 45.0712 139.08441 4.0
26.0 26.0 26.0 132.10758 45.0712 139.08441 8100.0
26.0 26.0 26.0 132.10758 45.0712 139.08441 8100.0
26.0 28.0 28.0 84.32475 38.94684 143.15323 448.0
26.0 28.0 26.0 132.10758 45.0712 139.08441 448.0
26.0 29.0 29.0 122.63454 20.57602 121.18918 1812.0
26.0 29.0 26.0 132.10758 45.0712 139.08441 1812.0
26.0 33.0 33.0 97.16234 49.95139 149.24527 1106.0
26.0 33.0 26.0 132.10758 45.0712 139.08441 1106.0
26.0 34.0 34.0 127.78373 111.25537 129.58461 284.0
26.0 34.0 26.0 132.10758 45.0712 139.08441 284.0
26.0 35.0 35.0 147.79549 121.14214 95.66402 1.0
26.0 35.0 26.0 132.10758 45.0712 139.08441 1.0
26.0 37.0 37.0 80.21601 11.07544 113.84683 107.0
26.0 37.0 26.0 132.10758 45.0712 139.08441 107.0
26.0 38.0 38.0 88.72189 68.41811 152.61542 388.0
26.0 38.0 26.0 132.10758 45.0712 139.08441 388.0
26.0 44.0 44.0 70.23409 22.73294 131.34724 14.0
26.0 44.0 26.0 132.10758 45.0712 139.08441 14.0
26.0 47.0 47.0 164.1931 62.74271 126.10628 1746.0
26.0 47.0 26.0 132.10758 45.0712 139.08441 1746.0
27.0 0.0 0.0 55.12156 48.90765 141.98769 44.0
27.0 0.0 27.0 18.73788 45.32264 103.73607 44.0
27.0 2.0 2.0 27.33674 25.39471 87.69954 1605.0
27.0 2.0 27.0 18.73788 45.32264 103.73607 1605.0
27.0 3.0 3.0 83.08952 3.82664 88.01992 1.0
27.0 3.0 27.0 18.73788 45.32264 103.73607 1.0
27.0 6.0 6.0 5.47358 84.80235 74.39426 773.0
27.0 6.0 27.0 18.73788 45.32264 103.73607 773.0
27.0 11.0 11.0 48.50321 14.12097 56.51031 13.0
27.0 11.0 27.0 18.73788 45.32264 103.73607 13.0
27.0 13.0 13.0 21.81341 31.13049 56.41788 122.0
27.0 13.0 27.0 18.73788 45.32264 103.73607 122.0
27.0 16.0 16.0 37.11065 39.0323 124.66514 1257.0
27.0 16.0 27.0 18.73788 45.32264 103.73607 1257.0
27.0 22.0 22.0 25.08158 80.00888 119.4466 1342.0
27.0 22.0 27.0 18.73788 45.32264 103.73607 1342.0
27.0 27.0 27.0 18.73788 45.32264 103.73607 3412.0
27.0 27.0 27.0 18.73788 45.32264 103.73607 3412.0
27.0 36.0 36.0 51.18725 19.49723 119.69608 80.0
27.0 36.0 27.0 18.73788 45.32264 103.73607 80.0
27.0 37.0 37.0 80.21601 11.07544 113.84683 7.0
27.0 37.0 27.0 18.73788 45.32264 103.73607 7.0
27.0 39.0 39.0 21.81548 50.11854 32.79398 24.0
27.0 39.0 27.0 18.73788 45.32264 103.73607 24.0
27.0 42.0 42.0 56.56687 85.19244 144.9373 2.0
27.0 42.0 27.0 18.73788 45.32264 103.73607 2.0
27.0 44.0 44.0 70.23409 22.73294 131.34724 7.0
27.0 44.0 27.0 18.73788 45.32264 103.73607 7.0
27.0 45.0 45.0 35.06291 116.35394 28.60926 1.0
27.0 45.0 27.0 18.73788 45.32264 103.73607 1.0
28.0 0.0 0.0 55.12156 48.90765 141.98769 1089.0
28.0 0.0 28.0 84.32475 38.94684 143.15323 1089.0
28.0 3.0 3.0 83.08952 3.82664 88.01992 9.0
28.0 3.0 28.0 84.32475 38.94684 143.15323 9.0
28.0 4.0 4.0 72.03163 108.37601 139.67229 5.0
28.0 4.0 28.0 84.32475 38.94684 143.15323 5.0
28.0 5.0 5.0 36.09883 130.00942 82.22788 1.0
28.0 5.0 28.0 84.32475 38.94684 143.15323 1.0
28.0 16.0 16.0 37.11065 39.0323 124.66514 36.0
28.0 16.0 28.0 84.32475 38.94684 143.15323 36.0
28.0 17.0 17.0 122.81155 11.00533 94.55301 12.0
28.0 17.0 28.0 84.32475 38.94684 143.15323 12.0
28.0 19.0 19.0 66.40648 15.80351 45.3656 1.0
28.0 19.0 28.0 84.32475 38.94684 143.15323 1.0
28.0 22.0 22.0 25.08158 80.00888 119.4466 14.0
28.0 22.0 28.0 84.32475 38.94684 143.15323 14.0
28.0 24.0 24.0 107.87553 87.24658 149.14464 38.0
28.0 24.0 28.0 84.32475 38.94684 143.15323 38.0
28.0 26.0 26.0 132.10758 45.0712 139.08441 407.0
28.0 26.0 28.0 84.32475 38.94684 143.15323 407.0
28.0 28.0 28.0 84.32475 38.94684 143.15323 3128.0
28.0 28.0 28.0 84.32475 38.94684 143.15323 3128.0
28.0 29.0 29.0 122.63454 20.57602 121.18918 479.0
28.0 29.0 28.0 84.32475 38.94684 143.15323 479.0
28.0 33.0 33.0 97.16234 49.95139 149.24527 1625.0
28.0 33.0 28.0 84.32475 38.94684 143.15323 1625.0
28.0 36.0 36.0 51.18725 19.49723 119.69608 78.0
28.0 36.0 28.0 84.32475 38.94684 143.15323 78.0
28.0 37.0 37.0 80.21601 11.07544 113.84683 724.0
28.0 37.0 28.0 84.32475 38.94684 143.15323 724.0
28.0 38.0 38.0 88.72189 68.41811 152.61542 571.0
28.0 38.0 28.0 84.32475 38.94684 143.15323 571.0
28.0 42.0 42.0 56.56687 85.19244 144.9373 179.0
28.0 42.0 28.0 84.32475 38.94684 143.15323 179.0
28.0 44.0 44.0 70.23409 22.73294 131.34724 963.0
28.0 44.0 28.0 84.32475 38.94684 143.15323 963.0
29.0 0.0 0.0 55.12156 48.90765 141.98769 3.0
29.0 0.0 29.0 122.63454 20.57602 121.18918 3.0
29.0 3.0 3.0 83.08952 3.82664 88.01992 214.0
29.0 3.0 29.0 122.63454 20.57602 121.18918 214.0
29.0 7.0 7.0 121.67411 13.44272 56.91563 13.0
29.0 7.0 29.0 122.63454 20.57602 121.18918 13.0
29.0 10.0 10.0 97.06039 3.92187 61.07492 3.0
29.0 10.0 29.0 122.63454 20.57602 121.18918 3.0
29.0 15.0 15.0 145.12645 26.58663 64.66132 56.0
29.0 15.0 29.0 122.63454 20.57602 121.18918 56.0
29.0 17.0 17.0 122.81155 11.00533 94.55301 1592.0
29.0 17.0 29.0 122.63454 20.57602 121.18918 1592.0
29.0 18.0 18.0 159.21179 24.84852 93.90069 483.0
29.0 18.0 29.0 122.63454 20.57602 121.18918 483.0
29.0 23.0 23.0 173.49729 43.49446 77.10662 8.0
29.0 23.0 29.0 122.63454 20.57602 121.18918 8.0
29.0 24.0 24.0 107.87553 87.24658 149.14464 2.0
29.0 24.0 29.0 122.63454 20.57602 121.18918 2.0
29.0 25.0 25.0 182.85042 63.99889 100.28851 3.0
29.0 25.0 29.0 122.63454 20.57602 121.18918 3.0
29.0 26.0 26.0 132.10758 45.0712 139.08441 1871.0
29.0 26.0 29.0 122.63454 20.57602 121.18918 1871.0
29.0 28.0 28.0 84.32475 38.94684 143.15323 506.0
29.0 28.0 29.0 122.63454 20.57602 121.18918 506.0
29.0 29.0 29.0 122.63454 20.57602 121.18918 4741.0
29.0 29.0 29.0 122.63454 20.57602 121.18918 4741.0
29.0 33.0 33.0 97.16234 49.95139 149.24527 185.0
29.0 33.0 29.0 122.63454 20.57602 121.18918 185.0
29.0 36.0 36.0 51.18725 19.49723 119.69608 1.0
29.0 36.0 29.0 122.63454 20.57602 121.18918 1.0
29.0 37.0 37.0 80.21601 11.07544 113.84683 1195.0
29.0 37.0 29.0 122.63454 20.57602 121.18918 1195.0
29.0 38.0 38.0 88.72189 68.41811 152.61542 7.0
29.0 38.0 29.0 122.63454 20.57602 121.18918 7.0
29.0 44.0 44.0 70.23409 22.73294 131.34724 75.0
29.0 44.0 29.0 122.63454 20.57602 121.18918 75.0
29.0 46.0 46.0 114.47602 130.24244 52.70028 1.0
29.0 46.0 29.0 122.63454 20.57602 121.18918 1.0
29.0 47.0 47.0 164.1931 62.74271 126.10628 232.0
29.0 47.0 29.0 122.63454 20.57602 121.18918 232.0
30.0 1.0 1.0 66.2308 89.23316 7.47124 331.0
30.0 1.0 30.0 88.31622 139.93433 62.66904 331.0
30.0 2.0 2.0 27.33674 25.39471 87.69954 1.0
30.0 2.0 30.0 88.31622 139.93433 62.66904 1.0
30.0 5.0 5.0 36.09883 130.00942 82.22788 1676.0
30.0 5.0 30.0 88.31622 139.93433 62.66904 1676.0
30.0 8.0 8.0 108.15049 85.98842 38.65907 581.0
30.0 8.0 30.0 88.31622 139.93433 62.66904 581.0
30.0 9.0 9.0 78.58109 139.93074 102.61839 1166.0
30.0 9.0 30.0 88.31622 139.93433 62.66904 1166.0
30.0 14.0 14.0 128.24364 116.05159 40.23684 248.0
30.0 14.0 30.0 88.31622 139.93433 62.66904 248.0
30.0 23.0 23.0 173.49729 43.49446 77.10662 1.0
30.0 23.0 30.0 88.31622 139.93433 62.66904 1.0
30.0 30.0 30.0 88.31622 139.93433 62.66904 14987.0
30.0 30.0 30.0 88.31622 139.93433 62.66904 14987.0
30.0 32.0 32.0 156.97519 89.15898 57.99903 2.0
30.0 32.0 30.0 88.31622 139.93433 62.66904 2.0
30.0 34.0 34.0 127.78373 111.25537 129.58461 71.0
30.0 34.0 30.0 88.31622 139.93433 62.66904 71.0
30.0 35.0 35.0 147.79549 121.14214 95.66402 704.0
30.0 35.0 30.0 88.31622 139.93433 62.66904 704.0
30.0 41.0 41.0 59.81457 126.06374 122.48008 20.0
30.0 41.0 30.0 88.31622 139.93433 62.66904 20.0
30.0 43.0 43.0 101.75941 137.70982 99.17874 2196.0
30.0 43.0 30.0 88.31622 139.93433 62.66904 2196.0
30.0 45.0 45.0 35.06291 116.35394 28.60926 755.0
30.0 45.0 30.0 88.31622 139.93433 62.66904 755.0
30.0 46.0 46.0 114.47602 130.24244 52.70028 3368.0
30.0 46.0 30.0 88.31622 139.93433 62.66904 3368.0
31.0 1.0 1.0 66.2308 89.23316 7.47124 2.0
31.0 1.0 31.0 121.51519 38.99165 36.03586 2.0
31.0 3.0 3.0 83.08952 3.82664 88.01992 2.0
31.0 3.0 31.0 121.51519 38.99165 36.03586 2.0
31.0 7.0 7.0 121.67411 13.44272 56.91563 1632.0
31.0 7.0 31.0 121.51519 38.99165 36.03586 1632.0
31.0 8.0 8.0 108.15049 85.98842 38.65907 1971.0
31.0 8.0 31.0 121.51519 38.99165 36.03586 1971.0
31.0 10.0 10.0 97.06039 3.92187 61.07492 403.0
31.0 10.0 31.0 121.51519 38.99165 36.03586 403.0
31.0 11.0 11.0 48.50321 14.12097 56.51031 2.0
31.0 11.0 31.0 121.51519 38.99165 36.03586 2.0
31.0 12.0 12.0 179.8126 86.3344 84.76624 7.0
31.0 12.0 31.0 121.51519 38.99165 36.03586 7.0
31.0 14.0 14.0 128.24364 116.05159 40.23684 3.0
31.0 14.0 31.0 121.51519 38.99165 36.03586 3.0
31.0 15.0 15.0 145.12645 26.58663 64.66132 1340.0
31.0 15.0 31.0 121.51519 38.99165 36.03586 1340.0
31.0 17.0 17.0 122.81155 11.00533 94.55301 9.0
31.0 17.0 31.0 121.51519 38.99165 36.03586 9.0
31.0 18.0 18.0 159.21179 24.84852 93.90069 12.0
31.0 18.0 31.0 121.51519 38.99165 36.03586 12.0
31.0 19.0 19.0 66.40648 15.80351 45.3656 27.0
31.0 19.0 31.0 121.51519 38.99165 36.03586 27.0
31.0 20.0 20.0 85.02591 53.72005 22.25167 2119.0
31.0 20.0 31.0 121.51519 38.99165 36.03586 2119.0
31.0 23.0 23.0 173.49729 43.49446 77.10662 109.0
31.0 23.0 31.0 121.51519 38.99165 36.03586 109.0
31.0 31.0 31.0 121.51519 38.99165 36.03586 11936.0
31.0 31.0 31.0 121.51519 38.99165 36.03586 11936.0
31.0 32.0 32.0 156.97519 89.15898 57.99903 543.0
31.0 32.0 31.0 121.51519 38.99165 36.03586 543.0
31.0 40.0 40.0 83.24819 23.55905 42.38502 1058.0
31.0 40.0 31.0 121.51519 38.99165 36.03586 1058.0
31.0 45.0 45.0 35.06291 116.35394 28.60926 1.0
31.0 45.0 31.0 121.51519 38.99165 36.03586 1.0
32.0 7.0 7.0 121.67411 13.44272 56.91563 7.0
32.0 7.0 32.0 156.97519 89.15898 57.99903 7.0
32.0 8.0 8.0 108.15049 85.98842 38.65907 1594.0
32.0 8.0 32.0 156.97519 89.15898 57.99903 1594.0
32.0 12.0 12.0 179.8126 86.3344 84.76624 1672.0
32.0 12.0 32.0 156.97519 89.15898 57.99903 1672.0
32.0 14.0 14.0 128.24364 116.05159 40.23684 1511.0
32.0 14.0 32.0 156.97519 89.15898 57.99903 1511.0
32.0 15.0 15.0 145.12645 26.58663 64.66132 396.0
32.0 15.0 32.0 156.97519 89.15898 57.99903 396.0
32.0 18.0 18.0 159.21179 24.84852 93.90069 6.0
32.0 18.0 32.0 156.97519 89.15898 57.99903 6.0
32.0 20.0 20.0 85.02591 53.72005 22.25167 7.0
32.0 20.0 32.0 156.97519 89.15898 57.99903 7.0
32.0 23.0 23.0 173.49729 43.49446 77.10662 466.0
32.0 23.0 32.0 156.97519 89.15898 57.99903 466.0
32.0 25.0 25.0 182.85042 63.99889 100.28851 48.0
32.0 25.0 32.0 156.97519 89.15898 57.99903 48.0
32.0 30.0 30.0 88.31622 139.93433 62.66904 4.0
32.0 30.0 32.0 156.97519 89.15898 57.99903 4.0
32.0 31.0 31.0 121.51519 38.99165 36.03586 577.0
32.0 31.0 32.0 156.97519 89.15898 57.99903 577.0
32.0 32.0 32.0 156.97519 89.15898 57.99903 9252.0
32.0 32.0 32.0 156.97519 89.15898 57.99903 9252.0
32.0 34.0 34.0 127.78373 111.25537 129.58461 1.0
32.0 34.0 32.0 156.97519 89.15898 57.99903 1.0
32.0 35.0 35.0 147.79549 121.14214 95.66402 885.0
32.0 35.0 32.0 156.97519 89.15898 57.99903 885.0
32.0 46.0 46.0 114.47602 130.24244 52.70028 297.0
32.0 46.0 32.0 156.97519 89.15898 57.99903 297.0
32.0 47.0 47.0 164.1931 62.74271 126.10628 1.0
32.0 47.0 32.0 156.97519 89.15898 57.99903 1.0
33.0 0.0 0.0 55.12156 48.90765 141.98769 228.0
33.0 0.0 33.0 97.16234 49.95139 149.24527 228.0
33.0 4.0 4.0 72.03163 108.37601 139.67229 5.0
33.0 4.0 33.0 97.16234 49.95139 149.24527 5.0
33.0 16.0 16.0 37.11065 39.0323 124.66514 3.0
33.0 16.0 33.0 97.16234 49.95139 149.24527 3.0
33.0 17.0 17.0 122.81155 11.00533 94.55301 2.0
33.0 17.0 33.0 97.16234 49.95139 149.24527 2.0
33.0 18.0 18.0 159.21179 24.84852 93.90069 1.0
33.0 18.0 33.0 97.16234 49.95139 149.24527 1.0
33.0 22.0 22.0 25.08158 80.00888 119.4466 1.0
33.0 22.0 33.0 97.16234 49.95139 149.24527 1.0
33.0 24.0 24.0 107.87553 87.24658 149.14464 495.0
33.0 24.0 33.0 97.16234 49.95139 149.24527 495.0
33.0 26.0 26.0 132.10758 45.0712 139.08441 1084.0
33.0 26.0 33.0 97.16234 49.95139 149.24527 1084.0
33.0 28.0 28.0 84.32475 38.94684 143.15323 1616.0
33.0 28.0 33.0 97.16234 49.95139 149.24527 1616.0
33.0 29.0 29.0 122.63454 20.57602 121.18918 194.0
33.0 29.0 33.0 97.16234 49.95139 149.24527 194.0
33.0 33.0 33.0 97.16234 49.95139 149.24527 2657.0
33.0 33.0 33.0 97.16234 49.95139 149.24527 2657.0
33.0 34.0 34.0 127.78373 111.25537 129.58461 4.0
33.0 34.0 33.0 97.16234 49.95139 149.24527 4.0
33.0 36.0 36.0 51.18725 19.49723 119.69608 5.0
33.0 36.0 33.0 97.16234 49.95139 149.24527 5.0
33.0 37.0 37.0 80.21601 11.07544 113.84683 97.0
33.0 37.0 33.0 97.16234 49.95139 149.24527 97.0
33.0 38.0 38.0 88.72189 68.41811 152.61542 1514.0
33.0 38.0 33.0 97.16234 49.95139 149.24527 1514.0
33.0 42.0 42.0 56.56687 85.19244 144.9373 152.0
33.0 42.0 33.0 97.16234 49.95139 149.24527 152.0
33.0 44.0 44.0 70.23409 22.73294 131.34724 116.0
33.0 44.0 33.0 97.16234 49.95139 149.24527 116.0
33.0 47.0 47.0 164.1931 62.74271 126.10628 3.0
33.0 47.0 33.0 97.16234 49.95139 149.24527 3.0
34.0 4.0 4.0 72.03163 108.37601 139.67229 879.0
34.0 4.0 34.0 127.78373 111.25537 129.58461 879.0
34.0 5.0 5.0 36.09883 130.00942 82.22788 1.0
34.0 5.0 34.0 127.78373 111.25537 129.58461 1.0
34.0 9.0 9.0 78.58109 139.93074 102.61839 614.0
34.0 9.0 34.0 127.78373 111.25537 129.58461 614.0
34.0 12.0 12.0 179.8126 86.3344 84.76624 89.0
34.0 12.0 34.0 127.78373 111.25537 129.58461 89.0
34.0 14.0 14.0 128.24364 116.05159 40.23684 1.0
34.0 14.0 34.0 127.78373 111.25537 129.58461 1.0
34.0 24.0 24.0 107.87553 87.24658 149.14464 2602.0
34.0 24.0 34.0 127.78373 111.25537 129.58461 2602.0
34.0 25.0 25.0 182.85042 63.99889 100.28851 16.0
34.0 25.0 34.0 127.78373 111.25537 129.58461 16.0
34.0 26.0 26.0 132.10758 45.0712 139.08441 307.0
34.0 26.0 34.0 127.78373 111.25537 129.58461 307.0
34.0 30.0 30.0 88.31622 139.93433 62.66904 91.0
34.0 30.0 34.0 127.78373 111.25537 129.58461 91.0
34.0 32.0 32.0 156.97519 89.15898 57.99903 5.0
34.0 32.0 34.0 127.78373 111.25537 129.58461 5.0
34.0 33.0 33.0 97.16234 49.95139 149.24527 8.0
34.0 33.0 34.0 127.78373 111.25537 129.58461 8.0
34.0 34.0 34.0 127.78373 111.25537 129.58461 17150.0
34.0 34.0 34.0 127.78373 111.25537 129.58461 17150.0
34.0 35.0 35.0 147.79549 121.14214 95.66402 2582.0
34.0 35.0 34.0 127.78373 111.25537 129.58461 2582.0
34.0 38.0 38.0 88.72189 68.41811 152.61542 40.0
34.0 38.0 34.0 127.78373 111.25537 129.58461 40.0
34.0 41.0 41.0 59.81457 126.06374 122.48008 431.0
34.0 41.0 34.0 127.78373 111.25537 129.58461 431.0
34.0 42.0 42.0 56.56687 85.19244 144.9373 7.0
34.0 42.0 34.0 127.78373 111.25537 129.58461 7.0
34.0 43.0 43.0 101.75941 137.70982 99.17874 1428.0
34.0 43.0 34.0 127.78373 111.25537 129.58461 1428.0
34.0 46.0 46.0 114.47602 130.24244 52.70028 8.0
34.0 46.0 34.0 127.78373 111.25537 129.58461 8.0
34.0 47.0 47.0 164.1931 62.74271 126.10628 1135.0
34.0 47.0 34.0 127.78373 111.25537 129.58461 1135.0
35.0 8.0 8.0 108.15049 85.98842 38.65907 4.0
35.0 8.0 35.0 147.79549 121.14214 95.66402 4.0
35.0 9.0 9.0 78.58109 139.93074 102.61839 21.0
35.0 9.0 35.0 147.79549 121.14214 95.66402 21.0
35.0 12.0 12.0 179.8126 86.3344 84.76624 1138.0
35.0 12.0 35.0 147.79549 121.14214 95.66402 1138.0
35.0 14.0 14.0 128.24364 116.05159 40.23684 315.0
35.0 14.0 35.0 147.79549 121.14214 95.66402 315.0
35.0 24.0 24.0 107.87553 87.24658 149.14464 4.0
35.0 24.0 35.0 147.79549 121.14214 95.66402 4.0
35.0 25.0 25.0 182.85042 63.99889 100.28851 81.0
35.0 25.0 35.0 147.79549 121.14214 95.66402 81.0
35.0 26.0 26.0 132.10758 45.0712 139.08441 1.0
35.0 26.0 35.0 147.79549 121.14214 95.66402 1.0
35.0 28.0 28.0 84.32475 38.94684 143.15323 2.0
35.0 28.0 35.0 147.79549 121.14214 95.66402 2.0
35.0 30.0 30.0 88.31622 139.93433 62.66904 730.0
35.0 30.0 35.0 147.79549 121.14214 95.66402 730.0
35.0 32.0 32.0 156.97519 89.15898 57.99903 924.0
35.0 32.0 35.0 147.79549 121.14214 95.66402 924.0
35.0 34.0 34.0 127.78373 111.25537 129.58461 2631.0
35.0 34.0 35.0 147.79549 121.14214 95.66402 2631.0
35.0 35.0 35.0 147.79549 121.14214 95.66402 11441.0
35.0 35.0 35.0 147.79549 121.14214 95.66402 11441.0
35.0 41.0 41.0 59.81457 126.06374 122.48008 1.0
35.0 41.0 35.0 147.79549 121.14214 95.66402 1.0
35.0 43.0 43.0 101.75941 137.70982 99.17874 916.0
35.0 43.0 35.0 147.79549 121.14214 95.66402 916.0
35.0 46.0 46.0 114.47602 130.24244 52.70028 1158.0
35.0 46.0 35.0 147.79549 121.14214 95.66402 1158.0
35.0 47.0 47.0 164.1931 62.74271 126.10628 320.0
35.0 47.0 35.0 147.79549 121.14214 95.66402 320.0
36.0 0.0 0.0 55.12156 48.90765 141.98769 492.0
36.0 0.0 36.0 51.18725 19.49723 119.69608 492.0
36.0 2.0 2.0 27.33674 25.39471 87.69954 508.0
36.0 2.0 36.0 51.18725 19.49723 119.69608 508.0
36.0 3.0 3.0 83.08952 3.82664 88.01992 159.0
36.0 3.0 36.0 51.18725 19.49723 119.69608 159.0
36.0 8.0 8.0 108.15049 85.98842 38.65907 1.0
36.0 8.0 36.0 51.18725 19.49723 119.69608 1.0
36.0 11.0 11.0 48.50321 14.12097 56.51031 67.0
36.0 11.0 36.0 51.18725 19.49723 119.69608 67.0
36.0 13.0 13.0 21.81341 31.13049 56.41788 3.0
36.0 13.0 36.0 51.18725 19.49723 119.69608 3.0
36.0 16.0 16.0 37.11065 39.0323 124.66514 1066.0
36.0 16.0 36.0 51.18725 19.49723 119.69608 1066.0
36.0 22.0 22.0 25.08158 80.00888 119.4466 9.0
36.0 22.0 36.0 51.18725 19.49723 119.69608 9.0
36.0 27.0 27.0 18.73788 45.32264 103.73607 111.0
36.0 27.0 36.0 51.18725 19.49723 119.69608 111.0
36.0 28.0 28.0 84.32475 38.94684 143.15323 90.0
36.0 28.0 36.0 51.18725 19.49723 119.69608 90.0
36.0 33.0 33.0 97.16234 49.95139 149.24527 3.0
36.0 33.0 36.0 51.18725 19.49723 119.69608 3.0
36.0 36.0 36.0 51.18725 19.49723 119.69608 1452.0
36.0 36.0 36.0 51.18725 19.49723 119.69608 1452.0
36.0 37.0 37.0 80.21601 11.07544 113.84683 898.0
36.0 37.0 36.0 51.18725 19.49723 119.69608 898.0
36.0 38.0 38.0 88.72189 68.41811 152.61542 2.0
36.0 38.0 36.0 51.18725 19.49723 119.69608 2.0
36.0 42.0 42.0 56.56687 85.19244 144.9373 2.0
36.0 42.0 36.0 51.18725 19.49723 119.69608 2.0
36.0 44.0 44.0 70.23409 22.73294 131.34724 776.0
36.0 44.0 36.0 51.18725 19.49723 119.69608 776.0
37.0 0.0 0.0 55.12156 48.90765 141.98769 80.0
37.0 0.0 37.0 80.21601 11.07544 113.84683 80.0
37.0 2.0 2.0 27.33674 25.39471 87.69954 383.0
37.0 2.0 37.0 80.21601 11.07544 113.84683 383.0
37.0 3.0 3.0 83.08952 3.82664 88.01992 2575.0
37.0 3.0 37.0 80.21601 11.07544 113.84683 2575.0
37.0 7.0 7.0 121.67411 13.44272 56.91563 3.0
37.0 7.0 37.0 80.21601 11.07544 113.84683 3.0
37.0 10.0 10.0 97.06039 3.92187 61.07492 46.0
37.0 10.0 37.0 80.21601 11.07544 113.84683 46.0
37.0 11.0 11.0 48.50321 14.12097 56.51031 264.0
37.0 11.0 37.0 80.21601 11.07544 113.84683 264.0
37.0 13.0 13.0 21.81341 31.13049 56.41788 1.0
37.0 13.0 37.0 80.21601 11.07544 113.84683 1.0
37.0 16.0 16.0 37.11065 39.0323 124.66514 177.0
37.0 16.0 37.0 80.21601 11.07544 113.84683 177.0
37.0 17.0 17.0 122.81155 11.00533 94.55301 532.0
37.0 17.0 37.0 80.21601 11.07544 113.84683 532.0
37.0 18.0 18.0 159.21179 24.84852 93.90069 2.0
37.0 18.0 37.0 80.21601 11.07544 113.84683 2.0
37.0 19.0 19.0 66.40648 15.80351 45.3656 17.0
37.0 19.0 37.0 80.21601 11.07544 113.84683 17.0
37.0 26.0 26.0 132.10758 45.0712 139.08441 102.0
37.0 26.0 37.0 80.21601 11.07544 113.84683 102.0
37.0 27.0 27.0 18.73788 45.32264 103.73607 12.0
37.0 27.0 37.0 80.21601 11.07544 113.84683 12.0
37.0 28.0 28.0 84.32475 38.94684 143.15323 730.0
37.0 28.0 37.0 80.21601 11.07544 113.84683 730.0
37.0 29.0 29.0 122.63454 20.57602 121.18918 1169.0
37.0 29.0 37.0 80.21601 11.07544 113.84683 1169.0
37.0 33.0 33.0 97.16234 49.95139 149.24527 103.0
37.0 33.0 37.0 80.21601 11.07544 113.84683 103.0
37.0 36.0 36.0 51.18725 19.49723 119.69608 908.0
37.0 36.0 37.0 80.21601 11.07544 113.84683 908.0
37.0 37.0 37.0 80.21601 11.07544 113.84683 8011.0
37.0 37.0 37.0 80.21601 11.07544 113.84683 8011.0
37.0 38.0 38.0 88.72189 68.41811 152.61542 1.0
37.0 38.0 37.0 80.21601 11.07544 113.84683 1.0
37.0 40.0 40.0 83.24819 23.55905 42.38502 1.0
37.0 40.0 37.0 80.21601 11.07544 113.84683 1.0
37.0 42.0 42.0 56.56687 85.19244 144.9373 1.0
37.0 42.0 37.0 80.21601 11.07544 113.84683 1.0
37.0 44.0 44.0 70.23409 22.73294 131.34724 1452.0
37.0 44.0 37.0 80.21601 11.07544 113.84683 1452.0
38.0 0.0 0.0 55.12156 48.90765 141.98769 398.0
38.0 0.0 38.0 88.72189 68.41811 152.61542 398.0
38.0 2.0 2.0 27.33674 25.39471 87.69954 1.0
38.0 2.0 38.0 88.72189 68.41811 152.61542 1.0
38.0 4.0 4.0 72.03163 108.37601 139.67229 243.0
38.0 4.0 38.0 88.72189 68.41811 152.61542 243.0
38.0 16.0 16.0 37.11065 39.0323 124.66514 15.0
38.0 16.0 38.0 88.72189 68.41811 152.61542 15.0
38.0 22.0 22.0 25.08158 80.00888 119.4466 26.0
38.0 22.0 38.0 88.72189 68.41811 152.61542 26.0
38.0 24.0 24.0 107.87553 87.24658 149.14464 1951.0
38.0 24.0 38.0 88.72189 68.41811 152.61542 1951.0
38.0 26.0 26.0 132.10758 45.0712 139.08441 381.0
38.0 26.0 38.0 88.72189 68.41811 152.61542 381.0
38.0 28.0 28.0 84.32475 38.94684 143.15323 605.0
38.0 28.0 38.0 88.72189 68.41811 152.61542 605.0
38.0 29.0 29.0 122.63454 20.57602 121.18918 5.0
38.0 29.0 38.0 88.72189 68.41811 152.61542 5.0
38.0 33.0 33.0 97.16234 49.95139 149.24527 1538.0
38.0 33.0 38.0 88.72189 68.41811 152.61542 1538.0
38.0 34.0 34.0 127.78373 111.25537 129.58461 32.0
38.0 34.0 38.0 88.72189 68.41811 152.61542 32.0
38.0 36.0 36.0 51.18725 19.49723 119.69608 1.0
38.0 36.0 38.0 88.72189 68.41811 152.61542 1.0
38.0 37.0 37.0 80.21601 11.07544 113.84683 2.0
38.0 37.0 38.0 88.72189 68.41811 152.61542 2.0
38.0 38.0 38.0 88.72189 68.41811 152.61542 3178.0
38.0 38.0 38.0 88.72189 68.41811 152.61542 3178.0
38.0 41.0 41.0 59.81457 126.06374 122.48008 2.0
38.0 41.0 38.0 88.72189 68.41811 152.61542 2.0
38.0 42.0 42.0 56.56687 85.19244 144.9373 1099.0
38.0 42.0 38.0 88.72189 68.41811 152.61542 1099.0
38.0 44.0 44.0 70.23409 22.73294 131.34724 12.0
38.0 44.0 38.0 88.72189 68.41811 152.61542 12.0
38.0 47.0 47.0 164.1931 62.74271 126.10628 4.0
38.0 47.0 38.0 88.72189 68.41811 152.61542 4.0
39.0 1.0 1.0 66.2308 89.23316 7.47124 268.0
39.0 1.0 39.0 21.81548 50.11854 32.79398 268.0
39.0 2.0 2.0 27.33674 25.39471 87.69954 158.0
39.0 2.0 39.0 21.81548 50.11854 32.79398 158.0
39.0 5.0 5.0 36.09883 130.00942 82.22788 2.0
39.0 5.0 39.0 21.81548 50.11854 32.79398 2.0
39.0 6.0 6.0 5.47358 84.80235 74.39426 1383.0
39.0 6.0 39.0 21.81548 50.11854 32.79398 1383.0
39.0 8.0 8.0 108.15049 85.98842 38.65907 2.0
39.0 8.0 39.0 21.81548 50.11854 32.79398 2.0
39.0 11.0 11.0 48.50321 14.12097 56.51031 898.0
39.0 11.0 39.0 21.81548 50.11854 32.79398 898.0
39.0 12.0 12.0 179.8126 86.3344 84.76624 1.0
39.0 12.0 39.0 21.81548 50.11854 32.79398 1.0
39.0 13.0 13.0 21.81341 31.13049 56.41788 1855.0
39.0 13.0 39.0 21.81548 50.11854 32.79398 1855.0
39.0 19.0 19.0 66.40648 15.80351 45.3656 241.0
39.0 19.0 39.0 21.81548 50.11854 32.79398 241.0
39.0 20.0 20.0 85.02591 53.72005 22.25167 487.0
39.0 20.0 39.0 21.81548 50.11854 32.79398 487.0
39.0 21.0 21.0 28.22931 78.15013 19.34008 2159.0
39.0 21.0 39.0 21.81548 50.11854 32.79398 2159.0
39.0 22.0 22.0 25.08158 80.00888 119.4466 1.0
39.0 22.0 39.0 21.81548 50.11854 32.79398 1.0
39.0 27.0 27.0 18.73788 45.32264 103.73607 21.0
39.0 27.0 39.0 21.81548 50.11854 32.79398 21.0
39.0 39.0 39.0 21.81548 50.11854 32.79398 9995.0
39.0 39.0 39.0 21.81548 50.11854 32.79398 9995.0
39.0 40.0 40.0 83.24819 23.55905 42.38502 35.0
39.0 40.0 39.0 21.81548 50.11854 32.79398 35.0
39.0 45.0 45.0 35.06291 116.35394 28.60926 81.0
39.0 45.0 39.0 21.81548 50.11854 32.79398 81.0
40.0 1.0 1.0 66.2308 89.23316 7.47124 12.0
40.0 1.0 40.0 83.24819 23.55905 42.38502 12.0
40.0 3.0 3.0 83.08952 3.82664 88.01992 133.0
40.0 3.0 40.0 83.24819 23.55905 42.38502 133.0
40.0 7.0 7.0 121.67411 13.44272 56.91563 245.0
40.0 7.0 40.0 83.24819 23.55905 42.38502 245.0
40.0 8.0 8.0 108.15049 85.98842 38.65907 24.0
40.0 8.0 40.0 83.24819 23.55905 42.38502 24.0
40.0 10.0 10.0 97.06039 3.92187 61.07492 1204.0
40.0 10.0 40.0 83.24819 23.55905 42.38502 1204.0
40.0 11.0 11.0 48.50321 14.12097 56.51031 500.0
40.0 11.0 40.0 83.24819 23.55905 42.38502 500.0
40.0 13.0 13.0 21.81341 31.13049 56.41788 5.0
40.0 13.0 40.0 83.24819 23.55905 42.38502 5.0
40.0 15.0 15.0 145.12645 26.58663 64.66132 5.0
40.0 15.0 40.0 83.24819 23.55905 42.38502 5.0
40.0 17.0 17.0 122.81155 11.00533 94.55301 3.0
40.0 17.0 40.0 83.24819 23.55905 42.38502 3.0
40.0 19.0 19.0 66.40648 15.80351 45.3656 1507.0
40.0 19.0 40.0 83.24819 23.55905 42.38502 1507.0
40.0 20.0 20.0 85.02591 53.72005 22.25167 1720.0
40.0 20.0 40.0 83.24819 23.55905 42.38502 1720.0
40.0 21.0 21.0 28.22931 78.15013 19.34008 6.0
40.0 21.0 40.0 83.24819 23.55905 42.38502 6.0
40.0 31.0 31.0 121.51519 38.99165 36.03586 1075.0
40.0 31.0 40.0 83.24819 23.55905 42.38502 1075.0
40.0 37.0 37.0 80.21601 11.07544 113.84683 3.0
40.0 37.0 40.0 83.24819 23.55905 42.38502 3.0
40.0 39.0 39.0 21.81548 50.11854 32.79398 33.0
40.0 39.0 40.0 83.24819 23.55905 42.38502 33.0
40.0 40.0 40.0 83.24819 23.55905 42.38502 4527.0
40.0 40.0 40.0 83.24819 23.55905 42.38502 4527.0
41.0 0.0 0.0 55.12156 48.90765 141.98769 2.0
41.0 0.0 41.0 59.81457 126.06374 122.48008 2.0
41.0 4.0 4.0 72.03163 108.37601 139.67229 2779.0
41.0 4.0 41.0 59.81457 126.06374 122.48008 2779.0
41.0 5.0 5.0 36.09883 130.00942 82.22788 2185.0
41.0 5.0 41.0 59.81457 126.06374 122.48008 2185.0
41.0 6.0 6.0 5.47358 84.80235 74.39426 14.0
41.0 6.0 41.0 59.81457 126.06374 122.48008 14.0
41.0 9.0 9.0 78.58109 139.93074 102.61839 2141.0
41.0 9.0 41.0 59.81457 126.06374 122.48008 2141.0
41.0 13.0 13.0 21.81341 31.13049 56.41788 1.0
41.0 13.0 41.0 59.81457 126.06374 122.48008 1.0
41.0 16.0 16.0 37.11065 39.0323 124.66514 1.0
41.0 16.0 41.0 59.81457 126.06374 122.48008 1.0
41.0 22.0 22.0 25.08158 80.00888 119.4466 646.0
41.0 22.0 41.0 59.81457 126.06374 122.48008 646.0
41.0 24.0 24.0 107.87553 87.24658 149.14464 90.0
41.0 24.0 41.0 59.81457 126.06374 122.48008 90.0
41.0 28.0 28.0 84.32475 38.94684 143.15323 1.0
41.0 28.0 41.0 59.81457 126.06374 122.48008 1.0
41.0 30.0 30.0 88.31622 139.93433 62.66904 26.0
41.0 30.0 41.0 59.81457 126.06374 122.48008 26.0
41.0 34.0 34.0 127.78373 111.25537 129.58461 422.0
41.0 34.0 41.0 59.81457 126.06374 122.48008 422.0
41.0 35.0 35.0 147.79549 121.14214 95.66402 1.0
41.0 35.0 41.0 59.81457 126.06374 122.48008 1.0
41.0 38.0 38.0 88.72189 68.41811 152.61542 4.0
41.0 38.0 41.0 59.81457 126.06374 122.48008 4.0
41.0 41.0 41.0 59.81457 126.06374 122.48008 9119.0
41.0 41.0 41.0 59.81457 126.06374 122.48008 9119.0
41.0 42.0 42.0 56.56687 85.19244 144.9373 403.0
41.0 42.0 41.0 59.81457 126.06374 122.48008 403.0
41.0 43.0 43.0 101.75941 137.70982 99.17874 342.0
41.0 43.0 41.0 59.81457 126.06374 122.48008 342.0
42.0 0.0 0.0 55.12156 48.90765 141.98769 899.0
42.0 0.0 42.0 56.56687 85.19244 144.9373 899.0
42.0 4.0 4.0 72.03163 108.37601 139.67229 2130.0
42.0 4.0 42.0 56.56687 85.19244 144.9373 2130.0
42.0 5.0 5.0 36.09883 130.00942 82.22788 42.0
42.0 5.0 42.0 56.56687 85.19244 144.9373 42.0
42.0 6.0 6.0 5.47358 84.80235 74.39426 1.0
42.0 6.0 42.0 56.56687 85.19244 144.9373 1.0
42.0 7.0 7.0 121.67411 13.44272 56.91563 1.0
42.0 7.0 42.0 56.56687 85.19244 144.9373 1.0
42.0 16.0 16.0 37.11065 39.0323 124.66514 154.0
42.0 16.0 42.0 56.56687 85.19244 144.9373 154.0
42.0 22.0 22.0 25.08158 80.00888 119.4466 1607.0
42.0 22.0 42.0 56.56687 85.19244 144.9373 1607.0
42.0 24.0 24.0 107.87553 87.24658 149.14464 502.0
42.0 24.0 42.0 56.56687 85.19244 144.9373 502.0
42.0 27.0 27.0 18.73788 45.32264 103.73607 1.0
42.0 27.0 42.0 56.56687 85.19244 144.9373 1.0
42.0 28.0 28.0 84.32475 38.94684 143.15323 194.0
42.0 28.0 42.0 56.56687 85.19244 144.9373 194.0
42.0 33.0 33.0 97.16234 49.95139 149.24527 140.0
42.0 33.0 42.0 56.56687 85.19244 144.9373 140.0
42.0 34.0 34.0 127.78373 111.25537 129.58461 5.0
42.0 34.0 42.0 56.56687 85.19244 144.9373 5.0
42.0 36.0 36.0 51.18725 19.49723 119.69608 2.0
42.0 36.0 42.0 56.56687 85.19244 144.9373 2.0
42.0 37.0 37.0 80.21601 11.07544 113.84683 1.0
42.0 37.0 42.0 56.56687 85.19244 144.9373 1.0
42.0 38.0 38.0 88.72189 68.41811 152.61542 1128.0
42.0 38.0 42.0 56.56687 85.19244 144.9373 1128.0
42.0 41.0 41.0 59.81457 126.06374 122.48008 396.0
42.0 41.0 42.0 56.56687 85.19244 144.9373 396.0
42.0 42.0 42.0 56.56687 85.19244 144.9373 5784.0
42.0 42.0 42.0 56.56687 85.19244 144.9373 5784.0
42.0 44.0 44.0 70.23409 22.73294 131.34724 1.0
42.0 44.0 42.0 56.56687 85.19244 144.9373 1.0
43.0 4.0 4.0 72.03163 108.37601 139.67229 76.0
43.0 4.0 43.0 101.75941 137.70982 99.17874 76.0
43.0 5.0 5.0 36.09883 130.00942 82.22788 65.0
43.0 5.0 43.0 101.75941 137.70982 99.17874 65.0
43.0 8.0 8.0 108.15049 85.98842 38.65907 1.0
43.0 8.0 43.0 101.75941 137.70982 99.17874 1.0
43.0 9.0 9.0 78.58109 139.93074 102.61839 2098.0
43.0 9.0 43.0 101.75941 137.70982 99.17874 2098.0
43.0 24.0 24.0 107.87553 87.24658 149.14464 11.0
43.0 24.0 43.0 101.75941 137.70982 99.17874 11.0
43.0 30.0 30.0 88.31622 139.93433 62.66904 2056.0
43.0 30.0 43.0 101.75941 137.70982 99.17874 2056.0
43.0 34.0 34.0 127.78373 111.25537 129.58461 1449.0
43.0 34.0 43.0 101.75941 137.70982 99.17874 1449.0
43.0 35.0 35.0 147.79549 121.14214 95.66402 820.0
43.0 35.0 43.0 101.75941 137.70982 99.17874 820.0
43.0 37.0 37.0 80.21601 11.07544 113.84683 1.0
43.0 37.0 43.0 101.75941 137.70982 99.17874 1.0
43.0 41.0 41.0 59.81457 126.06374 122.48008 275.0
43.0 41.0 43.0 101.75941 137.70982 99.17874 275.0
43.0 43.0 43.0 101.75941 137.70982 99.17874 4794.0
43.0 43.0 43.0 101.75941 137.70982 99.17874 4794.0
43.0 45.0 45.0 35.06291 116.35394 28.60926 2.0
43.0 45.0 43.0 101.75941 137.70982 99.17874 2.0
43.0 46.0 46.0 114.47602 130.24244 52.70028 163.0
43.0 46.0 43.0 101.75941 137.70982 99.17874 163.0
44.0 0.0 0.0 55.12156 48.90765 141.98769 649.0
44.0 0.0 44.0 70.23409 22.73294 131.34724 649.0
44.0 2.0 2.0 27.33674 25.39471 87.69954 39.0
44.0 2.0 44.0 70.23409 22.73294 131.34724 39.0
44.0 3.0 3.0 83.08952 3.82664 88.01992 60.0
44.0 3.0 44.0 70.23409 22.73294 131.34724 60.0
44.0 6.0 6.0 5.47358 84.80235 74.39426 1.0
44.0 6.0 44.0 70.23409 22.73294 131.34724 1.0
44.0 11.0 11.0 48.50321 14.12097 56.51031 2.0
44.0 11.0 44.0 70.23409 22.73294 131.34724 2.0
44.0 16.0 16.0 37.11065 39.0323 124.66514 234.0
44.0 16.0 44.0 70.23409 22.73294 131.34724 234.0
44.0 17.0 17.0 122.81155 11.00533 94.55301 1.0
44.0 17.0 44.0 70.23409 22.73294 131.34724 1.0
44.0 22.0 22.0 25.08158 80.00888 119.4466 1.0
44.0 22.0 44.0 70.23409 22.73294 131.34724 1.0
44.0 24.0 24.0 107.87553 87.24658 149.14464 1.0
44.0 24.0 44.0 70.23409 22.73294 131.34724 1.0
44.0 26.0 26.0 132.10758 45.0712 139.08441 13.0
44.0 26.0 44.0 70.23409 22.73294 131.34724 13.0
44.0 27.0 27.0 18.73788 45.32264 103.73607 5.0
44.0 27.0 44.0 70.23409 22.73294 131.34724 5.0
44.0 28.0 28.0 84.32475 38.94684 143.15323 883.0
44.0 28.0 44.0 70.23409 22.73294 131.34724 883.0
44.0 29.0 29.0 122.63454 20.57602 121.18918 85.0
44.0 29.0 44.0 70.23409 22.73294 131.34724 85.0
44.0 33.0 33.0 97.16234 49.95139 149.24527 104.0
44.0 33.0 44.0 70.23409 22.73294 131.34724 104.0
44.0 36.0 36.0 51.18725 19.49723 119.69608 786.0
44.0 36.0 44.0 70.23409 22.73294 131.34724 786.0
44.0 37.0 37.0 80.21601 11.07544 113.84683 1483.0
44.0 37.0 44.0 70.23409 22.73294 131.34724 1483.0
44.0 38.0 38.0 88.72189 68.41811 152.61542 19.0
44.0 38.0 44.0 70.23409 22.73294 131.34724 19.0
44.0 40.0 40.0 83.24819 23.55905 42.38502 1.0
44.0 40.0 44.0 70.23409 22.73294 131.34724 1.0
44.0 41.0 41.0 59.81457 126.06374 122.48008 1.0
44.0 41.0 44.0 70.23409 22.73294 131.34724 1.0
44.0 42.0 42.0 56.56687 85.19244 144.9373 2.0
44.0 42.0 44.0 70.23409 22.73294 131.34724 2.0
44.0 44.0 44.0 70.23409 22.73294 131.34724 1840.0
44.0 44.0 44.0 70.23409 22.73294 131.34724 1840.0
45.0 1.0 1.0 66.2308 89.23316 7.47124 1888.0
45.0 1.0 45.0 35.06291 116.35394 28.60926 1888.0
45.0 5.0 5.0 36.09883 130.00942 82.22788 2007.0
45.0 5.0 45.0 35.06291 116.35394 28.60926 2007.0
45.0 6.0 6.0 5.47358 84.80235 74.39426 991.0
45.0 6.0 45.0 35.06291 116.35394 28.60926 991.0
45.0 8.0 8.0 108.15049 85.98842 38.65907 113.0
45.0 8.0 45.0 35.06291 116.35394 28.60926 113.0
45.0 9.0 9.0 78.58109 139.93074 102.61839 1.0
45.0 9.0 45.0 35.06291 116.35394 28.60926 1.0
45.0 14.0 14.0 128.24364 116.05159 40.23684 3.0
45.0 14.0 45.0 35.06291 116.35394 28.60926 3.0
45.0 20.0 20.0 85.02591 53.72005 22.25167 2.0
45.0 20.0 45.0 35.06291 116.35394 28.60926 2.0
45.0 21.0 21.0 28.22931 78.15013 19.34008 1893.0
45.0 21.0 45.0 35.06291 116.35394 28.60926 1893.0
45.0 22.0 22.0 25.08158 80.00888 119.4466 1.0
45.0 22.0 45.0 35.06291 116.35394 28.60926 1.0
45.0 30.0 30.0 88.31622 139.93433 62.66904 873.0
45.0 30.0 45.0 35.06291 116.35394 28.60926 873.0
45.0 39.0 39.0 21.81548 50.11854 32.79398 67.0
45.0 39.0 45.0 35.06291 116.35394 28.60926 67.0
45.0 45.0 45.0 35.06291 116.35394 28.60926 13390.0
45.0 45.0 45.0 35.06291 116.35394 28.60926 13390.0
45.0 46.0 46.0 114.47602 130.24244 52.70028 50.0
45.0 46.0 45.0 35.06291 116.35394 28.60926 50.0
46.0 1.0 1.0 66.2308 89.23316 7.47124 139.0
46.0 1.0 46.0 114.47602 130.24244 52.70028 139.0
46.0 5.0 5.0 36.09883 130.00942 82.22788 8.0
46.0 5.0 46.0 114.47602 130.24244 52.70028 8.0
46.0 8.0 8.0 108.15049 85.98842 38.65907 1085.0
46.0 8.0 46.0 114.47602 130.24244 52.70028 1085.0
46.0 9.0 9.0 78.58109 139.93074 102.61839 8.0
46.0 9.0 46.0 114.47602 130.24244 52.70028 8.0
46.0 12.0 12.0 179.8126 86.3344 84.76624 3.0
46.0 12.0 46.0 114.47602 130.24244 52.70028 3.0
46.0 14.0 14.0 128.24364 116.05159 40.23684 2824.0
46.0 14.0 46.0 114.47602 130.24244 52.70028 2824.0
46.0 30.0 30.0 88.31622 139.93433 62.66904 3432.0
46.0 30.0 46.0 114.47602 130.24244 52.70028 3432.0
46.0 31.0 31.0 121.51519 38.99165 36.03586 1.0
46.0 31.0 46.0 114.47602 130.24244 52.70028 1.0
46.0 32.0 32.0 156.97519 89.15898 57.99903 280.0
46.0 32.0 46.0 114.47602 130.24244 52.70028 280.0
46.0 34.0 34.0 127.78373 111.25537 129.58461 15.0
46.0 34.0 46.0 114.47602 130.24244 52.70028 15.0
46.0 35.0 35.0 147.79549 121.14214 95.66402 1148.0
46.0 35.0 46.0 114.47602 130.24244 52.70028 1148.0
46.0 43.0 43.0 101.75941 137.70982 99.17874 164.0
46.0 43.0 46.0 114.47602 130.24244 52.70028 164.0
46.0 45.0 45.0 35.06291 116.35394 28.60926 53.0
46.0 45.0 46.0 114.47602 130.24244 52.70028 53.0
46.0 46.0 46.0 114.47602 130.24244 52.70028 6964.0
46.0 46.0 46.0 114.47602 130.24244 52.70028 6964.0
47.0 12.0 12.0 179.8126 86.3344 84.76624 420.0
47.0 12.0 47.0 164.1931 62.74271 126.10628 420.0
47.0 15.0 15.0 145.12645 26.58663 64.66132 7.0
47.0 15.0 47.0 164.1931 62.74271 126.10628 7.0
47.0 17.0 17.0 122.81155 11.00533 94.55301 22.0
47.0 17.0 47.0 164.1931 62.74271 126.10628 22.0
47.0 18.0 18.0 159.21179 24.84852 93.90069 650.0
47.0 18.0 47.0 164.1931 62.74271 126.10628 650.0
47.0 23.0 23.0 173.49729 43.49446 77.10662 351.0
47.0 23.0 47.0 164.1931 62.74271 126.10628 351.0
47.0 24.0 24.0 107.87553 87.24658 149.14464 222.0
47.0 24.0 47.0 164.1931 62.74271 126.10628 222.0
47.0 25.0 25.0 182.85042 63.99889 100.28851 1178.0
47.0 25.0 47.0 164.1931 62.74271 126.10628 1178.0
47.0 26.0 26.0 132.10758 45.0712 139.08441 1863.0
47.0 26.0 47.0 164.1931 62.74271 126.10628 1863.0
47.0 29.0 29.0 122.63454 20.57602 121.18918 229.0
47.0 29.0 47.0 164.1931 62.74271 126.10628 229.0
47.0 32.0 32.0 156.97519 89.15898 57.99903 3.0
47.0 32.0 47.0 164.1931 62.74271 126.10628 3.0
47.0 33.0 33.0 97.16234 49.95139 149.24527 5.0
47.0 33.0 47.0 164.1931 62.74271 126.10628 5.0
47.0 34.0 34.0 127.78373 111.25537 129.58461 1276.0
47.0 34.0 47.0 164.1931 62.74271 126.10628 1276.0
47.0 35.0 35.0 147.79549 121.14214 95.66402 348.0
47.0 35.0 47.0 164.1931 62.74271 126.10628 348.0
47.0 37.0 37.0 80.21601 11.07544 113.84683 1.0
47.0 37.0 47.0 164.1931 62.74271 126.10628 1.0
47.0 38.0 38.0 88.72189 68.41811 152.61542 5.0
47.0 38.0 47.0 164.1931 62.74271 126.10628 5.0
47.0 47.0 47.0 164.1931 62.74271 126.10628 8787.0
47.0 47.0 47.0 164.1931 62.74271 126.10628 8787.0
