TargetArea SourceArea Area AvgPosX AvgPosY AvgPosZ SumWeights
0.0 0.0 0.0 55.11105 48.8893 141.97439 3871.0
0.0 0.0 0.0 55.11105 48.8893 141.97439 3871.0
0.0 2.0 2.0 27.36093 25.382 87.73001 8.0
0.0 2.0 0.0 55.11105 48.8893 141.97439 8.0
0.0 3.0 3.0 83.11685 3.82685 88.01664 1.0
0.0 3.0 0.0 55.11105 48.8893 141.97439 1.0
0.0 4.0 4.0 72.01095 108.38384 139.66648 14.0
0.0 4.0 0.0 55.11105 48.8893 141.97439 14.0
0.0 5.0 5.0 36.14616 130.03118 82.25255 1.0
0.0 5.0 0.0 55.11105 48.8893 141.97439 1.0
0.0 8.0 8.0 108.12022 86.01207 38.63973 1.0
0.0 8.0 0.0 55.11105 48.8893 141.97439 1.0
0.0 16.0 16.0 37.09281 39.02993 124.6434 1426.0
0.0 16.0 0.0 55.11105 48.8893 141.97439 1426.0
0.0 22.0 22.0 25.08225 80.02133 119.45022 588.0
0.0 22.0 0.0 55.11105 48.8893 141.97439 588.0
0.0 24.0 24.0 107.87974 87.23497 149.14804 17.0
0.0 24.0 0.0 55.11105 48.8893 141.97439 17.0
0.0 27.0 27.0 18.72385 45.33207 103.7242 34.0
0.0 27.0 0.0 55.11105 48.8893 141.97439 34.0
0.0 28.0 28.0 84.36307 38.92338 143.1405 1125.0
0.0 28.0 0.0 55.11105 48.8893 141.97439 1125.0
0.0 29.0 29.0 122.62038 20.58563 121.21108 1.0
0.0 29.0 0.0 55.11105 48.8893 141.97439 1.0
0.0 33.0 33.0 97.14583 49.94029 149.23695 266.0
0.0 33.0 0.0 55.11105 48.8893 141.97439 266.0
0.0 36.0 36.0 51.18471 19.46849 119.67049 465.0
0.0 36.0 0.0 55.11105 48.8893 141.97439 465.0
0.0 37.0 37.0 80.21906 11.08151 113.84895 83.0
0.0 37.0 0.0 55.11105 48.8893 141.97439 83.0
0.0 38.0 38.0 88.7069 68.41657 152.61479 413.0
0.0 38.0 0.0 55.11105 48.8893 141.97439 413.0
0.0 41.0 41.0 59.83896 126.07975 122.47384 1.0
0.0 41.0 0.0 55.11105 48.8893 141.97439 1.0
0.0 42.0 42.0 56.58659 85.19194 144.94376 943.0
0.0 42.0 0.0 55.11105 48.8893 141.97439 943.0
0.0 44.0 44.0 70.23915 22.75964 131.37007 592.0
0.0 44.0 0.0 55.11105 48.8893 141.97439 592.0
1.0 1.0 1.0 66.24787 89.23099 7.47814 11332.0
1.0 1.0 1.0 66.24787 89.23099 7.47814 11332.0
1.0 5.0 5.0 36.14616 130.03118 82.25255 16.0
1.0 5.0 1.0 66.24787 89.23099 7.47814 16.0
1.0 8.0 8.0 108.12022 86.01207 38.63973 1709.0
1.0 8.0 1.0 66.24787 89.23099 7.47814 1709.0
1.0 11.0 11.0 48.52618 14.09927 56.5498 16.0
1.0 11.0 1.0 66.24787 89.23099 7.47814 16.0
1.0 13.0 13.0 21.81566 31.12519 56.41873 1.0
1.0 13.0 1.0 66.24787 89.23099 7.47814 1.0
1.0 14.0 14.0 128.23597 116.03858 40.21586 53.0
1.0 14.0 1.0 66.24787 89.23099 7.47814 53.0
1.0 19.0 19.0 66.41846 15.78275 45.39905 22.0
1.0 19.0 1.0 66.24787 89.23099 7.47814 22.0
1.0 20.0 20.0 85.03532 53.71717 22.27034 2227.0
1.0 20.0 1.0 66.24787 89.23099 7.47814 2227.0
1.0 21.0 21.0 28.28835 78.11412 19.29261 1510.0
1.0 21.0 1.0 66.24787 89.23099 7.47814 1510.0
1.0 30.0 30.0 88.33084 139.92697 62.67462 344.0
1.0 30.0 1.0 66.24787 89.23099 7.47814 344.0
1.0 31.0 31.0 121.51806 38.98398 36.02642 4.0
1.0 31.0 1.0 66.24787 89.23099 7.47814 4.0
1.0 39.0 39.0 21.79741 50.12698 32.81878 246.0
1.0 39.0 1.0 66.24787 89.23099 7.47814 246.0
1.0 40.0 40.0 83.26471 23.53957 42.38725 16.0
1.0 40.0 1.0 66.24787 89.23099 7.47814 16.0
1.0 45.0 45.0 35.03064 116.32165 28.5827 1840.0
1.0 45.0 1.0 66.24787 89.23099 7.47814 1840.0
1.0 46.0 46.0 114.46297 130.23883 52.70368 167.0
1.0 46.0 1.0 66.24787 89.23099 7.47814 167.0
2.0 0.0 0.0 55.11105 48.8893 141.97439 11.0
2.0 0.0 2.0 27.36093 25.382 87.73001 11.0
2.0 2.0 2.0 27.36093 25.382 87.73001 6843.0
2.0 2.0 2.0 27.36093 25.382 87.73001 6843.0
2.0 3.0 3.0 83.11685 3.82685 88.01664 304.0
2.0 3.0 2.0 27.36093 25.382 87.73001 304.0
2.0 6.0 6.0 5.47185 84.79685 74.38627 456.0
2.0 6.0 2.0 27.36093 25.382 87.73001 456.0
2.0 11.0 11.0 48.52618 14.09927 56.5498 1340.0
2.0 11.0 2.0 27.36093 25.382 87.73001 1340.0
2.0 13.0 13.0 21.81566 31.12519 56.41873 1369.0
2.0 13.0 2.0 27.36093 25.382 87.73001 1369.0
2.0 16.0 16.0 37.09281 39.02993 124.6434 729.0
2.0 16.0 2.0 27.36093 25.382 87.73001 729.0
2.0 19.0 19.0 66.41846 15.78275 45.39905 9.0
2.0 19.0 2.0 27.36093 25.382 87.73001 9.0
2.0 20.0 20.0 85.03532 53.71717 22.27034 1.0
2.0 20.0 2.0 27.36093 25.382 87.73001 1.0
2.0 21.0 21.0 28.28835 78.11412 19.29261 1.0
2.0 21.0 2.0 27.36093 25.382 87.73001 1.0
2.0 22.0 22.0 25.08225 80.02133 119.45022 84.0
2.0 22.0 2.0 27.36093 25.382 87.73001 84.0
2.0 27.0 27.0 18.72385 45.33207 103.7242 1651.0
2.0 27.0 2.0 27.36093 25.382 87.73001 1651.0
2.0 28.0 28.0 84.36307 38.92338 143.1405 1.0
2.0 28.0 2.0 27.36093 25.382 87.73001 1.0
2.0 36.0 36.0 51.18471 19.46849 119.67049 530.0
2.0 36.0 2.0 27.36093 25.382 87.73001 530.0
2.0 37.0 37.0 80.21906 11.08151 113.84895 455.0
2.0 37.0 2.0 27.36093 25.382 87.73001 455.0
2.0 39.0 39.0 21.79741 50.12698 32.81878 171.0
2.0 39.0 2.0 27.36093 25.382 87.73001 171.0
2.0 44.0 44.0 70.23915 22.75964 131.37007 28.0
2.0 44.0 2.0 27.36093 25.382 87.73001 28.0
3.0 2.0 2.0 27.36093 25.382 87.73001 296.0
3.0 2.0 3.0 83.11685 3.82685 88.01664 296.0
3.0 3.0 3.0 83.11685 3.82685 88.01664 7194.0
3.0 3.0 3.0 83.11685 3.82685 88.01664 7194.0
3.0 7.0 7.0 121.64592 13.42169 56.95598 240.0
3.0 7.0 3.0 83.11685 3.82685 88.01664 240.0
3.0 10.0 10.0 97.02759 3.9128 61.06426 1613.0
3.0 10.0 3.0 83.11685 3.82685 88.01664 1613.0
3.0 11.0 11.0 48.52618 14.09927 56.5498 1128.0
3.0 11.0 3.0 83.11685 3.82685 88.01664 1128.0
3.0 13.0 13.0 21.81566 31.12519 56.41873 5.0
3.0 13.0 3.0 83.11685 3.82685 88.01664 5.0
3.0 15.0 15.0 145.12927 26.5894 64.64474 16.0
3.0 15.0 3.0 83.11685 3.82685 88.01664 16.0
3.0 16.0 16.0 37.09281 39.02993 124.6434 14.0
3.0 16.0 3.0 83.11685 3.82685 88.01664 14.0
3.0 17.0 17.0 122.79092 11.00022 94.55096 1179.0
3.0 17.0 3.0 83.11685 3.82685 88.01664 1179.0
3.0 18.0 18.0 159.20843 24.82374 93.86383 1.0
3.0 18.0 3.0 83.11685 3.82685 88.01664 1.0
3.0 19.0 19.0 66.41846 15.78275 45.39905 429.0
3.0 19.0 3.0 83.11685 3.82685 88.01664 429.0
3.0 26.0 26.0 132.09819 45.0649 139.08802 1.0
3.0 26.0 3.0 83.11685 3.82685 88.01664 1.0
3.0 27.0 27.0 18.72385 45.33207 103.7242 2.0
3.0 27.0 3.0 83.11685 3.82685 88.01664 2.0
3.0 28.0 28.0 84.36307 38.92338 143.1405 9.0
3.0 28.0 3.0 83.11685 3.82685 88.01664 9.0
3.0 29.0 29.0 122.62038 20.58563 121.21108 221.0
3.0 29.0 3.0 83.11685 3.82685 88.01664 221.0
3.0 31.0 31.0 121.51806 38.98398 36.02642 2.0
3.0 31.0 3.0 83.11685 3.82685 88.01664 2.0
3.0 36.0 36.0 51.18471 19.46849 119.67049 154.0
3.0 36.0 3.0 83.11685 3.82685 88.01664 154.0
3.0 37.0 37.0 80.21906 11.08151 113.84895 2544.0
3.0 37.0 3.0 83.11685 3.82685 88.01664 2544.0
3.0 40.0 40.0 83.26471 23.53957 42.38725 131.0
3.0 40.0 3.0 83.11685 3.82685 88.01664 131.0
3.0 44.0 44.0 70.23915 22.75964 131.37007 57.0
3.0 44.0 3.0 83.11685 3.82685 88.01664 57.0
4.0 0.0 0.0 55.11105 48.8893 141.97439 14.0
4.0 0.0 4.0 72.01095 108.38384 139.66648 14.0
4.0 4.0 4.0 72.01095 108.38384 139.66648 6739.0
4.0 4.0 4.0 72.01095 108.38384 139.66648 6739.0
4.0 5.0 5.0 36.14616 130.03118 82.25255 94.0
4.0 5.0 4.0 72.01095 108.38384 139.66648 94.0
4.0 6.0 6.0 5.47185 84.79685 74.38627 2.0
4.0 6.0 4.0 72.01095 108.38384 139.66648 2.0
4.0 9.0 9.0 78.54171 139.95556 102.54219 261.0
4.0 9.0 4.0 72.01095 108.38384 139.66648 261.0
4.0 16.0 16.0 37.09281 39.02993 124.6434 1.0
4.0 16.0 4.0 72.01095 108.38384 139.66648 1.0
4.0 22.0 22.0 25.08225 80.02133 119.45022 472.0
4.0 22.0 4.0 72.01095 108.38384 139.66648 472.0
4.0 24.0 24.0 107.87974 87.23497 149.14804 1502.0
4.0 24.0 4.0 72.01095 108.38384 139.66648 1502.0
4.0 28.0 28.0 84.36307 38.92338 143.1405 5.0
4.0 28.0 4.0 72.01095 108.38384 139.66648 5.0
4.0 33.0 33.0 97.14583 49.94029 149.23695 8.0
4.0 33.0 4.0 72.01095 108.38384 139.66648 8.0
4.0 34.0 34.0 127.78766 111.25664 129.58266 842.0
4.0 34.0 4.0 72.01095 108.38384 139.66648 842.0
4.0 35.0 35.0 147.76312 121.15829 95.65901 1.0
4.0 35.0 4.0 72.01095 108.38384 139.66648 1.0
4.0 37.0 37.0 80.21906 11.08151 113.84895 1.0
4.0 37.0 4.0 72.01095 108.38384 139.66648 1.0
4.0 38.0 38.0 88.7069 68.41657 152.61479 221.0
4.0 38.0 4.0 72.01095 108.38384 139.66648 221.0
4.0 41.0 41.0 59.83896 126.07975 122.47384 2761.0
4.0 41.0 4.0 72.01095 108.38384 139.66648 2761.0
4.0 42.0 42.0 56.58659 85.19194 144.94376 2067.0
4.0 42.0 4.0 72.01095 108.38384 139.66648 2067.0
4.0 43.0 43.0 101.73419 137.71954 99.15542 74.0
4.0 43.0 4.0 72.01095 108.38384 139.66648 74.0
4.0 45.0 45.0 35.03064 116.32165 28.5827 1.0
4.0 45.0 4.0 72.01095 108.38384 139.66648 1.0
5.0 1.0 1.0 66.24787 89.23099 7.47814 16.0
5.0 1.0 5.0 36.14616 130.03118 82.25255 16.0
5.0 4.0 4.0 72.01095 108.38384 139.66648 109.0
5.0 4.0 5.0 36.14616 130.03118 82.25255 109.0
5.0 5.0 5.0 36.14616 130.03118 82.25255 21897.0
5.0 5.0 5.0 36.14616 130.03118 82.25255 21897.0
5.0 6.0 6.0 5.47185 84.79685 74.38627 2039.0
5.0 6.0 5.0 36.14616 130.03118 82.25255 2039.0
5.0 9.0 9.0 78.54171 139.95556 102.54219 1435.0
5.0 9.0 5.0 36.14616 130.03118 82.25255 1435.0
5.0 21.0 21.0 28.28835 78.11412 19.29261 18.0
5.0 21.0 5.0 36.14616 130.03118 82.25255 18.0
5.0 22.0 22.0 25.08225 80.02133 119.45022 1229.0
5.0 22.0 5.0 36.14616 130.03118 82.25255 1229.0
5.0 30.0 30.0 88.33084 139.92697 62.67462 1709.0
5.0 30.0 5.0 36.14616 130.03118 82.25255 1709.0
5.0 34.0 34.0 127.78766 111.25664 129.58266 1.0
5.0 34.0 5.0 36.14616 130.03118 82.25255 1.0
5.0 41.0 41.0 59.83896 126.07975 122.47384 2295.0
5.0 41.0 5.0 36.14616 130.03118 82.25255 2295.0
5.0 42.0 42.0 56.58659 85.19194 144.94376 34.0
5.0 42.0 5.0 36.14616 130.03118 82.25255 34.0
5.0 43.0 43.0 101.73419 137.71954 99.15542 81.0
5.0 43.0 5.0 36.14616 130.03118 82.25255 81.0
5.0 45.0 45.0 35.03064 116.32165 28.5827 1992.0
5.0 45.0 5.0 36.14616 130.03118 82.25255 1992.0
5.0 46.0 46.0 114.46297 130.23883 52.70368 10.0
5.0 46.0 5.0 36.14616 130.03118 82.25255 10.0
6.0 0.0 0.0 55.11105 48.8893 141.97439 1.0
6.0 0.0 6.0 5.47185 84.79685 74.38627 1.0
6.0 2.0 2.0 27.36093 25.382 87.73001 527.0
6.0 2.0 6.0 5.47185 84.79685 74.38627 527.0
6.0 4.0 4.0 72.01095 108.38384 139.66648 2.0
6.0 4.0 6.0 5.47185 84.79685 74.38627 2.0
6.0 5.0 5.0 36.14616 130.03118 82.25255 2025.0
6.0 5.0 6.0 5.47185 84.79685 74.38627 2025.0
6.0 6.0 6.0 5.47185 84.79685 74.38627 16002.0
6.0 6.0 6.0 5.47185 84.79685 74.38627 16002.0
6.0 8.0 8.0 108.12022 86.01207 38.63973 1.0
6.0 8.0 6.0 5.47185 84.79685 74.38627 1.0
6.0 13.0 13.0 21.81566 31.12519 56.41873 445.0
6.0 13.0 6.0 5.47185 84.79685 74.38627 445.0
6.0 16.0 16.0 37.09281 39.02993 124.6434 7.0
6.0 16.0 6.0 5.47185 84.79685 74.38627 7.0
6.0 21.0 21.0 28.28835 78.11412 19.29261 654.0
6.0 21.0 6.0 5.47185 84.79685 74.38627 654.0
6.0 22.0 22.0 25.08225 80.02133 119.45022 2104.0
6.0 22.0 6.0 5.47185 84.79685 74.38627 2104.0
6.0 27.0 27.0 18.72385 45.33207 103.7242 844.0
6.0 27.0 6.0 5.47185 84.79685 74.38627 844.0
6.0 39.0 39.0 21.79741 50.12698 32.81878 1311.0
6.0 39.0 6.0 5.47185 84.79685 74.38627 1311.0
6.0 41.0 41.0 59.83896 126.07975 122.47384 23.0
6.0 41.0 6.0 5.47185 84.79685 74.38627 23.0
6.0 45.0 45.0 35.03064 116.32165 28.5827 1006.0
6.0 45.0 6.0 5.47185 84.79685 74.38627 1006.0
7.0 3.0 3.0 83.11685 3.82685 88.01664 223.0
7.0 3.0 7.0 121.64592 13.42169 56.95598 223.0
7.0 7.0 7.0 121.64592 13.42169 56.95598 4155.0
7.0 7.0 7.0 121.64592 13.42169 56.95598 4155.0
7.0 8.0 8.0 108.12022 86.01207 38.63973 5.0
7.0 8.0 7.0 121.64592 13.42169 56.95598 5.0
7.0 10.0 10.0 97.02759 3.9128 61.06426 1463.0
7.0 10.0 7.0 121.64592 13.42169 56.95598 1463.0
7.0 15.0 15.0 145.12927 26.5894 64.64474 1476.0
7.0 15.0 7.0 121.64592 13.42169 56.95598 1476.0
7.0 17.0 17.0 122.79092 11.00022 94.55096 789.0
7.0 17.0 7.0 121.64592 13.42169 56.95598 789.0
7.0 18.0 18.0 159.20843 24.82374 93.86383 39.0
7.0 18.0 7.0 121.64592 13.42169 56.95598 39.0
7.0 19.0 19.0 66.41846 15.78275 45.39905 17.0
7.0 19.0 7.0 121.64592 13.42169 56.95598 17.0
7.0 20.0 20.0 85.03532 53.71717 22.27034 32.0
7.0 20.0 7.0 121.64592 13.42169 56.95598 32.0
7.0 23.0 23.0 173.4879 43.51127 77.06771 14.0
7.0 23.0 7.0 121.64592 13.42169 56.95598 14.0
7.0 29.0 29.0 122.62038 20.58563 121.21108 13.0
7.0 29.0 7.0 121.64592 13.42169 56.95598 13.0
7.0 31.0 31.0 121.51806 38.98398 36.02642 1576.0
7.0 31.0 7.0 121.64592 13.42169 56.95598 1576.0
7.0 32.0 32.0 156.95474 89.11475 57.98452 1.0
7.0 32.0 7.0 121.64592 13.42169 56.95598 1.0
7.0 37.0 37.0 80.21906 11.08151 113.84895 3.0
7.0 37.0 7.0 121.64592 13.42169 56.95598 3.0
7.0 40.0 40.0 83.26471 23.53957 42.38725 313.0
7.0 40.0 7.0 121.64592 13.42169 56.95598 313.0
8.0 1.0 1.0 66.24787 89.23099 7.47814 1490.0
8.0 1.0 8.0 108.12022 86.01207 38.63973 1490.0
8.0 3.0 3.0 83.11685 3.82685 88.01664 1.0
8.0 3.0 8.0 108.12022 86.01207 38.63973 1.0
8.0 4.0 4.0 72.01095 108.38384 139.66648 1.0
8.0 4.0 8.0 108.12022 86.01207 38.63973 1.0
8.0 5.0 5.0 36.14616 130.03118 82.25255 10.0
8.0 5.0 8.0 108.12022 86.01207 38.63973 10.0
8.0 7.0 7.0 121.64592 13.42169 56.95598 6.0
8.0 7.0 8.0 108.12022 86.01207 38.63973 6.0
8.0 8.0 8.0 108.12022 86.01207 38.63973 28541.0
8.0 8.0 8.0 108.12022 86.01207 38.63973 28541.0
8.0 12.0 12.0 179.80662 86.39395 84.8312 4.0
8.0 12.0 8.0 108.12022 86.01207 38.63973 4.0
8.0 13.0 13.0 21.81566 31.12519 56.41873 1.0
8.0 13.0 8.0 108.12022 86.01207 38.63973 1.0
8.0 14.0 14.0 128.23597 116.03858 40.21586 2653.0
8.0 14.0 8.0 108.12022 86.01207 38.63973 2653.0
8.0 15.0 15.0 145.12927 26.5894 64.64474 44.0
8.0 15.0 8.0 108.12022 86.01207 38.63973 44.0
8.0 20.0 20.0 85.03532 53.71717 22.27034 3029.0
8.0 20.0 8.0 108.12022 86.01207 38.63973 3029.0
8.0 23.0 23.0 173.4879 43.51127 77.06771 9.0
8.0 23.0 8.0 108.12022 86.01207 38.63973 9.0
8.0 24.0 24.0 107.87974 87.23497 149.14804 1.0
8.0 24.0 8.0 108.12022 86.01207 38.63973 1.0
8.0 30.0 30.0 88.33084 139.92697 62.67462 598.0
8.0 30.0 8.0 108.12022 86.01207 38.63973 598.0
8.0 31.0 31.0 121.51806 38.98398 36.02642 1779.0
8.0 31.0 8.0 108.12022 86.01207 38.63973 1779.0
8.0 32.0 32.0 156.95474 89.11475 57.98452 1428.0
8.0 32.0 8.0 108.12022 86.01207 38.63973 1428.0
8.0 35.0 35.0 147.76312 121.15829 95.65901 2.0
8.0 35.0 8.0 108.12022 86.01207 38.63973 2.0
8.0 40.0 40.0 83.26471 23.53957 42.38725 20.0
8.0 40.0 8.0 108.12022 86.01207 38.63973 20.0
8.0 41.0 41.0 59.83896 126.07975 122.47384 1.0
8.0 41.0 8.0 108.12022 86.01207 38.63973 1.0
8.0 45.0 45.0 35.03064 116.32165 28.5827 83.0
8.0 45.0 8.0 108.12022 86.01207 38.63973 83.0
8.0 46.0 46.0 114.46297 130.23883 52.70368 1131.0
8.0 46.0 8.0 108.12022 86.01207 38.63973 1131.0
9.0 4.0 4.0 72.01095 108.38384 139.66648 304.0
9.0 4.0 9.0 78.54171 139.95556 102.54219 304.0
9.0 5.0 5.0 36.14616 130.03118 82.25255 1367.0
9.0 5.0 9.0 78.54171 139.95556 102.54219 1367.0
9.0 9.0 9.0 78.54171 139.95556 102.54219 4877.0
9.0 9.0 9.0 78.54171 139.95556 102.54219 4877.0
9.0 12.0 12.0 179.80662 86.39395 84.8312 1.0
9.0 12.0 9.0 78.54171 139.95556 102.54219 1.0
9.0 22.0 22.0 25.08225 80.02133 119.45022 1.0
9.0 22.0 9.0 78.54171 139.95556 102.54219 1.0
9.0 24.0 24.0 107.87974 87.23497 149.14804 25.0
9.0 24.0 9.0 78.54171 139.95556 102.54219 25.0
9.0 30.0 30.0 88.33084 139.92697 62.67462 1235.0
9.0 30.0 9.0 78.54171 139.95556 102.54219 1235.0
9.0 34.0 34.0 127.78766 111.25664 129.58266 597.0
9.0 34.0 9.0 78.54171 139.95556 102.54219 597.0
9.0 35.0 35.0 147.76312 121.15829 95.65901 22.0
9.0 35.0 9.0 78.54171 139.95556 102.54219 22.0
9.0 41.0 41.0 59.83896 126.07975 122.47384 2146.0
9.0 41.0 9.0 78.54171 139.95556 102.54219 2146.0
9.0 43.0 43.0 101.73419 137.71954 99.15542 2055.0
9.0 43.0 9.0 78.54171 139.95556 102.54219 2055.0
9.0 45.0 45.0 35.03064 116.32165 28.5827 2.0
9.0 45.0 9.0 78.54171 139.95556 102.54219 2.0
10.0 2.0 2.0 27.36093 25.382 87.73001 2.0
10.0 2.0 10.0 97.02759 3.9128 61.06426 2.0
10.0 3.0 3.0 83.11685 3.82685 88.01664 1591.0
10.0 3.0 10.0 97.02759 3.9128 61.06426 1591.0
10.0 7.0 7.0 121.64592 13.42169 56.95598 1472.0
10.0 7.0 10.0 97.02759 3.9128 61.06426 1472.0
10.0 8.0 8.0 108.12022 86.01207 38.63973 1.0
10.0 8.0 10.0 97.02759 3.9128 61.06426 1.0
10.0 10.0 10.0 97.02759 3.9128 61.06426 4219.0
10.0 10.0 10.0 97.02759 3.9128 61.06426 4219.0
10.0 11.0 11.0 48.52618 14.09927 56.5498 191.0
10.0 11.0 10.0 97.02759 3.9128 61.06426 191.0
10.0 15.0 15.0 145.12927 26.5894 64.64474 76.0
10.0 15.0 10.0 97.02759 3.9128 61.06426 76.0
10.0 17.0 17.0 122.79092 11.00022 94.55096 459.0
10.0 17.0 10.0 97.02759 3.9128 61.06426 459.0
10.0 18.0 18.0 159.20843 24.82374 93.86383 2.0
10.0 18.0 10.0 97.02759 3.9128 61.06426 2.0
10.0 19.0 19.0 66.41846 15.78275 45.39905 606.0
10.0 19.0 10.0 97.02759 3.9128 61.06426 606.0
10.0 20.0 20.0 85.03532 53.71717 22.27034 39.0
10.0 20.0 10.0 97.02759 3.9128 61.06426 39.0
10.0 29.0 29.0 122.62038 20.58563 121.21108 5.0
10.0 29.0 10.0 97.02759 3.9128 61.06426 5.0
10.0 31.0 31.0 121.51806 38.98398 36.02642 391.0
10.0 31.0 10.0 97.02759 3.9128 61.06426 391.0
10.0 37.0 37.0 80.21906 11.08151 113.84895 57.0
10.0 37.0 10.0 97.02759 3.9128 61.06426 57.0
10.0 40.0 40.0 83.26471 23.53957 42.38725 1188.0
10.0 40.0 10.0 97.02759 3.9128 61.06426 1188.0
11.0 1.0 1.0 66.24787 89.23099 7.47814 19.0
11.0 1.0 11.0 48.52618 14.09927 56.5498 19.0
11.0 2.0 2.0 27.36093 25.382 87.73001 1351.0
11.0 2.0 11.0 48.52618 14.09927 56.5498 1351.0
11.0 3.0 3.0 83.11685 3.82685 88.01664 1140.0
11.0 3.0 11.0 48.52618 14.09927 56.5498 1140.0
11.0 6.0 6.0 5.47185 84.79685 74.38627 1.0
11.0 6.0 11.0 48.52618 14.09927 56.5498 1.0
11.0 7.0 7.0 121.64592 13.42169 56.95598 1.0
11.0 7.0 11.0 48.52618 14.09927 56.5498 1.0
11.0 8.0 8.0 108.12022 86.01207 38.63973 1.0
11.0 8.0 11.0 48.52618 14.09927 56.5498 1.0
11.0 10.0 10.0 97.02759 3.9128 61.06426 194.0
11.0 10.0 11.0 48.52618 14.09927 56.5498 194.0
11.0 11.0 11.0 48.52618 14.09927 56.5498 8318.0
11.0 11.0 11.0 48.52618 14.09927 56.5498 8318.0
11.0 13.0 13.0 21.81566 31.12519 56.41873 1526.0
11.0 13.0 11.0 48.52618 14.09927 56.5498 1526.0
11.0 16.0 16.0 37.09281 39.02993 124.6434 15.0
11.0 16.0 11.0 48.52618 14.09927 56.5498 15.0
11.0 19.0 19.0 66.41846 15.78275 45.39905 2079.0
11.0 19.0 11.0 48.52618 14.09927 56.5498 2079.0
11.0 20.0 20.0 85.03532 53.71717 22.27034 265.0
11.0 20.0 11.0 48.52618 14.09927 56.5498 265.0
11.0 21.0 21.0 28.28835 78.11412 19.29261 33.0
11.0 21.0 11.0 48.52618 14.09927 56.5498 33.0
11.0 27.0 27.0 18.72385 45.33207 103.7242 9.0
11.0 27.0 11.0 48.52618 14.09927 56.5498 9.0
11.0 31.0 31.0 121.51806 38.98398 36.02642 2.0
11.0 31.0 11.0 48.52618 14.09927 56.5498 2.0
11.0 36.0 36.0 51.18471 19.46849 119.67049 72.0
11.0 36.0 11.0 48.52618 14.09927 56.5498 72.0
11.0 37.0 37.0 80.21906 11.08151 113.84895 243.0
11.0 37.0 11.0 48.52618 14.09927 56.5498 243.0
11.0 39.0 39.0 21.79741 50.12698 32.81878 892.0
11.0 39.0 11.0 48.52618 14.09927 56.5498 892.0
11.0 40.0 40.0 83.26471 23.53957 42.38725 525.0
11.0 40.0 11.0 48.52618 14.09927 56.5498 525.0
11.0 44.0 44.0 70.23915 22.75964 131.37007 3.0
11.0 44.0 11.0 48.52618 14.09927 56.5498 3.0
12.0 8.0 8.0 108.12022 86.01207 38.63973 2.0
12.0 8.0 12.0 179.80662 86.39395 84.8312 2.0
12.0 12.0 12.0 179.80662 86.39395 84.8312 5913.0
12.0 12.0 12.0 179.80662 86.39395 84.8312 5913.0
12.0 14.0 14.0 128.23597 116.03858 40.21586 4.0
12.0 14.0 12.0 179.80662 86.39395 84.8312 4.0
12.0 15.0 15.0 145.12927 26.5894 64.64474 32.0
12.0 15.0 12.0 179.80662 86.39395 84.8312 32.0
12.0 18.0 18.0 159.20843 24.82374 93.86383 18.0
12.0 18.0 12.0 179.80662 86.39395 84.8312 18.0
12.0 23.0 23.0 173.4879 43.51127 77.06771 572.0
12.0 23.0 12.0 179.80662 86.39395 84.8312 572.0
12.0 25.0 25.0 182.84647 64.00258 100.3024 1160.0
12.0 25.0 12.0 179.80662 86.39395 84.8312 1160.0
12.0 31.0 31.0 121.51806 38.98398 36.02642 8.0
12.0 31.0 12.0 179.80662 86.39395 84.8312 8.0
12.0 32.0 32.0 156.95474 89.11475 57.98452 1770.0
12.0 32.0 12.0 179.80662 86.39395 84.8312 1770.0
12.0 34.0 34.0 127.78766 111.25664 129.58266 88.0
12.0 34.0 12.0 179.80662 86.39395 84.8312 88.0
12.0 35.0 35.0 147.76312 121.15829 95.65901 1229.0
12.0 35.0 12.0 179.80662 86.39395 84.8312 1229.0
12.0 46.0 46.0 114.46297 130.23883 52.70368 4.0
12.0 46.0 12.0 179.80662 86.39395 84.8312 4.0
12.0 47.0 47.0 164.20875 62.71051 126.09129 454.0
12.0 47.0 12.0 179.80662 86.39395 84.8312 454.0
13.0 2.0 2.0 27.36093 25.382 87.73001 1410.0
13.0 2.0 13.0 21.81566 31.12519 56.41873 1410.0
13.0 3.0 3.0 83.11685 3.82685 88.01664 7.0
13.0 3.0 13.0 21.81566 31.12519 56.41873 7.0
13.0 6.0 6.0 5.47185 84.79685 74.38627 429.0
13.0 6.0 13.0 21.81566 31.12519 56.41873 429.0
13.0 11.0 11.0 48.52618 14.09927 56.5498 1595.0
13.0 11.0 13.0 21.81566 31.12519 56.41873 1595.0
13.0 13.0 13.0 21.81566 31.12519 56.41873 3904.0
13.0 13.0 13.0 21.81566 31.12519 56.41873 3904.0
13.0 16.0 16.0 37.09281 39.02993 124.6434 1.0
13.0 16.0 13.0 21.81566 31.12519 56.41873 1.0
13.0 19.0 19.0 66.41846 15.78275 45.39905 91.0
13.0 19.0 13.0 21.81566 31.12519 56.41873 91.0
13.0 20.0 20.0 85.03532 53.71717 22.27034 6.0
13.0 20.0 13.0 21.81566 31.12519 56.41873 6.0
13.0 21.0 21.0 28.28835 78.11412 19.29261 9.0
13.0 21.0 13.0 21.81566 31.12519 56.41873 9.0
13.0 22.0 22.0 25.08225 80.02133 119.45022 4.0
13.0 22.0 13.0 21.81566 31.12519 56.41873 4.0
13.0 27.0 27.0 18.72385 45.33207 103.7242 106.0
13.0 27.0 13.0 21.81566 31.12519 56.41873 106.0
13.0 36.0 36.0 51.18471 19.46849 119.67049 1.0
13.0 36.0 13.0 21.81566 31.12519 56.41873 1.0
13.0 37.0 37.0 80.21906 11.08151 113.84895 1.0
13.0 37.0 13.0 21.81566 31.12519 56.41873 1.0
13.0 39.0 39.0 21.79741 50.12698 32.81878 1780.0
13.0 39.0 13.0 21.81566 31.12519 56.41873 1780.0
13.0 40.0 40.0 83.26471 23.53957 42.38725 3.0
13.0 40.0 13.0 21.81566 31.12519 56.41873 3.0
14.0 1.0 1.0 66.24787 89.23099 7.47814 54.0
14.0 1.0 14.0 128.23597 116.03858 40.21586 54.0
14.0 8.0 8.0 108.12022 86.01207 38.63973 2665.0
14.0 8.0 14.0 128.23597 116.03858 40.21586 2665.0
14.0 12.0 12.0 179.80662 86.39395 84.8312 12.0
14.0 12.0 14.0 128.23597 116.03858 40.21586 12.0
14.0 14.0 14.0 128.23597 116.03858 40.21586 7261.0
14.0 14.0 14.0 128.23597 116.03858 40.21586 7261.0
14.0 20.0 20.0 85.03532 53.71717 22.27034 10.0
14.0 20.0 14.0 128.23597 116.03858 40.21586 10.0
14.0 30.0 30.0 88.33084 139.92697 62.67462 240.0
14.0 30.0 14.0 128.23597 116.03858 40.21586 240.0
14.0 31.0 31.0 121.51806 38.98398 36.02642 6.0
14.0 31.0 14.0 128.23597 116.03858 40.21586 6.0
14.0 32.0 32.0 156.95474 89.11475 57.98452 1341.0
14.0 32.0 14.0 128.23597 116.03858 40.21586 1341.0
14.0 35.0 35.0 147.76312 121.15829 95.65901 323.0
14.0 35.0 14.0 128.23597 116.03858 40.21586 323.0
14.0 43.0 43.0 101.73419 137.71954 99.15542 2.0
14.0 43.0 14.0 128.23597 116.03858 40.21586 2.0
14.0 46.0 46.0 114.46297 130.23883 52.70368 2914.0
14.0 46.0 14.0 128.23597 116.03858 40.21586 2914.0
15.0 3.0 3.0 83.11685 3.82685 88.01664 22.0
15.0 3.0 15.0 145.12927 26.5894 64.64474 22.0
15.0 7.0 7.0 121.64592 13.42169 56.95598 1523.0
15.0 7.0 15.0 145.12927 26.5894 64.64474 1523.0
15.0 8.0 8.0 108.12022 86.01207 38.63973 77.0
15.0 8.0 15.0 145.12927 26.5894 64.64474 77.0
15.0 10.0 10.0 97.02759 3.9128 61.06426 74.0
15.0 10.0 15.0 145.12927 26.5894 64.64474 74.0
15.0 12.0 12.0 179.80662 86.39395 84.8312 33.0
15.0 12.0 15.0 145.12927 26.5894 64.64474 33.0
15.0 15.0 15.0 145.12927 26.5894 64.64474 5060.0
15.0 15.0 15.0 145.12927 26.5894 64.64474 5060.0
15.0 17.0 17.0 122.79092 11.00022 94.55096 921.0
15.0 17.0 15.0 145.12927 26.5894 64.64474 921.0
15.0 18.0 18.0 159.20843 24.82374 93.86383 1016.0
15.0 18.0 15.0 145.12927 26.5894 64.64474 1016.0
15.0 23.0 23.0 173.4879 43.51127 77.06771 759.0
15.0 23.0 15.0 145.12927 26.5894 64.64474 759.0
15.0 25.0 25.0 182.84647 64.00258 100.3024 8.0
15.0 25.0 15.0 145.12927 26.5894 64.64474 8.0
15.0 26.0 26.0 132.09819 45.0649 139.08802 7.0
15.0 26.0 15.0 145.12927 26.5894 64.64474 7.0
15.0 29.0 29.0 122.62038 20.58563 121.21108 54.0
15.0 29.0 15.0 145.12927 26.5894 64.64474 54.0
15.0 31.0 31.0 121.51806 38.98398 36.02642 1383.0
15.0 31.0 15.0 145.12927 26.5894 64.64474 1383.0
15.0 32.0 32.0 156.95474 89.11475 57.98452 332.0
15.0 32.0 15.0 145.12927 26.5894 64.64474 332.0
15.0 37.0 37.0 80.21906 11.08151 113.84895 2.0
15.0 37.0 15.0 145.12927 26.5894 64.64474 2.0
15.0 40.0 40.0 83.26471 23.53957 42.38725 4.0
15.0 40.0 15.0 145.12927 26.5894 64.64474 4.0
15.0 47.0 47.0 164.20875 62.71051 126.09129 7.0
15.0 47.0 15.0 145.12927 26.5894 64.64474 7.0
16.0 0.0 0.0 55.11105 48.8893 141.97439 1422.0
16.0 0.0 16.0 37.09281 39.02993 124.6434 1422.0
16.0 2.0 2.0 27.36093 25.382 87.73001 741.0
16.0 2.0 16.0 37.09281 39.02993 124.6434 741.0
16.0 3.0 3.0 83.11685 3.82685 88.01664 21.0
16.0 3.0 16.0 37.09281 39.02993 124.6434 21.0
16.0 4.0 4.0 72.01095 108.38384 139.66648 3.0
16.0 4.0 16.0 37.09281 39.02993 124.6434 3.0
16.0 6.0 6.0 5.47185 84.79685 74.38627 9.0
16.0 6.0 16.0 37.09281 39.02993 124.6434 9.0
16.0 11.0 11.0 48.52618 14.09927 56.5498 21.0
16.0 11.0 16.0 37.09281 39.02993 124.6434 21.0
16.0 16.0 16.0 37.09281 39.02993 124.6434 4282.0
16.0 16.0 16.0 37.09281 39.02993 124.6434 4282.0
16.0 22.0 22.0 25.08225 80.02133 119.45022 1268.0
16.0 22.0 16.0 37.09281 39.02993 124.6434 1268.0
16.0 23.0 23.0 173.4879 43.51127 77.06771 1.0
16.0 23.0 16.0 37.09281 39.02993 124.6434 1.0
16.0 26.0 26.0 132.09819 45.0649 139.08802 1.0
16.0 26.0 16.0 37.09281 39.02993 124.6434 1.0
16.0 27.0 27.0 18.72385 45.33207 103.7242 1141.0
16.0 27.0 16.0 37.09281 39.02993 124.6434 1141.0
16.0 28.0 28.0 84.36307 38.92338 143.1405 39.0
16.0 28.0 16.0 37.09281 39.02993 124.6434 39.0
16.0 33.0 33.0 97.14583 49.94029 149.23695 5.0
16.0 33.0 16.0 37.09281 39.02993 124.6434 5.0
16.0 36.0 36.0 51.18471 19.46849 119.67049 1027.0
16.0 36.0 16.0 37.09281 39.02993 124.6434 1027.0
16.0 37.0 37.0 80.21906 11.08151 113.84895 173.0
16.0 37.0 16.0 37.09281 39.02993 124.6434 173.0
16.0 38.0 38.0 88.7069 68.41657 152.61479 13.0
16.0 38.0 16.0 37.09281 39.02993 124.6434 13.0
16.0 42.0 42.0 56.58659 85.19194 144.94376 192.0
16.0 42.0 16.0 37.09281 39.02993 124.6434 192.0
16.0 44.0 44.0 70.23915 22.75964 131.37007 235.0
16.0 44.0 16.0 37.09281 39.02993 124.6434 235.0
17.0 3.0 3.0 83.11685 3.82685 88.01664 1183.0
17.0 3.0 17.0 122.79092 11.00022 94.55096 1183.0
17.0 7.0 7.0 121.64592 13.42169 56.95598 833.0
17.0 7.0 17.0 122.79092 11.00022 94.55096 833.0
17.0 10.0 10.0 97.02759 3.9128 61.06426 490.0
17.0 10.0 17.0 122.79092 11.00022 94.55096 490.0
17.0 15.0 15.0 145.12927 26.5894 64.64474 954.0
17.0 15.0 17.0 122.79092 11.00022 94.55096 954.0
17.0 17.0 17.0 122.79092 11.00022 94.55096 5022.0
17.0 17.0 17.0 122.79092 11.00022 94.55096 5022.0
17.0 18.0 18.0 159.20843 24.82374 93.86383 598.0
17.0 18.0 17.0 122.79092 11.00022 94.55096 598.0
17.0 19.0 19.0 66.41846 15.78275 45.39905 2.0
17.0 19.0 17.0 122.79092 11.00022 94.55096 2.0
17.0 23.0 23.0 173.4879 43.51127 77.06771 8.0
17.0 23.0 17.0 122.79092 11.00022 94.55096 8.0
17.0 26.0 26.0 132.09819 45.0649 139.08802 91.0
17.0 26.0 17.0 122.79092 11.00022 94.55096 91.0
17.0 28.0 28.0 84.36307 38.92338 143.1405 14.0
17.0 28.0 17.0 122.79092 11.00022 94.55096 14.0
17.0 29.0 29.0 122.62038 20.58563 121.21108 1522.0
17.0 29.0 17.0 122.79092 11.00022 94.55096 1522.0
17.0 31.0 31.0 121.51806 38.98398 36.02642 7.0
17.0 31.0 17.0 122.79092 11.00022 94.55096 7.0
17.0 33.0 33.0 97.14583 49.94029 149.23695 2.0
17.0 33.0 17.0 122.79092 11.00022 94.55096 2.0
17.0 37.0 37.0 80.21906 11.08151 113.84895 486.0
17.0 37.0 17.0 122.79092 11.00022 94.55096 486.0
17.0 40.0 40.0 83.26471 23.53957 42.38725 2.0
17.0 40.0 17.0 122.79092 11.00022 94.55096 2.0
17.0 44.0 44.0 70.23915 22.75964 131.37007 3.0
17.0 44.0 17.0 122.79092 11.00022 94.55096 3.0
17.0 45.0 45.0 35.03064 116.32165 28.5827 1.0
17.0 45.0 17.0 122.79092 11.00022 94.55096 1.0
17.0 47.0 47.0 164.20875 62.71051 126.09129 20.0
17.0 47.0 17.0 122.79092 11.00022 94.55096 20.0
18.0 3.0 3.0 83.11685 3.82685 88.01664 1.0
18.0 3.0 18.0 159.20843 24.82374 93.86383 1.0
18.0 7.0 7.0 121.64592 13.42169 56.95598 34.0
18.0 7.0 18.0 159.20843 24.82374 93.86383 34.0
18.0 10.0 10.0 97.02759 3.9128 61.06426 1.0
18.0 10.0 18.0 159.20843 24.82374 93.86383 1.0
18.0 12.0 12.0 179.80662 86.39395 84.8312 10.0
18.0 12.0 18.0 159.20843 24.82374 93.86383 10.0
18.0 15.0 15.0 145.12927 26.5894 64.64474 1073.0
18.0 15.0 18.0 159.20843 24.82374 93.86383 1073.0
18.0 17.0 17.0 122.79092 11.00022 94.55096 659.0
18.0 17.0 18.0 159.20843 24.82374 93.86383 659.0
18.0 18.0 18.0 159.20843 24.82374 93.86383 3233.0
18.0 18.0 18.0 159.20843 24.82374 93.86383 3233.0
18.0 23.0 23.0 173.4879 43.51127 77.06771 972.0
18.0 23.0 18.0 159.20843 24.82374 93.86383 972.0
18.0 25.0 25.0 182.84647 64.00258 100.3024 101.0
18.0 25.0 18.0 159.20843 24.82374 93.86383 101.0
18.0 26.0 26.0 132.09819 45.0649 139.08802 215.0
18.0 26.0 18.0 159.20843 24.82374 93.86383 215.0
18.0 29.0 29.0 122.62038 20.58563 121.21108 571.0
18.0 29.0 18.0 159.20843 24.82374 93.86383 571.0
18.0 31.0 31.0 121.51806 38.98398 36.02642 11.0
18.0 31.0 18.0 159.20843 24.82374 93.86383 11.0
18.0 32.0 32.0 156.95474 89.11475 57.98452 10.0
18.0 32.0 18.0 159.20843 24.82374 93.86383 10.0
18.0 37.0 37.0 80.21906 11.08151 113.84895 1.0
18.0 37.0 18.0 159.20843 24.82374 93.86383 1.0
18.0 47.0 47.0 164.20875 62.71051 126.09129 676.0
18.0 47.0 18.0 159.20843 24.82374 93.86383 676.0
19.0 1.0 1.0 66.24787 89.23099 7.47814 18.0
19.0 1.0 19.0 66.41846 15.78275 45.39905 18.0
19.0 2.0 2.0 27.36093 25.382 87.73001 13.0
19.0 2.0 19.0 66.41846 15.78275 45.39905 13.0
19.0 3.0 3.0 83.11685 3.82685 88.01664 441.0
19.0 3.0 19.0 66.41846 15.78275 45.39905 441.0
19.0 7.0 7.0 121.64592 13.42169 56.95598 15.0
19.0 7.0 19.0 66.41846 15.78275 45.39905 15.0
19.0 8.0 8.0 108.12022 86.01207 38.63973 1.0
19.0 8.0 19.0 66.41846 15.78275 45.39905 1.0
19.0 10.0 10.0 97.02759 3.9128 61.06426 581.0
19.0 10.0 19.0 66.41846 15.78275 45.39905 581.0
19.0 11.0 11.0 48.52618 14.09927 56.5498 1965.0
19.0 11.0 19.0 66.41846 15.78275 45.39905 1965.0
19.0 13.0 13.0 21.81566 31.12519 56.41873 65.0
19.0 13.0 19.0 66.41846 15.78275 45.39905 65.0
19.0 17.0 17.0 122.79092 11.00022 94.55096 1.0
19.0 17.0 19.0 66.41846 15.78275 45.39905 1.0
19.0 19.0 19.0 66.41846 15.78275 45.39905 2136.0
19.0 19.0 19.0 66.41846 15.78275 45.39905 2136.0
19.0 20.0 20.0 85.03532 53.71717 22.27034 570.0
19.0 20.0 19.0 66.41846 15.78275 45.39905 570.0
19.0 21.0 21.0 28.28835 78.11412 19.29261 15.0
19.0 21.0 19.0 66.41846 15.78275 45.39905 15.0
19.0 31.0 31.0 121.51806 38.98398 36.02642 33.0
19.0 31.0 19.0 66.41846 15.78275 45.39905 33.0
19.0 36.0 36.0 51.18471 19.46849 119.67049 1.0
19.0 36.0 19.0 66.41846 15.78275 45.39905 1.0
19.0 37.0 37.0 80.21906 11.08151 113.84895 22.0
19.0 37.0 19.0 66.41846 15.78275 45.39905 22.0
19.0 39.0 39.0 21.79741 50.12698 32.81878 215.0
19.0 39.0 19.0 66.41846 15.78275 45.39905 215.0
19.0 40.0 40.0 83.26471 23.53957 42.38725 1625.0
19.0 40.0 19.0 66.41846 15.78275 45.39905 1625.0
20.0 1.0 1.0 66.24787 89.23099 7.47814 2084.0
20.0 1.0 20.0 85.03532 53.71717 22.27034 2084.0
20.0 7.0 7.0 121.64592 13.42169 56.95598 13.0
20.0 7.0 20.0 85.03532 53.71717 22.27034 13.0
20.0 8.0 8.0 108.12022 86.01207 38.63973 3170.0
20.0 8.0 20.0 85.03532 53.71717 22.27034 3170.0
20.0 10.0 10.0 97.02759 3.9128 61.06426 26.0
20.0 10.0 20.0 85.03532 53.71717 22.27034 26.0
20.0 11.0 11.0 48.52618 14.09927 56.5498 256.0
20.0 11.0 20.0 85.03532 53.71717 22.27034 256.0
20.0 12.0 12.0 179.80662 86.39395 84.8312 1.0
20.0 12.0 20.0 85.03532 53.71717 22.27034 1.0
20.0 13.0 13.0 21.81566 31.12519 56.41873 11.0
20.0 13.0 20.0 85.03532 53.71717 22.27034 11.0
20.0 14.0 14.0 128.23597 116.03858 40.21586 6.0
20.0 14.0 20.0 85.03532 53.71717 22.27034 6.0
20.0 15.0 15.0 145.12927 26.5894 64.64474 1.0
20.0 15.0 20.0 85.03532 53.71717 22.27034 1.0
20.0 19.0 19.0 66.41846 15.78275 45.39905 530.0
20.0 19.0 20.0 85.03532 53.71717 22.27034 530.0
20.0 20.0 20.0 85.03532 53.71717 22.27034 12440.0
20.0 20.0 20.0 85.03532 53.71717 22.27034 12440.0
20.0 21.0 21.0 28.28835 78.11412 19.29261 251.0
20.0 21.0 20.0 85.03532 53.71717 22.27034 251.0
20.0 31.0 31.0 121.51806 38.98398 36.02642 2078.0
20.0 31.0 20.0 85.03532 53.71717 22.27034 2078.0
20.0 32.0 32.0 156.95474 89.11475 57.98452 6.0
20.0 32.0 20.0 85.03532 53.71717 22.27034 6.0
20.0 39.0 39.0 21.79741 50.12698 32.81878 524.0
20.0 39.0 20.0 85.03532 53.71717 22.27034 524.0
20.0 40.0 40.0 83.26471 23.53957 42.38725 1693.0
20.0 40.0 20.0 85.03532 53.71717 22.27034 1693.0
20.0 45.0 45.0 35.03064 116.32165 28.5827 2.0
20.0 45.0 20.0 85.03532 53.71717 22.27034 2.0
21.0 1.0 1.0 66.24787 89.23099 7.47814 1579.0
21.0 1.0 21.0 28.28835 78.11412 19.29261 1579.0
21.0 5.0 5.0 36.14616 130.03118 82.25255 9.0
21.0 5.0 21.0 28.28835 78.11412 19.29261 9.0
21.0 6.0 6.0 5.47185 84.79685 74.38627 655.0
21.0 6.0 21.0 28.28835 78.11412 19.29261 655.0
21.0 8.0 8.0 108.12022 86.01207 38.63973 3.0
21.0 8.0 21.0 28.28835 78.11412 19.29261 3.0
21.0 11.0 11.0 48.52618 14.09927 56.5498 42.0
21.0 11.0 21.0 28.28835 78.11412 19.29261 42.0
21.0 12.0 12.0 179.80662 86.39395 84.8312 1.0
21.0 12.0 21.0 28.28835 78.11412 19.29261 1.0
21.0 13.0 13.0 21.81566 31.12519 56.41873 7.0
21.0 13.0 21.0 28.28835 78.11412 19.29261 7.0
21.0 19.0 19.0 66.41846 15.78275 45.39905 15.0
21.0 19.0 21.0 28.28835 78.11412 19.29261 15.0
21.0 20.0 20.0 85.03532 53.71717 22.27034 257.0
21.0 20.0 21.0 28.28835 78.11412 19.29261 257.0
21.0 21.0 21.0 28.28835 78.11412 19.29261 6457.0
21.0 21.0 21.0 28.28835 78.11412 19.29261 6457.0
21.0 39.0 39.0 21.79741 50.12698 32.81878 2202.0
21.0 39.0 21.0 28.28835 78.11412 19.29261 2202.0
21.0 40.0 40.0 83.26471 23.53957 42.38725 5.0
21.0 40.0 21.0 28.28835 78.11412 19.29261 5.0
21.0 45.0 45.0 35.03064 116.32165 28.5827 1916.0
21.0 45.0 21.0 28.28835 78.11412 19.29261 1916.0
22.0 0.0 0.0 55.11105 48.8893 141.97439 609.0
22.0 0.0 22.0 25.08225 80.02133 119.45022 609.0
22.0 2.0 2.0 27.36093 25.382 87.73001 77.0
22.0 2.0 22.0 25.08225 80.02133 119.45022 77.0
22.0 4.0 4.0 72.01095 108.38384 139.66648 449.0
22.0 4.0 22.0 25.08225 80.02133 119.45022 449.0
22.0 5.0 5.0 36.14616 130.03118 82.25255 1193.0
22.0 5.0 22.0 25.08225 80.02133 119.45022 1193.0
22.0 6.0 6.0 5.47185 84.79685 74.38627 1958.0
22.0 6.0 22.0 25.08225 80.02133 119.45022 1958.0
22.0 8.0 8.0 108.12022 86.01207 38.63973 1.0
22.0 8.0 22.0 25.08225 80.02133 119.45022 1.0
22.0 13.0 13.0 21.81566 31.12519 56.41873 3.0
22.0 13.0 22.0 25.08225 80.02133 119.45022 3.0
22.0 16.0 16.0 37.09281 39.02993 124.6434 1227.0
22.0 16.0 22.0 25.08225 80.02133 119.45022 1227.0
22.0 22.0 22.0 25.08225 80.02133 119.45022 13956.0
22.0 22.0 22.0 25.08225 80.02133 119.45022 13956.0
22.0 27.0 27.0 18.72385 45.33207 103.7242 1380.0
22.0 27.0 22.0 25.08225 80.02133 119.45022 1380.0
22.0 28.0 28.0 84.36307 38.92338 143.1405 15.0
22.0 28.0 22.0 25.08225 80.02133 119.45022 15.0
22.0 33.0 33.0 97.14583 49.94029 149.23695 2.0
22.0 33.0 22.0 25.08225 80.02133 119.45022 2.0
22.0 36.0 36.0 51.18471 19.46849 119.67049 16.0
22.0 36.0 22.0 25.08225 80.02133 119.45022 16.0
22.0 37.0 37.0 80.21906 11.08151 113.84895 1.0
22.0 37.0 22.0 25.08225 80.02133 119.45022 1.0
22.0 38.0 38.0 88.7069 68.41657 152.61479 26.0
22.0 38.0 22.0 25.08225 80.02133 119.45022 26.0
22.0 41.0 41.0 59.83896 126.07975 122.47384 677.0
22.0 41.0 22.0 25.08225 80.02133 119.45022 677.0
22.0 42.0 42.0 56.58659 85.19194 144.94376 1675.0
22.0 42.0 22.0 25.08225 80.02133 119.45022 1675.0
22.0 43.0 43.0 101.73419 137.71954 99.15542 1.0
22.0 43.0 22.0 25.08225 80.02133 119.45022 1.0
22.0 44.0 44.0 70.23915 22.75964 131.37007 2.0
22.0 44.0 22.0 25.08225 80.02133 119.45022 2.0
23.0 7.0 7.0 121.64592 13.42169 56.95598 11.0
23.0 7.0 23.0 173.4879 43.51127 77.06771 11.0
23.0 8.0 8.0 108.12022 86.01207 38.63973 5.0
23.0 8.0 23.0 173.4879 43.51127 77.06771 5.0
23.0 12.0 12.0 179.80662 86.39395 84.8312 584.0
23.0 12.0 23.0 173.4879 43.51127 77.06771 584.0
23.0 15.0 15.0 145.12927 26.5894 64.64474 800.0
23.0 15.0 23.0 173.4879 43.51127 77.06771 800.0
23.0 17.0 17.0 122.79092 11.00022 94.55096 8.0
23.0 17.0 23.0 173.4879 43.51127 77.06771 8.0
23.0 18.0 18.0 159.20843 24.82374 93.86383 1029.0
23.0 18.0 23.0 173.4879 43.51127 77.06771 1029.0
23.0 23.0 23.0 173.4879 43.51127 77.06771 3354.0
23.0 23.0 23.0 173.4879 43.51127 77.06771 3354.0
23.0 25.0 25.0 182.84647 64.00258 100.3024 761.0
23.0 25.0 23.0 173.4879 43.51127 77.06771 761.0
23.0 26.0 26.0 132.09819 45.0649 139.08802 11.0
23.0 26.0 23.0 173.4879 43.51127 77.06771 11.0
23.0 28.0 28.0 84.36307 38.92338 143.1405 1.0
23.0 28.0 23.0 173.4879 43.51127 77.06771 1.0
23.0 29.0 29.0 122.62038 20.58563 121.21108 14.0
23.0 29.0 23.0 173.4879 43.51127 77.06771 14.0
23.0 31.0 31.0 121.51806 38.98398 36.02642 126.0
23.0 31.0 23.0 173.4879 43.51127 77.06771 126.0
23.0 32.0 32.0 156.95474 89.11475 57.98452 507.0
23.0 32.0 23.0 173.4879 43.51127 77.06771 507.0
23.0 37.0 37.0 80.21906 11.08151 113.84895 1.0
23.0 37.0 23.0 173.4879 43.51127 77.06771 1.0
23.0 47.0 47.0 164.20875 62.71051 126.09129 330.0
23.0 47.0 23.0 173.4879 43.51127 77.06771 330.0
24.0 0.0 0.0 55.11105 48.8893 141.97439 8.0
24.0 0.0 24.0 107.87974 87.23497 149.14804 8.0
24.0 4.0 4.0 72.01095 108.38384 139.66648 1543.0
24.0 4.0 24.0 107.87974 87.23497 149.14804 1543.0
24.0 9.0 9.0 78.54171 139.95556 102.54219 13.0
24.0 9.0 24.0 107.87974 87.23497 149.14804 13.0
24.0 22.0 22.0 25.08225 80.02133 119.45022 1.0
24.0 22.0 24.0 107.87974 87.23497 149.14804 1.0
24.0 24.0 24.0 107.87974 87.23497 149.14804 8940.0
24.0 24.0 24.0 107.87974 87.23497 149.14804 8940.0
24.0 26.0 26.0 132.09819 45.0649 139.08802 906.0
24.0 26.0 24.0 107.87974 87.23497 149.14804 906.0
24.0 28.0 28.0 84.36307 38.92338 143.1405 37.0
24.0 28.0 24.0 107.87974 87.23497 149.14804 37.0
24.0 30.0 30.0 88.33084 139.92697 62.67462 1.0
24.0 30.0 24.0 107.87974 87.23497 149.14804 1.0
24.0 33.0 33.0 97.14583 49.94029 149.23695 478.0
24.0 33.0 24.0 107.87974 87.23497 149.14804 478.0
24.0 34.0 34.0 127.78766 111.25664 129.58266 2572.0
24.0 34.0 24.0 107.87974 87.23497 149.14804 2572.0
24.0 35.0 35.0 147.76312 121.15829 95.65901 5.0
24.0 35.0 24.0 107.87974 87.23497 149.14804 5.0
24.0 38.0 38.0 88.7069 68.41657 152.61479 1928.0
24.0 38.0 24.0 107.87974 87.23497 149.14804 1928.0
24.0 41.0 41.0 59.83896 126.07975 122.47384 96.0
24.0 41.0 24.0 107.87974 87.23497 149.14804 96.0
24.0 42.0 42.0 56.58659 85.19194 144.94376 517.0
24.0 42.0 24.0 107.87974 87.23497 149.14804 517.0
24.0 43.0 43.0 101.73419 137.71954 99.15542 11.0
24.0 43.0 24.0 107.87974 87.23497 149.14804 11.0
24.0 44.0 44.0 70.23915 22.75964 131.37007 3.0
24.0 44.0 24.0 107.87974 87.23497 149.14804 3.0
24.0 47.0 47.0 164.20875 62.71051 126.09129 207.0
24.0 47.0 24.0 107.87974 87.23497 149.14804 207.0
25.0 7.0 7.0 121.64592 13.42169 56.95598 1.0
25.0 7.0 25.0 182.84647 64.00258 100.3024 1.0
25.0 12.0 12.0 179.80662 86.39395 84.8312 1205.0
25.0 12.0 25.0 182.84647 64.00258 100.3024 1205.0
25.0 15.0 15.0 145.12927 26.5894 64.64474 8.0
25.0 15.0 25.0 182.84647 64.00258 100.3024 8.0
25.0 18.0 18.0 159.20843 24.82374 93.86383 113.0
25.0 18.0 25.0 182.84647 64.00258 100.3024 113.0
25.0 23.0 23.0 173.4879 43.51127 77.06771 753.0
25.0 23.0 25.0 182.84647 64.00258 100.3024 753.0
25.0 25.0 25.0 182.84647 64.00258 100.3024 2249.0
25.0 25.0 25.0 182.84647 64.00258 100.3024 2249.0
25.0 26.0 26.0 132.09819 45.0649 139.08802 4.0
25.0 26.0 25.0 182.84647 64.00258 100.3024 4.0
25.0 29.0 29.0 122.62038 20.58563 121.21108 1.0
25.0 29.0 25.0 182.84647 64.00258 100.3024 1.0
25.0 32.0 32.0 156.95474 89.11475 57.98452 38.0
25.0 32.0 25.0 182.84647 64.00258 100.3024 38.0
25.0 34.0 34.0 127.78766 111.25664 129.58266 22.0
25.0 34.0 25.0 182.84647 64.00258 100.3024 22.0
25.0 35.0 35.0 147.76312 121.15829 95.65901 78.0
25.0 35.0 25.0 182.84647 64.00258 100.3024 78.0
25.0 46.0 46.0 114.46297 130.23883 52.70368 1.0
25.0 46.0 25.0 182.84647 64.00258 100.3024 1.0
25.0 47.0 47.0 164.20875 62.71051 126.09129 1243.0
25.0 47.0 25.0 182.84647 64.00258 100.3024 1243.0
26.0 3.0 3.0 83.11685 3.82685 88.01664 1.0
26.0 3.0 26.0 132.09819 45.0649 139.08802 1.0
26.0 17.0 17.0 122.79092 11.00022 94.55096 104.0
26.0 17.0 26.0 132.09819 45.0649 139.08802 104.0
26.0 18.0 18.0 159.20843 24.82374 93.86383 218.0
26.0 18.0 26.0 132.09819 45.0649 139.08802 218.0
26.0 23.0 23.0 173.4879 43.51127 77.06771 5.0
26.0 23.0 26.0 132.09819 45.0649 139.08802 5.0
26.0 24.0 24.0 107.87974 87.23497 149.14804 978.0
26.0 24.0 26.0 132.09819 45.0649 139.08802 978.0
26.0 25.0 25.0 182.84647 64.00258 100.3024 4.0
26.0 25.0 26.0 132.09819 45.0649 139.08802 4.0
26.0 26.0 26.0 132.09819 45.0649 139.08802 8117.0
26.0 26.0 26.0 132.09819 45.0649 139.08802 8117.0
26.0 28.0 28.0 84.36307 38.92338 143.1405 446.0
26.0 28.0 26.0 132.09819 45.0649 139.08802 446.0
26.0 29.0 29.0 122.62038 20.58563 121.21108 1835.0
26.0 29.0 26.0 132.09819 45.0649 139.08802 1835.0
26.0 33.0 33.0 97.14583 49.94029 149.23695 1115.0
26.0 33.0 26.0 132.09819 45.0649 139.08802 1115.0
26.0 34.0 34.0 127.78766 111.25664 129.58266 285.0
26.0 34.0 26.0 132.09819 45.0649 139.08802 285.0
26.0 35.0 35.0 147.76312 121.15829 95.65901 1.0
26.0 35.0 26.0 132.09819 45.0649 139.08802 1.0
26.0 37.0 37.0 80.21906 11.08151 113.84895 106.0
26.0 37.0 26.0 132.09819 45.0649 139.08802 106.0
26.0 38.0 38.0 88.7069 68.41657 152.61479 391.0
26.0 38.0 26.0 132.09819 45.0649 139.08802 391.0
26.0 44.0 44.0 70.23915 22.75964 131.37007 16.0
26.0 44.0 26.0 132.09819 45.0649 139.08802 16.0
26.0 47.0 47.0 164.20875 62.71051 126.09129 1741.0
26.0 47.0 26.0 132.09819 45.0649 139.08802 1741.0
27.0 0.0 0.0 55.11105 48.8893 141.97439 42.0
27.0 0.0 27.0 18.72385 45.33207 103.7242 42.0
27.0 2.0 2.0 27.36093 25.382 87.73001 1595.0
27.0 2.0 27.0 18.72385 45.33207 103.7242 1595.0
27.0 3.0 3.0 83.11685 3.82685 88.01664 1.0
27.0 3.0 27.0 18.72385 45.33207 103.7242 1.0
27.0 6.0 6.0 5.47185 84.79685 74.38627 773.0
27.0 6.0 27.0 18.72385 45.33207 103.7242 773.0
27.0 11.0 11.0 48.52618 14.09927 56.5498 18.0
27.0 11.0 27.0 18.72385 45.33207 103.7242 18.0
27.0 13.0 13.0 21.81566 31.12519 56.41873 127.0
27.0 13.0 27.0 18.72385 45.33207 103.7242 127.0
27.0 16.0 16.0 37.09281 39.02993 124.6434 1292.0
27.0 16.0 27.0 18.72385 45.33207 103.7242 1292.0
27.0 22.0 22.0 25.08225 80.02133 119.45022 1340.0
27.0 22.0 27.0 18.72385 45.33207 103.7242 1340.0
27.0 27.0 27.0 18.72385 45.33207 103.7242 3428.0
27.0 27.0 27.0 18.72385 45.33207 103.7242 3428.0
27.0 36.0 36.0 51.18471 19.46849 119.67049 83.0
27.0 36.0 27.0 18.72385 45.33207 103.7242 83.0
27.0 37.0 37.0 80.21906 11.08151 113.84895 8.0
27.0 37.0 27.0 18.72385 45.33207 103.7242 8.0
27.0 39.0 39.0 21.79741 50.12698 32.81878 24.0
27.0 39.0 27.0 18.72385 45.33207 103.7242 24.0
27.0 42.0 42.0 56.58659 85.19194 144.94376 2.0
27.0 42.0 27.0 18.72385 45.33207 103.7242 2.0
27.0 44.0 44.0 70.23915 22.75964 131.37007 6.0
27.0 44.0 27.0 18.72385 45.33207 103.7242 6.0
28.0 0.0 0.0 55.11105 48.8893 141.97439 1105.0
28.0 0.0 28.0 84.36307 38.92338 143.1405 1105.0
28.0 3.0 3.0 83.11685 3.82685 88.01664 8.0
28.0 3.0 28.0 84.36307 38.92338 143.1405 8.0
28.0 4.0 4.0 72.01095 108.38384 139.66648 5.0
28.0 4.0 28.0 84.36307 38.92338 143.1405 5.0
28.0 5.0 5.0 36.14616 130.03118 82.25255 1.0
28.0 5.0 28.0 84.36307 38.92338 143.1405 1.0
28.0 16.0 16.0 37.09281 39.02993 124.6434 37.0
28.0 16.0 28.0 84.36307 38.92338 143.1405 37.0
28.0 17.0 17.0 122.79092 11.00022 94.55096 14.0
28.0 17.0 28.0 84.36307 38.92338 143.1405 14.0
28.0 22.0 22.0 25.08225 80.02133 119.45022 12.0
28.0 22.0 28.0 84.36307 38.92338 143.1405 12.0
28.0 24.0 24.0 107.87974 87.23497 149.14804 38.0
28.0 24.0 28.0 84.36307 38.92338 143.1405 38.0
28.0 26.0 26.0 132.09819 45.0649 139.08802 408.0
28.0 26.0 28.0 84.36307 38.92338 143.1405 408.0
28.0 28.0 28.0 84.36307 38.92338 143.1405 3153.0
28.0 28.0 28.0 84.36307 38.92338 143.1405 3153.0
28.0 29.0 29.0 122.62038 20.58563 121.21108 473.0
28.0 29.0 28.0 84.36307 38.92338 143.1405 473.0
28.0 33.0 33.0 97.14583 49.94029 149.23695 1614.0
28.0 33.0 28.0 84.36307 38.92338 143.1405 1614.0
28.0 36.0 36.0 51.18471 19.46849 119.67049 80.0
28.0 36.0 28.0 84.36307 38.92338 143.1405 80.0
28.0 37.0 37.0 80.21906 11.08151 113.84895 721.0
28.0 37.0 28.0 84.36307 38.92338 143.1405 721.0
28.0 38.0 38.0 88.7069 68.41657 152.61479 594.0
28.0 38.0 28.0 84.36307 38.92338 143.1405 594.0
28.0 42.0 42.0 56.58659 85.19194 144.94376 179.0
28.0 42.0 28.0 84.36307 38.92338 143.1405 179.0
28.0 44.0 44.0 70.23915 22.75964 131.37007 948.0
28.0 44.0 28.0 84.36307 38.92338 143.1405 948.0
29.0 0.0 0.0 55.11105 48.8893 141.97439 3.0
29.0 0.0 29.0 122.62038 20.58563 121.21108 3.0
29.0 3.0 3.0 83.11685 3.82685 88.01664 217.0
29.0 3.0 29.0 122.62038 20.58563 121.21108 217.0
29.0 7.0 7.0 121.64592 13.42169 56.95598 12.0
29.0 7.0 29.0 122.62038 20.58563 121.21108 12.0
29.0 10.0 10.0 97.02759 3.9128 61.06426 3.0
29.0 10.0 29.0 122.62038 20.58563 121.21108 3.0
29.0 15.0 15.0 145.12927 26.5894 64.64474 56.0
29.0 15.0 29.0 122.62038 20.58563 121.21108 56.0
29.0 17.0 17.0 122.79092 11.00022 94.55096 1612.0
29.0 17.0 29.0 122.62038 20.58563 121.21108 1612.0
29.0 18.0 18.0 159.20843 24.82374 93.86383 487.0
29.0 18.0 29.0 122.62038 20.58563 121.21108 487.0
29.0 23.0 23.0 173.4879 43.51127 77.06771 8.0
29.0 23.0 29.0 122.62038 20.58563 121.21108 8.0
29.0 24.0 24.0 107.87974 87.23497 149.14804 1.0
29.0 24.0 29.0 122.62038 20.58563 121.21108 1.0
29.0 25.0 25.0 182.84647 64.00258 100.3024 2.0
29.0 25.0 29.0 122.62038 20.58563 121.21108 2.0
29.0 26.0 26.0 132.09819 45.0649 139.08802 1852.0
29.0 26.0 29.0 122.62038 20.58563 121.21108 1852.0
29.0 28.0 28.0 84.36307 38.92338 143.1405 491.0
29.0 28.0 29.0 122.62038 20.58563 121.21108 491.0
29.0 29.0 29.0 122.62038 20.58563 121.21108 4786.0
29.0 29.0 29.0 122.62038 20.58563 121.21108 4786.0
29.0 33.0 33.0 97.14583 49.94029 149.23695 180.0
29.0 33.0 29.0 122.62038 20.58563 121.21108 180.0
29.0 36.0 36.0 51.18471 19.46849 119.67049 1.0
29.0 36.0 29.0 122.62038 20.58563 121.21108 1.0
29.0 37.0 37.0 80.21906 11.08151 113.84895 1199.0
29.0 37.0 29.0 122.62038 20.58563 121.21108 1199.0
29.0 38.0 38.0 88.7069 68.41657 152.61479 6.0
29.0 38.0 29.0 122.62038 20.58563 121.21108 6.0
29.0 44.0 44.0 70.23915 22.75964 131.37007 82.0
29.0 44.0 29.0 122.62038 20.58563 121.21108 82.0
29.0 46.0 46.0 114.46297 130.23883 52.70368 1.0
29.0 46.0 29.0 122.62038 20.58563 121.21108 1.0
29.0 47.0 47.0 164.20875 62.71051 126.09129 226.0
29.0 47.0 29.0 122.62038 20.58563 121.21108 226.0
30.0 1.0 1.0 66.24787 89.23099 7.47814 318.0
30.0 1.0 30.0 88.33084 139.92697 62.67462 318.0
30.0 2.0 2.0 27.36093 25.382 87.73001 1.0
30.0 2.0 30.0 88.33084 139.92697 62.67462 1.0
30.0 5.0 5.0 36.14616 130.03118 82.25255 1681.0
30.0 5.0 30.0 88.33084 139.92697 62.67462 1681.0
30.0 8.0 8.0 108.12022 86.01207 38.63973 590.0
30.0 8.0 30.0 88.33084 139.92697 62.67462 590.0
30.0 9.0 9.0 78.54171 139.95556 102.54219 1164.0
30.0 9.0 30.0 88.33084 139.92697 62.67462 1164.0
30.0 14.0 14.0 128.23597 116.03858 40.21586 242.0
30.0 14.0 30.0 88.33084 139.92697 62.67462 242.0
30.0 23.0 23.0 173.4879 43.51127 77.06771 1.0
30.0 23.0 30.0 88.33084 139.92697 62.67462 1.0
30.0 30.0 30.0 88.33084 139.92697 62.67462 15061.0
30.0 30.0 30.0 88.33084 139.92697 62.67462 15061.0
30.0 32.0 32.0 156.95474 89.11475 57.98452 2.0
30.0 32.0 30.0 88.33084 139.92697 62.67462 2.0
30.0 34.0 34.0 127.78766 111.25664 129.58266 76.0
30.0 34.0 30.0 88.33084 139.92697 62.67462 76.0
30.0 35.0 35.0 147.76312 121.15829 95.65901 715.0
30.0 35.0 30.0 88.33084 139.92697 62.67462 715.0
30.0 41.0 41.0 59.83896 126.07975 122.47384 22.0
30.0 41.0 30.0 88.33084 139.92697 62.67462 22.0
30.0 43.0 43.0 101.73419 137.71954 99.15542 2230.0
30.0 43.0 30.0 88.33084 139.92697 62.67462 2230.0
30.0 45.0 45.0 35.03064 116.32165 28.5827 765.0
30.0 45.0 30.0 88.33084 139.92697 62.67462 765.0
30.0 46.0 46.0 114.46297 130.23883 52.70368 3368.0
30.0 46.0 30.0 88.33084 139.92697 62.67462 3368.0
31.0 1.0 1.0 66.24787 89.23099 7.47814 2.0
31.0 1.0 31.0 121.51806 38.98398 36.02642 2.0
31.0 3.0 3.0 83.11685 3.82685 88.01664 2.0
31.0 3.0 31.0 121.51806 38.98398 36.02642 2.0
31.0 7.0 7.0 121.64592 13.42169 56.95598 1634.0
31.0 7.0 31.0 121.51806 38.98398 36.02642 1634.0
31.0 8.0 8.0 108.12022 86.01207 38.63973 1983.0
31.0 8.0 31.0 121.51806 38.98398 36.02642 1983.0
31.0 10.0 10.0 97.02759 3.9128 61.06426 409.0
31.0 10.0 31.0 121.51806 38.98398 36.02642 409.0
31.0 11.0 11.0 48.52618 14.09927 56.5498 2.0
31.0 11.0 31.0 121.51806 38.98398 36.02642 2.0
31.0 12.0 12.0 179.80662 86.39395 84.8312 5.0
31.0 12.0 31.0 121.51806 38.98398 36.02642 5.0
31.0 14.0 14.0 128.23597 116.03858 40.21586 3.0
31.0 14.0 31.0 121.51806 38.98398 36.02642 3.0
31.0 15.0 15.0 145.12927 26.5894 64.64474 1321.0
31.0 15.0 31.0 121.51806 38.98398 36.02642 1321.0
31.0 17.0 17.0 122.79092 11.00022 94.55096 6.0
31.0 17.0 31.0 121.51806 38.98398 36.02642 6.0
31.0 18.0 18.0 159.20843 24.82374 93.86383 11.0
31.0 18.0 31.0 121.51806 38.98398 36.02642 11.0
31.0 19.0 19.0 66.41846 15.78275 45.39905 25.0
31.0 19.0 31.0 121.51806 38.98398 36.02642 25.0
31.0 20.0 20.0 85.03532 53.71717 22.27034 2150.0
31.0 20.0 31.0 121.51806 38.98398 36.02642 2150.0
31.0 23.0 23.0 173.4879 43.51127 77.06771 113.0
31.0 23.0 31.0 121.51806 38.98398 36.02642 113.0
31.0 31.0 31.0 121.51806 38.98398 36.02642 11941.0
31.0 31.0 31.0 121.51806 38.98398 36.02642 11941.0
31.0 32.0 32.0 156.95474 89.11475 57.98452 558.0
31.0 32.0 31.0 121.51806 38.98398 36.02642 558.0
31.0 40.0 40.0 83.26471 23.53957 42.38725 1070.0
31.0 40.0 31.0 121.51806 38.98398 36.02642 1070.0
31.0 45.0 45.0 35.03064 116.32165 28.5827 1.0
31.0 45.0 31.0 121.51806 38.98398 36.02642 1.0
32.0 7.0 7.0 121.64592 13.42169 56.95598 7.0
32.0 7.0 32.0 156.95474 89.11475 57.98452 7.0
32.0 8.0 8.0 108.12022 86.01207 38.63973 1600.0
32.0 8.0 32.0 156.95474 89.11475 57.98452 1600.0
32.0 12.0 12.0 179.80662 86.39395 84.8312 1695.0
32.0 12.0 32.0 156.95474 89.11475 57.98452 1695.0
32.0 14.0 14.0 128.23597 116.03858 40.21586 1482.0
32.0 14.0 32.0 156.95474 89.11475 57.98452 1482.0
32.0 15.0 15.0 145.12927 26.5894 64.64474 386.0
32.0 15.0 32.0 156.95474 89.11475 57.98452 386.0
32.0 18.0 18.0 159.20843 24.82374 93.86383 6.0
32.0 18.0 32.0 156.95474 89.11475 57.98452 6.0
32.0 20.0 20.0 85.03532 53.71717 22.27034 8.0
32.0 20.0 32.0 156.95474 89.11475 57.98452 8.0
32.0 23.0 23.0 173.4879 43.51127 77.06771 465.0
32.0 23.0 32.0 156.95474 89.11475 57.98452 465.0
32.0 25.0 25.0 182.84647 64.00258 100.3024 51.0
32.0 25.0 32.0 156.95474 89.11475 57.98452 51.0
32.0 30.0 30.0 88.33084 139.92697 62.67462 4.0
32.0 30.0 32.0 156.95474 89.11475 57.98452 4.0
32.0 31.0 31.0 121.51806 38.98398 36.02642 575.0
32.0 31.0 32.0 156.95474 89.11475 57.98452 575.0
32.0 32.0 32.0 156.95474 89.11475 57.98452 9271.0
32.0 32.0 32.0 156.95474 89.11475 57.98452 9271.0
32.0 34.0 34.0 127.78766 111.25664 129.58266 1.0
32.0 34.0 32.0 156.95474 89.11475 57.98452 1.0
32.0 35.0 35.0 147.76312 121.15829 95.65901 911.0
32.0 35.0 32.0 156.95474 89.11475 57.98452 911.0
32.0 46.0 46.0 114.46297 130.23883 52.70368 305.0
32.0 46.0 32.0 156.95474 89.11475 57.98452 305.0
32.0 47.0 47.0 164.20875 62.71051 126.09129 1.0
32.0 47.0 32.0 156.95474 89.11475 57.98452 1.0
33.0 0.0 0.0 55.11105 48.8893 141.97439 226.0
33.0 0.0 33.0 97.14583 49.94029 149.23695 226.0
33.0 4.0 4.0 72.01095 108.38384 139.66648 7.0
33.0 4.0 33.0 97.14583 49.94029 149.23695 7.0
33.0 16.0 16.0 37.09281 39.02993 124.6434 3.0
33.0 16.0 33.0 97.14583 49.94029 149.23695 3.0
33.0 17.0 17.0 122.79092 11.00022 94.55096 2.0
33.0 17.0 33.0 97.14583 49.94029 149.23695 2.0
33.0 18.0 18.0 159.20843 24.82374 93.86383 1.0
33.0 18.0 33.0 97.14583 49.94029 149.23695 1.0
33.0 22.0 22.0 25.08225 80.02133 119.45022 2.0
33.0 22.0 33.0 97.14583 49.94029 149.23695 2.0
33.0 24.0 24.0 107.87974 87.23497 149.14804 501.0
33.0 24.0 33.0 97.14583 49.94029 149.23695 501.0
33.0 26.0 26.0 132.09819 45.0649 139.08802 1071.0
33.0 26.0 33.0 97.14583 49.94029 149.23695 1071.0
33.0 28.0 28.0 84.36307 38.92338 143.1405 1637.0
33.0 28.0 33.0 97.14583 49.94029 149.23695 1637.0
33.0 29.0 29.0 122.62038 20.58563 121.21108 192.0
33.0 29.0 33.0 97.14583 49.94029 149.23695 192.0
33.0 33.0 33.0 97.14583 49.94029 149.23695 2699.0
33.0 33.0 33.0 97.14583 49.94029 149.23695 2699.0
33.0 34.0 34.0 127.78766 111.25664 129.58266 2.0
33.0 34.0 33.0 97.14583 49.94029 149.23695 2.0
33.0 36.0 36.0 51.18471 19.46849 119.67049 4.0
33.0 36.0 33.0 97.14583 49.94029 149.23695 4.0
33.0 37.0 37.0 80.21906 11.08151 113.84895 94.0
33.0 37.0 33.0 97.14583 49.94029 149.23695 94.0
33.0 38.0 38.0 88.7069 68.41657 152.61479 1540.0
33.0 38.0 33.0 97.14583 49.94029 149.23695 1540.0
33.0 42.0 42.0 56.58659 85.19194 144.94376 142.0
33.0 42.0 33.0 97.14583 49.94029 149.23695 142.0
33.0 44.0 44.0 70.23915 22.75964 131.37007 117.0
33.0 44.0 33.0 97.14583 49.94029 149.23695 117.0
33.0 47.0 47.0 164.20875 62.71051 126.09129 4.0
33.0 47.0 33.0 97.14583 49.94029 149.23695 4.0
34.0 4.0 4.0 72.01095 108.38384 139.66648 906.0
34.0 4.0 34.0 127.78766 111.25664 129.58266 906.0
34.0 5.0 5.0 36.14616 130.03118 82.25255 1.0
34.0 5.0 34.0 127.78766 111.25664 129.58266 1.0
34.0 9.0 9.0 78.54171 139.95556 102.54219 613.0
34.0 9.0 34.0 127.78766 111.25664 129.58266 613.0
34.0 12.0 12.0 179.80662 86.39395 84.8312 86.0
34.0 12.0 34.0 127.78766 111.25664 129.58266 86.0
34.0 14.0 14.0 128.23597 116.03858 40.21586 1.0
34.0 14.0 34.0 127.78766 111.25664 129.58266 1.0
34.0 24.0 24.0 107.87974 87.23497 149.14804 2620.0
34.0 24.0 34.0 127.78766 111.25664 129.58266 2620.0
34.0 25.0 25.0 182.84647 64.00258 100.3024 18.0
34.0 25.0 34.0 127.78766 111.25664 129.58266 18.0
34.0 26.0 26.0 132.09819 45.0649 139.08802 303.0
34.0 26.0 34.0 127.78766 111.25664 129.58266 303.0
34.0 30.0 30.0 88.33084 139.92697 62.67462 89.0
34.0 30.0 34.0 127.78766 111.25664 129.58266 89.0
34.0 32.0 32.0 156.95474 89.11475 57.98452 5.0
34.0 32.0 34.0 127.78766 111.25664 129.58266 5.0
34.0 33.0 33.0 97.14583 49.94029 149.23695 7.0
34.0 33.0 34.0 127.78766 111.25664 129.58266 7.0
34.0 34.0 34.0 127.78766 111.25664 129.58266 17229.0
34.0 34.0 34.0 127.78766 111.25664 129.58266 17229.0
34.0 35.0 35.0 147.76312 121.15829 95.65901 2592.0
34.0 35.0 34.0 127.78766 111.25664 129.58266 2592.0
34.0 38.0 38.0 88.7069 68.41657 152.61479 38.0
34.0 38.0 34.0 127.78766 111.25664 129.58266 38.0
34.0 41.0 41.0 59.83896 126.07975 122.47384 430.0
34.0 41.0 34.0 127.78766 111.25664 129.58266 430.0
34.0 42.0 42.0 56.58659 85.19194 144.94376 7.0
34.0 42.0 34.0 127.78766 111.25664 129.58266 7.0
34.0 43.0 43.0 101.73419 137.71954 99.15542 1444.0
34.0 43.0 34.0 127.78766 111.25664 129.58266 1444.0
34.0 46.0 46.0 114.46297 130.23883 52.70368 8.0
34.0 46.0 34.0 127.78766 111.25664 129.58266 8.0
34.0 47.0 47.0 164.20875 62.71051 126.09129 1103.0
34.0 47.0 34.0 127.78766 111.25664 129.58266 1103.0
35.0 8.0 8.0 108.12022 86.01207 38.63973 4.0
35.0 8.0 35.0 147.76312 121.15829 95.65901 4.0
35.0 9.0 9.0 78.54171 139.95556 102.54219 20.0
35.0 9.0 35.0 147.76312 121.15829 95.65901 20.0
35.0 12.0 12.0 179.80662 86.39395 84.8312 1172.0
35.0 12.0 35.0 147.76312 121.15829 95.65901 1172.0
35.0 14.0 14.0 128.23597 116.03858 40.21586 317.0
35.0 14.0 35.0 147.76312 121.15829 95.65901 317.0
35.0 24.0 24.0 107.87974 87.23497 149.14804 3.0
35.0 24.0 35.0 147.76312 121.15829 95.65901 3.0
35.0 25.0 25.0 182.84647 64.00258 100.3024 81.0
35.0 25.0 35.0 147.76312 121.15829 95.65901 81.0
35.0 26.0 26.0 132.09819 45.0649 139.08802 1.0
35.0 26.0 35.0 147.76312 121.15829 95.65901 1.0
35.0 28.0 28.0 84.36307 38.92338 143.1405 2.0
35.0 28.0 35.0 147.76312 121.15829 95.65901 2.0
35.0 30.0 30.0 88.33084 139.92697 62.67462 725.0
35.0 30.0 35.0 147.76312 121.15829 95.65901 725.0
35.0 32.0 32.0 156.95474 89.11475 57.98452 924.0
35.0 32.0 35.0 147.76312 121.15829 95.65901 924.0
35.0 34.0 34.0 127.78766 111.25664 129.58266 2635.0
35.0 34.0 35.0 147.76312 121.15829 95.65901 2635.0
35.0 35.0 35.0 147.76312 121.15829 95.65901 11483.0
35.0 35.0 35.0 147.76312 121.15829 95.65901 11483.0
35.0 41.0 41.0 59.83896 126.07975 122.47384 1.0
35.0 41.0 35.0 147.76312 121.15829 95.65901 1.0
35.0 43.0 43.0 101.73419 137.71954 99.15542 943.0
35.0 43.0 35.0 147.76312 121.15829 95.65901 943.0
35.0 46.0 46.0 114.46297 130.23883 52.70368 1151.0
35.0 46.0 35.0 147.76312 121.15829 95.65901 1151.0
35.0 47.0 47.0 164.20875 62.71051 126.09129 320.0
35.0 47.0 35.0 147.76312 121.15829 95.65901 320.0
36.0 0.0 0.0 55.11105 48.8893 141.97439 491.0
36.0 0.0 36.0 51.18471 19.46849 119.67049 491.0
36.0 2.0 2.0 27.36093 25.382 87.73001 504.0
36.0 2.0 36.0 51.18471 19.46849 119.67049 504.0
36.0 3.0 3.0 83.11685 3.82685 88.01664 162.0
36.0 3.0 36.0 51.18471 19.46849 119.67049 162.0
36.0 8.0 8.0 108.12022 86.01207 38.63973 1.0
36.0 8.0 36.0 51.18471 19.46849 119.67049 1.0
36.0 11.0 11.0 48.52618 14.09927 56.5498 70.0
36.0 11.0 36.0 51.18471 19.46849 119.67049 70.0
36.0 13.0 13.0 21.81566 31.12519 56.41873 3.0
36.0 13.0 36.0 51.18471 19.46849 119.67049 3.0
36.0 16.0 16.0 37.09281 39.02993 124.6434 1050.0
36.0 16.0 36.0 51.18471 19.46849 119.67049 1050.0
36.0 22.0 22.0 25.08225 80.02133 119.45022 9.0
36.0 22.0 36.0 51.18471 19.46849 119.67049 9.0
36.0 27.0 27.0 18.72385 45.33207 103.7242 107.0
36.0 27.0 36.0 51.18471 19.46849 119.67049 107.0
36.0 28.0 28.0 84.36307 38.92338 143.1405 85.0
36.0 28.0 36.0 51.18471 19.46849 119.67049 85.0
36.0 29.0 29.0 122.62038 20.58563 121.21108 1.0
36.0 29.0 36.0 51.18471 19.46849 119.67049 1.0
36.0 33.0 33.0 97.14583 49.94029 149.23695 3.0
36.0 33.0 36.0 51.18471 19.46849 119.67049 3.0
36.0 36.0 36.0 51.18471 19.46849 119.67049 1473.0
36.0 36.0 36.0 51.18471 19.46849 119.67049 1473.0
36.0 37.0 37.0 80.21906 11.08151 113.84895 899.0
36.0 37.0 36.0 51.18471 19.46849 119.67049 899.0
36.0 38.0 38.0 88.7069 68.41657 152.61479 2.0
36.0 38.0 36.0 51.18471 19.46849 119.67049 2.0
36.0 42.0 42.0 56.58659 85.19194 144.94376 1.0
36.0 42.0 36.0 51.18471 19.46849 119.67049 1.0
36.0 44.0 44.0 70.23915 22.75964 131.37007 809.0
36.0 44.0 36.0 51.18471 19.46849 119.67049 809.0
37.0 0.0 0.0 55.11105 48.8893 141.97439 80.0
37.0 0.0 37.0 80.21906 11.08151 113.84895 80.0
37.0 2.0 2.0 27.36093 25.382 87.73001 389.0
37.0 2.0 37.0 80.21906 11.08151 113.84895 389.0
37.0 3.0 3.0 83.11685 3.82685 88.01664 2575.0
37.0 3.0 37.0 80.21906 11.08151 113.84895 2575.0
37.0 7.0 7.0 121.64592 13.42169 56.95598 3.0
37.0 7.0 37.0 80.21906 11.08151 113.84895 3.0
37.0 10.0 10.0 97.02759 3.9128 61.06426 45.0
37.0 10.0 37.0 80.21906 11.08151 113.84895 45.0
37.0 11.0 11.0 48.52618 14.09927 56.5498 262.0
37.0 11.0 37.0 80.21906 11.08151 113.84895 262.0
37.0 13.0 13.0 21.81566 31.12519 56.41873 1.0
37.0 13.0 37.0 80.21906 11.08151 113.84895 1.0
37.0 16.0 16.0 37.09281 39.02993 124.6434 184.0
37.0 16.0 37.0 80.21906 11.08151 113.84895 184.0
37.0 17.0 17.0 122.79092 11.00022 94.55096 537.0
37.0 17.0 37.0 80.21906 11.08151 113.84895 537.0
37.0 18.0 18.0 159.20843 24.82374 93.86383 2.0
37.0 18.0 37.0 80.21906 11.08151 113.84895 2.0
37.0 19.0 19.0 66.41846 15.78275 45.39905 19.0
37.0 19.0 37.0 80.21906 11.08151 113.84895 19.0
37.0 26.0 26.0 132.09819 45.0649 139.08802 110.0
37.0 26.0 37.0 80.21906 11.08151 113.84895 110.0
37.0 27.0 27.0 18.72385 45.33207 103.7242 13.0
37.0 27.0 37.0 80.21906 11.08151 113.84895 13.0
37.0 28.0 28.0 84.36307 38.92338 143.1405 733.0
37.0 28.0 37.0 80.21906 11.08151 113.84895 733.0
37.0 29.0 29.0 122.62038 20.58563 121.21108 1159.0
37.0 29.0 37.0 80.21906 11.08151 113.84895 1159.0
37.0 33.0 33.0 97.14583 49.94029 149.23695 99.0
37.0 33.0 37.0 80.21906 11.08151 113.84895 99.0
37.0 36.0 36.0 51.18471 19.46849 119.67049 938.0
37.0 36.0 37.0 80.21906 11.08151 113.84895 938.0
37.0 37.0 37.0 80.21906 11.08151 113.84895 8045.0
37.0 37.0 37.0 80.21906 11.08151 113.84895 8045.0
37.0 38.0 38.0 88.7069 68.41657 152.61479 1.0
37.0 38.0 37.0 80.21906 11.08151 113.84895 1.0
37.0 40.0 40.0 83.26471 23.53957 42.38725 1.0
37.0 40.0 37.0 80.21906 11.08151 113.84895 1.0
37.0 42.0 42.0 56.58659 85.19194 144.94376 1.0
37.0 42.0 37.0 80.21906 11.08151 113.84895 1.0
37.0 44.0 44.0 70.23915 22.75964 131.37007 1465.0
37.0 44.0 37.0 80.21906 11.08151 113.84895 1465.0
38.0 0.0 0.0 55.11105 48.8893 141.97439 407.0
38.0 0.0 38.0 88.7069 68.41657 152.61479 407.0
38.0 2.0 2.0 27.36093 25.382 87.73001 1.0
38.0 2.0 38.0 88.7069 68.41657 152.61479 1.0
38.0 4.0 4.0 72.01095 108.38384 139.66648 233.0
38.0 4.0 38.0 88.7069 68.41657 152.61479 233.0
38.0 16.0 16.0 37.09281 39.02993 124.6434 13.0
38.0 16.0 38.0 88.7069 68.41657 152.61479 13.0
38.0 22.0 22.0 25.08225 80.02133 119.45022 28.0
38.0 22.0 38.0 88.7069 68.41657 152.61479 28.0
38.0 24.0 24.0 107.87974 87.23497 149.14804 1943.0
38.0 24.0 38.0 88.7069 68.41657 152.61479 1943.0
38.0 26.0 26.0 132.09819 45.0649 139.08802 382.0
38.0 26.0 38.0 88.7069 68.41657 152.61479 382.0
38.0 28.0 28.0 84.36307 38.92338 143.1405 600.0
38.0 28.0 38.0 88.7069 68.41657 152.61479 600.0
38.0 29.0 29.0 122.62038 20.58563 121.21108 5.0
38.0 29.0 38.0 88.7069 68.41657 152.61479 5.0
38.0 33.0 33.0 97.14583 49.94029 149.23695 1546.0
38.0 33.0 38.0 88.7069 68.41657 152.61479 1546.0
38.0 34.0 34.0 127.78766 111.25664 129.58266 32.0
38.0 34.0 38.0 88.7069 68.41657 152.61479 32.0
38.0 36.0 36.0 51.18471 19.46849 119.67049 2.0
38.0 36.0 38.0 88.7069 68.41657 152.61479 2.0
38.0 37.0 37.0 80.21906 11.08151 113.84895 1.0
38.0 37.0 38.0 88.7069 68.41657 152.61479 1.0
38.0 38.0 38.0 88.7069 68.41657 152.61479 3179.0
38.0 38.0 38.0 88.7069 68.41657 152.61479 3179.0
38.0 41.0 41.0 59.83896 126.07975 122.47384 1.0
38.0 41.0 38.0 88.7069 68.41657 152.61479 1.0
38.0 42.0 42.0 56.58659 85.19194 144.94376 1114.0
38.0 42.0 38.0 88.7069 68.41657 152.61479 1114.0
38.0 44.0 44.0 70.23915 22.75964 131.37007 11.0
38.0 44.0 38.0 88.7069 68.41657 152.61479 11.0
38.0 47.0 47.0 164.20875 62.71051 126.09129 3.0
38.0 47.0 38.0 88.7069 68.41657 152.61479 3.0
39.0 1.0 1.0 66.24787 89.23099 7.47814 280.0
39.0 1.0 39.0 21.79741 50.12698 32.81878 280.0
39.0 2.0 2.0 27.36093 25.382 87.73001 165.0
39.0 2.0 39.0 21.79741 50.12698 32.81878 165.0
39.0 5.0 5.0 36.14616 130.03118 82.25255 2.0
39.0 5.0 39.0 21.79741 50.12698 32.81878 2.0
39.0 6.0 6.0 5.47185 84.79685 74.38627 1385.0
39.0 6.0 39.0 21.79741 50.12698 32.81878 1385.0
39.0 8.0 8.0 108.12022 86.01207 38.63973 1.0
39.0 8.0 39.0 21.79741 50.12698 32.81878 1.0
39.0 11.0 11.0 48.52618 14.09927 56.5498 888.0
39.0 11.0 39.0 21.79741 50.12698 32.81878 888.0
39.0 12.0 12.0 179.80662 86.39395 84.8312 1.0
39.0 12.0 39.0 21.79741 50.12698 32.81878 1.0
39.0 13.0 13.0 21.81566 31.12519 56.41873 1864.0
39.0 13.0 39.0 21.79741 50.12698 32.81878 1864.0
39.0 19.0 19.0 66.41846 15.78275 45.39905 239.0
39.0 19.0 39.0 21.79741 50.12698 32.81878 239.0
39.0 20.0 20.0 85.03532 53.71717 22.27034 502.0
39.0 20.0 39.0 21.79741 50.12698 32.81878 502.0
39.0 21.0 21.0 28.28835 78.11412 19.29261 2184.0
39.0 21.0 39.0 21.79741 50.12698 32.81878 2184.0
39.0 22.0 22.0 25.08225 80.02133 119.45022 1.0
39.0 22.0 39.0 21.79741 50.12698 32.81878 1.0
39.0 27.0 27.0 18.72385 45.33207 103.7242 17.0
39.0 27.0 39.0 21.79741 50.12698 32.81878 17.0
39.0 39.0 39.0 21.79741 50.12698 32.81878 10012.0
39.0 39.0 39.0 21.79741 50.12698 32.81878 10012.0
39.0 40.0 40.0 83.26471 23.53957 42.38725 35.0
39.0 40.0 39.0 21.79741 50.12698 32.81878 35.0
39.0 45.0 45.0 35.03064 116.32165 28.5827 75.0
39.0 45.0 39.0 21.79741 50.12698 32.81878 75.0
40.0 1.0 1.0 66.24787 89.23099 7.47814 12.0
40.0 1.0 40.0 83.26471 23.53957 42.38725 12.0
40.0 3.0 3.0 83.11685 3.82685 88.01664 129.0
40.0 3.0 40.0 83.26471 23.53957 42.38725 129.0
40.0 7.0 7.0 121.64592 13.42169 56.95598 243.0
40.0 7.0 40.0 83.26471 23.53957 42.38725 243.0
40.0 8.0 8.0 108.12022 86.01207 38.63973 24.0
40.0 8.0 40.0 83.26471 23.53957 42.38725 24.0
40.0 10.0 10.0 97.02759 3.9128 61.06426 1221.0
40.0 10.0 40.0 83.26471 23.53957 42.38725 1221.0
40.0 11.0 11.0 48.52618 14.09927 56.5498 496.0
40.0 11.0 40.0 83.26471 23.53957 42.38725 496.0
40.0 13.0 13.0 21.81566 31.12519 56.41873 5.0
40.0 13.0 40.0 83.26471 23.53957 42.38725 5.0
40.0 15.0 15.0 145.12927 26.5894 64.64474 5.0
40.0 15.0 40.0 83.26471 23.53957 42.38725 5.0
40.0 17.0 17.0 122.79092 11.00022 94.55096 4.0
40.0 17.0 40.0 83.26471 23.53957 42.38725 4.0
40.0 19.0 19.0 66.41846 15.78275 45.39905 1508.0
40.0 19.0 40.0 83.26471 23.53957 42.38725 1508.0
40.0 20.0 20.0 85.03532 53.71717 22.27034 1703.0
40.0 20.0 40.0 83.26471 23.53957 42.38725 1703.0
40.0 21.0 21.0 28.28835 78.11412 19.29261 6.0
40.0 21.0 40.0 83.26471 23.53957 42.38725 6.0
40.0 31.0 31.0 121.51806 38.98398 36.02642 1089.0
40.0 31.0 40.0 83.26471 23.53957 42.38725 1089.0
40.0 37.0 37.0 80.21906 11.08151 113.84895 4.0
40.0 37.0 40.0 83.26471 23.53957 42.38725 4.0
40.0 39.0 39.0 21.79741 50.12698 32.81878 33.0
40.0 39.0 40.0 83.26471 23.53957 42.38725 33.0
40.0 40.0 40.0 83.26471 23.53957 42.38725 4580.0
40.0 40.0 40.0 83.26471 23.53957 42.38725 4580.0
41.0 0.0 0.0 55.11105 48.8893 141.97439 2.0
41.0 0.0 41.0 59.83896 126.07975 122.47384 2.0
41.0 4.0 4.0 72.01095 108.38384 139.66648 2780.0
41.0 4.0 41.0 59.83896 126.07975 122.47384 2780.0
41.0 5.0 5.0 36.14616 130.03118 82.25255 2194.0
41.0 5.0 41.0 59.83896 126.07975 122.47384 2194.0
41.0 6.0 6.0 5.47185 84.79685 74.38627 14.0
41.0 6.0 41.0 59.83896 126.07975 122.47384 14.0
41.0 9.0 9.0 78.54171 139.95556 102.54219 2150.0
41.0 9.0 41.0 59.83896 126.07975 122.47384 2150.0
41.0 13.0 13.0 21.81566 31.12519 56.41873 1.0
41.0 13.0 41.0 59.83896 126.07975 122.47384 1.0
41.0 16.0 16.0 37.09281 39.02993 124.6434 1.0
41.0 16.0 41.0 59.83896 126.07975 122.47384 1.0
41.0 22.0 22.0 25.08225 80.02133 119.45022 649.0
41.0 22.0 41.0 59.83896 126.07975 122.47384 649.0
41.0 24.0 24.0 107.87974 87.23497 149.14804 83.0
41.0 24.0 41.0 59.83896 126.07975 122.47384 83.0
41.0 28.0 28.0 84.36307 38.92338 143.1405 1.0
41.0 28.0 41.0 59.83896 126.07975 122.47384 1.0
41.0 30.0 30.0 88.33084 139.92697 62.67462 25.0
41.0 30.0 41.0 59.83896 126.07975 122.47384 25.0
41.0 34.0 34.0 127.78766 111.25664 129.58266 417.0
41.0 34.0 41.0 59.83896 126.07975 122.47384 417.0
41.0 35.0 35.0 147.76312 121.15829 95.65901 1.0
41.0 35.0 41.0 59.83896 126.07975 122.47384 1.0
41.0 38.0 38.0 88.7069 68.41657 152.61479 2.0
41.0 38.0 41.0 59.83896 126.07975 122.47384 2.0
41.0 41.0 41.0 59.83896 126.07975 122.47384 9207.0
41.0 41.0 41.0 59.83896 126.07975 122.47384 9207.0
41.0 42.0 42.0 56.58659 85.19194 144.94376 421.0
41.0 42.0 41.0 59.83896 126.07975 122.47384 421.0
41.0 43.0 43.0 101.73419 137.71954 99.15542 344.0
41.0 43.0 41.0 59.83896 126.07975 122.47384 344.0
42.0 0.0 0.0 55.11105 48.8893 141.97439 902.0
42.0 0.0 42.0 56.58659 85.19194 144.94376 902.0
42.0 4.0 4.0 72.01095 108.38384 139.66648 2145.0
42.0 4.0 42.0 56.58659 85.19194 144.94376 2145.0
42.0 5.0 5.0 36.14616 130.03118 82.25255 44.0
42.0 5.0 42.0 56.58659 85.19194 144.94376 44.0
42.0 6.0 6.0 5.47185 84.79685 74.38627 1.0
42.0 6.0 42.0 56.58659 85.19194 144.94376 1.0
42.0 16.0 16.0 37.09281 39.02993 124.6434 161.0
42.0 16.0 42.0 56.58659 85.19194 144.94376 161.0
42.0 22.0 22.0 25.08225 80.02133 119.45022 1622.0
42.0 22.0 42.0 56.58659 85.19194 144.94376 1622.0
42.0 24.0 24.0 107.87974 87.23497 149.14804 496.0
42.0 24.0 42.0 56.58659 85.19194 144.94376 496.0
42.0 28.0 28.0 84.36307 38.92338 143.1405 187.0
42.0 28.0 42.0 56.58659 85.19194 144.94376 187.0
42.0 33.0 33.0 97.14583 49.94029 149.23695 132.0
42.0 33.0 42.0 56.58659 85.19194 144.94376 132.0
42.0 34.0 34.0 127.78766 111.25664 129.58266 5.0
42.0 34.0 42.0 56.58659 85.19194 144.94376 5.0
42.0 36.0 36.0 51.18471 19.46849 119.67049 2.0
42.0 36.0 42.0 56.58659 85.19194 144.94376 2.0
42.0 37.0 37.0 80.21906 11.08151 113.84895 1.0
42.0 37.0 42.0 56.58659 85.19194 144.94376 1.0
42.0 38.0 38.0 88.7069 68.41657 152.61479 1119.0
42.0 38.0 42.0 56.58659 85.19194 144.94376 1119.0
42.0 41.0 41.0 59.83896 126.07975 122.47384 381.0
42.0 41.0 42.0 56.58659 85.19194 144.94376 381.0
42.0 42.0 42.0 56.58659 85.19194 144.94376 5820.0
42.0 42.0 42.0 56.58659 85.19194 144.94376 5820.0
42.0 44.0 44.0 70.23915 22.75964 131.37007 2.0
42.0 44.0 42.0 56.58659 85.19194 144.94376 2.0
43.0 4.0 4.0 72.01095 108.38384 139.66648 73.0
43.0 4.0 43.0 101.73419 137.71954 99.15542 73.0
43.0 5.0 5.0 36.14616 130.03118 82.25255 64.0
43.0 5.0 43.0 101.73419 137.71954 99.15542 64.0
43.0 8.0 8.0 108.12022 86.01207 38.63973 1.0
43.0 8.0 43.0 101.73419 137.71954 99.15542 1.0
43.0 9.0 9.0 78.54171 139.95556 102.54219 2121.0
43.0 9.0 43.0 101.73419 137.71954 99.15542 2121.0
43.0 24.0 24.0 107.87974 87.23497 149.14804 10.0
43.0 24.0 43.0 101.73419 137.71954 99.15542 10.0
43.0 30.0 30.0 88.33084 139.92697 62.67462 2062.0
43.0 30.0 43.0 101.73419 137.71954 99.15542 2062.0
43.0 34.0 34.0 127.78766 111.25664 129.58266 1447.0
43.0 34.0 43.0 101.73419 137.71954 99.15542 1447.0
43.0 35.0 35.0 147.76312 121.15829 95.65901 829.0
43.0 35.0 43.0 101.73419 137.71954 99.15542 829.0
43.0 37.0 37.0 80.21906 11.08151 113.84895 1.0
43.0 37.0 43.0 101.73419 137.71954 99.15542 1.0
43.0 41.0 41.0 59.83896 126.07975 122.47384 260.0
43.0 41.0 43.0 101.73419 137.71954 99.15542 260.0
43.0 43.0 43.0 101.73419 137.71954 99.15542 4852.0
43.0 43.0 43.0 101.73419 137.71954 99.15542 4852.0
43.0 45.0 45.0 35.03064 116.32165 28.5827 2.0
43.0 45.0 43.0 101.73419 137.71954 99.15542 2.0
43.0 46.0 46.0 114.46297 130.23883 52.70368 174.0
43.0 46.0 43.0 101.73419 137.71954 99.15542 174.0
44.0 0.0 0.0 55.11105 48.8893 141.97439 629.0
44.0 0.0 44.0 70.23915 22.75964 131.37007 629.0
44.0 2.0 2.0 27.36093 25.382 87.73001 39.0
44.0 2.0 44.0 70.23915 22.75964 131.37007 39.0
44.0 3.0 3.0 83.11685 3.82685 88.01664 62.0
44.0 3.0 44.0 70.23915 22.75964 131.37007 62.0
44.0 6.0 6.0 5.47185 84.79685 74.38627 1.0
44.0 6.0 44.0 70.23915 22.75964 131.37007 1.0
44.0 11.0 11.0 48.52618 14.09927 56.5498 2.0
44.0 11.0 44.0 70.23915 22.75964 131.37007 2.0
44.0 16.0 16.0 37.09281 39.02993 124.6434 226.0
44.0 16.0 44.0 70.23915 22.75964 131.37007 226.0
44.0 17.0 17.0 122.79092 11.00022 94.55096 3.0
44.0 17.0 44.0 70.23915 22.75964 131.37007 3.0
44.0 22.0 22.0 25.08225 80.02133 119.45022 1.0
44.0 22.0 44.0 70.23915 22.75964 131.37007 1.0
44.0 26.0 26.0 132.09819 45.0649 139.08802 11.0
44.0 26.0 44.0 70.23915 22.75964 131.37007 11.0
44.0 27.0 27.0 18.72385 45.33207 103.7242 5.0
44.0 27.0 44.0 70.23915 22.75964 131.37007 5.0
44.0 28.0 28.0 84.36307 38.92338 143.1405 906.0
44.0 28.0 44.0 70.23915 22.75964 131.37007 906.0
44.0 29.0 29.0 122.62038 20.58563 121.21108 84.0
44.0 29.0 44.0 70.23915 22.75964 131.37007 84.0
44.0 33.0 33.0 97.14583 49.94029 149.23695 105.0
44.0 33.0 44.0 70.23915 22.75964 131.37007 105.0
44.0 36.0 36.0 51.18471 19.46849 119.67049 794.0
44.0 36.0 44.0 70.23915 22.75964 131.37007 794.0
44.0 37.0 37.0 80.21906 11.08151 113.84895 1494.0
44.0 37.0 44.0 70.23915 22.75964 131.37007 1494.0
44.0 38.0 38.0 88.7069 68.41657 152.61479 21.0
44.0 38.0 44.0 70.23915 22.75964 131.37007 21.0
44.0 40.0 40.0 83.26471 23.53957 42.38725 1.0
44.0 40.0 44.0 70.23915 22.75964 131.37007 1.0
44.0 41.0 41.0 59.83896 126.07975 122.47384 1.0
44.0 41.0 44.0 70.23915 22.75964 131.37007 1.0
44.0 42.0 42.0 56.58659 85.19194 144.94376 1.0
44.0 42.0 44.0 70.23915 22.75964 131.37007 1.0
44.0 44.0 44.0 70.23915 22.75964 131.37007 1874.0
44.0 44.0 44.0 70.23915 22.75964 131.37007 1874.0
45.0 1.0 1.0 66.24787 89.23099 7.47814 1896.0
45.0 1.0 45.0 35.03064 116.32165 28.5827 1896.0
45.0 5.0 5.0 36.14616 130.03118 82.25255 2035.0
45.0 5.0 45.0 35.03064 116.32165 28.5827 2035.0
45.0 6.0 6.0 5.47185 84.79685 74.38627 993.0
45.0 6.0 45.0 35.03064 116.32165 28.5827 993.0
45.0 8.0 8.0 108.12022 86.01207 38.63973 119.0
45.0 8.0 45.0 35.03064 116.32165 28.5827 119.0
45.0 9.0 9.0 78.54171 139.95556 102.54219 1.0
45.0 9.0 45.0 35.03064 116.32165 28.5827 1.0
45.0 14.0 14.0 128.23597 116.03858 40.21586 3.0
45.0 14.0 45.0 35.03064 116.32165 28.5827 3.0
45.0 20.0 20.0 85.03532 53.71717 22.27034 2.0
45.0 20.0 45.0 35.03064 116.32165 28.5827 2.0
45.0 21.0 21.0 28.28835 78.11412 19.29261 1906.0
45.0 21.0 45.0 35.03064 116.32165 28.5827 1906.0
45.0 22.0 22.0 25.08225 80.02133 119.45022 1.0
45.0 22.0 45.0 35.03064 116.32165 28.5827 1.0
45.0 30.0 30.0 88.33084 139.92697 62.67462 860.0
45.0 30.0 45.0 35.03064 116.32165 28.5827 860.0
45.0 39.0 39.0 21.79741 50.12698 32.81878 67.0
45.0 39.0 45.0 35.03064 116.32165 28.5827 67.0
45.0 45.0 45.0 35.03064 116.32165 28.5827 13468.0
45.0 45.0 45.0 35.03064 116.32165 28.5827 13468.0
45.0 46.0 46.0 114.46297 130.23883 52.70368 49.0
45.0 46.0 45.0 35.03064 116.32165 28.5827 49.0
46.0 1.0 1.0 66.24787 89.23099 7.47814 139.0
46.0 1.0 46.0 114.46297 130.23883 52.70368 139.0
46.0 5.0 5.0 36.14616 130.03118 82.25255 8.0
46.0 5.0 46.0 114.46297 130.23883 52.70368 8.0
46.0 8.0 8.0 108.12022 86.01207 38.63973 1103.0
46.0 8.0 46.0 114.46297 130.23883 52.70368 1103.0
46.0 9.0 9.0 78.54171 139.95556 102.54219 7.0
46.0 9.0 46.0 114.46297 130.23883 52.70368 7.0
46.0 12.0 12.0 179.80662 86.39395 84.8312 2.0
46.0 12.0 46.0 114.46297 130.23883 52.70368 2.0
46.0 14.0 14.0 128.23597 116.03858 40.21586 2811.0
46.0 14.0 46.0 114.46297 130.23883 52.70368 2811.0
46.0 30.0 30.0 88.33084 139.92697 62.67462 3457.0
46.0 30.0 46.0 114.46297 130.23883 52.70368 3457.0
46.0 31.0 31.0 121.51806 38.98398 36.02642 1.0
46.0 31.0 46.0 114.46297 130.23883 52.70368 1.0
46.0 32.0 32.0 156.95474 89.11475 57.98452 279.0
46.0 32.0 46.0 114.46297 130.23883 52.70368 279.0
46.0 34.0 34.0 127.78766 111.25664 129.58266 17.0
46.0 34.0 46.0 114.46297 130.23883 52.70368 17.0
46.0 35.0 35.0 147.76312 121.15829 95.65901 1140.0
46.0 35.0 46.0 114.46297 130.23883 52.70368 1140.0
46.0 43.0 43.0 101.73419 137.71954 99.15542 164.0
46.0 43.0 46.0 114.46297 130.23883 52.70368 164.0
46.0 45.0 45.0 35.03064 116.32165 28.5827 57.0
46.0 45.0 46.0 114.46297 130.23883 52.70368 57.0
46.0 46.0 46.0 114.46297 130.23883 52.70368 7007.0
46.0 46.0 46.0 114.46297 130.23883 52.70368 7007.0
47.0 12.0 12.0 179.80662 86.39395 84.8312 411.0
47.0 12.0 47.0 164.20875 62.71051 126.09129 411.0
47.0 15.0 15.0 145.12927 26.5894 64.64474 6.0
47.0 15.0 47.0 164.20875 62.71051 126.09129 6.0
47.0 17.0 17.0 122.79092 11.00022 94.55096 20.0
47.0 17.0 47.0 164.20875 62.71051 126.09129 20.0
47.0 18.0 18.0 159.20843 24.82374 93.86383 631.0
47.0 18.0 47.0 164.20875 62.71051 126.09129 631.0
47.0 23.0 23.0 173.4879 43.51127 77.06771 349.0
47.0 23.0 47.0 164.20875 62.71051 126.09129 349.0
47.0 24.0 24.0 107.87974 87.23497 149.14804 222.0
47.0 24.0 47.0 164.20875 62.71051 126.09129 222.0
47.0 25.0 25.0 182.84647 64.00258 100.3024 1191.0
47.0 25.0 47.0 164.20875 62.71051 126.09129 1191.0
47.0 26.0 26.0 132.09819 45.0649 139.08802 1858.0
47.0 26.0 47.0 164.20875 62.71051 126.09129 1858.0
47.0 29.0 29.0 122.62038 20.58563 121.21108 240.0
47.0 29.0 47.0 164.20875 62.71051 126.09129 240.0
47.0 32.0 32.0 156.95474 89.11475 57.98452 3.0
47.0 32.0 47.0 164.20875 62.71051 126.09129 3.0
47.0 33.0 33.0 97.14583 49.94029 149.23695 5.0
47.0 33.0 47.0 164.20875 62.71051 126.09129 5.0
47.0 34.0 34.0 127.78766 111.25664 129.58266 1270.0
47.0 34.0 47.0 164.20875 62.71051 126.09129 1270.0
47.0 35.0 35.0 147.76312 121.15829 95.65901 358.0
47.0 35.0 47.0 164.20875 62.71051 126.09129 358.0
47.0 37.0 37.0 80.21906 11.08151 113.84895 1.0
47.0 37.0 47.0 164.20875 62.71051 126.09129 1.0
47.0 38.0 38.0 88.7069 68.41657 152.61479 5.0
47.0 38.0 47.0 164.20875 62.71051 126.09129 5.0
47.0 47.0 47.0 164.20875 62.71051 126.09129 8871.0
47.0 47.0 47.0 164.20875 62.71051 126.09129 8871.0
