TargetArea SourceArea Area AvgPosX AvgPosY AvgPosZ SumWeights
0.0 0.0 0.0 55.1163 48.86141 141.96574 3903.0
0.0 0.0 0.0 55.1163 48.86141 141.96574 3903.0
0.0 2.0 2.0 27.37854 25.35296 87.70962 10.0
0.0 2.0 0.0 55.1163 48.86141 141.96574 10.0
0.0 4.0 4.0 72.01334 108.37411 139.66958 15.0
0.0 4.0 0.0 55.1163 48.86141 141.96574 15.0
0.0 5.0 5.0 36.13583 130.02941 82.20073 1.0
0.0 5.0 0.0 55.1163 48.86141 141.96574 1.0
0.0 16.0 16.0 37.09538 39.07637 124.69116 1468.0
0.0 16.0 0.0 55.1163 48.86141 141.96574 1468.0
0.0 22.0 22.0 25.07598 80.00729 119.44671 579.0
0.0 22.0 0.0 55.1163 48.86141 141.96574 579.0
0.0 24.0 24.0 107.86946 87.19825 149.15572 17.0
0.0 24.0 0.0 55.1163 48.86141 141.96574 17.0
0.0 27.0 27.0 18.72819 45.33213 103.73331 38.0
0.0 27.0 0.0 55.1163 48.86141 141.96574 38.0
0.0 28.0 28.0 84.3124 38.95632 143.15024 1142.0
0.0 28.0 0.0 55.1163 48.86141 141.96574 1142.0
0.0 29.0 29.0 122.66274 20.58339 121.18546 1.0
0.0 29.0 0.0 55.1163 48.86141 141.96574 1.0
0.0 33.0 33.0 97.14045 49.95005 149.2398 270.0
0.0 33.0 0.0 55.1163 48.86141 141.96574 270.0
0.0 36.0 36.0 51.18231 19.48082 119.682 473.0
0.0 36.0 0.0 55.1163 48.86141 141.96574 473.0
0.0 37.0 37.0 80.19061 11.06294 113.81443 85.0
0.0 37.0 0.0 55.1163 48.86141 141.96574 85.0
0.0 38.0 38.0 88.65693 68.42963 152.62044 395.0
0.0 38.0 0.0 55.1163 48.86141 141.96574 395.0
0.0 41.0 41.0 59.82667 126.04371 122.50863 1.0
0.0 41.0 0.0 55.1163 48.86141 141.96574 1.0
0.0 42.0 42.0 56.60692 85.23199 144.94734 921.0
0.0 42.0 0.0 55.1163 48.86141 141.96574 921.0
0.0 44.0 44.0 70.2046 22.73327 131.3506 592.0
0.0 44.0 0.0 55.1163 48.86141 141.96574 592.0
1.0 1.0 1.0 66.23441 89.17817 7.44839 11392.0
1.0 1.0 1.0 66.23441 89.17817 7.44839 11392.0
1.0 5.0 5.0 36.13583 130.02941 82.20073 17.0
1.0 5.0 1.0 66.23441 89.17817 7.44839 17.0
1.0 6.0 6.0 5.47928 84.82435 74.39449 1.0
1.0 6.0 1.0 66.23441 89.17817 7.44839 1.0
1.0 8.0 8.0 108.11403 86.00766 38.65492 1684.0
1.0 8.0 1.0 66.23441 89.17817 7.44839 1684.0
1.0 11.0 11.0 48.51888 14.11205 56.52987 20.0
1.0 11.0 1.0 66.23441 89.17817 7.44839 20.0
1.0 13.0 13.0 21.81567 31.13146 56.4156 1.0
1.0 13.0 1.0 66.23441 89.17817 7.44839 1.0
1.0 14.0 14.0 128.25343 116.0591 40.25316 61.0
1.0 14.0 1.0 66.23441 89.17817 7.44839 61.0
1.0 19.0 19.0 66.39749 15.79388 45.3769 23.0
1.0 19.0 1.0 66.23441 89.17817 7.44839 23.0
1.0 20.0 20.0 85.06952 53.73599 22.29599 2189.0
1.0 20.0 1.0 66.23441 89.17817 7.44839 2189.0
1.0 21.0 21.0 28.29439 78.11598 19.28943 1490.0
1.0 21.0 1.0 66.23441 89.17817 7.44839 1490.0
1.0 30.0 30.0 88.26315 139.93188 62.64162 363.0
1.0 30.0 1.0 66.23441 89.17817 7.44839 363.0
1.0 31.0 31.0 121.49641 38.96622 36.01225 2.0
1.0 31.0 1.0 66.23441 89.17817 7.44839 2.0
1.0 39.0 39.0 21.7691 50.18003 32.82088 269.0
1.0 39.0 1.0 66.23441 89.17817 7.44839 269.0
1.0 40.0 40.0 83.25038 23.53807 42.41063 17.0
1.0 40.0 1.0 66.23441 89.17817 7.44839 17.0
1.0 45.0 45.0 35.0129 116.33837 28.61286 1871.0
1.0 45.0 1.0 66.23441 89.17817 7.44839 1871.0
1.0 46.0 46.0 114.45736 130.24391 52.69062 145.0
1.0 46.0 1.0 66.23441 89.17817 7.44839 145.0
2.0 0.0 0.0 55.1163 48.86141 141.96574 10.0
2.0 0.0 2.0 27.37854 25.35296 87.70962 10.0
2.0 2.0 2.0 27.37854 25.35296 87.70962 6813.0
2.0 2.0 2.0 27.37854 25.35296 87.70962 6813.0
2.0 3.0 3.0 83.1482 3.82657 88.01693 303.0
2.0 3.0 2.0 27.37854 25.35296 87.70962 303.0
2.0 6.0 6.0 5.47928 84.82435 74.39449 448.0
2.0 6.0 2.0 27.37854 25.35296 87.70962 448.0
2.0 10.0 10.0 97.02779 3.91528 61.07377 1.0
2.0 10.0 2.0 27.37854 25.35296 87.70962 1.0
2.0 11.0 11.0 48.51888 14.11205 56.52987 1360.0
2.0 11.0 2.0 27.37854 25.35296 87.70962 1360.0
2.0 13.0 13.0 21.81567 31.13146 56.4156 1393.0
2.0 13.0 2.0 27.37854 25.35296 87.70962 1393.0
2.0 16.0 16.0 37.09538 39.07637 124.69116 727.0
2.0 16.0 2.0 27.37854 25.35296 87.70962 727.0
2.0 19.0 19.0 66.39749 15.79388 45.3769 9.0
2.0 19.0 2.0 27.37854 25.35296 87.70962 9.0
2.0 20.0 20.0 85.06952 53.73599 22.29599 1.0
2.0 20.0 2.0 27.37854 25.35296 87.70962 1.0
2.0 21.0 21.0 28.29439 78.11598 19.28943 1.0
2.0 21.0 2.0 27.37854 25.35296 87.70962 1.0
2.0 22.0 22.0 25.07598 80.00729 119.44671 78.0
2.0 22.0 2.0 27.37854 25.35296 87.70962 78.0
2.0 27.0 27.0 18.72819 45.33213 103.73331 1684.0
2.0 27.0 2.0 27.37854 25.35296 87.70962 1684.0
2.0 28.0 28.0 84.3124 38.95632 143.15024 1.0
2.0 28.0 2.0 27.37854 25.35296 87.70962 1.0
2.0 36.0 36.0 51.18231 19.48082 119.682 552.0
2.0 36.0 2.0 27.37854 25.35296 87.70962 552.0
2.0 37.0 37.0 80.19061 11.06294 113.81443 444.0
2.0 37.0 2.0 27.37854 25.35296 87.70962 444.0
2.0 39.0 39.0 21.7691 50.18003 32.82088 154.0
2.0 39.0 2.0 27.37854 25.35296 87.70962 154.0
2.0 44.0 44.0 70.2046 22.73327 131.3506 30.0
2.0 44.0 2.0 27.37854 25.35296 87.70962 30.0
3.0 2.0 2.0 27.37854 25.35296 87.70962 305.0
3.0 2.0 3.0 83.1482 3.82657 88.01693 305.0
3.0 3.0 3.0 83.1482 3.82657 88.01693 7173.0
3.0 3.0 3.0 83.1482 3.82657 88.01693 7173.0
3.0 7.0 7.0 121.65264 13.43899 56.89788 209.0
3.0 7.0 3.0 83.1482 3.82657 88.01693 209.0
3.0 10.0 10.0 97.02779 3.91528 61.07377 1605.0
3.0 10.0 3.0 83.1482 3.82657 88.01693 1605.0
3.0 11.0 11.0 48.51888 14.11205 56.52987 1084.0
3.0 11.0 3.0 83.1482 3.82657 88.01693 1084.0
3.0 13.0 13.0 21.81567 31.13146 56.4156 7.0
3.0 13.0 3.0 83.1482 3.82657 88.01693 7.0
3.0 15.0 15.0 145.09324 26.56935 64.66191 14.0
3.0 15.0 3.0 83.1482 3.82657 88.01693 14.0
3.0 16.0 16.0 37.09538 39.07637 124.69116 13.0
3.0 16.0 3.0 83.1482 3.82657 88.01693 13.0
3.0 17.0 17.0 122.78734 10.99995 94.57645 1166.0
3.0 17.0 3.0 83.1482 3.82657 88.01693 1166.0
3.0 19.0 19.0 66.39749 15.79388 45.3769 413.0
3.0 19.0 3.0 83.1482 3.82657 88.01693 413.0
3.0 26.0 26.0 132.1141 45.15538 139.12212 1.0
3.0 26.0 3.0 83.1482 3.82657 88.01693 1.0
3.0 27.0 27.0 18.72819 45.33213 103.73331 1.0
3.0 27.0 3.0 83.1482 3.82657 88.01693 1.0
3.0 28.0 28.0 84.3124 38.95632 143.15024 8.0
3.0 28.0 3.0 83.1482 3.82657 88.01693 8.0
3.0 29.0 29.0 122.66274 20.58339 121.18546 238.0
3.0 29.0 3.0 83.1482 3.82657 88.01693 238.0
3.0 31.0 31.0 121.49641 38.96622 36.01225 2.0
3.0 31.0 3.0 83.1482 3.82657 88.01693 2.0
3.0 36.0 36.0 51.18231 19.48082 119.682 140.0
3.0 36.0 3.0 83.1482 3.82657 88.01693 140.0
3.0 37.0 37.0 80.19061 11.06294 113.81443 2608.0
3.0 37.0 3.0 83.1482 3.82657 88.01693 2608.0
3.0 40.0 40.0 83.25038 23.53807 42.41063 142.0
3.0 40.0 3.0 83.1482 3.82657 88.01693 142.0
3.0 44.0 44.0 70.2046 22.73327 131.3506 55.0
3.0 44.0 3.0 83.1482 3.82657 88.01693 55.0
4.0 0.0 0.0 55.1163 48.86141 141.96574 14.0
4.0 0.0 4.0 72.01334 108.37411 139.66958 14.0
4.0 4.0 4.0 72.01334 108.37411 139.66958 6696.0
4.0 4.0 4.0 72.01334 108.37411 139.66958 6696.0
4.0 5.0 5.0 36.13583 130.02941 82.20073 94.0
4.0 5.0 4.0 72.01334 108.37411 139.66958 94.0
4.0 6.0 6.0 5.47928 84.82435 74.39449 2.0
4.0 6.0 4.0 72.01334 108.37411 139.66958 2.0
4.0 9.0 9.0 78.5255 139.96316 102.5285 271.0
4.0 9.0 4.0 72.01334 108.37411 139.66958 271.0
4.0 16.0 16.0 37.09538 39.07637 124.69116 1.0
4.0 16.0 4.0 72.01334 108.37411 139.66958 1.0
4.0 22.0 22.0 25.07598 80.00729 119.44671 486.0
4.0 22.0 4.0 72.01334 108.37411 139.66958 486.0
4.0 24.0 24.0 107.86946 87.19825 149.15572 1512.0
4.0 24.0 4.0 72.01334 108.37411 139.66958 1512.0
4.0 28.0 28.0 84.3124 38.95632 143.15024 5.0
4.0 28.0 4.0 72.01334 108.37411 139.66958 5.0
4.0 33.0 33.0 97.14045 49.95005 149.2398 7.0
4.0 33.0 4.0 72.01334 108.37411 139.66958 7.0
4.0 34.0 34.0 127.76534 111.24295 129.60356 873.0
4.0 34.0 4.0 72.01334 108.37411 139.66958 873.0
4.0 38.0 38.0 88.65693 68.42963 152.62044 223.0
4.0 38.0 4.0 72.01334 108.37411 139.66958 223.0
4.0 41.0 41.0 59.82667 126.04371 122.50863 2717.0
4.0 41.0 4.0 72.01334 108.37411 139.66958 2717.0
4.0 42.0 42.0 56.60692 85.23199 144.94734 2094.0
4.0 42.0 4.0 72.01334 108.37411 139.66958 2094.0
4.0 43.0 43.0 101.71702 137.72869 99.14293 75.0
4.0 43.0 4.0 72.01334 108.37411 139.66958 75.0
4.0 45.0 45.0 35.0129 116.33837 28.61286 1.0
4.0 45.0 4.0 72.01334 108.37411 139.66958 1.0
5.0 1.0 1.0 66.23441 89.17817 7.44839 15.0
5.0 1.0 5.0 36.13583 130.02941 82.20073 15.0
5.0 4.0 4.0 72.01334 108.37411 139.66958 102.0
5.0 4.0 5.0 36.13583 130.02941 82.20073 102.0
5.0 5.0 5.0 36.13583 130.02941 82.20073 21974.0
5.0 5.0 5.0 36.13583 130.02941 82.20073 21974.0
5.0 6.0 6.0 5.47928 84.82435 74.39449 2074.0
5.0 6.0 5.0 36.13583 130.02941 82.20073 2074.0
5.0 8.0 8.0 108.11403 86.00766 38.65492 2.0
5.0 8.0 5.0 36.13583 130.02941 82.20073 2.0
5.0 9.0 9.0 78.5255 139.96316 102.5285 1451.0
5.0 9.0 5.0 36.13583 130.02941 82.20073 1451.0
5.0 21.0 21.0 28.29439 78.11598 19.28943 15.0
5.0 21.0 5.0 36.13583 130.02941 82.20073 15.0
5.0 22.0 22.0 25.07598 80.00729 119.44671 1224.0
5.0 22.0 5.0 36.13583 130.02941 82.20073 1224.0
5.0 30.0 30.0 88.26315 139.93188 62.64162 1749.0
5.0 30.0 5.0 36.13583 130.02941 82.20073 1749.0
5.0 41.0 41.0 59.82667 126.04371 122.50863 2290.0
5.0 41.0 5.0 36.13583 130.02941 82.20073 2290.0
5.0 42.0 42.0 56.60692 85.23199 144.94734 36.0
5.0 42.0 5.0 36.13583 130.02941 82.20073 36.0
5.0 43.0 43.0 101.71702 137.72869 99.14293 75.0
5.0 43.0 5.0 36.13583 130.02941 82.20073 75.0
5.0 45.0 45.0 35.0129 116.33837 28.61286 2001.0
5.0 45.0 5.0 36.13583 130.02941 82.20073 2001.0
5.0 46.0 46.0 114.45736 130.24391 52.69062 11.0
5.0 46.0 5.0 36.13583 130.02941 82.20073 11.0
6.0 2.0 2.0 27.37854 25.35296 87.70962 537.0
6.0 2.0 6.0 5.47928 84.82435 74.39449 537.0
6.0 4.0 4.0 72.01334 108.37411 139.66958 3.0
6.0 4.0 6.0 5.47928 84.82435 74.39449 3.0
6.0 5.0 5.0 36.13583 130.02941 82.20073 2045.0
6.0 5.0 6.0 5.47928 84.82435 74.39449 2045.0
6.0 6.0 6.0 5.47928 84.82435 74.39449 16055.0
6.0 6.0 6.0 5.47928 84.82435 74.39449 16055.0
6.0 13.0 13.0 21.81567 31.13146 56.4156 433.0
6.0 13.0 6.0 5.47928 84.82435 74.39449 433.0
6.0 16.0 16.0 37.09538 39.07637 124.69116 9.0
6.0 16.0 6.0 5.47928 84.82435 74.39449 9.0
6.0 21.0 21.0 28.29439 78.11598 19.28943 679.0
6.0 21.0 6.0 5.47928 84.82435 74.39449 679.0
6.0 22.0 22.0 25.07598 80.00729 119.44671 2114.0
6.0 22.0 6.0 5.47928 84.82435 74.39449 2114.0
6.0 27.0 27.0 18.72819 45.33213 103.73331 855.0
6.0 27.0 6.0 5.47928 84.82435 74.39449 855.0
6.0 39.0 39.0 21.7691 50.18003 32.82088 1329.0
6.0 39.0 6.0 5.47928 84.82435 74.39449 1329.0
6.0 41.0 41.0 59.82667 126.04371 122.50863 21.0
6.0 41.0 6.0 5.47928 84.82435 74.39449 21.0
6.0 45.0 45.0 35.0129 116.33837 28.61286 986.0
6.0 45.0 6.0 5.47928 84.82435 74.39449 986.0
7.0 3.0 3.0 83.1482 3.82657 88.01693 207.0
7.0 3.0 7.0 121.65264 13.43899 56.89788 207.0
7.0 7.0 7.0 121.65264 13.43899 56.89788 4107.0
7.0 7.0 7.0 121.65264 13.43899 56.89788 4107.0
7.0 8.0 8.0 108.11403 86.00766 38.65492 8.0
7.0 8.0 7.0 121.65264 13.43899 56.89788 8.0
7.0 10.0 10.0 97.02779 3.91528 61.07377 1472.0
7.0 10.0 7.0 121.65264 13.43899 56.89788 1472.0
7.0 15.0 15.0 145.09324 26.56935 64.66191 1471.0
7.0 15.0 7.0 121.65264 13.43899 56.89788 1471.0
7.0 17.0 17.0 122.78734 10.99995 94.57645 809.0
7.0 17.0 7.0 121.65264 13.43899 56.89788 809.0
7.0 18.0 18.0 159.23177 24.86418 93.93243 38.0
7.0 18.0 7.0 121.65264 13.43899 56.89788 38.0
7.0 19.0 19.0 66.39749 15.79388 45.3769 16.0
7.0 19.0 7.0 121.65264 13.43899 56.89788 16.0
7.0 20.0 20.0 85.06952 53.73599 22.29599 30.0
7.0 20.0 7.0 121.65264 13.43899 56.89788 30.0
7.0 23.0 23.0 173.47491 43.53337 77.03664 14.0
7.0 23.0 7.0 121.65264 13.43899 56.89788 14.0
7.0 29.0 29.0 122.66274 20.58339 121.18546 13.0
7.0 29.0 7.0 121.65264 13.43899 56.89788 13.0
7.0 31.0 31.0 121.49641 38.96622 36.01225 1554.0
7.0 31.0 7.0 121.65264 13.43899 56.89788 1554.0
7.0 32.0 32.0 156.98686 89.07637 57.98309 1.0
7.0 32.0 7.0 121.65264 13.43899 56.89788 1.0
7.0 37.0 37.0 80.19061 11.06294 113.81443 5.0
7.0 37.0 7.0 121.65264 13.43899 56.89788 5.0
7.0 40.0 40.0 83.25038 23.53807 42.41063 298.0
7.0 40.0 7.0 121.65264 13.43899 56.89788 298.0
8.0 1.0 1.0 66.23441 89.17817 7.44839 1512.0
8.0 1.0 8.0 108.11403 86.00766 38.65492 1512.0
8.0 3.0 3.0 83.1482 3.82657 88.01693 1.0
8.0 3.0 8.0 108.11403 86.00766 38.65492 1.0
8.0 4.0 4.0 72.01334 108.37411 139.66958 1.0
8.0 4.0 8.0 108.11403 86.00766 38.65492 1.0
8.0 5.0 5.0 36.13583 130.02941 82.20073 7.0
8.0 5.0 8.0 108.11403 86.00766 38.65492 7.0
8.0 7.0 7.0 121.65264 13.43899 56.89788 4.0
8.0 7.0 8.0 108.11403 86.00766 38.65492 4.0
8.0 8.0 8.0 108.11403 86.00766 38.65492 28721.0
8.0 8.0 8.0 108.11403 86.00766 38.65492 28721.0
8.0 12.0 12.0 179.81834 86.36833 84.80796 3.0
8.0 12.0 8.0 108.11403 86.00766 38.65492 3.0
8.0 13.0 13.0 21.81567 31.13146 56.4156 1.0
8.0 13.0 8.0 108.11403 86.00766 38.65492 1.0
8.0 14.0 14.0 128.25343 116.0591 40.25316 2666.0
8.0 14.0 8.0 108.11403 86.00766 38.65492 2666.0
8.0 15.0 15.0 145.09324 26.56935 64.66191 44.0
8.0 15.0 8.0 108.11403 86.00766 38.65492 44.0
8.0 20.0 20.0 85.06952 53.73599 22.29599 2994.0
8.0 20.0 8.0 108.11403 86.00766 38.65492 2994.0
8.0 23.0 23.0 173.47491 43.53337 77.03664 7.0
8.0 23.0 8.0 108.11403 86.00766 38.65492 7.0
8.0 24.0 24.0 107.86946 87.19825 149.15572 1.0
8.0 24.0 8.0 108.11403 86.00766 38.65492 1.0
8.0 30.0 30.0 88.26315 139.93188 62.64162 592.0
8.0 30.0 8.0 108.11403 86.00766 38.65492 592.0
8.0 31.0 31.0 121.49641 38.96622 36.01225 1776.0
8.0 31.0 8.0 108.11403 86.00766 38.65492 1776.0
8.0 32.0 32.0 156.98686 89.07637 57.98309 1432.0
8.0 32.0 8.0 108.11403 86.00766 38.65492 1432.0
8.0 35.0 35.0 147.8067 121.13392 95.66698 1.0
8.0 35.0 8.0 108.11403 86.00766 38.65492 1.0
8.0 40.0 40.0 83.25038 23.53807 42.41063 20.0
8.0 40.0 8.0 108.11403 86.00766 38.65492 20.0
8.0 41.0 41.0 59.82667 126.04371 122.50863 1.0
8.0 41.0 8.0 108.11403 86.00766 38.65492 1.0
8.0 43.0 43.0 101.71702 137.72869 99.14293 1.0
8.0 43.0 8.0 108.11403 86.00766 38.65492 1.0
8.0 45.0 45.0 35.0129 116.33837 28.61286 74.0
8.0 45.0 8.0 108.11403 86.00766 38.65492 74.0
8.0 46.0 46.0 114.45736 130.24391 52.69062 1083.0
8.0 46.0 8.0 108.11403 86.00766 38.65492 1083.0
9.0 4.0 4.0 72.01334 108.37411 139.66958 306.0
9.0 4.0 9.0 78.5255 139.96316 102.5285 306.0
9.0 5.0 5.0 36.13583 130.02941 82.20073 1371.0
9.0 5.0 9.0 78.5255 139.96316 102.5285 1371.0
9.0 9.0 9.0 78.5255 139.96316 102.5285 4910.0
9.0 9.0 9.0 78.5255 139.96316 102.5285 4910.0
9.0 22.0 22.0 25.07598 80.00729 119.44671 1.0
9.0 22.0 9.0 78.5255 139.96316 102.5285 1.0
9.0 24.0 24.0 107.86946 87.19825 149.15572 23.0
9.0 24.0 9.0 78.5255 139.96316 102.5285 23.0
9.0 30.0 30.0 88.26315 139.93188 62.64162 1196.0
9.0 30.0 9.0 78.5255 139.96316 102.5285 1196.0
9.0 34.0 34.0 127.76534 111.24295 129.60356 599.0
9.0 34.0 9.0 78.5255 139.96316 102.5285 599.0
9.0 35.0 35.0 147.8067 121.13392 95.66698 20.0
9.0 35.0 9.0 78.5255 139.96316 102.5285 20.0
9.0 41.0 41.0 59.82667 126.04371 122.50863 2152.0
9.0 41.0 9.0 78.5255 139.96316 102.5285 2152.0
9.0 43.0 43.0 101.71702 137.72869 99.14293 2014.0
9.0 43.0 9.0 78.5255 139.96316 102.5285 2014.0
9.0 45.0 45.0 35.0129 116.33837 28.61286 3.0
9.0 45.0 9.0 78.5255 139.96316 102.5285 3.0
9.0 46.0 46.0 114.45736 130.24391 52.69062 1.0
9.0 46.0 9.0 78.5255 139.96316 102.5285 1.0
10.0 2.0 2.0 27.37854 25.35296 87.70962 2.0
10.0 2.0 10.0 97.02779 3.91528 61.07377 2.0
10.0 3.0 3.0 83.1482 3.82657 88.01693 1565.0
10.0 3.0 10.0 97.02779 3.91528 61.07377 1565.0
10.0 7.0 7.0 121.65264 13.43899 56.89788 1456.0
10.0 7.0 10.0 97.02779 3.91528 61.07377 1456.0
10.0 8.0 8.0 108.11403 86.00766 38.65492 1.0
10.0 8.0 10.0 97.02779 3.91528 61.07377 1.0
10.0 10.0 10.0 97.02779 3.91528 61.07377 4215.0
10.0 10.0 10.0 97.02779 3.91528 61.07377 4215.0
10.0 11.0 11.0 48.51888 14.11205 56.52987 191.0
10.0 11.0 10.0 97.02779 3.91528 61.07377 191.0
10.0 15.0 15.0 145.09324 26.56935 64.66191 68.0
10.0 15.0 10.0 97.02779 3.91528 61.07377 68.0
10.0 17.0 17.0 122.78734 10.99995 94.57645 455.0
10.0 17.0 10.0 97.02779 3.91528 61.07377 455.0
10.0 18.0 18.0 159.23177 24.86418 93.93243 2.0
10.0 18.0 10.0 97.02779 3.91528 61.07377 2.0
10.0 19.0 19.0 66.39749 15.79388 45.3769 577.0
10.0 19.0 10.0 97.02779 3.91528 61.07377 577.0
10.0 20.0 20.0 85.06952 53.73599 22.29599 37.0
10.0 20.0 10.0 97.02779 3.91528 61.07377 37.0
10.0 29.0 29.0 122.66274 20.58339 121.18546 7.0
10.0 29.0 10.0 97.02779 3.91528 61.07377 7.0
10.0 31.0 31.0 121.49641 38.96622 36.01225 407.0
10.0 31.0 10.0 97.02779 3.91528 61.07377 407.0
10.0 37.0 37.0 80.19061 11.06294 113.81443 51.0
10.0 37.0 10.0 97.02779 3.91528 61.07377 51.0
10.0 40.0 40.0 83.25038 23.53807 42.41063 1226.0
10.0 40.0 10.0 97.02779 3.91528 61.07377 1226.0
11.0 1.0 1.0 66.23441 89.17817 7.44839 19.0
11.0 1.0 11.0 48.51888 14.11205 56.52987 19.0
11.0 2.0 2.0 27.37854 25.35296 87.70962 1347.0
11.0 2.0 11.0 48.51888 14.11205 56.52987 1347.0
11.0 3.0 3.0 83.1482 3.82657 88.01693 1121.0
11.0 3.0 11.0 48.51888 14.11205 56.52987 1121.0
11.0 6.0 6.0 5.47928 84.82435 74.39449 1.0
11.0 6.0 11.0 48.51888 14.11205 56.52987 1.0
11.0 8.0 8.0 108.11403 86.00766 38.65492 1.0
11.0 8.0 11.0 48.51888 14.11205 56.52987 1.0
11.0 10.0 10.0 97.02779 3.91528 61.07377 195.0
11.0 10.0 11.0 48.51888 14.11205 56.52987 195.0
11.0 11.0 11.0 48.51888 14.11205 56.52987 8328.0
11.0 11.0 11.0 48.51888 14.11205 56.52987 8328.0
11.0 13.0 13.0 21.81567 31.13146 56.4156 1540.0
11.0 13.0 11.0 48.51888 14.11205 56.52987 1540.0
11.0 16.0 16.0 37.09538 39.07637 124.69116 14.0
11.0 16.0 11.0 48.51888 14.11205 56.52987 14.0
11.0 19.0 19.0 66.39749 15.79388 45.3769 2087.0
11.0 19.0 11.0 48.51888 14.11205 56.52987 2087.0
11.0 20.0 20.0 85.06952 53.73599 22.29599 268.0
11.0 20.0 11.0 48.51888 14.11205 56.52987 268.0
11.0 21.0 21.0 28.29439 78.11598 19.28943 31.0
11.0 21.0 11.0 48.51888 14.11205 56.52987 31.0
11.0 27.0 27.0 18.72819 45.33213 103.73331 9.0
11.0 27.0 11.0 48.51888 14.11205 56.52987 9.0
11.0 31.0 31.0 121.49641 38.96622 36.01225 2.0
11.0 31.0 11.0 48.51888 14.11205 56.52987 2.0
11.0 36.0 36.0 51.18231 19.48082 119.682 76.0
11.0 36.0 11.0 48.51888 14.11205 56.52987 76.0
11.0 37.0 37.0 80.19061 11.06294 113.81443 269.0
11.0 37.0 11.0 48.51888 14.11205 56.52987 269.0
11.0 39.0 39.0 21.7691 50.18003 32.82088 876.0
11.0 39.0 11.0 48.51888 14.11205 56.52987 876.0
11.0 40.0 40.0 83.25038 23.53807 42.41063 537.0
11.0 40.0 11.0 48.51888 14.11205 56.52987 537.0
11.0 44.0 44.0 70.2046 22.73327 131.3506 3.0
11.0 44.0 11.0 48.51888 14.11205 56.52987 3.0
12.0 8.0 8.0 108.11403 86.00766 38.65492 1.0
12.0 8.0 12.0 179.81834 86.36833 84.80796 1.0
12.0 12.0 12.0 179.81834 86.36833 84.80796 5884.0
12.0 12.0 12.0 179.81834 86.36833 84.80796 5884.0
12.0 14.0 14.0 128.25343 116.0591 40.25316 3.0
12.0 14.0 12.0 179.81834 86.36833 84.80796 3.0
12.0 15.0 15.0 145.09324 26.56935 64.66191 35.0
12.0 15.0 12.0 179.81834 86.36833 84.80796 35.0
12.0 18.0 18.0 159.23177 24.86418 93.93243 14.0
12.0 18.0 12.0 179.81834 86.36833 84.80796 14.0
12.0 23.0 23.0 173.47491 43.53337 77.03664 566.0
12.0 23.0 12.0 179.81834 86.36833 84.80796 566.0
12.0 25.0 25.0 182.84137 63.99385 100.30644 1140.0
12.0 25.0 12.0 179.81834 86.36833 84.80796 1140.0
12.0 31.0 31.0 121.49641 38.96622 36.01225 10.0
12.0 31.0 12.0 179.81834 86.36833 84.80796 10.0
12.0 32.0 32.0 156.98686 89.07637 57.98309 1762.0
12.0 32.0 12.0 179.81834 86.36833 84.80796 1762.0
12.0 34.0 34.0 127.76534 111.24295 129.60356 87.0
12.0 34.0 12.0 179.81834 86.36833 84.80796 87.0
12.0 35.0 35.0 147.8067 121.13392 95.66698 1224.0
12.0 35.0 12.0 179.81834 86.36833 84.80796 1224.0
12.0 46.0 46.0 114.45736 130.24391 52.69062 5.0
12.0 46.0 12.0 179.81834 86.36833 84.80796 5.0
12.0 47.0 47.0 164.19039 62.73952 126.11522 432.0
12.0 47.0 12.0 179.81834 86.36833 84.80796 432.0
13.0 2.0 2.0 27.37854 25.35296 87.70962 1422.0
13.0 2.0 13.0 21.81567 31.13146 56.4156 1422.0
13.0 3.0 3.0 83.1482 3.82657 88.01693 3.0
13.0 3.0 13.0 21.81567 31.13146 56.4156 3.0
13.0 6.0 6.0 5.47928 84.82435 74.39449 412.0
13.0 6.0 13.0 21.81567 31.13146 56.4156 412.0
13.0 11.0 11.0 48.51888 14.11205 56.52987 1592.0
13.0 11.0 13.0 21.81567 31.13146 56.4156 1592.0
13.0 13.0 13.0 21.81567 31.13146 56.4156 3923.0
13.0 13.0 13.0 21.81567 31.13146 56.4156 3923.0
13.0 19.0 19.0 66.39749 15.79388 45.3769 82.0
13.0 19.0 13.0 21.81567 31.13146 56.4156 82.0
13.0 20.0 20.0 85.06952 53.73599 22.29599 8.0
13.0 20.0 13.0 21.81567 31.13146 56.4156 8.0
13.0 21.0 21.0 28.29439 78.11598 19.28943 8.0
13.0 21.0 13.0 21.81567 31.13146 56.4156 8.0
13.0 22.0 22.0 25.07598 80.00729 119.44671 2.0
13.0 22.0 13.0 21.81567 31.13146 56.4156 2.0
13.0 27.0 27.0 18.72819 45.33213 103.73331 105.0
13.0 27.0 13.0 21.81567 31.13146 56.4156 105.0
13.0 36.0 36.0 51.18231 19.48082 119.682 2.0
13.0 36.0 13.0 21.81567 31.13146 56.4156 2.0
13.0 37.0 37.0 80.19061 11.06294 113.81443 3.0
13.0 37.0 13.0 21.81567 31.13146 56.4156 3.0
13.0 39.0 39.0 21.7691 50.18003 32.82088 1793.0
13.0 39.0 13.0 21.81567 31.13146 56.4156 1793.0
13.0 40.0 40.0 83.25038 23.53807 42.41063 3.0
13.0 40.0 13.0 21.81567 31.13146 56.4156 3.0
14.0 1.0 1.0 66.23441 89.17817 7.44839 49.0
14.0 1.0 14.0 128.25343 116.0591 40.25316 49.0
14.0 8.0 8.0 108.11403 86.00766 38.65492 2716.0
14.0 8.0 14.0 128.25343 116.0591 40.25316 2716.0
14.0 12.0 12.0 179.81834 86.36833 84.80796 10.0
14.0 12.0 14.0 128.25343 116.0591 40.25316 10.0
14.0 14.0 14.0 128.25343 116.0591 40.25316 7219.0
14.0 14.0 14.0 128.25343 116.0591 40.25316 7219.0
14.0 20.0 20.0 85.06952 53.73599 22.29599 9.0
14.0 20.0 14.0 128.25343 116.0591 40.25316 9.0
14.0 30.0 30.0 88.26315 139.93188 62.64162 221.0
14.0 30.0 14.0 128.25343 116.0591 40.25316 221.0
14.0 31.0 31.0 121.49641 38.96622 36.01225 5.0
14.0 31.0 14.0 128.25343 116.0591 40.25316 5.0
14.0 32.0 32.0 156.98686 89.07637 57.98309 1355.0
14.0 32.0 14.0 128.25343 116.0591 40.25316 1355.0
14.0 35.0 35.0 147.8067 121.13392 95.66698 337.0
14.0 35.0 14.0 128.25343 116.0591 40.25316 337.0
14.0 43.0 43.0 101.71702 137.72869 99.14293 2.0
14.0 43.0 14.0 128.25343 116.0591 40.25316 2.0
14.0 46.0 46.0 114.45736 130.24391 52.69062 2895.0
14.0 46.0 14.0 128.25343 116.0591 40.25316 2895.0
15.0 3.0 3.0 83.1482 3.82657 88.01693 20.0
15.0 3.0 15.0 145.09324 26.56935 64.66191 20.0
15.0 7.0 7.0 121.65264 13.43899 56.89788 1518.0
15.0 7.0 15.0 145.09324 26.56935 64.66191 1518.0
15.0 8.0 8.0 108.11403 86.00766 38.65492 75.0
15.0 8.0 15.0 145.09324 26.56935 64.66191 75.0
15.0 10.0 10.0 97.02779 3.91528 61.07377 74.0
15.0 10.0 15.0 145.09324 26.56935 64.66191 74.0
15.0 12.0 12.0 179.81834 86.36833 84.80796 29.0
15.0 12.0 15.0 145.09324 26.56935 64.66191 29.0
15.0 15.0 15.0 145.09324 26.56935 64.66191 5060.0
15.0 15.0 15.0 145.09324 26.56935 64.66191 5060.0
15.0 17.0 17.0 122.78734 10.99995 94.57645 906.0
15.0 17.0 15.0 145.09324 26.56935 64.66191 906.0
15.0 18.0 18.0 159.23177 24.86418 93.93243 994.0
15.0 18.0 15.0 145.09324 26.56935 64.66191 994.0
15.0 23.0 23.0 173.47491 43.53337 77.03664 741.0
15.0 23.0 15.0 145.09324 26.56935 64.66191 741.0
15.0 25.0 25.0 182.84137 63.99385 100.30644 7.0
15.0 25.0 15.0 145.09324 26.56935 64.66191 7.0
15.0 26.0 26.0 132.1141 45.15538 139.12212 7.0
15.0 26.0 15.0 145.09324 26.56935 64.66191 7.0
15.0 29.0 29.0 122.66274 20.58339 121.18546 54.0
15.0 29.0 15.0 145.09324 26.56935 64.66191 54.0
15.0 31.0 31.0 121.49641 38.96622 36.01225 1353.0
15.0 31.0 15.0 145.09324 26.56935 64.66191 1353.0
15.0 32.0 32.0 156.98686 89.07637 57.98309 345.0
15.0 32.0 15.0 145.09324 26.56935 64.66191 345.0
15.0 37.0 37.0 80.19061 11.06294 113.81443 2.0
15.0 37.0 15.0 145.09324 26.56935 64.66191 2.0
15.0 40.0 40.0 83.25038 23.53807 42.41063 4.0
15.0 40.0 15.0 145.09324 26.56935 64.66191 4.0
15.0 47.0 47.0 164.19039 62.73952 126.11522 11.0
15.0 47.0 15.0 145.09324 26.56935 64.66191 11.0
16.0 0.0 0.0 55.1163 48.86141 141.96574 1426.0
16.0 0.0 16.0 37.09538 39.07637 124.69116 1426.0
16.0 2.0 2.0 27.37854 25.35296 87.70962 739.0
16.0 2.0 16.0 37.09538 39.07637 124.69116 739.0
16.0 3.0 3.0 83.1482 3.82657 88.01693 15.0
16.0 3.0 16.0 37.09538 39.07637 124.69116 15.0
16.0 4.0 4.0 72.01334 108.37411 139.66958 2.0
16.0 4.0 16.0 37.09538 39.07637 124.69116 2.0
16.0 6.0 6.0 5.47928 84.82435 74.39449 6.0
16.0 6.0 16.0 37.09538 39.07637 124.69116 6.0
16.0 11.0 11.0 48.51888 14.11205 56.52987 17.0
16.0 11.0 16.0 37.09538 39.07637 124.69116 17.0
16.0 13.0 13.0 21.81567 31.13146 56.4156 1.0
16.0 13.0 16.0 37.09538 39.07637 124.69116 1.0
16.0 16.0 16.0 37.09538 39.07637 124.69116 4327.0
16.0 16.0 16.0 37.09538 39.07637 124.69116 4327.0
16.0 22.0 22.0 25.07598 80.00729 119.44671 1298.0
16.0 22.0 16.0 37.09538 39.07637 124.69116 1298.0
16.0 23.0 23.0 173.47491 43.53337 77.03664 1.0
16.0 23.0 16.0 37.09538 39.07637 124.69116 1.0
16.0 26.0 26.0 132.1141 45.15538 139.12212 1.0
16.0 26.0 16.0 37.09538 39.07637 124.69116 1.0
16.0 27.0 27.0 18.72819 45.33213 103.73331 1160.0
16.0 27.0 16.0 37.09538 39.07637 124.69116 1160.0
16.0 28.0 28.0 84.3124 38.95632 143.15024 44.0
16.0 28.0 16.0 37.09538 39.07637 124.69116 44.0
16.0 33.0 33.0 97.14045 49.95005 149.2398 5.0
16.0 33.0 16.0 37.09538 39.07637 124.69116 5.0
16.0 36.0 36.0 51.18231 19.48082 119.682 1062.0
16.0 36.0 16.0 37.09538 39.07637 124.69116 1062.0
16.0 37.0 37.0 80.19061 11.06294 113.81443 167.0
16.0 37.0 16.0 37.09538 39.07637 124.69116 167.0
16.0 38.0 38.0 88.65693 68.42963 152.62044 13.0
16.0 38.0 16.0 37.09538 39.07637 124.69116 13.0
16.0 42.0 42.0 56.60692 85.23199 144.94734 170.0
16.0 42.0 16.0 37.09538 39.07637 124.69116 170.0
16.0 44.0 44.0 70.2046 22.73327 131.3506 233.0
16.0 44.0 16.0 37.09538 39.07637 124.69116 233.0
17.0 3.0 3.0 83.1482 3.82657 88.01693 1210.0
17.0 3.0 17.0 122.78734 10.99995 94.57645 1210.0
17.0 7.0 7.0 121.65264 13.43899 56.89788 823.0
17.0 7.0 17.0 122.78734 10.99995 94.57645 823.0
17.0 10.0 10.0 97.02779 3.91528 61.07377 468.0
17.0 10.0 17.0 122.78734 10.99995 94.57645 468.0
17.0 15.0 15.0 145.09324 26.56935 64.66191 917.0
17.0 15.0 17.0 122.78734 10.99995 94.57645 917.0
17.0 17.0 17.0 122.78734 10.99995 94.57645 5001.0
17.0 17.0 17.0 122.78734 10.99995 94.57645 5001.0
17.0 18.0 18.0 159.23177 24.86418 93.93243 594.0
17.0 18.0 17.0 122.78734 10.99995 94.57645 594.0
17.0 19.0 19.0 66.39749 15.79388 45.3769 2.0
17.0 19.0 17.0 122.78734 10.99995 94.57645 2.0
17.0 23.0 23.0 173.47491 43.53337 77.03664 9.0
17.0 23.0 17.0 122.78734 10.99995 94.57645 9.0
17.0 26.0 26.0 132.1141 45.15538 139.12212 74.0
17.0 26.0 17.0 122.78734 10.99995 94.57645 74.0
17.0 28.0 28.0 84.3124 38.95632 143.15024 13.0
17.0 28.0 17.0 122.78734 10.99995 94.57645 13.0
17.0 29.0 29.0 122.66274 20.58339 121.18546 1524.0
17.0 29.0 17.0 122.78734 10.99995 94.57645 1524.0
17.0 31.0 31.0 121.49641 38.96622 36.01225 6.0
17.0 31.0 17.0 122.78734 10.99995 94.57645 6.0
17.0 33.0 33.0 97.14045 49.95005 149.2398 2.0
17.0 33.0 17.0 122.78734 10.99995 94.57645 2.0
17.0 37.0 37.0 80.19061 11.06294 113.81443 502.0
17.0 37.0 17.0 122.78734 10.99995 94.57645 502.0
17.0 40.0 40.0 83.25038 23.53807 42.41063 2.0
17.0 40.0 17.0 122.78734 10.99995 94.57645 2.0
17.0 44.0 44.0 70.2046 22.73327 131.3506 4.0
17.0 44.0 17.0 122.78734 10.99995 94.57645 4.0
17.0 45.0 45.0 35.0129 116.33837 28.61286 1.0
17.0 45.0 17.0 122.78734 10.99995 94.57645 1.0
17.0 47.0 47.0 164.19039 62.73952 126.11522 19.0
17.0 47.0 17.0 122.78734 10.99995 94.57645 19.0
18.0 3.0 3.0 83.1482 3.82657 88.01693 1.0
18.0 3.0 18.0 159.23177 24.86418 93.93243 1.0
18.0 7.0 7.0 121.65264 13.43899 56.89788 38.0
18.0 7.0 18.0 159.23177 24.86418 93.93243 38.0
18.0 12.0 12.0 179.81834 86.36833 84.80796 10.0
18.0 12.0 18.0 159.23177 24.86418 93.93243 10.0
18.0 15.0 15.0 145.09324 26.56935 64.66191 1093.0
18.0 15.0 18.0 159.23177 24.86418 93.93243 1093.0
18.0 17.0 17.0 122.78734 10.99995 94.57645 620.0
18.0 17.0 18.0 159.23177 24.86418 93.93243 620.0
18.0 18.0 18.0 159.23177 24.86418 93.93243 3207.0
18.0 18.0 18.0 159.23177 24.86418 93.93243 3207.0
18.0 23.0 23.0 173.47491 43.53337 77.03664 973.0
18.0 23.0 18.0 159.23177 24.86418 93.93243 973.0
18.0 25.0 25.0 182.84137 63.99385 100.30644 108.0
18.0 25.0 18.0 159.23177 24.86418 93.93243 108.0
18.0 26.0 26.0 132.1141 45.15538 139.12212 221.0
18.0 26.0 18.0 159.23177 24.86418 93.93243 221.0
18.0 29.0 29.0 122.66274 20.58339 121.18546 576.0
18.0 29.0 18.0 159.23177 24.86418 93.93243 576.0
18.0 31.0 31.0 121.49641 38.96622 36.01225 9.0
18.0 31.0 18.0 159.23177 24.86418 93.93243 9.0
18.0 32.0 32.0 156.98686 89.07637 57.98309 9.0
18.0 32.0 18.0 159.23177 24.86418 93.93243 9.0
18.0 37.0 37.0 80.19061 11.06294 113.81443 2.0
18.0 37.0 18.0 159.23177 24.86418 93.93243 2.0
18.0 47.0 47.0 164.19039 62.73952 126.11522 650.0
18.0 47.0 18.0 159.23177 24.86418 93.93243 650.0
19.0 1.0 1.0 66.23441 89.17817 7.44839 23.0
19.0 1.0 19.0 66.39749 15.79388 45.3769 23.0
19.0 2.0 2.0 27.37854 25.35296 87.70962 12.0
19.0 2.0 19.0 66.39749 15.79388 45.3769 12.0
19.0 3.0 3.0 83.1482 3.82657 88.01693 455.0
19.0 3.0 19.0 66.39749 15.79388 45.3769 455.0
19.0 7.0 7.0 121.65264 13.43899 56.89788 10.0
19.0 7.0 19.0 66.39749 15.79388 45.3769 10.0
19.0 8.0 8.0 108.11403 86.00766 38.65492 1.0
19.0 8.0 19.0 66.39749 15.79388 45.3769 1.0
19.0 10.0 10.0 97.02779 3.91528 61.07377 567.0
19.0 10.0 19.0 66.39749 15.79388 45.3769 567.0
19.0 11.0 11.0 48.51888 14.11205 56.52987 1932.0
19.0 11.0 19.0 66.39749 15.79388 45.3769 1932.0
19.0 13.0 13.0 21.81567 31.13146 56.4156 66.0
19.0 13.0 19.0 66.39749 15.79388 45.3769 66.0
19.0 17.0 17.0 122.78734 10.99995 94.57645 1.0
19.0 17.0 19.0 66.39749 15.79388 45.3769 1.0
19.0 19.0 19.0 66.39749 15.79388 45.3769 2164.0
19.0 19.0 19.0 66.39749 15.79388 45.3769 2164.0
19.0 20.0 20.0 85.06952 53.73599 22.29599 566.0
19.0 20.0 19.0 66.39749 15.79388 45.3769 566.0
19.0 21.0 21.0 28.29439 78.11598 19.28943 15.0
19.0 21.0 19.0 66.39749 15.79388 45.3769 15.0
19.0 31.0 31.0 121.49641 38.96622 36.01225 33.0
19.0 31.0 19.0 66.39749 15.79388 45.3769 33.0
19.0 37.0 37.0 80.19061 11.06294 113.81443 21.0
19.0 37.0 19.0 66.39749 15.79388 45.3769 21.0
19.0 39.0 39.0 21.7691 50.18003 32.82088 218.0
19.0 39.0 19.0 66.39749 15.79388 45.3769 218.0
19.0 40.0 40.0 83.25038 23.53807 42.41063 1610.0
19.0 40.0 19.0 66.39749 15.79388 45.3769 1610.0
20.0 1.0 1.0 66.23441 89.17817 7.44839 2065.0
20.0 1.0 20.0 85.06952 53.73599 22.29599 2065.0
20.0 7.0 7.0 121.65264 13.43899 56.89788 10.0
20.0 7.0 20.0 85.06952 53.73599 22.29599 10.0
20.0 8.0 8.0 108.11403 86.00766 38.65492 3183.0
20.0 8.0 20.0 85.06952 53.73599 22.29599 3183.0
20.0 10.0 10.0 97.02779 3.91528 61.07377 28.0
20.0 10.0 20.0 85.06952 53.73599 22.29599 28.0
20.0 11.0 11.0 48.51888 14.11205 56.52987 255.0
20.0 11.0 20.0 85.06952 53.73599 22.29599 255.0
20.0 12.0 12.0 179.81834 86.36833 84.80796 1.0
20.0 12.0 20.0 85.06952 53.73599 22.29599 1.0
20.0 13.0 13.0 21.81567 31.13146 56.4156 9.0
20.0 13.0 20.0 85.06952 53.73599 22.29599 9.0
20.0 14.0 14.0 128.25343 116.0591 40.25316 4.0
20.0 14.0 20.0 85.06952 53.73599 22.29599 4.0
20.0 15.0 15.0 145.09324 26.56935 64.66191 1.0
20.0 15.0 20.0 85.06952 53.73599 22.29599 1.0
20.0 19.0 19.0 66.39749 15.79388 45.3769 538.0
20.0 19.0 20.0 85.06952 53.73599 22.29599 538.0
20.0 20.0 20.0 85.06952 53.73599 22.29599 12592.0
20.0 20.0 20.0 85.06952 53.73599 22.29599 12592.0
20.0 21.0 21.0 28.29439 78.11598 19.28943 247.0
20.0 21.0 20.0 85.06952 53.73599 22.29599 247.0
20.0 31.0 31.0 121.49641 38.96622 36.01225 2044.0
20.0 31.0 20.0 85.06952 53.73599 22.29599 2044.0
20.0 32.0 32.0 156.98686 89.07637 57.98309 5.0
20.0 32.0 20.0 85.06952 53.73599 22.29599 5.0
20.0 39.0 39.0 21.7691 50.18003 32.82088 509.0
20.0 39.0 20.0 85.06952 53.73599 22.29599 509.0
20.0 40.0 40.0 83.25038 23.53807 42.41063 1634.0
20.0 40.0 20.0 85.06952 53.73599 22.29599 1634.0
20.0 45.0 45.0 35.0129 116.33837 28.61286 2.0
20.0 45.0 20.0 85.06952 53.73599 22.29599 2.0
21.0 1.0 1.0 66.23441 89.17817 7.44839 1532.0
21.0 1.0 21.0 28.29439 78.11598 19.28943 1532.0
21.0 5.0 5.0 36.13583 130.02941 82.20073 10.0
21.0 5.0 21.0 28.29439 78.11598 19.28943 10.0
21.0 6.0 6.0 5.47928 84.82435 74.39449 620.0
21.0 6.0 21.0 28.29439 78.11598 19.28943 620.0
21.0 8.0 8.0 108.11403 86.00766 38.65492 2.0
21.0 8.0 21.0 28.29439 78.11598 19.28943 2.0
21.0 11.0 11.0 48.51888 14.11205 56.52987 39.0
21.0 11.0 21.0 28.29439 78.11598 19.28943 39.0
21.0 12.0 12.0 179.81834 86.36833 84.80796 1.0
21.0 12.0 21.0 28.29439 78.11598 19.28943 1.0
21.0 13.0 13.0 21.81567 31.13146 56.4156 7.0
21.0 13.0 21.0 28.29439 78.11598 19.28943 7.0
21.0 19.0 19.0 66.39749 15.79388 45.3769 13.0
21.0 19.0 21.0 28.29439 78.11598 19.28943 13.0
21.0 20.0 20.0 85.06952 53.73599 22.29599 261.0
21.0 20.0 21.0 28.29439 78.11598 19.28943 261.0
21.0 21.0 21.0 28.29439 78.11598 19.28943 6508.0
21.0 21.0 21.0 28.29439 78.11598 19.28943 6508.0
21.0 39.0 39.0 21.7691 50.18003 32.82088 2258.0
21.0 39.0 21.0 28.29439 78.11598 19.28943 2258.0
21.0 40.0 40.0 83.25038 23.53807 42.41063 3.0
21.0 40.0 21.0 28.29439 78.11598 19.28943 3.0
21.0 45.0 45.0 35.0129 116.33837 28.61286 1928.0
21.0 45.0 21.0 28.29439 78.11598 19.28943 1928.0
22.0 0.0 0.0 55.1163 48.86141 141.96574 621.0
22.0 0.0 22.0 25.07598 80.00729 119.44671 621.0
22.0 2.0 2.0 27.37854 25.35296 87.70962 79.0
22.0 2.0 22.0 25.07598 80.00729 119.44671 79.0
22.0 4.0 4.0 72.01334 108.37411 139.66958 468.0
22.0 4.0 22.0 25.07598 80.00729 119.44671 468.0
22.0 5.0 5.0 36.13583 130.02941 82.20073 1207.0
22.0 5.0 22.0 25.07598 80.00729 119.44671 1207.0
22.0 6.0 6.0 5.47928 84.82435 74.39449 1924.0
22.0 6.0 22.0 25.07598 80.00729 119.44671 1924.0
22.0 8.0 8.0 108.11403 86.00766 38.65492 1.0
22.0 8.0 22.0 25.07598 80.00729 119.44671 1.0
22.0 13.0 13.0 21.81567 31.13146 56.4156 5.0
22.0 13.0 22.0 25.07598 80.00729 119.44671 5.0
22.0 16.0 16.0 37.09538 39.07637 124.69116 1206.0
22.0 16.0 22.0 25.07598 80.00729 119.44671 1206.0
22.0 22.0 22.0 25.07598 80.00729 119.44671 14033.0
22.0 22.0 22.0 25.07598 80.00729 119.44671 14033.0
22.0 27.0 27.0 18.72819 45.33213 103.73331 1364.0
22.0 27.0 22.0 25.07598 80.00729 119.44671 1364.0
22.0 28.0 28.0 84.3124 38.95632 143.15024 16.0
22.0 28.0 22.0 25.07598 80.00729 119.44671 16.0
22.0 33.0 33.0 97.14045 49.95005 149.2398 2.0
22.0 33.0 22.0 25.07598 80.00729 119.44671 2.0
22.0 36.0 36.0 51.18231 19.48082 119.682 16.0
22.0 36.0 22.0 25.07598 80.00729 119.44671 16.0
22.0 37.0 37.0 80.19061 11.06294 113.81443 1.0
22.0 37.0 22.0 25.07598 80.00729 119.44671 1.0
22.0 38.0 38.0 88.65693 68.42963 152.62044 29.0
22.0 38.0 22.0 25.07598 80.00729 119.44671 29.0
22.0 41.0 41.0 59.82667 126.04371 122.50863 699.0
22.0 41.0 22.0 25.07598 80.00729 119.44671 699.0
22.0 42.0 42.0 56.60692 85.23199 144.94734 1706.0
22.0 42.0 22.0 25.07598 80.00729 119.44671 1706.0
22.0 43.0 43.0 101.71702 137.72869 99.14293 1.0
22.0 43.0 22.0 25.07598 80.00729 119.44671 1.0
22.0 44.0 44.0 70.2046 22.73327 131.3506 2.0
22.0 44.0 22.0 25.07598 80.00729 119.44671 2.0
23.0 7.0 7.0 121.65264 13.43899 56.89788 13.0
23.0 7.0 23.0 173.47491 43.53337 77.03664 13.0
23.0 8.0 8.0 108.11403 86.00766 38.65492 5.0
23.0 8.0 23.0 173.47491 43.53337 77.03664 5.0
23.0 12.0 12.0 179.81834 86.36833 84.80796 582.0
23.0 12.0 23.0 173.47491 43.53337 77.03664 582.0
23.0 15.0 15.0 145.09324 26.56935 64.66191 784.0
23.0 15.0 23.0 173.47491 43.53337 77.03664 784.0
23.0 17.0 17.0 122.78734 10.99995 94.57645 8.0
23.0 17.0 23.0 173.47491 43.53337 77.03664 8.0
23.0 18.0 18.0 159.23177 24.86418 93.93243 1032.0
23.0 18.0 23.0 173.47491 43.53337 77.03664 1032.0
23.0 23.0 23.0 173.47491 43.53337 77.03664 3300.0
23.0 23.0 23.0 173.47491 43.53337 77.03664 3300.0
23.0 25.0 25.0 182.84137 63.99385 100.30644 761.0
23.0 25.0 23.0 173.47491 43.53337 77.03664 761.0
23.0 26.0 26.0 132.1141 45.15538 139.12212 11.0
23.0 26.0 23.0 173.47491 43.53337 77.03664 11.0
23.0 29.0 29.0 122.66274 20.58339 121.18546 9.0
23.0 29.0 23.0 173.47491 43.53337 77.03664 9.0
23.0 31.0 31.0 121.49641 38.96622 36.01225 124.0
23.0 31.0 23.0 173.47491 43.53337 77.03664 124.0
23.0 32.0 32.0 156.98686 89.07637 57.98309 525.0
23.0 32.0 23.0 173.47491 43.53337 77.03664 525.0
23.0 37.0 37.0 80.19061 11.06294 113.81443 1.0
23.0 37.0 23.0 173.47491 43.53337 77.03664 1.0
23.0 47.0 47.0 164.19039 62.73952 126.11522 334.0
23.0 47.0 23.0 173.47491 43.53337 77.03664 334.0
24.0 0.0 0.0 55.1163 48.86141 141.96574 8.0
24.0 0.0 24.0 107.86946 87.19825 149.15572 8.0
24.0 4.0 4.0 72.01334 108.37411 139.66958 1537.0
24.0 4.0 24.0 107.86946 87.19825 149.15572 1537.0
24.0 9.0 9.0 78.5255 139.96316 102.5285 19.0
24.0 9.0 24.0 107.86946 87.19825 149.15572 19.0
24.0 24.0 24.0 107.86946 87.19825 149.15572 8974.0
24.0 24.0 24.0 107.86946 87.19825 149.15572 8974.0
24.0 26.0 26.0 132.1141 45.15538 139.12212 896.0
24.0 26.0 24.0 107.86946 87.19825 149.15572 896.0
24.0 28.0 28.0 84.3124 38.95632 143.15024 39.0
24.0 28.0 24.0 107.86946 87.19825 149.15572 39.0
24.0 30.0 30.0 88.26315 139.93188 62.64162 1.0
24.0 30.0 24.0 107.86946 87.19825 149.15572 1.0
24.0 33.0 33.0 97.14045 49.95005 149.2398 481.0
24.0 33.0 24.0 107.86946 87.19825 149.15572 481.0
24.0 34.0 34.0 127.76534 111.24295 129.60356 2583.0
24.0 34.0 24.0 107.86946 87.19825 149.15572 2583.0
24.0 35.0 35.0 147.8067 121.13392 95.66698 5.0
24.0 35.0 24.0 107.86946 87.19825 149.15572 5.0
24.0 38.0 38.0 88.65693 68.42963 152.62044 1946.0
24.0 38.0 24.0 107.86946 87.19825 149.15572 1946.0
24.0 41.0 41.0 59.82667 126.04371 122.50863 81.0
24.0 41.0 24.0 107.86946 87.19825 149.15572 81.0
24.0 42.0 42.0 56.60692 85.23199 144.94734 529.0
24.0 42.0 24.0 107.86946 87.19825 149.15572 529.0
24.0 43.0 43.0 101.71702 137.72869 99.14293 8.0
24.0 43.0 24.0 107.86946 87.19825 149.15572 8.0
24.0 44.0 44.0 70.2046 22.73327 131.3506 2.0
24.0 44.0 24.0 107.86946 87.19825 149.15572 2.0
24.0 47.0 47.0 164.19039 62.73952 126.11522 197.0
24.0 47.0 24.0 107.86946 87.19825 149.15572 197.0
25.0 7.0 7.0 121.65264 13.43899 56.89788 1.0
25.0 7.0 25.0 182.84137 63.99385 100.30644 1.0
25.0 12.0 12.0 179.81834 86.36833 84.80796 1205.0
25.0 12.0 25.0 182.84137 63.99385 100.30644 1205.0
25.0 15.0 15.0 145.09324 26.56935 64.66191 7.0
25.0 15.0 25.0 182.84137 63.99385 100.30644 7.0
25.0 18.0 18.0 159.23177 24.86418 93.93243 124.0
25.0 18.0 25.0 182.84137 63.99385 100.30644 124.0
25.0 23.0 23.0 173.47491 43.53337 77.03664 738.0
25.0 23.0 25.0 182.84137 63.99385 100.30644 738.0
25.0 25.0 25.0 182.84137 63.99385 100.30644 2221.0
25.0 25.0 25.0 182.84137 63.99385 100.30644 2221.0
25.0 26.0 26.0 132.1141 45.15538 139.12212 6.0
25.0 26.0 25.0 182.84137 63.99385 100.30644 6.0
25.0 29.0 29.0 122.66274 20.58339 121.18546 1.0
25.0 29.0 25.0 182.84137 63.99385 100.30644 1.0
25.0 32.0 32.0 156.98686 89.07637 57.98309 40.0
25.0 32.0 25.0 182.84137 63.99385 100.30644 40.0
25.0 34.0 34.0 127.76534 111.24295 129.60356 27.0
25.0 34.0 25.0 182.84137 63.99385 100.30644 27.0
25.0 35.0 35.0 147.8067 121.13392 95.66698 81.0
25.0 35.0 25.0 182.84137 63.99385 100.30644 81.0
25.0 46.0 46.0 114.45736 130.24391 52.69062 1.0
25.0 46.0 25.0 182.84137 63.99385 100.30644 1.0
25.0 47.0 47.0 164.19039 62.73952 126.11522 1227.0
25.0 47.0 25.0 182.84137 63.99385 100.30644 1227.0
26.0 0.0 0.0 55.1163 48.86141 141.96574 1.0
26.0 0.0 26.0 132.1141 45.15538 139.12212 1.0
26.0 3.0 3.0 83.1482 3.82657 88.01693 3.0
26.0 3.0 26.0 132.1141 45.15538 139.12212 3.0
26.0 15.0 15.0 145.09324 26.56935 64.66191 1.0
26.0 15.0 26.0 132.1141 45.15538 139.12212 1.0
26.0 17.0 17.0 122.78734 10.99995 94.57645 93.0
26.0 17.0 26.0 132.1141 45.15538 139.12212 93.0
26.0 18.0 18.0 159.23177 24.86418 93.93243 217.0
26.0 18.0 26.0 132.1141 45.15538 139.12212 217.0
26.0 23.0 23.0 173.47491 43.53337 77.03664 3.0
26.0 23.0 26.0 132.1141 45.15538 139.12212 3.0
26.0 24.0 24.0 107.86946 87.19825 149.15572 998.0
26.0 24.0 26.0 132.1141 45.15538 139.12212 998.0
26.0 25.0 25.0 182.84137 63.99385 100.30644 4.0
26.0 25.0 26.0 132.1141 45.15538 139.12212 4.0
26.0 26.0 26.0 132.1141 45.15538 139.12212 8107.0
26.0 26.0 26.0 132.1141 45.15538 139.12212 8107.0
26.0 28.0 28.0 84.3124 38.95632 143.15024 455.0
26.0 28.0 26.0 132.1141 45.15538 139.12212 455.0
26.0 29.0 29.0 122.66274 20.58339 121.18546 1846.0
26.0 29.0 26.0 132.1141 45.15538 139.12212 1846.0
26.0 33.0 33.0 97.14045 49.95005 149.2398 1084.0
26.0 33.0 26.0 132.1141 45.15538 139.12212 1084.0
26.0 34.0 34.0 127.76534 111.24295 129.60356 281.0
26.0 34.0 26.0 132.1141 45.15538 139.12212 281.0
26.0 35.0 35.0 147.8067 121.13392 95.66698 1.0
26.0 35.0 26.0 132.1141 45.15538 139.12212 1.0
26.0 37.0 37.0 80.19061 11.06294 113.81443 109.0
26.0 37.0 26.0 132.1141 45.15538 139.12212 109.0
26.0 38.0 38.0 88.65693 68.42963 152.62044 402.0
26.0 38.0 26.0 132.1141 45.15538 139.12212 402.0
26.0 44.0 44.0 70.2046 22.73327 131.3506 12.0
26.0 44.0 26.0 132.1141 45.15538 139.12212 12.0
26.0 47.0 47.0 164.19039 62.73952 126.11522 1695.0
26.0 47.0 26.0 132.1141 45.15538 139.12212 1695.0
27.0 0.0 0.0 55.1163 48.86141 141.96574 41.0
27.0 0.0 27.0 18.72819 45.33213 103.73331 41.0
27.0 2.0 2.0 27.37854 25.35296 87.70962 1632.0
27.0 2.0 27.0 18.72819 45.33213 103.73331 1632.0
27.0 3.0 3.0 83.1482 3.82657 88.01693 1.0
27.0 3.0 27.0 18.72819 45.33213 103.73331 1.0
27.0 5.0 5.0 36.13583 130.02941 82.20073 1.0
27.0 5.0 27.0 18.72819 45.33213 103.73331 1.0
27.0 6.0 6.0 5.47928 84.82435 74.39449 800.0
27.0 6.0 27.0 18.72819 45.33213 103.73331 800.0
27.0 11.0 11.0 48.51888 14.11205 56.52987 20.0
27.0 11.0 27.0 18.72819 45.33213 103.73331 20.0
27.0 13.0 13.0 21.81567 31.13146 56.4156 137.0
27.0 13.0 27.0 18.72819 45.33213 103.73331 137.0
27.0 16.0 16.0 37.09538 39.07637 124.69116 1320.0
27.0 16.0 27.0 18.72819 45.33213 103.73331 1320.0
27.0 22.0 22.0 25.07598 80.00729 119.44671 1357.0
27.0 22.0 27.0 18.72819 45.33213 103.73331 1357.0
27.0 27.0 27.0 18.72819 45.33213 103.73331 3374.0
27.0 27.0 27.0 18.72819 45.33213 103.73331 3374.0
27.0 36.0 36.0 51.18231 19.48082 119.682 83.0
27.0 36.0 27.0 18.72819 45.33213 103.73331 83.0
27.0 37.0 37.0 80.19061 11.06294 113.81443 7.0
27.0 37.0 27.0 18.72819 45.33213 103.73331 7.0
27.0 39.0 39.0 21.7691 50.18003 32.82088 26.0
27.0 39.0 27.0 18.72819 45.33213 103.73331 26.0
27.0 42.0 42.0 56.60692 85.23199 144.94734 3.0
27.0 42.0 27.0 18.72819 45.33213 103.73331 3.0
27.0 44.0 44.0 70.2046 22.73327 131.3506 7.0
27.0 44.0 27.0 18.72819 45.33213 103.73331 7.0
28.0 0.0 0.0 55.1163 48.86141 141.96574 1126.0
28.0 0.0 28.0 84.3124 38.95632 143.15024 1126.0
28.0 3.0 3.0 83.1482 3.82657 88.01693 6.0
28.0 3.0 28.0 84.3124 38.95632 143.15024 6.0
28.0 4.0 4.0 72.01334 108.37411 139.66958 5.0
28.0 4.0 28.0 84.3124 38.95632 143.15024 5.0
28.0 5.0 5.0 36.13583 130.02941 82.20073 1.0
28.0 5.0 28.0 84.3124 38.95632 143.15024 1.0
28.0 16.0 16.0 37.09538 39.07637 124.69116 44.0
28.0 16.0 28.0 84.3124 38.95632 143.15024 44.0
28.0 17.0 17.0 122.78734 10.99995 94.57645 10.0
28.0 17.0 28.0 84.3124 38.95632 143.15024 10.0
28.0 22.0 22.0 25.07598 80.00729 119.44671 15.0
28.0 22.0 28.0 84.3124 38.95632 143.15024 15.0
28.0 24.0 24.0 107.86946 87.19825 149.15572 35.0
28.0 24.0 28.0 84.3124 38.95632 143.15024 35.0
28.0 26.0 26.0 132.1141 45.15538 139.12212 396.0
28.0 26.0 28.0 84.3124 38.95632 143.15024 396.0
28.0 28.0 28.0 84.3124 38.95632 143.15024 3164.0
28.0 28.0 28.0 84.3124 38.95632 143.15024 3164.0
28.0 29.0 29.0 122.66274 20.58339 121.18546 483.0
28.0 29.0 28.0 84.3124 38.95632 143.15024 483.0
28.0 33.0 33.0 97.14045 49.95005 149.2398 1640.0
28.0 33.0 28.0 84.3124 38.95632 143.15024 1640.0
28.0 36.0 36.0 51.18231 19.48082 119.682 75.0
28.0 36.0 28.0 84.3124 38.95632 143.15024 75.0
28.0 37.0 37.0 80.19061 11.06294 113.81443 708.0
28.0 37.0 28.0 84.3124 38.95632 143.15024 708.0
28.0 38.0 38.0 88.65693 68.42963 152.62044 595.0
28.0 38.0 28.0 84.3124 38.95632 143.15024 595.0
28.0 42.0 42.0 56.60692 85.23199 144.94734 178.0
28.0 42.0 28.0 84.3124 38.95632 143.15024 178.0
28.0 44.0 44.0 70.2046 22.73327 131.3506 941.0
28.0 44.0 28.0 84.3124 38.95632 143.15024 941.0
29.0 0.0 0.0 55.1163 48.86141 141.96574 2.0
29.0 0.0 29.0 122.66274 20.58339 121.18546 2.0
29.0 3.0 3.0 83.1482 3.82657 88.01693 223.0
29.0 3.0 29.0 122.66274 20.58339 121.18546 223.0
29.0 7.0 7.0 121.65264 13.43899 56.89788 11.0
29.0 7.0 29.0 122.66274 20.58339 121.18546 11.0
29.0 10.0 10.0 97.02779 3.91528 61.07377 3.0
29.0 10.0 29.0 122.66274 20.58339 121.18546 3.0
29.0 15.0 15.0 145.09324 26.56935 64.66191 57.0
29.0 15.0 29.0 122.66274 20.58339 121.18546 57.0
29.0 17.0 17.0 122.78734 10.99995 94.57645 1633.0
29.0 17.0 29.0 122.66274 20.58339 121.18546 1633.0
29.0 18.0 18.0 159.23177 24.86418 93.93243 508.0
29.0 18.0 29.0 122.66274 20.58339 121.18546 508.0
29.0 23.0 23.0 173.47491 43.53337 77.03664 14.0
29.0 23.0 29.0 122.66274 20.58339 121.18546 14.0
29.0 25.0 25.0 182.84137 63.99385 100.30644 1.0
29.0 25.0 29.0 122.66274 20.58339 121.18546 1.0
29.0 26.0 26.0 132.1141 45.15538 139.12212 1838.0
29.0 26.0 29.0 122.66274 20.58339 121.18546 1838.0
29.0 28.0 28.0 84.3124 38.95632 143.15024 454.0
29.0 28.0 29.0 122.66274 20.58339 121.18546 454.0
29.0 29.0 29.0 122.66274 20.58339 121.18546 4756.0
29.0 29.0 29.0 122.66274 20.58339 121.18546 4756.0
29.0 33.0 33.0 97.14045 49.95005 149.2398 193.0
29.0 33.0 29.0 122.66274 20.58339 121.18546 193.0
29.0 37.0 37.0 80.19061 11.06294 113.81443 1175.0
29.0 37.0 29.0 122.66274 20.58339 121.18546 1175.0
29.0 38.0 38.0 88.65693 68.42963 152.62044 4.0
29.0 38.0 29.0 122.66274 20.58339 121.18546 4.0
29.0 44.0 44.0 70.2046 22.73327 131.3506 84.0
29.0 44.0 29.0 122.66274 20.58339 121.18546 84.0
29.0 46.0 46.0 114.45736 130.24391 52.69062 1.0
29.0 46.0 29.0 122.66274 20.58339 121.18546 1.0
29.0 47.0 47.0 164.19039 62.73952 126.11522 230.0
29.0 47.0 29.0 122.66274 20.58339 121.18546 230.0
30.0 1.0 1.0 66.23441 89.17817 7.44839 319.0
30.0 1.0 30.0 88.26315 139.93188 62.64162 319.0
30.0 5.0 5.0 36.13583 130.02941 82.20073 1703.0
30.0 5.0 30.0 88.26315 139.93188 62.64162 1703.0
30.0 8.0 8.0 108.11403 86.00766 38.65492 595.0
30.0 8.0 30.0 88.26315 139.93188 62.64162 595.0
30.0 9.0 9.0 78.5255 139.96316 102.5285 1146.0
30.0 9.0 30.0 88.26315 139.93188 62.64162 1146.0
30.0 14.0 14.0 128.25343 116.0591 40.25316 226.0
30.0 14.0 30.0 88.26315 139.93188 62.64162 226.0
30.0 23.0 23.0 173.47491 43.53337 77.03664 1.0
30.0 23.0 30.0 88.26315 139.93188 62.64162 1.0
30.0 30.0 30.0 88.26315 139.93188 62.64162 14992.0
30.0 30.0 30.0 88.26315 139.93188 62.64162 14992.0
30.0 32.0 32.0 156.98686 89.07637 57.98309 1.0
30.0 32.0 30.0 88.26315 139.93188 62.64162 1.0
30.0 34.0 34.0 127.76534 111.24295 129.60356 75.0
30.0 34.0 30.0 88.26315 139.93188 62.64162 75.0
30.0 35.0 35.0 147.8067 121.13392 95.66698 730.0
30.0 35.0 30.0 88.26315 139.93188 62.64162 730.0
30.0 41.0 41.0 59.82667 126.04371 122.50863 21.0
30.0 41.0 30.0 88.26315 139.93188 62.64162 21.0
30.0 43.0 43.0 101.71702 137.72869 99.14293 2239.0
30.0 43.0 30.0 88.26315 139.93188 62.64162 2239.0
30.0 45.0 45.0 35.0129 116.33837 28.61286 768.0
30.0 45.0 30.0 88.26315 139.93188 62.64162 768.0
30.0 46.0 46.0 114.45736 130.24391 52.69062 3374.0
30.0 46.0 30.0 88.26315 139.93188 62.64162 3374.0
31.0 1.0 1.0 66.23441 89.17817 7.44839 1.0
31.0 1.0 31.0 121.49641 38.96622 36.01225 1.0
31.0 3.0 3.0 83.1482 3.82657 88.01693 1.0
31.0 3.0 31.0 121.49641 38.96622 36.01225 1.0
31.0 7.0 7.0 121.65264 13.43899 56.89788 1621.0
31.0 7.0 31.0 121.49641 38.96622 36.01225 1621.0
31.0 8.0 8.0 108.11403 86.00766 38.65492 1969.0
31.0 8.0 31.0 121.49641 38.96622 36.01225 1969.0
31.0 10.0 10.0 97.02779 3.91528 61.07377 393.0
31.0 10.0 31.0 121.49641 38.96622 36.01225 393.0
31.0 11.0 11.0 48.51888 14.11205 56.52987 3.0
31.0 11.0 31.0 121.49641 38.96622 36.01225 3.0
31.0 12.0 12.0 179.81834 86.36833 84.80796 7.0
31.0 12.0 31.0 121.49641 38.96622 36.01225 7.0
31.0 14.0 14.0 128.25343 116.0591 40.25316 4.0
31.0 14.0 31.0 121.49641 38.96622 36.01225 4.0
31.0 15.0 15.0 145.09324 26.56935 64.66191 1349.0
31.0 15.0 31.0 121.49641 38.96622 36.01225 1349.0
31.0 17.0 17.0 122.78734 10.99995 94.57645 5.0
31.0 17.0 31.0 121.49641 38.96622 36.01225 5.0
31.0 18.0 18.0 159.23177 24.86418 93.93243 9.0
31.0 18.0 31.0 121.49641 38.96622 36.01225 9.0
31.0 19.0 19.0 66.39749 15.79388 45.3769 26.0
31.0 19.0 31.0 121.49641 38.96622 36.01225 26.0
31.0 20.0 20.0 85.06952 53.73599 22.29599 2157.0
31.0 20.0 31.0 121.49641 38.96622 36.01225 2157.0
31.0 23.0 23.0 173.47491 43.53337 77.03664 120.0
31.0 23.0 31.0 121.49641 38.96622 36.01225 120.0
31.0 31.0 31.0 121.49641 38.96622 36.01225 11858.0
31.0 31.0 31.0 121.49641 38.96622 36.01225 11858.0
31.0 32.0 32.0 156.98686 89.07637 57.98309 534.0
31.0 32.0 31.0 121.49641 38.96622 36.01225 534.0
31.0 40.0 40.0 83.25038 23.53807 42.41063 1063.0
31.0 40.0 31.0 121.49641 38.96622 36.01225 1063.0
31.0 45.0 45.0 35.0129 116.33837 28.61286 1.0
31.0 45.0 31.0 121.49641 38.96622 36.01225 1.0
32.0 7.0 7.0 121.65264 13.43899 56.89788 5.0
32.0 7.0 32.0 156.98686 89.07637 57.98309 5.0
32.0 8.0 8.0 108.11403 86.00766 38.65492 1615.0
32.0 8.0 32.0 156.98686 89.07637 57.98309 1615.0
32.0 12.0 12.0 179.81834 86.36833 84.80796 1662.0
32.0 12.0 32.0 156.98686 89.07637 57.98309 1662.0
32.0 14.0 14.0 128.25343 116.0591 40.25316 1486.0
32.0 14.0 32.0 156.98686 89.07637 57.98309 1486.0
32.0 15.0 15.0 145.09324 26.56935 64.66191 368.0
32.0 15.0 32.0 156.98686 89.07637 57.98309 368.0
32.0 18.0 18.0 159.23177 24.86418 93.93243 6.0
32.0 18.0 32.0 156.98686 89.07637 57.98309 6.0
32.0 20.0 20.0 85.06952 53.73599 22.29599 11.0
32.0 20.0 32.0 156.98686 89.07637 57.98309 11.0
32.0 23.0 23.0 173.47491 43.53337 77.03664 446.0
32.0 23.0 32.0 156.98686 89.07637 57.98309 446.0
32.0 25.0 25.0 182.84137 63.99385 100.30644 51.0
32.0 25.0 32.0 156.98686 89.07637 57.98309 51.0
32.0 30.0 30.0 88.26315 139.93188 62.64162 4.0
32.0 30.0 32.0 156.98686 89.07637 57.98309 4.0
32.0 31.0 31.0 121.49641 38.96622 36.01225 576.0
32.0 31.0 32.0 156.98686 89.07637 57.98309 576.0
32.0 32.0 32.0 156.98686 89.07637 57.98309 9235.0
32.0 32.0 32.0 156.98686 89.07637 57.98309 9235.0
32.0 35.0 35.0 147.8067 121.13392 95.66698 916.0
32.0 35.0 32.0 156.98686 89.07637 57.98309 916.0
32.0 46.0 46.0 114.45736 130.24391 52.69062 305.0
32.0 46.0 32.0 156.98686 89.07637 57.98309 305.0
32.0 47.0 47.0 164.19039 62.73952 126.11522 1.0
32.0 47.0 32.0 156.98686 89.07637 57.98309 1.0
33.0 0.0 0.0 55.1163 48.86141 141.96574 236.0
33.0 0.0 33.0 97.14045 49.95005 149.2398 236.0
33.0 4.0 4.0 72.01334 108.37411 139.66958 6.0
33.0 4.0 33.0 97.14045 49.95005 149.2398 6.0
33.0 16.0 16.0 37.09538 39.07637 124.69116 4.0
33.0 16.0 33.0 97.14045 49.95005 149.2398 4.0
33.0 17.0 17.0 122.78734 10.99995 94.57645 2.0
33.0 17.0 33.0 97.14045 49.95005 149.2398 2.0
33.0 18.0 18.0 159.23177 24.86418 93.93243 1.0
33.0 18.0 33.0 97.14045 49.95005 149.2398 1.0
33.0 22.0 22.0 25.07598 80.00729 119.44671 1.0
33.0 22.0 33.0 97.14045 49.95005 149.2398 1.0
33.0 24.0 24.0 107.86946 87.19825 149.15572 504.0
33.0 24.0 33.0 97.14045 49.95005 149.2398 504.0
33.0 26.0 26.0 132.1141 45.15538 139.12212 1067.0
33.0 26.0 33.0 97.14045 49.95005 149.2398 1067.0
33.0 28.0 28.0 84.3124 38.95632 143.15024 1610.0
33.0 28.0 33.0 97.14045 49.95005 149.2398 1610.0
33.0 29.0 29.0 122.66274 20.58339 121.18546 198.0
33.0 29.0 33.0 97.14045 49.95005 149.2398 198.0
33.0 33.0 33.0 97.14045 49.95005 149.2398 2669.0
33.0 33.0 33.0 97.14045 49.95005 149.2398 2669.0
33.0 34.0 34.0 127.76534 111.24295 129.60356 2.0
33.0 34.0 33.0 97.14045 49.95005 149.2398 2.0
33.0 36.0 36.0 51.18231 19.48082 119.682 1.0
33.0 36.0 33.0 97.14045 49.95005 149.2398 1.0
33.0 37.0 37.0 80.19061 11.06294 113.81443 93.0
33.0 37.0 33.0 97.14045 49.95005 149.2398 93.0
33.0 38.0 38.0 88.65693 68.42963 152.62044 1576.0
33.0 38.0 33.0 97.14045 49.95005 149.2398 1576.0
33.0 42.0 42.0 56.60692 85.23199 144.94734 134.0
33.0 42.0 33.0 97.14045 49.95005 149.2398 134.0
33.0 44.0 44.0 70.2046 22.73327 131.3506 115.0
33.0 44.0 33.0 97.14045 49.95005 149.2398 115.0
33.0 47.0 47.0 164.19039 62.73952 126.11522 4.0
33.0 47.0 33.0 97.14045 49.95005 149.2398 4.0
34.0 4.0 4.0 72.01334 108.37411 139.66958 913.0
34.0 4.0 34.0 127.76534 111.24295 129.60356 913.0
34.0 5.0 5.0 36.13583 130.02941 82.20073 1.0
34.0 5.0 34.0 127.76534 111.24295 129.60356 1.0
34.0 9.0 9.0 78.5255 139.96316 102.5285 607.0
34.0 9.0 34.0 127.76534 111.24295 129.60356 607.0
34.0 12.0 12.0 179.81834 86.36833 84.80796 84.0
34.0 12.0 34.0 127.76534 111.24295 129.60356 84.0
34.0 14.0 14.0 128.25343 116.0591 40.25316 2.0
34.0 14.0 34.0 127.76534 111.24295 129.60356 2.0
34.0 24.0 24.0 107.86946 87.19825 149.15572 2613.0
34.0 24.0 34.0 127.76534 111.24295 129.60356 2613.0
34.0 25.0 25.0 182.84137 63.99385 100.30644 22.0
34.0 25.0 34.0 127.76534 111.24295 129.60356 22.0
34.0 26.0 26.0 132.1141 45.15538 139.12212 301.0
34.0 26.0 34.0 127.76534 111.24295 129.60356 301.0
34.0 30.0 30.0 88.26315 139.93188 62.64162 88.0
34.0 30.0 34.0 127.76534 111.24295 129.60356 88.0
34.0 32.0 32.0 156.98686 89.07637 57.98309 5.0
34.0 32.0 34.0 127.76534 111.24295 129.60356 5.0
34.0 33.0 33.0 97.14045 49.95005 149.2398 8.0
34.0 33.0 34.0 127.76534 111.24295 129.60356 8.0
34.0 34.0 34.0 127.76534 111.24295 129.60356 17069.0
34.0 34.0 34.0 127.76534 111.24295 129.60356 17069.0
34.0 35.0 35.0 147.8067 121.13392 95.66698 2598.0
34.0 35.0 34.0 127.76534 111.24295 129.60356 2598.0
34.0 38.0 38.0 88.65693 68.42963 152.62044 28.0
34.0 38.0 34.0 127.76534 111.24295 129.60356 28.0
34.0 41.0 41.0 59.82667 126.04371 122.50863 418.0
34.0 41.0 34.0 127.76534 111.24295 129.60356 418.0
34.0 42.0 42.0 56.60692 85.23199 144.94734 5.0
34.0 42.0 34.0 127.76534 111.24295 129.60356 5.0
34.0 43.0 43.0 101.71702 137.72869 99.14293 1434.0
34.0 43.0 34.0 127.76534 111.24295 129.60356 1434.0
34.0 46.0 46.0 114.45736 130.24391 52.69062 7.0
34.0 46.0 34.0 127.76534 111.24295 129.60356 7.0
34.0 47.0 47.0 164.19039 62.73952 126.11522 1140.0
34.0 47.0 34.0 127.76534 111.24295 129.60356 1140.0
35.0 8.0 8.0 108.11403 86.00766 38.65492 4.0
35.0 8.0 35.0 147.8067 121.13392 95.66698 4.0
35.0 9.0 9.0 78.5255 139.96316 102.5285 25.0
35.0 9.0 35.0 147.8067 121.13392 95.66698 25.0
35.0 12.0 12.0 179.81834 86.36833 84.80796 1136.0
35.0 12.0 35.0 147.8067 121.13392 95.66698 1136.0
35.0 14.0 14.0 128.25343 116.0591 40.25316 318.0
35.0 14.0 35.0 147.8067 121.13392 95.66698 318.0
35.0 24.0 24.0 107.86946 87.19825 149.15572 3.0
35.0 24.0 35.0 147.8067 121.13392 95.66698 3.0
35.0 25.0 25.0 182.84137 63.99385 100.30644 79.0
35.0 25.0 35.0 147.8067 121.13392 95.66698 79.0
35.0 26.0 26.0 132.1141 45.15538 139.12212 1.0
35.0 26.0 35.0 147.8067 121.13392 95.66698 1.0
35.0 28.0 28.0 84.3124 38.95632 143.15024 1.0
35.0 28.0 35.0 147.8067 121.13392 95.66698 1.0
35.0 30.0 30.0 88.26315 139.93188 62.64162 719.0
35.0 30.0 35.0 147.8067 121.13392 95.66698 719.0
35.0 32.0 32.0 156.98686 89.07637 57.98309 892.0
35.0 32.0 35.0 147.8067 121.13392 95.66698 892.0
35.0 34.0 34.0 127.76534 111.24295 129.60356 2642.0
35.0 34.0 35.0 147.8067 121.13392 95.66698 2642.0
35.0 35.0 35.0 147.8067 121.13392 95.66698 11383.0
35.0 35.0 35.0 147.8067 121.13392 95.66698 11383.0
35.0 41.0 41.0 59.82667 126.04371 122.50863 1.0
35.0 41.0 35.0 147.8067 121.13392 95.66698 1.0
35.0 43.0 43.0 101.71702 137.72869 99.14293 925.0
35.0 43.0 35.0 147.8067 121.13392 95.66698 925.0
35.0 46.0 46.0 114.45736 130.24391 52.69062 1164.0
35.0 46.0 35.0 147.8067 121.13392 95.66698 1164.0
35.0 47.0 47.0 164.19039 62.73952 126.11522 333.0
35.0 47.0 35.0 147.8067 121.13392 95.66698 333.0
36.0 0.0 0.0 55.1163 48.86141 141.96574 497.0
36.0 0.0 36.0 51.18231 19.48082 119.682 497.0
36.0 2.0 2.0 27.37854 25.35296 87.70962 502.0
36.0 2.0 36.0 51.18231 19.48082 119.682 502.0
36.0 3.0 3.0 83.1482 3.82657 88.01693 164.0
36.0 3.0 36.0 51.18231 19.48082 119.682 164.0
36.0 11.0 11.0 48.51888 14.11205 56.52987 67.0
36.0 11.0 36.0 51.18231 19.48082 119.682 67.0
36.0 13.0 13.0 21.81567 31.13146 56.4156 3.0
36.0 13.0 36.0 51.18231 19.48082 119.682 3.0
36.0 16.0 16.0 37.09538 39.07637 124.69116 1026.0
36.0 16.0 36.0 51.18231 19.48082 119.682 1026.0
36.0 22.0 22.0 25.07598 80.00729 119.44671 8.0
36.0 22.0 36.0 51.18231 19.48082 119.682 8.0
36.0 27.0 27.0 18.72819 45.33213 103.73331 101.0
36.0 27.0 36.0 51.18231 19.48082 119.682 101.0
36.0 28.0 28.0 84.3124 38.95632 143.15024 79.0
36.0 28.0 36.0 51.18231 19.48082 119.682 79.0
36.0 29.0 29.0 122.66274 20.58339 121.18546 1.0
36.0 29.0 36.0 51.18231 19.48082 119.682 1.0
36.0 33.0 33.0 97.14045 49.95005 149.2398 4.0
36.0 33.0 36.0 51.18231 19.48082 119.682 4.0
36.0 36.0 36.0 51.18231 19.48082 119.682 1531.0
36.0 36.0 36.0 51.18231 19.48082 119.682 1531.0
36.0 37.0 37.0 80.19061 11.06294 113.81443 925.0
36.0 37.0 36.0 51.18231 19.48082 119.682 925.0
36.0 42.0 42.0 56.60692 85.23199 144.94734 2.0
36.0 42.0 36.0 51.18231 19.48082 119.682 2.0
36.0 44.0 44.0 70.2046 22.73327 131.3506 786.0
36.0 44.0 36.0 51.18231 19.48082 119.682 786.0
37.0 0.0 0.0 55.1163 48.86141 141.96574 83.0
37.0 0.0 37.0 80.19061 11.06294 113.81443 83.0
37.0 2.0 2.0 27.37854 25.35296 87.70962 410.0
37.0 2.0 37.0 80.19061 11.06294 113.81443 410.0
37.0 3.0 3.0 83.1482 3.82657 88.01693 2567.0
37.0 3.0 37.0 80.19061 11.06294 113.81443 2567.0
37.0 7.0 7.0 121.65264 13.43899 56.89788 3.0
37.0 7.0 37.0 80.19061 11.06294 113.81443 3.0
37.0 10.0 10.0 97.02779 3.91528 61.07377 45.0
37.0 10.0 37.0 80.19061 11.06294 113.81443 45.0
37.0 11.0 11.0 48.51888 14.11205 56.52987 264.0
37.0 11.0 37.0 80.19061 11.06294 113.81443 264.0
37.0 13.0 13.0 21.81567 31.13146 56.4156 2.0
37.0 13.0 37.0 80.19061 11.06294 113.81443 2.0
37.0 16.0 16.0 37.09538 39.07637 124.69116 179.0
37.0 16.0 37.0 80.19061 11.06294 113.81443 179.0
37.0 17.0 17.0 122.78734 10.99995 94.57645 515.0
37.0 17.0 37.0 80.19061 11.06294 113.81443 515.0
37.0 18.0 18.0 159.23177 24.86418 93.93243 2.0
37.0 18.0 37.0 80.19061 11.06294 113.81443 2.0
37.0 19.0 19.0 66.39749 15.79388 45.3769 18.0
37.0 19.0 37.0 80.19061 11.06294 113.81443 18.0
37.0 26.0 26.0 132.1141 45.15538 139.12212 105.0
37.0 26.0 37.0 80.19061 11.06294 113.81443 105.0
37.0 27.0 27.0 18.72819 45.33213 103.73331 16.0
37.0 27.0 37.0 80.19061 11.06294 113.81443 16.0
37.0 28.0 28.0 84.3124 38.95632 143.15024 743.0
37.0 28.0 37.0 80.19061 11.06294 113.81443 743.0
37.0 29.0 29.0 122.66274 20.58339 121.18546 1128.0
37.0 29.0 37.0 80.19061 11.06294 113.81443 1128.0
37.0 33.0 33.0 97.14045 49.95005 149.2398 101.0
37.0 33.0 37.0 80.19061 11.06294 113.81443 101.0
37.0 36.0 36.0 51.18231 19.48082 119.682 909.0
37.0 36.0 37.0 80.19061 11.06294 113.81443 909.0
37.0 37.0 37.0 80.19061 11.06294 113.81443 8105.0
37.0 37.0 37.0 80.19061 11.06294 113.81443 8105.0
37.0 38.0 38.0 88.65693 68.42963 152.62044 1.0
37.0 38.0 37.0 80.19061 11.06294 113.81443 1.0
37.0 40.0 40.0 83.25038 23.53807 42.41063 1.0
37.0 40.0 37.0 80.19061 11.06294 113.81443 1.0
37.0 42.0 42.0 56.60692 85.23199 144.94734 1.0
37.0 42.0 37.0 80.19061 11.06294 113.81443 1.0
37.0 44.0 44.0 70.2046 22.73327 131.3506 1451.0
37.0 44.0 37.0 80.19061 11.06294 113.81443 1451.0
38.0 0.0 0.0 55.1163 48.86141 141.96574 418.0
38.0 0.0 38.0 88.65693 68.42963 152.62044 418.0
38.0 2.0 2.0 27.37854 25.35296 87.70962 1.0
38.0 2.0 38.0 88.65693 68.42963 152.62044 1.0
38.0 4.0 4.0 72.01334 108.37411 139.66958 226.0
38.0 4.0 38.0 88.65693 68.42963 152.62044 226.0
38.0 16.0 16.0 37.09538 39.07637 124.69116 11.0
38.0 16.0 38.0 88.65693 68.42963 152.62044 11.0
38.0 22.0 22.0 25.07598 80.00729 119.44671 27.0
38.0 22.0 38.0 88.65693 68.42963 152.62044 27.0
38.0 24.0 24.0 107.86946 87.19825 149.15572 1969.0
38.0 24.0 38.0 88.65693 68.42963 152.62044 1969.0
38.0 26.0 26.0 132.1141 45.15538 139.12212 406.0
38.0 26.0 38.0 88.65693 68.42963 152.62044 406.0
38.0 28.0 28.0 84.3124 38.95632 143.15024 611.0
38.0 28.0 38.0 88.65693 68.42963 152.62044 611.0
38.0 29.0 29.0 122.66274 20.58339 121.18546 6.0
38.0 29.0 38.0 88.65693 68.42963 152.62044 6.0
38.0 33.0 33.0 97.14045 49.95005 149.2398 1504.0
38.0 33.0 38.0 88.65693 68.42963 152.62044 1504.0
38.0 34.0 34.0 127.76534 111.24295 129.60356 32.0
38.0 34.0 38.0 88.65693 68.42963 152.62044 32.0
38.0 36.0 36.0 51.18231 19.48082 119.682 3.0
38.0 36.0 38.0 88.65693 68.42963 152.62044 3.0
38.0 37.0 37.0 80.19061 11.06294 113.81443 1.0
38.0 37.0 38.0 88.65693 68.42963 152.62044 1.0
38.0 38.0 38.0 88.65693 68.42963 152.62044 3203.0
38.0 38.0 38.0 88.65693 68.42963 152.62044 3203.0
38.0 41.0 41.0 59.82667 126.04371 122.50863 2.0
38.0 41.0 38.0 88.65693 68.42963 152.62044 2.0
38.0 42.0 42.0 56.60692 85.23199 144.94734 1128.0
38.0 42.0 38.0 88.65693 68.42963 152.62044 1128.0
38.0 44.0 44.0 70.2046 22.73327 131.3506 8.0
38.0 44.0 38.0 88.65693 68.42963 152.62044 8.0
38.0 47.0 47.0 164.19039 62.73952 126.11522 6.0
38.0 47.0 38.0 88.65693 68.42963 152.62044 6.0
39.0 1.0 1.0 66.23441 89.17817 7.44839 279.0
39.0 1.0 39.0 21.7691 50.18003 32.82088 279.0
39.0 2.0 2.0 27.37854 25.35296 87.70962 154.0
39.0 2.0 39.0 21.7691 50.18003 32.82088 154.0
39.0 5.0 5.0 36.13583 130.02941 82.20073 2.0
39.0 5.0 39.0 21.7691 50.18003 32.82088 2.0
39.0 6.0 6.0 5.47928 84.82435 74.39449 1413.0
39.0 6.0 39.0 21.7691 50.18003 32.82088 1413.0
39.0 8.0 8.0 108.11403 86.00766 38.65492 1.0
39.0 8.0 39.0 21.7691 50.18003 32.82088 1.0
39.0 11.0 11.0 48.51888 14.11205 56.52987 908.0
39.0 11.0 39.0 21.7691 50.18003 32.82088 908.0
39.0 13.0 13.0 21.81567 31.13146 56.4156 1846.0
39.0 13.0 39.0 21.7691 50.18003 32.82088 1846.0
39.0 19.0 19.0 66.39749 15.79388 45.3769 248.0
39.0 19.0 39.0 21.7691 50.18003 32.82088 248.0
39.0 20.0 20.0 85.06952 53.73599 22.29599 501.0
39.0 20.0 39.0 21.7691 50.18003 32.82088 501.0
39.0 21.0 21.0 28.29439 78.11598 19.28943 2206.0
39.0 21.0 39.0 21.7691 50.18003 32.82088 2206.0
39.0 27.0 27.0 18.72819 45.33213 103.73331 16.0
39.0 27.0 39.0 21.7691 50.18003 32.82088 16.0
39.0 39.0 39.0 21.7691 50.18003 32.82088 10049.0
39.0 39.0 39.0 21.7691 50.18003 32.82088 10049.0
39.0 40.0 40.0 83.25038 23.53807 42.41063 27.0
39.0 40.0 39.0 21.7691 50.18003 32.82088 27.0
39.0 45.0 45.0 35.0129 116.33837 28.61286 71.0
39.0 45.0 39.0 21.7691 50.18003 32.82088 71.0
40.0 1.0 1.0 66.23441 89.17817 7.44839 8.0
40.0 1.0 40.0 83.25038 23.53807 42.41063 8.0
40.0 3.0 3.0 83.1482 3.82657 88.01693 127.0
40.0 3.0 40.0 83.25038 23.53807 42.41063 127.0
40.0 7.0 7.0 121.65264 13.43899 56.89788 266.0
40.0 7.0 40.0 83.25038 23.53807 42.41063 266.0
40.0 8.0 8.0 108.11403 86.00766 38.65492 25.0
40.0 8.0 40.0 83.25038 23.53807 42.41063 25.0
40.0 10.0 10.0 97.02779 3.91528 61.07377 1200.0
40.0 10.0 40.0 83.25038 23.53807 42.41063 1200.0
40.0 11.0 11.0 48.51888 14.11205 56.52987 480.0
40.0 11.0 40.0 83.25038 23.53807 42.41063 480.0
40.0 13.0 13.0 21.81567 31.13146 56.4156 4.0
40.0 13.0 40.0 83.25038 23.53807 42.41063 4.0
40.0 15.0 15.0 145.09324 26.56935 64.66191 4.0
40.0 15.0 40.0 83.25038 23.53807 42.41063 4.0
40.0 17.0 17.0 122.78734 10.99995 94.57645 3.0
40.0 17.0 40.0 83.25038 23.53807 42.41063 3.0
40.0 19.0 19.0 66.39749 15.79388 45.3769 1520.0
40.0 19.0 40.0 83.25038 23.53807 42.41063 1520.0
40.0 20.0 20.0 85.06952 53.73599 22.29599 1730.0
40.0 20.0 40.0 83.25038 23.53807 42.41063 1730.0
40.0 21.0 21.0 28.29439 78.11598 19.28943 7.0
40.0 21.0 40.0 83.25038 23.53807 42.41063 7.0
40.0 31.0 31.0 121.49641 38.96622 36.01225 1090.0
40.0 31.0 40.0 83.25038 23.53807 42.41063 1090.0
40.0 37.0 37.0 80.19061 11.06294 113.81443 3.0
40.0 37.0 40.0 83.25038 23.53807 42.41063 3.0
40.0 39.0 39.0 21.7691 50.18003 32.82088 33.0
40.0 39.0 40.0 83.25038 23.53807 42.41063 33.0
40.0 40.0 40.0 83.25038 23.53807 42.41063 4543.0
40.0 40.0 40.0 83.25038 23.53807 42.41063 4543.0
41.0 0.0 0.0 55.1163 48.86141 141.96574 1.0
41.0 0.0 41.0 59.82667 126.04371 122.50863 1.0
41.0 4.0 4.0 72.01334 108.37411 139.66958 2744.0
41.0 4.0 41.0 59.82667 126.04371 122.50863 2744.0
41.0 5.0 5.0 36.13583 130.02941 82.20073 2242.0
41.0 5.0 41.0 59.82667 126.04371 122.50863 2242.0
41.0 6.0 6.0 5.47928 84.82435 74.39449 13.0
41.0 6.0 41.0 59.82667 126.04371 122.50863 13.0
41.0 9.0 9.0 78.5255 139.96316 102.5285 2135.0
41.0 9.0 41.0 59.82667 126.04371 122.50863 2135.0
41.0 13.0 13.0 21.81567 31.13146 56.4156 1.0
41.0 13.0 41.0 59.82667 126.04371 122.50863 1.0
41.0 22.0 22.0 25.07598 80.00729 119.44671 678.0
41.0 22.0 41.0 59.82667 126.04371 122.50863 678.0
41.0 24.0 24.0 107.86946 87.19825 149.15572 79.0
41.0 24.0 41.0 59.82667 126.04371 122.50863 79.0
41.0 28.0 28.0 84.3124 38.95632 143.15024 1.0
41.0 28.0 41.0 59.82667 126.04371 122.50863 1.0
41.0 30.0 30.0 88.26315 139.93188 62.64162 25.0
41.0 30.0 41.0 59.82667 126.04371 122.50863 25.0
41.0 34.0 34.0 127.76534 111.24295 129.60356 407.0
41.0 34.0 41.0 59.82667 126.04371 122.50863 407.0
41.0 35.0 35.0 147.8067 121.13392 95.66698 1.0
41.0 35.0 41.0 59.82667 126.04371 122.50863 1.0
41.0 38.0 38.0 88.65693 68.42963 152.62044 1.0
41.0 38.0 41.0 59.82667 126.04371 122.50863 1.0
41.0 41.0 41.0 59.82667 126.04371 122.50863 9227.0
41.0 41.0 41.0 59.82667 126.04371 122.50863 9227.0
41.0 42.0 42.0 56.60692 85.23199 144.94734 396.0
41.0 42.0 41.0 59.82667 126.04371 122.50863 396.0
41.0 43.0 43.0 101.71702 137.72869 99.14293 326.0
41.0 43.0 41.0 59.82667 126.04371 122.50863 326.0
42.0 0.0 0.0 55.1163 48.86141 141.96574 883.0
42.0 0.0 42.0 56.60692 85.23199 144.94734 883.0
42.0 4.0 4.0 72.01334 108.37411 139.66958 2149.0
42.0 4.0 42.0 56.60692 85.23199 144.94734 2149.0
42.0 5.0 5.0 36.13583 130.02941 82.20073 37.0
42.0 5.0 42.0 56.60692 85.23199 144.94734 37.0
42.0 9.0 9.0 78.5255 139.96316 102.5285 1.0
42.0 9.0 42.0 56.60692 85.23199 144.94734 1.0
42.0 16.0 16.0 37.09538 39.07637 124.69116 156.0
42.0 16.0 42.0 56.60692 85.23199 144.94734 156.0
42.0 22.0 22.0 25.07598 80.00729 119.44671 1653.0
42.0 22.0 42.0 56.60692 85.23199 144.94734 1653.0
42.0 24.0 24.0 107.86946 87.19825 149.15572 520.0
42.0 24.0 42.0 56.60692 85.23199 144.94734 520.0
42.0 27.0 27.0 18.72819 45.33213 103.73331 1.0
42.0 27.0 42.0 56.60692 85.23199 144.94734 1.0
42.0 28.0 28.0 84.3124 38.95632 143.15024 196.0
42.0 28.0 42.0 56.60692 85.23199 144.94734 196.0
42.0 33.0 33.0 97.14045 49.95005 149.2398 139.0
42.0 33.0 42.0 56.60692 85.23199 144.94734 139.0
42.0 34.0 34.0 127.76534 111.24295 129.60356 6.0
42.0 34.0 42.0 56.60692 85.23199 144.94734 6.0
42.0 36.0 36.0 51.18231 19.48082 119.682 2.0
42.0 36.0 42.0 56.60692 85.23199 144.94734 2.0
42.0 38.0 38.0 88.65693 68.42963 152.62044 1123.0
42.0 38.0 42.0 56.60692 85.23199 144.94734 1123.0
42.0 41.0 41.0 59.82667 126.04371 122.50863 405.0
42.0 41.0 42.0 56.60692 85.23199 144.94734 405.0
42.0 42.0 42.0 56.60692 85.23199 144.94734 5827.0
42.0 42.0 42.0 56.60692 85.23199 144.94734 5827.0
42.0 44.0 44.0 70.2046 22.73327 131.3506 3.0
42.0 44.0 42.0 56.60692 85.23199 144.94734 3.0
43.0 4.0 4.0 72.01334 108.37411 139.66958 75.0
43.0 4.0 43.0 101.71702 137.72869 99.14293 75.0
43.0 5.0 5.0 36.13583 130.02941 82.20073 62.0
43.0 5.0 43.0 101.71702 137.72869 99.14293 62.0
43.0 9.0 9.0 78.5255 139.96316 102.5285 2119.0
43.0 9.0 43.0 101.71702 137.72869 99.14293 2119.0
43.0 24.0 24.0 107.86946 87.19825 149.15572 8.0
43.0 24.0 43.0 101.71702 137.72869 99.14293 8.0
43.0 30.0 30.0 88.26315 139.93188 62.64162 2069.0
43.0 30.0 43.0 101.71702 137.72869 99.14293 2069.0
43.0 34.0 34.0 127.76534 111.24295 129.60356 1424.0
43.0 34.0 43.0 101.71702 137.72869 99.14293 1424.0
43.0 35.0 35.0 147.8067 121.13392 95.66698 834.0
43.0 35.0 43.0 101.71702 137.72869 99.14293 834.0
43.0 37.0 37.0 80.19061 11.06294 113.81443 1.0
43.0 37.0 43.0 101.71702 137.72869 99.14293 1.0
43.0 41.0 41.0 59.82667 126.04371 122.50863 257.0
43.0 41.0 43.0 101.71702 137.72869 99.14293 257.0
43.0 43.0 43.0 101.71702 137.72869 99.14293 4783.0
43.0 43.0 43.0 101.71702 137.72869 99.14293 4783.0
43.0 45.0 45.0 35.0129 116.33837 28.61286 1.0
43.0 45.0 43.0 101.71702 137.72869 99.14293 1.0
43.0 46.0 46.0 114.45736 130.24391 52.69062 158.0
43.0 46.0 43.0 101.71702 137.72869 99.14293 158.0
44.0 0.0 0.0 55.1163 48.86141 141.96574 629.0
44.0 0.0 44.0 70.2046 22.73327 131.3506 629.0
44.0 2.0 2.0 27.37854 25.35296 87.70962 36.0
44.0 2.0 44.0 70.2046 22.73327 131.3506 36.0
44.0 3.0 3.0 83.1482 3.82657 88.01693 57.0
44.0 3.0 44.0 70.2046 22.73327 131.3506 57.0
44.0 6.0 6.0 5.47928 84.82435 74.39449 1.0
44.0 6.0 44.0 70.2046 22.73327 131.3506 1.0
44.0 11.0 11.0 48.51888 14.11205 56.52987 3.0
44.0 11.0 44.0 70.2046 22.73327 131.3506 3.0
44.0 16.0 16.0 37.09538 39.07637 124.69116 217.0
44.0 16.0 44.0 70.2046 22.73327 131.3506 217.0
44.0 17.0 17.0 122.78734 10.99995 94.57645 5.0
44.0 17.0 44.0 70.2046 22.73327 131.3506 5.0
44.0 22.0 22.0 25.07598 80.00729 119.44671 4.0
44.0 22.0 44.0 70.2046 22.73327 131.3506 4.0
44.0 26.0 26.0 132.1141 45.15538 139.12212 13.0
44.0 26.0 44.0 70.2046 22.73327 131.3506 13.0
44.0 27.0 27.0 18.72819 45.33213 103.73331 4.0
44.0 27.0 44.0 70.2046 22.73327 131.3506 4.0
44.0 28.0 28.0 84.3124 38.95632 143.15024 916.0
44.0 28.0 44.0 70.2046 22.73327 131.3506 916.0
44.0 29.0 29.0 122.66274 20.58339 121.18546 79.0
44.0 29.0 44.0 70.2046 22.73327 131.3506 79.0
44.0 33.0 33.0 97.14045 49.95005 149.2398 95.0
44.0 33.0 44.0 70.2046 22.73327 131.3506 95.0
44.0 36.0 36.0 51.18231 19.48082 119.682 785.0
44.0 36.0 44.0 70.2046 22.73327 131.3506 785.0
44.0 37.0 37.0 80.19061 11.06294 113.81443 1520.0
44.0 37.0 44.0 70.2046 22.73327 131.3506 1520.0
44.0 38.0 38.0 88.65693 68.42963 152.62044 21.0
44.0 38.0 44.0 70.2046 22.73327 131.3506 21.0
44.0 41.0 41.0 59.82667 126.04371 122.50863 1.0
44.0 41.0 44.0 70.2046 22.73327 131.3506 1.0
44.0 42.0 42.0 56.60692 85.23199 144.94734 1.0
44.0 42.0 44.0 70.2046 22.73327 131.3506 1.0
44.0 44.0 44.0 70.2046 22.73327 131.3506 1855.0
44.0 44.0 44.0 70.2046 22.73327 131.3506 1855.0
45.0 1.0 1.0 66.23441 89.17817 7.44839 1888.0
45.0 1.0 45.0 35.0129 116.33837 28.61286 1888.0
45.0 5.0 5.0 36.13583 130.02941 82.20073 2073.0
45.0 5.0 45.0 35.0129 116.33837 28.61286 2073.0
45.0 6.0 6.0 5.47928 84.82435 74.39449 990.0
45.0 6.0 45.0 35.0129 116.33837 28.61286 990.0
45.0 8.0 8.0 108.11403 86.00766 38.65492 122.0
45.0 8.0 45.0 35.0129 116.33837 28.61286 122.0
45.0 9.0 9.0 78.5255 139.96316 102.5285 2.0
45.0 9.0 45.0 35.0129 116.33837 28.61286 2.0
45.0 14.0 14.0 128.25343 116.0591 40.25316 3.0
45.0 14.0 45.0 35.0129 116.33837 28.61286 3.0
45.0 20.0 20.0 85.06952 53.73599 22.29599 2.0
45.0 20.0 45.0 35.0129 116.33837 28.61286 2.0
45.0 21.0 21.0 28.29439 78.11598 19.28943 1873.0
45.0 21.0 45.0 35.0129 116.33837 28.61286 1873.0
45.0 22.0 22.0 25.07598 80.00729 119.44671 1.0
45.0 22.0 45.0 35.0129 116.33837 28.61286 1.0
45.0 30.0 30.0 88.26315 139.93188 62.64162 860.0
45.0 30.0 45.0 35.0129 116.33837 28.61286 860.0
45.0 39.0 39.0 21.7691 50.18003 32.82088 67.0
45.0 39.0 45.0 35.0129 116.33837 28.61286 67.0
45.0 45.0 45.0 35.0129 116.33837 28.61286 13532.0
45.0 45.0 45.0 35.0129 116.33837 28.61286 13532.0
45.0 46.0 46.0 114.45736 130.24391 52.69062 49.0
45.0 46.0 45.0 35.0129 116.33837 28.61286 49.0
46.0 1.0 1.0 66.23441 89.17817 7.44839 122.0
46.0 1.0 46.0 114.45736 130.24391 52.69062 122.0
46.0 5.0 5.0 36.13583 130.02941 82.20073 9.0
46.0 5.0 46.0 114.45736 130.24391 52.69062 9.0
46.0 8.0 8.0 108.11403 86.00766 38.65492 1105.0
46.0 8.0 46.0 114.45736 130.24391 52.69062 1105.0
46.0 9.0 9.0 78.5255 139.96316 102.5285 8.0
46.0 9.0 46.0 114.45736 130.24391 52.69062 8.0
46.0 12.0 12.0 179.81834 86.36833 84.80796 4.0
46.0 12.0 46.0 114.45736 130.24391 52.69062 4.0
46.0 14.0 14.0 128.25343 116.0591 40.25316 2814.0
46.0 14.0 46.0 114.45736 130.24391 52.69062 2814.0
46.0 20.0 20.0 85.06952 53.73599 22.29599 2.0
46.0 20.0 46.0 114.45736 130.24391 52.69062 2.0
46.0 30.0 30.0 88.26315 139.93188 62.64162 3462.0
46.0 30.0 46.0 114.45736 130.24391 52.69062 3462.0
46.0 31.0 31.0 121.49641 38.96622 36.01225 1.0
46.0 31.0 46.0 114.45736 130.24391 52.69062 1.0
46.0 32.0 32.0 156.98686 89.07637 57.98309 279.0
46.0 32.0 46.0 114.45736 130.24391 52.69062 279.0
46.0 34.0 34.0 127.76534 111.24295 129.60356 13.0
46.0 34.0 46.0 114.45736 130.24391 52.69062 13.0
46.0 35.0 35.0 147.8067 121.13392 95.66698 1106.0
46.0 35.0 46.0 114.45736 130.24391 52.69062 1106.0
46.0 43.0 43.0 101.71702 137.72869 99.14293 157.0
46.0 43.0 46.0 114.45736 130.24391 52.69062 157.0
46.0 45.0 45.0 35.0129 116.33837 28.61286 44.0
46.0 45.0 46.0 114.45736 130.24391 52.69062 44.0
46.0 46.0 46.0 114.45736 130.24391 52.69062 6985.0
46.0 46.0 46.0 114.45736 130.24391 52.69062 6985.0
47.0 12.0 12.0 179.81834 86.36833 84.80796 392.0
47.0 12.0 47.0 164.19039 62.73952 126.11522 392.0
47.0 15.0 15.0 145.09324 26.56935 64.66191 5.0
47.0 15.0 47.0 164.19039 62.73952 126.11522 5.0
47.0 17.0 17.0 122.78734 10.99995 94.57645 18.0
47.0 17.0 47.0 164.19039 62.73952 126.11522 18.0
47.0 18.0 18.0 159.23177 24.86418 93.93243 625.0
47.0 18.0 47.0 164.19039 62.73952 126.11522 625.0
47.0 23.0 23.0 173.47491 43.53337 77.03664 349.0
47.0 23.0 47.0 164.19039 62.73952 126.11522 349.0
47.0 24.0 24.0 107.86946 87.19825 149.15572 225.0
47.0 24.0 47.0 164.19039 62.73952 126.11522 225.0
47.0 25.0 25.0 182.84137 63.99385 100.30644 1187.0
47.0 25.0 47.0 164.19039 62.73952 126.11522 1187.0
47.0 26.0 26.0 132.1141 45.15538 139.12212 1843.0
47.0 26.0 47.0 164.19039 62.73952 126.11522 1843.0
47.0 29.0 29.0 122.66274 20.58339 121.18546 247.0
47.0 29.0 47.0 164.19039 62.73952 126.11522 247.0
47.0 32.0 32.0 156.98686 89.07637 57.98309 3.0
47.0 32.0 47.0 164.19039 62.73952 126.11522 3.0
47.0 33.0 33.0 97.14045 49.95005 149.2398 5.0
47.0 33.0 47.0 164.19039 62.73952 126.11522 5.0
47.0 34.0 34.0 127.76534 111.24295 129.60356 1283.0
47.0 34.0 47.0 164.19039 62.73952 126.11522 1283.0
47.0 35.0 35.0 147.8067 121.13392 95.66698 360.0
47.0 35.0 47.0 164.19039 62.73952 126.11522 360.0
47.0 37.0 37.0 80.19061 11.06294 113.81443 1.0
47.0 37.0 47.0 164.19039 62.73952 126.11522 1.0
47.0 38.0 38.0 88.65693 68.42963 152.62044 3.0
47.0 38.0 47.0 164.19039 62.73952 126.11522 3.0
47.0 47.0 47.0 164.19039 62.73952 126.11522 8859.0
47.0 47.0 47.0 164.19039 62.73952 126.11522 8859.0
