TargetArea SourceArea Area AvgPosX AvgPosY AvgPosZ SumWeights
0.0 0.0 0.0 55.12746 48.91525 141.99431 1820.0
0.0 0.0 0.0 55.12746 48.91525 141.99431 1820.0
0.0 2.0 2.0 27.34377 25.38634 87.69166 4.0
0.0 2.0 0.0 55.12746 48.91525 141.99431 4.0
0.0 4.0 4.0 72.03774 108.39112 139.66767 11.0
0.0 4.0 0.0 55.12746 48.91525 141.99431 11.0
0.0 5.0 5.0 36.1234 130.02316 82.17015 1.0
0.0 5.0 0.0 55.12746 48.91525 141.99431 1.0
0.0 8.0 8.0 108.19975 86.03278 38.68059 1.0
0.0 8.0 0.0 55.12746 48.91525 141.99431 1.0
0.0 16.0 16.0 37.11132 39.06153 124.67899 695.0
0.0 16.0 0.0 55.12746 48.91525 141.99431 695.0
0.0 22.0 22.0 25.05723 80.0136 119.41581 293.0
0.0 22.0 0.0 55.12746 48.91525 141.99431 293.0
0.0 24.0 24.0 107.88524 87.2363 149.14614 5.0
0.0 24.0 0.0 55.12746 48.91525 141.99431 5.0
0.0 27.0 27.0 18.75208 45.34839 103.79252 16.0
0.0 27.0 0.0 55.12746 48.91525 141.99431 16.0
0.0 28.0 28.0 84.35443 38.92625 143.14338 550.0
0.0 28.0 0.0 55.12746 48.91525 141.99431 550.0
0.0 33.0 33.0 97.25708 49.92622 149.23484 134.0
0.0 33.0 0.0 55.12746 48.91525 141.99431 134.0
0.0 36.0 36.0 51.17442 19.4522 119.65857 239.0
0.0 36.0 0.0 55.12746 48.91525 141.99431 239.0
0.0 37.0 37.0 80.2226 11.07434 113.83707 51.0
0.0 37.0 0.0 55.12746 48.91525 141.99431 51.0
0.0 38.0 38.0 88.72733 68.42266 152.6175 184.0
0.0 38.0 0.0 55.12746 48.91525 141.99431 184.0
0.0 42.0 42.0 56.57344 85.21715 144.94195 465.0
0.0 42.0 0.0 55.12746 48.91525 141.99431 465.0
0.0 44.0 44.0 70.22458 22.73457 131.34937 292.0
0.0 44.0 0.0 55.12746 48.91525 141.99431 292.0
1.0 1.0 1.0 66.27307 89.25761 7.45837 5456.0
1.0 1.0 1.0 66.27307 89.25761 7.45837 5456.0
1.0 5.0 5.0 36.1234 130.02316 82.17015 8.0
1.0 5.0 1.0 66.27307 89.25761 7.45837 8.0
1.0 8.0 8.0 108.19975 86.03278 38.68059 781.0
1.0 8.0 1.0 66.27307 89.25761 7.45837 781.0
1.0 11.0 11.0 48.53004 14.12424 56.47357 6.0
1.0 11.0 1.0 66.27307 89.25761 7.45837 6.0
1.0 13.0 13.0 21.7958 31.14776 56.41218 2.0
1.0 13.0 1.0 66.27307 89.25761 7.45837 2.0
1.0 14.0 14.0 128.3054 116.03513 40.26374 22.0
1.0 14.0 1.0 66.27307 89.25761 7.45837 22.0
1.0 19.0 19.0 66.37662 15.84695 45.26717 13.0
1.0 19.0 1.0 66.27307 89.25761 7.45837 13.0
1.0 20.0 20.0 84.93195 53.72765 22.16059 1049.0
1.0 20.0 1.0 66.27307 89.25761 7.45837 1049.0
1.0 21.0 21.0 28.23158 78.16747 19.32795 739.0
1.0 21.0 1.0 66.27307 89.25761 7.45837 739.0
1.0 30.0 30.0 88.30134 139.92803 62.63935 147.0
1.0 30.0 1.0 66.27307 89.25761 7.45837 147.0
1.0 31.0 31.0 121.64774 38.91236 36.06684 3.0
1.0 31.0 1.0 66.27307 89.25761 7.45837 3.0
1.0 39.0 39.0 21.82829 50.11007 32.78311 125.0
1.0 39.0 1.0 66.27307 89.25761 7.45837 125.0
1.0 40.0 40.0 83.24906 23.55024 42.39651 11.0
1.0 40.0 1.0 66.27307 89.25761 7.45837 11.0
1.0 45.0 45.0 35.09946 116.37062 28.56326 958.0
1.0 45.0 1.0 66.27307 89.25761 7.45837 958.0
1.0 46.0 46.0 114.53087 130.24863 52.74444 63.0
1.0 46.0 1.0 66.27307 89.25761 7.45837 63.0
2.0 0.0 0.0 55.12746 48.91525 141.99431 2.0
2.0 0.0 2.0 27.34377 25.38634 87.69166 2.0
2.0 2.0 2.0 27.34377 25.38634 87.69166 3246.0
2.0 2.0 2.0 27.34377 25.38634 87.69166 3246.0
2.0 3.0 3.0 83.12508 3.83402 88.05635 137.0
2.0 3.0 2.0 27.34377 25.38634 87.69166 137.0
2.0 6.0 6.0 5.47097 84.78947 74.36814 242.0
2.0 6.0 2.0 27.34377 25.38634 87.69166 242.0
2.0 11.0 11.0 48.53004 14.12424 56.47357 657.0
2.0 11.0 2.0 27.34377 25.38634 87.69166 657.0
2.0 13.0 13.0 21.7958 31.14776 56.41218 678.0
2.0 13.0 2.0 27.34377 25.38634 87.69166 678.0
2.0 16.0 16.0 37.11132 39.06153 124.67899 364.0
2.0 16.0 2.0 27.34377 25.38634 87.69166 364.0
2.0 19.0 19.0 66.37662 15.84695 45.26717 3.0
2.0 19.0 2.0 27.34377 25.38634 87.69166 3.0
2.0 20.0 20.0 84.93195 53.72765 22.16059 1.0
2.0 20.0 2.0 27.34377 25.38634 87.69166 1.0
2.0 21.0 21.0 28.23158 78.16747 19.32795 1.0
2.0 21.0 2.0 27.34377 25.38634 87.69166 1.0
2.0 22.0 22.0 25.05723 80.0136 119.41581 39.0
2.0 22.0 2.0 27.34377 25.38634 87.69166 39.0
2.0 27.0 27.0 18.75208 45.34839 103.79252 774.0
2.0 27.0 2.0 27.34377 25.38634 87.69166 774.0
2.0 28.0 28.0 84.35443 38.92625 143.14338 1.0
2.0 28.0 2.0 27.34377 25.38634 87.69166 1.0
2.0 36.0 36.0 51.17442 19.4522 119.65857 263.0
2.0 36.0 2.0 27.34377 25.38634 87.69166 263.0
2.0 37.0 37.0 80.2226 11.07434 113.83707 231.0
2.0 37.0 2.0 27.34377 25.38634 87.69166 231.0
2.0 39.0 39.0 21.82829 50.11007 32.78311 71.0
2.0 39.0 2.0 27.34377 25.38634 87.69166 71.0
2.0 44.0 44.0 70.22458 22.73457 131.34937 13.0
2.0 44.0 2.0 27.34377 25.38634 87.69166 13.0
3.0 2.0 2.0 27.34377 25.38634 87.69166 139.0
3.0 2.0 3.0 83.12508 3.83402 88.05635 139.0
3.0 3.0 3.0 83.12508 3.83402 88.05635 3431.0
3.0 3.0 3.0 83.12508 3.83402 88.05635 3431.0
3.0 7.0 7.0 121.67116 13.45013 56.90235 114.0
3.0 7.0 3.0 83.12508 3.83402 88.05635 114.0
3.0 10.0 10.0 97.03572 3.92536 61.06565 797.0
3.0 10.0 3.0 83.12508 3.83402 88.05635 797.0
3.0 11.0 11.0 48.53004 14.12424 56.47357 542.0
3.0 11.0 3.0 83.12508 3.83402 88.05635 542.0
3.0 15.0 15.0 145.14766 26.59801 64.65081 8.0
3.0 15.0 3.0 83.12508 3.83402 88.05635 8.0
3.0 16.0 16.0 37.11132 39.06153 124.67899 7.0
3.0 16.0 3.0 83.12508 3.83402 88.05635 7.0
3.0 17.0 17.0 122.8521 11.01347 94.56439 547.0
3.0 17.0 3.0 83.12508 3.83402 88.05635 547.0
3.0 19.0 19.0 66.37662 15.84695 45.26717 222.0
3.0 19.0 3.0 83.12508 3.83402 88.05635 222.0
3.0 27.0 27.0 18.75208 45.34839 103.79252 2.0
3.0 27.0 3.0 83.12508 3.83402 88.05635 2.0
3.0 28.0 28.0 84.35443 38.92625 143.14338 4.0
3.0 28.0 3.0 83.12508 3.83402 88.05635 4.0
3.0 29.0 29.0 122.62976 20.58011 121.20299 123.0
3.0 29.0 3.0 83.12508 3.83402 88.05635 123.0
3.0 31.0 31.0 121.64774 38.91236 36.06684 2.0
3.0 31.0 3.0 83.12508 3.83402 88.05635 2.0
3.0 36.0 36.0 51.17442 19.4522 119.65857 74.0
3.0 36.0 3.0 83.12508 3.83402 88.05635 74.0
3.0 37.0 37.0 80.2226 11.07434 113.83707 1244.0
3.0 37.0 3.0 83.12508 3.83402 88.05635 1244.0
3.0 40.0 40.0 83.24906 23.55024 42.39651 69.0
3.0 40.0 3.0 83.12508 3.83402 88.05635 69.0
3.0 44.0 44.0 70.22458 22.73457 131.34937 27.0
3.0 44.0 3.0 83.12508 3.83402 88.05635 27.0
4.0 0.0 0.0 55.12746 48.91525 141.99431 7.0
4.0 0.0 4.0 72.03774 108.39112 139.66767 7.0
4.0 4.0 4.0 72.03774 108.39112 139.66767 3177.0
4.0 4.0 4.0 72.03774 108.39112 139.66767 3177.0
4.0 5.0 5.0 36.1234 130.02316 82.17015 40.0
4.0 5.0 4.0 72.03774 108.39112 139.66767 40.0
4.0 6.0 6.0 5.47097 84.78947 74.36814 2.0
4.0 6.0 4.0 72.03774 108.39112 139.66767 2.0
4.0 9.0 9.0 78.59564 139.92793 102.62655 133.0
4.0 9.0 4.0 72.03774 108.39112 139.66767 133.0
4.0 22.0 22.0 25.05723 80.0136 119.41581 227.0
4.0 22.0 4.0 72.03774 108.39112 139.66767 227.0
4.0 24.0 24.0 107.88524 87.2363 149.14614 724.0
4.0 24.0 4.0 72.03774 108.39112 139.66767 724.0
4.0 28.0 28.0 84.35443 38.92625 143.14338 2.0
4.0 28.0 4.0 72.03774 108.39112 139.66767 2.0
4.0 33.0 33.0 97.25708 49.92622 149.23484 6.0
4.0 33.0 4.0 72.03774 108.39112 139.66767 6.0
4.0 34.0 34.0 127.84942 111.20423 129.60479 409.0
4.0 34.0 4.0 72.03774 108.39112 139.66767 409.0
4.0 37.0 37.0 80.2226 11.07434 113.83707 1.0
4.0 37.0 4.0 72.03774 108.39112 139.66767 1.0
4.0 38.0 38.0 88.72733 68.42266 152.6175 122.0
4.0 38.0 4.0 72.03774 108.39112 139.66767 122.0
4.0 41.0 41.0 59.84089 126.042 122.51357 1354.0
4.0 41.0 4.0 72.03774 108.39112 139.66767 1354.0
4.0 42.0 42.0 56.57344 85.21715 144.94195 1035.0
4.0 42.0 4.0 72.03774 108.39112 139.66767 1035.0
4.0 43.0 43.0 101.76707 137.70098 99.20387 40.0
4.0 43.0 4.0 72.03774 108.39112 139.66767 40.0
4.0 45.0 45.0 35.09946 116.37062 28.56326 1.0
4.0 45.0 4.0 72.03774 108.39112 139.66767 1.0
5.0 1.0 1.0 66.27307 89.25761 7.45837 8.0
5.0 1.0 5.0 36.1234 130.02316 82.17015 8.0
5.0 4.0 4.0 72.03774 108.39112 139.66767 42.0
5.0 4.0 5.0 36.1234 130.02316 82.17015 42.0
5.0 5.0 5.0 36.1234 130.02316 82.17015 10503.0
5.0 5.0 5.0 36.1234 130.02316 82.17015 10503.0
5.0 6.0 6.0 5.47097 84.78947 74.36814 1001.0
5.0 6.0 5.0 36.1234 130.02316 82.17015 1001.0
5.0 8.0 8.0 108.19975 86.03278 38.68059 1.0
5.0 8.0 5.0 36.1234 130.02316 82.17015 1.0
5.0 9.0 9.0 78.59564 139.92793 102.62655 674.0
5.0 9.0 5.0 36.1234 130.02316 82.17015 674.0
5.0 21.0 21.0 28.23158 78.16747 19.32795 8.0
5.0 21.0 5.0 36.1234 130.02316 82.17015 8.0
5.0 22.0 22.0 25.05723 80.0136 119.41581 581.0
5.0 22.0 5.0 36.1234 130.02316 82.17015 581.0
5.0 30.0 30.0 88.30134 139.92803 62.63935 838.0
5.0 30.0 5.0 36.1234 130.02316 82.17015 838.0
5.0 34.0 34.0 127.84942 111.20423 129.60479 1.0
5.0 34.0 5.0 36.1234 130.02316 82.17015 1.0
5.0 41.0 41.0 59.84089 126.042 122.51357 1135.0
5.0 41.0 5.0 36.1234 130.02316 82.17015 1135.0
5.0 42.0 42.0 56.57344 85.21715 144.94195 18.0
5.0 42.0 5.0 36.1234 130.02316 82.17015 18.0
5.0 43.0 43.0 101.76707 137.70098 99.20387 31.0
5.0 43.0 5.0 36.1234 130.02316 82.17015 31.0
5.0 45.0 45.0 35.09946 116.37062 28.56326 978.0
5.0 45.0 5.0 36.1234 130.02316 82.17015 978.0
5.0 46.0 46.0 114.53087 130.24863 52.74444 4.0
5.0 46.0 5.0 36.1234 130.02316 82.17015 4.0
6.0 0.0 0.0 55.12746 48.91525 141.99431 1.0
6.0 0.0 6.0 5.47097 84.78947 74.36814 1.0
6.0 2.0 2.0 27.34377 25.38634 87.69166 257.0
6.0 2.0 6.0 5.47097 84.78947 74.36814 257.0
6.0 4.0 4.0 72.03774 108.39112 139.66767 2.0
6.0 4.0 6.0 5.47097 84.78947 74.36814 2.0
6.0 5.0 5.0 36.1234 130.02316 82.17015 988.0
6.0 5.0 6.0 5.47097 84.78947 74.36814 988.0
6.0 6.0 6.0 5.47097 84.78947 74.36814 7594.0
6.0 6.0 6.0 5.47097 84.78947 74.36814 7594.0
6.0 8.0 8.0 108.19975 86.03278 38.68059 1.0
6.0 8.0 6.0 5.47097 84.78947 74.36814 1.0
6.0 13.0 13.0 21.7958 31.14776 56.41218 209.0
6.0 13.0 6.0 5.47097 84.78947 74.36814 209.0
6.0 16.0 16.0 37.11132 39.06153 124.67899 6.0
6.0 16.0 6.0 5.47097 84.78947 74.36814 6.0
6.0 21.0 21.0 28.23158 78.16747 19.32795 349.0
6.0 21.0 6.0 5.47097 84.78947 74.36814 349.0
6.0 22.0 22.0 25.05723 80.0136 119.41581 998.0
6.0 22.0 6.0 5.47097 84.78947 74.36814 998.0
6.0 27.0 27.0 18.75208 45.34839 103.79252 411.0
6.0 27.0 6.0 5.47097 84.78947 74.36814 411.0
6.0 39.0 39.0 21.82829 50.11007 32.78311 656.0
6.0 39.0 6.0 5.47097 84.78947 74.36814 656.0
6.0 41.0 41.0 59.84089 126.042 122.51357 10.0
6.0 41.0 6.0 5.47097 84.78947 74.36814 10.0
6.0 45.0 45.0 35.09946 116.37062 28.56326 488.0
6.0 45.0 6.0 5.47097 84.78947 74.36814 488.0
7.0 3.0 3.0 83.12508 3.83402 88.05635 111.0
7.0 3.0 7.0 121.67116 13.45013 56.90235 111.0
7.0 7.0 7.0 121.67116 13.45013 56.90235 1967.0
7.0 7.0 7.0 121.67116 13.45013 56.90235 1967.0
7.0 8.0 8.0 108.19975 86.03278 38.68059 4.0
7.0 8.0 7.0 121.67116 13.45013 56.90235 4.0
7.0 10.0 10.0 97.03572 3.92536 61.06565 686.0
7.0 10.0 7.0 121.67116 13.45013 56.90235 686.0
7.0 11.0 11.0 48.53004 14.12424 56.47357 1.0
7.0 11.0 7.0 121.67116 13.45013 56.90235 1.0
7.0 15.0 15.0 145.14766 26.59801 64.65081 744.0
7.0 15.0 7.0 121.67116 13.45013 56.90235 744.0
7.0 17.0 17.0 122.8521 11.01347 94.56439 403.0
7.0 17.0 7.0 121.67116 13.45013 56.90235 403.0
7.0 18.0 18.0 159.20558 24.81462 93.83855 19.0
7.0 18.0 7.0 121.67116 13.45013 56.90235 19.0
7.0 19.0 19.0 66.37662 15.84695 45.26717 9.0
7.0 19.0 7.0 121.67116 13.45013 56.90235 9.0
7.0 20.0 20.0 84.93195 53.72765 22.16059 15.0
7.0 20.0 7.0 121.67116 13.45013 56.90235 15.0
7.0 23.0 23.0 173.48323 43.5218 77.01818 7.0
7.0 23.0 7.0 121.67116 13.45013 56.90235 7.0
7.0 29.0 29.0 122.62976 20.58011 121.20299 7.0
7.0 29.0 7.0 121.67116 13.45013 56.90235 7.0
7.0 31.0 31.0 121.64774 38.91236 36.06684 781.0
7.0 31.0 7.0 121.67116 13.45013 56.90235 781.0
7.0 37.0 37.0 80.2226 11.07434 113.83707 1.0
7.0 37.0 7.0 121.67116 13.45013 56.90235 1.0
7.0 40.0 40.0 83.24906 23.55024 42.39651 145.0
7.0 40.0 7.0 121.67116 13.45013 56.90235 145.0
8.0 1.0 1.0 66.27307 89.25761 7.45837 763.0
8.0 1.0 8.0 108.19975 86.03278 38.68059 763.0
8.0 3.0 3.0 83.12508 3.83402 88.05635 1.0
8.0 3.0 8.0 108.19975 86.03278 38.68059 1.0
8.0 4.0 4.0 72.03774 108.39112 139.66767 1.0
8.0 4.0 8.0 108.19975 86.03278 38.68059 1.0
8.0 5.0 5.0 36.1234 130.02316 82.17015 1.0
8.0 5.0 8.0 108.19975 86.03278 38.68059 1.0
8.0 7.0 7.0 121.67116 13.45013 56.90235 4.0
8.0 7.0 8.0 108.19975 86.03278 38.68059 4.0
8.0 8.0 8.0 108.19975 86.03278 38.68059 13642.0
8.0 8.0 8.0 108.19975 86.03278 38.68059 13642.0
8.0 12.0 12.0 179.82718 86.3602 84.73312 4.0
8.0 12.0 8.0 108.19975 86.03278 38.68059 4.0
8.0 13.0 13.0 21.7958 31.14776 56.41218 1.0
8.0 13.0 8.0 108.19975 86.03278 38.68059 1.0
8.0 14.0 14.0 128.3054 116.03513 40.26374 1299.0
8.0 14.0 8.0 108.19975 86.03278 38.68059 1299.0
8.0 15.0 15.0 145.14766 26.59801 64.65081 21.0
8.0 15.0 8.0 108.19975 86.03278 38.68059 21.0
8.0 20.0 20.0 84.93195 53.72765 22.16059 1466.0
8.0 20.0 8.0 108.19975 86.03278 38.68059 1466.0
8.0 23.0 23.0 173.48323 43.5218 77.01818 7.0
8.0 23.0 8.0 108.19975 86.03278 38.68059 7.0
8.0 24.0 24.0 107.88524 87.2363 149.14614 1.0
8.0 24.0 8.0 108.19975 86.03278 38.68059 1.0
8.0 30.0 30.0 88.30134 139.92803 62.63935 294.0
8.0 30.0 8.0 108.19975 86.03278 38.68059 294.0
8.0 31.0 31.0 121.64774 38.91236 36.06684 872.0
8.0 31.0 8.0 108.19975 86.03278 38.68059 872.0
8.0 32.0 32.0 157.0158 89.10568 58.01047 744.0
8.0 32.0 8.0 108.19975 86.03278 38.68059 744.0
8.0 35.0 35.0 147.86512 121.10655 95.65888 1.0
8.0 35.0 8.0 108.19975 86.03278 38.68059 1.0
8.0 40.0 40.0 83.24906 23.55024 42.39651 11.0
8.0 40.0 8.0 108.19975 86.03278 38.68059 11.0
8.0 41.0 41.0 59.84089 126.042 122.51357 1.0
8.0 41.0 8.0 108.19975 86.03278 38.68059 1.0
8.0 45.0 45.0 35.09946 116.37062 28.56326 50.0
8.0 45.0 8.0 108.19975 86.03278 38.68059 50.0
8.0 46.0 46.0 114.53087 130.24863 52.74444 570.0
8.0 46.0 8.0 108.19975 86.03278 38.68059 570.0
9.0 4.0 4.0 72.03774 108.39112 139.66767 148.0
9.0 4.0 9.0 78.59564 139.92793 102.62655 148.0
9.0 5.0 5.0 36.1234 130.02316 82.17015 639.0
9.0 5.0 9.0 78.59564 139.92793 102.62655 639.0
9.0 9.0 9.0 78.59564 139.92793 102.62655 2402.0
9.0 9.0 9.0 78.59564 139.92793 102.62655 2402.0
9.0 12.0 12.0 179.82718 86.3602 84.73312 1.0
9.0 12.0 9.0 78.59564 139.92793 102.62655 1.0
9.0 22.0 22.0 25.05723 80.0136 119.41581 1.0
9.0 22.0 9.0 78.59564 139.92793 102.62655 1.0
9.0 24.0 24.0 107.88524 87.2363 149.14614 18.0
9.0 24.0 9.0 78.59564 139.92793 102.62655 18.0
9.0 30.0 30.0 88.30134 139.92803 62.63935 588.0
9.0 30.0 9.0 78.59564 139.92793 102.62655 588.0
9.0 34.0 34.0 127.84942 111.20423 129.60479 307.0
9.0 34.0 9.0 78.59564 139.92793 102.62655 307.0
9.0 35.0 35.0 147.86512 121.10655 95.65888 9.0
9.0 35.0 9.0 78.59564 139.92793 102.62655 9.0
9.0 41.0 41.0 59.84089 126.042 122.51357 1021.0
9.0 41.0 9.0 78.59564 139.92793 102.62655 1021.0
9.0 43.0 43.0 101.76707 137.70098 99.20387 952.0
9.0 43.0 9.0 78.59564 139.92793 102.62655 952.0
9.0 45.0 45.0 35.09946 116.37062 28.56326 1.0
9.0 45.0 9.0 78.59564 139.92793 102.62655 1.0
9.0 46.0 46.0 114.53087 130.24863 52.74444 2.0
9.0 46.0 9.0 78.59564 139.92793 102.62655 2.0
10.0 3.0 3.0 83.12508 3.83402 88.05635 761.0
10.0 3.0 10.0 97.03572 3.92536 61.06565 761.0
10.0 7.0 7.0 121.67116 13.45013 56.90235 709.0
10.0 7.0 10.0 97.03572 3.92536 61.06565 709.0
10.0 10.0 10.0 97.03572 3.92536 61.06565 2024.0
10.0 10.0 10.0 97.03572 3.92536 61.06565 2024.0
10.0 11.0 11.0 48.53004 14.12424 56.47357 85.0
10.0 11.0 10.0 97.03572 3.92536 61.06565 85.0
10.0 15.0 15.0 145.14766 26.59801 64.65081 41.0
10.0 15.0 10.0 97.03572 3.92536 61.06565 41.0
10.0 17.0 17.0 122.8521 11.01347 94.56439 217.0
10.0 17.0 10.0 97.03572 3.92536 61.06565 217.0
10.0 18.0 18.0 159.20558 24.81462 93.83855 1.0
10.0 18.0 10.0 97.03572 3.92536 61.06565 1.0
10.0 19.0 19.0 66.37662 15.84695 45.26717 300.0
10.0 19.0 10.0 97.03572 3.92536 61.06565 300.0
10.0 20.0 20.0 84.93195 53.72765 22.16059 19.0
10.0 20.0 10.0 97.03572 3.92536 61.06565 19.0
10.0 29.0 29.0 122.62976 20.58011 121.20299 4.0
10.0 29.0 10.0 97.03572 3.92536 61.06565 4.0
10.0 31.0 31.0 121.64774 38.91236 36.06684 204.0
10.0 31.0 10.0 97.03572 3.92536 61.06565 204.0
10.0 37.0 37.0 80.2226 11.07434 113.83707 29.0
10.0 37.0 10.0 97.03572 3.92536 61.06565 29.0
10.0 40.0 40.0 83.24906 23.55024 42.39651 578.0
10.0 40.0 10.0 97.03572 3.92536 61.06565 578.0
11.0 1.0 1.0 66.27307 89.25761 7.45837 7.0
11.0 1.0 11.0 48.53004 14.12424 56.47357 7.0
11.0 2.0 2.0 27.34377 25.38634 87.69166 658.0
11.0 2.0 11.0 48.53004 14.12424 56.47357 658.0
11.0 3.0 3.0 83.12508 3.83402 88.05635 548.0
11.0 3.0 11.0 48.53004 14.12424 56.47357 548.0
11.0 7.0 7.0 121.67116 13.45013 56.90235 1.0
11.0 7.0 11.0 48.53004 14.12424 56.47357 1.0
11.0 8.0 8.0 108.19975 86.03278 38.68059 1.0
11.0 8.0 11.0 48.53004 14.12424 56.47357 1.0
11.0 10.0 10.0 97.03572 3.92536 61.06565 87.0
11.0 10.0 11.0 48.53004 14.12424 56.47357 87.0
11.0 11.0 11.0 48.53004 14.12424 56.47357 3969.0
11.0 11.0 11.0 48.53004 14.12424 56.47357 3969.0
11.0 13.0 13.0 21.7958 31.14776 56.41218 752.0
11.0 13.0 11.0 48.53004 14.12424 56.47357 752.0
11.0 16.0 16.0 37.11132 39.06153 124.67899 10.0
11.0 16.0 11.0 48.53004 14.12424 56.47357 10.0
11.0 19.0 19.0 66.37662 15.84695 45.26717 1008.0
11.0 19.0 11.0 48.53004 14.12424 56.47357 1008.0
11.0 20.0 20.0 84.93195 53.72765 22.16059 129.0
11.0 20.0 11.0 48.53004 14.12424 56.47357 129.0
11.0 21.0 21.0 28.23158 78.16747 19.32795 16.0
11.0 21.0 11.0 48.53004 14.12424 56.47357 16.0
11.0 27.0 27.0 18.75208 45.34839 103.79252 7.0
11.0 27.0 11.0 48.53004 14.12424 56.47357 7.0
11.0 31.0 31.0 121.64774 38.91236 36.06684 3.0
11.0 31.0 11.0 48.53004 14.12424 56.47357 3.0
11.0 36.0 36.0 51.17442 19.4522 119.65857 40.0
11.0 36.0 11.0 48.53004 14.12424 56.47357 40.0
11.0 37.0 37.0 80.2226 11.07434 113.83707 123.0
11.0 37.0 11.0 48.53004 14.12424 56.47357 123.0
11.0 39.0 39.0 21.82829 50.11007 32.78311 425.0
11.0 39.0 11.0 48.53004 14.12424 56.47357 425.0
11.0 40.0 40.0 83.24906 23.55024 42.39651 263.0
11.0 40.0 11.0 48.53004 14.12424 56.47357 263.0
11.0 44.0 44.0 70.22458 22.73457 131.34937 3.0
11.0 44.0 11.0 48.53004 14.12424 56.47357 3.0
12.0 8.0 8.0 108.19975 86.03278 38.68059 2.0
12.0 8.0 12.0 179.82718 86.3602 84.73312 2.0
12.0 12.0 12.0 179.82718 86.3602 84.73312 2881.0
12.0 12.0 12.0 179.82718 86.3602 84.73312 2881.0
12.0 14.0 14.0 128.3054 116.03513 40.26374 3.0
12.0 14.0 12.0 179.82718 86.3602 84.73312 3.0
12.0 15.0 15.0 145.14766 26.59801 64.65081 11.0
12.0 15.0 12.0 179.82718 86.3602 84.73312 11.0
12.0 18.0 18.0 159.20558 24.81462 93.83855 13.0
12.0 18.0 12.0 179.82718 86.3602 84.73312 13.0
12.0 23.0 23.0 173.48323 43.5218 77.01818 290.0
12.0 23.0 12.0 179.82718 86.3602 84.73312 290.0
12.0 24.0 24.0 107.88524 87.2363 149.14614 1.0
12.0 24.0 12.0 179.82718 86.3602 84.73312 1.0
12.0 25.0 25.0 182.85725 63.96384 100.21773 588.0
12.0 25.0 12.0 179.82718 86.3602 84.73312 588.0
12.0 31.0 31.0 121.64774 38.91236 36.06684 5.0
12.0 31.0 12.0 179.82718 86.3602 84.73312 5.0
12.0 32.0 32.0 157.0158 89.10568 58.01047 861.0
12.0 32.0 12.0 179.82718 86.3602 84.73312 861.0
12.0 34.0 34.0 127.84942 111.20423 129.60479 39.0
12.0 34.0 12.0 179.82718 86.3602 84.73312 39.0
12.0 35.0 35.0 147.86512 121.10655 95.65888 611.0
12.0 35.0 12.0 179.82718 86.3602 84.73312 611.0
12.0 46.0 46.0 114.53087 130.24863 52.74444 3.0
12.0 46.0 12.0 179.82718 86.3602 84.73312 3.0
12.0 47.0 47.0 164.19582 62.75186 126.10407 222.0
12.0 47.0 12.0 179.82718 86.3602 84.73312 222.0
13.0 2.0 2.0 27.34377 25.38634 87.69166 669.0
13.0 2.0 13.0 21.7958 31.14776 56.41218 669.0
13.0 3.0 3.0 83.12508 3.83402 88.05635 5.0
13.0 3.0 13.0 21.7958 31.14776 56.41218 5.0
13.0 6.0 6.0 5.47097 84.78947 74.36814 228.0
13.0 6.0 13.0 21.7958 31.14776 56.41218 228.0
13.0 11.0 11.0 48.53004 14.12424 56.47357 772.0
13.0 11.0 13.0 21.7958 31.14776 56.41218 772.0
13.0 13.0 13.0 21.7958 31.14776 56.41218 1837.0
13.0 13.0 13.0 21.7958 31.14776 56.41218 1837.0
13.0 16.0 16.0 37.11132 39.06153 124.67899 1.0
13.0 16.0 13.0 21.7958 31.14776 56.41218 1.0
13.0 19.0 19.0 66.37662 15.84695 45.26717 40.0
13.0 19.0 13.0 21.7958 31.14776 56.41218 40.0
13.0 20.0 20.0 84.93195 53.72765 22.16059 2.0
13.0 20.0 13.0 21.7958 31.14776 56.41218 2.0
13.0 21.0 21.0 28.23158 78.16747 19.32795 4.0
13.0 21.0 13.0 21.7958 31.14776 56.41218 4.0
13.0 22.0 22.0 25.05723 80.0136 119.41581 2.0
13.0 22.0 13.0 21.7958 31.14776 56.41218 2.0
13.0 27.0 27.0 18.75208 45.34839 103.79252 57.0
13.0 27.0 13.0 21.7958 31.14776 56.41218 57.0
13.0 36.0 36.0 51.17442 19.4522 119.65857 1.0
13.0 36.0 13.0 21.7958 31.14776 56.41218 1.0
13.0 39.0 39.0 21.82829 50.11007 32.78311 861.0
13.0 39.0 13.0 21.7958 31.14776 56.41218 861.0
13.0 40.0 40.0 83.24906 23.55024 42.39651 1.0
13.0 40.0 13.0 21.7958 31.14776 56.41218 1.0
14.0 1.0 1.0 66.27307 89.25761 7.45837 30.0
14.0 1.0 14.0 128.3054 116.03513 40.26374 30.0
14.0 8.0 8.0 108.19975 86.03278 38.68059 1292.0
14.0 8.0 14.0 128.3054 116.03513 40.26374 1292.0
14.0 12.0 12.0 179.82718 86.3602 84.73312 8.0
14.0 12.0 14.0 128.3054 116.03513 40.26374 8.0
14.0 14.0 14.0 128.3054 116.03513 40.26374 3475.0
14.0 14.0 14.0 128.3054 116.03513 40.26374 3475.0
14.0 20.0 20.0 84.93195 53.72765 22.16059 4.0
14.0 20.0 14.0 128.3054 116.03513 40.26374 4.0
14.0 30.0 30.0 88.30134 139.92803 62.63935 122.0
14.0 30.0 14.0 128.3054 116.03513 40.26374 122.0
14.0 31.0 31.0 121.64774 38.91236 36.06684 6.0
14.0 31.0 14.0 128.3054 116.03513 40.26374 6.0
14.0 32.0 32.0 157.0158 89.10568 58.01047 686.0
14.0 32.0 14.0 128.3054 116.03513 40.26374 686.0
14.0 35.0 35.0 147.86512 121.10655 95.65888 170.0
14.0 35.0 14.0 128.3054 116.03513 40.26374 170.0
14.0 43.0 43.0 101.76707 137.70098 99.20387 1.0
14.0 43.0 14.0 128.3054 116.03513 40.26374 1.0
14.0 45.0 45.0 35.09946 116.37062 28.56326 1.0
14.0 45.0 14.0 128.3054 116.03513 40.26374 1.0
14.0 46.0 46.0 114.53087 130.24863 52.74444 1415.0
14.0 46.0 14.0 128.3054 116.03513 40.26374 1415.0
15.0 3.0 3.0 83.12508 3.83402 88.05635 15.0
15.0 3.0 15.0 145.14766 26.59801 64.65081 15.0
15.0 7.0 7.0 121.67116 13.45013 56.90235 747.0
15.0 7.0 15.0 145.14766 26.59801 64.65081 747.0
15.0 8.0 8.0 108.19975 86.03278 38.68059 34.0
15.0 8.0 15.0 145.14766 26.59801 64.65081 34.0
15.0 10.0 10.0 97.03572 3.92536 61.06565 36.0
15.0 10.0 15.0 145.14766 26.59801 64.65081 36.0
15.0 12.0 12.0 179.82718 86.3602 84.73312 18.0
15.0 12.0 15.0 145.14766 26.59801 64.65081 18.0
15.0 15.0 15.0 145.14766 26.59801 64.65081 2410.0
15.0 15.0 15.0 145.14766 26.59801 64.65081 2410.0
15.0 17.0 17.0 122.8521 11.01347 94.56439 450.0
15.0 17.0 15.0 145.14766 26.59801 64.65081 450.0
15.0 18.0 18.0 159.20558 24.81462 93.83855 525.0
15.0 18.0 15.0 145.14766 26.59801 64.65081 525.0
15.0 23.0 23.0 173.48323 43.5218 77.01818 391.0
15.0 23.0 15.0 145.14766 26.59801 64.65081 391.0
15.0 25.0 25.0 182.85725 63.96384 100.21773 7.0
15.0 25.0 15.0 145.14766 26.59801 64.65081 7.0
15.0 26.0 26.0 132.11423 45.11881 139.10289 2.0
15.0 26.0 15.0 145.14766 26.59801 64.65081 2.0
15.0 29.0 29.0 122.62976 20.58011 121.20299 30.0
15.0 29.0 15.0 145.14766 26.59801 64.65081 30.0
15.0 31.0 31.0 121.64774 38.91236 36.06684 705.0
15.0 31.0 15.0 145.14766 26.59801 64.65081 705.0
15.0 32.0 32.0 157.0158 89.10568 58.01047 155.0
15.0 32.0 15.0 145.14766 26.59801 64.65081 155.0
15.0 37.0 37.0 80.2226 11.07434 113.83707 1.0
15.0 37.0 15.0 145.14766 26.59801 64.65081 1.0
15.0 47.0 47.0 164.19582 62.75186 126.10407 4.0
15.0 47.0 15.0 145.14766 26.59801 64.65081 4.0
16.0 0.0 0.0 55.12746 48.91525 141.99431 683.0
16.0 0.0 16.0 37.11132 39.06153 124.67899 683.0
16.0 2.0 2.0 27.34377 25.38634 87.69166 355.0
16.0 2.0 16.0 37.11132 39.06153 124.67899 355.0
16.0 3.0 3.0 83.12508 3.83402 88.05635 10.0
16.0 3.0 16.0 37.11132 39.06153 124.67899 10.0
16.0 4.0 4.0 72.03774 108.39112 139.66767 1.0
16.0 4.0 16.0 37.11132 39.06153 124.67899 1.0
16.0 6.0 6.0 5.47097 84.78947 74.36814 8.0
16.0 6.0 16.0 37.11132 39.06153 124.67899 8.0
16.0 11.0 11.0 48.53004 14.12424 56.47357 18.0
16.0 11.0 16.0 37.11132 39.06153 124.67899 18.0
16.0 16.0 16.0 37.11132 39.06153 124.67899 2028.0
16.0 16.0 16.0 37.11132 39.06153 124.67899 2028.0
16.0 22.0 22.0 25.05723 80.0136 119.41581 633.0
16.0 22.0 16.0 37.11132 39.06153 124.67899 633.0
16.0 23.0 23.0 173.48323 43.5218 77.01818 1.0
16.0 23.0 16.0 37.11132 39.06153 124.67899 1.0
16.0 26.0 26.0 132.11423 45.11881 139.10289 1.0
16.0 26.0 16.0 37.11132 39.06153 124.67899 1.0
16.0 27.0 27.0 18.75208 45.34839 103.79252 562.0
16.0 27.0 16.0 37.11132 39.06153 124.67899 562.0
16.0 28.0 28.0 84.35443 38.92625 143.14338 23.0
16.0 28.0 16.0 37.11132 39.06153 124.67899 23.0
16.0 36.0 36.0 51.17442 19.4522 119.65857 484.0
16.0 36.0 16.0 37.11132 39.06153 124.67899 484.0
16.0 37.0 37.0 80.2226 11.07434 113.83707 83.0
16.0 37.0 16.0 37.11132 39.06153 124.67899 83.0
16.0 38.0 38.0 88.72733 68.42266 152.6175 9.0
16.0 38.0 16.0 37.11132 39.06153 124.67899 9.0
16.0 42.0 42.0 56.57344 85.21715 144.94195 86.0
16.0 42.0 16.0 37.11132 39.06153 124.67899 86.0
16.0 44.0 44.0 70.22458 22.73457 131.34937 125.0
16.0 44.0 16.0 37.11132 39.06153 124.67899 125.0
17.0 3.0 3.0 83.12508 3.83402 88.05635 579.0
17.0 3.0 17.0 122.8521 11.01347 94.56439 579.0
17.0 7.0 7.0 121.67116 13.45013 56.90235 409.0
17.0 7.0 17.0 122.8521 11.01347 94.56439 409.0
17.0 10.0 10.0 97.03572 3.92536 61.06565 243.0
17.0 10.0 17.0 122.8521 11.01347 94.56439 243.0
17.0 15.0 15.0 145.14766 26.59801 64.65081 459.0
17.0 15.0 17.0 122.8521 11.01347 94.56439 459.0
17.0 17.0 17.0 122.8521 11.01347 94.56439 2419.0
17.0 17.0 17.0 122.8521 11.01347 94.56439 2419.0
17.0 18.0 18.0 159.20558 24.81462 93.83855 312.0
17.0 18.0 17.0 122.8521 11.01347 94.56439 312.0
17.0 19.0 19.0 66.37662 15.84695 45.26717 2.0
17.0 19.0 17.0 122.8521 11.01347 94.56439 2.0
17.0 23.0 23.0 173.48323 43.5218 77.01818 3.0
17.0 23.0 17.0 122.8521 11.01347 94.56439 3.0
17.0 26.0 26.0 132.11423 45.11881 139.10289 39.0
17.0 26.0 17.0 122.8521 11.01347 94.56439 39.0
17.0 28.0 28.0 84.35443 38.92625 143.14338 8.0
17.0 28.0 17.0 122.8521 11.01347 94.56439 8.0
17.0 29.0 29.0 122.62976 20.58011 121.20299 715.0
17.0 29.0 17.0 122.8521 11.01347 94.56439 715.0
17.0 31.0 31.0 121.64774 38.91236 36.06684 4.0
17.0 31.0 17.0 122.8521 11.01347 94.56439 4.0
17.0 33.0 33.0 97.25708 49.92622 149.23484 1.0
17.0 33.0 17.0 122.8521 11.01347 94.56439 1.0
17.0 37.0 37.0 80.2226 11.07434 113.83707 250.0
17.0 37.0 17.0 122.8521 11.01347 94.56439 250.0
17.0 40.0 40.0 83.24906 23.55024 42.39651 1.0
17.0 40.0 17.0 122.8521 11.01347 94.56439 1.0
17.0 44.0 44.0 70.22458 22.73457 131.34937 2.0
17.0 44.0 17.0 122.8521 11.01347 94.56439 2.0
17.0 45.0 45.0 35.09946 116.37062 28.56326 1.0
17.0 45.0 17.0 122.8521 11.01347 94.56439 1.0
17.0 47.0 47.0 164.19582 62.75186 126.10407 13.0
17.0 47.0 17.0 122.8521 11.01347 94.56439 13.0
18.0 3.0 3.0 83.12508 3.83402 88.05635 1.0
18.0 3.0 18.0 159.20558 24.81462 93.83855 1.0
18.0 7.0 7.0 121.67116 13.45013 56.90235 22.0
18.0 7.0 18.0 159.20558 24.81462 93.83855 22.0
18.0 10.0 10.0 97.03572 3.92536 61.06565 1.0
18.0 10.0 18.0 159.20558 24.81462 93.83855 1.0
18.0 12.0 12.0 179.82718 86.3602 84.73312 5.0
18.0 12.0 18.0 159.20558 24.81462 93.83855 5.0
18.0 15.0 15.0 145.14766 26.59801 64.65081 518.0
18.0 15.0 18.0 159.20558 24.81462 93.83855 518.0
18.0 17.0 17.0 122.8521 11.01347 94.56439 319.0
18.0 17.0 18.0 159.20558 24.81462 93.83855 319.0
18.0 18.0 18.0 159.20558 24.81462 93.83855 1572.0
18.0 18.0 18.0 159.20558 24.81462 93.83855 1572.0
18.0 23.0 23.0 173.48323 43.5218 77.01818 477.0
18.0 23.0 18.0 159.20558 24.81462 93.83855 477.0
18.0 25.0 25.0 182.85725 63.96384 100.21773 55.0
18.0 25.0 18.0 159.20558 24.81462 93.83855 55.0
18.0 26.0 26.0 132.11423 45.11881 139.10289 110.0
18.0 26.0 18.0 159.20558 24.81462 93.83855 110.0
18.0 29.0 29.0 122.62976 20.58011 121.20299 280.0
18.0 29.0 18.0 159.20558 24.81462 93.83855 280.0
18.0 31.0 31.0 121.64774 38.91236 36.06684 8.0
18.0 31.0 18.0 159.20558 24.81462 93.83855 8.0
18.0 32.0 32.0 157.0158 89.10568 58.01047 6.0
18.0 32.0 18.0 159.20558 24.81462 93.83855 6.0
18.0 37.0 37.0 80.2226 11.07434 113.83707 2.0
18.0 37.0 18.0 159.20558 24.81462 93.83855 2.0
18.0 47.0 47.0 164.19582 62.75186 126.10407 334.0
18.0 47.0 18.0 159.20558 24.81462 93.83855 334.0
19.0 1.0 1.0 66.27307 89.25761 7.45837 14.0
19.0 1.0 19.0 66.37662 15.84695 45.26717 14.0
19.0 2.0 2.0 27.34377 25.38634 87.69166 5.0
19.0 2.0 19.0 66.37662 15.84695 45.26717 5.0
19.0 3.0 3.0 83.12508 3.83402 88.05635 214.0
19.0 3.0 19.0 66.37662 15.84695 45.26717 214.0
19.0 7.0 7.0 121.67116 13.45013 56.90235 8.0
19.0 7.0 19.0 66.37662 15.84695 45.26717 8.0
19.0 8.0 8.0 108.19975 86.03278 38.68059 1.0
19.0 8.0 19.0 66.37662 15.84695 45.26717 1.0
19.0 10.0 10.0 97.03572 3.92536 61.06565 289.0
19.0 10.0 19.0 66.37662 15.84695 45.26717 289.0
19.0 11.0 11.0 48.53004 14.12424 56.47357 981.0
19.0 11.0 19.0 66.37662 15.84695 45.26717 981.0
19.0 13.0 13.0 21.7958 31.14776 56.41218 31.0
19.0 13.0 19.0 66.37662 15.84695 45.26717 31.0
19.0 17.0 17.0 122.8521 11.01347 94.56439 1.0
19.0 17.0 19.0 66.37662 15.84695 45.26717 1.0
19.0 19.0 19.0 66.37662 15.84695 45.26717 993.0
19.0 19.0 19.0 66.37662 15.84695 45.26717 993.0
19.0 20.0 20.0 84.93195 53.72765 22.16059 284.0
19.0 20.0 19.0 66.37662 15.84695 45.26717 284.0
19.0 21.0 21.0 28.23158 78.16747 19.32795 6.0
19.0 21.0 19.0 66.37662 15.84695 45.26717 6.0
19.0 31.0 31.0 121.64774 38.91236 36.06684 12.0
19.0 31.0 19.0 66.37662 15.84695 45.26717 12.0
19.0 37.0 37.0 80.2226 11.07434 113.83707 7.0
19.0 37.0 19.0 66.37662 15.84695 45.26717 7.0
19.0 39.0 39.0 21.82829 50.11007 32.78311 102.0
19.0 39.0 19.0 66.37662 15.84695 45.26717 102.0
19.0 40.0 40.0 83.24906 23.55024 42.39651 762.0
19.0 40.0 19.0 66.37662 15.84695 45.26717 762.0
20.0 1.0 1.0 66.27307 89.25761 7.45837 1039.0
20.0 1.0 20.0 84.93195 53.72765 22.16059 1039.0
20.0 7.0 7.0 121.67116 13.45013 56.90235 9.0
20.0 7.0 20.0 84.93195 53.72765 22.16059 9.0
20.0 8.0 8.0 108.19975 86.03278 38.68059 1493.0
20.0 8.0 20.0 84.93195 53.72765 22.16059 1493.0
20.0 10.0 10.0 97.03572 3.92536 61.06565 14.0
20.0 10.0 20.0 84.93195 53.72765 22.16059 14.0
20.0 11.0 11.0 48.53004 14.12424 56.47357 138.0
20.0 11.0 20.0 84.93195 53.72765 22.16059 138.0
20.0 12.0 12.0 179.82718 86.3602 84.73312 1.0
20.0 12.0 20.0 84.93195 53.72765 22.16059 1.0
20.0 13.0 13.0 21.7958 31.14776 56.41218 10.0
20.0 13.0 20.0 84.93195 53.72765 22.16059 10.0
20.0 14.0 14.0 128.3054 116.03513 40.26374 5.0
20.0 14.0 20.0 84.93195 53.72765 22.16059 5.0
20.0 15.0 15.0 145.14766 26.59801 64.65081 1.0
20.0 15.0 20.0 84.93195 53.72765 22.16059 1.0
20.0 18.0 18.0 159.20558 24.81462 93.83855 1.0
20.0 18.0 20.0 84.93195 53.72765 22.16059 1.0
20.0 19.0 19.0 66.37662 15.84695 45.26717 238.0
20.0 19.0 20.0 84.93195 53.72765 22.16059 238.0
20.0 20.0 20.0 84.93195 53.72765 22.16059 5973.0
20.0 20.0 20.0 84.93195 53.72765 22.16059 5973.0
20.0 21.0 21.0 28.23158 78.16747 19.32795 118.0
20.0 21.0 20.0 84.93195 53.72765 22.16059 118.0
20.0 27.0 27.0 18.75208 45.34839 103.79252 1.0
20.0 27.0 20.0 84.93195 53.72765 22.16059 1.0
20.0 31.0 31.0 121.64774 38.91236 36.06684 1006.0
20.0 31.0 20.0 84.93195 53.72765 22.16059 1006.0
20.0 32.0 32.0 157.0158 89.10568 58.01047 5.0
20.0 32.0 20.0 84.93195 53.72765 22.16059 5.0
20.0 39.0 39.0 21.82829 50.11007 32.78311 245.0
20.0 39.0 20.0 84.93195 53.72765 22.16059 245.0
20.0 40.0 40.0 83.24906 23.55024 42.39651 831.0
20.0 40.0 20.0 84.93195 53.72765 22.16059 831.0
20.0 45.0 45.0 35.09946 116.37062 28.56326 2.0
20.0 45.0 20.0 84.93195 53.72765 22.16059 2.0
21.0 1.0 1.0 66.27307 89.25761 7.45837 761.0
21.0 1.0 21.0 28.23158 78.16747 19.32795 761.0
21.0 5.0 5.0 36.1234 130.02316 82.17015 5.0
21.0 5.0 21.0 28.23158 78.16747 19.32795 5.0
21.0 6.0 6.0 5.47097 84.78947 74.36814 310.0
21.0 6.0 21.0 28.23158 78.16747 19.32795 310.0
21.0 8.0 8.0 108.19975 86.03278 38.68059 3.0
21.0 8.0 21.0 28.23158 78.16747 19.32795 3.0
21.0 11.0 11.0 48.53004 14.12424 56.47357 23.0
21.0 11.0 21.0 28.23158 78.16747 19.32795 23.0
21.0 12.0 12.0 179.82718 86.3602 84.73312 1.0
21.0 12.0 21.0 28.23158 78.16747 19.32795 1.0
21.0 13.0 13.0 21.7958 31.14776 56.41218 5.0
21.0 13.0 21.0 28.23158 78.16747 19.32795 5.0
21.0 19.0 19.0 66.37662 15.84695 45.26717 6.0
21.0 19.0 21.0 28.23158 78.16747 19.32795 6.0
21.0 20.0 20.0 84.93195 53.72765 22.16059 121.0
21.0 20.0 21.0 28.23158 78.16747 19.32795 121.0
21.0 21.0 21.0 28.23158 78.16747 19.32795 3080.0
21.0 21.0 21.0 28.23158 78.16747 19.32795 3080.0
21.0 39.0 39.0 21.82829 50.11007 32.78311 1088.0
21.0 39.0 21.0 28.23158 78.16747 19.32795 1088.0
21.0 40.0 40.0 83.24906 23.55024 42.39651 3.0
21.0 40.0 21.0 28.23158 78.16747 19.32795 3.0
21.0 45.0 45.0 35.09946 116.37062 28.56326 894.0
21.0 45.0 21.0 28.23158 78.16747 19.32795 894.0
22.0 0.0 0.0 55.12746 48.91525 141.99431 323.0
22.0 0.0 22.0 25.05723 80.0136 119.41581 323.0
22.0 2.0 2.0 27.34377 25.38634 87.69166 28.0
22.0 2.0 22.0 25.05723 80.0136 119.41581 28.0
22.0 4.0 4.0 72.03774 108.39112 139.66767 212.0
22.0 4.0 22.0 25.05723 80.0136 119.41581 212.0
22.0 5.0 5.0 36.1234 130.02316 82.17015 582.0
22.0 5.0 22.0 25.05723 80.0136 119.41581 582.0
22.0 6.0 6.0 5.47097 84.78947 74.36814 974.0
22.0 6.0 22.0 25.05723 80.0136 119.41581 974.0
22.0 8.0 8.0 108.19975 86.03278 38.68059 2.0
22.0 8.0 22.0 25.05723 80.0136 119.41581 2.0
22.0 9.0 9.0 78.59564 139.92793 102.62655 1.0
22.0 9.0 22.0 25.05723 80.0136 119.41581 1.0
22.0 13.0 13.0 21.7958 31.14776 56.41218 2.0
22.0 13.0 22.0 25.05723 80.0136 119.41581 2.0
22.0 16.0 16.0 37.11132 39.06153 124.67899 606.0
22.0 16.0 22.0 25.05723 80.0136 119.41581 606.0
22.0 17.0 17.0 122.8521 11.01347 94.56439 1.0
22.0 17.0 22.0 25.05723 80.0136 119.41581 1.0
22.0 19.0 19.0 66.37662 15.84695 45.26717 1.0
22.0 19.0 22.0 25.05723 80.0136 119.41581 1.0
22.0 22.0 22.0 25.05723 80.0136 119.41581 6634.0
22.0 22.0 22.0 25.05723 80.0136 119.41581 6634.0
22.0 27.0 27.0 18.75208 45.34839 103.79252 685.0
22.0 27.0 22.0 25.05723 80.0136 119.41581 685.0
22.0 28.0 28.0 84.35443 38.92625 143.14338 7.0
22.0 28.0 22.0 25.05723 80.0136 119.41581 7.0
22.0 33.0 33.0 97.25708 49.92622 149.23484 1.0
22.0 33.0 22.0 25.05723 80.0136 119.41581 1.0
22.0 36.0 36.0 51.17442 19.4522 119.65857 4.0
22.0 36.0 22.0 25.05723 80.0136 119.41581 4.0
22.0 37.0 37.0 80.2226 11.07434 113.83707 1.0
22.0 37.0 22.0 25.05723 80.0136 119.41581 1.0
22.0 38.0 38.0 88.72733 68.42266 152.6175 13.0
22.0 38.0 22.0 25.05723 80.0136 119.41581 13.0
22.0 41.0 41.0 59.84089 126.042 122.51357 331.0
22.0 41.0 22.0 25.05723 80.0136 119.41581 331.0
22.0 42.0 42.0 56.57344 85.21715 144.94195 789.0
22.0 42.0 22.0 25.05723 80.0136 119.41581 789.0
22.0 43.0 43.0 101.76707 137.70098 99.20387 1.0
22.0 43.0 22.0 25.05723 80.0136 119.41581 1.0
22.0 44.0 44.0 70.22458 22.73457 131.34937 3.0
22.0 44.0 22.0 25.05723 80.0136 119.41581 3.0
23.0 7.0 7.0 121.67116 13.45013 56.90235 3.0
23.0 7.0 23.0 173.48323 43.5218 77.01818 3.0
23.0 8.0 8.0 108.19975 86.03278 38.68059 4.0
23.0 8.0 23.0 173.48323 43.5218 77.01818 4.0
23.0 12.0 12.0 179.82718 86.3602 84.73312 282.0
23.0 12.0 23.0 173.48323 43.5218 77.01818 282.0
23.0 15.0 15.0 145.14766 26.59801 64.65081 389.0
23.0 15.0 23.0 173.48323 43.5218 77.01818 389.0
23.0 17.0 17.0 122.8521 11.01347 94.56439 4.0
23.0 17.0 23.0 173.48323 43.5218 77.01818 4.0
23.0 18.0 18.0 159.20558 24.81462 93.83855 512.0
23.0 18.0 23.0 173.48323 43.5218 77.01818 512.0
23.0 23.0 23.0 173.48323 43.5218 77.01818 1622.0
23.0 23.0 23.0 173.48323 43.5218 77.01818 1622.0
23.0 25.0 25.0 182.85725 63.96384 100.21773 395.0
23.0 25.0 23.0 173.48323 43.5218 77.01818 395.0
23.0 26.0 26.0 132.11423 45.11881 139.10289 7.0
23.0 26.0 23.0 173.48323 43.5218 77.01818 7.0
23.0 28.0 28.0 84.35443 38.92625 143.14338 1.0
23.0 28.0 23.0 173.48323 43.5218 77.01818 1.0
23.0 29.0 29.0 122.62976 20.58011 121.20299 8.0
23.0 29.0 23.0 173.48323 43.5218 77.01818 8.0
23.0 31.0 31.0 121.64774 38.91236 36.06684 69.0
23.0 31.0 23.0 173.48323 43.5218 77.01818 69.0
23.0 32.0 32.0 157.0158 89.10568 58.01047 266.0
23.0 32.0 23.0 173.48323 43.5218 77.01818 266.0
23.0 37.0 37.0 80.2226 11.07434 113.83707 1.0
23.0 37.0 23.0 173.48323 43.5218 77.01818 1.0
23.0 47.0 47.0 164.19582 62.75186 126.10407 148.0
23.0 47.0 23.0 173.48323 43.5218 77.01818 148.0
24.0 0.0 0.0 55.12746 48.91525 141.99431 6.0
24.0 0.0 24.0 107.88524 87.2363 149.14614 6.0
24.0 4.0 4.0 72.03774 108.39112 139.66767 731.0
24.0 4.0 24.0 107.88524 87.2363 149.14614 731.0
24.0 9.0 9.0 78.59564 139.92793 102.62655 4.0
24.0 9.0 24.0 107.88524 87.2363 149.14614 4.0
24.0 17.0 17.0 122.8521 11.01347 94.56439 1.0
24.0 17.0 24.0 107.88524 87.2363 149.14614 1.0
24.0 22.0 22.0 25.05723 80.0136 119.41581 2.0
24.0 22.0 24.0 107.88524 87.2363 149.14614 2.0
24.0 24.0 24.0 107.88524 87.2363 149.14614 4262.0
24.0 24.0 24.0 107.88524 87.2363 149.14614 4262.0
24.0 26.0 26.0 132.11423 45.11881 139.10289 451.0
24.0 26.0 24.0 107.88524 87.2363 149.14614 451.0
24.0 28.0 28.0 84.35443 38.92625 143.14338 20.0
24.0 28.0 24.0 107.88524 87.2363 149.14614 20.0
24.0 30.0 30.0 88.30134 139.92803 62.63935 1.0
24.0 30.0 24.0 107.88524 87.2363 149.14614 1.0
24.0 33.0 33.0 97.25708 49.92622 149.23484 230.0
24.0 33.0 24.0 107.88524 87.2363 149.14614 230.0
24.0 34.0 34.0 127.84942 111.20423 129.60479 1285.0
24.0 34.0 24.0 107.88524 87.2363 149.14614 1285.0
24.0 35.0 35.0 147.86512 121.10655 95.65888 3.0
24.0 35.0 24.0 107.88524 87.2363 149.14614 3.0
24.0 38.0 38.0 88.72733 68.42266 152.6175 998.0
24.0 38.0 24.0 107.88524 87.2363 149.14614 998.0
24.0 41.0 41.0 59.84089 126.042 122.51357 44.0
24.0 41.0 24.0 107.88524 87.2363 149.14614 44.0
24.0 42.0 42.0 56.57344 85.21715 144.94195 258.0
24.0 42.0 24.0 107.88524 87.2363 149.14614 258.0
24.0 43.0 43.0 101.76707 137.70098 99.20387 2.0
24.0 43.0 24.0 107.88524 87.2363 149.14614 2.0
24.0 44.0 44.0 70.22458 22.73457 131.34937 2.0
24.0 44.0 24.0 107.88524 87.2363 149.14614 2.0
24.0 47.0 47.0 164.19582 62.75186 126.10407 101.0
24.0 47.0 24.0 107.88524 87.2363 149.14614 101.0
25.0 7.0 7.0 121.67116 13.45013 56.90235 1.0
25.0 7.0 25.0 182.85725 63.96384 100.21773 1.0
25.0 12.0 12.0 179.82718 86.3602 84.73312 590.0
25.0 12.0 25.0 182.85725 63.96384 100.21773 590.0
25.0 15.0 15.0 145.14766 26.59801 64.65081 4.0
25.0 15.0 25.0 182.85725 63.96384 100.21773 4.0
25.0 18.0 18.0 159.20558 24.81462 93.83855 51.0
25.0 18.0 25.0 182.85725 63.96384 100.21773 51.0
25.0 23.0 23.0 173.48323 43.5218 77.01818 386.0
25.0 23.0 25.0 182.85725 63.96384 100.21773 386.0
25.0 25.0 25.0 182.85725 63.96384 100.21773 1075.0
25.0 25.0 25.0 182.85725 63.96384 100.21773 1075.0
25.0 26.0 26.0 132.11423 45.11881 139.10289 2.0
25.0 26.0 25.0 182.85725 63.96384 100.21773 2.0
25.0 32.0 32.0 157.0158 89.10568 58.01047 16.0
25.0 32.0 25.0 182.85725 63.96384 100.21773 16.0
25.0 34.0 34.0 127.84942 111.20423 129.60479 13.0
25.0 34.0 25.0 182.85725 63.96384 100.21773 13.0
25.0 35.0 35.0 147.86512 121.10655 95.65888 38.0
25.0 35.0 25.0 182.85725 63.96384 100.21773 38.0
25.0 46.0 46.0 114.53087 130.24863 52.74444 1.0
25.0 46.0 25.0 182.85725 63.96384 100.21773 1.0
25.0 47.0 47.0 164.19582 62.75186 126.10407 624.0
25.0 47.0 25.0 182.85725 63.96384 100.21773 624.0
26.0 3.0 3.0 83.12508 3.83402 88.05635 1.0
26.0 3.0 26.0 132.11423 45.11881 139.10289 1.0
26.0 12.0 12.0 179.82718 86.3602 84.73312 1.0
26.0 12.0 26.0 132.11423 45.11881 139.10289 1.0
26.0 17.0 17.0 122.8521 11.01347 94.56439 59.0
26.0 17.0 26.0 132.11423 45.11881 139.10289 59.0
26.0 18.0 18.0 159.20558 24.81462 93.83855 102.0
26.0 18.0 26.0 132.11423 45.11881 139.10289 102.0
26.0 23.0 23.0 173.48323 43.5218 77.01818 3.0
26.0 23.0 26.0 132.11423 45.11881 139.10289 3.0
26.0 24.0 24.0 107.88524 87.2363 149.14614 474.0
26.0 24.0 26.0 132.11423 45.11881 139.10289 474.0
26.0 25.0 25.0 182.85725 63.96384 100.21773 3.0
26.0 25.0 26.0 132.11423 45.11881 139.10289 3.0
26.0 26.0 26.0 132.11423 45.11881 139.10289 3870.0
26.0 26.0 26.0 132.11423 45.11881 139.10289 3870.0
26.0 28.0 28.0 84.35443 38.92625 143.14338 220.0
26.0 28.0 26.0 132.11423 45.11881 139.10289 220.0
26.0 29.0 29.0 122.62976 20.58011 121.20299 919.0
26.0 29.0 26.0 132.11423 45.11881 139.10289 919.0
26.0 33.0 33.0 97.25708 49.92622 149.23484 532.0
26.0 33.0 26.0 132.11423 45.11881 139.10289 532.0
26.0 34.0 34.0 127.84942 111.20423 129.60479 152.0
26.0 34.0 26.0 132.11423 45.11881 139.10289 152.0
26.0 35.0 35.0 147.86512 121.10655 95.65888 1.0
26.0 35.0 26.0 132.11423 45.11881 139.10289 1.0
26.0 37.0 37.0 80.2226 11.07434 113.83707 52.0
26.0 37.0 26.0 132.11423 45.11881 139.10289 52.0
26.0 38.0 38.0 88.72733 68.42266 152.6175 192.0
26.0 38.0 26.0 132.11423 45.11881 139.10289 192.0
26.0 44.0 44.0 70.22458 22.73457 131.34937 4.0
26.0 44.0 26.0 132.11423 45.11881 139.10289 4.0
26.0 47.0 47.0 164.19582 62.75186 126.10407 905.0
26.0 47.0 26.0 132.11423 45.11881 139.10289 905.0
27.0 0.0 0.0 55.12746 48.91525 141.99431 22.0
27.0 0.0 27.0 18.75208 45.34839 103.79252 22.0
27.0 2.0 2.0 27.34377 25.38634 87.69166 819.0
27.0 2.0 27.0 18.75208 45.34839 103.79252 819.0
27.0 3.0 3.0 83.12508 3.83402 88.05635 1.0
27.0 3.0 27.0 18.75208 45.34839 103.79252 1.0
27.0 6.0 6.0 5.47097 84.78947 74.36814 365.0
27.0 6.0 27.0 18.75208 45.34839 103.79252 365.0
27.0 11.0 11.0 48.53004 14.12424 56.47357 6.0
27.0 11.0 27.0 18.75208 45.34839 103.79252 6.0
27.0 13.0 13.0 21.7958 31.14776 56.41218 72.0
27.0 13.0 27.0 18.75208 45.34839 103.79252 72.0
27.0 16.0 16.0 37.11132 39.06153 124.67899 566.0
27.0 16.0 27.0 18.75208 45.34839 103.79252 566.0
27.0 22.0 22.0 25.05723 80.0136 119.41581 666.0
27.0 22.0 27.0 18.75208 45.34839 103.79252 666.0
27.0 27.0 27.0 18.75208 45.34839 103.79252 1623.0
27.0 27.0 27.0 18.75208 45.34839 103.79252 1623.0
27.0 36.0 36.0 51.17442 19.4522 119.65857 41.0
27.0 36.0 27.0 18.75208 45.34839 103.79252 41.0
27.0 37.0 37.0 80.2226 11.07434 113.83707 5.0
27.0 37.0 27.0 18.75208 45.34839 103.79252 5.0
27.0 39.0 39.0 21.82829 50.11007 32.78311 10.0
27.0 39.0 27.0 18.75208 45.34839 103.79252 10.0
27.0 42.0 42.0 56.57344 85.21715 144.94195 2.0
27.0 42.0 27.0 18.75208 45.34839 103.79252 2.0
27.0 44.0 44.0 70.22458 22.73457 131.34937 3.0
27.0 44.0 27.0 18.75208 45.34839 103.79252 3.0
27.0 45.0 45.0 35.09946 116.37062 28.56326 1.0
27.0 45.0 27.0 18.75208 45.34839 103.79252 1.0
28.0 0.0 0.0 55.12746 48.91525 141.99431 544.0
28.0 0.0 28.0 84.35443 38.92625 143.14338 544.0
28.0 3.0 3.0 83.12508 3.83402 88.05635 5.0
28.0 3.0 28.0 84.35443 38.92625 143.14338 5.0
28.0 4.0 4.0 72.03774 108.39112 139.66767 5.0
28.0 4.0 28.0 84.35443 38.92625 143.14338 5.0
28.0 5.0 5.0 36.1234 130.02316 82.17015 1.0
28.0 5.0 28.0 84.35443 38.92625 143.14338 1.0
28.0 16.0 16.0 37.11132 39.06153 124.67899 21.0
28.0 16.0 28.0 84.35443 38.92625 143.14338 21.0
28.0 17.0 17.0 122.8521 11.01347 94.56439 7.0
28.0 17.0 28.0 84.35443 38.92625 143.14338 7.0
28.0 19.0 19.0 66.37662 15.84695 45.26717 1.0
28.0 19.0 28.0 84.35443 38.92625 143.14338 1.0
28.0 22.0 22.0 25.05723 80.0136 119.41581 8.0
28.0 22.0 28.0 84.35443 38.92625 143.14338 8.0
28.0 24.0 24.0 107.88524 87.2363 149.14614 19.0
28.0 24.0 28.0 84.35443 38.92625 143.14338 19.0
28.0 26.0 26.0 132.11423 45.11881 139.10289 192.0
28.0 26.0 28.0 84.35443 38.92625 143.14338 192.0
28.0 28.0 28.0 84.35443 38.92625 143.14338 1499.0
28.0 28.0 28.0 84.35443 38.92625 143.14338 1499.0
28.0 29.0 29.0 122.62976 20.58011 121.20299 235.0
28.0 29.0 28.0 84.35443 38.92625 143.14338 235.0
28.0 33.0 33.0 97.25708 49.92622 149.23484 770.0
28.0 33.0 28.0 84.35443 38.92625 143.14338 770.0
28.0 36.0 36.0 51.17442 19.4522 119.65857 35.0
28.0 36.0 28.0 84.35443 38.92625 143.14338 35.0
28.0 37.0 37.0 80.2226 11.07434 113.83707 372.0
28.0 37.0 28.0 84.35443 38.92625 143.14338 372.0
28.0 38.0 38.0 88.72733 68.42266 152.6175 284.0
28.0 38.0 28.0 84.35443 38.92625 143.14338 284.0
28.0 42.0 42.0 56.57344 85.21715 144.94195 87.0
28.0 42.0 28.0 84.35443 38.92625 143.14338 87.0
28.0 44.0 44.0 70.22458 22.73457 131.34937 465.0
28.0 44.0 28.0 84.35443 38.92625 143.14338 465.0
29.0 0.0 0.0 55.12746 48.91525 141.99431 3.0
29.0 0.0 29.0 122.62976 20.58011 121.20299 3.0
29.0 3.0 3.0 83.12508 3.83402 88.05635 102.0
29.0 3.0 29.0 122.62976 20.58011 121.20299 102.0
29.0 7.0 7.0 121.67116 13.45013 56.90235 7.0
29.0 7.0 29.0 122.62976 20.58011 121.20299 7.0
29.0 10.0 10.0 97.03572 3.92536 61.06565 1.0
29.0 10.0 29.0 122.62976 20.58011 121.20299 1.0
29.0 15.0 15.0 145.14766 26.59801 64.65081 28.0
29.0 15.0 29.0 122.62976 20.58011 121.20299 28.0
29.0 17.0 17.0 122.8521 11.01347 94.56439 759.0
29.0 17.0 29.0 122.62976 20.58011 121.20299 759.0
29.0 18.0 18.0 159.20558 24.81462 93.83855 251.0
29.0 18.0 29.0 122.62976 20.58011 121.20299 251.0
29.0 23.0 23.0 173.48323 43.5218 77.01818 3.0
29.0 23.0 29.0 122.62976 20.58011 121.20299 3.0
29.0 24.0 24.0 107.88524 87.2363 149.14614 2.0
29.0 24.0 29.0 122.62976 20.58011 121.20299 2.0
29.0 25.0 25.0 182.85725 63.96384 100.21773 1.0
29.0 25.0 29.0 122.62976 20.58011 121.20299 1.0
29.0 26.0 26.0 132.11423 45.11881 139.10289 934.0
29.0 26.0 29.0 122.62976 20.58011 121.20299 934.0
29.0 28.0 28.0 84.35443 38.92625 143.14338 256.0
29.0 28.0 29.0 122.62976 20.58011 121.20299 256.0
29.0 29.0 29.0 122.62976 20.58011 121.20299 2281.0
29.0 29.0 29.0 122.62976 20.58011 121.20299 2281.0
29.0 33.0 33.0 97.25708 49.92622 149.23484 96.0
29.0 33.0 29.0 122.62976 20.58011 121.20299 96.0
29.0 37.0 37.0 80.2226 11.07434 113.83707 574.0
29.0 37.0 29.0 122.62976 20.58011 121.20299 574.0
29.0 38.0 38.0 88.72733 68.42266 152.6175 5.0
29.0 38.0 29.0 122.62976 20.58011 121.20299 5.0
29.0 44.0 44.0 70.22458 22.73457 131.34937 33.0
29.0 44.0 29.0 122.62976 20.58011 121.20299 33.0
29.0 46.0 46.0 114.53087 130.24863 52.74444 1.0
29.0 46.0 29.0 122.62976 20.58011 121.20299 1.0
29.0 47.0 47.0 164.19582 62.75186 126.10407 123.0
29.0 47.0 29.0 122.62976 20.58011 121.20299 123.0
30.0 1.0 1.0 66.27307 89.25761 7.45837 163.0
30.0 1.0 30.0 88.30134 139.92803 62.63935 163.0
30.0 2.0 2.0 27.34377 25.38634 87.69166 1.0
30.0 2.0 30.0 88.30134 139.92803 62.63935 1.0
30.0 5.0 5.0 36.1234 130.02316 82.17015 836.0
30.0 5.0 30.0 88.30134 139.92803 62.63935 836.0
30.0 8.0 8.0 108.19975 86.03278 38.68059 291.0
30.0 8.0 30.0 88.30134 139.92803 62.63935 291.0
30.0 9.0 9.0 78.59564 139.92793 102.62655 562.0
30.0 9.0 30.0 88.30134 139.92803 62.63935 562.0
30.0 14.0 14.0 128.3054 116.03513 40.26374 126.0
30.0 14.0 30.0 88.30134 139.92803 62.63935 126.0
30.0 23.0 23.0 173.48323 43.5218 77.01818 1.0
30.0 23.0 30.0 88.30134 139.92803 62.63935 1.0
30.0 30.0 30.0 88.30134 139.92803 62.63935 7202.0
30.0 30.0 30.0 88.30134 139.92803 62.63935 7202.0
30.0 32.0 32.0 157.0158 89.10568 58.01047 2.0
30.0 32.0 30.0 88.30134 139.92803 62.63935 2.0
30.0 34.0 34.0 127.84942 111.20423 129.60479 36.0
30.0 34.0 30.0 88.30134 139.92803 62.63935 36.0
30.0 35.0 35.0 147.86512 121.10655 95.65888 358.0
30.0 35.0 30.0 88.30134 139.92803 62.63935 358.0
30.0 41.0 41.0 59.84089 126.042 122.51357 11.0
30.0 41.0 30.0 88.30134 139.92803 62.63935 11.0
30.0 43.0 43.0 101.76707 137.70098 99.20387 1084.0
30.0 43.0 30.0 88.30134 139.92803 62.63935 1084.0
30.0 45.0 45.0 35.09946 116.37062 28.56326 385.0
30.0 45.0 30.0 88.30134 139.92803 62.63935 385.0
30.0 46.0 46.0 114.53087 130.24863 52.74444 1615.0
30.0 46.0 30.0 88.30134 139.92803 62.63935 1615.0
31.0 3.0 3.0 83.12508 3.83402 88.05635 1.0
31.0 3.0 31.0 121.64774 38.91236 36.06684 1.0
31.0 7.0 7.0 121.67116 13.45013 56.90235 799.0
31.0 7.0 31.0 121.64774 38.91236 36.06684 799.0
31.0 8.0 8.0 108.19975 86.03278 38.68059 935.0
31.0 8.0 31.0 121.64774 38.91236 36.06684 935.0
31.0 10.0 10.0 97.03572 3.92536 61.06565 181.0
31.0 10.0 31.0 121.64774 38.91236 36.06684 181.0
31.0 11.0 11.0 48.53004 14.12424 56.47357 1.0
31.0 11.0 31.0 121.64774 38.91236 36.06684 1.0
31.0 12.0 12.0 179.82718 86.3602 84.73312 7.0
31.0 12.0 31.0 121.64774 38.91236 36.06684 7.0
31.0 14.0 14.0 128.3054 116.03513 40.26374 2.0
31.0 14.0 31.0 121.64774 38.91236 36.06684 2.0
31.0 15.0 15.0 145.14766 26.59801 64.65081 660.0
31.0 15.0 31.0 121.64774 38.91236 36.06684 660.0
31.0 17.0 17.0 122.8521 11.01347 94.56439 5.0
31.0 17.0 31.0 121.64774 38.91236 36.06684 5.0
31.0 18.0 18.0 159.20558 24.81462 93.83855 7.0
31.0 18.0 31.0 121.64774 38.91236 36.06684 7.0
31.0 19.0 19.0 66.37662 15.84695 45.26717 11.0
31.0 19.0 31.0 121.64774 38.91236 36.06684 11.0
31.0 20.0 20.0 84.93195 53.72765 22.16059 1010.0
31.0 20.0 31.0 121.64774 38.91236 36.06684 1010.0
31.0 23.0 23.0 173.48323 43.5218 77.01818 58.0
31.0 23.0 31.0 121.64774 38.91236 36.06684 58.0
31.0 31.0 31.0 121.64774 38.91236 36.06684 5801.0
31.0 31.0 31.0 121.64774 38.91236 36.06684 5801.0
31.0 32.0 32.0 157.0158 89.10568 58.01047 294.0
31.0 32.0 31.0 121.64774 38.91236 36.06684 294.0
31.0 40.0 40.0 83.24906 23.55024 42.39651 520.0
31.0 40.0 31.0 121.64774 38.91236 36.06684 520.0
31.0 45.0 45.0 35.09946 116.37062 28.56326 1.0
31.0 45.0 31.0 121.64774 38.91236 36.06684 1.0
32.0 7.0 7.0 121.67116 13.45013 56.90235 6.0
32.0 7.0 32.0 157.0158 89.10568 58.01047 6.0
32.0 8.0 8.0 108.19975 86.03278 38.68059 773.0
32.0 8.0 32.0 157.0158 89.10568 58.01047 773.0
32.0 12.0 12.0 179.82718 86.3602 84.73312 824.0
32.0 12.0 32.0 157.0158 89.10568 58.01047 824.0
32.0 14.0 14.0 128.3054 116.03513 40.26374 750.0
32.0 14.0 32.0 157.0158 89.10568 58.01047 750.0
32.0 15.0 15.0 145.14766 26.59801 64.65081 200.0
32.0 15.0 32.0 157.0158 89.10568 58.01047 200.0
32.0 18.0 18.0 159.20558 24.81462 93.83855 1.0
32.0 18.0 32.0 157.0158 89.10568 58.01047 1.0
32.0 20.0 20.0 84.93195 53.72765 22.16059 3.0
32.0 20.0 32.0 157.0158 89.10568 58.01047 3.0
32.0 23.0 23.0 173.48323 43.5218 77.01818 231.0
32.0 23.0 32.0 157.0158 89.10568 58.01047 231.0
32.0 25.0 25.0 182.85725 63.96384 100.21773 28.0
32.0 25.0 32.0 157.0158 89.10568 58.01047 28.0
32.0 30.0 30.0 88.30134 139.92803 62.63935 2.0
32.0 30.0 32.0 157.0158 89.10568 58.01047 2.0
32.0 31.0 31.0 121.64774 38.91236 36.06684 261.0
32.0 31.0 32.0 157.0158 89.10568 58.01047 261.0
32.0 32.0 32.0 157.0158 89.10568 58.01047 4588.0
32.0 32.0 32.0 157.0158 89.10568 58.01047 4588.0
32.0 35.0 35.0 147.86512 121.10655 95.65888 452.0
32.0 35.0 32.0 157.0158 89.10568 58.01047 452.0
32.0 46.0 46.0 114.53087 130.24863 52.74444 142.0
32.0 46.0 32.0 157.0158 89.10568 58.01047 142.0
33.0 0.0 0.0 55.12746 48.91525 141.99431 127.0
33.0 0.0 33.0 97.25708 49.92622 149.23484 127.0
33.0 4.0 4.0 72.03774 108.39112 139.66767 4.0
33.0 4.0 33.0 97.25708 49.92622 149.23484 4.0
33.0 16.0 16.0 37.11132 39.06153 124.67899 3.0
33.0 16.0 33.0 97.25708 49.92622 149.23484 3.0
33.0 17.0 17.0 122.8521 11.01347 94.56439 2.0
33.0 17.0 33.0 97.25708 49.92622 149.23484 2.0
33.0 22.0 22.0 25.05723 80.0136 119.41581 1.0
33.0 22.0 33.0 97.25708 49.92622 149.23484 1.0
33.0 24.0 24.0 107.88524 87.2363 149.14614 246.0
33.0 24.0 33.0 97.25708 49.92622 149.23484 246.0
33.0 26.0 26.0 132.11423 45.11881 139.10289 549.0
33.0 26.0 33.0 97.25708 49.92622 149.23484 549.0
33.0 28.0 28.0 84.35443 38.92625 143.14338 786.0
33.0 28.0 33.0 97.25708 49.92622 149.23484 786.0
33.0 29.0 29.0 122.62976 20.58011 121.20299 103.0
33.0 29.0 33.0 97.25708 49.92622 149.23484 103.0
33.0 33.0 33.0 97.25708 49.92622 149.23484 1280.0
33.0 33.0 33.0 97.25708 49.92622 149.23484 1280.0
33.0 34.0 34.0 127.84942 111.20423 129.60479 2.0
33.0 34.0 33.0 97.25708 49.92622 149.23484 2.0
33.0 36.0 36.0 51.17442 19.4522 119.65857 3.0
33.0 36.0 33.0 97.25708 49.92622 149.23484 3.0
33.0 37.0 37.0 80.2226 11.07434 113.83707 41.0
33.0 37.0 33.0 97.25708 49.92622 149.23484 41.0
33.0 38.0 38.0 88.72733 68.42266 152.6175 710.0
33.0 38.0 33.0 97.25708 49.92622 149.23484 710.0
33.0 42.0 42.0 56.57344 85.21715 144.94195 73.0
33.0 42.0 33.0 97.25708 49.92622 149.23484 73.0
33.0 44.0 44.0 70.22458 22.73457 131.34937 59.0
33.0 44.0 33.0 97.25708 49.92622 149.23484 59.0
33.0 47.0 47.0 164.19582 62.75186 126.10407 2.0
33.0 47.0 33.0 97.25708 49.92622 149.23484 2.0
34.0 4.0 4.0 72.03774 108.39112 139.66767 412.0
34.0 4.0 34.0 127.84942 111.20423 129.60479 412.0
34.0 5.0 5.0 36.1234 130.02316 82.17015 1.0
34.0 5.0 34.0 127.84942 111.20423 129.60479 1.0
34.0 9.0 9.0 78.59564 139.92793 102.62655 299.0
34.0 9.0 34.0 127.84942 111.20423 129.60479 299.0
34.0 12.0 12.0 179.82718 86.3602 84.73312 54.0
34.0 12.0 34.0 127.84942 111.20423 129.60479 54.0
34.0 14.0 14.0 128.3054 116.03513 40.26374 1.0
34.0 14.0 34.0 127.84942 111.20423 129.60479 1.0
34.0 24.0 24.0 107.88524 87.2363 149.14614 1275.0
34.0 24.0 34.0 127.84942 111.20423 129.60479 1275.0
34.0 25.0 25.0 182.85725 63.96384 100.21773 11.0
34.0 25.0 34.0 127.84942 111.20423 129.60479 11.0
34.0 26.0 26.0 132.11423 45.11881 139.10289 157.0
34.0 26.0 34.0 127.84942 111.20423 129.60479 157.0
34.0 30.0 30.0 88.30134 139.92803 62.63935 40.0
34.0 30.0 34.0 127.84942 111.20423 129.60479 40.0
34.0 32.0 32.0 157.0158 89.10568 58.01047 2.0
34.0 32.0 34.0 127.84942 111.20423 129.60479 2.0
34.0 33.0 33.0 97.25708 49.92622 149.23484 5.0
34.0 33.0 34.0 127.84942 111.20423 129.60479 5.0
34.0 34.0 34.0 127.84942 111.20423 129.60479 8319.0
34.0 34.0 34.0 127.84942 111.20423 129.60479 8319.0
34.0 35.0 35.0 147.86512 121.10655 95.65888 1239.0
34.0 35.0 34.0 127.84942 111.20423 129.60479 1239.0
34.0 38.0 38.0 88.72733 68.42266 152.6175 21.0
34.0 38.0 34.0 127.84942 111.20423 129.60479 21.0
34.0 41.0 41.0 59.84089 126.042 122.51357 209.0
34.0 41.0 34.0 127.84942 111.20423 129.60479 209.0
34.0 42.0 42.0 56.57344 85.21715 144.94195 4.0
34.0 42.0 34.0 127.84942 111.20423 129.60479 4.0
34.0 43.0 43.0 101.76707 137.70098 99.20387 722.0
34.0 43.0 34.0 127.84942 111.20423 129.60479 722.0
34.0 46.0 46.0 114.53087 130.24863 52.74444 4.0
34.0 46.0 34.0 127.84942 111.20423 129.60479 4.0
34.0 47.0 47.0 164.19582 62.75186 126.10407 595.0
34.0 47.0 34.0 127.84942 111.20423 129.60479 595.0
35.0 8.0 8.0 108.19975 86.03278 38.68059 4.0
35.0 8.0 35.0 147.86512 121.10655 95.65888 4.0
35.0 9.0 9.0 78.59564 139.92793 102.62655 7.0
35.0 9.0 35.0 147.86512 121.10655 95.65888 7.0
35.0 12.0 12.0 179.82718 86.3602 84.73312 596.0
35.0 12.0 35.0 147.86512 121.10655 95.65888 596.0
35.0 14.0 14.0 128.3054 116.03513 40.26374 148.0
35.0 14.0 35.0 147.86512 121.10655 95.65888 148.0
35.0 24.0 24.0 107.88524 87.2363 149.14614 3.0
35.0 24.0 35.0 147.86512 121.10655 95.65888 3.0
35.0 25.0 25.0 182.85725 63.96384 100.21773 48.0
35.0 25.0 35.0 147.86512 121.10655 95.65888 48.0
35.0 26.0 26.0 132.11423 45.11881 139.10289 1.0
35.0 26.0 35.0 147.86512 121.10655 95.65888 1.0
35.0 28.0 28.0 84.35443 38.92625 143.14338 2.0
35.0 28.0 35.0 147.86512 121.10655 95.65888 2.0
35.0 30.0 30.0 88.30134 139.92803 62.63935 336.0
35.0 30.0 35.0 147.86512 121.10655 95.65888 336.0
35.0 32.0 32.0 157.0158 89.10568 58.01047 477.0
35.0 32.0 35.0 147.86512 121.10655 95.65888 477.0
35.0 34.0 34.0 127.84942 111.20423 129.60479 1275.0
35.0 34.0 35.0 147.86512 121.10655 95.65888 1275.0
35.0 35.0 35.0 147.86512 121.10655 95.65888 5600.0
35.0 35.0 35.0 147.86512 121.10655 95.65888 5600.0
35.0 41.0 41.0 59.84089 126.042 122.51357 1.0
35.0 41.0 35.0 147.86512 121.10655 95.65888 1.0
35.0 43.0 43.0 101.76707 137.70098 99.20387 424.0
35.0 43.0 35.0 147.86512 121.10655 95.65888 424.0
35.0 46.0 46.0 114.53087 130.24863 52.74444 577.0
35.0 46.0 35.0 147.86512 121.10655 95.65888 577.0
35.0 47.0 47.0 164.19582 62.75186 126.10407 160.0
35.0 47.0 35.0 147.86512 121.10655 95.65888 160.0
36.0 0.0 0.0 55.12746 48.91525 141.99431 221.0
36.0 0.0 36.0 51.17442 19.4522 119.65857 221.0
36.0 2.0 2.0 27.34377 25.38634 87.69166 244.0
36.0 2.0 36.0 51.17442 19.4522 119.65857 244.0
36.0 3.0 3.0 83.12508 3.83402 88.05635 82.0
36.0 3.0 36.0 51.17442 19.4522 119.65857 82.0
36.0 8.0 8.0 108.19975 86.03278 38.68059 1.0
36.0 8.0 36.0 51.17442 19.4522 119.65857 1.0
36.0 10.0 10.0 97.03572 3.92536 61.06565 1.0
36.0 10.0 36.0 51.17442 19.4522 119.65857 1.0
36.0 11.0 11.0 48.53004 14.12424 56.47357 33.0
36.0 11.0 36.0 51.17442 19.4522 119.65857 33.0
36.0 13.0 13.0 21.7958 31.14776 56.41218 2.0
36.0 13.0 36.0 51.17442 19.4522 119.65857 2.0
36.0 16.0 16.0 37.11132 39.06153 124.67899 522.0
36.0 16.0 36.0 51.17442 19.4522 119.65857 522.0
36.0 22.0 22.0 25.05723 80.0136 119.41581 5.0
36.0 22.0 36.0 51.17442 19.4522 119.65857 5.0
36.0 27.0 27.0 18.75208 45.34839 103.79252 50.0
36.0 27.0 36.0 51.17442 19.4522 119.65857 50.0
36.0 28.0 28.0 84.35443 38.92625 143.14338 36.0
36.0 28.0 36.0 51.17442 19.4522 119.65857 36.0
36.0 33.0 33.0 97.25708 49.92622 149.23484 2.0
36.0 33.0 36.0 51.17442 19.4522 119.65857 2.0
36.0 36.0 36.0 51.17442 19.4522 119.65857 713.0
36.0 36.0 36.0 51.17442 19.4522 119.65857 713.0
36.0 37.0 37.0 80.2226 11.07434 113.83707 424.0
36.0 37.0 36.0 51.17442 19.4522 119.65857 424.0
36.0 44.0 44.0 70.22458 22.73457 131.34937 394.0
36.0 44.0 36.0 51.17442 19.4522 119.65857 394.0
37.0 0.0 0.0 55.12746 48.91525 141.99431 42.0
37.0 0.0 37.0 80.2226 11.07434 113.83707 42.0
37.0 2.0 2.0 27.34377 25.38634 87.69166 191.0
37.0 2.0 37.0 80.2226 11.07434 113.83707 191.0
37.0 3.0 3.0 83.12508 3.83402 88.05635 1243.0
37.0 3.0 37.0 80.2226 11.07434 113.83707 1243.0
37.0 7.0 7.0 121.67116 13.45013 56.90235 3.0
37.0 7.0 37.0 80.2226 11.07434 113.83707 3.0
37.0 10.0 10.0 97.03572 3.92536 61.06565 20.0
37.0 10.0 37.0 80.2226 11.07434 113.83707 20.0
37.0 11.0 11.0 48.53004 14.12424 56.47357 118.0
37.0 11.0 37.0 80.2226 11.07434 113.83707 118.0
37.0 13.0 13.0 21.7958 31.14776 56.41218 1.0
37.0 13.0 37.0 80.2226 11.07434 113.83707 1.0
37.0 16.0 16.0 37.11132 39.06153 124.67899 92.0
37.0 16.0 37.0 80.2226 11.07434 113.83707 92.0
37.0 17.0 17.0 122.8521 11.01347 94.56439 275.0
37.0 17.0 37.0 80.2226 11.07434 113.83707 275.0
37.0 18.0 18.0 159.20558 24.81462 93.83855 1.0
37.0 18.0 37.0 80.2226 11.07434 113.83707 1.0
37.0 19.0 19.0 66.37662 15.84695 45.26717 7.0
37.0 19.0 37.0 80.2226 11.07434 113.83707 7.0
37.0 26.0 26.0 132.11423 45.11881 139.10289 55.0
37.0 26.0 37.0 80.2226 11.07434 113.83707 55.0
37.0 27.0 27.0 18.75208 45.34839 103.79252 7.0
37.0 27.0 37.0 80.2226 11.07434 113.83707 7.0
37.0 28.0 28.0 84.35443 38.92625 143.14338 353.0
37.0 28.0 37.0 80.2226 11.07434 113.83707 353.0
37.0 29.0 29.0 122.62976 20.58011 121.20299 583.0
37.0 29.0 37.0 80.2226 11.07434 113.83707 583.0
37.0 33.0 33.0 97.25708 49.92622 149.23484 56.0
37.0 33.0 37.0 80.2226 11.07434 113.83707 56.0
37.0 36.0 36.0 51.17442 19.4522 119.65857 443.0
37.0 36.0 37.0 80.2226 11.07434 113.83707 443.0
37.0 37.0 37.0 80.2226 11.07434 113.83707 3852.0
37.0 37.0 37.0 80.2226 11.07434 113.83707 3852.0
37.0 38.0 38.0 88.72733 68.42266 152.6175 1.0
37.0 38.0 37.0 80.2226 11.07434 113.83707 1.0
37.0 40.0 40.0 83.24906 23.55024 42.39651 1.0
37.0 40.0 37.0 80.2226 11.07434 113.83707 1.0
37.0 42.0 42.0 56.57344 85.21715 144.94195 1.0
37.0 42.0 37.0 80.2226 11.07434 113.83707 1.0
37.0 44.0 44.0 70.22458 22.73457 131.34937 709.0
37.0 44.0 37.0 80.2226 11.07434 113.83707 709.0
38.0 0.0 0.0 55.12746 48.91525 141.99431 196.0
38.0 0.0 38.0 88.72733 68.42266 152.6175 196.0
38.0 2.0 2.0 27.34377 25.38634 87.69166 1.0
38.0 2.0 38.0 88.72733 68.42266 152.6175 1.0
38.0 4.0 4.0 72.03774 108.39112 139.66767 116.0
38.0 4.0 38.0 88.72733 68.42266 152.6175 116.0
38.0 16.0 16.0 37.11132 39.06153 124.67899 3.0
38.0 16.0 38.0 88.72733 68.42266 152.6175 3.0
38.0 22.0 22.0 25.05723 80.0136 119.41581 12.0
38.0 22.0 38.0 88.72733 68.42266 152.6175 12.0
38.0 24.0 24.0 107.88524 87.2363 149.14614 944.0
38.0 24.0 38.0 88.72733 68.42266 152.6175 944.0
38.0 26.0 26.0 132.11423 45.11881 139.10289 198.0
38.0 26.0 38.0 88.72733 68.42266 152.6175 198.0
38.0 28.0 28.0 84.35443 38.92625 143.14338 291.0
38.0 28.0 38.0 88.72733 68.42266 152.6175 291.0
38.0 29.0 29.0 122.62976 20.58011 121.20299 2.0
38.0 29.0 38.0 88.72733 68.42266 152.6175 2.0
38.0 33.0 33.0 97.25708 49.92622 149.23484 747.0
38.0 33.0 38.0 88.72733 68.42266 152.6175 747.0
38.0 34.0 34.0 127.84942 111.20423 129.60479 23.0
38.0 34.0 38.0 88.72733 68.42266 152.6175 23.0
38.0 36.0 36.0 51.17442 19.4522 119.65857 2.0
38.0 36.0 38.0 88.72733 68.42266 152.6175 2.0
38.0 37.0 37.0 80.2226 11.07434 113.83707 1.0
38.0 37.0 38.0 88.72733 68.42266 152.6175 1.0
38.0 38.0 38.0 88.72733 68.42266 152.6175 1519.0
38.0 38.0 38.0 88.72733 68.42266 152.6175 1519.0
38.0 41.0 41.0 59.84089 126.042 122.51357 2.0
38.0 41.0 38.0 88.72733 68.42266 152.6175 2.0
38.0 42.0 42.0 56.57344 85.21715 144.94195 553.0
38.0 42.0 38.0 88.72733 68.42266 152.6175 553.0
38.0 44.0 44.0 70.22458 22.73457 131.34937 7.0
38.0 44.0 38.0 88.72733 68.42266 152.6175 7.0
38.0 47.0 47.0 164.19582 62.75186 126.10407 3.0
38.0 47.0 38.0 88.72733 68.42266 152.6175 3.0
39.0 1.0 1.0 66.27307 89.25761 7.45837 123.0
39.0 1.0 39.0 21.82829 50.11007 32.78311 123.0
39.0 2.0 2.0 27.34377 25.38634 87.69166 74.0
39.0 2.0 39.0 21.82829 50.11007 32.78311 74.0
39.0 5.0 5.0 36.1234 130.02316 82.17015 1.0
39.0 5.0 39.0 21.82829 50.11007 32.78311 1.0
39.0 6.0 6.0 5.47097 84.78947 74.36814 712.0
39.0 6.0 39.0 21.82829 50.11007 32.78311 712.0
39.0 8.0 8.0 108.19975 86.03278 38.68059 2.0
39.0 8.0 39.0 21.82829 50.11007 32.78311 2.0
39.0 11.0 11.0 48.53004 14.12424 56.47357 420.0
39.0 11.0 39.0 21.82829 50.11007 32.78311 420.0
39.0 12.0 12.0 179.82718 86.3602 84.73312 1.0
39.0 12.0 39.0 21.82829 50.11007 32.78311 1.0
39.0 13.0 13.0 21.7958 31.14776 56.41218 875.0
39.0 13.0 39.0 21.82829 50.11007 32.78311 875.0
39.0 19.0 19.0 66.37662 15.84695 45.26717 120.0
39.0 19.0 39.0 21.82829 50.11007 32.78311 120.0
39.0 20.0 20.0 84.93195 53.72765 22.16059 244.0
39.0 20.0 39.0 21.82829 50.11007 32.78311 244.0
39.0 21.0 21.0 28.23158 78.16747 19.32795 1050.0
39.0 21.0 39.0 21.82829 50.11007 32.78311 1050.0
39.0 27.0 27.0 18.75208 45.34839 103.79252 10.0
39.0 27.0 39.0 21.82829 50.11007 32.78311 10.0
39.0 39.0 39.0 21.82829 50.11007 32.78311 4779.0
39.0 39.0 39.0 21.82829 50.11007 32.78311 4779.0
39.0 40.0 40.0 83.24906 23.55024 42.39651 14.0
39.0 40.0 39.0 21.82829 50.11007 32.78311 14.0
39.0 45.0 45.0 35.09946 116.37062 28.56326 45.0
39.0 45.0 39.0 21.82829 50.11007 32.78311 45.0
40.0 1.0 1.0 66.27307 89.25761 7.45837 5.0
40.0 1.0 40.0 83.24906 23.55024 42.39651 5.0
40.0 2.0 2.0 27.34377 25.38634 87.69166 1.0
40.0 2.0 40.0 83.24906 23.55024 42.39651 1.0
40.0 3.0 3.0 83.12508 3.83402 88.05635 64.0
40.0 3.0 40.0 83.24906 23.55024 42.39651 64.0
40.0 7.0 7.0 121.67116 13.45013 56.90235 114.0
40.0 7.0 40.0 83.24906 23.55024 42.39651 114.0
40.0 8.0 8.0 108.19975 86.03278 38.68059 11.0
40.0 8.0 40.0 83.24906 23.55024 42.39651 11.0
40.0 10.0 10.0 97.03572 3.92536 61.06565 615.0
40.0 10.0 40.0 83.24906 23.55024 42.39651 615.0
40.0 11.0 11.0 48.53004 14.12424 56.47357 252.0
40.0 11.0 40.0 83.24906 23.55024 42.39651 252.0
40.0 13.0 13.0 21.7958 31.14776 56.41218 3.0
40.0 13.0 40.0 83.24906 23.55024 42.39651 3.0
40.0 15.0 15.0 145.14766 26.59801 64.65081 3.0
40.0 15.0 40.0 83.24906 23.55024 42.39651 3.0
40.0 17.0 17.0 122.8521 11.01347 94.56439 3.0
40.0 17.0 40.0 83.24906 23.55024 42.39651 3.0
40.0 19.0 19.0 66.37662 15.84695 45.26717 731.0
40.0 19.0 40.0 83.24906 23.55024 42.39651 731.0
40.0 20.0 20.0 84.93195 53.72765 22.16059 848.0
40.0 20.0 40.0 83.24906 23.55024 42.39651 848.0
40.0 21.0 21.0 28.23158 78.16747 19.32795 5.0
40.0 21.0 40.0 83.24906 23.55024 42.39651 5.0
40.0 31.0 31.0 121.64774 38.91236 36.06684 540.0
40.0 31.0 40.0 83.24906 23.55024 42.39651 540.0
40.0 37.0 37.0 80.2226 11.07434 113.83707 3.0
40.0 37.0 40.0 83.24906 23.55024 42.39651 3.0
40.0 39.0 39.0 21.82829 50.11007 32.78311 18.0
40.0 39.0 40.0 83.24906 23.55024 42.39651 18.0
40.0 40.0 40.0 83.24906 23.55024 42.39651 2106.0
40.0 40.0 40.0 83.24906 23.55024 42.39651 2106.0
41.0 0.0 0.0 55.12746 48.91525 141.99431 1.0
41.0 0.0 41.0 59.84089 126.042 122.51357 1.0
41.0 4.0 4.0 72.03774 108.39112 139.66767 1398.0
41.0 4.0 41.0 59.84089 126.042 122.51357 1398.0
41.0 5.0 5.0 36.1234 130.02316 82.17015 1107.0
41.0 5.0 41.0 59.84089 126.042 122.51357 1107.0
41.0 6.0 6.0 5.47097 84.78947 74.36814 7.0
41.0 6.0 41.0 59.84089 126.042 122.51357 7.0
41.0 9.0 9.0 78.59564 139.92793 102.62655 1014.0
41.0 9.0 41.0 59.84089 126.042 122.51357 1014.0
41.0 13.0 13.0 21.7958 31.14776 56.41218 1.0
41.0 13.0 41.0 59.84089 126.042 122.51357 1.0
41.0 22.0 22.0 25.05723 80.0136 119.41581 316.0
41.0 22.0 41.0 59.84089 126.042 122.51357 316.0
41.0 24.0 24.0 107.88524 87.2363 149.14614 47.0
41.0 24.0 41.0 59.84089 126.042 122.51357 47.0
41.0 28.0 28.0 84.35443 38.92625 143.14338 1.0
41.0 28.0 41.0 59.84089 126.042 122.51357 1.0
41.0 30.0 30.0 88.30134 139.92803 62.63935 14.0
41.0 30.0 41.0 59.84089 126.042 122.51357 14.0
41.0 34.0 34.0 127.84942 111.20423 129.60479 211.0
41.0 34.0 41.0 59.84089 126.042 122.51357 211.0
41.0 38.0 38.0 88.72733 68.42266 152.6175 2.0
41.0 38.0 41.0 59.84089 126.042 122.51357 2.0
41.0 41.0 41.0 59.84089 126.042 122.51357 4337.0
41.0 41.0 41.0 59.84089 126.042 122.51357 4337.0
41.0 42.0 42.0 56.57344 85.21715 144.94195 186.0
41.0 42.0 41.0 59.84089 126.042 122.51357 186.0
41.0 43.0 43.0 101.76707 137.70098 99.20387 179.0
41.0 43.0 41.0 59.84089 126.042 122.51357 179.0
42.0 0.0 0.0 55.12746 48.91525 141.99431 459.0
42.0 0.0 42.0 56.57344 85.21715 144.94195 459.0
42.0 4.0 4.0 72.03774 108.39112 139.66767 1037.0
42.0 4.0 42.0 56.57344 85.21715 144.94195 1037.0
42.0 5.0 5.0 36.1234 130.02316 82.17015 24.0
42.0 5.0 42.0 56.57344 85.21715 144.94195 24.0
42.0 7.0 7.0 121.67116 13.45013 56.90235 1.0
42.0 7.0 42.0 56.57344 85.21715 144.94195 1.0
42.0 16.0 16.0 37.11132 39.06153 124.67899 75.0
42.0 16.0 42.0 56.57344 85.21715 144.94195 75.0
42.0 22.0 22.0 25.05723 80.0136 119.41581 803.0
42.0 22.0 42.0 56.57344 85.21715 144.94195 803.0
42.0 24.0 24.0 107.88524 87.2363 149.14614 241.0
42.0 24.0 42.0 56.57344 85.21715 144.94195 241.0
42.0 27.0 27.0 18.75208 45.34839 103.79252 1.0
42.0 27.0 42.0 56.57344 85.21715 144.94195 1.0
42.0 28.0 28.0 84.35443 38.92625 143.14338 97.0
42.0 28.0 42.0 56.57344 85.21715 144.94195 97.0
42.0 33.0 33.0 97.25708 49.92622 149.23484 75.0
42.0 33.0 42.0 56.57344 85.21715 144.94195 75.0
42.0 34.0 34.0 127.84942 111.20423 129.60479 3.0
42.0 34.0 42.0 56.57344 85.21715 144.94195 3.0
42.0 36.0 36.0 51.17442 19.4522 119.65857 2.0
42.0 36.0 42.0 56.57344 85.21715 144.94195 2.0
42.0 37.0 37.0 80.2226 11.07434 113.83707 1.0
42.0 37.0 42.0 56.57344 85.21715 144.94195 1.0
42.0 38.0 38.0 88.72733 68.42266 152.6175 546.0
42.0 38.0 42.0 56.57344 85.21715 144.94195 546.0
42.0 41.0 41.0 59.84089 126.042 122.51357 195.0
42.0 41.0 42.0 56.57344 85.21715 144.94195 195.0
42.0 42.0 42.0 56.57344 85.21715 144.94195 2738.0
42.0 42.0 42.0 56.57344 85.21715 144.94195 2738.0
42.0 44.0 44.0 70.22458 22.73457 131.34937 2.0
42.0 44.0 42.0 56.57344 85.21715 144.94195 2.0
43.0 4.0 4.0 72.03774 108.39112 139.66767 38.0
43.0 4.0 43.0 101.76707 137.70098 99.20387 38.0
43.0 5.0 5.0 36.1234 130.02316 82.17015 37.0
43.0 5.0 43.0 101.76707 137.70098 99.20387 37.0
43.0 8.0 8.0 108.19975 86.03278 38.68059 1.0
43.0 8.0 43.0 101.76707 137.70098 99.20387 1.0
43.0 9.0 9.0 78.59564 139.92793 102.62655 1007.0
43.0 9.0 43.0 101.76707 137.70098 99.20387 1007.0
43.0 24.0 24.0 107.88524 87.2363 149.14614 9.0
43.0 24.0 43.0 101.76707 137.70098 99.20387 9.0
43.0 30.0 30.0 88.30134 139.92803 62.63935 1022.0
43.0 30.0 43.0 101.76707 137.70098 99.20387 1022.0
43.0 34.0 34.0 127.84942 111.20423 129.60479 704.0
43.0 34.0 43.0 101.76707 137.70098 99.20387 704.0
43.0 35.0 35.0 147.86512 121.10655 95.65888 417.0
43.0 35.0 43.0 101.76707 137.70098 99.20387 417.0
43.0 37.0 37.0 80.2226 11.07434 113.83707 1.0
43.0 37.0 43.0 101.76707 137.70098 99.20387 1.0
43.0 41.0 41.0 59.84089 126.042 122.51357 141.0
43.0 41.0 43.0 101.76707 137.70098 99.20387 141.0
43.0 43.0 43.0 101.76707 137.70098 99.20387 2270.0
43.0 43.0 43.0 101.76707 137.70098 99.20387 2270.0
43.0 45.0 45.0 35.09946 116.37062 28.56326 1.0
43.0 45.0 43.0 101.76707 137.70098 99.20387 1.0
43.0 46.0 46.0 114.53087 130.24863 52.74444 95.0
43.0 46.0 43.0 101.76707 137.70098 99.20387 95.0
44.0 0.0 0.0 55.12746 48.91525 141.99431 314.0
44.0 0.0 44.0 70.22458 22.73457 131.34937 314.0
44.0 2.0 2.0 27.34377 25.38634 87.69166 17.0
44.0 2.0 44.0 70.22458 22.73457 131.34937 17.0
44.0 3.0 3.0 83.12508 3.83402 88.05635 29.0
44.0 3.0 44.0 70.22458 22.73457 131.34937 29.0
44.0 6.0 6.0 5.47097 84.78947 74.36814 1.0
44.0 6.0 44.0 70.22458 22.73457 131.34937 1.0
44.0 16.0 16.0 37.11132 39.06153 124.67899 106.0
44.0 16.0 44.0 70.22458 22.73457 131.34937 106.0
44.0 22.0 22.0 25.05723 80.0136 119.41581 1.0
44.0 22.0 44.0 70.22458 22.73457 131.34937 1.0
44.0 24.0 24.0 107.88524 87.2363 149.14614 1.0
44.0 24.0 44.0 70.22458 22.73457 131.34937 1.0
44.0 26.0 26.0 132.11423 45.11881 139.10289 7.0
44.0 26.0 44.0 70.22458 22.73457 131.34937 7.0
44.0 27.0 27.0 18.75208 45.34839 103.79252 3.0
44.0 27.0 44.0 70.22458 22.73457 131.34937 3.0
44.0 28.0 28.0 84.35443 38.92625 143.14338 414.0
44.0 28.0 44.0 70.22458 22.73457 131.34937 414.0
44.0 29.0 29.0 122.62976 20.58011 121.20299 49.0
44.0 29.0 44.0 70.22458 22.73457 131.34937 49.0
44.0 33.0 33.0 97.25708 49.92622 149.23484 50.0
44.0 33.0 44.0 70.22458 22.73457 131.34937 50.0
44.0 36.0 36.0 51.17442 19.4522 119.65857 415.0
44.0 36.0 44.0 70.22458 22.73457 131.34937 415.0
44.0 37.0 37.0 80.2226 11.07434 113.83707 715.0
44.0 37.0 44.0 70.22458 22.73457 131.34937 715.0
44.0 38.0 38.0 88.72733 68.42266 152.6175 15.0
44.0 38.0 44.0 70.22458 22.73457 131.34937 15.0
44.0 40.0 40.0 83.24906 23.55024 42.39651 1.0
44.0 40.0 44.0 70.22458 22.73457 131.34937 1.0
44.0 41.0 41.0 59.84089 126.042 122.51357 1.0
44.0 41.0 44.0 70.22458 22.73457 131.34937 1.0
44.0 42.0 42.0 56.57344 85.21715 144.94195 2.0
44.0 42.0 44.0 70.22458 22.73457 131.34937 2.0
44.0 44.0 44.0 70.22458 22.73457 131.34937 869.0
44.0 44.0 44.0 70.22458 22.73457 131.34937 869.0
45.0 1.0 1.0 66.27307 89.25761 7.45837 914.0
45.0 1.0 45.0 35.09946 116.37062 28.56326 914.0
45.0 5.0 5.0 36.1234 130.02316 82.17015 967.0
45.0 5.0 45.0 35.09946 116.37062 28.56326 967.0
45.0 6.0 6.0 5.47097 84.78947 74.36814 503.0
45.0 6.0 45.0 35.09946 116.37062 28.56326 503.0
45.0 8.0 8.0 108.19975 86.03278 38.68059 49.0
45.0 8.0 45.0 35.09946 116.37062 28.56326 49.0
45.0 14.0 14.0 128.3054 116.03513 40.26374 1.0
45.0 14.0 45.0 35.09946 116.37062 28.56326 1.0
45.0 20.0 20.0 84.93195 53.72765 22.16059 1.0
45.0 20.0 45.0 35.09946 116.37062 28.56326 1.0
45.0 21.0 21.0 28.23158 78.16747 19.32795 920.0
45.0 21.0 45.0 35.09946 116.37062 28.56326 920.0
45.0 22.0 22.0 25.05723 80.0136 119.41581 1.0
45.0 22.0 45.0 35.09946 116.37062 28.56326 1.0
45.0 30.0 30.0 88.30134 139.92803 62.63935 401.0
45.0 30.0 45.0 35.09946 116.37062 28.56326 401.0
45.0 39.0 39.0 21.82829 50.11007 32.78311 38.0
45.0 39.0 45.0 35.09946 116.37062 28.56326 38.0
45.0 45.0 45.0 35.09946 116.37062 28.56326 6470.0
45.0 45.0 45.0 35.09946 116.37062 28.56326 6470.0
45.0 46.0 46.0 114.53087 130.24863 52.74444 25.0
45.0 46.0 45.0 35.09946 116.37062 28.56326 25.0
46.0 1.0 1.0 66.27307 89.25761 7.45837 63.0
46.0 1.0 46.0 114.53087 130.24863 52.74444 63.0
46.0 5.0 5.0 36.1234 130.02316 82.17015 4.0
46.0 5.0 46.0 114.53087 130.24863 52.74444 4.0
46.0 8.0 8.0 108.19975 86.03278 38.68059 504.0
46.0 8.0 46.0 114.53087 130.24863 52.74444 504.0
46.0 9.0 9.0 78.59564 139.92793 102.62655 4.0
46.0 9.0 46.0 114.53087 130.24863 52.74444 4.0
46.0 12.0 12.0 179.82718 86.3602 84.73312 3.0
46.0 12.0 46.0 114.53087 130.24863 52.74444 3.0
46.0 14.0 14.0 128.3054 116.03513 40.26374 1382.0
46.0 14.0 46.0 114.53087 130.24863 52.74444 1382.0
46.0 30.0 30.0 88.30134 139.92803 62.63935 1666.0
46.0 30.0 46.0 114.53087 130.24863 52.74444 1666.0
46.0 31.0 31.0 121.64774 38.91236 36.06684 1.0
46.0 31.0 46.0 114.53087 130.24863 52.74444 1.0
46.0 32.0 32.0 157.0158 89.10568 58.01047 149.0
46.0 32.0 46.0 114.53087 130.24863 52.74444 149.0
46.0 34.0 34.0 127.84942 111.20423 129.60479 5.0
46.0 34.0 46.0 114.53087 130.24863 52.74444 5.0
46.0 35.0 35.0 147.86512 121.10655 95.65888 580.0
46.0 35.0 46.0 114.53087 130.24863 52.74444 580.0
46.0 43.0 43.0 101.76707 137.70098 99.20387 73.0
46.0 43.0 46.0 114.53087 130.24863 52.74444 73.0
46.0 45.0 45.0 35.09946 116.37062 28.56326 30.0
46.0 45.0 46.0 114.53087 130.24863 52.74444 30.0
46.0 46.0 46.0 114.53087 130.24863 52.74444 3379.0
46.0 46.0 46.0 114.53087 130.24863 52.74444 3379.0
47.0 12.0 12.0 179.82718 86.3602 84.73312 205.0
47.0 12.0 47.0 164.19582 62.75186 126.10407 205.0
47.0 15.0 15.0 145.14766 26.59801 64.65081 6.0
47.0 15.0 47.0 164.19582 62.75186 126.10407 6.0
47.0 17.0 17.0 122.8521 11.01347 94.56439 13.0
47.0 17.0 47.0 164.19582 62.75186 126.10407 13.0
47.0 18.0 18.0 159.20558 24.81462 93.83855 327.0
47.0 18.0 47.0 164.19582 62.75186 126.10407 327.0
47.0 23.0 23.0 173.48323 43.5218 77.01818 177.0
47.0 23.0 47.0 164.19582 62.75186 126.10407 177.0
47.0 24.0 24.0 107.88524 87.2363 149.14614 114.0
47.0 24.0 47.0 164.19582 62.75186 126.10407 114.0
47.0 25.0 25.0 182.85725 63.96384 100.21773 591.0
47.0 25.0 47.0 164.19582 62.75186 126.10407 591.0
47.0 26.0 26.0 132.11423 45.11881 139.10289 902.0
47.0 26.0 47.0 164.19582 62.75186 126.10407 902.0
47.0 29.0 29.0 122.62976 20.58011 121.20299 116.0
47.0 29.0 47.0 164.19582 62.75186 126.10407 116.0
47.0 32.0 32.0 157.0158 89.10568 58.01047 1.0
47.0 32.0 47.0 164.19582 62.75186 126.10407 1.0
47.0 33.0 33.0 97.25708 49.92622 149.23484 3.0
47.0 33.0 47.0 164.19582 62.75186 126.10407 3.0
47.0 34.0 34.0 127.84942 111.20423 129.60479 624.0
47.0 34.0 47.0 164.19582 62.75186 126.10407 624.0
47.0 35.0 35.0 147.86512 121.10655 95.65888 174.0
47.0 35.0 47.0 164.19582 62.75186 126.10407 174.0
47.0 37.0 37.0 80.2226 11.07434 113.83707 1.0
47.0 37.0 47.0 164.19582 62.75186 126.10407 1.0
47.0 38.0 38.0 88.72733 68.42266 152.6175 2.0
47.0 38.0 47.0 164.19582 62.75186 126.10407 2.0
47.0 47.0 47.0 164.19582 62.75186 126.10407 4304.0
47.0 47.0 47.0 164.19582 62.75186 126.10407 4304.0
