TargetArea SourceArea Area AvgPosX AvgPosY AvgPosZ SumWeights
0.0 0.0 0.0 55.12994 48.89198 141.98132 3876.0
0.0 0.0 0.0 55.12994 48.89198 141.98132 3876.0
0.0 2.0 2.0 27.3734 25.36968 87.73387 8.0
0.0 2.0 0.0 55.12994 48.89198 141.98132 8.0
0.0 3.0 3.0 83.17248 3.82959 88.02888 1.0
0.0 3.0 0.0 55.12994 48.89198 141.98132 1.0
0.0 4.0 4.0 72.05039 108.38421 139.67636 14.0
0.0 4.0 0.0 55.12994 48.89198 141.98132 14.0
0.0 5.0 5.0 36.15226 130.0379 82.21537 1.0
0.0 5.0 0.0 55.12994 48.89198 141.98132 1.0
0.0 16.0 16.0 37.09516 39.05715 124.6658 1439.0
0.0 16.0 0.0 55.12994 48.89198 141.98132 1439.0
0.0 22.0 22.0 25.10358 80.0235 119.48182 579.0
0.0 22.0 0.0 55.12994 48.89198 141.98132 579.0
0.0 24.0 24.0 107.90453 87.21821 149.14661 16.0
0.0 24.0 0.0 55.12994 48.89198 141.98132 16.0
0.0 27.0 27.0 18.73675 45.3235 103.74601 34.0
0.0 27.0 0.0 55.12994 48.89198 141.98132 34.0
0.0 28.0 28.0 84.38134 38.91511 143.13825 1127.0
0.0 28.0 0.0 55.12994 48.89198 141.98132 1127.0
0.0 29.0 29.0 122.66175 20.58606 121.19182 1.0
0.0 29.0 0.0 55.12994 48.89198 141.98132 1.0
0.0 33.0 33.0 97.1604 49.95658 149.24172 269.0
0.0 33.0 0.0 55.12994 48.89198 141.98132 269.0
0.0 36.0 36.0 51.1956 19.46741 119.68111 465.0
0.0 36.0 0.0 55.12994 48.89198 141.98132 465.0
0.0 37.0 37.0 80.25948 11.09071 113.87154 83.0
0.0 37.0 0.0 55.12994 48.89198 141.98132 83.0
0.0 38.0 38.0 88.68859 68.4089 152.61289 406.0
0.0 38.0 0.0 55.12994 48.89198 141.98132 406.0
0.0 41.0 41.0 59.8763 126.07729 122.48704 1.0
0.0 41.0 0.0 55.12994 48.89198 141.98132 1.0
0.0 42.0 42.0 56.60395 85.19869 144.95065 943.0
0.0 42.0 0.0 55.12994 48.89198 141.98132 943.0
0.0 44.0 44.0 70.25521 22.76733 131.37981 590.0
0.0 44.0 0.0 55.12994 48.89198 141.98132 590.0
1.0 1.0 1.0 66.24313 89.24648 7.46923 11182.0
1.0 1.0 1.0 66.24313 89.24648 7.46923 11182.0
1.0 5.0 5.0 36.15226 130.0379 82.21537 16.0
1.0 5.0 1.0 66.24313 89.24648 7.46923 16.0
1.0 6.0 6.0 5.468 84.79718 74.36985 1.0
1.0 6.0 1.0 66.24313 89.24648 7.46923 1.0
1.0 8.0 8.0 108.15591 85.99547 38.6628 1684.0
1.0 8.0 1.0 66.24313 89.24648 7.46923 1684.0
1.0 11.0 11.0 48.53675 14.08215 56.59173 17.0
1.0 11.0 1.0 66.24313 89.24648 7.46923 17.0
1.0 13.0 13.0 21.82461 31.11269 56.41893 1.0
1.0 13.0 1.0 66.24313 89.24648 7.46923 1.0
1.0 14.0 14.0 128.29841 116.02472 40.24854 51.0
1.0 14.0 1.0 66.24313 89.24648 7.46923 51.0
1.0 19.0 19.0 66.42502 15.75003 45.43346 22.0
1.0 19.0 1.0 66.24313 89.24648 7.46923 22.0
1.0 20.0 20.0 85.06488 53.74404 22.27284 2203.0
1.0 20.0 1.0 66.24313 89.24648 7.46923 2203.0
1.0 21.0 21.0 28.28388 78.13216 19.29385 1508.0
1.0 21.0 1.0 66.24313 89.24648 7.46923 1508.0
1.0 30.0 30.0 88.37173 139.932 62.70066 348.0
1.0 30.0 1.0 66.24313 89.24648 7.46923 348.0
1.0 31.0 31.0 121.58507 39.01241 36.06528 4.0
1.0 31.0 1.0 66.24313 89.24648 7.46923 4.0
1.0 39.0 39.0 21.77901 50.1485 32.83082 241.0
1.0 39.0 1.0 66.24313 89.24648 7.46923 241.0
1.0 40.0 40.0 83.28239 23.52942 42.40142 16.0
1.0 40.0 1.0 66.24313 89.24648 7.46923 16.0
1.0 45.0 45.0 35.0212 116.32036 28.57815 1818.0
1.0 45.0 1.0 66.24313 89.24648 7.46923 1818.0
1.0 46.0 46.0 114.51516 130.24092 52.73503 161.0
1.0 46.0 1.0 66.24313 89.24648 7.46923 161.0
2.0 0.0 0.0 55.12994 48.89198 141.98132 11.0
2.0 0.0 2.0 27.3734 25.36968 87.73387 11.0
2.0 2.0 2.0 27.3734 25.36968 87.73387 6753.0
2.0 2.0 2.0 27.3734 25.36968 87.73387 6753.0
2.0 3.0 3.0 83.17248 3.82959 88.02888 300.0
2.0 3.0 2.0 27.3734 25.36968 87.73387 300.0
2.0 6.0 6.0 5.468 84.79718 74.36985 451.0
2.0 6.0 2.0 27.3734 25.36968 87.73387 451.0
2.0 11.0 11.0 48.53675 14.08215 56.59173 1330.0
2.0 11.0 2.0 27.3734 25.36968 87.73387 1330.0
2.0 13.0 13.0 21.82461 31.11269 56.41893 1359.0
2.0 13.0 2.0 27.3734 25.36968 87.73387 1359.0
2.0 16.0 16.0 37.09516 39.05715 124.6658 725.0
2.0 16.0 2.0 27.3734 25.36968 87.73387 725.0
2.0 19.0 19.0 66.42502 15.75003 45.43346 9.0
2.0 19.0 2.0 27.3734 25.36968 87.73387 9.0
2.0 20.0 20.0 85.06488 53.74404 22.27284 1.0
2.0 20.0 2.0 27.3734 25.36968 87.73387 1.0
2.0 21.0 21.0 28.28388 78.13216 19.29385 1.0
2.0 21.0 2.0 27.3734 25.36968 87.73387 1.0
2.0 22.0 22.0 25.10358 80.0235 119.48182 79.0
2.0 22.0 2.0 27.3734 25.36968 87.73387 79.0
2.0 27.0 27.0 18.73675 45.3235 103.74601 1643.0
2.0 27.0 2.0 27.3734 25.36968 87.73387 1643.0
2.0 28.0 28.0 84.38134 38.91511 143.13825 1.0
2.0 28.0 2.0 27.3734 25.36968 87.73387 1.0
2.0 36.0 36.0 51.1956 19.46741 119.68111 526.0
2.0 36.0 2.0 27.3734 25.36968 87.73387 526.0
2.0 37.0 37.0 80.25948 11.09071 113.87154 448.0
2.0 37.0 2.0 27.3734 25.36968 87.73387 448.0
2.0 39.0 39.0 21.77901 50.1485 32.83082 170.0
2.0 39.0 2.0 27.3734 25.36968 87.73387 170.0
2.0 44.0 44.0 70.25521 22.76733 131.37981 29.0
2.0 44.0 2.0 27.3734 25.36968 87.73387 29.0
3.0 2.0 2.0 27.3734 25.36968 87.73387 291.0
3.0 2.0 3.0 83.17248 3.82959 88.02888 291.0
3.0 3.0 3.0 83.17248 3.82959 88.02888 7177.0
3.0 3.0 3.0 83.17248 3.82959 88.02888 7177.0
3.0 7.0 7.0 121.65431 13.42218 56.98665 241.0
3.0 7.0 3.0 83.17248 3.82959 88.02888 241.0
3.0 10.0 10.0 97.04694 3.91126 61.10672 1617.0
3.0 10.0 3.0 83.17248 3.82959 88.02888 1617.0
3.0 11.0 11.0 48.53675 14.08215 56.59173 1130.0
3.0 11.0 3.0 83.17248 3.82959 88.02888 1130.0
3.0 13.0 13.0 21.82461 31.11269 56.41893 5.0
3.0 13.0 3.0 83.17248 3.82959 88.02888 5.0
3.0 15.0 15.0 145.12746 26.5977 64.63914 17.0
3.0 15.0 3.0 83.17248 3.82959 88.02888 17.0
3.0 16.0 16.0 37.09516 39.05715 124.6658 13.0
3.0 16.0 3.0 83.17248 3.82959 88.02888 13.0
3.0 17.0 17.0 122.79071 11.00115 94.57231 1179.0
3.0 17.0 3.0 83.17248 3.82959 88.02888 1179.0
3.0 18.0 18.0 159.2209 24.84121 93.88426 1.0
3.0 18.0 3.0 83.17248 3.82959 88.02888 1.0
3.0 19.0 19.0 66.42502 15.75003 45.43346 424.0
3.0 19.0 3.0 83.17248 3.82959 88.02888 424.0
3.0 26.0 26.0 132.12886 45.09802 139.0929 1.0
3.0 26.0 3.0 83.17248 3.82959 88.02888 1.0
3.0 27.0 27.0 18.73675 45.3235 103.74601 2.0
3.0 27.0 3.0 83.17248 3.82959 88.02888 2.0
3.0 28.0 28.0 84.38134 38.91511 143.13825 9.0
3.0 28.0 3.0 83.17248 3.82959 88.02888 9.0
3.0 29.0 29.0 122.66175 20.58606 121.19182 222.0
3.0 29.0 3.0 83.17248 3.82959 88.02888 222.0
3.0 31.0 31.0 121.58507 39.01241 36.06528 2.0
3.0 31.0 3.0 83.17248 3.82959 88.02888 2.0
3.0 36.0 36.0 51.1956 19.46741 119.68111 149.0
3.0 36.0 3.0 83.17248 3.82959 88.02888 149.0
3.0 37.0 37.0 80.25948 11.09071 113.87154 2543.0
3.0 37.0 3.0 83.17248 3.82959 88.02888 2543.0
3.0 40.0 40.0 83.28239 23.52942 42.40142 132.0
3.0 40.0 3.0 83.17248 3.82959 88.02888 132.0
3.0 44.0 44.0 70.25521 22.76733 131.37981 57.0
3.0 44.0 3.0 83.17248 3.82959 88.02888 57.0
4.0 0.0 0.0 55.12994 48.89198 141.98132 15.0
4.0 0.0 4.0 72.05039 108.38421 139.67636 15.0
4.0 4.0 4.0 72.05039 108.38421 139.67636 6721.0
4.0 4.0 4.0 72.05039 108.38421 139.67636 6721.0
4.0 5.0 5.0 36.15226 130.0379 82.21537 91.0
4.0 5.0 4.0 72.05039 108.38421 139.67636 91.0
4.0 6.0 6.0 5.468 84.79718 74.36985 2.0
4.0 6.0 4.0 72.05039 108.38421 139.67636 2.0
4.0 9.0 9.0 78.55491 139.94775 102.55643 263.0
4.0 9.0 4.0 72.05039 108.38421 139.67636 263.0
4.0 16.0 16.0 37.09516 39.05715 124.6658 1.0
4.0 16.0 4.0 72.05039 108.38421 139.67636 1.0
4.0 22.0 22.0 25.10358 80.0235 119.48182 471.0
4.0 22.0 4.0 72.05039 108.38421 139.67636 471.0
4.0 24.0 24.0 107.90453 87.21821 149.14661 1498.0
4.0 24.0 4.0 72.05039 108.38421 139.67636 1498.0
4.0 28.0 28.0 84.38134 38.91511 143.13825 5.0
4.0 28.0 4.0 72.05039 108.38421 139.67636 5.0
4.0 33.0 33.0 97.1604 49.95658 149.24172 8.0
4.0 33.0 4.0 72.05039 108.38421 139.67636 8.0
4.0 34.0 34.0 127.82816 111.2368 129.5831 847.0
4.0 34.0 4.0 72.05039 108.38421 139.67636 847.0
4.0 35.0 35.0 147.7674 121.16053 95.65563 1.0
4.0 35.0 4.0 72.05039 108.38421 139.67636 1.0
4.0 38.0 38.0 88.68859 68.4089 152.61289 219.0
4.0 38.0 4.0 72.05039 108.38421 139.67636 219.0
4.0 41.0 41.0 59.8763 126.07729 122.48704 2753.0
4.0 41.0 4.0 72.05039 108.38421 139.67636 2753.0
4.0 42.0 42.0 56.60395 85.19869 144.95065 2075.0
4.0 42.0 4.0 72.05039 108.38421 139.67636 2075.0
4.0 43.0 43.0 101.75218 137.71257 99.16232 74.0
4.0 43.0 4.0 72.05039 108.38421 139.67636 74.0
4.0 45.0 45.0 35.0212 116.32036 28.57815 1.0
4.0 45.0 4.0 72.05039 108.38421 139.67636 1.0
5.0 1.0 1.0 66.24313 89.24648 7.46923 16.0
5.0 1.0 5.0 36.15226 130.0379 82.21537 16.0
5.0 4.0 4.0 72.05039 108.38421 139.67636 107.0
5.0 4.0 5.0 36.15226 130.0379 82.21537 107.0
5.0 5.0 5.0 36.15226 130.0379 82.21537 21703.0
5.0 5.0 5.0 36.15226 130.0379 82.21537 21703.0
5.0 6.0 6.0 5.468 84.79718 74.36985 2027.0
5.0 6.0 5.0 36.15226 130.0379 82.21537 2027.0
5.0 8.0 8.0 108.15591 85.99547 38.6628 1.0
5.0 8.0 5.0 36.15226 130.0379 82.21537 1.0
5.0 9.0 9.0 78.55491 139.94775 102.55643 1429.0
5.0 9.0 5.0 36.15226 130.0379 82.21537 1429.0
5.0 21.0 21.0 28.28388 78.13216 19.29385 17.0
5.0 21.0 5.0 36.15226 130.0379 82.21537 17.0
5.0 22.0 22.0 25.10358 80.0235 119.48182 1208.0
5.0 22.0 5.0 36.15226 130.0379 82.21537 1208.0
5.0 30.0 30.0 88.37173 139.932 62.70066 1701.0
5.0 30.0 5.0 36.15226 130.0379 82.21537 1701.0
5.0 34.0 34.0 127.82816 111.2368 129.5831 1.0
5.0 34.0 5.0 36.15226 130.0379 82.21537 1.0
5.0 41.0 41.0 59.8763 126.07729 122.48704 2263.0
5.0 41.0 5.0 36.15226 130.0379 82.21537 2263.0
5.0 42.0 42.0 56.60395 85.19869 144.95065 33.0
5.0 42.0 5.0 36.15226 130.0379 82.21537 33.0
5.0 43.0 43.0 101.75218 137.71257 99.16232 81.0
5.0 43.0 5.0 36.15226 130.0379 82.21537 81.0
5.0 45.0 45.0 35.0212 116.32036 28.57815 1974.0
5.0 45.0 5.0 36.15226 130.0379 82.21537 1974.0
5.0 46.0 46.0 114.51516 130.24092 52.73503 10.0
5.0 46.0 5.0 36.15226 130.0379 82.21537 10.0
6.0 0.0 0.0 55.12994 48.89198 141.98132 1.0
6.0 0.0 6.0 5.468 84.79718 74.36985 1.0
6.0 2.0 2.0 27.3734 25.36968 87.73387 531.0
6.0 2.0 6.0 5.468 84.79718 74.36985 531.0
6.0 4.0 4.0 72.05039 108.38421 139.67636 2.0
6.0 4.0 6.0 5.468 84.79718 74.36985 2.0
6.0 5.0 5.0 36.15226 130.0379 82.21537 2000.0
6.0 5.0 6.0 5.468 84.79718 74.36985 2000.0
6.0 6.0 6.0 5.468 84.79718 74.36985 15882.0
6.0 6.0 6.0 5.468 84.79718 74.36985 15882.0
6.0 8.0 8.0 108.15591 85.99547 38.6628 1.0
6.0 8.0 6.0 5.468 84.79718 74.36985 1.0
6.0 13.0 13.0 21.82461 31.11269 56.41893 435.0
6.0 13.0 6.0 5.468 84.79718 74.36985 435.0
6.0 16.0 16.0 37.09516 39.05715 124.6658 7.0
6.0 16.0 6.0 5.468 84.79718 74.36985 7.0
6.0 21.0 21.0 28.28388 78.13216 19.29385 644.0
6.0 21.0 6.0 5.468 84.79718 74.36985 644.0
6.0 22.0 22.0 25.10358 80.0235 119.48182 2068.0
6.0 22.0 6.0 5.468 84.79718 74.36985 2068.0
6.0 27.0 27.0 18.73675 45.3235 103.74601 841.0
6.0 27.0 6.0 5.468 84.79718 74.36985 841.0
6.0 39.0 39.0 21.77901 50.1485 32.83082 1305.0
6.0 39.0 6.0 5.468 84.79718 74.36985 1305.0
6.0 41.0 41.0 59.8763 126.07729 122.48704 22.0
6.0 41.0 6.0 5.468 84.79718 74.36985 22.0
6.0 45.0 45.0 35.0212 116.32036 28.57815 1003.0
6.0 45.0 6.0 5.468 84.79718 74.36985 1003.0
7.0 3.0 3.0 83.17248 3.82959 88.02888 223.0
7.0 3.0 7.0 121.65431 13.42218 56.98665 223.0
7.0 7.0 7.0 121.65431 13.42218 56.98665 4127.0
7.0 7.0 7.0 121.65431 13.42218 56.98665 4127.0
7.0 8.0 8.0 108.15591 85.99547 38.6628 5.0
7.0 8.0 7.0 121.65431 13.42218 56.98665 5.0
7.0 10.0 10.0 97.04694 3.91126 61.10672 1446.0
7.0 10.0 7.0 121.65431 13.42218 56.98665 1446.0
7.0 15.0 15.0 145.12746 26.5977 64.63914 1473.0
7.0 15.0 7.0 121.65431 13.42218 56.98665 1473.0
7.0 17.0 17.0 122.79071 11.00115 94.57231 791.0
7.0 17.0 7.0 121.65431 13.42218 56.98665 791.0
7.0 18.0 18.0 159.2209 24.84121 93.88426 38.0
7.0 18.0 7.0 121.65431 13.42218 56.98665 38.0
7.0 19.0 19.0 66.42502 15.75003 45.43346 16.0
7.0 19.0 7.0 121.65431 13.42218 56.98665 16.0
7.0 20.0 20.0 85.06488 53.74404 22.27284 30.0
7.0 20.0 7.0 121.65431 13.42218 56.98665 30.0
7.0 23.0 23.0 173.50358 43.50691 77.12026 14.0
7.0 23.0 7.0 121.65431 13.42218 56.98665 14.0
7.0 29.0 29.0 122.66175 20.58606 121.19182 12.0
7.0 29.0 7.0 121.65431 13.42218 56.98665 12.0
7.0 31.0 31.0 121.58507 39.01241 36.06528 1578.0
7.0 31.0 7.0 121.65431 13.42218 56.98665 1578.0
7.0 32.0 32.0 156.96961 89.11634 57.98371 1.0
7.0 32.0 7.0 121.65431 13.42218 56.98665 1.0
7.0 37.0 37.0 80.25948 11.09071 113.87154 3.0
7.0 37.0 7.0 121.65431 13.42218 56.98665 3.0
7.0 40.0 40.0 83.28239 23.52942 42.40142 311.0
7.0 40.0 7.0 121.65431 13.42218 56.98665 311.0
8.0 1.0 1.0 66.24313 89.24648 7.46923 1470.0
8.0 1.0 8.0 108.15591 85.99547 38.6628 1470.0
8.0 3.0 3.0 83.17248 3.82959 88.02888 1.0
8.0 3.0 8.0 108.15591 85.99547 38.6628 1.0
8.0 4.0 4.0 72.05039 108.38421 139.67636 1.0
8.0 4.0 8.0 108.15591 85.99547 38.6628 1.0
8.0 5.0 5.0 36.15226 130.0379 82.21537 9.0
8.0 5.0 8.0 108.15591 85.99547 38.6628 9.0
8.0 7.0 7.0 121.65431 13.42218 56.98665 5.0
8.0 7.0 8.0 108.15591 85.99547 38.6628 5.0
8.0 8.0 8.0 108.15591 85.99547 38.6628 28498.0
8.0 8.0 8.0 108.15591 85.99547 38.6628 28498.0
8.0 12.0 12.0 179.81025 86.38028 84.82332 4.0
8.0 12.0 8.0 108.15591 85.99547 38.6628 4.0
8.0 13.0 13.0 21.82461 31.11269 56.41893 1.0
8.0 13.0 8.0 108.15591 85.99547 38.6628 1.0
8.0 14.0 14.0 128.29841 116.02472 40.24854 2649.0
8.0 14.0 8.0 108.15591 85.99547 38.6628 2649.0
8.0 15.0 15.0 145.12746 26.5977 64.63914 43.0
8.0 15.0 8.0 108.15591 85.99547 38.6628 43.0
8.0 20.0 20.0 85.06488 53.74404 22.27284 2998.0
8.0 20.0 8.0 108.15591 85.99547 38.6628 2998.0
8.0 23.0 23.0 173.50358 43.50691 77.12026 9.0
8.0 23.0 8.0 108.15591 85.99547 38.6628 9.0
8.0 24.0 24.0 107.90453 87.21821 149.14661 1.0
8.0 24.0 8.0 108.15591 85.99547 38.6628 1.0
8.0 30.0 30.0 88.37173 139.932 62.70066 606.0
8.0 30.0 8.0 108.15591 85.99547 38.6628 606.0
8.0 31.0 31.0 121.58507 39.01241 36.06528 1782.0
8.0 31.0 8.0 108.15591 85.99547 38.6628 1782.0
8.0 32.0 32.0 156.96961 89.11634 57.98371 1442.0
8.0 32.0 8.0 108.15591 85.99547 38.6628 1442.0
8.0 35.0 35.0 147.7674 121.16053 95.65563 2.0
8.0 35.0 8.0 108.15591 85.99547 38.6628 2.0
8.0 40.0 40.0 83.28239 23.52942 42.40142 19.0
8.0 40.0 8.0 108.15591 85.99547 38.6628 19.0
8.0 41.0 41.0 59.8763 126.07729 122.48704 1.0
8.0 41.0 8.0 108.15591 85.99547 38.6628 1.0
8.0 45.0 45.0 35.0212 116.32036 28.57815 80.0
8.0 45.0 8.0 108.15591 85.99547 38.6628 80.0
8.0 46.0 46.0 114.51516 130.24092 52.73503 1122.0
8.0 46.0 8.0 108.15591 85.99547 38.6628 1122.0
9.0 4.0 4.0 72.05039 108.38421 139.67636 306.0
9.0 4.0 9.0 78.55491 139.94775 102.55643 306.0
9.0 5.0 5.0 36.15226 130.0379 82.21537 1359.0
9.0 5.0 9.0 78.55491 139.94775 102.55643 1359.0
9.0 9.0 9.0 78.55491 139.94775 102.55643 4848.0
9.0 9.0 9.0 78.55491 139.94775 102.55643 4848.0
9.0 12.0 12.0 179.81025 86.38028 84.82332 1.0
9.0 12.0 9.0 78.55491 139.94775 102.55643 1.0
9.0 22.0 22.0 25.10358 80.0235 119.48182 1.0
9.0 22.0 9.0 78.55491 139.94775 102.55643 1.0
9.0 24.0 24.0 107.90453 87.21821 149.14661 25.0
9.0 24.0 9.0 78.55491 139.94775 102.55643 25.0
9.0 30.0 30.0 88.37173 139.932 62.70066 1231.0
9.0 30.0 9.0 78.55491 139.94775 102.55643 1231.0
9.0 34.0 34.0 127.82816 111.2368 129.5831 587.0
9.0 34.0 9.0 78.55491 139.94775 102.55643 587.0
9.0 35.0 35.0 147.7674 121.16053 95.65563 22.0
9.0 35.0 9.0 78.55491 139.94775 102.55643 22.0
9.0 41.0 41.0 59.8763 126.07729 122.48704 2136.0
9.0 41.0 9.0 78.55491 139.94775 102.55643 2136.0
9.0 43.0 43.0 101.75218 137.71257 99.16232 2027.0
9.0 43.0 9.0 78.55491 139.94775 102.55643 2027.0
9.0 45.0 45.0 35.0212 116.32036 28.57815 2.0
9.0 45.0 9.0 78.55491 139.94775 102.55643 2.0
9.0 46.0 46.0 114.51516 130.24092 52.73503 1.0
9.0 46.0 9.0 78.55491 139.94775 102.55643 1.0
10.0 2.0 2.0 27.3734 25.36968 87.73387 2.0
10.0 2.0 10.0 97.04694 3.91126 61.10672 2.0
10.0 3.0 3.0 83.17248 3.82959 88.02888 1580.0
10.0 3.0 10.0 97.04694 3.91126 61.10672 1580.0
10.0 7.0 7.0 121.65431 13.42218 56.98665 1464.0
10.0 7.0 10.0 97.04694 3.91126 61.10672 1464.0
10.0 8.0 8.0 108.15591 85.99547 38.6628 1.0
10.0 8.0 10.0 97.04694 3.91126 61.10672 1.0
10.0 10.0 10.0 97.04694 3.91126 61.10672 4200.0
10.0 10.0 10.0 97.04694 3.91126 61.10672 4200.0
10.0 11.0 11.0 48.53675 14.08215 56.59173 190.0
10.0 11.0 10.0 97.04694 3.91126 61.10672 190.0
10.0 15.0 15.0 145.12746 26.5977 64.63914 76.0
10.0 15.0 10.0 97.04694 3.91126 61.10672 76.0
10.0 17.0 17.0 122.79071 11.00115 94.57231 454.0
10.0 17.0 10.0 97.04694 3.91126 61.10672 454.0
10.0 18.0 18.0 159.2209 24.84121 93.88426 2.0
10.0 18.0 10.0 97.04694 3.91126 61.10672 2.0
10.0 19.0 19.0 66.42502 15.75003 45.43346 594.0
10.0 19.0 10.0 97.04694 3.91126 61.10672 594.0
10.0 20.0 20.0 85.06488 53.74404 22.27284 39.0
10.0 20.0 10.0 97.04694 3.91126 61.10672 39.0
10.0 29.0 29.0 122.66175 20.58606 121.19182 5.0
10.0 29.0 10.0 97.04694 3.91126 61.10672 5.0
10.0 31.0 31.0 121.58507 39.01241 36.06528 389.0
10.0 31.0 10.0 97.04694 3.91126 61.10672 389.0
10.0 37.0 37.0 80.25948 11.09071 113.87154 58.0
10.0 37.0 10.0 97.04694 3.91126 61.10672 58.0
10.0 40.0 40.0 83.28239 23.52942 42.40142 1186.0
10.0 40.0 10.0 97.04694 3.91126 61.10672 1186.0
11.0 1.0 1.0 66.24313 89.24648 7.46923 19.0
11.0 1.0 11.0 48.53675 14.08215 56.59173 19.0
11.0 2.0 2.0 27.3734 25.36968 87.73387 1342.0
11.0 2.0 11.0 48.53675 14.08215 56.59173 1342.0
11.0 3.0 3.0 83.17248 3.82959 88.02888 1129.0
11.0 3.0 11.0 48.53675 14.08215 56.59173 1129.0
11.0 6.0 6.0 5.468 84.79718 74.36985 1.0
11.0 6.0 11.0 48.53675 14.08215 56.59173 1.0
11.0 7.0 7.0 121.65431 13.42218 56.98665 1.0
11.0 7.0 11.0 48.53675 14.08215 56.59173 1.0
11.0 8.0 8.0 108.15591 85.99547 38.6628 1.0
11.0 8.0 11.0 48.53675 14.08215 56.59173 1.0
11.0 10.0 10.0 97.04694 3.91126 61.10672 192.0
11.0 10.0 11.0 48.53675 14.08215 56.59173 192.0
11.0 11.0 11.0 48.53675 14.08215 56.59173 8265.0
11.0 11.0 11.0 48.53675 14.08215 56.59173 8265.0
11.0 13.0 13.0 21.82461 31.11269 56.41893 1513.0
11.0 13.0 11.0 48.53675 14.08215 56.59173 1513.0
11.0 16.0 16.0 37.09516 39.05715 124.6658 16.0
11.0 16.0 11.0 48.53675 14.08215 56.59173 16.0
11.0 19.0 19.0 66.42502 15.75003 45.43346 2070.0
11.0 19.0 11.0 48.53675 14.08215 56.59173 2070.0
11.0 20.0 20.0 85.06488 53.74404 22.27284 261.0
11.0 20.0 11.0 48.53675 14.08215 56.59173 261.0
11.0 21.0 21.0 28.28388 78.13216 19.29385 34.0
11.0 21.0 11.0 48.53675 14.08215 56.59173 34.0
11.0 27.0 27.0 18.73675 45.3235 103.74601 9.0
11.0 27.0 11.0 48.53675 14.08215 56.59173 9.0
11.0 31.0 31.0 121.58507 39.01241 36.06528 2.0
11.0 31.0 11.0 48.53675 14.08215 56.59173 2.0
11.0 36.0 36.0 51.1956 19.46741 119.68111 73.0
11.0 36.0 11.0 48.53675 14.08215 56.59173 73.0
11.0 37.0 37.0 80.25948 11.09071 113.87154 239.0
11.0 37.0 11.0 48.53675 14.08215 56.59173 239.0
11.0 39.0 39.0 21.77901 50.1485 32.83082 883.0
11.0 39.0 11.0 48.53675 14.08215 56.59173 883.0
11.0 40.0 40.0 83.28239 23.52942 42.40142 521.0
11.0 40.0 11.0 48.53675 14.08215 56.59173 521.0
11.0 44.0 44.0 70.25521 22.76733 131.37981 3.0
11.0 44.0 11.0 48.53675 14.08215 56.59173 3.0
12.0 8.0 8.0 108.15591 85.99547 38.6628 2.0
12.0 8.0 12.0 179.81025 86.38028 84.82332 2.0
12.0 12.0 12.0 179.81025 86.38028 84.82332 5963.0
12.0 12.0 12.0 179.81025 86.38028 84.82332 5963.0
12.0 14.0 14.0 128.29841 116.02472 40.24854 4.0
12.0 14.0 12.0 179.81025 86.38028 84.82332 4.0
12.0 15.0 15.0 145.12746 26.5977 64.63914 33.0
12.0 15.0 12.0 179.81025 86.38028 84.82332 33.0
12.0 18.0 18.0 159.2209 24.84121 93.88426 17.0
12.0 18.0 12.0 179.81025 86.38028 84.82332 17.0
12.0 23.0 23.0 173.50358 43.50691 77.12026 581.0
12.0 23.0 12.0 179.81025 86.38028 84.82332 581.0
12.0 25.0 25.0 182.8514 63.9927 100.28904 1161.0
12.0 25.0 12.0 179.81025 86.38028 84.82332 1161.0
12.0 31.0 31.0 121.58507 39.01241 36.06528 8.0
12.0 31.0 12.0 179.81025 86.38028 84.82332 8.0
12.0 32.0 32.0 156.96961 89.11634 57.98371 1783.0
12.0 32.0 12.0 179.81025 86.38028 84.82332 1783.0
12.0 34.0 34.0 127.82816 111.2368 129.5831 90.0
12.0 34.0 12.0 179.81025 86.38028 84.82332 90.0
12.0 35.0 35.0 147.7674 121.16053 95.65563 1238.0
12.0 35.0 12.0 179.81025 86.38028 84.82332 1238.0
12.0 46.0 46.0 114.51516 130.24092 52.73503 5.0
12.0 46.0 12.0 179.81025 86.38028 84.82332 5.0
12.0 47.0 47.0 164.19826 62.69457 126.09829 451.0
12.0 47.0 12.0 179.81025 86.38028 84.82332 451.0
13.0 2.0 2.0 27.3734 25.36968 87.73387 1392.0
13.0 2.0 13.0 21.82461 31.11269 56.41893 1392.0
13.0 3.0 3.0 83.17248 3.82959 88.02888 6.0
13.0 3.0 13.0 21.82461 31.11269 56.41893 6.0
13.0 6.0 6.0 5.468 84.79718 74.36985 425.0
13.0 6.0 13.0 21.82461 31.11269 56.41893 425.0
13.0 11.0 11.0 48.53675 14.08215 56.59173 1547.0
13.0 11.0 13.0 21.82461 31.11269 56.41893 1547.0
13.0 13.0 13.0 21.82461 31.11269 56.41893 3875.0
13.0 13.0 13.0 21.82461 31.11269 56.41893 3875.0
13.0 16.0 16.0 37.09516 39.05715 124.6658 1.0
13.0 16.0 13.0 21.82461 31.11269 56.41893 1.0
13.0 19.0 19.0 66.42502 15.75003 45.43346 92.0
13.0 19.0 13.0 21.82461 31.11269 56.41893 92.0
13.0 20.0 20.0 85.06488 53.74404 22.27284 6.0
13.0 20.0 13.0 21.82461 31.11269 56.41893 6.0
13.0 21.0 21.0 28.28388 78.13216 19.29385 10.0
13.0 21.0 13.0 21.82461 31.11269 56.41893 10.0
13.0 22.0 22.0 25.10358 80.0235 119.48182 3.0
13.0 22.0 13.0 21.82461 31.11269 56.41893 3.0
13.0 27.0 27.0 18.73675 45.3235 103.74601 100.0
13.0 27.0 13.0 21.82461 31.11269 56.41893 100.0
13.0 36.0 36.0 51.1956 19.46741 119.68111 1.0
13.0 36.0 13.0 21.82461 31.11269 56.41893 1.0
13.0 37.0 37.0 80.25948 11.09071 113.87154 1.0
13.0 37.0 13.0 21.82461 31.11269 56.41893 1.0
13.0 39.0 39.0 21.77901 50.1485 32.83082 1761.0
13.0 39.0 13.0 21.82461 31.11269 56.41893 1761.0
13.0 40.0 40.0 83.28239 23.52942 42.40142 3.0
13.0 40.0 13.0 21.82461 31.11269 56.41893 3.0
14.0 1.0 1.0 66.24313 89.24648 7.46923 55.0
14.0 1.0 14.0 128.29841 116.02472 40.24854 55.0
14.0 8.0 8.0 108.15591 85.99547 38.6628 2681.0
14.0 8.0 14.0 128.29841 116.02472 40.24854 2681.0
14.0 12.0 12.0 179.81025 86.38028 84.82332 11.0
14.0 12.0 14.0 128.29841 116.02472 40.24854 11.0
14.0 14.0 14.0 128.29841 116.02472 40.24854 7290.0
14.0 14.0 14.0 128.29841 116.02472 40.24854 7290.0
14.0 20.0 20.0 85.06488 53.74404 22.27284 10.0
14.0 20.0 14.0 128.29841 116.02472 40.24854 10.0
14.0 30.0 30.0 88.37173 139.932 62.70066 238.0
14.0 30.0 14.0 128.29841 116.02472 40.24854 238.0
14.0 31.0 31.0 121.58507 39.01241 36.06528 6.0
14.0 31.0 14.0 128.29841 116.02472 40.24854 6.0
14.0 32.0 32.0 156.96961 89.11634 57.98371 1358.0
14.0 32.0 14.0 128.29841 116.02472 40.24854 1358.0
14.0 35.0 35.0 147.7674 121.16053 95.65563 322.0
14.0 35.0 14.0 128.29841 116.02472 40.24854 322.0
14.0 43.0 43.0 101.75218 137.71257 99.16232 2.0
14.0 43.0 14.0 128.29841 116.02472 40.24854 2.0
14.0 46.0 46.0 114.51516 130.24092 52.73503 2926.0
14.0 46.0 14.0 128.29841 116.02472 40.24854 2926.0
15.0 3.0 3.0 83.17248 3.82959 88.02888 23.0
15.0 3.0 15.0 145.12746 26.5977 64.63914 23.0
15.0 7.0 7.0 121.65431 13.42218 56.98665 1523.0
15.0 7.0 15.0 145.12746 26.5977 64.63914 1523.0
15.0 8.0 8.0 108.15591 85.99547 38.6628 80.0
15.0 8.0 15.0 145.12746 26.5977 64.63914 80.0
15.0 10.0 10.0 97.04694 3.91126 61.10672 74.0
15.0 10.0 15.0 145.12746 26.5977 64.63914 74.0
15.0 12.0 12.0 179.81025 86.38028 84.82332 32.0
15.0 12.0 15.0 145.12746 26.5977 64.63914 32.0
15.0 15.0 15.0 145.12746 26.5977 64.63914 5115.0
15.0 15.0 15.0 145.12746 26.5977 64.63914 5115.0
15.0 17.0 17.0 122.79071 11.00115 94.57231 930.0
15.0 17.0 15.0 145.12746 26.5977 64.63914 930.0
15.0 18.0 18.0 159.2209 24.84121 93.88426 1028.0
15.0 18.0 15.0 145.12746 26.5977 64.63914 1028.0
15.0 23.0 23.0 173.50358 43.50691 77.12026 762.0
15.0 23.0 15.0 145.12746 26.5977 64.63914 762.0
15.0 25.0 25.0 182.8514 63.9927 100.28904 8.0
15.0 25.0 15.0 145.12746 26.5977 64.63914 8.0
15.0 26.0 26.0 132.12886 45.09802 139.0929 7.0
15.0 26.0 15.0 145.12746 26.5977 64.63914 7.0
15.0 29.0 29.0 122.66175 20.58606 121.19182 54.0
15.0 29.0 15.0 145.12746 26.5977 64.63914 54.0
15.0 31.0 31.0 121.58507 39.01241 36.06528 1385.0
15.0 31.0 15.0 145.12746 26.5977 64.63914 1385.0
15.0 32.0 32.0 156.96961 89.11634 57.98371 334.0
15.0 32.0 15.0 145.12746 26.5977 64.63914 334.0
15.0 37.0 37.0 80.25948 11.09071 113.87154 2.0
15.0 37.0 15.0 145.12746 26.5977 64.63914 2.0
15.0 40.0 40.0 83.28239 23.52942 42.40142 3.0
15.0 40.0 15.0 145.12746 26.5977 64.63914 3.0
15.0 47.0 47.0 164.19826 62.69457 126.09829 7.0
15.0 47.0 15.0 145.12746 26.5977 64.63914 7.0
16.0 0.0 0.0 55.12994 48.89198 141.98132 1414.0
16.0 0.0 16.0 37.09516 39.05715 124.6658 1414.0
16.0 2.0 2.0 27.3734 25.36968 87.73387 733.0
16.0 2.0 16.0 37.09516 39.05715 124.6658 733.0
16.0 3.0 3.0 83.17248 3.82959 88.02888 19.0
16.0 3.0 16.0 37.09516 39.05715 124.6658 19.0
16.0 4.0 4.0 72.05039 108.38421 139.67636 3.0
16.0 4.0 16.0 37.09516 39.05715 124.6658 3.0
16.0 6.0 6.0 5.468 84.79718 74.36985 8.0
16.0 6.0 16.0 37.09516 39.05715 124.6658 8.0
16.0 11.0 11.0 48.53675 14.08215 56.59173 22.0
16.0 11.0 16.0 37.09516 39.05715 124.6658 22.0
16.0 16.0 16.0 37.09516 39.05715 124.6658 4276.0
16.0 16.0 16.0 37.09516 39.05715 124.6658 4276.0
16.0 22.0 22.0 25.10358 80.0235 119.48182 1262.0
16.0 22.0 16.0 37.09516 39.05715 124.6658 1262.0
16.0 23.0 23.0 173.50358 43.50691 77.12026 1.0
16.0 23.0 16.0 37.09516 39.05715 124.6658 1.0
16.0 26.0 26.0 132.12886 45.09802 139.0929 1.0
16.0 26.0 16.0 37.09516 39.05715 124.6658 1.0
16.0 27.0 27.0 18.73675 45.3235 103.74601 1137.0
16.0 27.0 16.0 37.09516 39.05715 124.6658 1137.0
16.0 28.0 28.0 84.38134 38.91511 143.13825 40.0
16.0 28.0 16.0 37.09516 39.05715 124.6658 40.0
16.0 33.0 33.0 97.1604 49.95658 149.24172 5.0
16.0 33.0 16.0 37.09516 39.05715 124.6658 5.0
16.0 36.0 36.0 51.1956 19.46741 119.68111 1025.0
16.0 36.0 16.0 37.09516 39.05715 124.6658 1025.0
16.0 37.0 37.0 80.25948 11.09071 113.87154 171.0
16.0 37.0 16.0 37.09516 39.05715 124.6658 171.0
16.0 38.0 38.0 88.68859 68.4089 152.61289 13.0
16.0 38.0 16.0 37.09516 39.05715 124.6658 13.0
16.0 42.0 42.0 56.60395 85.19869 144.95065 188.0
16.0 42.0 16.0 37.09516 39.05715 124.6658 188.0
16.0 44.0 44.0 70.25521 22.76733 131.37981 234.0
16.0 44.0 16.0 37.09516 39.05715 124.6658 234.0
17.0 3.0 3.0 83.17248 3.82959 88.02888 1193.0
17.0 3.0 17.0 122.79071 11.00115 94.57231 1193.0
17.0 7.0 7.0 121.65431 13.42218 56.98665 837.0
17.0 7.0 17.0 122.79071 11.00115 94.57231 837.0
17.0 10.0 10.0 97.04694 3.91126 61.10672 490.0
17.0 10.0 17.0 122.79071 11.00115 94.57231 490.0
17.0 15.0 15.0 145.12746 26.5977 64.63914 957.0
17.0 15.0 17.0 122.79071 11.00115 94.57231 957.0
17.0 17.0 17.0 122.79071 11.00115 94.57231 5044.0
17.0 17.0 17.0 122.79071 11.00115 94.57231 5044.0
17.0 18.0 18.0 159.2209 24.84121 93.88426 606.0
17.0 18.0 17.0 122.79071 11.00115 94.57231 606.0
17.0 19.0 19.0 66.42502 15.75003 45.43346 2.0
17.0 19.0 17.0 122.79071 11.00115 94.57231 2.0
17.0 23.0 23.0 173.50358 43.50691 77.12026 8.0
17.0 23.0 17.0 122.79071 11.00115 94.57231 8.0
17.0 26.0 26.0 132.12886 45.09802 139.0929 91.0
17.0 26.0 17.0 122.79071 11.00115 94.57231 91.0
17.0 28.0 28.0 84.38134 38.91511 143.13825 14.0
17.0 28.0 17.0 122.79071 11.00115 94.57231 14.0
17.0 29.0 29.0 122.66175 20.58606 121.19182 1522.0
17.0 29.0 17.0 122.79071 11.00115 94.57231 1522.0
17.0 31.0 31.0 121.58507 39.01241 36.06528 7.0
17.0 31.0 17.0 122.79071 11.00115 94.57231 7.0
17.0 33.0 33.0 97.1604 49.95658 149.24172 2.0
17.0 33.0 17.0 122.79071 11.00115 94.57231 2.0
17.0 37.0 37.0 80.25948 11.09071 113.87154 489.0
17.0 37.0 17.0 122.79071 11.00115 94.57231 489.0
17.0 40.0 40.0 83.28239 23.52942 42.40142 1.0
17.0 40.0 17.0 122.79071 11.00115 94.57231 1.0
17.0 44.0 44.0 70.25521 22.76733 131.37981 3.0
17.0 44.0 17.0 122.79071 11.00115 94.57231 3.0
17.0 45.0 45.0 35.0212 116.32036 28.57815 1.0
17.0 45.0 17.0 122.79071 11.00115 94.57231 1.0
17.0 47.0 47.0 164.19826 62.69457 126.09829 19.0
17.0 47.0 17.0 122.79071 11.00115 94.57231 19.0
18.0 3.0 3.0 83.17248 3.82959 88.02888 1.0
18.0 3.0 18.0 159.2209 24.84121 93.88426 1.0
18.0 7.0 7.0 121.65431 13.42218 56.98665 34.0
18.0 7.0 18.0 159.2209 24.84121 93.88426 34.0
18.0 10.0 10.0 97.04694 3.91126 61.10672 1.0
18.0 10.0 18.0 159.2209 24.84121 93.88426 1.0
18.0 12.0 12.0 179.81025 86.38028 84.82332 11.0
18.0 12.0 18.0 159.2209 24.84121 93.88426 11.0
18.0 15.0 15.0 145.12746 26.5977 64.63914 1084.0
18.0 15.0 18.0 159.2209 24.84121 93.88426 1084.0
18.0 17.0 17.0 122.79071 11.00115 94.57231 653.0
18.0 17.0 18.0 159.2209 24.84121 93.88426 653.0
18.0 18.0 18.0 159.2209 24.84121 93.88426 3271.0
18.0 18.0 18.0 159.2209 24.84121 93.88426 3271.0
18.0 23.0 23.0 173.50358 43.50691 77.12026 976.0
18.0 23.0 18.0 159.2209 24.84121 93.88426 976.0
18.0 25.0 25.0 182.8514 63.9927 100.28904 100.0
18.0 25.0 18.0 159.2209 24.84121 93.88426 100.0
18.0 26.0 26.0 132.12886 45.09802 139.0929 224.0
18.0 26.0 18.0 159.2209 24.84121 93.88426 224.0
18.0 29.0 29.0 122.66175 20.58606 121.19182 574.0
18.0 29.0 18.0 159.2209 24.84121 93.88426 574.0
18.0 31.0 31.0 121.58507 39.01241 36.06528 11.0
18.0 31.0 18.0 159.2209 24.84121 93.88426 11.0
18.0 32.0 32.0 156.96961 89.11634 57.98371 9.0
18.0 32.0 18.0 159.2209 24.84121 93.88426 9.0
18.0 37.0 37.0 80.25948 11.09071 113.87154 1.0
18.0 37.0 18.0 159.2209 24.84121 93.88426 1.0
18.0 47.0 47.0 164.19826 62.69457 126.09829 678.0
18.0 47.0 18.0 159.2209 24.84121 93.88426 678.0
19.0 1.0 1.0 66.24313 89.24648 7.46923 19.0
19.0 1.0 19.0 66.42502 15.75003 45.43346 19.0
19.0 2.0 2.0 27.3734 25.36968 87.73387 14.0
19.0 2.0 19.0 66.42502 15.75003 45.43346 14.0
19.0 3.0 3.0 83.17248 3.82959 88.02888 428.0
19.0 3.0 19.0 66.42502 15.75003 45.43346 428.0
19.0 7.0 7.0 121.65431 13.42218 56.98665 14.0
19.0 7.0 19.0 66.42502 15.75003 45.43346 14.0
19.0 8.0 8.0 108.15591 85.99547 38.6628 1.0
19.0 8.0 19.0 66.42502 15.75003 45.43346 1.0
19.0 10.0 10.0 97.04694 3.91126 61.10672 562.0
19.0 10.0 19.0 66.42502 15.75003 45.43346 562.0
19.0 11.0 11.0 48.53675 14.08215 56.59173 1947.0
19.0 11.0 19.0 66.42502 15.75003 45.43346 1947.0
19.0 13.0 13.0 21.82461 31.11269 56.41893 62.0
19.0 13.0 19.0 66.42502 15.75003 45.43346 62.0
19.0 17.0 17.0 122.79071 11.00115 94.57231 1.0
19.0 17.0 19.0 66.42502 15.75003 45.43346 1.0
19.0 19.0 19.0 66.42502 15.75003 45.43346 2129.0
19.0 19.0 19.0 66.42502 15.75003 45.43346 2129.0
19.0 20.0 20.0 85.06488 53.74404 22.27284 556.0
19.0 20.0 19.0 66.42502 15.75003 45.43346 556.0
19.0 21.0 21.0 28.28388 78.13216 19.29385 15.0
19.0 21.0 19.0 66.42502 15.75003 45.43346 15.0
19.0 31.0 31.0 121.58507 39.01241 36.06528 33.0
19.0 31.0 19.0 66.42502 15.75003 45.43346 33.0
19.0 36.0 36.0 51.1956 19.46741 119.68111 1.0
19.0 36.0 19.0 66.42502 15.75003 45.43346 1.0
19.0 37.0 37.0 80.25948 11.09071 113.87154 22.0
19.0 37.0 19.0 66.42502 15.75003 45.43346 22.0
19.0 39.0 39.0 21.77901 50.1485 32.83082 211.0
19.0 39.0 19.0 66.42502 15.75003 45.43346 211.0
19.0 40.0 40.0 83.28239 23.52942 42.40142 1612.0
19.0 40.0 19.0 66.42502 15.75003 45.43346 1612.0
20.0 1.0 1.0 66.24313 89.24648 7.46923 2066.0
20.0 1.0 20.0 85.06488 53.74404 22.27284 2066.0
20.0 7.0 7.0 121.65431 13.42218 56.98665 13.0
20.0 7.0 20.0 85.06488 53.74404 22.27284 13.0
20.0 8.0 8.0 108.15591 85.99547 38.6628 3166.0
20.0 8.0 20.0 85.06488 53.74404 22.27284 3166.0
20.0 10.0 10.0 97.04694 3.91126 61.10672 26.0
20.0 10.0 20.0 85.06488 53.74404 22.27284 26.0
20.0 11.0 11.0 48.53675 14.08215 56.59173 250.0
20.0 11.0 20.0 85.06488 53.74404 22.27284 250.0
20.0 12.0 12.0 179.81025 86.38028 84.82332 1.0
20.0 12.0 20.0 85.06488 53.74404 22.27284 1.0
20.0 13.0 13.0 21.82461 31.11269 56.41893 11.0
20.0 13.0 20.0 85.06488 53.74404 22.27284 11.0
20.0 14.0 14.0 128.29841 116.02472 40.24854 6.0
20.0 14.0 20.0 85.06488 53.74404 22.27284 6.0
20.0 15.0 15.0 145.12746 26.5977 64.63914 1.0
20.0 15.0 20.0 85.06488 53.74404 22.27284 1.0
20.0 19.0 19.0 66.42502 15.75003 45.43346 526.0
20.0 19.0 20.0 85.06488 53.74404 22.27284 526.0
20.0 20.0 20.0 85.06488 53.74404 22.27284 12306.0
20.0 20.0 20.0 85.06488 53.74404 22.27284 12306.0
20.0 21.0 21.0 28.28388 78.13216 19.29385 246.0
20.0 21.0 20.0 85.06488 53.74404 22.27284 246.0
20.0 31.0 31.0 121.58507 39.01241 36.06528 2043.0
20.0 31.0 20.0 85.06488 53.74404 22.27284 2043.0
20.0 32.0 32.0 156.96961 89.11634 57.98371 6.0
20.0 32.0 20.0 85.06488 53.74404 22.27284 6.0
20.0 39.0 39.0 21.77901 50.1485 32.83082 509.0
20.0 39.0 20.0 85.06488 53.74404 22.27284 509.0
20.0 40.0 40.0 83.28239 23.52942 42.40142 1666.0
20.0 40.0 20.0 85.06488 53.74404 22.27284 1666.0
20.0 45.0 45.0 35.0212 116.32036 28.57815 2.0
20.0 45.0 20.0 85.06488 53.74404 22.27284 2.0
21.0 1.0 1.0 66.24313 89.24648 7.46923 1555.0
21.0 1.0 21.0 28.28388 78.13216 19.29385 1555.0
21.0 5.0 5.0 36.15226 130.0379 82.21537 9.0
21.0 5.0 21.0 28.28388 78.13216 19.29385 9.0
21.0 6.0 6.0 5.468 84.79718 74.36985 646.0
21.0 6.0 21.0 28.28388 78.13216 19.29385 646.0
21.0 8.0 8.0 108.15591 85.99547 38.6628 3.0
21.0 8.0 21.0 28.28388 78.13216 19.29385 3.0
21.0 11.0 11.0 48.53675 14.08215 56.59173 42.0
21.0 11.0 21.0 28.28388 78.13216 19.29385 42.0
21.0 12.0 12.0 179.81025 86.38028 84.82332 1.0
21.0 12.0 21.0 28.28388 78.13216 19.29385 1.0
21.0 13.0 13.0 21.82461 31.11269 56.41893 7.0
21.0 13.0 21.0 28.28388 78.13216 19.29385 7.0
21.0 19.0 19.0 66.42502 15.75003 45.43346 15.0
21.0 19.0 21.0 28.28388 78.13216 19.29385 15.0
21.0 20.0 20.0 85.06488 53.74404 22.27284 253.0
21.0 20.0 21.0 28.28388 78.13216 19.29385 253.0
21.0 21.0 21.0 28.28388 78.13216 19.29385 6379.0
21.0 21.0 21.0 28.28388 78.13216 19.29385 6379.0
21.0 39.0 39.0 21.77901 50.1485 32.83082 2190.0
21.0 39.0 21.0 28.28388 78.13216 19.29385 2190.0
21.0 40.0 40.0 83.28239 23.52942 42.40142 5.0
21.0 40.0 21.0 28.28388 78.13216 19.29385 5.0
21.0 45.0 45.0 35.0212 116.32036 28.57815 1901.0
21.0 45.0 21.0 28.28388 78.13216 19.29385 1901.0
22.0 0.0 0.0 55.12994 48.89198 141.98132 601.0
22.0 0.0 22.0 25.10358 80.0235 119.48182 601.0
22.0 2.0 2.0 27.3734 25.36968 87.73387 74.0
22.0 2.0 22.0 25.10358 80.0235 119.48182 74.0
22.0 4.0 4.0 72.05039 108.38421 139.67636 445.0
22.0 4.0 22.0 25.10358 80.0235 119.48182 445.0
22.0 5.0 5.0 36.15226 130.0379 82.21537 1165.0
22.0 5.0 22.0 25.10358 80.0235 119.48182 1165.0
22.0 6.0 6.0 5.468 84.79718 74.36985 1943.0
22.0 6.0 22.0 25.10358 80.0235 119.48182 1943.0
22.0 8.0 8.0 108.15591 85.99547 38.6628 1.0
22.0 8.0 22.0 25.10358 80.0235 119.48182 1.0
22.0 13.0 13.0 21.82461 31.11269 56.41893 3.0
22.0 13.0 22.0 25.10358 80.0235 119.48182 3.0
22.0 16.0 16.0 37.09516 39.05715 124.6658 1215.0
22.0 16.0 22.0 25.10358 80.0235 119.48182 1215.0
22.0 22.0 22.0 25.10358 80.0235 119.48182 13883.0
22.0 22.0 22.0 25.10358 80.0235 119.48182 13883.0
22.0 27.0 27.0 18.73675 45.3235 103.74601 1363.0
22.0 27.0 22.0 25.10358 80.0235 119.48182 1363.0
22.0 28.0 28.0 84.38134 38.91511 143.13825 15.0
22.0 28.0 22.0 25.10358 80.0235 119.48182 15.0
22.0 33.0 33.0 97.1604 49.95658 149.24172 2.0
22.0 33.0 22.0 25.10358 80.0235 119.48182 2.0
22.0 36.0 36.0 51.1956 19.46741 119.68111 16.0
22.0 36.0 22.0 25.10358 80.0235 119.48182 16.0
22.0 37.0 37.0 80.25948 11.09071 113.87154 1.0
22.0 37.0 22.0 25.10358 80.0235 119.48182 1.0
22.0 38.0 38.0 88.68859 68.4089 152.61289 28.0
22.0 38.0 22.0 25.10358 80.0235 119.48182 28.0
22.0 41.0 41.0 59.8763 126.07729 122.48704 668.0
22.0 41.0 22.0 25.10358 80.0235 119.48182 668.0
22.0 42.0 42.0 56.60395 85.19869 144.95065 1671.0
22.0 42.0 22.0 25.10358 80.0235 119.48182 1671.0
22.0 43.0 43.0 101.75218 137.71257 99.16232 1.0
22.0 43.0 22.0 25.10358 80.0235 119.48182 1.0
22.0 44.0 44.0 70.25521 22.76733 131.37981 2.0
22.0 44.0 22.0 25.10358 80.0235 119.48182 2.0
23.0 7.0 7.0 121.65431 13.42218 56.98665 11.0
23.0 7.0 23.0 173.50358 43.50691 77.12026 11.0
23.0 8.0 8.0 108.15591 85.99547 38.6628 5.0
23.0 8.0 23.0 173.50358 43.50691 77.12026 5.0
23.0 12.0 12.0 179.81025 86.38028 84.82332 586.0
23.0 12.0 23.0 173.50358 43.50691 77.12026 586.0
23.0 15.0 15.0 145.12746 26.5977 64.63914 810.0
23.0 15.0 23.0 173.50358 43.50691 77.12026 810.0
23.0 17.0 17.0 122.79071 11.00115 94.57231 8.0
23.0 17.0 23.0 173.50358 43.50691 77.12026 8.0
23.0 18.0 18.0 159.2209 24.84121 93.88426 1032.0
23.0 18.0 23.0 173.50358 43.50691 77.12026 1032.0
23.0 23.0 23.0 173.50358 43.50691 77.12026 3390.0
23.0 23.0 23.0 173.50358 43.50691 77.12026 3390.0
23.0 25.0 25.0 182.8514 63.9927 100.28904 770.0
23.0 25.0 23.0 173.50358 43.50691 77.12026 770.0
23.0 26.0 26.0 132.12886 45.09802 139.0929 10.0
23.0 26.0 23.0 173.50358 43.50691 77.12026 10.0
23.0 28.0 28.0 84.38134 38.91511 143.13825 1.0
23.0 28.0 23.0 173.50358 43.50691 77.12026 1.0
23.0 29.0 29.0 122.66175 20.58606 121.19182 13.0
23.0 29.0 23.0 173.50358 43.50691 77.12026 13.0
23.0 31.0 31.0 121.58507 39.01241 36.06528 126.0
23.0 31.0 23.0 173.50358 43.50691 77.12026 126.0
23.0 32.0 32.0 156.96961 89.11634 57.98371 504.0
23.0 32.0 23.0 173.50358 43.50691 77.12026 504.0
23.0 37.0 37.0 80.25948 11.09071 113.87154 1.0
23.0 37.0 23.0 173.50358 43.50691 77.12026 1.0
23.0 47.0 47.0 164.19826 62.69457 126.09829 334.0
23.0 47.0 23.0 173.50358 43.50691 77.12026 334.0
24.0 0.0 0.0 55.12994 48.89198 141.98132 9.0
24.0 0.0 24.0 107.90453 87.21821 149.14661 9.0
24.0 4.0 4.0 72.05039 108.38421 139.67636 1555.0
24.0 4.0 24.0 107.90453 87.21821 149.14661 1555.0
24.0 9.0 9.0 78.55491 139.94775 102.55643 14.0
24.0 9.0 24.0 107.90453 87.21821 149.14661 14.0
24.0 22.0 22.0 25.10358 80.0235 119.48182 1.0
24.0 22.0 24.0 107.90453 87.21821 149.14661 1.0
24.0 24.0 24.0 107.90453 87.21821 149.14661 9000.0
24.0 24.0 24.0 107.90453 87.21821 149.14661 9000.0
24.0 26.0 26.0 132.12886 45.09802 139.0929 923.0
24.0 26.0 24.0 107.90453 87.21821 149.14661 923.0
24.0 28.0 28.0 84.38134 38.91511 143.13825 39.0
24.0 28.0 24.0 107.90453 87.21821 149.14661 39.0
24.0 30.0 30.0 88.37173 139.932 62.70066 1.0
24.0 30.0 24.0 107.90453 87.21821 149.14661 1.0
24.0 33.0 33.0 97.1604 49.95658 149.24172 471.0
24.0 33.0 24.0 107.90453 87.21821 149.14661 471.0
24.0 34.0 34.0 127.82816 111.2368 129.5831 2592.0
24.0 34.0 24.0 107.90453 87.21821 149.14661 2592.0
24.0 35.0 35.0 147.7674 121.16053 95.65563 5.0
24.0 35.0 24.0 107.90453 87.21821 149.14661 5.0
24.0 38.0 38.0 88.68859 68.4089 152.61289 1931.0
24.0 38.0 24.0 107.90453 87.21821 149.14661 1931.0
24.0 41.0 41.0 59.8763 126.07729 122.48704 94.0
24.0 41.0 24.0 107.90453 87.21821 149.14661 94.0
24.0 42.0 42.0 56.60395 85.19869 144.95065 517.0
24.0 42.0 24.0 107.90453 87.21821 149.14661 517.0
24.0 43.0 43.0 101.75218 137.71257 99.16232 11.0
24.0 43.0 24.0 107.90453 87.21821 149.14661 11.0
24.0 44.0 44.0 70.25521 22.76733 131.37981 3.0
24.0 44.0 24.0 107.90453 87.21821 149.14661 3.0
24.0 47.0 47.0 164.19826 62.69457 126.09829 206.0
24.0 47.0 24.0 107.90453 87.21821 149.14661 206.0
25.0 7.0 7.0 121.65431 13.42218 56.98665 1.0
25.0 7.0 25.0 182.8514 63.9927 100.28904 1.0
25.0 12.0 12.0 179.81025 86.38028 84.82332 1209.0
25.0 12.0 25.0 182.8514 63.9927 100.28904 1209.0
25.0 15.0 15.0 145.12746 26.5977 64.63914 8.0
25.0 15.0 25.0 182.8514 63.9927 100.28904 8.0
25.0 18.0 18.0 159.2209 24.84121 93.88426 111.0
25.0 18.0 25.0 182.8514 63.9927 100.28904 111.0
25.0 23.0 23.0 173.50358 43.50691 77.12026 758.0
25.0 23.0 25.0 182.8514 63.9927 100.28904 758.0
25.0 25.0 25.0 182.8514 63.9927 100.28904 2256.0
25.0 25.0 25.0 182.8514 63.9927 100.28904 2256.0
25.0 26.0 26.0 132.12886 45.09802 139.0929 4.0
25.0 26.0 25.0 182.8514 63.9927 100.28904 4.0
25.0 29.0 29.0 122.66175 20.58606 121.19182 1.0
25.0 29.0 25.0 182.8514 63.9927 100.28904 1.0
25.0 32.0 32.0 156.96961 89.11634 57.98371 39.0
25.0 32.0 25.0 182.8514 63.9927 100.28904 39.0
25.0 34.0 34.0 127.82816 111.2368 129.5831 23.0
25.0 34.0 25.0 182.8514 63.9927 100.28904 23.0
25.0 35.0 35.0 147.7674 121.16053 95.65563 76.0
25.0 35.0 25.0 182.8514 63.9927 100.28904 76.0
25.0 46.0 46.0 114.51516 130.24092 52.73503 1.0
25.0 46.0 25.0 182.8514 63.9927 100.28904 1.0
25.0 47.0 47.0 164.19826 62.69457 126.09829 1255.0
25.0 47.0 25.0 182.8514 63.9927 100.28904 1255.0
26.0 3.0 3.0 83.17248 3.82959 88.02888 2.0
26.0 3.0 26.0 132.12886 45.09802 139.0929 2.0
26.0 17.0 17.0 122.79071 11.00115 94.57231 103.0
26.0 17.0 26.0 132.12886 45.09802 139.0929 103.0
26.0 18.0 18.0 159.2209 24.84121 93.88426 221.0
26.0 18.0 26.0 132.12886 45.09802 139.0929 221.0
26.0 23.0 23.0 173.50358 43.50691 77.12026 5.0
26.0 23.0 26.0 132.12886 45.09802 139.0929 5.0
26.0 24.0 24.0 107.90453 87.21821 149.14661 996.0
26.0 24.0 26.0 132.12886 45.09802 139.0929 996.0
26.0 25.0 25.0 182.8514 63.9927 100.28904 3.0
26.0 25.0 26.0 132.12886 45.09802 139.0929 3.0
26.0 26.0 26.0 132.12886 45.09802 139.0929 8184.0
26.0 26.0 26.0 132.12886 45.09802 139.0929 8184.0
26.0 28.0 28.0 84.38134 38.91511 143.13825 452.0
26.0 28.0 26.0 132.12886 45.09802 139.0929 452.0
26.0 29.0 29.0 122.66175 20.58606 121.19182 1855.0
26.0 29.0 26.0 132.12886 45.09802 139.0929 1855.0
26.0 33.0 33.0 97.1604 49.95658 149.24172 1132.0
26.0 33.0 26.0 132.12886 45.09802 139.0929 1132.0
26.0 34.0 34.0 127.82816 111.2368 129.5831 285.0
26.0 34.0 26.0 132.12886 45.09802 139.0929 285.0
26.0 35.0 35.0 147.7674 121.16053 95.65563 1.0
26.0 35.0 26.0 132.12886 45.09802 139.0929 1.0
26.0 37.0 37.0 80.25948 11.09071 113.87154 106.0
26.0 37.0 26.0 132.12886 45.09802 139.0929 106.0
26.0 38.0 38.0 88.68859 68.4089 152.61289 388.0
26.0 38.0 26.0 132.12886 45.09802 139.0929 388.0
26.0 44.0 44.0 70.25521 22.76733 131.37981 14.0
26.0 44.0 26.0 132.12886 45.09802 139.0929 14.0
26.0 47.0 47.0 164.19826 62.69457 126.09829 1758.0
26.0 47.0 26.0 132.12886 45.09802 139.0929 1758.0
27.0 0.0 0.0 55.12994 48.89198 141.98132 42.0
27.0 0.0 27.0 18.73675 45.3235 103.74601 42.0
27.0 2.0 2.0 27.3734 25.36968 87.73387 1586.0
27.0 2.0 27.0 18.73675 45.3235 103.74601 1586.0
27.0 3.0 3.0 83.17248 3.82959 88.02888 1.0
27.0 3.0 27.0 18.73675 45.3235 103.74601 1.0
27.0 6.0 6.0 5.468 84.79718 74.36985 773.0
27.0 6.0 27.0 18.73675 45.3235 103.74601 773.0
27.0 11.0 11.0 48.53675 14.08215 56.59173 18.0
27.0 11.0 27.0 18.73675 45.3235 103.74601 18.0
27.0 13.0 13.0 21.82461 31.11269 56.41893 125.0
27.0 13.0 27.0 18.73675 45.3235 103.74601 125.0
27.0 16.0 16.0 37.09516 39.05715 124.6658 1282.0
27.0 16.0 27.0 18.73675 45.3235 103.74601 1282.0
27.0 22.0 22.0 25.10358 80.0235 119.48182 1333.0
27.0 22.0 27.0 18.73675 45.3235 103.74601 1333.0
27.0 27.0 27.0 18.73675 45.3235 103.74601 3406.0
27.0 27.0 27.0 18.73675 45.3235 103.74601 3406.0
27.0 36.0 36.0 51.1956 19.46741 119.68111 82.0
27.0 36.0 27.0 18.73675 45.3235 103.74601 82.0
27.0 37.0 37.0 80.25948 11.09071 113.87154 7.0
27.0 37.0 27.0 18.73675 45.3235 103.74601 7.0
27.0 39.0 39.0 21.77901 50.1485 32.83082 24.0
27.0 39.0 27.0 18.73675 45.3235 103.74601 24.0
27.0 42.0 42.0 56.60395 85.19869 144.95065 2.0
27.0 42.0 27.0 18.73675 45.3235 103.74601 2.0
27.0 44.0 44.0 70.25521 22.76733 131.37981 6.0
27.0 44.0 27.0 18.73675 45.3235 103.74601 6.0
28.0 0.0 0.0 55.12994 48.89198 141.98132 1114.0
28.0 0.0 28.0 84.38134 38.91511 143.13825 1114.0
28.0 3.0 3.0 83.17248 3.82959 88.02888 8.0
28.0 3.0 28.0 84.38134 38.91511 143.13825 8.0
28.0 4.0 4.0 72.05039 108.38421 139.67636 5.0
28.0 4.0 28.0 84.38134 38.91511 143.13825 5.0
28.0 5.0 5.0 36.15226 130.0379 82.21537 1.0
28.0 5.0 28.0 84.38134 38.91511 143.13825 1.0
28.0 16.0 16.0 37.09516 39.05715 124.6658 35.0
28.0 16.0 28.0 84.38134 38.91511 143.13825 35.0
28.0 17.0 17.0 122.79071 11.00115 94.57231 13.0
28.0 17.0 28.0 84.38134 38.91511 143.13825 13.0
28.0 22.0 22.0 25.10358 80.0235 119.48182 13.0
28.0 22.0 28.0 84.38134 38.91511 143.13825 13.0
28.0 24.0 24.0 107.90453 87.21821 149.14661 38.0
28.0 24.0 28.0 84.38134 38.91511 143.13825 38.0
28.0 26.0 26.0 132.12886 45.09802 139.0929 403.0
28.0 26.0 28.0 84.38134 38.91511 143.13825 403.0
28.0 28.0 28.0 84.38134 38.91511 143.13825 3169.0
28.0 28.0 28.0 84.38134 38.91511 143.13825 3169.0
28.0 29.0 29.0 122.66175 20.58606 121.19182 479.0
28.0 29.0 28.0 84.38134 38.91511 143.13825 479.0
28.0 33.0 33.0 97.1604 49.95658 149.24172 1608.0
28.0 33.0 28.0 84.38134 38.91511 143.13825 1608.0
28.0 36.0 36.0 51.1956 19.46741 119.68111 78.0
28.0 36.0 28.0 84.38134 38.91511 143.13825 78.0
28.0 37.0 37.0 80.25948 11.09071 113.87154 722.0
28.0 37.0 28.0 84.38134 38.91511 143.13825 722.0
28.0 38.0 38.0 88.68859 68.4089 152.61289 604.0
28.0 38.0 28.0 84.38134 38.91511 143.13825 604.0
28.0 42.0 42.0 56.60395 85.19869 144.95065 185.0
28.0 42.0 28.0 84.38134 38.91511 143.13825 185.0
28.0 44.0 44.0 70.25521 22.76733 131.37981 962.0
28.0 44.0 28.0 84.38134 38.91511 143.13825 962.0
29.0 0.0 0.0 55.12994 48.89198 141.98132 3.0
29.0 0.0 29.0 122.66175 20.58606 121.19182 3.0
29.0 3.0 3.0 83.17248 3.82959 88.02888 219.0
29.0 3.0 29.0 122.66175 20.58606 121.19182 219.0
29.0 7.0 7.0 121.65431 13.42218 56.98665 13.0
29.0 7.0 29.0 122.66175 20.58606 121.19182 13.0
29.0 10.0 10.0 97.04694 3.91126 61.10672 4.0
29.0 10.0 29.0 122.66175 20.58606 121.19182 4.0
29.0 15.0 15.0 145.12746 26.5977 64.63914 56.0
29.0 15.0 29.0 122.66175 20.58606 121.19182 56.0
29.0 17.0 17.0 122.79071 11.00115 94.57231 1615.0
29.0 17.0 29.0 122.66175 20.58606 121.19182 1615.0
29.0 18.0 18.0 159.2209 24.84121 93.88426 498.0
29.0 18.0 29.0 122.66175 20.58606 121.19182 498.0
29.0 23.0 23.0 173.50358 43.50691 77.12026 8.0
29.0 23.0 29.0 122.66175 20.58606 121.19182 8.0
29.0 24.0 24.0 107.90453 87.21821 149.14661 1.0
29.0 24.0 29.0 122.66175 20.58606 121.19182 1.0
29.0 25.0 25.0 182.8514 63.9927 100.28904 2.0
29.0 25.0 29.0 122.66175 20.58606 121.19182 2.0
29.0 26.0 26.0 132.12886 45.09802 139.0929 1865.0
29.0 26.0 29.0 122.66175 20.58606 121.19182 1865.0
29.0 28.0 28.0 84.38134 38.91511 143.13825 490.0
29.0 28.0 29.0 122.66175 20.58606 121.19182 490.0
29.0 29.0 29.0 122.66175 20.58606 121.19182 4834.0
29.0 29.0 29.0 122.66175 20.58606 121.19182 4834.0
29.0 33.0 33.0 97.1604 49.95658 149.24172 181.0
29.0 33.0 29.0 122.66175 20.58606 121.19182 181.0
29.0 36.0 36.0 51.1956 19.46741 119.68111 1.0
29.0 36.0 29.0 122.66175 20.58606 121.19182 1.0
29.0 37.0 37.0 80.25948 11.09071 113.87154 1202.0
29.0 37.0 29.0 122.66175 20.58606 121.19182 1202.0
29.0 38.0 38.0 88.68859 68.4089 152.61289 6.0
29.0 38.0 29.0 122.66175 20.58606 121.19182 6.0
29.0 44.0 44.0 70.25521 22.76733 131.37981 82.0
29.0 44.0 29.0 122.66175 20.58606 121.19182 82.0
29.0 46.0 46.0 114.51516 130.24092 52.73503 1.0
29.0 46.0 29.0 122.66175 20.58606 121.19182 1.0
29.0 47.0 47.0 164.19826 62.69457 126.09829 227.0
29.0 47.0 29.0 122.66175 20.58606 121.19182 227.0
30.0 1.0 1.0 66.24313 89.24648 7.46923 311.0
30.0 1.0 30.0 88.37173 139.932 62.70066 311.0
30.0 2.0 2.0 27.3734 25.36968 87.73387 1.0
30.0 2.0 30.0 88.37173 139.932 62.70066 1.0
30.0 5.0 5.0 36.15226 130.0379 82.21537 1672.0
30.0 5.0 30.0 88.37173 139.932 62.70066 1672.0
30.0 8.0 8.0 108.15591 85.99547 38.6628 594.0
30.0 8.0 30.0 88.37173 139.932 62.70066 594.0
30.0 9.0 9.0 78.55491 139.94775 102.55643 1149.0
30.0 9.0 30.0 88.37173 139.932 62.70066 1149.0
30.0 14.0 14.0 128.29841 116.02472 40.24854 240.0
30.0 14.0 30.0 88.37173 139.932 62.70066 240.0
30.0 23.0 23.0 173.50358 43.50691 77.12026 1.0
30.0 23.0 30.0 88.37173 139.932 62.70066 1.0
30.0 30.0 30.0 88.37173 139.932 62.70066 14961.0
30.0 30.0 30.0 88.37173 139.932 62.70066 14961.0
30.0 32.0 32.0 156.96961 89.11634 57.98371 2.0
30.0 32.0 30.0 88.37173 139.932 62.70066 2.0
30.0 34.0 34.0 127.82816 111.2368 129.5831 75.0
30.0 34.0 30.0 88.37173 139.932 62.70066 75.0
30.0 35.0 35.0 147.7674 121.16053 95.65563 717.0
30.0 35.0 30.0 88.37173 139.932 62.70066 717.0
30.0 41.0 41.0 59.8763 126.07729 122.48704 22.0
30.0 41.0 30.0 88.37173 139.932 62.70066 22.0
30.0 43.0 43.0 101.75218 137.71257 99.16232 2223.0
30.0 43.0 30.0 88.37173 139.932 62.70066 2223.0
30.0 45.0 45.0 35.0212 116.32036 28.57815 748.0
30.0 45.0 30.0 88.37173 139.932 62.70066 748.0
30.0 46.0 46.0 114.51516 130.24092 52.73503 3385.0
30.0 46.0 30.0 88.37173 139.932 62.70066 3385.0
31.0 1.0 1.0 66.24313 89.24648 7.46923 2.0
31.0 1.0 31.0 121.58507 39.01241 36.06528 2.0
31.0 3.0 3.0 83.17248 3.82959 88.02888 2.0
31.0 3.0 31.0 121.58507 39.01241 36.06528 2.0
31.0 7.0 7.0 121.65431 13.42218 56.98665 1610.0
31.0 7.0 31.0 121.58507 39.01241 36.06528 1610.0
31.0 8.0 8.0 108.15591 85.99547 38.6628 1976.0
31.0 8.0 31.0 121.58507 39.01241 36.06528 1976.0
31.0 10.0 10.0 97.04694 3.91126 61.10672 400.0
31.0 10.0 31.0 121.58507 39.01241 36.06528 400.0
31.0 11.0 11.0 48.53675 14.08215 56.59173 2.0
31.0 11.0 31.0 121.58507 39.01241 36.06528 2.0
31.0 12.0 12.0 179.81025 86.38028 84.82332 5.0
31.0 12.0 31.0 121.58507 39.01241 36.06528 5.0
31.0 14.0 14.0 128.29841 116.02472 40.24854 3.0
31.0 14.0 31.0 121.58507 39.01241 36.06528 3.0
31.0 15.0 15.0 145.12746 26.5977 64.63914 1335.0
31.0 15.0 31.0 121.58507 39.01241 36.06528 1335.0
31.0 17.0 17.0 122.79071 11.00115 94.57231 6.0
31.0 17.0 31.0 121.58507 39.01241 36.06528 6.0
31.0 18.0 18.0 159.2209 24.84121 93.88426 10.0
31.0 18.0 31.0 121.58507 39.01241 36.06528 10.0
31.0 19.0 19.0 66.42502 15.75003 45.43346 25.0
31.0 19.0 31.0 121.58507 39.01241 36.06528 25.0
31.0 20.0 20.0 85.06488 53.74404 22.27284 2129.0
31.0 20.0 31.0 121.58507 39.01241 36.06528 2129.0
31.0 23.0 23.0 173.50358 43.50691 77.12026 112.0
31.0 23.0 31.0 121.58507 39.01241 36.06528 112.0
31.0 31.0 31.0 121.58507 39.01241 36.06528 11905.0
31.0 31.0 31.0 121.58507 39.01241 36.06528 11905.0
31.0 32.0 32.0 156.96961 89.11634 57.98371 559.0
31.0 32.0 31.0 121.58507 39.01241 36.06528 559.0
31.0 40.0 40.0 83.28239 23.52942 42.40142 1057.0
31.0 40.0 31.0 121.58507 39.01241 36.06528 1057.0
31.0 45.0 45.0 35.0212 116.32036 28.57815 1.0
31.0 45.0 31.0 121.58507 39.01241 36.06528 1.0
32.0 7.0 7.0 121.65431 13.42218 56.98665 8.0
32.0 7.0 32.0 156.96961 89.11634 57.98371 8.0
32.0 8.0 8.0 108.15591 85.99547 38.6628 1593.0
32.0 8.0 32.0 156.96961 89.11634 57.98371 1593.0
32.0 12.0 12.0 179.81025 86.38028 84.82332 1713.0
32.0 12.0 32.0 156.96961 89.11634 57.98371 1713.0
32.0 14.0 14.0 128.29841 116.02472 40.24854 1498.0
32.0 14.0 32.0 156.96961 89.11634 57.98371 1498.0
32.0 15.0 15.0 145.12746 26.5977 64.63914 388.0
32.0 15.0 32.0 156.96961 89.11634 57.98371 388.0
32.0 18.0 18.0 159.2209 24.84121 93.88426 6.0
32.0 18.0 32.0 156.96961 89.11634 57.98371 6.0
32.0 20.0 20.0 85.06488 53.74404 22.27284 8.0
32.0 20.0 32.0 156.96961 89.11634 57.98371 8.0
32.0 23.0 23.0 173.50358 43.50691 77.12026 470.0
32.0 23.0 32.0 156.96961 89.11634 57.98371 470.0
32.0 25.0 25.0 182.8514 63.9927 100.28904 50.0
32.0 25.0 32.0 156.96961 89.11634 57.98371 50.0
32.0 30.0 30.0 88.37173 139.932 62.70066 4.0
32.0 30.0 32.0 156.96961 89.11634 57.98371 4.0
32.0 31.0 31.0 121.58507 39.01241 36.06528 581.0
32.0 31.0 32.0 156.96961 89.11634 57.98371 581.0
32.0 32.0 32.0 156.96961 89.11634 57.98371 9331.0
32.0 32.0 32.0 156.96961 89.11634 57.98371 9331.0
32.0 34.0 34.0 127.82816 111.2368 129.5831 1.0
32.0 34.0 32.0 156.96961 89.11634 57.98371 1.0
32.0 35.0 35.0 147.7674 121.16053 95.65563 919.0
32.0 35.0 32.0 156.96961 89.11634 57.98371 919.0
32.0 46.0 46.0 114.51516 130.24092 52.73503 305.0
32.0 46.0 32.0 156.96961 89.11634 57.98371 305.0
32.0 47.0 47.0 164.19826 62.69457 126.09829 1.0
32.0 47.0 32.0 156.96961 89.11634 57.98371 1.0
33.0 0.0 0.0 55.12994 48.89198 141.98132 225.0
33.0 0.0 33.0 97.1604 49.95658 149.24172 225.0
33.0 4.0 4.0 72.05039 108.38421 139.67636 7.0
33.0 4.0 33.0 97.1604 49.95658 149.24172 7.0
33.0 16.0 16.0 37.09516 39.05715 124.6658 3.0
33.0 16.0 33.0 97.1604 49.95658 149.24172 3.0
33.0 17.0 17.0 122.79071 11.00115 94.57231 2.0
33.0 17.0 33.0 97.1604 49.95658 149.24172 2.0
33.0 18.0 18.0 159.2209 24.84121 93.88426 1.0
33.0 18.0 33.0 97.1604 49.95658 149.24172 1.0
33.0 22.0 22.0 25.10358 80.0235 119.48182 2.0
33.0 22.0 33.0 97.1604 49.95658 149.24172 2.0
33.0 24.0 24.0 107.90453 87.21821 149.14661 505.0
33.0 24.0 33.0 97.1604 49.95658 149.24172 505.0
33.0 26.0 26.0 132.12886 45.09802 139.0929 1084.0
33.0 26.0 33.0 97.1604 49.95658 149.24172 1084.0
33.0 28.0 28.0 84.38134 38.91511 143.13825 1644.0
33.0 28.0 33.0 97.1604 49.95658 149.24172 1644.0
33.0 29.0 29.0 122.66175 20.58606 121.19182 184.0
33.0 29.0 33.0 97.1604 49.95658 149.24172 184.0
33.0 33.0 33.0 97.1604 49.95658 149.24172 2706.0
33.0 33.0 33.0 97.1604 49.95658 149.24172 2706.0
33.0 34.0 34.0 127.82816 111.2368 129.5831 2.0
33.0 34.0 33.0 97.1604 49.95658 149.24172 2.0
33.0 36.0 36.0 51.1956 19.46741 119.68111 3.0
33.0 36.0 33.0 97.1604 49.95658 149.24172 3.0
33.0 37.0 37.0 80.25948 11.09071 113.87154 95.0
33.0 37.0 33.0 97.1604 49.95658 149.24172 95.0
33.0 38.0 38.0 88.68859 68.4089 152.61289 1553.0
33.0 38.0 33.0 97.1604 49.95658 149.24172 1553.0
33.0 42.0 42.0 56.60395 85.19869 144.95065 140.0
33.0 42.0 33.0 97.1604 49.95658 149.24172 140.0
33.0 44.0 44.0 70.25521 22.76733 131.37981 116.0
33.0 44.0 33.0 97.1604 49.95658 149.24172 116.0
33.0 47.0 47.0 164.19826 62.69457 126.09829 4.0
33.0 47.0 33.0 97.1604 49.95658 149.24172 4.0
34.0 4.0 4.0 72.05039 108.38421 139.67636 898.0
34.0 4.0 34.0 127.82816 111.2368 129.5831 898.0
34.0 5.0 5.0 36.15226 130.0379 82.21537 1.0
34.0 5.0 34.0 127.82816 111.2368 129.5831 1.0
34.0 9.0 9.0 78.55491 139.94775 102.55643 611.0
34.0 9.0 34.0 127.82816 111.2368 129.5831 611.0
34.0 12.0 12.0 179.81025 86.38028 84.82332 87.0
34.0 12.0 34.0 127.82816 111.2368 129.5831 87.0
34.0 14.0 14.0 128.29841 116.02472 40.24854 2.0
34.0 14.0 34.0 127.82816 111.2368 129.5831 2.0
34.0 24.0 24.0 107.90453 87.21821 149.14661 2645.0
34.0 24.0 34.0 127.82816 111.2368 129.5831 2645.0
34.0 25.0 25.0 182.8514 63.9927 100.28904 18.0
34.0 25.0 34.0 127.82816 111.2368 129.5831 18.0
34.0 26.0 26.0 132.12886 45.09802 139.0929 307.0
34.0 26.0 34.0 127.82816 111.2368 129.5831 307.0
34.0 30.0 30.0 88.37173 139.932 62.70066 91.0
34.0 30.0 34.0 127.82816 111.2368 129.5831 91.0
34.0 32.0 32.0 156.96961 89.11634 57.98371 5.0
34.0 32.0 34.0 127.82816 111.2368 129.5831 5.0
34.0 33.0 33.0 97.1604 49.95658 149.24172 7.0
34.0 33.0 34.0 127.82816 111.2368 129.5831 7.0
34.0 34.0 34.0 127.82816 111.2368 129.5831 17309.0
34.0 34.0 34.0 127.82816 111.2368 129.5831 17309.0
34.0 35.0 35.0 147.7674 121.16053 95.65563 2603.0
34.0 35.0 34.0 127.82816 111.2368 129.5831 2603.0
34.0 38.0 38.0 88.68859 68.4089 152.61289 39.0
34.0 38.0 34.0 127.82816 111.2368 129.5831 39.0
34.0 41.0 41.0 59.8763 126.07729 122.48704 432.0
34.0 41.0 34.0 127.82816 111.2368 129.5831 432.0
34.0 42.0 42.0 56.60395 85.19869 144.95065 7.0
34.0 42.0 34.0 127.82816 111.2368 129.5831 7.0
34.0 43.0 43.0 101.75218 137.71257 99.16232 1434.0
34.0 43.0 34.0 127.82816 111.2368 129.5831 1434.0
34.0 46.0 46.0 114.51516 130.24092 52.73503 8.0
34.0 46.0 34.0 127.82816 111.2368 129.5831 8.0
34.0 47.0 47.0 164.19826 62.69457 126.09829 1103.0
34.0 47.0 34.0 127.82816 111.2368 129.5831 1103.0
35.0 8.0 8.0 108.15591 85.99547 38.6628 4.0
35.0 8.0 35.0 147.7674 121.16053 95.65563 4.0
35.0 9.0 9.0 78.55491 139.94775 102.55643 22.0
35.0 9.0 35.0 147.7674 121.16053 95.65563 22.0
35.0 12.0 12.0 179.81025 86.38028 84.82332 1175.0
35.0 12.0 35.0 147.7674 121.16053 95.65563 1175.0
35.0 14.0 14.0 128.29841 116.02472 40.24854 318.0
35.0 14.0 35.0 147.7674 121.16053 95.65563 318.0
35.0 24.0 24.0 107.90453 87.21821 149.14661 3.0
35.0 24.0 35.0 147.7674 121.16053 95.65563 3.0
35.0 25.0 25.0 182.8514 63.9927 100.28904 78.0
35.0 25.0 35.0 147.7674 121.16053 95.65563 78.0
35.0 26.0 26.0 132.12886 45.09802 139.0929 1.0
35.0 26.0 35.0 147.7674 121.16053 95.65563 1.0
35.0 28.0 28.0 84.38134 38.91511 143.13825 2.0
35.0 28.0 35.0 147.7674 121.16053 95.65563 2.0
35.0 30.0 30.0 88.37173 139.932 62.70066 726.0
35.0 30.0 35.0 147.7674 121.16053 95.65563 726.0
35.0 32.0 32.0 156.96961 89.11634 57.98371 919.0
35.0 32.0 35.0 147.7674 121.16053 95.65563 919.0
35.0 34.0 34.0 127.82816 111.2368 129.5831 2659.0
35.0 34.0 35.0 147.7674 121.16053 95.65563 2659.0
35.0 35.0 35.0 147.7674 121.16053 95.65563 11570.0
35.0 35.0 35.0 147.7674 121.16053 95.65563 11570.0
35.0 41.0 41.0 59.8763 126.07729 122.48704 1.0
35.0 41.0 35.0 147.7674 121.16053 95.65563 1.0
35.0 43.0 43.0 101.75218 137.71257 99.16232 942.0
35.0 43.0 35.0 147.7674 121.16053 95.65563 942.0
35.0 46.0 46.0 114.51516 130.24092 52.73503 1163.0
35.0 46.0 35.0 147.7674 121.16053 95.65563 1163.0
35.0 47.0 47.0 164.19826 62.69457 126.09829 321.0
35.0 47.0 35.0 147.7674 121.16053 95.65563 321.0
36.0 0.0 0.0 55.12994 48.89198 141.98132 487.0
36.0 0.0 36.0 51.1956 19.46741 119.68111 487.0
36.0 2.0 2.0 27.3734 25.36968 87.73387 500.0
36.0 2.0 36.0 51.1956 19.46741 119.68111 500.0
36.0 3.0 3.0 83.17248 3.82959 88.02888 157.0
36.0 3.0 36.0 51.1956 19.46741 119.68111 157.0
36.0 8.0 8.0 108.15591 85.99547 38.6628 1.0
36.0 8.0 36.0 51.1956 19.46741 119.68111 1.0
36.0 11.0 11.0 48.53675 14.08215 56.59173 71.0
36.0 11.0 36.0 51.1956 19.46741 119.68111 71.0
36.0 13.0 13.0 21.82461 31.11269 56.41893 3.0
36.0 13.0 36.0 51.1956 19.46741 119.68111 3.0
36.0 16.0 16.0 37.09516 39.05715 124.6658 1052.0
36.0 16.0 36.0 51.1956 19.46741 119.68111 1052.0
36.0 22.0 22.0 25.10358 80.0235 119.48182 9.0
36.0 22.0 36.0 51.1956 19.46741 119.68111 9.0
36.0 27.0 27.0 18.73675 45.3235 103.74601 106.0
36.0 27.0 36.0 51.1956 19.46741 119.68111 106.0
36.0 28.0 28.0 84.38134 38.91511 143.13825 85.0
36.0 28.0 36.0 51.1956 19.46741 119.68111 85.0
36.0 29.0 29.0 122.66175 20.58606 121.19182 1.0
36.0 29.0 36.0 51.1956 19.46741 119.68111 1.0
36.0 33.0 33.0 97.1604 49.95658 149.24172 3.0
36.0 33.0 36.0 51.1956 19.46741 119.68111 3.0
36.0 36.0 36.0 51.1956 19.46741 119.68111 1481.0
36.0 36.0 36.0 51.1956 19.46741 119.68111 1481.0
36.0 37.0 37.0 80.25948 11.09071 113.87154 892.0
36.0 37.0 36.0 51.1956 19.46741 119.68111 892.0
36.0 38.0 38.0 88.68859 68.4089 152.61289 2.0
36.0 38.0 36.0 51.1956 19.46741 119.68111 2.0
36.0 42.0 42.0 56.60395 85.19869 144.95065 1.0
36.0 42.0 36.0 51.1956 19.46741 119.68111 1.0
36.0 44.0 44.0 70.25521 22.76733 131.37981 805.0
36.0 44.0 36.0 51.1956 19.46741 119.68111 805.0
37.0 0.0 0.0 55.12994 48.89198 141.98132 80.0
37.0 0.0 37.0 80.25948 11.09071 113.87154 80.0
37.0 2.0 2.0 27.3734 25.36968 87.73387 386.0
37.0 2.0 37.0 80.25948 11.09071 113.87154 386.0
37.0 3.0 3.0 83.17248 3.82959 88.02888 2571.0
37.0 3.0 37.0 80.25948 11.09071 113.87154 2571.0
37.0 7.0 7.0 121.65431 13.42218 56.98665 3.0
37.0 7.0 37.0 80.25948 11.09071 113.87154 3.0
37.0 10.0 10.0 97.04694 3.91126 61.10672 43.0
37.0 10.0 37.0 80.25948 11.09071 113.87154 43.0
37.0 11.0 11.0 48.53675 14.08215 56.59173 257.0
37.0 11.0 37.0 80.25948 11.09071 113.87154 257.0
37.0 13.0 13.0 21.82461 31.11269 56.41893 1.0
37.0 13.0 37.0 80.25948 11.09071 113.87154 1.0
37.0 16.0 16.0 37.09516 39.05715 124.6658 184.0
37.0 16.0 37.0 80.25948 11.09071 113.87154 184.0
37.0 17.0 17.0 122.79071 11.00115 94.57231 535.0
37.0 17.0 37.0 80.25948 11.09071 113.87154 535.0
37.0 18.0 18.0 159.2209 24.84121 93.88426 2.0
37.0 18.0 37.0 80.25948 11.09071 113.87154 2.0
37.0 19.0 19.0 66.42502 15.75003 45.43346 19.0
37.0 19.0 37.0 80.25948 11.09071 113.87154 19.0
37.0 26.0 26.0 132.12886 45.09802 139.0929 109.0
37.0 26.0 37.0 80.25948 11.09071 113.87154 109.0
37.0 27.0 27.0 18.73675 45.3235 103.74601 13.0
37.0 27.0 37.0 80.25948 11.09071 113.87154 13.0
37.0 28.0 28.0 84.38134 38.91511 143.13825 742.0
37.0 28.0 37.0 80.25948 11.09071 113.87154 742.0
37.0 29.0 29.0 122.66175 20.58606 121.19182 1171.0
37.0 29.0 37.0 80.25948 11.09071 113.87154 1171.0
37.0 33.0 33.0 97.1604 49.95658 149.24172 97.0
37.0 33.0 37.0 80.25948 11.09071 113.87154 97.0
37.0 36.0 36.0 51.1956 19.46741 119.68111 931.0
37.0 36.0 37.0 80.25948 11.09071 113.87154 931.0
37.0 37.0 37.0 80.25948 11.09071 113.87154 8058.0
37.0 37.0 37.0 80.25948 11.09071 113.87154 8058.0
37.0 38.0 38.0 88.68859 68.4089 152.61289 1.0
37.0 38.0 37.0 80.25948 11.09071 113.87154 1.0
37.0 40.0 40.0 83.28239 23.52942 42.40142 1.0
37.0 40.0 37.0 80.25948 11.09071 113.87154 1.0
37.0 42.0 42.0 56.60395 85.19869 144.95065 1.0
37.0 42.0 37.0 80.25948 11.09071 113.87154 1.0
37.0 44.0 44.0 70.25521 22.76733 131.37981 1465.0
37.0 44.0 37.0 80.25948 11.09071 113.87154 1465.0
38.0 0.0 0.0 55.12994 48.89198 141.98132 417.0
38.0 0.0 38.0 88.68859 68.4089 152.61289 417.0
38.0 2.0 2.0 27.3734 25.36968 87.73387 1.0
38.0 2.0 38.0 88.68859 68.4089 152.61289 1.0
38.0 4.0 4.0 72.05039 108.38421 139.67636 238.0
38.0 4.0 38.0 88.68859 68.4089 152.61289 238.0
38.0 16.0 16.0 37.09516 39.05715 124.6658 13.0
38.0 16.0 38.0 88.68859 68.4089 152.61289 13.0
38.0 22.0 22.0 25.10358 80.0235 119.48182 27.0
38.0 22.0 38.0 88.68859 68.4089 152.61289 27.0
38.0 24.0 24.0 107.90453 87.21821 149.14661 1963.0
38.0 24.0 38.0 88.68859 68.4089 152.61289 1963.0
38.0 26.0 26.0 132.12886 45.09802 139.0929 381.0
38.0 26.0 38.0 88.68859 68.4089 152.61289 381.0
38.0 28.0 28.0 84.38134 38.91511 143.13825 605.0
38.0 28.0 38.0 88.68859 68.4089 152.61289 605.0
38.0 29.0 29.0 122.66175 20.58606 121.19182 5.0
38.0 29.0 38.0 88.68859 68.4089 152.61289 5.0
38.0 33.0 33.0 97.1604 49.95658 149.24172 1552.0
38.0 33.0 38.0 88.68859 68.4089 152.61289 1552.0
38.0 34.0 34.0 127.82816 111.2368 129.5831 33.0
38.0 34.0 38.0 88.68859 68.4089 152.61289 33.0
38.0 36.0 36.0 51.1956 19.46741 119.68111 2.0
38.0 36.0 38.0 88.68859 68.4089 152.61289 2.0
38.0 37.0 37.0 80.25948 11.09071 113.87154 1.0
38.0 37.0 38.0 88.68859 68.4089 152.61289 1.0
38.0 38.0 38.0 88.68859 68.4089 152.61289 3195.0
38.0 38.0 38.0 88.68859 68.4089 152.61289 3195.0
38.0 41.0 41.0 59.8763 126.07729 122.48704 1.0
38.0 41.0 38.0 88.68859 68.4089 152.61289 1.0
38.0 42.0 42.0 56.60395 85.19869 144.95065 1119.0
38.0 42.0 38.0 88.68859 68.4089 152.61289 1119.0
38.0 44.0 44.0 70.25521 22.76733 131.37981 11.0
38.0 44.0 38.0 88.68859 68.4089 152.61289 11.0
38.0 47.0 47.0 164.19826 62.69457 126.09829 3.0
38.0 47.0 38.0 88.68859 68.4089 152.61289 3.0
39.0 1.0 1.0 66.24313 89.24648 7.46923 278.0
39.0 1.0 39.0 21.77901 50.1485 32.83082 278.0
39.0 2.0 2.0 27.3734 25.36968 87.73387 157.0
39.0 2.0 39.0 21.77901 50.1485 32.83082 157.0
39.0 5.0 5.0 36.15226 130.0379 82.21537 2.0
39.0 5.0 39.0 21.77901 50.1485 32.83082 2.0
39.0 6.0 6.0 5.468 84.79718 74.36985 1363.0
39.0 6.0 39.0 21.77901 50.1485 32.83082 1363.0
39.0 8.0 8.0 108.15591 85.99547 38.6628 1.0
39.0 8.0 39.0 21.77901 50.1485 32.83082 1.0
39.0 11.0 11.0 48.53675 14.08215 56.59173 885.0
39.0 11.0 39.0 21.77901 50.1485 32.83082 885.0
39.0 13.0 13.0 21.82461 31.11269 56.41893 1845.0
39.0 13.0 39.0 21.77901 50.1485 32.83082 1845.0
39.0 19.0 19.0 66.42502 15.75003 45.43346 238.0
39.0 19.0 39.0 21.77901 50.1485 32.83082 238.0
39.0 20.0 20.0 85.06488 53.74404 22.27284 495.0
39.0 20.0 39.0 21.77901 50.1485 32.83082 495.0
39.0 21.0 21.0 28.28388 78.13216 19.29385 2145.0
39.0 21.0 39.0 21.77901 50.1485 32.83082 2145.0
39.0 22.0 22.0 25.10358 80.0235 119.48182 1.0
39.0 22.0 39.0 21.77901 50.1485 32.83082 1.0
39.0 27.0 27.0 18.73675 45.3235 103.74601 16.0
39.0 27.0 39.0 21.77901 50.1485 32.83082 16.0
39.0 39.0 39.0 21.77901 50.1485 32.83082 9931.0
39.0 39.0 39.0 21.77901 50.1485 32.83082 9931.0
39.0 40.0 40.0 83.28239 23.52942 42.40142 31.0
39.0 40.0 39.0 21.77901 50.1485 32.83082 31.0
39.0 45.0 45.0 35.0212 116.32036 28.57815 73.0
39.0 45.0 39.0 21.77901 50.1485 32.83082 73.0
40.0 1.0 1.0 66.24313 89.24648 7.46923 12.0
40.0 1.0 40.0 83.28239 23.52942 42.40142 12.0
40.0 3.0 3.0 83.17248 3.82959 88.02888 123.0
40.0 3.0 40.0 83.28239 23.52942 42.40142 123.0
40.0 7.0 7.0 121.65431 13.42218 56.98665 241.0
40.0 7.0 40.0 83.28239 23.52942 42.40142 241.0
40.0 8.0 8.0 108.15591 85.99547 38.6628 24.0
40.0 8.0 40.0 83.28239 23.52942 42.40142 24.0
40.0 10.0 10.0 97.04694 3.91126 61.10672 1203.0
40.0 10.0 40.0 83.28239 23.52942 42.40142 1203.0
40.0 11.0 11.0 48.53675 14.08215 56.59173 494.0
40.0 11.0 40.0 83.28239 23.52942 42.40142 494.0
40.0 13.0 13.0 21.82461 31.11269 56.41893 4.0
40.0 13.0 40.0 83.28239 23.52942 42.40142 4.0
40.0 15.0 15.0 145.12746 26.5977 64.63914 5.0
40.0 15.0 40.0 83.28239 23.52942 42.40142 5.0
40.0 17.0 17.0 122.79071 11.00115 94.57231 4.0
40.0 17.0 40.0 83.28239 23.52942 42.40142 4.0
40.0 19.0 19.0 66.42502 15.75003 45.43346 1470.0
40.0 19.0 40.0 83.28239 23.52942 42.40142 1470.0
40.0 20.0 20.0 85.06488 53.74404 22.27284 1684.0
40.0 20.0 40.0 83.28239 23.52942 42.40142 1684.0
40.0 21.0 21.0 28.28388 78.13216 19.29385 6.0
40.0 21.0 40.0 83.28239 23.52942 42.40142 6.0
40.0 31.0 31.0 121.58507 39.01241 36.06528 1074.0
40.0 31.0 40.0 83.28239 23.52942 42.40142 1074.0
40.0 37.0 37.0 80.25948 11.09071 113.87154 4.0
40.0 37.0 40.0 83.28239 23.52942 42.40142 4.0
40.0 39.0 39.0 21.77901 50.1485 32.83082 34.0
40.0 39.0 40.0 83.28239 23.52942 42.40142 34.0
40.0 40.0 40.0 83.28239 23.52942 42.40142 4507.0
40.0 40.0 40.0 83.28239 23.52942 42.40142 4507.0
41.0 0.0 0.0 55.12994 48.89198 141.98132 1.0
41.0 0.0 41.0 59.8763 126.07729 122.48704 1.0
41.0 4.0 4.0 72.05039 108.38421 139.67636 2776.0
41.0 4.0 41.0 59.8763 126.07729 122.48704 2776.0
41.0 5.0 5.0 36.15226 130.0379 82.21537 2193.0
41.0 5.0 41.0 59.8763 126.07729 122.48704 2193.0
41.0 6.0 6.0 5.468 84.79718 74.36985 13.0
41.0 6.0 41.0 59.8763 126.07729 122.48704 13.0
41.0 9.0 9.0 78.55491 139.94775 102.55643 2133.0
41.0 9.0 41.0 59.8763 126.07729 122.48704 2133.0
41.0 13.0 13.0 21.82461 31.11269 56.41893 1.0
41.0 13.0 41.0 59.8763 126.07729 122.48704 1.0
41.0 16.0 16.0 37.09516 39.05715 124.6658 1.0
41.0 16.0 41.0 59.8763 126.07729 122.48704 1.0
41.0 22.0 22.0 25.10358 80.0235 119.48182 648.0
41.0 22.0 41.0 59.8763 126.07729 122.48704 648.0
41.0 24.0 24.0 107.90453 87.21821 149.14661 79.0
41.0 24.0 41.0 59.8763 126.07729 122.48704 79.0
41.0 28.0 28.0 84.38134 38.91511 143.13825 1.0
41.0 28.0 41.0 59.8763 126.07729 122.48704 1.0
41.0 30.0 30.0 88.37173 139.932 62.70066 23.0
41.0 30.0 41.0 59.8763 126.07729 122.48704 23.0
41.0 34.0 34.0 127.82816 111.2368 129.5831 411.0
41.0 34.0 41.0 59.8763 126.07729 122.48704 411.0
41.0 35.0 35.0 147.7674 121.16053 95.65563 1.0
41.0 35.0 41.0 59.8763 126.07729 122.48704 1.0
41.0 38.0 38.0 88.68859 68.4089 152.61289 1.0
41.0 38.0 41.0 59.8763 126.07729 122.48704 1.0
41.0 41.0 41.0 59.8763 126.07729 122.48704 9124.0
41.0 41.0 41.0 59.8763 126.07729 122.48704 9124.0
41.0 42.0 42.0 56.60395 85.19869 144.95065 419.0
41.0 42.0 41.0 59.8763 126.07729 122.48704 419.0
41.0 43.0 43.0 101.75218 137.71257 99.16232 347.0
41.0 43.0 41.0 59.8763 126.07729 122.48704 347.0
42.0 0.0 0.0 55.12994 48.89198 141.98132 908.0
42.0 0.0 42.0 56.60395 85.19869 144.95065 908.0
42.0 4.0 4.0 72.05039 108.38421 139.67636 2142.0
42.0 4.0 42.0 56.60395 85.19869 144.95065 2142.0
42.0 5.0 5.0 36.15226 130.0379 82.21537 45.0
42.0 5.0 42.0 56.60395 85.19869 144.95065 45.0
42.0 6.0 6.0 5.468 84.79718 74.36985 1.0
42.0 6.0 42.0 56.60395 85.19869 144.95065 1.0
42.0 9.0 9.0 78.55491 139.94775 102.55643 1.0
42.0 9.0 42.0 56.60395 85.19869 144.95065 1.0
42.0 16.0 16.0 37.09516 39.05715 124.6658 151.0
42.0 16.0 42.0 56.60395 85.19869 144.95065 151.0
42.0 22.0 22.0 25.10358 80.0235 119.48182 1620.0
42.0 22.0 42.0 56.60395 85.19869 144.95065 1620.0
42.0 24.0 24.0 107.90453 87.21821 149.14661 494.0
42.0 24.0 42.0 56.60395 85.19869 144.95065 494.0
42.0 28.0 28.0 84.38134 38.91511 143.13825 188.0
42.0 28.0 42.0 56.60395 85.19869 144.95065 188.0
42.0 33.0 33.0 97.1604 49.95658 149.24172 132.0
42.0 33.0 42.0 56.60395 85.19869 144.95065 132.0
42.0 34.0 34.0 127.82816 111.2368 129.5831 6.0
42.0 34.0 42.0 56.60395 85.19869 144.95065 6.0
42.0 36.0 36.0 51.1956 19.46741 119.68111 2.0
42.0 36.0 42.0 56.60395 85.19869 144.95065 2.0
42.0 37.0 37.0 80.25948 11.09071 113.87154 1.0
42.0 37.0 42.0 56.60395 85.19869 144.95065 1.0
42.0 38.0 38.0 88.68859 68.4089 152.61289 1124.0
42.0 38.0 42.0 56.60395 85.19869 144.95065 1124.0
42.0 41.0 41.0 59.8763 126.07729 122.48704 383.0
42.0 41.0 42.0 56.60395 85.19869 144.95065 383.0
42.0 42.0 42.0 56.60395 85.19869 144.95065 5819.0
42.0 42.0 42.0 56.60395 85.19869 144.95065 5819.0
42.0 44.0 44.0 70.25521 22.76733 131.37981 2.0
42.0 44.0 42.0 56.60395 85.19869 144.95065 2.0
43.0 4.0 4.0 72.05039 108.38421 139.67636 70.0
43.0 4.0 43.0 101.75218 137.71257 99.16232 70.0
43.0 5.0 5.0 36.15226 130.0379 82.21537 61.0
43.0 5.0 43.0 101.75218 137.71257 99.16232 61.0
43.0 8.0 8.0 108.15591 85.99547 38.6628 1.0
43.0 8.0 43.0 101.75218 137.71257 99.16232 1.0
43.0 9.0 9.0 78.55491 139.94775 102.55643 2114.0
43.0 9.0 43.0 101.75218 137.71257 99.16232 2114.0
43.0 24.0 24.0 107.90453 87.21821 149.14661 9.0
43.0 24.0 43.0 101.75218 137.71257 99.16232 9.0
43.0 30.0 30.0 88.37173 139.932 62.70066 2060.0
43.0 30.0 43.0 101.75218 137.71257 99.16232 2060.0
43.0 34.0 34.0 127.82816 111.2368 129.5831 1453.0
43.0 34.0 43.0 101.75218 137.71257 99.16232 1453.0
43.0 35.0 35.0 147.7674 121.16053 95.65563 831.0
43.0 35.0 43.0 101.75218 137.71257 99.16232 831.0
43.0 37.0 37.0 80.25948 11.09071 113.87154 1.0
43.0 37.0 43.0 101.75218 137.71257 99.16232 1.0
43.0 41.0 41.0 59.8763 126.07729 122.48704 258.0
43.0 41.0 43.0 101.75218 137.71257 99.16232 258.0
43.0 43.0 43.0 101.75218 137.71257 99.16232 4853.0
43.0 43.0 43.0 101.75218 137.71257 99.16232 4853.0
43.0 45.0 45.0 35.0212 116.32036 28.57815 2.0
43.0 45.0 43.0 101.75218 137.71257 99.16232 2.0
43.0 46.0 46.0 114.51516 130.24092 52.73503 173.0
43.0 46.0 43.0 101.75218 137.71257 99.16232 173.0
44.0 0.0 0.0 55.12994 48.89198 141.98132 631.0
44.0 0.0 44.0 70.25521 22.76733 131.37981 631.0
44.0 2.0 2.0 27.3734 25.36968 87.73387 39.0
44.0 2.0 44.0 70.25521 22.76733 131.37981 39.0
44.0 3.0 3.0 83.17248 3.82959 88.02888 62.0
44.0 3.0 44.0 70.25521 22.76733 131.37981 62.0
44.0 6.0 6.0 5.468 84.79718 74.36985 1.0
44.0 6.0 44.0 70.25521 22.76733 131.37981 1.0
44.0 11.0 11.0 48.53675 14.08215 56.59173 2.0
44.0 11.0 44.0 70.25521 22.76733 131.37981 2.0
44.0 16.0 16.0 37.09516 39.05715 124.6658 222.0
44.0 16.0 44.0 70.25521 22.76733 131.37981 222.0
44.0 17.0 17.0 122.79071 11.00115 94.57231 2.0
44.0 17.0 44.0 70.25521 22.76733 131.37981 2.0
44.0 22.0 22.0 25.10358 80.0235 119.48182 2.0
44.0 22.0 44.0 70.25521 22.76733 131.37981 2.0
44.0 26.0 26.0 132.12886 45.09802 139.0929 11.0
44.0 26.0 44.0 70.25521 22.76733 131.37981 11.0
44.0 27.0 27.0 18.73675 45.3235 103.74601 5.0
44.0 27.0 44.0 70.25521 22.76733 131.37981 5.0
44.0 28.0 28.0 84.38134 38.91511 143.13825 897.0
44.0 28.0 44.0 70.25521 22.76733 131.37981 897.0
44.0 29.0 29.0 122.66175 20.58606 121.19182 84.0
44.0 29.0 44.0 70.25521 22.76733 131.37981 84.0
44.0 33.0 33.0 97.1604 49.95658 149.24172 106.0
44.0 33.0 44.0 70.25521 22.76733 131.37981 106.0
44.0 36.0 36.0 51.1956 19.46741 119.68111 788.0
44.0 36.0 44.0 70.25521 22.76733 131.37981 788.0
44.0 37.0 37.0 80.25948 11.09071 113.87154 1500.0
44.0 37.0 44.0 70.25521 22.76733 131.37981 1500.0
44.0 38.0 38.0 88.68859 68.4089 152.61289 23.0
44.0 38.0 44.0 70.25521 22.76733 131.37981 23.0
44.0 40.0 40.0 83.28239 23.52942 42.40142 1.0
44.0 40.0 44.0 70.25521 22.76733 131.37981 1.0
44.0 41.0 41.0 59.8763 126.07729 122.48704 1.0
44.0 41.0 44.0 70.25521 22.76733 131.37981 1.0
44.0 42.0 42.0 56.60395 85.19869 144.95065 1.0
44.0 42.0 44.0 70.25521 22.76733 131.37981 1.0
44.0 44.0 44.0 70.25521 22.76733 131.37981 1871.0
44.0 44.0 44.0 70.25521 22.76733 131.37981 1871.0
45.0 1.0 1.0 66.24313 89.24648 7.46923 1867.0
45.0 1.0 45.0 35.0212 116.32036 28.57815 1867.0
45.0 5.0 5.0 36.15226 130.0379 82.21537 2023.0
45.0 5.0 45.0 35.0212 116.32036 28.57815 2023.0
45.0 6.0 6.0 5.468 84.79718 74.36985 979.0
45.0 6.0 45.0 35.0212 116.32036 28.57815 979.0
45.0 8.0 8.0 108.15591 85.99547 38.6628 117.0
45.0 8.0 45.0 35.0212 116.32036 28.57815 117.0
45.0 9.0 9.0 78.55491 139.94775 102.55643 1.0
45.0 9.0 45.0 35.0212 116.32036 28.57815 1.0
45.0 14.0 14.0 128.29841 116.02472 40.24854 3.0
45.0 14.0 45.0 35.0212 116.32036 28.57815 3.0
45.0 20.0 20.0 85.06488 53.74404 22.27284 2.0
45.0 20.0 45.0 35.0212 116.32036 28.57815 2.0
45.0 21.0 21.0 28.28388 78.13216 19.29385 1903.0
45.0 21.0 45.0 35.0212 116.32036 28.57815 1903.0
45.0 22.0 22.0 25.10358 80.0235 119.48182 1.0
45.0 22.0 45.0 35.0212 116.32036 28.57815 1.0
45.0 30.0 30.0 88.37173 139.932 62.70066 843.0
45.0 30.0 45.0 35.0212 116.32036 28.57815 843.0
45.0 39.0 39.0 21.77901 50.1485 32.83082 62.0
45.0 39.0 45.0 35.0212 116.32036 28.57815 62.0
45.0 45.0 45.0 35.0212 116.32036 28.57815 13328.0
45.0 45.0 45.0 35.0212 116.32036 28.57815 13328.0
45.0 46.0 46.0 114.51516 130.24092 52.73503 48.0
45.0 46.0 45.0 35.0212 116.32036 28.57815 48.0
46.0 1.0 1.0 66.24313 89.24648 7.46923 139.0
46.0 1.0 46.0 114.51516 130.24092 52.73503 139.0
46.0 5.0 5.0 36.15226 130.0379 82.21537 9.0
46.0 5.0 46.0 114.51516 130.24092 52.73503 9.0
46.0 8.0 8.0 108.15591 85.99547 38.6628 1104.0
46.0 8.0 46.0 114.51516 130.24092 52.73503 1104.0
46.0 9.0 9.0 78.55491 139.94775 102.55643 7.0
46.0 9.0 46.0 114.51516 130.24092 52.73503 7.0
46.0 12.0 12.0 179.81025 86.38028 84.82332 3.0
46.0 12.0 46.0 114.51516 130.24092 52.73503 3.0
46.0 14.0 14.0 128.29841 116.02472 40.24854 2815.0
46.0 14.0 46.0 114.51516 130.24092 52.73503 2815.0
46.0 30.0 30.0 88.37173 139.932 62.70066 3453.0
46.0 30.0 46.0 114.51516 130.24092 52.73503 3453.0
46.0 31.0 31.0 121.58507 39.01241 36.06528 1.0
46.0 31.0 46.0 114.51516 130.24092 52.73503 1.0
46.0 32.0 32.0 156.96961 89.11634 57.98371 277.0
46.0 32.0 46.0 114.51516 130.24092 52.73503 277.0
46.0 34.0 34.0 127.82816 111.2368 129.5831 15.0
46.0 34.0 46.0 114.51516 130.24092 52.73503 15.0
46.0 35.0 35.0 147.7674 121.16053 95.65563 1139.0
46.0 35.0 46.0 114.51516 130.24092 52.73503 1139.0
46.0 43.0 43.0 101.75218 137.71257 99.16232 167.0
46.0 43.0 46.0 114.51516 130.24092 52.73503 167.0
46.0 45.0 45.0 35.0212 116.32036 28.57815 54.0
46.0 45.0 46.0 114.51516 130.24092 52.73503 54.0
46.0 46.0 46.0 114.51516 130.24092 52.73503 7016.0
46.0 46.0 46.0 114.51516 130.24092 52.73503 7016.0
47.0 12.0 12.0 179.81025 86.38028 84.82332 416.0
47.0 12.0 47.0 164.19826 62.69457 126.09829 416.0
47.0 15.0 15.0 145.12746 26.5977 64.63914 6.0
47.0 15.0 47.0 164.19826 62.69457 126.09829 6.0
47.0 17.0 17.0 122.79071 11.00115 94.57231 20.0
47.0 17.0 47.0 164.19826 62.69457 126.09829 20.0
47.0 18.0 18.0 159.2209 24.84121 93.88426 639.0
47.0 18.0 47.0 164.19826 62.69457 126.09829 639.0
47.0 23.0 23.0 173.50358 43.50691 77.12026 356.0
47.0 23.0 47.0 164.19826 62.69457 126.09829 356.0
47.0 24.0 24.0 107.90453 87.21821 149.14661 224.0
47.0 24.0 47.0 164.19826 62.69457 126.09829 224.0
47.0 25.0 25.0 182.8514 63.9927 100.28904 1201.0
47.0 25.0 47.0 164.19826 62.69457 126.09829 1201.0
47.0 26.0 26.0 132.12886 45.09802 139.0929 1885.0
47.0 26.0 47.0 164.19826 62.69457 126.09829 1885.0
47.0 29.0 29.0 122.66175 20.58606 121.19182 243.0
47.0 29.0 47.0 164.19826 62.69457 126.09829 243.0
47.0 32.0 32.0 156.96961 89.11634 57.98371 3.0
47.0 32.0 47.0 164.19826 62.69457 126.09829 3.0
47.0 33.0 33.0 97.1604 49.95658 149.24172 5.0
47.0 33.0 47.0 164.19826 62.69457 126.09829 5.0
47.0 34.0 34.0 127.82816 111.2368 129.5831 1270.0
47.0 34.0 47.0 164.19826 62.69457 126.09829 1270.0
47.0 35.0 35.0 147.7674 121.16053 95.65563 367.0
47.0 35.0 47.0 164.19826 62.69457 126.09829 367.0
47.0 37.0 37.0 80.25948 11.09071 113.87154 1.0
47.0 37.0 47.0 164.19826 62.69457 126.09829 1.0
47.0 38.0 38.0 88.68859 68.4089 152.61289 5.0
47.0 38.0 47.0 164.19826 62.69457 126.09829 5.0
47.0 47.0 47.0 164.19826 62.69457 126.09829 8953.0
47.0 47.0 47.0 164.19826 62.69457 126.09829 8953.0
