TargetArea SourceArea Area AvgPosX AvgPosY AvgPosZ SumWeights
0.0 0.0 0.0 55.16256 48.88532 142.00003 766.0
0.0 0.0 0.0 55.16256 48.88532 142.00003 766.0
0.0 2.0 2.0 27.21352 25.51713 87.66334 2.0
0.0 2.0 0.0 55.16256 48.88532 142.00003 2.0
0.0 4.0 4.0 72.0052 108.38929 139.66294 3.0
0.0 4.0 0.0 55.16256 48.88532 142.00003 3.0
0.0 16.0 16.0 37.12282 39.03577 124.6695 298.0
0.0 16.0 0.0 55.16256 48.88532 142.00003 298.0
0.0 22.0 22.0 25.08441 79.98411 119.45802 126.0
0.0 22.0 0.0 55.16256 48.88532 142.00003 126.0
0.0 24.0 24.0 107.94032 87.24579 149.13886 3.0
0.0 24.0 0.0 55.16256 48.88532 142.00003 3.0
0.0 27.0 27.0 18.70755 45.41638 103.76646 7.0
0.0 27.0 0.0 55.16256 48.88532 142.00003 7.0
0.0 28.0 28.0 84.40747 38.84113 143.0994 230.0
0.0 28.0 0.0 55.16256 48.88532 142.00003 230.0
0.0 33.0 33.0 97.16259 49.91679 149.23627 59.0
0.0 33.0 0.0 55.16256 48.88532 142.00003 59.0
0.0 36.0 36.0 51.1409 19.46439 119.66546 102.0
0.0 36.0 0.0 55.16256 48.88532 142.00003 102.0
0.0 37.0 37.0 80.27915 11.09742 113.89669 20.0
0.0 37.0 0.0 55.16256 48.88532 142.00003 20.0
0.0 38.0 38.0 88.71713 68.3676 152.60517 77.0
0.0 38.0 0.0 55.16256 48.88532 142.00003 77.0
0.0 42.0 42.0 56.52592 85.22852 144.91454 199.0
0.0 42.0 0.0 55.16256 48.88532 142.00003 199.0
0.0 44.0 44.0 70.09248 22.68482 131.27962 125.0
0.0 44.0 0.0 55.16256 48.88532 142.00003 125.0
1.0 1.0 1.0 66.33457 89.38209 7.44508 2369.0
1.0 1.0 1.0 66.33457 89.38209 7.44508 2369.0
1.0 5.0 5.0 36.16817 130.05302 82.14258 3.0
1.0 5.0 1.0 66.33457 89.38209 7.44508 3.0
1.0 8.0 8.0 108.23357 86.15583 38.64546 348.0
1.0 8.0 1.0 66.33457 89.38209 7.44508 348.0
1.0 11.0 11.0 48.53056 14.14689 56.38927 4.0
1.0 11.0 1.0 66.33457 89.38209 7.44508 4.0
1.0 13.0 13.0 21.84971 31.08223 56.41824 1.0
1.0 13.0 1.0 66.33457 89.38209 7.44508 1.0
1.0 14.0 14.0 128.32897 115.99995 40.26559 10.0
1.0 14.0 1.0 66.33457 89.38209 7.44508 10.0
1.0 19.0 19.0 66.31497 15.95707 45.08044 7.0
1.0 19.0 1.0 66.33457 89.38209 7.44508 7.0
1.0 20.0 20.0 84.76636 53.71963 22.02573 466.0
1.0 20.0 1.0 66.33457 89.38209 7.44508 466.0
1.0 21.0 21.0 28.28851 78.1544 19.27823 318.0
1.0 21.0 1.0 66.33457 89.38209 7.44508 318.0
1.0 30.0 30.0 88.18286 139.91737 62.5849 61.0
1.0 30.0 1.0 66.33457 89.38209 7.44508 61.0
1.0 31.0 31.0 121.66975 38.93529 36.05689 3.0
1.0 31.0 1.0 66.33457 89.38209 7.44508 3.0
1.0 39.0 39.0 21.77941 50.1235 32.83169 39.0
1.0 39.0 1.0 66.33457 89.38209 7.44508 39.0
1.0 40.0 40.0 83.23487 23.59318 42.36975 6.0
1.0 40.0 1.0 66.33457 89.38209 7.44508 6.0
1.0 45.0 45.0 35.17087 116.37998 28.53697 421.0
1.0 45.0 1.0 66.33457 89.38209 7.44508 421.0
1.0 46.0 46.0 114.56901 130.25384 52.72854 29.0
1.0 46.0 1.0 66.33457 89.38209 7.44508 29.0
2.0 0.0 0.0 55.16256 48.88532 142.00003 1.0
2.0 0.0 2.0 27.21352 25.51713 87.66334 1.0
2.0 2.0 2.0 27.21352 25.51713 87.66334 1368.0
2.0 2.0 2.0 27.21352 25.51713 87.66334 1368.0
2.0 3.0 3.0 83.13487 3.83751 88.07262 60.0
2.0 3.0 2.0 27.21352 25.51713 87.66334 60.0
2.0 6.0 6.0 5.47886 84.75696 74.42378 102.0
2.0 6.0 2.0 27.21352 25.51713 87.66334 102.0
2.0 11.0 11.0 48.53056 14.14689 56.38927 284.0
2.0 11.0 2.0 27.21352 25.51713 87.66334 284.0
2.0 13.0 13.0 21.84971 31.08223 56.41824 280.0
2.0 13.0 2.0 27.21352 25.51713 87.66334 280.0
2.0 16.0 16.0 37.12282 39.03577 124.6695 149.0
2.0 16.0 2.0 27.21352 25.51713 87.66334 149.0
2.0 19.0 19.0 66.31497 15.95707 45.08044 1.0
2.0 19.0 2.0 27.21352 25.51713 87.66334 1.0
2.0 20.0 20.0 84.76636 53.71963 22.02573 1.0
2.0 20.0 2.0 27.21352 25.51713 87.66334 1.0
2.0 22.0 22.0 25.08441 79.98411 119.45802 24.0
2.0 22.0 2.0 27.21352 25.51713 87.66334 24.0
2.0 27.0 27.0 18.70755 45.41638 103.76646 326.0
2.0 27.0 2.0 27.21352 25.51713 87.66334 326.0
2.0 28.0 28.0 84.40747 38.84113 143.0994 1.0
2.0 28.0 2.0 27.21352 25.51713 87.66334 1.0
2.0 36.0 36.0 51.1409 19.46439 119.66546 122.0
2.0 36.0 2.0 27.21352 25.51713 87.66334 122.0
2.0 37.0 37.0 80.27915 11.09742 113.89669 91.0
2.0 37.0 2.0 27.21352 25.51713 87.66334 91.0
2.0 39.0 39.0 21.77941 50.1235 32.83169 32.0
2.0 39.0 2.0 27.21352 25.51713 87.66334 32.0
2.0 44.0 44.0 70.09248 22.68482 131.27962 7.0
2.0 44.0 2.0 27.21352 25.51713 87.66334 7.0
3.0 2.0 2.0 27.21352 25.51713 87.66334 47.0
3.0 2.0 3.0 83.13487 3.83751 88.07262 47.0
3.0 3.0 3.0 83.13487 3.83751 88.07262 1479.0
3.0 3.0 3.0 83.13487 3.83751 88.07262 1479.0
3.0 7.0 7.0 121.69208 13.4498 56.89312 47.0
3.0 7.0 3.0 83.13487 3.83751 88.07262 47.0
3.0 10.0 10.0 97.08963 3.95919 60.95198 342.0
3.0 10.0 3.0 83.13487 3.83751 88.07262 342.0
3.0 11.0 11.0 48.53056 14.14689 56.38927 232.0
3.0 11.0 3.0 83.13487 3.83751 88.07262 232.0
3.0 15.0 15.0 145.15599 26.60349 64.68007 5.0
3.0 15.0 3.0 83.13487 3.83751 88.07262 5.0
3.0 16.0 16.0 37.12282 39.03577 124.6695 3.0
3.0 16.0 3.0 83.13487 3.83751 88.07262 3.0
3.0 17.0 17.0 122.82339 11.00553 94.56097 228.0
3.0 17.0 3.0 83.13487 3.83751 88.07262 228.0
3.0 19.0 19.0 66.31497 15.95707 45.08044 90.0
3.0 19.0 3.0 83.13487 3.83751 88.07262 90.0
3.0 28.0 28.0 84.40747 38.84113 143.0994 2.0
3.0 28.0 3.0 83.13487 3.83751 88.07262 2.0
3.0 29.0 29.0 122.64357 20.56933 121.17895 48.0
3.0 29.0 3.0 83.13487 3.83751 88.07262 48.0
3.0 31.0 31.0 121.66975 38.93529 36.05689 1.0
3.0 31.0 3.0 83.13487 3.83751 88.07262 1.0
3.0 36.0 36.0 51.1409 19.46439 119.66546 31.0
3.0 36.0 3.0 83.13487 3.83751 88.07262 31.0
3.0 37.0 37.0 80.27915 11.09742 113.89669 527.0
3.0 37.0 3.0 83.13487 3.83751 88.07262 527.0
3.0 40.0 40.0 83.23487 23.59318 42.36975 31.0
3.0 40.0 3.0 83.13487 3.83751 88.07262 31.0
3.0 44.0 44.0 70.09248 22.68482 131.27962 17.0
3.0 44.0 3.0 83.13487 3.83751 88.07262 17.0
4.0 0.0 0.0 55.16256 48.88532 142.00003 2.0
4.0 0.0 4.0 72.0052 108.38929 139.66294 2.0
4.0 4.0 4.0 72.0052 108.38929 139.66294 1346.0
4.0 4.0 4.0 72.0052 108.38929 139.66294 1346.0
4.0 5.0 5.0 36.16817 130.05302 82.14258 15.0
4.0 5.0 4.0 72.0052 108.38929 139.66294 15.0
4.0 6.0 6.0 5.47886 84.75696 74.42378 2.0
4.0 6.0 4.0 72.0052 108.38929 139.66294 2.0
4.0 9.0 9.0 78.68589 139.88109 102.71381 56.0
4.0 9.0 4.0 72.0052 108.38929 139.66294 56.0
4.0 22.0 22.0 25.08441 79.98411 119.45802 93.0
4.0 22.0 4.0 72.0052 108.38929 139.66294 93.0
4.0 24.0 24.0 107.94032 87.24579 149.13886 339.0
4.0 24.0 4.0 72.0052 108.38929 139.66294 339.0
4.0 28.0 28.0 84.40747 38.84113 143.0994 1.0
4.0 28.0 4.0 72.0052 108.38929 139.66294 1.0
4.0 33.0 33.0 97.16259 49.91679 149.23627 5.0
4.0 33.0 4.0 72.0052 108.38929 139.66294 5.0
4.0 34.0 34.0 128.01341 111.12261 129.6179 165.0
4.0 34.0 4.0 72.0052 108.38929 139.66294 165.0
4.0 38.0 38.0 88.71713 68.3676 152.60517 54.0
4.0 38.0 4.0 72.0052 108.38929 139.66294 54.0
4.0 41.0 41.0 59.75838 125.99689 122.53649 559.0
4.0 41.0 4.0 72.0052 108.38929 139.66294 559.0
4.0 42.0 42.0 56.52592 85.22852 144.91454 431.0
4.0 42.0 4.0 72.0052 108.38929 139.66294 431.0
4.0 43.0 43.0 101.77627 137.71428 99.1284 17.0
4.0 43.0 4.0 72.0052 108.38929 139.66294 17.0
4.0 45.0 45.0 35.17087 116.37998 28.53697 1.0
4.0 45.0 4.0 72.0052 108.38929 139.66294 1.0
5.0 1.0 1.0 66.33457 89.38209 7.44508 4.0
5.0 1.0 5.0 36.16817 130.05302 82.14258 4.0
5.0 4.0 4.0 72.0052 108.38929 139.66294 16.0
5.0 4.0 5.0 36.16817 130.05302 82.14258 16.0
5.0 5.0 5.0 36.16817 130.05302 82.14258 4524.0
5.0 5.0 5.0 36.16817 130.05302 82.14258 4524.0
5.0 6.0 6.0 5.47886 84.75696 74.42378 439.0
5.0 6.0 5.0 36.16817 130.05302 82.14258 439.0
5.0 8.0 8.0 108.23357 86.15583 38.64546 1.0
5.0 8.0 5.0 36.16817 130.05302 82.14258 1.0
5.0 9.0 9.0 78.68589 139.88109 102.71381 284.0
5.0 9.0 5.0 36.16817 130.05302 82.14258 284.0
5.0 21.0 21.0 28.28851 78.1544 19.27823 6.0
5.0 21.0 5.0 36.16817 130.05302 82.14258 6.0
5.0 22.0 22.0 25.08441 79.98411 119.45802 245.0
5.0 22.0 5.0 36.16817 130.05302 82.14258 245.0
5.0 30.0 30.0 88.18286 139.91737 62.5849 357.0
5.0 30.0 5.0 36.16817 130.05302 82.14258 357.0
5.0 41.0 41.0 59.75838 125.99689 122.53649 486.0
5.0 41.0 5.0 36.16817 130.05302 82.14258 486.0
5.0 42.0 42.0 56.52592 85.22852 144.91454 8.0
5.0 42.0 5.0 36.16817 130.05302 82.14258 8.0
5.0 43.0 43.0 101.77627 137.71428 99.1284 17.0
5.0 43.0 5.0 36.16817 130.05302 82.14258 17.0
5.0 45.0 45.0 35.17087 116.37998 28.53697 395.0
5.0 45.0 5.0 36.16817 130.05302 82.14258 395.0
5.0 46.0 46.0 114.56901 130.25384 52.72854 2.0
5.0 46.0 5.0 36.16817 130.05302 82.14258 2.0
6.0 0.0 0.0 55.16256 48.88532 142.00003 1.0
6.0 0.0 6.0 5.47886 84.75696 74.42378 1.0
6.0 2.0 2.0 27.21352 25.51713 87.66334 118.0
6.0 2.0 6.0 5.47886 84.75696 74.42378 118.0
6.0 4.0 4.0 72.0052 108.38929 139.66294 2.0
6.0 4.0 6.0 5.47886 84.75696 74.42378 2.0
6.0 5.0 5.0 36.16817 130.05302 82.14258 434.0
6.0 5.0 6.0 5.47886 84.75696 74.42378 434.0
6.0 6.0 6.0 5.47886 84.75696 74.42378 3261.0
6.0 6.0 6.0 5.47886 84.75696 74.42378 3261.0
6.0 13.0 13.0 21.84971 31.08223 56.41824 85.0
6.0 13.0 6.0 5.47886 84.75696 74.42378 85.0
6.0 16.0 16.0 37.12282 39.03577 124.6695 4.0
6.0 16.0 6.0 5.47886 84.75696 74.42378 4.0
6.0 21.0 21.0 28.28851 78.1544 19.27823 137.0
6.0 21.0 6.0 5.47886 84.75696 74.42378 137.0
6.0 22.0 22.0 25.08441 79.98411 119.45802 449.0
6.0 22.0 6.0 5.47886 84.75696 74.42378 449.0
6.0 27.0 27.0 18.70755 45.41638 103.76646 182.0
6.0 27.0 6.0 5.47886 84.75696 74.42378 182.0
6.0 39.0 39.0 21.77941 50.1235 32.83169 289.0
6.0 39.0 6.0 5.47886 84.75696 74.42378 289.0
6.0 41.0 41.0 59.75838 125.99689 122.53649 7.0
6.0 41.0 6.0 5.47886 84.75696 74.42378 7.0
6.0 45.0 45.0 35.17087 116.37998 28.53697 216.0
6.0 45.0 6.0 5.47886 84.75696 74.42378 216.0
7.0 3.0 3.0 83.13487 3.83751 88.07262 52.0
7.0 3.0 7.0 121.69208 13.4498 56.89312 52.0
7.0 7.0 7.0 121.69208 13.4498 56.89312 845.0
7.0 7.0 7.0 121.69208 13.4498 56.89312 845.0
7.0 8.0 8.0 108.23357 86.15583 38.64546 1.0
7.0 8.0 7.0 121.69208 13.4498 56.89312 1.0
7.0 10.0 10.0 97.08963 3.95919 60.95198 281.0
7.0 10.0 7.0 121.69208 13.4498 56.89312 281.0
7.0 15.0 15.0 145.15599 26.60349 64.68007 314.0
7.0 15.0 7.0 121.69208 13.4498 56.89312 314.0
7.0 17.0 17.0 122.82339 11.00553 94.56097 157.0
7.0 17.0 7.0 121.69208 13.4498 56.89312 157.0
7.0 18.0 18.0 159.16456 24.79633 93.80211 8.0
7.0 18.0 7.0 121.69208 13.4498 56.89312 8.0
7.0 19.0 19.0 66.31497 15.95707 45.08044 5.0
7.0 19.0 7.0 121.69208 13.4498 56.89312 5.0
7.0 20.0 20.0 84.76636 53.71963 22.02573 6.0
7.0 20.0 7.0 121.69208 13.4498 56.89312 6.0
7.0 23.0 23.0 173.57775 43.61116 77.0003 2.0
7.0 23.0 7.0 121.69208 13.4498 56.89312 2.0
7.0 29.0 29.0 122.64357 20.56933 121.17895 3.0
7.0 29.0 7.0 121.69208 13.4498 56.89312 3.0
7.0 31.0 31.0 121.66975 38.93529 36.05689 339.0
7.0 31.0 7.0 121.69208 13.4498 56.89312 339.0
7.0 37.0 37.0 80.27915 11.09742 113.89669 1.0
7.0 37.0 7.0 121.69208 13.4498 56.89312 1.0
7.0 40.0 40.0 83.23487 23.59318 42.36975 64.0
7.0 40.0 7.0 121.69208 13.4498 56.89312 64.0
8.0 1.0 1.0 66.33457 89.38209 7.44508 300.0
8.0 1.0 8.0 108.23357 86.15583 38.64546 300.0
8.0 3.0 3.0 83.13487 3.83751 88.07262 1.0
8.0 3.0 8.0 108.23357 86.15583 38.64546 1.0
8.0 4.0 4.0 72.0052 108.38929 139.66294 1.0
8.0 4.0 8.0 108.23357 86.15583 38.64546 1.0
8.0 5.0 5.0 36.16817 130.05302 82.14258 1.0
8.0 5.0 8.0 108.23357 86.15583 38.64546 1.0
8.0 8.0 8.0 108.23357 86.15583 38.64546 5725.0
8.0 8.0 8.0 108.23357 86.15583 38.64546 5725.0
8.0 13.0 13.0 21.84971 31.08223 56.41824 1.0
8.0 13.0 8.0 108.23357 86.15583 38.64546 1.0
8.0 14.0 14.0 128.32897 115.99995 40.26559 541.0
8.0 14.0 8.0 108.23357 86.15583 38.64546 541.0
8.0 15.0 15.0 145.15599 26.60349 64.68007 10.0
8.0 15.0 8.0 108.23357 86.15583 38.64546 10.0
8.0 20.0 20.0 84.76636 53.71963 22.02573 602.0
8.0 20.0 8.0 108.23357 86.15583 38.64546 602.0
8.0 23.0 23.0 173.57775 43.61116 77.0003 3.0
8.0 23.0 8.0 108.23357 86.15583 38.64546 3.0
8.0 30.0 30.0 88.18286 139.91737 62.5849 118.0
8.0 30.0 8.0 108.23357 86.15583 38.64546 118.0
8.0 31.0 31.0 121.66975 38.93529 36.05689 360.0
8.0 31.0 8.0 108.23357 86.15583 38.64546 360.0
8.0 32.0 32.0 157.11054 89.0353 58.02763 327.0
8.0 32.0 8.0 108.23357 86.15583 38.64546 327.0
8.0 35.0 35.0 147.93357 121.07231 95.68194 1.0
8.0 35.0 8.0 108.23357 86.15583 38.64546 1.0
8.0 40.0 40.0 83.23487 23.59318 42.36975 6.0
8.0 40.0 8.0 108.23357 86.15583 38.64546 6.0
8.0 45.0 45.0 35.17087 116.37998 28.53697 14.0
8.0 45.0 8.0 108.23357 86.15583 38.64546 14.0
8.0 46.0 46.0 114.56901 130.25384 52.72854 248.0
8.0 46.0 8.0 108.23357 86.15583 38.64546 248.0
9.0 4.0 4.0 72.0052 108.38929 139.66294 76.0
9.0 4.0 9.0 78.68589 139.88109 102.71381 76.0
9.0 5.0 5.0 36.16817 130.05302 82.14258 251.0
9.0 5.0 9.0 78.68589 139.88109 102.71381 251.0
9.0 9.0 9.0 78.68589 139.88109 102.71381 1020.0
9.0 9.0 9.0 78.68589 139.88109 102.71381 1020.0
9.0 22.0 22.0 25.08441 79.98411 119.45802 1.0
9.0 22.0 9.0 78.68589 139.88109 102.71381 1.0
9.0 24.0 24.0 107.94032 87.24579 149.13886 7.0
9.0 24.0 9.0 78.68589 139.88109 102.71381 7.0
9.0 30.0 30.0 88.18286 139.91737 62.5849 249.0
9.0 30.0 9.0 78.68589 139.88109 102.71381 249.0
9.0 34.0 34.0 128.01341 111.12261 129.6179 139.0
9.0 34.0 9.0 78.68589 139.88109 102.71381 139.0
9.0 35.0 35.0 147.93357 121.07231 95.68194 4.0
9.0 35.0 9.0 78.68589 139.88109 102.71381 4.0
9.0 41.0 41.0 59.75838 125.99689 122.53649 417.0
9.0 41.0 9.0 78.68589 139.88109 102.71381 417.0
9.0 43.0 43.0 101.77627 137.71428 99.1284 397.0
9.0 43.0 9.0 78.68589 139.88109 102.71381 397.0
9.0 45.0 45.0 35.17087 116.37998 28.53697 1.0
9.0 45.0 9.0 78.68589 139.88109 102.71381 1.0
9.0 46.0 46.0 114.56901 130.25384 52.72854 2.0
9.0 46.0 9.0 78.68589 139.88109 102.71381 2.0
10.0 3.0 3.0 83.13487 3.83751 88.07262 333.0
10.0 3.0 10.0 97.08963 3.95919 60.95198 333.0
10.0 7.0 7.0 121.69208 13.4498 56.89312 307.0
10.0 7.0 10.0 97.08963 3.95919 60.95198 307.0
10.0 10.0 10.0 97.08963 3.95919 60.95198 867.0
10.0 10.0 10.0 97.08963 3.95919 60.95198 867.0
10.0 11.0 11.0 48.53056 14.14689 56.38927 34.0
10.0 11.0 10.0 97.08963 3.95919 60.95198 34.0
10.0 15.0 15.0 145.15599 26.60349 64.68007 17.0
10.0 15.0 10.0 97.08963 3.95919 60.95198 17.0
10.0 17.0 17.0 122.82339 11.00553 94.56097 95.0
10.0 17.0 10.0 97.08963 3.95919 60.95198 95.0
10.0 18.0 18.0 159.16456 24.79633 93.80211 1.0
10.0 18.0 10.0 97.08963 3.95919 60.95198 1.0
10.0 19.0 19.0 66.31497 15.95707 45.08044 125.0
10.0 19.0 10.0 97.08963 3.95919 60.95198 125.0
10.0 20.0 20.0 84.76636 53.71963 22.02573 15.0
10.0 20.0 10.0 97.08963 3.95919 60.95198 15.0
10.0 29.0 29.0 122.64357 20.56933 121.17895 2.0
10.0 29.0 10.0 97.08963 3.95919 60.95198 2.0
10.0 31.0 31.0 121.66975 38.93529 36.05689 86.0
10.0 31.0 10.0 97.08963 3.95919 60.95198 86.0
10.0 37.0 37.0 80.27915 11.09742 113.89669 13.0
10.0 37.0 10.0 97.08963 3.95919 60.95198 13.0
10.0 40.0 40.0 83.23487 23.59318 42.36975 236.0
10.0 40.0 10.0 97.08963 3.95919 60.95198 236.0
11.0 1.0 1.0 66.33457 89.38209 7.44508 4.0
11.0 1.0 11.0 48.53056 14.14689 56.38927 4.0
11.0 2.0 2.0 27.21352 25.51713 87.66334 284.0
11.0 2.0 11.0 48.53056 14.14689 56.38927 284.0
11.0 3.0 3.0 83.13487 3.83751 88.07262 228.0
11.0 3.0 11.0 48.53056 14.14689 56.38927 228.0
11.0 7.0 7.0 121.69208 13.4498 56.89312 1.0
11.0 7.0 11.0 48.53056 14.14689 56.38927 1.0
11.0 8.0 8.0 108.23357 86.15583 38.64546 1.0
11.0 8.0 11.0 48.53056 14.14689 56.38927 1.0
11.0 10.0 10.0 97.08963 3.95919 60.95198 30.0
11.0 10.0 11.0 48.53056 14.14689 56.38927 30.0
11.0 11.0 11.0 48.53056 14.14689 56.38927 1709.0
11.0 11.0 11.0 48.53056 14.14689 56.38927 1709.0
11.0 13.0 13.0 21.84971 31.08223 56.41824 296.0
11.0 13.0 11.0 48.53056 14.14689 56.38927 296.0
11.0 16.0 16.0 37.12282 39.03577 124.6695 5.0
11.0 16.0 11.0 48.53056 14.14689 56.38927 5.0
11.0 19.0 19.0 66.31497 15.95707 45.08044 446.0
11.0 19.0 11.0 48.53056 14.14689 56.38927 446.0
11.0 20.0 20.0 84.76636 53.71963 22.02573 58.0
11.0 20.0 11.0 48.53056 14.14689 56.38927 58.0
11.0 21.0 21.0 28.28851 78.1544 19.27823 6.0
11.0 21.0 11.0 48.53056 14.14689 56.38927 6.0
11.0 27.0 27.0 18.70755 45.41638 103.76646 1.0
11.0 27.0 11.0 48.53056 14.14689 56.38927 1.0
11.0 36.0 36.0 51.1409 19.46439 119.66546 18.0
11.0 36.0 11.0 48.53056 14.14689 56.38927 18.0
11.0 37.0 37.0 80.27915 11.09742 113.89669 55.0
11.0 37.0 11.0 48.53056 14.14689 56.38927 55.0
11.0 39.0 39.0 21.77941 50.1235 32.83169 174.0
11.0 39.0 11.0 48.53056 14.14689 56.38927 174.0
11.0 40.0 40.0 83.23487 23.59318 42.36975 124.0
11.0 40.0 11.0 48.53056 14.14689 56.38927 124.0
12.0 8.0 8.0 108.23357 86.15583 38.64546 1.0
12.0 8.0 12.0 179.82949 86.28615 84.70232 1.0
12.0 12.0 12.0 179.82949 86.28615 84.70232 1244.0
12.0 12.0 12.0 179.82949 86.28615 84.70232 1244.0
12.0 14.0 14.0 128.32897 115.99995 40.26559 1.0
12.0 14.0 12.0 179.82949 86.28615 84.70232 1.0
12.0 15.0 15.0 145.15599 26.60349 64.68007 5.0
12.0 15.0 12.0 179.82949 86.28615 84.70232 5.0
12.0 18.0 18.0 159.16456 24.79633 93.80211 4.0
12.0 18.0 12.0 179.82949 86.28615 84.70232 4.0
12.0 23.0 23.0 173.57775 43.61116 77.0003 116.0
12.0 23.0 12.0 179.82949 86.28615 84.70232 116.0
12.0 25.0 25.0 182.84188 63.92381 100.31902 248.0
12.0 25.0 12.0 179.82949 86.28615 84.70232 248.0
12.0 31.0 31.0 121.66975 38.93529 36.05689 3.0
12.0 31.0 12.0 179.82949 86.28615 84.70232 3.0
12.0 32.0 32.0 157.11054 89.0353 58.02763 411.0
12.0 32.0 12.0 179.82949 86.28615 84.70232 411.0
12.0 34.0 34.0 128.01341 111.12261 129.6179 13.0
12.0 34.0 12.0 179.82949 86.28615 84.70232 13.0
12.0 35.0 35.0 147.93357 121.07231 95.68194 272.0
12.0 35.0 12.0 179.82949 86.28615 84.70232 272.0
12.0 47.0 47.0 164.25039 62.80451 126.10275 112.0
12.0 47.0 12.0 179.82949 86.28615 84.70232 112.0
13.0 2.0 2.0 27.21352 25.51713 87.66334 297.0
13.0 2.0 13.0 21.84971 31.08223 56.41824 297.0
13.0 3.0 3.0 83.13487 3.83751 88.07262 5.0
13.0 3.0 13.0 21.84971 31.08223 56.41824 5.0
13.0 6.0 6.0 5.47886 84.75696 74.42378 90.0
13.0 6.0 13.0 21.84971 31.08223 56.41824 90.0
13.0 11.0 11.0 48.53056 14.14689 56.38927 331.0
13.0 11.0 13.0 21.84971 31.08223 56.41824 331.0
13.0 13.0 13.0 21.84971 31.08223 56.41824 813.0
13.0 13.0 13.0 21.84971 31.08223 56.41824 813.0
13.0 19.0 19.0 66.31497 15.95707 45.08044 21.0
13.0 19.0 13.0 21.84971 31.08223 56.41824 21.0
13.0 20.0 20.0 84.76636 53.71963 22.02573 1.0
13.0 20.0 13.0 21.84971 31.08223 56.41824 1.0
13.0 21.0 21.0 28.28851 78.1544 19.27823 1.0
13.0 21.0 13.0 21.84971 31.08223 56.41824 1.0
13.0 27.0 27.0 18.70755 45.41638 103.76646 23.0
13.0 27.0 13.0 21.84971 31.08223 56.41824 23.0
13.0 36.0 36.0 51.1409 19.46439 119.66546 1.0
13.0 36.0 13.0 21.84971 31.08223 56.41824 1.0
13.0 39.0 39.0 21.77941 50.1235 32.83169 354.0
13.0 39.0 13.0 21.84971 31.08223 56.41824 354.0
13.0 40.0 40.0 83.23487 23.59318 42.36975 1.0
13.0 40.0 13.0 21.84971 31.08223 56.41824 1.0
14.0 1.0 1.0 66.33457 89.38209 7.44508 8.0
14.0 1.0 14.0 128.32897 115.99995 40.26559 8.0
14.0 8.0 8.0 108.23357 86.15583 38.64546 569.0
14.0 8.0 14.0 128.32897 115.99995 40.26559 569.0
14.0 12.0 12.0 179.82949 86.28615 84.70232 4.0
14.0 12.0 14.0 128.32897 115.99995 40.26559 4.0
14.0 14.0 14.0 128.32897 115.99995 40.26559 1498.0
14.0 14.0 14.0 128.32897 115.99995 40.26559 1498.0
14.0 20.0 20.0 84.76636 53.71963 22.02573 2.0
14.0 20.0 14.0 128.32897 115.99995 40.26559 2.0
14.0 30.0 30.0 88.18286 139.91737 62.5849 58.0
14.0 30.0 14.0 128.32897 115.99995 40.26559 58.0
14.0 31.0 31.0 121.66975 38.93529 36.05689 2.0
14.0 31.0 14.0 128.32897 115.99995 40.26559 2.0
14.0 32.0 32.0 157.11054 89.0353 58.02763 257.0
14.0 32.0 14.0 128.32897 115.99995 40.26559 257.0
14.0 35.0 35.0 147.93357 121.07231 95.68194 70.0
14.0 35.0 14.0 128.32897 115.99995 40.26559 70.0
14.0 43.0 43.0 101.77627 137.71428 99.1284 1.0
14.0 43.0 14.0 128.32897 115.99995 40.26559 1.0
14.0 46.0 46.0 114.56901 130.25384 52.72854 601.0
14.0 46.0 14.0 128.32897 115.99995 40.26559 601.0
15.0 3.0 3.0 83.13487 3.83751 88.07262 8.0
15.0 3.0 15.0 145.15599 26.60349 64.68007 8.0
15.0 7.0 7.0 121.69208 13.4498 56.89312 331.0
15.0 7.0 15.0 145.15599 26.60349 64.68007 331.0
15.0 8.0 8.0 108.23357 86.15583 38.64546 19.0
15.0 8.0 15.0 145.15599 26.60349 64.68007 19.0
15.0 10.0 10.0 97.08963 3.95919 60.95198 17.0
15.0 10.0 15.0 145.15599 26.60349 64.68007 17.0
15.0 12.0 12.0 179.82949 86.28615 84.70232 7.0
15.0 12.0 15.0 145.15599 26.60349 64.68007 7.0
15.0 15.0 15.0 145.15599 26.60349 64.68007 1035.0
15.0 15.0 15.0 145.15599 26.60349 64.68007 1035.0
15.0 17.0 17.0 122.82339 11.00553 94.56097 195.0
15.0 17.0 15.0 145.15599 26.60349 64.68007 195.0
15.0 18.0 18.0 159.16456 24.79633 93.80211 215.0
15.0 18.0 15.0 145.15599 26.60349 64.68007 215.0
15.0 23.0 23.0 173.57775 43.61116 77.0003 166.0
15.0 23.0 15.0 145.15599 26.60349 64.68007 166.0
15.0 25.0 25.0 182.84188 63.92381 100.31902 3.0
15.0 25.0 15.0 145.15599 26.60349 64.68007 3.0
15.0 26.0 26.0 132.14122 45.14307 139.10733 2.0
15.0 26.0 15.0 145.15599 26.60349 64.68007 2.0
15.0 29.0 29.0 122.64357 20.56933 121.17895 13.0
15.0 29.0 15.0 145.15599 26.60349 64.68007 13.0
15.0 31.0 31.0 121.66975 38.93529 36.05689 313.0
15.0 31.0 15.0 145.15599 26.60349 64.68007 313.0
15.0 32.0 32.0 157.11054 89.0353 58.02763 64.0
15.0 32.0 15.0 145.15599 26.60349 64.68007 64.0
15.0 47.0 47.0 164.25039 62.80451 126.10275 3.0
15.0 47.0 15.0 145.15599 26.60349 64.68007 3.0
16.0 0.0 0.0 55.16256 48.88532 142.00003 282.0
16.0 0.0 16.0 37.12282 39.03577 124.6695 282.0
16.0 2.0 2.0 27.21352 25.51713 87.66334 166.0
16.0 2.0 16.0 37.12282 39.03577 124.6695 166.0
16.0 3.0 3.0 83.13487 3.83751 88.07262 3.0
16.0 3.0 16.0 37.12282 39.03577 124.6695 3.0
16.0 6.0 6.0 5.47886 84.75696 74.42378 6.0
16.0 6.0 16.0 37.12282 39.03577 124.6695 6.0
16.0 11.0 11.0 48.53056 14.14689 56.38927 9.0
16.0 11.0 16.0 37.12282 39.03577 124.6695 9.0
16.0 16.0 16.0 37.12282 39.03577 124.6695 844.0
16.0 16.0 16.0 37.12282 39.03577 124.6695 844.0
16.0 22.0 22.0 25.08441 79.98411 119.45802 263.0
16.0 22.0 16.0 37.12282 39.03577 124.6695 263.0
16.0 27.0 27.0 18.70755 45.41638 103.76646 256.0
16.0 27.0 16.0 37.12282 39.03577 124.6695 256.0
16.0 28.0 28.0 84.40747 38.84113 143.0994 12.0
16.0 28.0 16.0 37.12282 39.03577 124.6695 12.0
16.0 36.0 36.0 51.1409 19.46439 119.66546 223.0
16.0 36.0 16.0 37.12282 39.03577 124.6695 223.0
16.0 37.0 37.0 80.27915 11.09742 113.89669 33.0
16.0 37.0 16.0 37.12282 39.03577 124.6695 33.0
16.0 38.0 38.0 88.71713 68.3676 152.60517 6.0
16.0 38.0 16.0 37.12282 39.03577 124.6695 6.0
16.0 42.0 42.0 56.52592 85.22852 144.91454 32.0
16.0 42.0 16.0 37.12282 39.03577 124.6695 32.0
16.0 44.0 44.0 70.09248 22.68482 131.27962 54.0
16.0 44.0 16.0 37.12282 39.03577 124.6695 54.0
17.0 3.0 3.0 83.13487 3.83751 88.07262 249.0
17.0 3.0 17.0 122.82339 11.00553 94.56097 249.0
17.0 7.0 7.0 121.69208 13.4498 56.89312 167.0
17.0 7.0 17.0 122.82339 11.00553 94.56097 167.0
17.0 10.0 10.0 97.08963 3.95919 60.95198 100.0
17.0 10.0 17.0 122.82339 11.00553 94.56097 100.0
17.0 15.0 15.0 145.15599 26.60349 64.68007 195.0
17.0 15.0 17.0 122.82339 11.00553 94.56097 195.0
17.0 17.0 17.0 122.82339 11.00553 94.56097 1035.0
17.0 17.0 17.0 122.82339 11.00553 94.56097 1035.0
17.0 18.0 18.0 159.16456 24.79633 93.80211 127.0
17.0 18.0 17.0 122.82339 11.00553 94.56097 127.0
17.0 19.0 19.0 66.31497 15.95707 45.08044 2.0
17.0 19.0 17.0 122.82339 11.00553 94.56097 2.0
17.0 23.0 23.0 173.57775 43.61116 77.0003 2.0
17.0 23.0 17.0 122.82339 11.00553 94.56097 2.0
17.0 26.0 26.0 132.14122 45.14307 139.10733 12.0
17.0 26.0 17.0 122.82339 11.00553 94.56097 12.0
17.0 28.0 28.0 84.40747 38.84113 143.0994 5.0
17.0 28.0 17.0 122.82339 11.00553 94.56097 5.0
17.0 29.0 29.0 122.64357 20.56933 121.17895 286.0
17.0 29.0 17.0 122.82339 11.00553 94.56097 286.0
17.0 31.0 31.0 121.66975 38.93529 36.05689 1.0
17.0 31.0 17.0 122.82339 11.00553 94.56097 1.0
17.0 37.0 37.0 80.27915 11.09742 113.89669 114.0
17.0 37.0 17.0 122.82339 11.00553 94.56097 114.0
17.0 40.0 40.0 83.23487 23.59318 42.36975 1.0
17.0 40.0 17.0 122.82339 11.00553 94.56097 1.0
17.0 44.0 44.0 70.09248 22.68482 131.27962 1.0
17.0 44.0 17.0 122.82339 11.00553 94.56097 1.0
17.0 47.0 47.0 164.25039 62.80451 126.10275 9.0
17.0 47.0 17.0 122.82339 11.00553 94.56097 9.0
18.0 7.0 7.0 121.69208 13.4498 56.89312 7.0
18.0 7.0 18.0 159.16456 24.79633 93.80211 7.0
18.0 12.0 12.0 179.82949 86.28615 84.70232 2.0
18.0 12.0 18.0 159.16456 24.79633 93.80211 2.0
18.0 15.0 15.0 145.15599 26.60349 64.68007 231.0
18.0 15.0 18.0 159.16456 24.79633 93.80211 231.0
18.0 17.0 17.0 122.82339 11.00553 94.56097 137.0
18.0 17.0 18.0 159.16456 24.79633 93.80211 137.0
18.0 18.0 18.0 159.16456 24.79633 93.80211 671.0
18.0 18.0 18.0 159.16456 24.79633 93.80211 671.0
18.0 23.0 23.0 173.57775 43.61116 77.0003 206.0
18.0 23.0 18.0 159.16456 24.79633 93.80211 206.0
18.0 25.0 25.0 182.84188 63.92381 100.31902 26.0
18.0 25.0 18.0 159.16456 24.79633 93.80211 26.0
18.0 26.0 26.0 132.14122 45.14307 139.10733 51.0
18.0 26.0 18.0 159.16456 24.79633 93.80211 51.0
18.0 29.0 29.0 122.64357 20.56933 121.17895 132.0
18.0 29.0 18.0 159.16456 24.79633 93.80211 132.0
18.0 31.0 31.0 121.66975 38.93529 36.05689 5.0
18.0 31.0 18.0 159.16456 24.79633 93.80211 5.0
18.0 32.0 32.0 157.11054 89.0353 58.02763 2.0
18.0 32.0 18.0 159.16456 24.79633 93.80211 2.0
18.0 47.0 47.0 164.25039 62.80451 126.10275 132.0
18.0 47.0 18.0 159.16456 24.79633 93.80211 132.0
19.0 1.0 1.0 66.33457 89.38209 7.44508 6.0
19.0 1.0 19.0 66.31497 15.95707 45.08044 6.0
19.0 2.0 2.0 27.21352 25.51713 87.66334 1.0
19.0 2.0 19.0 66.31497 15.95707 45.08044 1.0
19.0 3.0 3.0 83.13487 3.83751 88.07262 84.0
19.0 3.0 19.0 66.31497 15.95707 45.08044 84.0
19.0 7.0 7.0 121.69208 13.4498 56.89312 1.0
19.0 7.0 19.0 66.31497 15.95707 45.08044 1.0
19.0 8.0 8.0 108.23357 86.15583 38.64546 1.0
19.0 8.0 19.0 66.31497 15.95707 45.08044 1.0
19.0 10.0 10.0 97.08963 3.95919 60.95198 124.0
19.0 10.0 19.0 66.31497 15.95707 45.08044 124.0
19.0 11.0 11.0 48.53056 14.14689 56.38927 417.0
19.0 11.0 19.0 66.31497 15.95707 45.08044 417.0
19.0 13.0 13.0 21.84971 31.08223 56.41824 12.0
19.0 13.0 19.0 66.31497 15.95707 45.08044 12.0
19.0 17.0 17.0 122.82339 11.00553 94.56097 1.0
19.0 17.0 19.0 66.31497 15.95707 45.08044 1.0
19.0 19.0 19.0 66.31497 15.95707 45.08044 425.0
19.0 19.0 19.0 66.31497 15.95707 45.08044 425.0
19.0 20.0 20.0 84.76636 53.71963 22.02573 130.0
19.0 20.0 19.0 66.31497 15.95707 45.08044 130.0
19.0 21.0 21.0 28.28851 78.1544 19.27823 3.0
19.0 21.0 19.0 66.31497 15.95707 45.08044 3.0
19.0 31.0 31.0 121.66975 38.93529 36.05689 3.0
19.0 31.0 19.0 66.31497 15.95707 45.08044 3.0
19.0 37.0 37.0 80.27915 11.09742 113.89669 3.0
19.0 37.0 19.0 66.31497 15.95707 45.08044 3.0
19.0 39.0 39.0 21.77941 50.1235 32.83169 47.0
19.0 39.0 19.0 66.31497 15.95707 45.08044 47.0
19.0 40.0 40.0 83.23487 23.59318 42.36975 333.0
19.0 40.0 19.0 66.31497 15.95707 45.08044 333.0
20.0 1.0 1.0 66.33457 89.38209 7.44508 427.0
20.0 1.0 20.0 84.76636 53.71963 22.02573 427.0
20.0 7.0 7.0 121.69208 13.4498 56.89312 3.0
20.0 7.0 20.0 84.76636 53.71963 22.02573 3.0
20.0 8.0 8.0 108.23357 86.15583 38.64546 633.0
20.0 8.0 20.0 84.76636 53.71963 22.02573 633.0
20.0 10.0 10.0 97.08963 3.95919 60.95198 4.0
20.0 10.0 20.0 84.76636 53.71963 22.02573 4.0
20.0 11.0 11.0 48.53056 14.14689 56.38927 67.0
20.0 11.0 20.0 84.76636 53.71963 22.02573 67.0
20.0 13.0 13.0 21.84971 31.08223 56.41824 4.0
20.0 13.0 20.0 84.76636 53.71963 22.02573 4.0
20.0 14.0 14.0 128.32897 115.99995 40.26559 2.0
20.0 14.0 20.0 84.76636 53.71963 22.02573 2.0
20.0 19.0 19.0 66.31497 15.95707 45.08044 96.0
20.0 19.0 20.0 84.76636 53.71963 22.02573 96.0
20.0 20.0 20.0 84.76636 53.71963 22.02573 2543.0
20.0 20.0 20.0 84.76636 53.71963 22.02573 2543.0
20.0 21.0 21.0 28.28851 78.1544 19.27823 51.0
20.0 21.0 20.0 84.76636 53.71963 22.02573 51.0
20.0 31.0 31.0 121.66975 38.93529 36.05689 445.0
20.0 31.0 20.0 84.76636 53.71963 22.02573 445.0
20.0 32.0 32.0 157.11054 89.0353 58.02763 2.0
20.0 32.0 20.0 84.76636 53.71963 22.02573 2.0
20.0 39.0 39.0 21.77941 50.1235 32.83169 99.0
20.0 39.0 20.0 84.76636 53.71963 22.02573 99.0
20.0 40.0 40.0 83.23487 23.59318 42.36975 358.0
20.0 40.0 20.0 84.76636 53.71963 22.02573 358.0
20.0 45.0 45.0 35.17087 116.37998 28.53697 1.0
20.0 45.0 20.0 84.76636 53.71963 22.02573 1.0
21.0 1.0 1.0 66.33457 89.38209 7.44508 350.0
21.0 1.0 21.0 28.28851 78.1544 19.27823 350.0
21.0 5.0 5.0 36.16817 130.05302 82.14258 1.0
21.0 5.0 21.0 28.28851 78.1544 19.27823 1.0
21.0 6.0 6.0 5.47886 84.75696 74.42378 132.0
21.0 6.0 21.0 28.28851 78.1544 19.27823 132.0
21.0 8.0 8.0 108.23357 86.15583 38.64546 2.0
21.0 8.0 21.0 28.28851 78.1544 19.27823 2.0
21.0 11.0 11.0 48.53056 14.14689 56.38927 11.0
21.0 11.0 21.0 28.28851 78.1544 19.27823 11.0
21.0 13.0 13.0 21.84971 31.08223 56.41824 2.0
21.0 13.0 21.0 28.28851 78.1544 19.27823 2.0
21.0 19.0 19.0 66.31497 15.95707 45.08044 3.0
21.0 19.0 21.0 28.28851 78.1544 19.27823 3.0
21.0 20.0 20.0 84.76636 53.71963 22.02573 48.0
21.0 20.0 21.0 28.28851 78.1544 19.27823 48.0
21.0 21.0 21.0 28.28851 78.1544 19.27823 1327.0
21.0 21.0 21.0 28.28851 78.1544 19.27823 1327.0
21.0 39.0 39.0 21.77941 50.1235 32.83169 467.0
21.0 39.0 21.0 28.28851 78.1544 19.27823 467.0
21.0 45.0 45.0 35.17087 116.37998 28.53697 378.0
21.0 45.0 21.0 28.28851 78.1544 19.27823 378.0
22.0 0.0 0.0 55.16256 48.88532 142.00003 149.0
22.0 0.0 22.0 25.08441 79.98411 119.45802 149.0
22.0 2.0 2.0 27.21352 25.51713 87.66334 10.0
22.0 2.0 22.0 25.08441 79.98411 119.45802 10.0
22.0 4.0 4.0 72.0052 108.38929 139.66294 90.0
22.0 4.0 22.0 25.08441 79.98411 119.45802 90.0
22.0 5.0 5.0 36.16817 130.05302 82.14258 257.0
22.0 5.0 22.0 25.08441 79.98411 119.45802 257.0
22.0 6.0 6.0 5.47886 84.75696 74.42378 405.0
22.0 6.0 22.0 25.08441 79.98411 119.45802 405.0
22.0 8.0 8.0 108.23357 86.15583 38.64546 1.0
22.0 8.0 22.0 25.08441 79.98411 119.45802 1.0
22.0 16.0 16.0 37.12282 39.03577 124.6695 265.0
22.0 16.0 22.0 25.08441 79.98411 119.45802 265.0
22.0 19.0 19.0 66.31497 15.95707 45.08044 1.0
22.0 19.0 22.0 25.08441 79.98411 119.45802 1.0
22.0 22.0 22.0 25.08441 79.98411 119.45802 2828.0
22.0 22.0 22.0 25.08441 79.98411 119.45802 2828.0
22.0 27.0 27.0 18.70755 45.41638 103.76646 289.0
22.0 27.0 22.0 25.08441 79.98411 119.45802 289.0
22.0 28.0 28.0 84.40747 38.84113 143.0994 1.0
22.0 28.0 22.0 25.08441 79.98411 119.45802 1.0
22.0 37.0 37.0 80.27915 11.09742 113.89669 1.0
22.0 37.0 22.0 25.08441 79.98411 119.45802 1.0
22.0 38.0 38.0 88.71713 68.3676 152.60517 7.0
22.0 38.0 22.0 25.08441 79.98411 119.45802 7.0
22.0 41.0 41.0 59.75838 125.99689 122.53649 143.0
22.0 41.0 22.0 25.08441 79.98411 119.45802 143.0
22.0 42.0 42.0 56.52592 85.22852 144.91454 342.0
22.0 42.0 22.0 25.08441 79.98411 119.45802 342.0
22.0 43.0 43.0 101.77627 137.71428 99.1284 1.0
22.0 43.0 22.0 25.08441 79.98411 119.45802 1.0
22.0 44.0 44.0 70.09248 22.68482 131.27962 2.0
22.0 44.0 22.0 25.08441 79.98411 119.45802 2.0
23.0 8.0 8.0 108.23357 86.15583 38.64546 1.0
23.0 8.0 23.0 173.57775 43.61116 77.0003 1.0
23.0 12.0 12.0 179.82949 86.28615 84.70232 113.0
23.0 12.0 23.0 173.57775 43.61116 77.0003 113.0
23.0 15.0 15.0 145.15599 26.60349 64.68007 174.0
23.0 15.0 23.0 173.57775 43.61116 77.0003 174.0
23.0 17.0 17.0 122.82339 11.00553 94.56097 1.0
23.0 17.0 23.0 173.57775 43.61116 77.0003 1.0
23.0 18.0 18.0 159.16456 24.79633 93.80211 242.0
23.0 18.0 23.0 173.57775 43.61116 77.0003 242.0
23.0 23.0 23.0 173.57775 43.61116 77.0003 721.0
23.0 23.0 23.0 173.57775 43.61116 77.0003 721.0
23.0 25.0 25.0 182.84188 63.92381 100.31902 164.0
23.0 25.0 23.0 173.57775 43.61116 77.0003 164.0
23.0 26.0 26.0 132.14122 45.14307 139.10733 3.0
23.0 26.0 23.0 173.57775 43.61116 77.0003 3.0
23.0 28.0 28.0 84.40747 38.84113 143.0994 1.0
23.0 28.0 23.0 173.57775 43.61116 77.0003 1.0
23.0 29.0 29.0 122.64357 20.56933 121.17895 2.0
23.0 29.0 23.0 173.57775 43.61116 77.0003 2.0
23.0 31.0 31.0 121.66975 38.93529 36.05689 30.0
23.0 31.0 23.0 173.57775 43.61116 77.0003 30.0
23.0 32.0 32.0 157.11054 89.0353 58.02763 118.0
23.0 32.0 23.0 173.57775 43.61116 77.0003 118.0
23.0 37.0 37.0 80.27915 11.09742 113.89669 1.0
23.0 37.0 23.0 173.57775 43.61116 77.0003 1.0
23.0 47.0 47.0 164.25039 62.80451 126.10275 63.0
23.0 47.0 23.0 173.57775 43.61116 77.0003 63.0
24.0 0.0 0.0 55.16256 48.88532 142.00003 2.0
24.0 0.0 24.0 107.94032 87.24579 149.13886 2.0
24.0 4.0 4.0 72.0052 108.38929 139.66294 328.0
24.0 4.0 24.0 107.94032 87.24579 149.13886 328.0
24.0 9.0 9.0 78.68589 139.88109 102.71381 1.0
24.0 9.0 24.0 107.94032 87.24579 149.13886 1.0
24.0 17.0 17.0 122.82339 11.00553 94.56097 1.0
24.0 17.0 24.0 107.94032 87.24579 149.13886 1.0
24.0 24.0 24.0 107.94032 87.24579 149.13886 1796.0
24.0 24.0 24.0 107.94032 87.24579 149.13886 1796.0
24.0 26.0 26.0 132.14122 45.14307 139.10733 176.0
24.0 26.0 24.0 107.94032 87.24579 149.13886 176.0
24.0 28.0 28.0 84.40747 38.84113 143.0994 6.0
24.0 28.0 24.0 107.94032 87.24579 149.13886 6.0
24.0 33.0 33.0 97.16259 49.91679 149.23627 99.0
24.0 33.0 24.0 107.94032 87.24579 149.13886 99.0
24.0 34.0 34.0 128.01341 111.12261 129.6179 522.0
24.0 34.0 24.0 107.94032 87.24579 149.13886 522.0
24.0 35.0 35.0 147.93357 121.07231 95.68194 1.0
24.0 35.0 24.0 107.94032 87.24579 149.13886 1.0
24.0 38.0 38.0 88.71713 68.3676 152.60517 421.0
24.0 38.0 24.0 107.94032 87.24579 149.13886 421.0
24.0 41.0 41.0 59.75838 125.99689 122.53649 24.0
24.0 41.0 24.0 107.94032 87.24579 149.13886 24.0
24.0 42.0 42.0 56.52592 85.22852 144.91454 117.0
24.0 42.0 24.0 107.94032 87.24579 149.13886 117.0
24.0 43.0 43.0 101.77627 137.71428 99.1284 2.0
24.0 43.0 24.0 107.94032 87.24579 149.13886 2.0
24.0 44.0 44.0 70.09248 22.68482 131.27962 2.0
24.0 44.0 24.0 107.94032 87.24579 149.13886 2.0
24.0 47.0 47.0 164.25039 62.80451 126.10275 37.0
24.0 47.0 24.0 107.94032 87.24579 149.13886 37.0
25.0 7.0 7.0 121.69208 13.4498 56.89312 1.0
25.0 7.0 25.0 182.84188 63.92381 100.31902 1.0
25.0 12.0 12.0 179.82949 86.28615 84.70232 256.0
25.0 12.0 25.0 182.84188 63.92381 100.31902 256.0
25.0 15.0 15.0 145.15599 26.60349 64.68007 2.0
25.0 15.0 25.0 182.84188 63.92381 100.31902 2.0
25.0 18.0 18.0 159.16456 24.79633 93.80211 19.0
25.0 18.0 25.0 182.84188 63.92381 100.31902 19.0
25.0 23.0 23.0 173.57775 43.61116 77.0003 165.0
25.0 23.0 25.0 182.84188 63.92381 100.31902 165.0
25.0 25.0 25.0 182.84188 63.92381 100.31902 481.0
25.0 25.0 25.0 182.84188 63.92381 100.31902 481.0
25.0 26.0 26.0 132.14122 45.14307 139.10733 2.0
25.0 26.0 25.0 182.84188 63.92381 100.31902 2.0
25.0 32.0 32.0 157.11054 89.0353 58.02763 3.0
25.0 32.0 25.0 182.84188 63.92381 100.31902 3.0
25.0 34.0 34.0 128.01341 111.12261 129.6179 8.0
25.0 34.0 25.0 182.84188 63.92381 100.31902 8.0
25.0 35.0 35.0 147.93357 121.07231 95.68194 21.0
25.0 35.0 25.0 182.84188 63.92381 100.31902 21.0
25.0 46.0 46.0 114.56901 130.25384 52.72854 1.0
25.0 46.0 25.0 182.84188 63.92381 100.31902 1.0
25.0 47.0 47.0 164.25039 62.80451 126.10275 286.0
25.0 47.0 25.0 182.84188 63.92381 100.31902 286.0
26.0 3.0 3.0 83.13487 3.83751 88.07262 1.0
26.0 3.0 26.0 132.14122 45.14307 139.10733 1.0
26.0 17.0 17.0 122.82339 11.00553 94.56097 33.0
26.0 17.0 26.0 132.14122 45.14307 139.10733 33.0
26.0 18.0 18.0 159.16456 24.79633 93.80211 46.0
26.0 18.0 26.0 132.14122 45.14307 139.10733 46.0
26.0 24.0 24.0 107.94032 87.24579 149.13886 200.0
26.0 24.0 26.0 132.14122 45.14307 139.10733 200.0
26.0 25.0 25.0 182.84188 63.92381 100.31902 1.0
26.0 25.0 26.0 132.14122 45.14307 139.10733 1.0
26.0 26.0 26.0 132.14122 45.14307 139.10733 1696.0
26.0 26.0 26.0 132.14122 45.14307 139.10733 1696.0
26.0 28.0 28.0 84.40747 38.84113 143.0994 91.0
26.0 28.0 26.0 132.14122 45.14307 139.10733 91.0
26.0 29.0 29.0 122.64357 20.56933 121.17895 403.0
26.0 29.0 26.0 132.14122 45.14307 139.10733 403.0
26.0 33.0 33.0 97.16259 49.91679 149.23627 215.0
26.0 33.0 26.0 132.14122 45.14307 139.10733 215.0
26.0 34.0 34.0 128.01341 111.12261 129.6179 74.0
26.0 34.0 26.0 132.14122 45.14307 139.10733 74.0
26.0 35.0 35.0 147.93357 121.07231 95.68194 1.0
26.0 35.0 26.0 132.14122 45.14307 139.10733 1.0
26.0 37.0 37.0 80.27915 11.09742 113.89669 25.0
26.0 37.0 26.0 132.14122 45.14307 139.10733 25.0
26.0 38.0 38.0 88.71713 68.3676 152.60517 96.0
26.0 38.0 26.0 132.14122 45.14307 139.10733 96.0
26.0 44.0 44.0 70.09248 22.68482 131.27962 1.0
26.0 44.0 26.0 132.14122 45.14307 139.10733 1.0
26.0 47.0 47.0 164.25039 62.80451 126.10275 377.0
26.0 47.0 26.0 132.14122 45.14307 139.10733 377.0
27.0 0.0 0.0 55.16256 48.88532 142.00003 8.0
27.0 0.0 27.0 18.70755 45.41638 103.76646 8.0
27.0 2.0 2.0 27.21352 25.51713 87.66334 363.0
27.0 2.0 27.0 18.70755 45.41638 103.76646 363.0
27.0 3.0 3.0 83.13487 3.83751 88.07262 1.0
27.0 3.0 27.0 18.70755 45.41638 103.76646 1.0
27.0 6.0 6.0 5.47886 84.75696 74.42378 161.0
27.0 6.0 27.0 18.70755 45.41638 103.76646 161.0
27.0 11.0 11.0 48.53056 14.14689 56.38927 1.0
27.0 11.0 27.0 18.70755 45.41638 103.76646 1.0
27.0 13.0 13.0 21.84971 31.08223 56.41824 31.0
27.0 13.0 27.0 18.70755 45.41638 103.76646 31.0
27.0 16.0 16.0 37.12282 39.03577 124.6695 250.0
27.0 16.0 27.0 18.70755 45.41638 103.76646 250.0
27.0 22.0 22.0 25.08441 79.98411 119.45802 292.0
27.0 22.0 27.0 18.70755 45.41638 103.76646 292.0
27.0 27.0 27.0 18.70755 45.41638 103.76646 688.0
27.0 27.0 27.0 18.70755 45.41638 103.76646 688.0
27.0 36.0 36.0 51.1409 19.46439 119.66546 21.0
27.0 36.0 27.0 18.70755 45.41638 103.76646 21.0
27.0 37.0 37.0 80.27915 11.09742 113.89669 4.0
27.0 37.0 27.0 18.70755 45.41638 103.76646 4.0
27.0 39.0 39.0 21.77941 50.1235 32.83169 2.0
27.0 39.0 27.0 18.70755 45.41638 103.76646 2.0
27.0 42.0 42.0 56.52592 85.22852 144.91454 2.0
27.0 42.0 27.0 18.70755 45.41638 103.76646 2.0
27.0 44.0 44.0 70.09248 22.68482 131.27962 1.0
27.0 44.0 27.0 18.70755 45.41638 103.76646 1.0
27.0 45.0 45.0 35.17087 116.37998 28.53697 1.0
27.0 45.0 27.0 18.70755 45.41638 103.76646 1.0
28.0 0.0 0.0 55.16256 48.88532 142.00003 220.0
28.0 0.0 28.0 84.40747 38.84113 143.0994 220.0
28.0 3.0 3.0 83.13487 3.83751 88.07262 3.0
28.0 3.0 28.0 84.40747 38.84113 143.0994 3.0
28.0 4.0 4.0 72.0052 108.38929 139.66294 3.0
28.0 4.0 28.0 84.40747 38.84113 143.0994 3.0
28.0 5.0 5.0 36.16817 130.05302 82.14258 1.0
28.0 5.0 28.0 84.40747 38.84113 143.0994 1.0
28.0 16.0 16.0 37.12282 39.03577 124.6695 10.0
28.0 16.0 28.0 84.40747 38.84113 143.0994 10.0
28.0 17.0 17.0 122.82339 11.00553 94.56097 4.0
28.0 17.0 28.0 84.40747 38.84113 143.0994 4.0
28.0 22.0 22.0 25.08441 79.98411 119.45802 3.0
28.0 22.0 28.0 84.40747 38.84113 143.0994 3.0
28.0 24.0 24.0 107.94032 87.24579 149.13886 9.0
28.0 24.0 28.0 84.40747 38.84113 143.0994 9.0
28.0 26.0 26.0 132.14122 45.14307 139.10733 86.0
28.0 26.0 28.0 84.40747 38.84113 143.0994 86.0
28.0 28.0 28.0 84.40747 38.84113 143.0994 648.0
28.0 28.0 28.0 84.40747 38.84113 143.0994 648.0
28.0 29.0 29.0 122.64357 20.56933 121.17895 116.0
28.0 29.0 28.0 84.40747 38.84113 143.0994 116.0
28.0 33.0 33.0 97.16259 49.91679 149.23627 335.0
28.0 33.0 28.0 84.40747 38.84113 143.0994 335.0
28.0 36.0 36.0 51.1409 19.46439 119.66546 15.0
28.0 36.0 28.0 84.40747 38.84113 143.0994 15.0
28.0 37.0 37.0 80.27915 11.09742 113.89669 160.0
28.0 37.0 28.0 84.40747 38.84113 143.0994 160.0
28.0 38.0 38.0 88.71713 68.3676 152.60517 126.0
28.0 38.0 28.0 84.40747 38.84113 143.0994 126.0
28.0 42.0 42.0 56.52592 85.22852 144.91454 33.0
28.0 42.0 28.0 84.40747 38.84113 143.0994 33.0
28.0 44.0 44.0 70.09248 22.68482 131.27962 198.0
28.0 44.0 28.0 84.40747 38.84113 143.0994 198.0
29.0 0.0 0.0 55.16256 48.88532 142.00003 2.0
29.0 0.0 29.0 122.64357 20.56933 121.17895 2.0
29.0 3.0 3.0 83.13487 3.83751 88.07262 46.0
29.0 3.0 29.0 122.64357 20.56933 121.17895 46.0
29.0 7.0 7.0 121.69208 13.4498 56.89312 4.0
29.0 7.0 29.0 122.64357 20.56933 121.17895 4.0
29.0 15.0 15.0 145.15599 26.60349 64.68007 12.0
29.0 15.0 29.0 122.64357 20.56933 121.17895 12.0
29.0 17.0 17.0 122.82339 11.00553 94.56097 313.0
29.0 17.0 29.0 122.64357 20.56933 121.17895 313.0
29.0 18.0 18.0 159.16456 24.79633 93.80211 106.0
29.0 18.0 29.0 122.64357 20.56933 121.17895 106.0
29.0 23.0 23.0 173.57775 43.61116 77.0003 1.0
29.0 23.0 29.0 122.64357 20.56933 121.17895 1.0
29.0 26.0 26.0 132.14122 45.14307 139.10733 391.0
29.0 26.0 29.0 122.64357 20.56933 121.17895 391.0
29.0 28.0 28.0 84.40747 38.84113 143.0994 114.0
29.0 28.0 29.0 122.64357 20.56933 121.17895 114.0
29.0 29.0 29.0 122.64357 20.56933 121.17895 972.0
29.0 29.0 29.0 122.64357 20.56933 121.17895 972.0
29.0 33.0 33.0 97.16259 49.91679 149.23627 31.0
29.0 33.0 29.0 122.64357 20.56933 121.17895 31.0
29.0 37.0 37.0 80.27915 11.09742 113.89669 253.0
29.0 37.0 29.0 122.64357 20.56933 121.17895 253.0
29.0 38.0 38.0 88.71713 68.3676 152.60517 2.0
29.0 38.0 29.0 122.64357 20.56933 121.17895 2.0
29.0 44.0 44.0 70.09248 22.68482 131.27962 14.0
29.0 44.0 29.0 122.64357 20.56933 121.17895 14.0
29.0 47.0 47.0 164.25039 62.80451 126.10275 50.0
29.0 47.0 29.0 122.64357 20.56933 121.17895 50.0
30.0 1.0 1.0 66.33457 89.38209 7.44508 67.0
30.0 1.0 30.0 88.18286 139.91737 62.5849 67.0
30.0 5.0 5.0 36.16817 130.05302 82.14258 366.0
30.0 5.0 30.0 88.18286 139.91737 62.5849 366.0
30.0 8.0 8.0 108.23357 86.15583 38.64546 127.0
30.0 8.0 30.0 88.18286 139.91737 62.5849 127.0
30.0 9.0 9.0 78.68589 139.88109 102.71381 252.0
30.0 9.0 30.0 88.18286 139.91737 62.5849 252.0
30.0 14.0 14.0 128.32897 115.99995 40.26559 50.0
30.0 14.0 30.0 88.18286 139.91737 62.5849 50.0
30.0 23.0 23.0 173.57775 43.61116 77.0003 1.0
30.0 23.0 30.0 88.18286 139.91737 62.5849 1.0
30.0 30.0 30.0 88.18286 139.91737 62.5849 3069.0
30.0 30.0 30.0 88.18286 139.91737 62.5849 3069.0
30.0 34.0 34.0 128.01341 111.12261 129.6179 13.0
30.0 34.0 30.0 88.18286 139.91737 62.5849 13.0
30.0 35.0 35.0 147.93357 121.07231 95.68194 146.0
30.0 35.0 30.0 88.18286 139.91737 62.5849 146.0
30.0 41.0 41.0 59.75838 125.99689 122.53649 8.0
30.0 41.0 30.0 88.18286 139.91737 62.5849 8.0
30.0 43.0 43.0 101.77627 137.71428 99.1284 471.0
30.0 43.0 30.0 88.18286 139.91737 62.5849 471.0
30.0 45.0 45.0 35.17087 116.37998 28.53697 157.0
30.0 45.0 30.0 88.18286 139.91737 62.5849 157.0
30.0 46.0 46.0 114.56901 130.25384 52.72854 683.0
30.0 46.0 30.0 88.18286 139.91737 62.5849 683.0
31.0 7.0 7.0 121.69208 13.4498 56.89312 329.0
31.0 7.0 31.0 121.66975 38.93529 36.05689 329.0
31.0 8.0 8.0 108.23357 86.15583 38.64546 422.0
31.0 8.0 31.0 121.66975 38.93529 36.05689 422.0
31.0 10.0 10.0 97.08963 3.95919 60.95198 90.0
31.0 10.0 31.0 121.66975 38.93529 36.05689 90.0
31.0 12.0 12.0 179.82949 86.28615 84.70232 4.0
31.0 12.0 31.0 121.66975 38.93529 36.05689 4.0
31.0 14.0 14.0 128.32897 115.99995 40.26559 1.0
31.0 14.0 31.0 121.66975 38.93529 36.05689 1.0
31.0 15.0 15.0 145.15599 26.60349 64.68007 268.0
31.0 15.0 31.0 121.66975 38.93529 36.05689 268.0
31.0 17.0 17.0 122.82339 11.00553 94.56097 4.0
31.0 17.0 31.0 121.66975 38.93529 36.05689 4.0
31.0 18.0 18.0 159.16456 24.79633 93.80211 2.0
31.0 18.0 31.0 121.66975 38.93529 36.05689 2.0
31.0 19.0 19.0 66.31497 15.95707 45.08044 4.0
31.0 19.0 31.0 121.66975 38.93529 36.05689 4.0
31.0 20.0 20.0 84.76636 53.71963 22.02573 413.0
31.0 20.0 31.0 121.66975 38.93529 36.05689 413.0
31.0 23.0 23.0 173.57775 43.61116 77.0003 23.0
31.0 23.0 31.0 121.66975 38.93529 36.05689 23.0
31.0 31.0 31.0 121.66975 38.93529 36.05689 2474.0
31.0 31.0 31.0 121.66975 38.93529 36.05689 2474.0
31.0 32.0 32.0 157.11054 89.0353 58.02763 126.0
31.0 32.0 31.0 121.66975 38.93529 36.05689 126.0
31.0 40.0 40.0 83.23487 23.59318 42.36975 229.0
31.0 40.0 31.0 121.66975 38.93529 36.05689 229.0
31.0 45.0 45.0 35.17087 116.37998 28.53697 1.0
31.0 45.0 31.0 121.66975 38.93529 36.05689 1.0
32.0 7.0 7.0 121.69208 13.4498 56.89312 2.0
32.0 7.0 32.0 157.11054 89.0353 58.02763 2.0
32.0 8.0 8.0 108.23357 86.15583 38.64546 350.0
32.0 8.0 32.0 157.11054 89.0353 58.02763 350.0
32.0 12.0 12.0 179.82949 86.28615 84.70232 356.0
32.0 12.0 32.0 157.11054 89.0353 58.02763 356.0
32.0 14.0 14.0 128.32897 115.99995 40.26559 337.0
32.0 14.0 32.0 157.11054 89.0353 58.02763 337.0
32.0 15.0 15.0 145.15599 26.60349 64.68007 99.0
32.0 15.0 32.0 157.11054 89.0353 58.02763 99.0
32.0 20.0 20.0 84.76636 53.71963 22.02573 2.0
32.0 20.0 32.0 157.11054 89.0353 58.02763 2.0
32.0 23.0 23.0 173.57775 43.61116 77.0003 99.0
32.0 23.0 32.0 157.11054 89.0353 58.02763 99.0
32.0 25.0 25.0 182.84188 63.92381 100.31902 12.0
32.0 25.0 32.0 157.11054 89.0353 58.02763 12.0
32.0 31.0 31.0 121.66975 38.93529 36.05689 120.0
32.0 31.0 32.0 157.11054 89.0353 58.02763 120.0
32.0 32.0 32.0 157.11054 89.0353 58.02763 1971.0
32.0 32.0 32.0 157.11054 89.0353 58.02763 1971.0
32.0 35.0 35.0 147.93357 121.07231 95.68194 187.0
32.0 35.0 32.0 157.11054 89.0353 58.02763 187.0
32.0 46.0 46.0 114.56901 130.25384 52.72854 68.0
32.0 46.0 32.0 157.11054 89.0353 58.02763 68.0
33.0 0.0 0.0 55.16256 48.88532 142.00003 59.0
33.0 0.0 33.0 97.16259 49.91679 149.23627 59.0
33.0 4.0 4.0 72.0052 108.38929 139.66294 1.0
33.0 4.0 33.0 97.16259 49.91679 149.23627 1.0
33.0 16.0 16.0 37.12282 39.03577 124.6695 2.0
33.0 16.0 33.0 97.16259 49.91679 149.23627 2.0
33.0 17.0 17.0 122.82339 11.00553 94.56097 1.0
33.0 17.0 33.0 97.16259 49.91679 149.23627 1.0
33.0 24.0 24.0 107.94032 87.24579 149.13886 106.0
33.0 24.0 33.0 97.16259 49.91679 149.23627 106.0
33.0 26.0 26.0 132.14122 45.14307 139.10733 211.0
33.0 26.0 33.0 97.16259 49.91679 149.23627 211.0
33.0 28.0 28.0 84.40747 38.84113 143.0994 335.0
33.0 28.0 33.0 97.16259 49.91679 149.23627 335.0
33.0 29.0 29.0 122.64357 20.56933 121.17895 42.0
33.0 29.0 33.0 97.16259 49.91679 149.23627 42.0
33.0 33.0 33.0 97.16259 49.91679 149.23627 547.0
33.0 33.0 33.0 97.16259 49.91679 149.23627 547.0
33.0 34.0 34.0 128.01341 111.12261 129.6179 1.0
33.0 34.0 33.0 97.16259 49.91679 149.23627 1.0
33.0 36.0 36.0 51.1409 19.46439 119.66546 2.0
33.0 36.0 33.0 97.16259 49.91679 149.23627 2.0
33.0 37.0 37.0 80.27915 11.09742 113.89669 13.0
33.0 37.0 33.0 97.16259 49.91679 149.23627 13.0
33.0 38.0 38.0 88.71713 68.3676 152.60517 302.0
33.0 38.0 33.0 97.16259 49.91679 149.23627 302.0
33.0 42.0 42.0 56.52592 85.22852 144.91454 30.0
33.0 42.0 33.0 97.16259 49.91679 149.23627 30.0
33.0 44.0 44.0 70.09248 22.68482 131.27962 25.0
33.0 44.0 33.0 97.16259 49.91679 149.23627 25.0
33.0 47.0 47.0 164.25039 62.80451 126.10275 2.0
33.0 47.0 33.0 97.16259 49.91679 149.23627 2.0
34.0 4.0 4.0 72.0052 108.38929 139.66294 174.0
34.0 4.0 34.0 128.01341 111.12261 129.6179 174.0
34.0 5.0 5.0 36.16817 130.05302 82.14258 1.0
34.0 5.0 34.0 128.01341 111.12261 129.6179 1.0
34.0 9.0 9.0 78.68589 139.88109 102.71381 124.0
34.0 9.0 34.0 128.01341 111.12261 129.6179 124.0
34.0 12.0 12.0 179.82949 86.28615 84.70232 25.0
34.0 12.0 34.0 128.01341 111.12261 129.6179 25.0
34.0 14.0 14.0 128.32897 115.99995 40.26559 1.0
34.0 14.0 34.0 128.01341 111.12261 129.6179 1.0
34.0 24.0 24.0 107.94032 87.24579 149.13886 549.0
34.0 24.0 34.0 128.01341 111.12261 129.6179 549.0
34.0 25.0 25.0 182.84188 63.92381 100.31902 5.0
34.0 25.0 34.0 128.01341 111.12261 129.6179 5.0
34.0 26.0 26.0 132.14122 45.14307 139.10733 69.0
34.0 26.0 34.0 128.01341 111.12261 129.6179 69.0
34.0 30.0 30.0 88.18286 139.91737 62.5849 14.0
34.0 30.0 34.0 128.01341 111.12261 129.6179 14.0
34.0 32.0 32.0 157.11054 89.0353 58.02763 1.0
34.0 32.0 34.0 128.01341 111.12261 129.6179 1.0
34.0 33.0 33.0 97.16259 49.91679 149.23627 1.0
34.0 33.0 34.0 128.01341 111.12261 129.6179 1.0
34.0 34.0 34.0 128.01341 111.12261 129.6179 3565.0
34.0 34.0 34.0 128.01341 111.12261 129.6179 3565.0
34.0 35.0 35.0 147.93357 121.07231 95.68194 534.0
34.0 35.0 34.0 128.01341 111.12261 129.6179 534.0
34.0 38.0 38.0 88.71713 68.3676 152.60517 8.0
34.0 38.0 34.0 128.01341 111.12261 129.6179 8.0
34.0 41.0 41.0 59.75838 125.99689 122.53649 90.0
34.0 41.0 34.0 128.01341 111.12261 129.6179 90.0
34.0 42.0 42.0 56.52592 85.22852 144.91454 1.0
34.0 42.0 34.0 128.01341 111.12261 129.6179 1.0
34.0 43.0 43.0 101.77627 137.71428 99.1284 323.0
34.0 43.0 34.0 128.01341 111.12261 129.6179 323.0
34.0 46.0 46.0 114.56901 130.25384 52.72854 4.0
34.0 46.0 34.0 128.01341 111.12261 129.6179 4.0
34.0 47.0 47.0 164.25039 62.80451 126.10275 258.0
34.0 47.0 34.0 128.01341 111.12261 129.6179 258.0
35.0 8.0 8.0 108.23357 86.15583 38.64546 3.0
35.0 8.0 35.0 147.93357 121.07231 95.68194 3.0
35.0 9.0 9.0 78.68589 139.88109 102.71381 5.0
35.0 9.0 35.0 147.93357 121.07231 95.68194 5.0
35.0 12.0 12.0 179.82949 86.28615 84.70232 252.0
35.0 12.0 35.0 147.93357 121.07231 95.68194 252.0
35.0 14.0 14.0 128.32897 115.99995 40.26559 75.0
35.0 14.0 35.0 147.93357 121.07231 95.68194 75.0
35.0 24.0 24.0 107.94032 87.24579 149.13886 2.0
35.0 24.0 35.0 147.93357 121.07231 95.68194 2.0
35.0 25.0 25.0 182.84188 63.92381 100.31902 15.0
35.0 25.0 35.0 147.93357 121.07231 95.68194 15.0
35.0 30.0 30.0 88.18286 139.91737 62.5849 138.0
35.0 30.0 35.0 147.93357 121.07231 95.68194 138.0
35.0 32.0 32.0 157.11054 89.0353 58.02763 197.0
35.0 32.0 35.0 147.93357 121.07231 95.68194 197.0
35.0 34.0 34.0 128.01341 111.12261 129.6179 555.0
35.0 34.0 35.0 147.93357 121.07231 95.68194 555.0
35.0 35.0 35.0 147.93357 121.07231 95.68194 2403.0
35.0 35.0 35.0 147.93357 121.07231 95.68194 2403.0
35.0 41.0 41.0 59.75838 125.99689 122.53649 1.0
35.0 41.0 35.0 147.93357 121.07231 95.68194 1.0
35.0 43.0 43.0 101.77627 137.71428 99.1284 183.0
35.0 43.0 35.0 147.93357 121.07231 95.68194 183.0
35.0 46.0 46.0 114.56901 130.25384 52.72854 239.0
35.0 46.0 35.0 147.93357 121.07231 95.68194 239.0
35.0 47.0 47.0 164.25039 62.80451 126.10275 59.0
35.0 47.0 35.0 147.93357 121.07231 95.68194 59.0
36.0 0.0 0.0 55.16256 48.88532 142.00003 101.0
36.0 0.0 36.0 51.1409 19.46439 119.66546 101.0
36.0 2.0 2.0 27.21352 25.51713 87.66334 107.0
36.0 2.0 36.0 51.1409 19.46439 119.66546 107.0
36.0 3.0 3.0 83.13487 3.83751 88.07262 42.0
36.0 3.0 36.0 51.1409 19.46439 119.66546 42.0
36.0 8.0 8.0 108.23357 86.15583 38.64546 1.0
36.0 8.0 36.0 51.1409 19.46439 119.66546 1.0
36.0 10.0 10.0 97.08963 3.95919 60.95198 1.0
36.0 10.0 36.0 51.1409 19.46439 119.66546 1.0
36.0 11.0 11.0 48.53056 14.14689 56.38927 16.0
36.0 11.0 36.0 51.1409 19.46439 119.66546 16.0
36.0 16.0 16.0 37.12282 39.03577 124.6695 231.0
36.0 16.0 36.0 51.1409 19.46439 119.66546 231.0
36.0 22.0 22.0 25.08441 79.98411 119.45802 2.0
36.0 22.0 36.0 51.1409 19.46439 119.66546 2.0
36.0 27.0 27.0 18.70755 45.41638 103.76646 16.0
36.0 27.0 36.0 51.1409 19.46439 119.66546 16.0
36.0 28.0 28.0 84.40747 38.84113 143.0994 9.0
36.0 28.0 36.0 51.1409 19.46439 119.66546 9.0
36.0 33.0 33.0 97.16259 49.91679 149.23627 1.0
36.0 33.0 36.0 51.1409 19.46439 119.66546 1.0
36.0 36.0 36.0 51.1409 19.46439 119.66546 290.0
36.0 36.0 36.0 51.1409 19.46439 119.66546 290.0
36.0 37.0 37.0 80.27915 11.09742 113.89669 189.0
36.0 37.0 36.0 51.1409 19.46439 119.66546 189.0
36.0 44.0 44.0 70.09248 22.68482 131.27962 175.0
36.0 44.0 36.0 51.1409 19.46439 119.66546 175.0
37.0 0.0 0.0 55.16256 48.88532 142.00003 13.0
37.0 0.0 37.0 80.27915 11.09742 113.89669 13.0
37.0 2.0 2.0 27.21352 25.51713 87.66334 72.0
37.0 2.0 37.0 80.27915 11.09742 113.89669 72.0
37.0 3.0 3.0 83.13487 3.83751 88.07262 512.0
37.0 3.0 37.0 80.27915 11.09742 113.89669 512.0
37.0 10.0 10.0 97.08963 3.95919 60.95198 9.0
37.0 10.0 37.0 80.27915 11.09742 113.89669 9.0
37.0 11.0 11.0 48.53056 14.14689 56.38927 49.0
37.0 11.0 37.0 80.27915 11.09742 113.89669 49.0
37.0 16.0 16.0 37.12282 39.03577 124.6695 42.0
37.0 16.0 37.0 80.27915 11.09742 113.89669 42.0
37.0 17.0 17.0 122.82339 11.00553 94.56097 127.0
37.0 17.0 37.0 80.27915 11.09742 113.89669 127.0
37.0 19.0 19.0 66.31497 15.95707 45.08044 3.0
37.0 19.0 37.0 80.27915 11.09742 113.89669 3.0
37.0 26.0 26.0 132.14122 45.14307 139.10733 22.0
37.0 26.0 37.0 80.27915 11.09742 113.89669 22.0
37.0 27.0 27.0 18.70755 45.41638 103.76646 5.0
37.0 27.0 37.0 80.27915 11.09742 113.89669 5.0
37.0 28.0 28.0 84.40747 38.84113 143.0994 154.0
37.0 28.0 37.0 80.27915 11.09742 113.89669 154.0
37.0 29.0 29.0 122.64357 20.56933 121.17895 250.0
37.0 29.0 37.0 80.27915 11.09742 113.89669 250.0
37.0 33.0 33.0 97.16259 49.91679 149.23627 22.0
37.0 33.0 37.0 80.27915 11.09742 113.89669 22.0
37.0 36.0 36.0 51.1409 19.46439 119.66546 181.0
37.0 36.0 37.0 80.27915 11.09742 113.89669 181.0
37.0 37.0 37.0 80.27915 11.09742 113.89669 1640.0
37.0 37.0 37.0 80.27915 11.09742 113.89669 1640.0
37.0 38.0 38.0 88.71713 68.3676 152.60517 1.0
37.0 38.0 37.0 80.27915 11.09742 113.89669 1.0
37.0 44.0 44.0 70.09248 22.68482 131.27962 294.0
37.0 44.0 37.0 80.27915 11.09742 113.89669 294.0
38.0 0.0 0.0 55.16256 48.88532 142.00003 84.0
38.0 0.0 38.0 88.71713 68.3676 152.60517 84.0
38.0 2.0 2.0 27.21352 25.51713 87.66334 1.0
38.0 2.0 38.0 88.71713 68.3676 152.60517 1.0
38.0 4.0 4.0 72.0052 108.38929 139.66294 50.0
38.0 4.0 38.0 88.71713 68.3676 152.60517 50.0
38.0 16.0 16.0 37.12282 39.03577 124.6695 2.0
38.0 16.0 38.0 88.71713 68.3676 152.60517 2.0
38.0 22.0 22.0 25.08441 79.98411 119.45802 7.0
38.0 22.0 38.0 88.71713 68.3676 152.60517 7.0
38.0 24.0 24.0 107.94032 87.24579 149.13886 414.0
38.0 24.0 38.0 88.71713 68.3676 152.60517 414.0
38.0 26.0 26.0 132.14122 45.14307 139.10733 73.0
38.0 26.0 38.0 88.71713 68.3676 152.60517 73.0
38.0 28.0 28.0 84.40747 38.84113 143.0994 135.0
38.0 28.0 38.0 88.71713 68.3676 152.60517 135.0
38.0 29.0 29.0 122.64357 20.56933 121.17895 1.0
38.0 29.0 38.0 88.71713 68.3676 152.60517 1.0
38.0 33.0 33.0 97.16259 49.91679 149.23627 336.0
38.0 33.0 38.0 88.71713 68.3676 152.60517 336.0
38.0 34.0 34.0 128.01341 111.12261 129.6179 10.0
38.0 34.0 38.0 88.71713 68.3676 152.60517 10.0
38.0 36.0 36.0 51.1409 19.46439 119.66546 1.0
38.0 36.0 38.0 88.71713 68.3676 152.60517 1.0
38.0 38.0 38.0 88.71713 68.3676 152.60517 642.0
38.0 38.0 38.0 88.71713 68.3676 152.60517 642.0
38.0 42.0 42.0 56.52592 85.22852 144.91454 232.0
38.0 42.0 38.0 88.71713 68.3676 152.60517 232.0
38.0 44.0 44.0 70.09248 22.68482 131.27962 4.0
38.0 44.0 38.0 88.71713 68.3676 152.60517 4.0
39.0 1.0 1.0 66.33457 89.38209 7.44508 56.0
39.0 1.0 39.0 21.77941 50.1235 32.83169 56.0
39.0 2.0 2.0 27.21352 25.51713 87.66334 36.0
39.0 2.0 39.0 21.77941 50.1235 32.83169 36.0
39.0 5.0 5.0 36.16817 130.05302 82.14258 1.0
39.0 5.0 39.0 21.77941 50.1235 32.83169 1.0
39.0 6.0 6.0 5.47886 84.75696 74.42378 329.0
39.0 6.0 39.0 21.77941 50.1235 32.83169 329.0
39.0 8.0 8.0 108.23357 86.15583 38.64546 1.0
39.0 8.0 39.0 21.77941 50.1235 32.83169 1.0
39.0 11.0 11.0 48.53056 14.14689 56.38927 178.0
39.0 11.0 39.0 21.77941 50.1235 32.83169 178.0
39.0 13.0 13.0 21.84971 31.08223 56.41824 393.0
39.0 13.0 39.0 21.77941 50.1235 32.83169 393.0
39.0 19.0 19.0 66.31497 15.95707 45.08044 50.0
39.0 19.0 39.0 21.77941 50.1235 32.83169 50.0
39.0 20.0 20.0 84.76636 53.71963 22.02573 104.0
39.0 20.0 39.0 21.77941 50.1235 32.83169 104.0
39.0 21.0 21.0 28.28851 78.1544 19.27823 432.0
39.0 21.0 39.0 21.77941 50.1235 32.83169 432.0
39.0 27.0 27.0 18.70755 45.41638 103.76646 5.0
39.0 27.0 39.0 21.77941 50.1235 32.83169 5.0
39.0 39.0 39.0 21.77941 50.1235 32.83169 2108.0
39.0 39.0 39.0 21.77941 50.1235 32.83169 2108.0
39.0 40.0 40.0 83.23487 23.59318 42.36975 7.0
39.0 40.0 39.0 21.77941 50.1235 32.83169 7.0
39.0 45.0 45.0 35.17087 116.37998 28.53697 16.0
39.0 45.0 39.0 21.77941 50.1235 32.83169 16.0
40.0 1.0 1.0 66.33457 89.38209 7.44508 2.0
40.0 1.0 40.0 83.23487 23.59318 42.36975 2.0
40.0 3.0 3.0 83.13487 3.83751 88.07262 30.0
40.0 3.0 40.0 83.23487 23.59318 42.36975 30.0
40.0 7.0 7.0 121.69208 13.4498 56.89312 54.0
40.0 7.0 40.0 83.23487 23.59318 42.36975 54.0
40.0 8.0 8.0 108.23357 86.15583 38.64546 4.0
40.0 8.0 40.0 83.23487 23.59318 42.36975 4.0
40.0 10.0 10.0 97.08963 3.95919 60.95198 265.0
40.0 10.0 40.0 83.23487 23.59318 42.36975 265.0
40.0 11.0 11.0 48.53056 14.14689 56.38927 108.0
40.0 11.0 40.0 83.23487 23.59318 42.36975 108.0
40.0 13.0 13.0 21.84971 31.08223 56.41824 2.0
40.0 13.0 40.0 83.23487 23.59318 42.36975 2.0
40.0 15.0 15.0 145.15599 26.60349 64.68007 1.0
40.0 15.0 40.0 83.23487 23.59318 42.36975 1.0
40.0 17.0 17.0 122.82339 11.00553 94.56097 1.0
40.0 17.0 40.0 83.23487 23.59318 42.36975 1.0
40.0 19.0 19.0 66.31497 15.95707 45.08044 311.0
40.0 19.0 40.0 83.23487 23.59318 42.36975 311.0
40.0 20.0 20.0 84.76636 53.71963 22.02573 379.0
40.0 20.0 40.0 83.23487 23.59318 42.36975 379.0
40.0 21.0 21.0 28.28851 78.1544 19.27823 2.0
40.0 21.0 40.0 83.23487 23.59318 42.36975 2.0
40.0 31.0 31.0 121.66975 38.93529 36.05689 225.0
40.0 31.0 40.0 83.23487 23.59318 42.36975 225.0
40.0 39.0 39.0 21.77941 50.1235 32.83169 4.0
40.0 39.0 40.0 83.23487 23.59318 42.36975 4.0
40.0 40.0 40.0 83.23487 23.59318 42.36975 883.0
40.0 40.0 40.0 83.23487 23.59318 42.36975 883.0
41.0 4.0 4.0 72.0052 108.38929 139.66294 577.0
41.0 4.0 41.0 59.75838 125.99689 122.53649 577.0
41.0 5.0 5.0 36.16817 130.05302 82.14258 456.0
41.0 5.0 41.0 59.75838 125.99689 122.53649 456.0
41.0 6.0 6.0 5.47886 84.75696 74.42378 3.0
41.0 6.0 41.0 59.75838 125.99689 122.53649 3.0
41.0 9.0 9.0 78.68589 139.88109 102.71381 436.0
41.0 9.0 41.0 59.75838 125.99689 122.53649 436.0
41.0 22.0 22.0 25.08441 79.98411 119.45802 132.0
41.0 22.0 41.0 59.75838 125.99689 122.53649 132.0
41.0 24.0 24.0 107.94032 87.24579 149.13886 16.0
41.0 24.0 41.0 59.75838 125.99689 122.53649 16.0
41.0 30.0 30.0 88.18286 139.91737 62.5849 6.0
41.0 30.0 41.0 59.75838 125.99689 122.53649 6.0
41.0 34.0 34.0 128.01341 111.12261 129.6179 87.0
41.0 34.0 41.0 59.75838 125.99689 122.53649 87.0
41.0 41.0 41.0 59.75838 125.99689 122.53649 1889.0
41.0 41.0 41.0 59.75838 125.99689 122.53649 1889.0
41.0 42.0 42.0 56.52592 85.22852 144.91454 86.0
41.0 42.0 41.0 59.75838 125.99689 122.53649 86.0
41.0 43.0 43.0 101.77627 137.71428 99.1284 70.0
41.0 43.0 41.0 59.75838 125.99689 122.53649 70.0
42.0 0.0 0.0 55.16256 48.88532 142.00003 192.0
42.0 0.0 42.0 56.52592 85.22852 144.91454 192.0
42.0 4.0 4.0 72.0052 108.38929 139.66294 442.0
42.0 4.0 42.0 56.52592 85.22852 144.91454 442.0
42.0 5.0 5.0 36.16817 130.05302 82.14258 13.0
42.0 5.0 42.0 56.52592 85.22852 144.91454 13.0
42.0 7.0 7.0 121.69208 13.4498 56.89312 1.0
42.0 7.0 42.0 56.52592 85.22852 144.91454 1.0
42.0 16.0 16.0 37.12282 39.03577 124.6695 34.0
42.0 16.0 42.0 56.52592 85.22852 144.91454 34.0
42.0 22.0 22.0 25.08441 79.98411 119.45802 334.0
42.0 22.0 42.0 56.52592 85.22852 144.91454 334.0
42.0 24.0 24.0 107.94032 87.24579 149.13886 100.0
42.0 24.0 42.0 56.52592 85.22852 144.91454 100.0
42.0 28.0 28.0 84.40747 38.84113 143.0994 37.0
42.0 28.0 42.0 56.52592 85.22852 144.91454 37.0
42.0 33.0 33.0 97.16259 49.91679 149.23627 37.0
42.0 33.0 42.0 56.52592 85.22852 144.91454 37.0
42.0 34.0 34.0 128.01341 111.12261 129.6179 1.0
42.0 34.0 42.0 56.52592 85.22852 144.91454 1.0
42.0 36.0 36.0 51.1409 19.46439 119.66546 1.0
42.0 36.0 42.0 56.52592 85.22852 144.91454 1.0
42.0 37.0 37.0 80.27915 11.09742 113.89669 1.0
42.0 37.0 42.0 56.52592 85.22852 144.91454 1.0
42.0 38.0 38.0 88.71713 68.3676 152.60517 232.0
42.0 38.0 42.0 56.52592 85.22852 144.91454 232.0
42.0 41.0 41.0 59.75838 125.99689 122.53649 87.0
42.0 41.0 42.0 56.52592 85.22852 144.91454 87.0
42.0 42.0 42.0 56.52592 85.22852 144.91454 1186.0
42.0 42.0 42.0 56.52592 85.22852 144.91454 1186.0
43.0 4.0 4.0 72.0052 108.38929 139.66294 11.0
43.0 4.0 43.0 101.77627 137.71428 99.1284 11.0
43.0 5.0 5.0 36.16817 130.05302 82.14258 15.0
43.0 5.0 43.0 101.77627 137.71428 99.1284 15.0
43.0 9.0 9.0 78.68589 139.88109 102.71381 431.0
43.0 9.0 43.0 101.77627 137.71428 99.1284 431.0
43.0 24.0 24.0 107.94032 87.24579 149.13886 4.0
43.0 24.0 43.0 101.77627 137.71428 99.1284 4.0
43.0 30.0 30.0 88.18286 139.91737 62.5849 458.0
43.0 30.0 43.0 101.77627 137.71428 99.1284 458.0
43.0 34.0 34.0 128.01341 111.12261 129.6179 307.0
43.0 34.0 43.0 101.77627 137.71428 99.1284 307.0
43.0 35.0 35.0 147.93357 121.07231 95.68194 175.0
43.0 35.0 43.0 101.77627 137.71428 99.1284 175.0
43.0 41.0 41.0 59.75838 125.99689 122.53649 69.0
43.0 41.0 43.0 101.77627 137.71428 99.1284 69.0
43.0 43.0 43.0 101.77627 137.71428 99.1284 952.0
43.0 43.0 43.0 101.77627 137.71428 99.1284 952.0
43.0 45.0 45.0 35.17087 116.37998 28.53697 1.0
43.0 45.0 43.0 101.77627 137.71428 99.1284 1.0
43.0 46.0 46.0 114.56901 130.25384 52.72854 40.0
43.0 46.0 43.0 101.77627 137.71428 99.1284 40.0
44.0 0.0 0.0 55.16256 48.88532 142.00003 158.0
44.0 0.0 44.0 70.09248 22.68482 131.27962 158.0
44.0 2.0 2.0 27.21352 25.51713 87.66334 8.0
44.0 2.0 44.0 70.09248 22.68482 131.27962 8.0
44.0 3.0 3.0 83.13487 3.83751 88.07262 13.0
44.0 3.0 44.0 70.09248 22.68482 131.27962 13.0
44.0 16.0 16.0 37.12282 39.03577 124.6695 51.0
44.0 16.0 44.0 70.09248 22.68482 131.27962 51.0
44.0 22.0 22.0 25.08441 79.98411 119.45802 1.0
44.0 22.0 44.0 70.09248 22.68482 131.27962 1.0
44.0 24.0 24.0 107.94032 87.24579 149.13886 1.0
44.0 24.0 44.0 70.09248 22.68482 131.27962 1.0
44.0 26.0 26.0 132.14122 45.14307 139.10733 2.0
44.0 26.0 44.0 70.09248 22.68482 131.27962 2.0
44.0 27.0 27.0 18.70755 45.41638 103.76646 2.0
44.0 27.0 44.0 70.09248 22.68482 131.27962 2.0
44.0 28.0 28.0 84.40747 38.84113 143.0994 168.0
44.0 28.0 44.0 70.09248 22.68482 131.27962 168.0
44.0 29.0 29.0 122.64357 20.56933 121.17895 20.0
44.0 29.0 44.0 70.09248 22.68482 131.27962 20.0
44.0 33.0 33.0 97.16259 49.91679 149.23627 21.0
44.0 33.0 44.0 70.09248 22.68482 131.27962 21.0
44.0 36.0 36.0 51.1409 19.46439 119.66546 162.0
44.0 36.0 44.0 70.09248 22.68482 131.27962 162.0
44.0 37.0 37.0 80.27915 11.09742 113.89669 305.0
44.0 37.0 44.0 70.09248 22.68482 131.27962 305.0
44.0 38.0 38.0 88.71713 68.3676 152.60517 5.0
44.0 38.0 44.0 70.09248 22.68482 131.27962 5.0
44.0 40.0 40.0 83.23487 23.59318 42.36975 1.0
44.0 40.0 44.0 70.09248 22.68482 131.27962 1.0
44.0 42.0 42.0 56.52592 85.22852 144.91454 1.0
44.0 42.0 44.0 70.09248 22.68482 131.27962 1.0
44.0 44.0 44.0 70.09248 22.68482 131.27962 370.0
44.0 44.0 44.0 70.09248 22.68482 131.27962 370.0
45.0 1.0 1.0 66.33457 89.38209 7.44508 404.0
45.0 1.0 45.0 35.17087 116.37998 28.53697 404.0
45.0 5.0 5.0 36.16817 130.05302 82.14258 440.0
45.0 5.0 45.0 35.17087 116.37998 28.53697 440.0
45.0 6.0 6.0 5.47886 84.75696 74.42378 200.0
45.0 6.0 45.0 35.17087 116.37998 28.53697 200.0
45.0 8.0 8.0 108.23357 86.15583 38.64546 28.0
45.0 8.0 45.0 35.17087 116.37998 28.53697 28.0
45.0 14.0 14.0 128.32897 115.99995 40.26559 1.0
45.0 14.0 45.0 35.17087 116.37998 28.53697 1.0
45.0 21.0 21.0 28.28851 78.1544 19.27823 417.0
45.0 21.0 45.0 35.17087 116.37998 28.53697 417.0
45.0 30.0 30.0 88.18286 139.91737 62.5849 184.0
45.0 30.0 45.0 35.17087 116.37998 28.53697 184.0
45.0 39.0 39.0 21.77941 50.1235 32.83169 15.0
45.0 39.0 45.0 35.17087 116.37998 28.53697 15.0
45.0 45.0 45.0 35.17087 116.37998 28.53697 2799.0
45.0 45.0 45.0 35.17087 116.37998 28.53697 2799.0
45.0 46.0 46.0 114.56901 130.25384 52.72854 9.0
45.0 46.0 45.0 35.17087 116.37998 28.53697 9.0
46.0 1.0 1.0 66.33457 89.38209 7.44508 23.0
46.0 1.0 46.0 114.56901 130.25384 52.72854 23.0
46.0 5.0 5.0 36.16817 130.05302 82.14258 1.0
46.0 5.0 46.0 114.56901 130.25384 52.72854 1.0
46.0 8.0 8.0 108.23357 86.15583 38.64546 221.0
46.0 8.0 46.0 114.56901 130.25384 52.72854 221.0
46.0 9.0 9.0 78.68589 139.88109 102.71381 1.0
46.0 9.0 46.0 114.56901 130.25384 52.72854 1.0
46.0 12.0 12.0 179.82949 86.28615 84.70232 2.0
46.0 12.0 46.0 114.56901 130.25384 52.72854 2.0
46.0 14.0 14.0 128.32897 115.99995 40.26559 573.0
46.0 14.0 46.0 114.56901 130.25384 52.72854 573.0
46.0 30.0 30.0 88.18286 139.91737 62.5849 718.0
46.0 30.0 46.0 114.56901 130.25384 52.72854 718.0
46.0 32.0 32.0 157.11054 89.0353 58.02763 61.0
46.0 32.0 46.0 114.56901 130.25384 52.72854 61.0
46.0 34.0 34.0 128.01341 111.12261 129.6179 4.0
46.0 34.0 46.0 114.56901 130.25384 52.72854 4.0
46.0 35.0 35.0 147.93357 121.07231 95.68194 244.0
46.0 35.0 46.0 114.56901 130.25384 52.72854 244.0
46.0 43.0 43.0 101.77627 137.71428 99.1284 26.0
46.0 43.0 46.0 114.56901 130.25384 52.72854 26.0
46.0 45.0 45.0 35.17087 116.37998 28.53697 8.0
46.0 45.0 46.0 114.56901 130.25384 52.72854 8.0
46.0 46.0 46.0 114.56901 130.25384 52.72854 1434.0
46.0 46.0 46.0 114.56901 130.25384 52.72854 1434.0
47.0 12.0 12.0 179.82949 86.28615 84.70232 104.0
47.0 12.0 47.0 164.25039 62.80451 126.10275 104.0
47.0 15.0 15.0 145.15599 26.60349 64.68007 2.0
47.0 15.0 47.0 164.25039 62.80451 126.10275 2.0
47.0 17.0 17.0 122.82339 11.00553 94.56097 7.0
47.0 17.0 47.0 164.25039 62.80451 126.10275 7.0
47.0 18.0 18.0 159.16456 24.79633 93.80211 149.0
47.0 18.0 47.0 164.25039 62.80451 126.10275 149.0
47.0 23.0 23.0 173.57775 43.61116 77.0003 85.0
47.0 23.0 47.0 164.25039 62.80451 126.10275 85.0
47.0 24.0 24.0 107.94032 87.24579 149.13886 54.0
47.0 24.0 47.0 164.25039 62.80451 126.10275 54.0
47.0 25.0 25.0 182.84188 63.92381 100.31902 245.0
47.0 25.0 47.0 164.25039 62.80451 126.10275 245.0
47.0 26.0 26.0 132.14122 45.14307 139.10733 414.0
47.0 26.0 47.0 164.25039 62.80451 126.10275 414.0
47.0 29.0 29.0 122.64357 20.56933 121.17895 50.0
47.0 29.0 47.0 164.25039 62.80451 126.10275 50.0
47.0 33.0 33.0 97.16259 49.91679 149.23627 1.0
47.0 33.0 47.0 164.25039 62.80451 126.10275 1.0
47.0 34.0 34.0 128.01341 111.12261 129.6179 266.0
47.0 34.0 47.0 164.25039 62.80451 126.10275 266.0
47.0 35.0 35.0 147.93357 121.07231 95.68194 81.0
47.0 35.0 47.0 164.25039 62.80451 126.10275 81.0
47.0 37.0 37.0 80.27915 11.09742 113.89669 1.0
47.0 37.0 47.0 164.25039 62.80451 126.10275 1.0
47.0 38.0 38.0 88.71713 68.3676 152.60517 1.0
47.0 38.0 47.0 164.25039 62.80451 126.10275 1.0
47.0 47.0 47.0 164.25039 62.80451 126.10275 1852.0
47.0 47.0 47.0 164.25039 62.80451 126.10275 1852.0
