TargetArea SourceArea Area AvgPosX AvgPosY AvgPosZ SumWeights
0.0 0.0 0.0 55.11019 48.89347 141.97378 3881.0
0.0 0.0 0.0 55.11019 48.89347 141.97378 3881.0
0.0 2.0 2.0 27.39724 25.34124 87.73495 10.0
0.0 2.0 0.0 55.11019 48.89347 141.97378 10.0
0.0 3.0 3.0 83.17648 3.82948 88.02063 1.0
0.0 3.0 0.0 55.11019 48.89347 141.97378 1.0
0.0 4.0 4.0 72.08945 108.38128 139.68315 16.0
0.0 4.0 0.0 55.11019 48.89347 141.97378 16.0
0.0 5.0 5.0 36.15104 130.03121 82.26307 1.0
0.0 5.0 0.0 55.11019 48.89347 141.97378 1.0
0.0 16.0 16.0 37.097 39.04933 124.66808 1423.0
0.0 16.0 0.0 55.11019 48.89347 141.97378 1423.0
0.0 22.0 22.0 25.10632 80.04502 119.47887 579.0
0.0 22.0 0.0 55.11019 48.89347 141.97378 579.0
0.0 24.0 24.0 107.93431 87.1816 149.14753 17.0
0.0 24.0 0.0 55.11019 48.89347 141.97378 17.0
0.0 27.0 27.0 18.73653 45.32181 103.74268 39.0
0.0 27.0 0.0 55.11019 48.89347 141.97378 39.0
0.0 28.0 28.0 84.36936 38.94089 143.14642 1156.0
0.0 28.0 0.0 55.11019 48.89347 141.97378 1156.0
0.0 29.0 29.0 122.71502 20.59442 121.17423 1.0
0.0 29.0 0.0 55.11019 48.89347 141.97378 1.0
0.0 33.0 33.0 97.18254 49.92531 149.23314 265.0
0.0 33.0 0.0 55.11019 48.89347 141.97378 265.0
0.0 36.0 36.0 51.1918 19.49583 119.70805 477.0
0.0 36.0 0.0 55.11019 48.89347 141.97378 477.0
0.0 37.0 37.0 80.31003 11.08976 113.87916 82.0
0.0 37.0 0.0 55.11019 48.89347 141.97378 82.0
0.0 38.0 38.0 88.80133 68.39314 152.61687 407.0
0.0 38.0 0.0 55.11019 48.89347 141.97378 407.0
0.0 41.0 41.0 59.88205 126.07046 122.49229 1.0
0.0 41.0 0.0 55.11019 48.89347 141.97378 1.0
0.0 42.0 42.0 56.59555 85.206 144.94607 930.0
0.0 42.0 0.0 55.11019 48.89347 141.97378 930.0
0.0 44.0 44.0 70.22125 22.72921 131.34547 589.0
0.0 44.0 0.0 55.11019 48.89347 141.97378 589.0
1.0 1.0 1.0 66.24541 89.25035 7.4744 11104.0
1.0 1.0 1.0 66.24541 89.25035 7.4744 11104.0
1.0 5.0 5.0 36.15104 130.03121 82.26307 15.0
1.0 5.0 1.0 66.24541 89.25035 7.4744 15.0
1.0 6.0 6.0 5.47571 84.78388 74.4031 1.0
1.0 6.0 1.0 66.24541 89.25035 7.4744 1.0
1.0 8.0 8.0 108.23053 85.9694 38.69883 1667.0
1.0 8.0 1.0 66.24541 89.25035 7.4744 1667.0
1.0 11.0 11.0 48.53035 14.07021 56.63297 15.0
1.0 11.0 1.0 66.24541 89.25035 7.4744 15.0
1.0 13.0 13.0 21.81704 31.1258 56.4156 1.0
1.0 13.0 1.0 66.24541 89.25035 7.4744 1.0
1.0 14.0 14.0 128.34297 116.04653 40.30268 54.0
1.0 14.0 1.0 66.24541 89.25035 7.4744 54.0
1.0 19.0 19.0 66.41546 15.76449 45.42167 24.0
1.0 19.0 1.0 66.24541 89.25035 7.4744 24.0
1.0 20.0 20.0 85.1157 53.75855 22.31377 2137.0
1.0 20.0 1.0 66.24541 89.25035 7.4744 2137.0
1.0 21.0 21.0 28.32175 78.08051 19.27109 1472.0
1.0 21.0 1.0 66.24541 89.25035 7.4744 1472.0
1.0 30.0 30.0 88.44748 139.92799 62.74495 354.0
1.0 30.0 1.0 66.24541 89.25035 7.4744 354.0
1.0 31.0 31.0 121.58422 38.99709 36.05154 3.0
1.0 31.0 1.0 66.24541 89.25035 7.4744 3.0
1.0 39.0 39.0 21.78037 50.15327 32.82538 249.0
1.0 39.0 1.0 66.24541 89.25035 7.4744 249.0
1.0 40.0 40.0 83.2984 23.51872 42.40517 17.0
1.0 40.0 1.0 66.24541 89.25035 7.4744 17.0
1.0 45.0 45.0 35.0428 116.35338 28.60271 1796.0
1.0 45.0 1.0 66.24541 89.25035 7.4744 1796.0
1.0 46.0 46.0 114.58593 130.24321 52.7751 150.0
1.0 46.0 1.0 66.24541 89.25035 7.4744 150.0
2.0 0.0 0.0 55.11019 48.89347 141.97378 10.0
2.0 0.0 2.0 27.39724 25.34124 87.73495 10.0
2.0 2.0 2.0 27.39724 25.34124 87.73495 6695.0
2.0 2.0 2.0 27.39724 25.34124 87.73495 6695.0
2.0 3.0 3.0 83.17648 3.82948 88.02063 297.0
2.0 3.0 2.0 27.39724 25.34124 87.73495 297.0
2.0 6.0 6.0 5.47571 84.78388 74.4031 438.0
2.0 6.0 2.0 27.39724 25.34124 87.73495 438.0
2.0 10.0 10.0 97.03292 3.90756 61.10838 1.0
2.0 10.0 2.0 27.39724 25.34124 87.73495 1.0
2.0 11.0 11.0 48.53035 14.07021 56.63297 1345.0
2.0 11.0 2.0 27.39724 25.34124 87.73495 1345.0
2.0 13.0 13.0 21.81704 31.1258 56.4156 1361.0
2.0 13.0 2.0 27.39724 25.34124 87.73495 1361.0
2.0 16.0 16.0 37.097 39.04933 124.66808 724.0
2.0 16.0 2.0 27.39724 25.34124 87.73495 724.0
2.0 19.0 19.0 66.41546 15.76449 45.42167 8.0
2.0 19.0 2.0 27.39724 25.34124 87.73495 8.0
2.0 20.0 20.0 85.1157 53.75855 22.31377 1.0
2.0 20.0 2.0 27.39724 25.34124 87.73495 1.0
2.0 21.0 21.0 28.32175 78.08051 19.27109 1.0
2.0 21.0 2.0 27.39724 25.34124 87.73495 1.0
2.0 22.0 22.0 25.10632 80.04502 119.47887 79.0
2.0 22.0 2.0 27.39724 25.34124 87.73495 79.0
2.0 27.0 27.0 18.73653 45.32181 103.74268 1642.0
2.0 27.0 2.0 27.39724 25.34124 87.73495 1642.0
2.0 28.0 28.0 84.36936 38.94089 143.14642 1.0
2.0 28.0 2.0 27.39724 25.34124 87.73495 1.0
2.0 36.0 36.0 51.1918 19.49583 119.70805 534.0
2.0 36.0 2.0 27.39724 25.34124 87.73495 534.0
2.0 37.0 37.0 80.31003 11.08976 113.87916 443.0
2.0 37.0 2.0 27.39724 25.34124 87.73495 443.0
2.0 39.0 39.0 21.78037 50.15327 32.82538 163.0
2.0 39.0 2.0 27.39724 25.34124 87.73495 163.0
2.0 44.0 44.0 70.22125 22.72921 131.34547 33.0
2.0 44.0 2.0 27.39724 25.34124 87.73495 33.0
3.0 2.0 2.0 27.39724 25.34124 87.73495 295.0
3.0 2.0 3.0 83.17648 3.82948 88.02063 295.0
3.0 3.0 3.0 83.17648 3.82948 88.02063 7183.0
3.0 3.0 3.0 83.17648 3.82948 88.02063 7183.0
3.0 7.0 7.0 121.65642 13.42903 56.95836 226.0
3.0 7.0 3.0 83.17648 3.82948 88.02063 226.0
3.0 10.0 10.0 97.03292 3.90756 61.10838 1618.0
3.0 10.0 3.0 83.17648 3.82948 88.02063 1618.0
3.0 11.0 11.0 48.53035 14.07021 56.63297 1111.0
3.0 11.0 3.0 83.17648 3.82948 88.02063 1111.0
3.0 13.0 13.0 21.81704 31.1258 56.4156 6.0
3.0 13.0 3.0 83.17648 3.82948 88.02063 6.0
3.0 15.0 15.0 145.10546 26.56708 64.68557 16.0
3.0 15.0 3.0 83.17648 3.82948 88.02063 16.0
3.0 16.0 16.0 37.097 39.04933 124.66808 11.0
3.0 16.0 3.0 83.17648 3.82948 88.02063 11.0
3.0 17.0 17.0 122.80535 11.00568 94.57554 1182.0
3.0 17.0 3.0 83.17648 3.82948 88.02063 1182.0
3.0 18.0 18.0 159.24643 24.85186 93.88697 1.0
3.0 18.0 3.0 83.17648 3.82948 88.02063 1.0
3.0 19.0 19.0 66.41546 15.76449 45.42167 414.0
3.0 19.0 3.0 83.17648 3.82948 88.02063 414.0
3.0 26.0 26.0 132.12982 45.13105 139.10855 1.0
3.0 26.0 3.0 83.17648 3.82948 88.02063 1.0
3.0 27.0 27.0 18.73653 45.32181 103.74268 1.0
3.0 27.0 3.0 83.17648 3.82948 88.02063 1.0
3.0 28.0 28.0 84.36936 38.94089 143.14642 10.0
3.0 28.0 3.0 83.17648 3.82948 88.02063 10.0
3.0 29.0 29.0 122.71502 20.59442 121.17423 230.0
3.0 29.0 3.0 83.17648 3.82948 88.02063 230.0
3.0 31.0 31.0 121.58422 38.99709 36.05154 2.0
3.0 31.0 3.0 83.17648 3.82948 88.02063 2.0
3.0 36.0 36.0 51.1918 19.49583 119.70805 135.0
3.0 36.0 3.0 83.17648 3.82948 88.02063 135.0
3.0 37.0 37.0 80.31003 11.08976 113.87916 2538.0
3.0 37.0 3.0 83.17648 3.82948 88.02063 2538.0
3.0 40.0 40.0 83.2984 23.51872 42.40517 137.0
3.0 40.0 3.0 83.17648 3.82948 88.02063 137.0
3.0 44.0 44.0 70.22125 22.72921 131.34547 60.0
3.0 44.0 3.0 83.17648 3.82948 88.02063 60.0
4.0 0.0 0.0 55.11019 48.89347 141.97378 13.0
4.0 0.0 4.0 72.08945 108.38128 139.68315 13.0
4.0 4.0 4.0 72.08945 108.38128 139.68315 6688.0
4.0 4.0 4.0 72.08945 108.38128 139.68315 6688.0
4.0 5.0 5.0 36.15104 130.03121 82.26307 87.0
4.0 5.0 4.0 72.08945 108.38128 139.68315 87.0
4.0 6.0 6.0 5.47571 84.78388 74.4031 2.0
4.0 6.0 4.0 72.08945 108.38128 139.68315 2.0
4.0 9.0 9.0 78.59667 139.93552 102.59274 266.0
4.0 9.0 4.0 72.08945 108.38128 139.68315 266.0
4.0 16.0 16.0 37.097 39.04933 124.66808 1.0
4.0 16.0 4.0 72.08945 108.38128 139.68315 1.0
4.0 22.0 22.0 25.10632 80.04502 119.47887 467.0
4.0 22.0 4.0 72.08945 108.38128 139.68315 467.0
4.0 24.0 24.0 107.93431 87.1816 149.14753 1512.0
4.0 24.0 4.0 72.08945 108.38128 139.68315 1512.0
4.0 28.0 28.0 84.36936 38.94089 143.14642 5.0
4.0 28.0 4.0 72.08945 108.38128 139.68315 5.0
4.0 33.0 33.0 97.18254 49.92531 149.23314 8.0
4.0 33.0 4.0 72.08945 108.38128 139.68315 8.0
4.0 34.0 34.0 127.85647 111.2036 129.60018 871.0
4.0 34.0 4.0 72.08945 108.38128 139.68315 871.0
4.0 35.0 35.0 147.84225 121.1188 95.66827 1.0
4.0 35.0 4.0 72.08945 108.38128 139.68315 1.0
4.0 38.0 38.0 88.80133 68.39314 152.61687 219.0
4.0 38.0 4.0 72.08945 108.38128 139.68315 219.0
4.0 41.0 41.0 59.88205 126.07046 122.49229 2706.0
4.0 41.0 4.0 72.08945 108.38128 139.68315 2706.0
4.0 42.0 42.0 56.59555 85.206 144.94607 2093.0
4.0 42.0 4.0 72.08945 108.38128 139.68315 2093.0
4.0 43.0 43.0 101.75649 137.70855 99.18286 76.0
4.0 43.0 4.0 72.08945 108.38128 139.68315 76.0
4.0 45.0 45.0 35.0428 116.35338 28.60271 1.0
4.0 45.0 4.0 72.08945 108.38128 139.68315 1.0
5.0 1.0 1.0 66.24541 89.25035 7.4744 15.0
5.0 1.0 5.0 36.15104 130.03121 82.26307 15.0
5.0 4.0 4.0 72.08945 108.38128 139.68315 98.0
5.0 4.0 5.0 36.15104 130.03121 82.26307 98.0
5.0 5.0 5.0 36.15104 130.03121 82.26307 21558.0
5.0 5.0 5.0 36.15104 130.03121 82.26307 21558.0
5.0 6.0 6.0 5.47571 84.78388 74.4031 2013.0
5.0 6.0 5.0 36.15104 130.03121 82.26307 2013.0
5.0 8.0 8.0 108.23053 85.9694 38.69883 2.0
5.0 8.0 5.0 36.15104 130.03121 82.26307 2.0
5.0 9.0 9.0 78.59667 139.93552 102.59274 1404.0
5.0 9.0 5.0 36.15104 130.03121 82.26307 1404.0
5.0 21.0 21.0 28.32175 78.08051 19.27109 17.0
5.0 21.0 5.0 36.15104 130.03121 82.26307 17.0
5.0 22.0 22.0 25.10632 80.04502 119.47887 1191.0
5.0 22.0 5.0 36.15104 130.03121 82.26307 1191.0
5.0 30.0 30.0 88.44748 139.92799 62.74495 1687.0
5.0 30.0 5.0 36.15104 130.03121 82.26307 1687.0
5.0 41.0 41.0 59.88205 126.07046 122.49229 2250.0
5.0 41.0 5.0 36.15104 130.03121 82.26307 2250.0
5.0 42.0 42.0 56.59555 85.206 144.94607 35.0
5.0 42.0 5.0 36.15104 130.03121 82.26307 35.0
5.0 43.0 43.0 101.75649 137.70855 99.18286 77.0
5.0 43.0 5.0 36.15104 130.03121 82.26307 77.0
5.0 45.0 45.0 35.0428 116.35338 28.60271 1952.0
5.0 45.0 5.0 36.15104 130.03121 82.26307 1952.0
5.0 46.0 46.0 114.58593 130.24321 52.7751 11.0
5.0 46.0 5.0 36.15104 130.03121 82.26307 11.0
6.0 2.0 2.0 27.39724 25.34124 87.73495 526.0
6.0 2.0 6.0 5.47571 84.78388 74.4031 526.0
6.0 4.0 4.0 72.08945 108.38128 139.68315 3.0
6.0 4.0 6.0 5.47571 84.78388 74.4031 3.0
6.0 5.0 5.0 36.15104 130.03121 82.26307 2007.0
6.0 5.0 6.0 5.47571 84.78388 74.4031 2007.0
6.0 6.0 6.0 5.47571 84.78388 74.4031 15687.0
6.0 6.0 6.0 5.47571 84.78388 74.4031 15687.0
6.0 13.0 13.0 21.81704 31.1258 56.4156 431.0
6.0 13.0 6.0 5.47571 84.78388 74.4031 431.0
6.0 16.0 16.0 37.097 39.04933 124.66808 6.0
6.0 16.0 6.0 5.47571 84.78388 74.4031 6.0
6.0 21.0 21.0 28.32175 78.08051 19.27109 640.0
6.0 21.0 6.0 5.47571 84.78388 74.4031 640.0
6.0 22.0 22.0 25.10632 80.04502 119.47887 2040.0
6.0 22.0 6.0 5.47571 84.78388 74.4031 2040.0
6.0 27.0 27.0 18.73653 45.32181 103.74268 826.0
6.0 27.0 6.0 5.47571 84.78388 74.4031 826.0
6.0 39.0 39.0 21.78037 50.15327 32.82538 1296.0
6.0 39.0 6.0 5.47571 84.78388 74.4031 1296.0
6.0 41.0 41.0 59.88205 126.07046 122.49229 21.0
6.0 41.0 6.0 5.47571 84.78388 74.4031 21.0
6.0 45.0 45.0 35.0428 116.35338 28.60271 981.0
6.0 45.0 6.0 5.47571 84.78388 74.4031 981.0
7.0 3.0 3.0 83.17648 3.82948 88.02063 215.0
7.0 3.0 7.0 121.65642 13.42903 56.95836 215.0
7.0 7.0 7.0 121.65642 13.42903 56.95836 4164.0
7.0 7.0 7.0 121.65642 13.42903 56.95836 4164.0
7.0 8.0 8.0 108.23053 85.9694 38.69883 6.0
7.0 8.0 7.0 121.65642 13.42903 56.95836 6.0
7.0 10.0 10.0 97.03292 3.90756 61.10838 1480.0
7.0 10.0 7.0 121.65642 13.42903 56.95836 1480.0
7.0 15.0 15.0 145.10546 26.56708 64.68557 1500.0
7.0 15.0 7.0 121.65642 13.42903 56.95836 1500.0
7.0 17.0 17.0 122.80535 11.00568 94.57554 815.0
7.0 17.0 7.0 121.65642 13.42903 56.95836 815.0
7.0 18.0 18.0 159.24643 24.85186 93.88697 39.0
7.0 18.0 7.0 121.65642 13.42903 56.95836 39.0
7.0 19.0 19.0 66.41546 15.76449 45.42167 17.0
7.0 19.0 7.0 121.65642 13.42903 56.95836 17.0
7.0 20.0 20.0 85.1157 53.75855 22.31377 31.0
7.0 20.0 7.0 121.65642 13.42903 56.95836 31.0
7.0 23.0 23.0 173.47763 43.53953 77.02 13.0
7.0 23.0 7.0 121.65642 13.42903 56.95836 13.0
7.0 29.0 29.0 122.71502 20.59442 121.17423 13.0
7.0 29.0 7.0 121.65642 13.42903 56.95836 13.0
7.0 31.0 31.0 121.58422 38.99709 36.05154 1593.0
7.0 31.0 7.0 121.65642 13.42903 56.95836 1593.0
7.0 32.0 32.0 157.00704 89.12911 58.0011 1.0
7.0 32.0 7.0 121.65642 13.42903 56.95836 1.0
7.0 37.0 37.0 80.31003 11.08976 113.87916 3.0
7.0 37.0 7.0 121.65642 13.42903 56.95836 3.0
7.0 40.0 40.0 83.2984 23.51872 42.40517 304.0
7.0 40.0 7.0 121.65642 13.42903 56.95836 304.0
8.0 1.0 1.0 66.24541 89.25035 7.4744 1474.0
8.0 1.0 8.0 108.23053 85.9694 38.69883 1474.0
8.0 3.0 3.0 83.17648 3.82948 88.02063 1.0
8.0 3.0 8.0 108.23053 85.9694 38.69883 1.0
8.0 4.0 4.0 72.08945 108.38128 139.68315 1.0
8.0 4.0 8.0 108.23053 85.9694 38.69883 1.0
8.0 5.0 5.0 36.15104 130.03121 82.26307 8.0
8.0 5.0 8.0 108.23053 85.9694 38.69883 8.0
8.0 7.0 7.0 121.65642 13.42903 56.95836 5.0
8.0 7.0 8.0 108.23053 85.9694 38.69883 5.0
8.0 8.0 8.0 108.23053 85.9694 38.69883 28588.0
8.0 8.0 8.0 108.23053 85.9694 38.69883 28588.0
8.0 12.0 12.0 179.81104 86.41599 84.83385 4.0
8.0 12.0 8.0 108.23053 85.9694 38.69883 4.0
8.0 13.0 13.0 21.81704 31.1258 56.4156 1.0
8.0 13.0 8.0 108.23053 85.9694 38.69883 1.0
8.0 14.0 14.0 128.34297 116.04653 40.30268 2679.0
8.0 14.0 8.0 108.23053 85.9694 38.69883 2679.0
8.0 15.0 15.0 145.10546 26.56708 64.68557 42.0
8.0 15.0 8.0 108.23053 85.9694 38.69883 42.0
8.0 20.0 20.0 85.1157 53.75855 22.31377 3013.0
8.0 20.0 8.0 108.23053 85.9694 38.69883 3013.0
8.0 23.0 23.0 173.47763 43.53953 77.02 7.0
8.0 23.0 8.0 108.23053 85.9694 38.69883 7.0
8.0 24.0 24.0 107.93431 87.1816 149.14753 1.0
8.0 24.0 8.0 108.23053 85.9694 38.69883 1.0
8.0 30.0 30.0 88.44748 139.92799 62.74495 594.0
8.0 30.0 8.0 108.23053 85.9694 38.69883 594.0
8.0 31.0 31.0 121.58422 38.99709 36.05154 1782.0
8.0 31.0 8.0 108.23053 85.9694 38.69883 1782.0
8.0 32.0 32.0 157.00704 89.12911 58.0011 1435.0
8.0 32.0 8.0 108.23053 85.9694 38.69883 1435.0
8.0 35.0 35.0 147.84225 121.1188 95.66827 2.0
8.0 35.0 8.0 108.23053 85.9694 38.69883 2.0
8.0 40.0 40.0 83.2984 23.51872 42.40517 21.0
8.0 40.0 8.0 108.23053 85.9694 38.69883 21.0
8.0 41.0 41.0 59.88205 126.07046 122.49229 1.0
8.0 41.0 8.0 108.23053 85.9694 38.69883 1.0
8.0 45.0 45.0 35.0428 116.35338 28.60271 81.0
8.0 45.0 8.0 108.23053 85.9694 38.69883 81.0
8.0 46.0 46.0 114.58593 130.24321 52.7751 1089.0
8.0 46.0 8.0 108.23053 85.9694 38.69883 1089.0
9.0 4.0 4.0 72.08945 108.38128 139.68315 303.0
9.0 4.0 9.0 78.59667 139.93552 102.59274 303.0
9.0 5.0 5.0 36.15104 130.03121 82.26307 1368.0
9.0 5.0 9.0 78.59667 139.93552 102.59274 1368.0
9.0 9.0 9.0 78.59667 139.93552 102.59274 4881.0
9.0 9.0 9.0 78.59667 139.93552 102.59274 4881.0
9.0 22.0 22.0 25.10632 80.04502 119.47887 1.0
9.0 22.0 9.0 78.59667 139.93552 102.59274 1.0
9.0 24.0 24.0 107.93431 87.1816 149.14753 26.0
9.0 24.0 9.0 78.59667 139.93552 102.59274 26.0
9.0 30.0 30.0 88.44748 139.92799 62.74495 1198.0
9.0 30.0 9.0 78.59667 139.93552 102.59274 1198.0
9.0 34.0 34.0 127.85647 111.2036 129.60018 586.0
9.0 34.0 9.0 78.59667 139.93552 102.59274 586.0
9.0 35.0 35.0 147.84225 121.1188 95.66827 19.0
9.0 35.0 9.0 78.59667 139.93552 102.59274 19.0
9.0 41.0 41.0 59.88205 126.07046 122.49229 2133.0
9.0 41.0 9.0 78.59667 139.93552 102.59274 2133.0
9.0 43.0 43.0 101.75649 137.70855 99.18286 2018.0
9.0 43.0 9.0 78.59667 139.93552 102.59274 2018.0
9.0 45.0 45.0 35.0428 116.35338 28.60271 3.0
9.0 45.0 9.0 78.59667 139.93552 102.59274 3.0
9.0 46.0 46.0 114.58593 130.24321 52.7751 1.0
9.0 46.0 9.0 78.59667 139.93552 102.59274 1.0
10.0 2.0 2.0 27.39724 25.34124 87.73495 2.0
10.0 2.0 10.0 97.03292 3.90756 61.10838 2.0
10.0 3.0 3.0 83.17648 3.82948 88.02063 1583.0
10.0 3.0 10.0 97.03292 3.90756 61.10838 1583.0
10.0 7.0 7.0 121.65642 13.42903 56.95836 1476.0
10.0 7.0 10.0 97.03292 3.90756 61.10838 1476.0
10.0 8.0 8.0 108.23053 85.9694 38.69883 1.0
10.0 8.0 10.0 97.03292 3.90756 61.10838 1.0
10.0 10.0 10.0 97.03292 3.90756 61.10838 4191.0
10.0 10.0 10.0 97.03292 3.90756 61.10838 4191.0
10.0 11.0 11.0 48.53035 14.07021 56.63297 186.0
10.0 11.0 10.0 97.03292 3.90756 61.10838 186.0
10.0 15.0 15.0 145.10546 26.56708 64.68557 73.0
10.0 15.0 10.0 97.03292 3.90756 61.10838 73.0
10.0 17.0 17.0 122.80535 11.00568 94.57554 450.0
10.0 17.0 10.0 97.03292 3.90756 61.10838 450.0
10.0 18.0 18.0 159.24643 24.85186 93.88697 2.0
10.0 18.0 10.0 97.03292 3.90756 61.10838 2.0
10.0 19.0 19.0 66.41546 15.76449 45.42167 595.0
10.0 19.0 10.0 97.03292 3.90756 61.10838 595.0
10.0 20.0 20.0 85.1157 53.75855 22.31377 40.0
10.0 20.0 10.0 97.03292 3.90756 61.10838 40.0
10.0 29.0 29.0 122.71502 20.59442 121.17423 5.0
10.0 29.0 10.0 97.03292 3.90756 61.10838 5.0
10.0 31.0 31.0 121.58422 38.99709 36.05154 396.0
10.0 31.0 10.0 97.03292 3.90756 61.10838 396.0
10.0 37.0 37.0 80.31003 11.08976 113.87916 56.0
10.0 37.0 10.0 97.03292 3.90756 61.10838 56.0
10.0 40.0 40.0 83.2984 23.51872 42.40517 1215.0
10.0 40.0 10.0 97.03292 3.90756 61.10838 1215.0
11.0 1.0 1.0 66.24541 89.25035 7.4744 18.0
11.0 1.0 11.0 48.53035 14.07021 56.63297 18.0
11.0 2.0 2.0 27.39724 25.34124 87.73495 1349.0
11.0 2.0 11.0 48.53035 14.07021 56.63297 1349.0
11.0 3.0 3.0 83.17648 3.82948 88.02063 1120.0
11.0 3.0 11.0 48.53035 14.07021 56.63297 1120.0
11.0 6.0 6.0 5.47571 84.78388 74.4031 1.0
11.0 6.0 11.0 48.53035 14.07021 56.63297 1.0
11.0 7.0 7.0 121.65642 13.42903 56.95836 1.0
11.0 7.0 11.0 48.53035 14.07021 56.63297 1.0
11.0 8.0 8.0 108.23053 85.9694 38.69883 1.0
11.0 8.0 11.0 48.53035 14.07021 56.63297 1.0
11.0 10.0 10.0 97.03292 3.90756 61.10838 186.0
11.0 10.0 11.0 48.53035 14.07021 56.63297 186.0
11.0 11.0 11.0 48.53035 14.07021 56.63297 8250.0
11.0 11.0 11.0 48.53035 14.07021 56.63297 8250.0
11.0 13.0 13.0 21.81704 31.1258 56.4156 1506.0
11.0 13.0 11.0 48.53035 14.07021 56.63297 1506.0
11.0 16.0 16.0 37.097 39.04933 124.66808 17.0
11.0 16.0 11.0 48.53035 14.07021 56.63297 17.0
11.0 19.0 19.0 66.41546 15.76449 45.42167 2066.0
11.0 19.0 11.0 48.53035 14.07021 56.63297 2066.0
11.0 20.0 20.0 85.1157 53.75855 22.31377 254.0
11.0 20.0 11.0 48.53035 14.07021 56.63297 254.0
11.0 21.0 21.0 28.32175 78.08051 19.27109 35.0
11.0 21.0 11.0 48.53035 14.07021 56.63297 35.0
11.0 27.0 27.0 18.73653 45.32181 103.74268 10.0
11.0 27.0 11.0 48.53035 14.07021 56.63297 10.0
11.0 31.0 31.0 121.58422 38.99709 36.05154 1.0
11.0 31.0 11.0 48.53035 14.07021 56.63297 1.0
11.0 36.0 36.0 51.1918 19.49583 119.70805 74.0
11.0 36.0 11.0 48.53035 14.07021 56.63297 74.0
11.0 37.0 37.0 80.31003 11.08976 113.87916 255.0
11.0 37.0 11.0 48.53035 14.07021 56.63297 255.0
11.0 39.0 39.0 21.78037 50.15327 32.82538 858.0
11.0 39.0 11.0 48.53035 14.07021 56.63297 858.0
11.0 40.0 40.0 83.2984 23.51872 42.40517 523.0
11.0 40.0 11.0 48.53035 14.07021 56.63297 523.0
11.0 44.0 44.0 70.22125 22.72921 131.34547 3.0
11.0 44.0 11.0 48.53035 14.07021 56.63297 3.0
12.0 8.0 8.0 108.23053 85.9694 38.69883 1.0
12.0 8.0 12.0 179.81104 86.41599 84.83385 1.0
12.0 12.0 12.0 179.81104 86.41599 84.83385 6074.0
12.0 12.0 12.0 179.81104 86.41599 84.83385 6074.0
12.0 14.0 14.0 128.34297 116.04653 40.30268 4.0
12.0 14.0 12.0 179.81104 86.41599 84.83385 4.0
12.0 15.0 15.0 145.10546 26.56708 64.68557 34.0
12.0 15.0 12.0 179.81104 86.41599 84.83385 34.0
12.0 18.0 18.0 159.24643 24.85186 93.88697 15.0
12.0 18.0 12.0 179.81104 86.41599 84.83385 15.0
12.0 23.0 23.0 173.47763 43.53953 77.02 583.0
12.0 23.0 12.0 179.81104 86.41599 84.83385 583.0
12.0 25.0 25.0 182.84024 63.98356 100.30044 1169.0
12.0 25.0 12.0 179.81104 86.41599 84.83385 1169.0
12.0 31.0 31.0 121.58422 38.99709 36.05154 10.0
12.0 31.0 12.0 179.81104 86.41599 84.83385 10.0
12.0 32.0 32.0 157.00704 89.12911 58.0011 1811.0
12.0 32.0 12.0 179.81104 86.41599 84.83385 1811.0
12.0 34.0 34.0 127.85647 111.2036 129.60018 94.0
12.0 34.0 12.0 179.81104 86.41599 84.83385 94.0
12.0 35.0 35.0 147.84225 121.1188 95.66827 1269.0
12.0 35.0 12.0 179.81104 86.41599 84.83385 1269.0
12.0 46.0 46.0 114.58593 130.24321 52.7751 5.0
12.0 46.0 12.0 179.81104 86.41599 84.83385 5.0
12.0 47.0 47.0 164.21764 62.7631 126.09428 459.0
12.0 47.0 12.0 179.81104 86.41599 84.83385 459.0
13.0 2.0 2.0 27.39724 25.34124 87.73495 1386.0
13.0 2.0 13.0 21.81704 31.1258 56.4156 1386.0
13.0 3.0 3.0 83.17648 3.82948 88.02063 5.0
13.0 3.0 13.0 21.81704 31.1258 56.4156 5.0
13.0 6.0 6.0 5.47571 84.78388 74.4031 420.0
13.0 6.0 13.0 21.81704 31.1258 56.4156 420.0
13.0 11.0 11.0 48.53035 14.07021 56.63297 1561.0
13.0 11.0 13.0 21.81704 31.1258 56.4156 1561.0
13.0 13.0 13.0 21.81704 31.1258 56.4156 3865.0
13.0 13.0 13.0 21.81704 31.1258 56.4156 3865.0
13.0 19.0 19.0 66.41546 15.76449 45.42167 79.0
13.0 19.0 13.0 21.81704 31.1258 56.4156 79.0
13.0 20.0 20.0 85.1157 53.75855 22.31377 9.0
13.0 20.0 13.0 21.81704 31.1258 56.4156 9.0
13.0 21.0 21.0 28.32175 78.08051 19.27109 11.0
13.0 21.0 13.0 21.81704 31.1258 56.4156 11.0
13.0 22.0 22.0 25.10632 80.04502 119.47887 2.0
13.0 22.0 13.0 21.81704 31.1258 56.4156 2.0
13.0 27.0 27.0 18.73653 45.32181 103.74268 100.0
13.0 27.0 13.0 21.81704 31.1258 56.4156 100.0
13.0 36.0 36.0 51.1918 19.49583 119.70805 1.0
13.0 36.0 13.0 21.81704 31.1258 56.4156 1.0
13.0 37.0 37.0 80.31003 11.08976 113.87916 2.0
13.0 37.0 13.0 21.81704 31.1258 56.4156 2.0
13.0 39.0 39.0 21.78037 50.15327 32.82538 1740.0
13.0 39.0 13.0 21.81704 31.1258 56.4156 1740.0
13.0 40.0 40.0 83.2984 23.51872 42.40517 3.0
13.0 40.0 13.0 21.81704 31.1258 56.4156 3.0
14.0 1.0 1.0 66.24541 89.25035 7.4744 56.0
14.0 1.0 14.0 128.34297 116.04653 40.30268 56.0
14.0 8.0 8.0 108.23053 85.9694 38.69883 2703.0
14.0 8.0 14.0 128.34297 116.04653 40.30268 2703.0
14.0 12.0 12.0 179.81104 86.41599 84.83385 13.0
14.0 12.0 14.0 128.34297 116.04653 40.30268 13.0
14.0 14.0 14.0 128.34297 116.04653 40.30268 7307.0
14.0 14.0 14.0 128.34297 116.04653 40.30268 7307.0
14.0 20.0 20.0 85.1157 53.75855 22.31377 10.0
14.0 20.0 14.0 128.34297 116.04653 40.30268 10.0
14.0 30.0 30.0 88.44748 139.92799 62.74495 221.0
14.0 30.0 14.0 128.34297 116.04653 40.30268 221.0
14.0 31.0 31.0 121.58422 38.99709 36.05154 5.0
14.0 31.0 14.0 128.34297 116.04653 40.30268 5.0
14.0 32.0 32.0 157.00704 89.12911 58.0011 1378.0
14.0 32.0 14.0 128.34297 116.04653 40.30268 1378.0
14.0 35.0 35.0 147.84225 121.1188 95.66827 343.0
14.0 35.0 14.0 128.34297 116.04653 40.30268 343.0
14.0 43.0 43.0 101.75649 137.70855 99.18286 2.0
14.0 43.0 14.0 128.34297 116.04653 40.30268 2.0
14.0 46.0 46.0 114.58593 130.24321 52.7751 2939.0
14.0 46.0 14.0 128.34297 116.04653 40.30268 2939.0
15.0 3.0 3.0 83.17648 3.82948 88.02063 19.0
15.0 3.0 15.0 145.10546 26.56708 64.68557 19.0
15.0 7.0 7.0 121.65642 13.42903 56.95836 1570.0
15.0 7.0 15.0 145.10546 26.56708 64.68557 1570.0
15.0 8.0 8.0 108.23053 85.9694 38.69883 84.0
15.0 8.0 15.0 145.10546 26.56708 64.68557 84.0
15.0 10.0 10.0 97.03292 3.90756 61.10838 73.0
15.0 10.0 15.0 145.10546 26.56708 64.68557 73.0
15.0 12.0 12.0 179.81104 86.41599 84.83385 32.0
15.0 12.0 15.0 145.10546 26.56708 64.68557 32.0
15.0 15.0 15.0 145.10546 26.56708 64.68557 5163.0
15.0 15.0 15.0 145.10546 26.56708 64.68557 5163.0
15.0 17.0 17.0 122.80535 11.00568 94.57554 927.0
15.0 17.0 15.0 145.10546 26.56708 64.68557 927.0
15.0 18.0 18.0 159.24643 24.85186 93.88697 1017.0
15.0 18.0 15.0 145.10546 26.56708 64.68557 1017.0
15.0 23.0 23.0 173.47763 43.53953 77.02 767.0
15.0 23.0 15.0 145.10546 26.56708 64.68557 767.0
15.0 25.0 25.0 182.84024 63.98356 100.30044 7.0
15.0 25.0 15.0 145.10546 26.56708 64.68557 7.0
15.0 26.0 26.0 132.12982 45.13105 139.10855 7.0
15.0 26.0 15.0 145.10546 26.56708 64.68557 7.0
15.0 29.0 29.0 122.71502 20.59442 121.17423 55.0
15.0 29.0 15.0 145.10546 26.56708 64.68557 55.0
15.0 31.0 31.0 121.58422 38.99709 36.05154 1371.0
15.0 31.0 15.0 145.10546 26.56708 64.68557 1371.0
15.0 32.0 32.0 157.00704 89.12911 58.0011 351.0
15.0 32.0 15.0 145.10546 26.56708 64.68557 351.0
15.0 37.0 37.0 80.31003 11.08976 113.87916 2.0
15.0 37.0 15.0 145.10546 26.56708 64.68557 2.0
15.0 40.0 40.0 83.2984 23.51872 42.40517 3.0
15.0 40.0 15.0 145.10546 26.56708 64.68557 3.0
15.0 47.0 47.0 164.21764 62.7631 126.09428 10.0
15.0 47.0 15.0 145.10546 26.56708 64.68557 10.0
16.0 0.0 0.0 55.11019 48.89347 141.97378 1425.0
16.0 0.0 16.0 37.097 39.04933 124.66808 1425.0
16.0 2.0 2.0 27.39724 25.34124 87.73495 720.0
16.0 2.0 16.0 37.097 39.04933 124.66808 720.0
16.0 3.0 3.0 83.17648 3.82948 88.02063 16.0
16.0 3.0 16.0 37.097 39.04933 124.66808 16.0
16.0 4.0 4.0 72.08945 108.38128 139.68315 4.0
16.0 4.0 16.0 37.097 39.04933 124.66808 4.0
16.0 6.0 6.0 5.47571 84.78388 74.4031 8.0
16.0 6.0 16.0 37.097 39.04933 124.66808 8.0
16.0 11.0 11.0 48.53035 14.07021 56.63297 19.0
16.0 11.0 16.0 37.097 39.04933 124.66808 19.0
16.0 13.0 13.0 21.81704 31.1258 56.4156 1.0
16.0 13.0 16.0 37.097 39.04933 124.66808 1.0
16.0 16.0 16.0 37.097 39.04933 124.66808 4309.0
16.0 16.0 16.0 37.097 39.04933 124.66808 4309.0
16.0 22.0 22.0 25.10632 80.04502 119.47887 1258.0
16.0 22.0 16.0 37.097 39.04933 124.66808 1258.0
16.0 23.0 23.0 173.47763 43.53953 77.02 1.0
16.0 23.0 16.0 37.097 39.04933 124.66808 1.0
16.0 26.0 26.0 132.12982 45.13105 139.10855 1.0
16.0 26.0 16.0 37.097 39.04933 124.66808 1.0
16.0 27.0 27.0 18.73653 45.32181 103.74268 1116.0
16.0 27.0 16.0 37.097 39.04933 124.66808 1116.0
16.0 28.0 28.0 84.36936 38.94089 143.14642 42.0
16.0 28.0 16.0 37.097 39.04933 124.66808 42.0
16.0 33.0 33.0 97.18254 49.92531 149.23314 5.0
16.0 33.0 16.0 37.097 39.04933 124.66808 5.0
16.0 36.0 36.0 51.1918 19.49583 119.70805 1043.0
16.0 36.0 16.0 37.097 39.04933 124.66808 1043.0
16.0 37.0 37.0 80.31003 11.08976 113.87916 169.0
16.0 37.0 16.0 37.097 39.04933 124.66808 169.0
16.0 38.0 38.0 88.80133 68.39314 152.61687 13.0
16.0 38.0 16.0 37.097 39.04933 124.66808 13.0
16.0 42.0 42.0 56.59555 85.206 144.94607 181.0
16.0 42.0 16.0 37.097 39.04933 124.66808 181.0
16.0 44.0 44.0 70.22125 22.72921 131.34547 235.0
16.0 44.0 16.0 37.097 39.04933 124.66808 235.0
17.0 3.0 3.0 83.17648 3.82948 88.02063 1203.0
17.0 3.0 17.0 122.80535 11.00568 94.57554 1203.0
17.0 7.0 7.0 121.65642 13.42903 56.95836 850.0
17.0 7.0 17.0 122.80535 11.00568 94.57554 850.0
17.0 10.0 10.0 97.03292 3.90756 61.10838 483.0
17.0 10.0 17.0 122.80535 11.00568 94.57554 483.0
17.0 15.0 15.0 145.10546 26.56708 64.68557 976.0
17.0 15.0 17.0 122.80535 11.00568 94.57554 976.0
17.0 17.0 17.0 122.80535 11.00568 94.57554 5070.0
17.0 17.0 17.0 122.80535 11.00568 94.57554 5070.0
17.0 18.0 18.0 159.24643 24.85186 93.88697 608.0
17.0 18.0 17.0 122.80535 11.00568 94.57554 608.0
17.0 19.0 19.0 66.41546 15.76449 45.42167 2.0
17.0 19.0 17.0 122.80535 11.00568 94.57554 2.0
17.0 23.0 23.0 173.47763 43.53953 77.02 9.0
17.0 23.0 17.0 122.80535 11.00568 94.57554 9.0
17.0 26.0 26.0 132.12982 45.13105 139.10855 80.0
17.0 26.0 17.0 122.80535 11.00568 94.57554 80.0
17.0 28.0 28.0 84.36936 38.94089 143.14642 14.0
17.0 28.0 17.0 122.80535 11.00568 94.57554 14.0
17.0 29.0 29.0 122.71502 20.59442 121.17423 1542.0
17.0 29.0 17.0 122.80535 11.00568 94.57554 1542.0
17.0 31.0 31.0 121.58422 38.99709 36.05154 7.0
17.0 31.0 17.0 122.80535 11.00568 94.57554 7.0
17.0 33.0 33.0 97.18254 49.92531 149.23314 1.0
17.0 33.0 17.0 122.80535 11.00568 94.57554 1.0
17.0 37.0 37.0 80.31003 11.08976 113.87916 500.0
17.0 37.0 17.0 122.80535 11.00568 94.57554 500.0
17.0 40.0 40.0 83.2984 23.51872 42.40517 2.0
17.0 40.0 17.0 122.80535 11.00568 94.57554 2.0
17.0 44.0 44.0 70.22125 22.72921 131.34547 3.0
17.0 44.0 17.0 122.80535 11.00568 94.57554 3.0
17.0 45.0 45.0 35.0428 116.35338 28.60271 1.0
17.0 45.0 17.0 122.80535 11.00568 94.57554 1.0
17.0 47.0 47.0 164.21764 62.7631 126.09428 21.0
17.0 47.0 17.0 122.80535 11.00568 94.57554 21.0
18.0 3.0 3.0 83.17648 3.82948 88.02063 1.0
18.0 3.0 18.0 159.24643 24.85186 93.88697 1.0
18.0 7.0 7.0 121.65642 13.42903 56.95836 35.0
18.0 7.0 18.0 159.24643 24.85186 93.88697 35.0
18.0 10.0 10.0 97.03292 3.90756 61.10838 1.0
18.0 10.0 18.0 159.24643 24.85186 93.88697 1.0
18.0 12.0 12.0 179.81104 86.41599 84.83385 10.0
18.0 12.0 18.0 159.24643 24.85186 93.88697 10.0
18.0 15.0 15.0 145.10546 26.56708 64.68557 1122.0
18.0 15.0 18.0 159.24643 24.85186 93.88697 1122.0
18.0 17.0 17.0 122.80535 11.00568 94.57554 667.0
18.0 17.0 18.0 159.24643 24.85186 93.88697 667.0
18.0 18.0 18.0 159.24643 24.85186 93.88697 3297.0
18.0 18.0 18.0 159.24643 24.85186 93.88697 3297.0
18.0 23.0 23.0 173.47763 43.53953 77.02 984.0
18.0 23.0 18.0 159.24643 24.85186 93.88697 984.0
18.0 25.0 25.0 182.84024 63.98356 100.30044 107.0
18.0 25.0 18.0 159.24643 24.85186 93.88697 107.0
18.0 26.0 26.0 132.12982 45.13105 139.10855 228.0
18.0 26.0 18.0 159.24643 24.85186 93.88697 228.0
18.0 29.0 29.0 122.71502 20.59442 121.17423 579.0
18.0 29.0 18.0 159.24643 24.85186 93.88697 579.0
18.0 31.0 31.0 121.58422 38.99709 36.05154 9.0
18.0 31.0 18.0 159.24643 24.85186 93.88697 9.0
18.0 32.0 32.0 157.00704 89.12911 58.0011 8.0
18.0 32.0 18.0 159.24643 24.85186 93.88697 8.0
18.0 37.0 37.0 80.31003 11.08976 113.87916 1.0
18.0 37.0 18.0 159.24643 24.85186 93.88697 1.0
18.0 47.0 47.0 164.21764 62.7631 126.09428 663.0
18.0 47.0 18.0 159.24643 24.85186 93.88697 663.0
19.0 1.0 1.0 66.24541 89.25035 7.4744 22.0
19.0 1.0 19.0 66.41546 15.76449 45.42167 22.0
19.0 2.0 2.0 27.39724 25.34124 87.73495 13.0
19.0 2.0 19.0 66.41546 15.76449 45.42167 13.0
19.0 3.0 3.0 83.17648 3.82948 88.02063 433.0
19.0 3.0 19.0 66.41546 15.76449 45.42167 433.0
19.0 7.0 7.0 121.65642 13.42903 56.95836 13.0
19.0 7.0 19.0 66.41546 15.76449 45.42167 13.0
19.0 8.0 8.0 108.23053 85.9694 38.69883 1.0
19.0 8.0 19.0 66.41546 15.76449 45.42167 1.0
19.0 10.0 10.0 97.03292 3.90756 61.10838 559.0
19.0 10.0 19.0 66.41546 15.76449 45.42167 559.0
19.0 11.0 11.0 48.53035 14.07021 56.63297 1895.0
19.0 11.0 19.0 66.41546 15.76449 45.42167 1895.0
19.0 13.0 13.0 21.81704 31.1258 56.4156 64.0
19.0 13.0 19.0 66.41546 15.76449 45.42167 64.0
19.0 17.0 17.0 122.80535 11.00568 94.57554 1.0
19.0 17.0 19.0 66.41546 15.76449 45.42167 1.0
19.0 19.0 19.0 66.41546 15.76449 45.42167 2139.0
19.0 19.0 19.0 66.41546 15.76449 45.42167 2139.0
19.0 20.0 20.0 85.1157 53.75855 22.31377 567.0
19.0 20.0 19.0 66.41546 15.76449 45.42167 567.0
19.0 21.0 21.0 28.32175 78.08051 19.27109 16.0
19.0 21.0 19.0 66.41546 15.76449 45.42167 16.0
19.0 31.0 31.0 121.58422 38.99709 36.05154 34.0
19.0 31.0 19.0 66.41546 15.76449 45.42167 34.0
19.0 36.0 36.0 51.1918 19.49583 119.70805 1.0
19.0 36.0 19.0 66.41546 15.76449 45.42167 1.0
19.0 37.0 37.0 80.31003 11.08976 113.87916 21.0
19.0 37.0 19.0 66.41546 15.76449 45.42167 21.0
19.0 39.0 39.0 21.78037 50.15327 32.82538 209.0
19.0 39.0 19.0 66.41546 15.76449 45.42167 209.0
19.0 40.0 40.0 83.2984 23.51872 42.40517 1602.0
19.0 40.0 19.0 66.41546 15.76449 45.42167 1602.0
20.0 1.0 1.0 66.24541 89.25035 7.4744 2032.0
20.0 1.0 20.0 85.1157 53.75855 22.31377 2032.0
20.0 7.0 7.0 121.65642 13.42903 56.95836 11.0
20.0 7.0 20.0 85.1157 53.75855 22.31377 11.0
20.0 8.0 8.0 108.23053 85.9694 38.69883 3158.0
20.0 8.0 20.0 85.1157 53.75855 22.31377 3158.0
20.0 10.0 10.0 97.03292 3.90756 61.10838 27.0
20.0 10.0 20.0 85.1157 53.75855 22.31377 27.0
20.0 11.0 11.0 48.53035 14.07021 56.63297 253.0
20.0 11.0 20.0 85.1157 53.75855 22.31377 253.0
20.0 12.0 12.0 179.81104 86.41599 84.83385 1.0
20.0 12.0 20.0 85.1157 53.75855 22.31377 1.0
20.0 13.0 13.0 21.81704 31.1258 56.4156 9.0
20.0 13.0 20.0 85.1157 53.75855 22.31377 9.0
20.0 14.0 14.0 128.34297 116.04653 40.30268 4.0
20.0 14.0 20.0 85.1157 53.75855 22.31377 4.0
20.0 15.0 15.0 145.10546 26.56708 64.68557 1.0
20.0 15.0 20.0 85.1157 53.75855 22.31377 1.0
20.0 19.0 19.0 66.41546 15.76449 45.42167 528.0
20.0 19.0 20.0 85.1157 53.75855 22.31377 528.0
20.0 20.0 20.0 85.1157 53.75855 22.31377 12298.0
20.0 20.0 20.0 85.1157 53.75855 22.31377 12298.0
20.0 21.0 21.0 28.32175 78.08051 19.27109 243.0
20.0 21.0 20.0 85.1157 53.75855 22.31377 243.0
20.0 31.0 31.0 121.58422 38.99709 36.05154 2052.0
20.0 31.0 20.0 85.1157 53.75855 22.31377 2052.0
20.0 32.0 32.0 157.00704 89.12911 58.0011 6.0
20.0 32.0 20.0 85.1157 53.75855 22.31377 6.0
20.0 39.0 39.0 21.78037 50.15327 32.82538 506.0
20.0 39.0 20.0 85.1157 53.75855 22.31377 506.0
20.0 40.0 40.0 83.2984 23.51872 42.40517 1645.0
20.0 40.0 20.0 85.1157 53.75855 22.31377 1645.0
20.0 45.0 45.0 35.0428 116.35338 28.60271 2.0
20.0 45.0 20.0 85.1157 53.75855 22.31377 2.0
21.0 1.0 1.0 66.24541 89.25035 7.4744 1513.0
21.0 1.0 21.0 28.32175 78.08051 19.27109 1513.0
21.0 5.0 5.0 36.15104 130.03121 82.26307 9.0
21.0 5.0 21.0 28.32175 78.08051 19.27109 9.0
21.0 6.0 6.0 5.47571 84.78388 74.4031 621.0
21.0 6.0 21.0 28.32175 78.08051 19.27109 621.0
21.0 8.0 8.0 108.23053 85.9694 38.69883 3.0
21.0 8.0 21.0 28.32175 78.08051 19.27109 3.0
21.0 11.0 11.0 48.53035 14.07021 56.63297 40.0
21.0 11.0 21.0 28.32175 78.08051 19.27109 40.0
21.0 12.0 12.0 179.81104 86.41599 84.83385 1.0
21.0 12.0 21.0 28.32175 78.08051 19.27109 1.0
21.0 13.0 13.0 21.81704 31.1258 56.4156 7.0
21.0 13.0 21.0 28.32175 78.08051 19.27109 7.0
21.0 19.0 19.0 66.41546 15.76449 45.42167 13.0
21.0 19.0 21.0 28.32175 78.08051 19.27109 13.0
21.0 20.0 20.0 85.1157 53.75855 22.31377 254.0
21.0 20.0 21.0 28.32175 78.08051 19.27109 254.0
21.0 21.0 21.0 28.32175 78.08051 19.27109 6279.0
21.0 21.0 21.0 28.32175 78.08051 19.27109 6279.0
21.0 39.0 39.0 21.78037 50.15327 32.82538 2230.0
21.0 39.0 21.0 28.32175 78.08051 19.27109 2230.0
21.0 40.0 40.0 83.2984 23.51872 42.40517 4.0
21.0 40.0 21.0 28.32175 78.08051 19.27109 4.0
21.0 45.0 45.0 35.0428 116.35338 28.60271 1860.0
21.0 45.0 21.0 28.32175 78.08051 19.27109 1860.0
22.0 0.0 0.0 55.11019 48.89347 141.97378 603.0
22.0 0.0 22.0 25.10632 80.04502 119.47887 603.0
22.0 2.0 2.0 27.39724 25.34124 87.73495 75.0
22.0 2.0 22.0 25.10632 80.04502 119.47887 75.0
22.0 4.0 4.0 72.08945 108.38128 139.68315 450.0
22.0 4.0 22.0 25.10632 80.04502 119.47887 450.0
22.0 5.0 5.0 36.15104 130.03121 82.26307 1192.0
22.0 5.0 22.0 25.10632 80.04502 119.47887 1192.0
22.0 6.0 6.0 5.47571 84.78388 74.4031 1921.0
22.0 6.0 22.0 25.10632 80.04502 119.47887 1921.0
22.0 8.0 8.0 108.23053 85.9694 38.69883 1.0
22.0 8.0 22.0 25.10632 80.04502 119.47887 1.0
22.0 13.0 13.0 21.81704 31.1258 56.4156 5.0
22.0 13.0 22.0 25.10632 80.04502 119.47887 5.0
22.0 16.0 16.0 37.097 39.04933 124.66808 1196.0
22.0 16.0 22.0 25.10632 80.04502 119.47887 1196.0
22.0 22.0 22.0 25.10632 80.04502 119.47887 13782.0
22.0 22.0 22.0 25.10632 80.04502 119.47887 13782.0
22.0 27.0 27.0 18.73653 45.32181 103.74268 1361.0
22.0 27.0 22.0 25.10632 80.04502 119.47887 1361.0
22.0 28.0 28.0 84.36936 38.94089 143.14642 17.0
22.0 28.0 22.0 25.10632 80.04502 119.47887 17.0
22.0 33.0 33.0 97.18254 49.92531 149.23314 2.0
22.0 33.0 22.0 25.10632 80.04502 119.47887 2.0
22.0 36.0 36.0 51.1918 19.49583 119.70805 17.0
22.0 36.0 22.0 25.10632 80.04502 119.47887 17.0
22.0 37.0 37.0 80.31003 11.08976 113.87916 1.0
22.0 37.0 22.0 25.10632 80.04502 119.47887 1.0
22.0 38.0 38.0 88.80133 68.39314 152.61687 31.0
22.0 38.0 22.0 25.10632 80.04502 119.47887 31.0
22.0 41.0 41.0 59.88205 126.07046 122.49229 672.0
22.0 41.0 22.0 25.10632 80.04502 119.47887 672.0
22.0 42.0 42.0 56.59555 85.206 144.94607 1683.0
22.0 42.0 22.0 25.10632 80.04502 119.47887 1683.0
22.0 43.0 43.0 101.75649 137.70855 99.18286 1.0
22.0 43.0 22.0 25.10632 80.04502 119.47887 1.0
22.0 44.0 44.0 70.22125 22.72921 131.34547 2.0
22.0 44.0 22.0 25.10632 80.04502 119.47887 2.0
23.0 7.0 7.0 121.65642 13.42903 56.95836 13.0
23.0 7.0 23.0 173.47763 43.53953 77.02 13.0
23.0 8.0 8.0 108.23053 85.9694 38.69883 6.0
23.0 8.0 23.0 173.47763 43.53953 77.02 6.0
23.0 12.0 12.0 179.81104 86.41599 84.83385 592.0
23.0 12.0 23.0 173.47763 43.53953 77.02 592.0
23.0 15.0 15.0 145.10546 26.56708 64.68557 805.0
23.0 15.0 23.0 173.47763 43.53953 77.02 805.0
23.0 17.0 17.0 122.80535 11.00568 94.57554 8.0
23.0 17.0 23.0 173.47763 43.53953 77.02 8.0
23.0 18.0 18.0 159.24643 24.85186 93.88697 1051.0
23.0 18.0 23.0 173.47763 43.53953 77.02 1051.0
23.0 23.0 23.0 173.47763 43.53953 77.02 3434.0
23.0 23.0 23.0 173.47763 43.53953 77.02 3434.0
23.0 25.0 25.0 182.84024 63.98356 100.30044 777.0
23.0 25.0 23.0 173.47763 43.53953 77.02 777.0
23.0 26.0 26.0 132.12982 45.13105 139.10855 11.0
23.0 26.0 23.0 173.47763 43.53953 77.02 11.0
23.0 29.0 29.0 122.71502 20.59442 121.17423 13.0
23.0 29.0 23.0 173.47763 43.53953 77.02 13.0
23.0 31.0 31.0 121.58422 38.99709 36.05154 130.0
23.0 31.0 23.0 173.47763 43.53953 77.02 130.0
23.0 32.0 32.0 157.00704 89.12911 58.0011 523.0
23.0 32.0 23.0 173.47763 43.53953 77.02 523.0
23.0 37.0 37.0 80.31003 11.08976 113.87916 1.0
23.0 37.0 23.0 173.47763 43.53953 77.02 1.0
23.0 47.0 47.0 164.21764 62.7631 126.09428 340.0
23.0 47.0 23.0 173.47763 43.53953 77.02 340.0
24.0 0.0 0.0 55.11019 48.89347 141.97378 9.0
24.0 0.0 24.0 107.93431 87.1816 149.14753 9.0
24.0 4.0 4.0 72.08945 108.38128 139.68315 1568.0
24.0 4.0 24.0 107.93431 87.1816 149.14753 1568.0
24.0 9.0 9.0 78.59667 139.93552 102.59274 16.0
24.0 9.0 24.0 107.93431 87.1816 149.14753 16.0
24.0 24.0 24.0 107.93431 87.1816 149.14753 9013.0
24.0 24.0 24.0 107.93431 87.1816 149.14753 9013.0
24.0 26.0 26.0 132.12982 45.13105 139.10855 922.0
24.0 26.0 24.0 107.93431 87.1816 149.14753 922.0
24.0 28.0 28.0 84.36936 38.94089 143.14642 38.0
24.0 28.0 24.0 107.93431 87.1816 149.14753 38.0
24.0 30.0 30.0 88.44748 139.92799 62.74495 1.0
24.0 30.0 24.0 107.93431 87.1816 149.14753 1.0
24.0 33.0 33.0 97.18254 49.92531 149.23314 478.0
24.0 33.0 24.0 107.93431 87.1816 149.14753 478.0
24.0 34.0 34.0 127.85647 111.2036 129.60018 2634.0
24.0 34.0 24.0 107.93431 87.1816 149.14753 2634.0
24.0 35.0 35.0 147.84225 121.1188 95.66827 5.0
24.0 35.0 24.0 107.93431 87.1816 149.14753 5.0
24.0 38.0 38.0 88.80133 68.39314 152.61687 1944.0
24.0 38.0 24.0 107.93431 87.1816 149.14753 1944.0
24.0 41.0 41.0 59.88205 126.07046 122.49229 91.0
24.0 41.0 24.0 107.93431 87.1816 149.14753 91.0
24.0 42.0 42.0 56.59555 85.206 144.94607 525.0
24.0 42.0 24.0 107.93431 87.1816 149.14753 525.0
24.0 43.0 43.0 101.75649 137.70855 99.18286 12.0
24.0 43.0 24.0 107.93431 87.1816 149.14753 12.0
24.0 44.0 44.0 70.22125 22.72921 131.34547 2.0
24.0 44.0 24.0 107.93431 87.1816 149.14753 2.0
24.0 47.0 47.0 164.21764 62.7631 126.09428 203.0
24.0 47.0 24.0 107.93431 87.1816 149.14753 203.0
25.0 7.0 7.0 121.65642 13.42903 56.95836 1.0
25.0 7.0 25.0 182.84024 63.98356 100.30044 1.0
25.0 12.0 12.0 179.81104 86.41599 84.83385 1245.0
25.0 12.0 25.0 182.84024 63.98356 100.30044 1245.0
25.0 15.0 15.0 145.10546 26.56708 64.68557 7.0
25.0 15.0 25.0 182.84024 63.98356 100.30044 7.0
25.0 18.0 18.0 159.24643 24.85186 93.88697 119.0
25.0 18.0 25.0 182.84024 63.98356 100.30044 119.0
25.0 23.0 23.0 173.47763 43.53953 77.02 769.0
25.0 23.0 25.0 182.84024 63.98356 100.30044 769.0
25.0 25.0 25.0 182.84024 63.98356 100.30044 2283.0
25.0 25.0 25.0 182.84024 63.98356 100.30044 2283.0
25.0 26.0 26.0 132.12982 45.13105 139.10855 4.0
25.0 26.0 25.0 182.84024 63.98356 100.30044 4.0
25.0 29.0 29.0 122.71502 20.59442 121.17423 1.0
25.0 29.0 25.0 182.84024 63.98356 100.30044 1.0
25.0 32.0 32.0 157.00704 89.12911 58.0011 38.0
25.0 32.0 25.0 182.84024 63.98356 100.30044 38.0
25.0 34.0 34.0 127.85647 111.2036 129.60018 26.0
25.0 34.0 25.0 182.84024 63.98356 100.30044 26.0
25.0 35.0 35.0 147.84225 121.1188 95.66827 88.0
25.0 35.0 25.0 182.84024 63.98356 100.30044 88.0
25.0 46.0 46.0 114.58593 130.24321 52.7751 1.0
25.0 46.0 25.0 182.84024 63.98356 100.30044 1.0
25.0 47.0 47.0 164.21764 62.7631 126.09428 1267.0
25.0 47.0 25.0 182.84024 63.98356 100.30044 1267.0
26.0 0.0 0.0 55.11019 48.89347 141.97378 1.0
26.0 0.0 26.0 132.12982 45.13105 139.10855 1.0
26.0 3.0 3.0 83.17648 3.82948 88.02063 4.0
26.0 3.0 26.0 132.12982 45.13105 139.10855 4.0
26.0 15.0 15.0 145.10546 26.56708 64.68557 1.0
26.0 15.0 26.0 132.12982 45.13105 139.10855 1.0
26.0 17.0 17.0 122.80535 11.00568 94.57554 99.0
26.0 17.0 26.0 132.12982 45.13105 139.10855 99.0
26.0 18.0 18.0 159.24643 24.85186 93.88697 221.0
26.0 18.0 26.0 132.12982 45.13105 139.10855 221.0
26.0 23.0 23.0 173.47763 43.53953 77.02 3.0
26.0 23.0 26.0 132.12982 45.13105 139.10855 3.0
26.0 24.0 24.0 107.93431 87.1816 149.14753 1008.0
26.0 24.0 26.0 132.12982 45.13105 139.10855 1008.0
26.0 25.0 25.0 182.84024 63.98356 100.30044 4.0
26.0 25.0 26.0 132.12982 45.13105 139.10855 4.0
26.0 26.0 26.0 132.12982 45.13105 139.10855 8245.0
26.0 26.0 26.0 132.12982 45.13105 139.10855 8245.0
26.0 28.0 28.0 84.36936 38.94089 143.14642 467.0
26.0 28.0 26.0 132.12982 45.13105 139.10855 467.0
26.0 29.0 29.0 122.71502 20.59442 121.17423 1882.0
26.0 29.0 26.0 132.12982 45.13105 139.10855 1882.0
26.0 33.0 33.0 97.18254 49.92531 149.23314 1113.0
26.0 33.0 26.0 132.12982 45.13105 139.10855 1113.0
26.0 34.0 34.0 127.85647 111.2036 129.60018 293.0
26.0 34.0 26.0 132.12982 45.13105 139.10855 293.0
26.0 35.0 35.0 147.84225 121.1188 95.66827 1.0
26.0 35.0 26.0 132.12982 45.13105 139.10855 1.0
26.0 37.0 37.0 80.31003 11.08976 113.87916 108.0
26.0 37.0 26.0 132.12982 45.13105 139.10855 108.0
26.0 38.0 38.0 88.80133 68.39314 152.61687 408.0
26.0 38.0 26.0 132.12982 45.13105 139.10855 408.0
26.0 44.0 44.0 70.22125 22.72921 131.34547 13.0
26.0 44.0 26.0 132.12982 45.13105 139.10855 13.0
26.0 47.0 47.0 164.21764 62.7631 126.09428 1746.0
26.0 47.0 26.0 132.12982 45.13105 139.10855 1746.0
27.0 0.0 0.0 55.11019 48.89347 141.97378 43.0
27.0 0.0 27.0 18.73653 45.32181 103.74268 43.0
27.0 2.0 2.0 27.39724 25.34124 87.73495 1588.0
27.0 2.0 27.0 18.73653 45.32181 103.74268 1588.0
27.0 3.0 3.0 83.17648 3.82948 88.02063 1.0
27.0 3.0 27.0 18.73653 45.32181 103.74268 1.0
27.0 6.0 6.0 5.47571 84.78388 74.4031 792.0
27.0 6.0 27.0 18.73653 45.32181 103.74268 792.0
27.0 11.0 11.0 48.53035 14.07021 56.63297 20.0
27.0 11.0 27.0 18.73653 45.32181 103.74268 20.0
27.0 13.0 13.0 21.81704 31.1258 56.4156 130.0
27.0 13.0 27.0 18.73653 45.32181 103.74268 130.0
27.0 16.0 16.0 37.097 39.04933 124.66808 1256.0
27.0 16.0 27.0 18.73653 45.32181 103.74268 1256.0
27.0 22.0 22.0 25.10632 80.04502 119.47887 1326.0
27.0 22.0 27.0 18.73653 45.32181 103.74268 1326.0
27.0 27.0 27.0 18.73653 45.32181 103.74268 3356.0
27.0 27.0 27.0 18.73653 45.32181 103.74268 3356.0
27.0 36.0 36.0 51.1918 19.49583 119.70805 78.0
27.0 36.0 27.0 18.73653 45.32181 103.74268 78.0
27.0 37.0 37.0 80.31003 11.08976 113.87916 8.0
27.0 37.0 27.0 18.73653 45.32181 103.74268 8.0
27.0 39.0 39.0 21.78037 50.15327 32.82538 23.0
27.0 39.0 27.0 18.73653 45.32181 103.74268 23.0
27.0 42.0 42.0 56.59555 85.206 144.94607 3.0
27.0 42.0 27.0 18.73653 45.32181 103.74268 3.0
27.0 44.0 44.0 70.22125 22.72921 131.34547 5.0
27.0 44.0 27.0 18.73653 45.32181 103.74268 5.0
28.0 0.0 0.0 55.11019 48.89347 141.97378 1130.0
28.0 0.0 28.0 84.36936 38.94089 143.14642 1130.0
28.0 3.0 3.0 83.17648 3.82948 88.02063 6.0
28.0 3.0 28.0 84.36936 38.94089 143.14642 6.0
28.0 4.0 4.0 72.08945 108.38128 139.68315 4.0
28.0 4.0 28.0 84.36936 38.94089 143.14642 4.0
28.0 5.0 5.0 36.15104 130.03121 82.26307 1.0
28.0 5.0 28.0 84.36936 38.94089 143.14642 1.0
28.0 16.0 16.0 37.097 39.04933 124.66808 35.0
28.0 16.0 28.0 84.36936 38.94089 143.14642 35.0
28.0 17.0 17.0 122.80535 11.00568 94.57554 13.0
28.0 17.0 28.0 84.36936 38.94089 143.14642 13.0
28.0 22.0 22.0 25.10632 80.04502 119.47887 14.0
28.0 22.0 28.0 84.36936 38.94089 143.14642 14.0
28.0 24.0 24.0 107.93431 87.1816 149.14753 34.0
28.0 24.0 28.0 84.36936 38.94089 143.14642 34.0
28.0 26.0 26.0 132.12982 45.13105 139.10855 399.0
28.0 26.0 28.0 84.36936 38.94089 143.14642 399.0
28.0 28.0 28.0 84.36936 38.94089 143.14642 3171.0
28.0 28.0 28.0 84.36936 38.94089 143.14642 3171.0
28.0 29.0 29.0 122.71502 20.59442 121.17423 482.0
28.0 29.0 28.0 84.36936 38.94089 143.14642 482.0
28.0 33.0 33.0 97.18254 49.92531 149.23314 1631.0
28.0 33.0 28.0 84.36936 38.94089 143.14642 1631.0
28.0 36.0 36.0 51.1918 19.49583 119.70805 77.0
28.0 36.0 28.0 84.36936 38.94089 143.14642 77.0
28.0 37.0 37.0 80.31003 11.08976 113.87916 719.0
28.0 37.0 28.0 84.36936 38.94089 143.14642 719.0
28.0 38.0 38.0 88.80133 68.39314 152.61687 604.0
28.0 38.0 28.0 84.36936 38.94089 143.14642 604.0
28.0 42.0 42.0 56.59555 85.206 144.94607 183.0
28.0 42.0 28.0 84.36936 38.94089 143.14642 183.0
28.0 44.0 44.0 70.22125 22.72921 131.34547 966.0
28.0 44.0 28.0 84.36936 38.94089 143.14642 966.0
29.0 0.0 0.0 55.11019 48.89347 141.97378 3.0
29.0 0.0 29.0 122.71502 20.59442 121.17423 3.0
29.0 3.0 3.0 83.17648 3.82948 88.02063 221.0
29.0 3.0 29.0 122.71502 20.59442 121.17423 221.0
29.0 7.0 7.0 121.65642 13.42903 56.95836 12.0
29.0 7.0 29.0 122.71502 20.59442 121.17423 12.0
29.0 10.0 10.0 97.03292 3.90756 61.10838 5.0
29.0 10.0 29.0 122.71502 20.59442 121.17423 5.0
29.0 15.0 15.0 145.10546 26.56708 64.68557 60.0
29.0 15.0 29.0 122.71502 20.59442 121.17423 60.0
29.0 17.0 17.0 122.80535 11.00568 94.57554 1636.0
29.0 17.0 29.0 122.71502 20.59442 121.17423 1636.0
29.0 18.0 18.0 159.24643 24.85186 93.88697 498.0
29.0 18.0 29.0 122.71502 20.59442 121.17423 498.0
29.0 23.0 23.0 173.47763 43.53953 77.02 11.0
29.0 23.0 29.0 122.71502 20.59442 121.17423 11.0
29.0 24.0 24.0 107.93431 87.1816 149.14753 1.0
29.0 24.0 29.0 122.71502 20.59442 121.17423 1.0
29.0 25.0 25.0 182.84024 63.98356 100.30044 2.0
29.0 25.0 29.0 122.71502 20.59442 121.17423 2.0
29.0 26.0 26.0 132.12982 45.13105 139.10855 1856.0
29.0 26.0 29.0 122.71502 20.59442 121.17423 1856.0
29.0 28.0 28.0 84.36936 38.94089 143.14642 487.0
29.0 28.0 29.0 122.71502 20.59442 121.17423 487.0
29.0 29.0 29.0 122.71502 20.59442 121.17423 4847.0
29.0 29.0 29.0 122.71502 20.59442 121.17423 4847.0
29.0 33.0 33.0 97.18254 49.92531 149.23314 183.0
29.0 33.0 29.0 122.71502 20.59442 121.17423 183.0
29.0 37.0 37.0 80.31003 11.08976 113.87916 1216.0
29.0 37.0 29.0 122.71502 20.59442 121.17423 1216.0
29.0 38.0 38.0 88.80133 68.39314 152.61687 5.0
29.0 38.0 29.0 122.71502 20.59442 121.17423 5.0
29.0 44.0 44.0 70.22125 22.72921 131.34547 90.0
29.0 44.0 29.0 122.71502 20.59442 121.17423 90.0
29.0 46.0 46.0 114.58593 130.24321 52.7751 1.0
29.0 46.0 29.0 122.71502 20.59442 121.17423 1.0
29.0 47.0 47.0 164.21764 62.7631 126.09428 230.0
29.0 47.0 29.0 122.71502 20.59442 121.17423 230.0
30.0 1.0 1.0 66.24541 89.25035 7.4744 315.0
30.0 1.0 30.0 88.44748 139.92799 62.74495 315.0
30.0 2.0 2.0 27.39724 25.34124 87.73495 1.0
30.0 2.0 30.0 88.44748 139.92799 62.74495 1.0
30.0 5.0 5.0 36.15104 130.03121 82.26307 1663.0
30.0 5.0 30.0 88.44748 139.92799 62.74495 1663.0
30.0 8.0 8.0 108.23053 85.9694 38.69883 583.0
30.0 8.0 30.0 88.44748 139.92799 62.74495 583.0
30.0 9.0 9.0 78.59667 139.93552 102.59274 1132.0
30.0 9.0 30.0 88.44748 139.92799 62.74495 1132.0
30.0 14.0 14.0 128.34297 116.04653 40.30268 235.0
30.0 14.0 30.0 88.44748 139.92799 62.74495 235.0
30.0 23.0 23.0 173.47763 43.53953 77.02 1.0
30.0 23.0 30.0 88.44748 139.92799 62.74495 1.0
30.0 30.0 30.0 88.44748 139.92799 62.74495 14932.0
30.0 30.0 30.0 88.44748 139.92799 62.74495 14932.0
30.0 32.0 32.0 157.00704 89.12911 58.0011 2.0
30.0 32.0 30.0 88.44748 139.92799 62.74495 2.0
30.0 34.0 34.0 127.85647 111.2036 129.60018 78.0
30.0 34.0 30.0 88.44748 139.92799 62.74495 78.0
30.0 35.0 35.0 147.84225 121.1188 95.66827 731.0
30.0 35.0 30.0 88.44748 139.92799 62.74495 731.0
30.0 41.0 41.0 59.88205 126.07046 122.49229 21.0
30.0 41.0 30.0 88.44748 139.92799 62.74495 21.0
30.0 43.0 43.0 101.75649 137.70855 99.18286 2230.0
30.0 43.0 30.0 88.44748 139.92799 62.74495 2230.0
30.0 45.0 45.0 35.0428 116.35338 28.60271 735.0
30.0 45.0 30.0 88.44748 139.92799 62.74495 735.0
30.0 46.0 46.0 114.58593 130.24321 52.7751 3415.0
30.0 46.0 30.0 88.44748 139.92799 62.74495 3415.0
31.0 1.0 1.0 66.24541 89.25035 7.4744 1.0
31.0 1.0 31.0 121.58422 38.99709 36.05154 1.0
31.0 3.0 3.0 83.17648 3.82948 88.02063 1.0
31.0 3.0 31.0 121.58422 38.99709 36.05154 1.0
31.0 7.0 7.0 121.65642 13.42903 56.95836 1633.0
31.0 7.0 31.0 121.58422 38.99709 36.05154 1633.0
31.0 8.0 8.0 108.23053 85.9694 38.69883 2001.0
31.0 8.0 31.0 121.58422 38.99709 36.05154 2001.0
31.0 10.0 10.0 97.03292 3.90756 61.10838 399.0
31.0 10.0 31.0 121.58422 38.99709 36.05154 399.0
31.0 11.0 11.0 48.53035 14.07021 56.63297 2.0
31.0 11.0 31.0 121.58422 38.99709 36.05154 2.0
31.0 12.0 12.0 179.81104 86.41599 84.83385 7.0
31.0 12.0 31.0 121.58422 38.99709 36.05154 7.0
31.0 14.0 14.0 128.34297 116.04653 40.30268 3.0
31.0 14.0 31.0 121.58422 38.99709 36.05154 3.0
31.0 15.0 15.0 145.10546 26.56708 64.68557 1372.0
31.0 15.0 31.0 121.58422 38.99709 36.05154 1372.0
31.0 17.0 17.0 122.80535 11.00568 94.57554 4.0
31.0 17.0 31.0 121.58422 38.99709 36.05154 4.0
31.0 18.0 18.0 159.24643 24.85186 93.88697 9.0
31.0 18.0 31.0 121.58422 38.99709 36.05154 9.0
31.0 19.0 19.0 66.41546 15.76449 45.42167 24.0
31.0 19.0 31.0 121.58422 38.99709 36.05154 24.0
31.0 20.0 20.0 85.1157 53.75855 22.31377 2139.0
31.0 20.0 31.0 121.58422 38.99709 36.05154 2139.0
31.0 23.0 23.0 173.47763 43.53953 77.02 118.0
31.0 23.0 31.0 121.58422 38.99709 36.05154 118.0
31.0 31.0 31.0 121.58422 38.99709 36.05154 11981.0
31.0 31.0 31.0 121.58422 38.99709 36.05154 11981.0
31.0 32.0 32.0 157.00704 89.12911 58.0011 557.0
31.0 32.0 31.0 121.58422 38.99709 36.05154 557.0
31.0 40.0 40.0 83.2984 23.51872 42.40517 1048.0
31.0 40.0 31.0 121.58422 38.99709 36.05154 1048.0
31.0 45.0 45.0 35.0428 116.35338 28.60271 1.0
31.0 45.0 31.0 121.58422 38.99709 36.05154 1.0
32.0 7.0 7.0 121.65642 13.42903 56.95836 7.0
32.0 7.0 32.0 157.00704 89.12911 58.0011 7.0
32.0 8.0 8.0 108.23053 85.9694 38.69883 1657.0
32.0 8.0 32.0 157.00704 89.12911 58.0011 1657.0
32.0 12.0 12.0 179.81104 86.41599 84.83385 1731.0
32.0 12.0 32.0 157.00704 89.12911 58.0011 1731.0
32.0 14.0 14.0 128.34297 116.04653 40.30268 1512.0
32.0 14.0 32.0 157.00704 89.12911 58.0011 1512.0
32.0 15.0 15.0 145.10546 26.56708 64.68557 385.0
32.0 15.0 32.0 157.00704 89.12911 58.0011 385.0
32.0 18.0 18.0 159.24643 24.85186 93.88697 7.0
32.0 18.0 32.0 157.00704 89.12911 58.0011 7.0
32.0 20.0 20.0 85.1157 53.75855 22.31377 8.0
32.0 20.0 32.0 157.00704 89.12911 58.0011 8.0
32.0 23.0 23.0 173.47763 43.53953 77.02 476.0
32.0 23.0 32.0 157.00704 89.12911 58.0011 476.0
32.0 25.0 25.0 182.84024 63.98356 100.30044 48.0
32.0 25.0 32.0 157.00704 89.12911 58.0011 48.0
32.0 30.0 30.0 88.44748 139.92799 62.74495 4.0
32.0 30.0 32.0 157.00704 89.12911 58.0011 4.0
32.0 31.0 31.0 121.58422 38.99709 36.05154 595.0
32.0 31.0 32.0 157.00704 89.12911 58.0011 595.0
32.0 32.0 32.0 157.00704 89.12911 58.0011 9459.0
32.0 32.0 32.0 157.00704 89.12911 58.0011 9459.0
32.0 35.0 35.0 147.84225 121.1188 95.66827 942.0
32.0 35.0 32.0 157.00704 89.12911 58.0011 942.0
32.0 46.0 46.0 114.58593 130.24321 52.7751 325.0
32.0 46.0 32.0 157.00704 89.12911 58.0011 325.0
32.0 47.0 47.0 164.21764 62.7631 126.09428 1.0
32.0 47.0 32.0 157.00704 89.12911 58.0011 1.0
33.0 0.0 0.0 55.11019 48.89347 141.97378 237.0
33.0 0.0 33.0 97.18254 49.92531 149.23314 237.0
33.0 4.0 4.0 72.08945 108.38128 139.68315 7.0
33.0 4.0 33.0 97.18254 49.92531 149.23314 7.0
33.0 16.0 16.0 37.097 39.04933 124.66808 4.0
33.0 16.0 33.0 97.18254 49.92531 149.23314 4.0
33.0 17.0 17.0 122.80535 11.00568 94.57554 2.0
33.0 17.0 33.0 97.18254 49.92531 149.23314 2.0
33.0 18.0 18.0 159.24643 24.85186 93.88697 1.0
33.0 18.0 33.0 97.18254 49.92531 149.23314 1.0
33.0 22.0 22.0 25.10632 80.04502 119.47887 2.0
33.0 22.0 33.0 97.18254 49.92531 149.23314 2.0
33.0 24.0 24.0 107.93431 87.1816 149.14753 512.0
33.0 24.0 33.0 97.18254 49.92531 149.23314 512.0
33.0 26.0 26.0 132.12982 45.13105 139.10855 1072.0
33.0 26.0 33.0 97.18254 49.92531 149.23314 1072.0
33.0 28.0 28.0 84.36936 38.94089 143.14642 1631.0
33.0 28.0 33.0 97.18254 49.92531 149.23314 1631.0
33.0 29.0 29.0 122.71502 20.59442 121.17423 191.0
33.0 29.0 33.0 97.18254 49.92531 149.23314 191.0
33.0 33.0 33.0 97.18254 49.92531 149.23314 2726.0
33.0 33.0 33.0 97.18254 49.92531 149.23314 2726.0
33.0 34.0 34.0 127.85647 111.2036 129.60018 2.0
33.0 34.0 33.0 97.18254 49.92531 149.23314 2.0
33.0 36.0 36.0 51.1918 19.49583 119.70805 1.0
33.0 36.0 33.0 97.18254 49.92531 149.23314 1.0
33.0 37.0 37.0 80.31003 11.08976 113.87916 101.0
33.0 37.0 33.0 97.18254 49.92531 149.23314 101.0
33.0 38.0 38.0 88.80133 68.39314 152.61687 1575.0
33.0 38.0 33.0 97.18254 49.92531 149.23314 1575.0
33.0 42.0 42.0 56.59555 85.206 144.94607 136.0
33.0 42.0 33.0 97.18254 49.92531 149.23314 136.0
33.0 44.0 44.0 70.22125 22.72921 131.34547 112.0
33.0 44.0 33.0 97.18254 49.92531 149.23314 112.0
33.0 47.0 47.0 164.21764 62.7631 126.09428 3.0
33.0 47.0 33.0 97.18254 49.92531 149.23314 3.0
34.0 4.0 4.0 72.08945 108.38128 139.68315 910.0
34.0 4.0 34.0 127.85647 111.2036 129.60018 910.0
34.0 5.0 5.0 36.15104 130.03121 82.26307 1.0
34.0 5.0 34.0 127.85647 111.2036 129.60018 1.0
34.0 9.0 9.0 78.59667 139.93552 102.59274 610.0
34.0 9.0 34.0 127.85647 111.2036 129.60018 610.0
34.0 12.0 12.0 179.81104 86.41599 84.83385 92.0
34.0 12.0 34.0 127.85647 111.2036 129.60018 92.0
34.0 14.0 14.0 128.34297 116.04653 40.30268 2.0
34.0 14.0 34.0 127.85647 111.2036 129.60018 2.0
34.0 24.0 24.0 107.93431 87.1816 149.14753 2656.0
34.0 24.0 34.0 127.85647 111.2036 129.60018 2656.0
34.0 25.0 25.0 182.84024 63.98356 100.30044 24.0
34.0 25.0 34.0 127.85647 111.2036 129.60018 24.0
34.0 26.0 26.0 132.12982 45.13105 139.10855 316.0
34.0 26.0 34.0 127.85647 111.2036 129.60018 316.0
34.0 30.0 30.0 88.44748 139.92799 62.74495 99.0
34.0 30.0 34.0 127.85647 111.2036 129.60018 99.0
34.0 32.0 32.0 157.00704 89.12911 58.0011 5.0
34.0 32.0 34.0 127.85647 111.2036 129.60018 5.0
34.0 33.0 33.0 97.18254 49.92531 149.23314 9.0
34.0 33.0 34.0 127.85647 111.2036 129.60018 9.0
34.0 34.0 34.0 127.85647 111.2036 129.60018 17400.0
34.0 34.0 34.0 127.85647 111.2036 129.60018 17400.0
34.0 35.0 35.0 147.84225 121.1188 95.66827 2607.0
34.0 35.0 34.0 127.85647 111.2036 129.60018 2607.0
34.0 38.0 38.0 88.80133 68.39314 152.61687 34.0
34.0 38.0 34.0 127.85647 111.2036 129.60018 34.0
34.0 41.0 41.0 59.88205 126.07046 122.49229 431.0
34.0 41.0 34.0 127.85647 111.2036 129.60018 431.0
34.0 42.0 42.0 56.59555 85.206 144.94607 6.0
34.0 42.0 34.0 127.85647 111.2036 129.60018 6.0
34.0 43.0 43.0 101.75649 137.70855 99.18286 1456.0
34.0 43.0 34.0 127.85647 111.2036 129.60018 1456.0
34.0 46.0 46.0 114.58593 130.24321 52.7751 7.0
34.0 46.0 34.0 127.85647 111.2036 129.60018 7.0
34.0 47.0 47.0 164.21764 62.7631 126.09428 1151.0
34.0 47.0 34.0 127.85647 111.2036 129.60018 1151.0
35.0 8.0 8.0 108.23053 85.9694 38.69883 4.0
35.0 8.0 35.0 147.84225 121.1188 95.66827 4.0
35.0 9.0 9.0 78.59667 139.93552 102.59274 25.0
35.0 9.0 35.0 147.84225 121.1188 95.66827 25.0
35.0 12.0 12.0 179.81104 86.41599 84.83385 1192.0
35.0 12.0 35.0 147.84225 121.1188 95.66827 1192.0
35.0 14.0 14.0 128.34297 116.04653 40.30268 326.0
35.0 14.0 35.0 147.84225 121.1188 95.66827 326.0
35.0 24.0 24.0 107.93431 87.1816 149.14753 3.0
35.0 24.0 35.0 147.84225 121.1188 95.66827 3.0
35.0 25.0 25.0 182.84024 63.98356 100.30044 83.0
35.0 25.0 35.0 147.84225 121.1188 95.66827 83.0
35.0 26.0 26.0 132.12982 45.13105 139.10855 1.0
35.0 26.0 35.0 147.84225 121.1188 95.66827 1.0
35.0 28.0 28.0 84.36936 38.94089 143.14642 1.0
35.0 28.0 35.0 147.84225 121.1188 95.66827 1.0
35.0 30.0 30.0 88.44748 139.92799 62.74495 746.0
35.0 30.0 35.0 147.84225 121.1188 95.66827 746.0
35.0 32.0 32.0 157.00704 89.12911 58.0011 919.0
35.0 32.0 35.0 147.84225 121.1188 95.66827 919.0
35.0 34.0 34.0 127.85647 111.2036 129.60018 2680.0
35.0 34.0 35.0 147.84225 121.1188 95.66827 2680.0
35.0 35.0 35.0 147.84225 121.1188 95.66827 11676.0
35.0 35.0 35.0 147.84225 121.1188 95.66827 11676.0
35.0 41.0 41.0 59.88205 126.07046 122.49229 1.0
35.0 41.0 35.0 147.84225 121.1188 95.66827 1.0
35.0 43.0 43.0 101.75649 137.70855 99.18286 946.0
35.0 43.0 35.0 147.84225 121.1188 95.66827 946.0
35.0 46.0 46.0 114.58593 130.24321 52.7751 1167.0
35.0 46.0 35.0 147.84225 121.1188 95.66827 1167.0
35.0 47.0 47.0 164.21764 62.7631 126.09428 332.0
35.0 47.0 35.0 147.84225 121.1188 95.66827 332.0
36.0 0.0 0.0 55.11019 48.89347 141.97378 488.0
36.0 0.0 36.0 51.1918 19.49583 119.70805 488.0
36.0 2.0 2.0 27.39724 25.34124 87.73495 485.0
36.0 2.0 36.0 51.1918 19.49583 119.70805 485.0
36.0 3.0 3.0 83.17648 3.82948 88.02063 157.0
36.0 3.0 36.0 51.1918 19.49583 119.70805 157.0
36.0 8.0 8.0 108.23053 85.9694 38.69883 1.0
36.0 8.0 36.0 51.1918 19.49583 119.70805 1.0
36.0 11.0 11.0 48.53035 14.07021 56.63297 70.0
36.0 11.0 36.0 51.1918 19.49583 119.70805 70.0
36.0 13.0 13.0 21.81704 31.1258 56.4156 3.0
36.0 13.0 36.0 51.1918 19.49583 119.70805 3.0
36.0 16.0 16.0 37.097 39.04933 124.66808 1034.0
36.0 16.0 36.0 51.1918 19.49583 119.70805 1034.0
36.0 22.0 22.0 25.10632 80.04502 119.47887 8.0
36.0 22.0 36.0 51.1918 19.49583 119.70805 8.0
36.0 27.0 27.0 18.73653 45.32181 103.74268 103.0
36.0 27.0 36.0 51.1918 19.49583 119.70805 103.0
36.0 28.0 28.0 84.36936 38.94089 143.14642 83.0
36.0 28.0 36.0 51.1918 19.49583 119.70805 83.0
36.0 29.0 29.0 122.71502 20.59442 121.17423 1.0
36.0 29.0 36.0 51.1918 19.49583 119.70805 1.0
36.0 33.0 33.0 97.18254 49.92531 149.23314 3.0
36.0 33.0 36.0 51.1918 19.49583 119.70805 3.0
36.0 36.0 36.0 51.1918 19.49583 119.70805 1504.0
36.0 36.0 36.0 51.1918 19.49583 119.70805 1504.0
36.0 37.0 37.0 80.31003 11.08976 113.87916 892.0
36.0 37.0 36.0 51.1918 19.49583 119.70805 892.0
36.0 42.0 42.0 56.59555 85.206 144.94607 2.0
36.0 42.0 36.0 51.1918 19.49583 119.70805 2.0
36.0 44.0 44.0 70.22125 22.72921 131.34547 793.0
36.0 44.0 36.0 51.1918 19.49583 119.70805 793.0
37.0 0.0 0.0 55.11019 48.89347 141.97378 88.0
37.0 0.0 37.0 80.31003 11.08976 113.87916 88.0
37.0 2.0 2.0 27.39724 25.34124 87.73495 394.0
37.0 2.0 37.0 80.31003 11.08976 113.87916 394.0
37.0 3.0 3.0 83.17648 3.82948 88.02063 2607.0
37.0 3.0 37.0 80.31003 11.08976 113.87916 2607.0
37.0 7.0 7.0 121.65642 13.42903 56.95836 3.0
37.0 7.0 37.0 80.31003 11.08976 113.87916 3.0
37.0 10.0 10.0 97.03292 3.90756 61.10838 47.0
37.0 10.0 37.0 80.31003 11.08976 113.87916 47.0
37.0 11.0 11.0 48.53035 14.07021 56.63297 256.0
37.0 11.0 37.0 80.31003 11.08976 113.87916 256.0
37.0 13.0 13.0 21.81704 31.1258 56.4156 1.0
37.0 13.0 37.0 80.31003 11.08976 113.87916 1.0
37.0 16.0 16.0 37.097 39.04933 124.66808 175.0
37.0 16.0 37.0 80.31003 11.08976 113.87916 175.0
37.0 17.0 17.0 122.80535 11.00568 94.57554 529.0
37.0 17.0 37.0 80.31003 11.08976 113.87916 529.0
37.0 18.0 18.0 159.24643 24.85186 93.88697 2.0
37.0 18.0 37.0 80.31003 11.08976 113.87916 2.0
37.0 19.0 19.0 66.41546 15.76449 45.42167 18.0
37.0 19.0 37.0 80.31003 11.08976 113.87916 18.0
37.0 26.0 26.0 132.12982 45.13105 139.10855 108.0
37.0 26.0 37.0 80.31003 11.08976 113.87916 108.0
37.0 27.0 27.0 18.73653 45.32181 103.74268 16.0
37.0 27.0 37.0 80.31003 11.08976 113.87916 16.0
37.0 28.0 28.0 84.36936 38.94089 143.14642 742.0
37.0 28.0 37.0 80.31003 11.08976 113.87916 742.0
37.0 29.0 29.0 122.71502 20.59442 121.17423 1116.0
37.0 29.0 37.0 80.31003 11.08976 113.87916 1116.0
37.0 33.0 33.0 97.18254 49.92531 149.23314 102.0
37.0 33.0 37.0 80.31003 11.08976 113.87916 102.0
37.0 36.0 36.0 51.1918 19.49583 119.70805 903.0
37.0 36.0 37.0 80.31003 11.08976 113.87916 903.0
37.0 37.0 37.0 80.31003 11.08976 113.87916 8080.0
37.0 37.0 37.0 80.31003 11.08976 113.87916 8080.0
37.0 38.0 38.0 88.80133 68.39314 152.61687 1.0
37.0 38.0 37.0 80.31003 11.08976 113.87916 1.0
37.0 40.0 40.0 83.2984 23.51872 42.40517 1.0
37.0 40.0 37.0 80.31003 11.08976 113.87916 1.0
37.0 42.0 42.0 56.59555 85.206 144.94607 1.0
37.0 42.0 37.0 80.31003 11.08976 113.87916 1.0
37.0 44.0 44.0 70.22125 22.72921 131.34547 1457.0
37.0 44.0 37.0 80.31003 11.08976 113.87916 1457.0
38.0 0.0 0.0 55.11019 48.89347 141.97378 416.0
38.0 0.0 38.0 88.80133 68.39314 152.61687 416.0
38.0 2.0 2.0 27.39724 25.34124 87.73495 1.0
38.0 2.0 38.0 88.80133 68.39314 152.61687 1.0
38.0 4.0 4.0 72.08945 108.38128 139.68315 234.0
38.0 4.0 38.0 88.80133 68.39314 152.61687 234.0
38.0 16.0 16.0 37.097 39.04933 124.66808 11.0
38.0 16.0 38.0 88.80133 68.39314 152.61687 11.0
38.0 22.0 22.0 25.10632 80.04502 119.47887 24.0
38.0 22.0 38.0 88.80133 68.39314 152.61687 24.0
38.0 24.0 24.0 107.93431 87.1816 149.14753 1980.0
38.0 24.0 38.0 88.80133 68.39314 152.61687 1980.0
38.0 26.0 26.0 132.12982 45.13105 139.10855 391.0
38.0 26.0 38.0 88.80133 68.39314 152.61687 391.0
38.0 28.0 28.0 84.36936 38.94089 143.14642 606.0
38.0 28.0 38.0 88.80133 68.39314 152.61687 606.0
38.0 29.0 29.0 122.71502 20.59442 121.17423 6.0
38.0 29.0 38.0 88.80133 68.39314 152.61687 6.0
38.0 33.0 33.0 97.18254 49.92531 149.23314 1524.0
38.0 33.0 38.0 88.80133 68.39314 152.61687 1524.0
38.0 34.0 34.0 127.85647 111.2036 129.60018 32.0
38.0 34.0 38.0 88.80133 68.39314 152.61687 32.0
38.0 36.0 36.0 51.1918 19.49583 119.70805 3.0
38.0 36.0 38.0 88.80133 68.39314 152.61687 3.0
38.0 37.0 37.0 80.31003 11.08976 113.87916 1.0
38.0 37.0 38.0 88.80133 68.39314 152.61687 1.0
38.0 38.0 38.0 88.80133 68.39314 152.61687 3214.0
38.0 38.0 38.0 88.80133 68.39314 152.61687 3214.0
38.0 41.0 41.0 59.88205 126.07046 122.49229 1.0
38.0 41.0 38.0 88.80133 68.39314 152.61687 1.0
38.0 42.0 42.0 56.59555 85.206 144.94607 1115.0
38.0 42.0 38.0 88.80133 68.39314 152.61687 1115.0
38.0 44.0 44.0 70.22125 22.72921 131.34547 9.0
38.0 44.0 38.0 88.80133 68.39314 152.61687 9.0
38.0 47.0 47.0 164.21764 62.7631 126.09428 4.0
38.0 47.0 38.0 88.80133 68.39314 152.61687 4.0
39.0 1.0 1.0 66.24541 89.25035 7.4744 274.0
39.0 1.0 39.0 21.78037 50.15327 32.82538 274.0
39.0 2.0 2.0 27.39724 25.34124 87.73495 153.0
39.0 2.0 39.0 21.78037 50.15327 32.82538 153.0
39.0 5.0 5.0 36.15104 130.03121 82.26307 2.0
39.0 5.0 39.0 21.78037 50.15327 32.82538 2.0
39.0 6.0 6.0 5.47571 84.78388 74.4031 1375.0
39.0 6.0 39.0 21.78037 50.15327 32.82538 1375.0
39.0 8.0 8.0 108.23053 85.9694 38.69883 1.0
39.0 8.0 39.0 21.78037 50.15327 32.82538 1.0
39.0 11.0 11.0 48.53035 14.07021 56.63297 891.0
39.0 11.0 39.0 21.78037 50.15327 32.82538 891.0
39.0 13.0 13.0 21.81704 31.1258 56.4156 1806.0
39.0 13.0 39.0 21.78037 50.15327 32.82538 1806.0
39.0 19.0 19.0 66.41546 15.76449 45.42167 239.0
39.0 19.0 39.0 21.78037 50.15327 32.82538 239.0
39.0 20.0 20.0 85.1157 53.75855 22.31377 482.0
39.0 20.0 39.0 21.78037 50.15327 32.82538 482.0
39.0 21.0 21.0 28.32175 78.08051 19.27109 2142.0
39.0 21.0 39.0 21.78037 50.15327 32.82538 2142.0
39.0 27.0 27.0 18.73653 45.32181 103.74268 15.0
39.0 27.0 39.0 21.78037 50.15327 32.82538 15.0
39.0 39.0 39.0 21.78037 50.15327 32.82538 9818.0
39.0 39.0 39.0 21.78037 50.15327 32.82538 9818.0
39.0 40.0 40.0 83.2984 23.51872 42.40517 29.0
39.0 40.0 39.0 21.78037 50.15327 32.82538 29.0
39.0 45.0 45.0 35.0428 116.35338 28.60271 70.0
39.0 45.0 39.0 21.78037 50.15327 32.82538 70.0
40.0 1.0 1.0 66.24541 89.25035 7.4744 10.0
40.0 1.0 40.0 83.2984 23.51872 42.40517 10.0
40.0 3.0 3.0 83.17648 3.82948 88.02063 132.0
40.0 3.0 40.0 83.2984 23.51872 42.40517 132.0
40.0 7.0 7.0 121.65642 13.42903 56.95836 258.0
40.0 7.0 40.0 83.2984 23.51872 42.40517 258.0
40.0 8.0 8.0 108.23053 85.9694 38.69883 21.0
40.0 8.0 40.0 83.2984 23.51872 42.40517 21.0
40.0 10.0 10.0 97.03292 3.90756 61.10838 1192.0
40.0 10.0 40.0 83.2984 23.51872 42.40517 1192.0
40.0 11.0 11.0 48.53035 14.07021 56.63297 483.0
40.0 11.0 40.0 83.2984 23.51872 42.40517 483.0
40.0 13.0 13.0 21.81704 31.1258 56.4156 3.0
40.0 13.0 40.0 83.2984 23.51872 42.40517 3.0
40.0 15.0 15.0 145.10546 26.56708 64.68557 5.0
40.0 15.0 40.0 83.2984 23.51872 42.40517 5.0
40.0 17.0 17.0 122.80535 11.00568 94.57554 3.0
40.0 17.0 40.0 83.2984 23.51872 42.40517 3.0
40.0 19.0 19.0 66.41546 15.76449 45.42167 1484.0
40.0 19.0 40.0 83.2984 23.51872 42.40517 1484.0
40.0 20.0 20.0 85.1157 53.75855 22.31377 1720.0
40.0 20.0 40.0 83.2984 23.51872 42.40517 1720.0
40.0 21.0 21.0 28.32175 78.08051 19.27109 7.0
40.0 21.0 40.0 83.2984 23.51872 42.40517 7.0
40.0 31.0 31.0 121.58422 38.99709 36.05154 1077.0
40.0 31.0 40.0 83.2984 23.51872 42.40517 1077.0
40.0 37.0 37.0 80.31003 11.08976 113.87916 3.0
40.0 37.0 40.0 83.2984 23.51872 42.40517 3.0
40.0 39.0 39.0 21.78037 50.15327 32.82538 33.0
40.0 39.0 40.0 83.2984 23.51872 42.40517 33.0
40.0 40.0 40.0 83.2984 23.51872 42.40517 4508.0
40.0 40.0 40.0 83.2984 23.51872 42.40517 4508.0
41.0 0.0 0.0 55.11019 48.89347 141.97378 1.0
41.0 0.0 41.0 59.88205 126.07046 122.49229 1.0
41.0 4.0 4.0 72.08945 108.38128 139.68315 2739.0
41.0 4.0 41.0 59.88205 126.07046 122.49229 2739.0
41.0 5.0 5.0 36.15104 130.03121 82.26307 2200.0
41.0 5.0 41.0 59.88205 126.07046 122.49229 2200.0
41.0 6.0 6.0 5.47571 84.78388 74.4031 12.0
41.0 6.0 41.0 59.88205 126.07046 122.49229 12.0
41.0 9.0 9.0 78.59667 139.93552 102.59274 2125.0
41.0 9.0 41.0 59.88205 126.07046 122.49229 2125.0
41.0 13.0 13.0 21.81704 31.1258 56.4156 1.0
41.0 13.0 41.0 59.88205 126.07046 122.49229 1.0
41.0 16.0 16.0 37.097 39.04933 124.66808 1.0
41.0 16.0 41.0 59.88205 126.07046 122.49229 1.0
41.0 22.0 22.0 25.10632 80.04502 119.47887 662.0
41.0 22.0 41.0 59.88205 126.07046 122.49229 662.0
41.0 24.0 24.0 107.93431 87.1816 149.14753 82.0
41.0 24.0 41.0 59.88205 126.07046 122.49229 82.0
41.0 28.0 28.0 84.36936 38.94089 143.14642 1.0
41.0 28.0 41.0 59.88205 126.07046 122.49229 1.0
41.0 30.0 30.0 88.44748 139.92799 62.74495 25.0
41.0 30.0 41.0 59.88205 126.07046 122.49229 25.0
41.0 34.0 34.0 127.85647 111.2036 129.60018 404.0
41.0 34.0 41.0 59.88205 126.07046 122.49229 404.0
41.0 35.0 35.0 147.84225 121.1188 95.66827 1.0
41.0 35.0 41.0 59.88205 126.07046 122.49229 1.0
41.0 38.0 38.0 88.80133 68.39314 152.61687 1.0
41.0 38.0 41.0 59.88205 126.07046 122.49229 1.0
41.0 41.0 41.0 59.88205 126.07046 122.49229 9119.0
41.0 41.0 41.0 59.88205 126.07046 122.49229 9119.0
41.0 42.0 42.0 56.59555 85.206 144.94607 409.0
41.0 42.0 41.0 59.88205 126.07046 122.49229 409.0
41.0 43.0 43.0 101.75649 137.70855 99.18286 336.0
41.0 43.0 41.0 59.88205 126.07046 122.49229 336.0
42.0 0.0 0.0 55.11019 48.89347 141.97378 893.0
42.0 0.0 42.0 56.59555 85.206 144.94607 893.0
42.0 4.0 4.0 72.08945 108.38128 139.68315 2127.0
42.0 4.0 42.0 56.59555 85.206 144.94607 2127.0
42.0 5.0 5.0 36.15104 130.03121 82.26307 38.0
42.0 5.0 42.0 56.59555 85.206 144.94607 38.0
42.0 6.0 6.0 5.47571 84.78388 74.4031 1.0
42.0 6.0 42.0 56.59555 85.206 144.94607 1.0
42.0 9.0 9.0 78.59667 139.93552 102.59274 1.0
42.0 9.0 42.0 56.59555 85.206 144.94607 1.0
42.0 16.0 16.0 37.097 39.04933 124.66808 149.0
42.0 16.0 42.0 56.59555 85.206 144.94607 149.0
42.0 22.0 22.0 25.10632 80.04502 119.47887 1620.0
42.0 22.0 42.0 56.59555 85.206 144.94607 1620.0
42.0 24.0 24.0 107.93431 87.1816 149.14753 495.0
42.0 24.0 42.0 56.59555 85.206 144.94607 495.0
42.0 28.0 28.0 84.36936 38.94089 143.14642 188.0
42.0 28.0 42.0 56.59555 85.206 144.94607 188.0
42.0 33.0 33.0 97.18254 49.92531 149.23314 138.0
42.0 33.0 42.0 56.59555 85.206 144.94607 138.0
42.0 34.0 34.0 127.85647 111.2036 129.60018 6.0
42.0 34.0 42.0 56.59555 85.206 144.94607 6.0
42.0 36.0 36.0 51.1918 19.49583 119.70805 2.0
42.0 36.0 42.0 56.59555 85.206 144.94607 2.0
42.0 37.0 37.0 80.31003 11.08976 113.87916 1.0
42.0 37.0 42.0 56.59555 85.206 144.94607 1.0
42.0 38.0 38.0 88.80133 68.39314 152.61687 1098.0
42.0 38.0 42.0 56.59555 85.206 144.94607 1098.0
42.0 41.0 41.0 59.88205 126.07046 122.49229 400.0
42.0 41.0 42.0 56.59555 85.206 144.94607 400.0
42.0 42.0 42.0 56.59555 85.206 144.94607 5820.0
42.0 42.0 42.0 56.59555 85.206 144.94607 5820.0
42.0 44.0 44.0 70.22125 22.72921 131.34547 3.0
42.0 44.0 42.0 56.59555 85.206 144.94607 3.0
43.0 4.0 4.0 72.08945 108.38128 139.68315 78.0
43.0 4.0 43.0 101.75649 137.70855 99.18286 78.0
43.0 5.0 5.0 36.15104 130.03121 82.26307 61.0
43.0 5.0 43.0 101.75649 137.70855 99.18286 61.0
43.0 9.0 9.0 78.59667 139.93552 102.59274 2104.0
43.0 9.0 43.0 101.75649 137.70855 99.18286 2104.0
43.0 24.0 24.0 107.93431 87.1816 149.14753 9.0
43.0 24.0 43.0 101.75649 137.70855 99.18286 9.0
43.0 30.0 30.0 88.44748 139.92799 62.74495 2075.0
43.0 30.0 43.0 101.75649 137.70855 99.18286 2075.0
43.0 34.0 34.0 127.85647 111.2036 129.60018 1439.0
43.0 34.0 43.0 101.75649 137.70855 99.18286 1439.0
43.0 35.0 35.0 147.84225 121.1188 95.66827 826.0
43.0 35.0 43.0 101.75649 137.70855 99.18286 826.0
43.0 37.0 37.0 80.31003 11.08976 113.87916 1.0
43.0 37.0 43.0 101.75649 137.70855 99.18286 1.0
43.0 41.0 41.0 59.88205 126.07046 122.49229 253.0
43.0 41.0 43.0 101.75649 137.70855 99.18286 253.0
43.0 43.0 43.0 101.75649 137.70855 99.18286 4842.0
43.0 43.0 43.0 101.75649 137.70855 99.18286 4842.0
43.0 45.0 45.0 35.0428 116.35338 28.60271 1.0
43.0 45.0 43.0 101.75649 137.70855 99.18286 1.0
43.0 46.0 46.0 114.58593 130.24321 52.7751 166.0
43.0 46.0 43.0 101.75649 137.70855 99.18286 166.0
44.0 0.0 0.0 55.11019 48.89347 141.97378 624.0
44.0 0.0 44.0 70.22125 22.72921 131.34547 624.0
44.0 2.0 2.0 27.39724 25.34124 87.73495 36.0
44.0 2.0 44.0 70.22125 22.72921 131.34547 36.0
44.0 3.0 3.0 83.17648 3.82948 88.02063 55.0
44.0 3.0 44.0 70.22125 22.72921 131.34547 55.0
44.0 6.0 6.0 5.47571 84.78388 74.4031 1.0
44.0 6.0 44.0 70.22125 22.72921 131.34547 1.0
44.0 11.0 11.0 48.53035 14.07021 56.63297 3.0
44.0 11.0 44.0 70.22125 22.72921 131.34547 3.0
44.0 16.0 16.0 37.097 39.04933 124.66808 210.0
44.0 16.0 44.0 70.22125 22.72921 131.34547 210.0
44.0 17.0 17.0 122.80535 11.00568 94.57554 3.0
44.0 17.0 44.0 70.22125 22.72921 131.34547 3.0
44.0 22.0 22.0 25.10632 80.04502 119.47887 2.0
44.0 22.0 44.0 70.22125 22.72921 131.34547 2.0
44.0 26.0 26.0 132.12982 45.13105 139.10855 13.0
44.0 26.0 44.0 70.22125 22.72921 131.34547 13.0
44.0 27.0 27.0 18.73653 45.32181 103.74268 4.0
44.0 27.0 44.0 70.22125 22.72921 131.34547 4.0
44.0 28.0 28.0 84.36936 38.94089 143.14642 925.0
44.0 28.0 44.0 70.22125 22.72921 131.34547 925.0
44.0 29.0 29.0 122.71502 20.59442 121.17423 78.0
44.0 29.0 44.0 70.22125 22.72921 131.34547 78.0
44.0 33.0 33.0 97.18254 49.92531 149.23314 107.0
44.0 33.0 44.0 70.22125 22.72921 131.34547 107.0
44.0 36.0 36.0 51.1918 19.49583 119.70805 797.0
44.0 36.0 44.0 70.22125 22.72921 131.34547 797.0
44.0 37.0 37.0 80.31003 11.08976 113.87916 1508.0
44.0 37.0 44.0 70.22125 22.72921 131.34547 1508.0
44.0 38.0 38.0 88.80133 68.39314 152.61687 22.0
44.0 38.0 44.0 70.22125 22.72921 131.34547 22.0
44.0 40.0 40.0 83.2984 23.51872 42.40517 1.0
44.0 40.0 44.0 70.22125 22.72921 131.34547 1.0
44.0 41.0 41.0 59.88205 126.07046 122.49229 1.0
44.0 41.0 44.0 70.22125 22.72921 131.34547 1.0
44.0 42.0 42.0 56.59555 85.206 144.94607 1.0
44.0 42.0 44.0 70.22125 22.72921 131.34547 1.0
44.0 44.0 44.0 70.22125 22.72921 131.34547 1854.0
44.0 44.0 44.0 70.22125 22.72921 131.34547 1854.0
45.0 1.0 1.0 66.24541 89.25035 7.4744 1885.0
45.0 1.0 45.0 35.0428 116.35338 28.60271 1885.0
45.0 5.0 5.0 36.15104 130.03121 82.26307 2015.0
45.0 5.0 45.0 35.0428 116.35338 28.60271 2015.0
45.0 6.0 6.0 5.47571 84.78388 74.4031 971.0
45.0 6.0 45.0 35.0428 116.35338 28.60271 971.0
45.0 8.0 8.0 108.23053 85.9694 38.69883 119.0
45.0 8.0 45.0 35.0428 116.35338 28.60271 119.0
45.0 9.0 9.0 78.59667 139.93552 102.59274 1.0
45.0 9.0 45.0 35.0428 116.35338 28.60271 1.0
45.0 14.0 14.0 128.34297 116.04653 40.30268 2.0
45.0 14.0 45.0 35.0428 116.35338 28.60271 2.0
45.0 20.0 20.0 85.1157 53.75855 22.31377 2.0
45.0 20.0 45.0 35.0428 116.35338 28.60271 2.0
45.0 21.0 21.0 28.32175 78.08051 19.27109 1875.0
45.0 21.0 45.0 35.0428 116.35338 28.60271 1875.0
45.0 22.0 22.0 25.10632 80.04502 119.47887 1.0
45.0 22.0 45.0 35.0428 116.35338 28.60271 1.0
45.0 30.0 30.0 88.44748 139.92799 62.74495 835.0
45.0 30.0 45.0 35.0428 116.35338 28.60271 835.0
45.0 39.0 39.0 21.78037 50.15327 32.82538 60.0
45.0 39.0 45.0 35.0428 116.35338 28.60271 60.0
45.0 45.0 45.0 35.0428 116.35338 28.60271 13097.0
45.0 45.0 45.0 35.0428 116.35338 28.60271 13097.0
45.0 46.0 46.0 114.58593 130.24321 52.7751 47.0
45.0 46.0 45.0 35.0428 116.35338 28.60271 47.0
46.0 1.0 1.0 66.24541 89.25035 7.4744 127.0
46.0 1.0 46.0 114.58593 130.24321 52.7751 127.0
46.0 5.0 5.0 36.15104 130.03121 82.26307 9.0
46.0 5.0 46.0 114.58593 130.24321 52.7751 9.0
46.0 8.0 8.0 108.23053 85.9694 38.69883 1116.0
46.0 8.0 46.0 114.58593 130.24321 52.7751 1116.0
46.0 9.0 9.0 78.59667 139.93552 102.59274 8.0
46.0 9.0 46.0 114.58593 130.24321 52.7751 8.0
46.0 12.0 12.0 179.81104 86.41599 84.83385 4.0
46.0 12.0 46.0 114.58593 130.24321 52.7751 4.0
46.0 14.0 14.0 128.34297 116.04653 40.30268 2809.0
46.0 14.0 46.0 114.58593 130.24321 52.7751 2809.0
46.0 30.0 30.0 88.44748 139.92799 62.74495 3435.0
46.0 30.0 46.0 114.58593 130.24321 52.7751 3435.0
46.0 31.0 31.0 121.58422 38.99709 36.05154 1.0
46.0 31.0 46.0 114.58593 130.24321 52.7751 1.0
46.0 32.0 32.0 157.00704 89.12911 58.0011 283.0
46.0 32.0 46.0 114.58593 130.24321 52.7751 283.0
46.0 34.0 34.0 127.85647 111.2036 129.60018 14.0
46.0 34.0 46.0 114.58593 130.24321 52.7751 14.0
46.0 35.0 35.0 147.84225 121.1188 95.66827 1127.0
46.0 35.0 46.0 114.58593 130.24321 52.7751 1127.0
46.0 43.0 43.0 101.75649 137.70855 99.18286 154.0
46.0 43.0 46.0 114.58593 130.24321 52.7751 154.0
46.0 45.0 45.0 35.0428 116.35338 28.60271 51.0
46.0 45.0 46.0 114.58593 130.24321 52.7751 51.0
46.0 46.0 46.0 114.58593 130.24321 52.7751 7049.0
46.0 46.0 46.0 114.58593 130.24321 52.7751 7049.0
47.0 12.0 12.0 179.81104 86.41599 84.83385 410.0
47.0 12.0 47.0 164.21764 62.7631 126.09428 410.0
47.0 15.0 15.0 145.10546 26.56708 64.68557 5.0
47.0 15.0 47.0 164.21764 62.7631 126.09428 5.0
47.0 17.0 17.0 122.80535 11.00568 94.57554 16.0
47.0 17.0 47.0 164.21764 62.7631 126.09428 16.0
47.0 18.0 18.0 159.24643 24.85186 93.88697 650.0
47.0 18.0 47.0 164.21764 62.7631 126.09428 650.0
47.0 23.0 23.0 173.47763 43.53953 77.02 352.0
47.0 23.0 47.0 164.21764 62.7631 126.09428 352.0
47.0 24.0 24.0 107.93431 87.1816 149.14753 230.0
47.0 24.0 47.0 164.21764 62.7631 126.09428 230.0
47.0 25.0 25.0 182.84024 63.98356 100.30044 1212.0
47.0 25.0 47.0 164.21764 62.7631 126.09428 1212.0
47.0 26.0 26.0 132.12982 45.13105 139.10855 1881.0
47.0 26.0 47.0 164.21764 62.7631 126.09428 1881.0
47.0 29.0 29.0 122.71502 20.59442 121.17423 257.0
47.0 29.0 47.0 164.21764 62.7631 126.09428 257.0
47.0 32.0 32.0 157.00704 89.12911 58.0011 3.0
47.0 32.0 47.0 164.21764 62.7631 126.09428 3.0
47.0 33.0 33.0 97.18254 49.92531 149.23314 6.0
47.0 33.0 47.0 164.21764 62.7631 126.09428 6.0
47.0 34.0 34.0 127.85647 111.2036 129.60018 1303.0
47.0 34.0 47.0 164.21764 62.7631 126.09428 1303.0
47.0 35.0 35.0 147.84225 121.1188 95.66827 377.0
47.0 35.0 47.0 164.21764 62.7631 126.09428 377.0
47.0 37.0 37.0 80.31003 11.08976 113.87916 1.0
47.0 37.0 47.0 164.21764 62.7631 126.09428 1.0
47.0 38.0 38.0 88.80133 68.39314 152.61687 4.0
47.0 38.0 47.0 164.21764 62.7631 126.09428 4.0
47.0 47.0 47.0 164.21764 62.7631 126.09428 9060.0
47.0 47.0 47.0 164.21764 62.7631 126.09428 9060.0
