TargetArea SourceArea Area AvgPosX AvgPosY AvgPosZ SumWeights
0.0 0.0 0.0 55.11551 48.89172 141.97722 3871.0
0.0 0.0 0.0 55.11551 48.89172 141.97722 3871.0
0.0 2.0 2.0 27.38027 25.36227 87.73285 9.0
0.0 2.0 0.0 55.11551 48.89172 141.97722 9.0
0.0 3.0 3.0 83.13617 3.83012 88.02622 1.0
0.0 3.0 0.0 55.11551 48.89172 141.97722 1.0
0.0 4.0 4.0 72.03289 108.38649 139.67133 15.0
0.0 4.0 0.0 55.11551 48.89172 141.97722 15.0
0.0 5.0 5.0 36.12643 130.01036 82.25854 1.0
0.0 5.0 0.0 55.11551 48.89172 141.97722 1.0
0.0 8.0 8.0 108.16385 85.99718 38.65614 1.0
0.0 8.0 0.0 55.11551 48.89172 141.97722 1.0
0.0 16.0 16.0 37.11426 39.03031 124.66556 1411.0
0.0 16.0 0.0 55.11551 48.89172 141.97722 1411.0
0.0 22.0 22.0 25.08485 80.0549 119.44668 582.0
0.0 22.0 0.0 55.11551 48.89172 141.97722 582.0
0.0 24.0 24.0 107.84668 87.26986 149.14518 14.0
0.0 24.0 0.0 55.11551 48.89172 141.97722 14.0
0.0 27.0 27.0 18.75172 45.3028 103.75167 35.0
0.0 27.0 0.0 55.11551 48.89172 141.97722 35.0
0.0 28.0 28.0 84.35847 38.92094 143.13846 1121.0
0.0 28.0 0.0 55.11551 48.89172 141.97722 1121.0
0.0 29.0 29.0 122.69846 20.58832 121.17285 1.0
0.0 29.0 0.0 55.11551 48.89172 141.97722 1.0
0.0 33.0 33.0 97.13291 49.94431 149.24027 265.0
0.0 33.0 0.0 55.11551 48.89172 141.97722 265.0
0.0 36.0 36.0 51.17689 19.46788 119.66132 471.0
0.0 36.0 0.0 55.11551 48.89172 141.97722 471.0
0.0 37.0 37.0 80.2394 11.08718 113.86155 81.0
0.0 37.0 0.0 55.11551 48.89172 141.97722 81.0
0.0 38.0 38.0 88.75016 68.42011 152.61397 405.0
0.0 38.0 0.0 55.11551 48.89172 141.97722 405.0
0.0 41.0 41.0 59.79948 126.04663 122.49071 1.0
0.0 41.0 0.0 55.11551 48.89172 141.97722 1.0
0.0 42.0 42.0 56.55018 85.20138 144.92494 931.0
0.0 42.0 0.0 55.11551 48.89172 141.97722 931.0
0.0 44.0 44.0 70.21969 22.75525 131.3644 605.0
0.0 44.0 0.0 55.11551 48.89172 141.97722 605.0
1.0 1.0 1.0 66.24935 89.25428 7.48223 11275.0
1.0 1.0 1.0 66.24935 89.25428 7.48223 11275.0
1.0 5.0 5.0 36.12643 130.01036 82.25854 17.0
1.0 5.0 1.0 66.24935 89.25428 7.48223 17.0
1.0 8.0 8.0 108.16385 85.99718 38.65614 1702.0
1.0 8.0 1.0 66.24935 89.25428 7.48223 1702.0
1.0 11.0 11.0 48.49715 14.11412 56.52883 17.0
1.0 11.0 1.0 66.24935 89.25428 7.48223 17.0
1.0 13.0 13.0 21.822 31.12177 56.41677 1.0
1.0 13.0 1.0 66.24935 89.25428 7.48223 1.0
1.0 14.0 14.0 128.21439 116.05754 40.21216 53.0
1.0 14.0 1.0 66.24935 89.25428 7.48223 53.0
1.0 19.0 19.0 66.41334 15.79423 45.3867 21.0
1.0 19.0 1.0 66.24935 89.25428 7.48223 21.0
1.0 20.0 20.0 85.05698 53.73337 22.27989 2186.0
1.0 20.0 1.0 66.24935 89.25428 7.48223 2186.0
1.0 21.0 21.0 28.25023 78.13081 19.3246 1494.0
1.0 21.0 1.0 66.24935 89.25428 7.48223 1494.0
1.0 30.0 30.0 88.34674 139.92777 62.67572 335.0
1.0 30.0 1.0 66.24935 89.25428 7.48223 335.0
1.0 31.0 31.0 121.52747 39.00195 36.03681 4.0
1.0 31.0 1.0 66.24935 89.25428 7.48223 4.0
1.0 39.0 39.0 21.78903 50.15429 32.81125 247.0
1.0 39.0 1.0 66.24935 89.25428 7.48223 247.0
1.0 40.0 40.0 83.25457 23.56385 42.38016 15.0
1.0 40.0 1.0 66.24935 89.25428 7.48223 15.0
1.0 45.0 45.0 35.07121 116.34301 28.57183 1868.0
1.0 45.0 1.0 66.24935 89.25428 7.48223 1868.0
1.0 46.0 46.0 114.50098 130.24644 52.71653 162.0
1.0 46.0 1.0 66.24935 89.25428 7.48223 162.0
2.0 0.0 0.0 55.11551 48.89172 141.97722 10.0
2.0 0.0 2.0 27.38027 25.36227 87.73285 10.0
2.0 2.0 2.0 27.38027 25.36227 87.73285 6769.0
2.0 2.0 2.0 27.38027 25.36227 87.73285 6769.0
2.0 3.0 3.0 83.13617 3.83012 88.02622 300.0
2.0 3.0 2.0 27.38027 25.36227 87.73285 300.0
2.0 6.0 6.0 5.4744 84.76867 74.41615 470.0
2.0 6.0 2.0 27.38027 25.36227 87.73285 470.0
2.0 11.0 11.0 48.49715 14.11412 56.52883 1336.0
2.0 11.0 2.0 27.38027 25.36227 87.73285 1336.0
2.0 13.0 13.0 21.822 31.12177 56.41677 1367.0
2.0 13.0 2.0 27.38027 25.36227 87.73285 1367.0
2.0 16.0 16.0 37.11426 39.03031 124.66556 728.0
2.0 16.0 2.0 27.38027 25.36227 87.73285 728.0
2.0 19.0 19.0 66.41334 15.79423 45.3867 10.0
2.0 19.0 2.0 27.38027 25.36227 87.73285 10.0
2.0 20.0 20.0 85.05698 53.73337 22.27989 1.0
2.0 20.0 2.0 27.38027 25.36227 87.73285 1.0
2.0 21.0 21.0 28.25023 78.13081 19.3246 1.0
2.0 21.0 2.0 27.38027 25.36227 87.73285 1.0
2.0 22.0 22.0 25.08485 80.0549 119.44668 84.0
2.0 22.0 2.0 27.38027 25.36227 87.73285 84.0
2.0 27.0 27.0 18.75172 45.3028 103.75167 1641.0
2.0 27.0 2.0 27.38027 25.36227 87.73285 1641.0
2.0 28.0 28.0 84.35847 38.92094 143.13846 1.0
2.0 28.0 2.0 27.38027 25.36227 87.73285 1.0
2.0 36.0 36.0 51.17689 19.46788 119.66132 527.0
2.0 36.0 2.0 27.38027 25.36227 87.73285 527.0
2.0 37.0 37.0 80.2394 11.08718 113.86155 455.0
2.0 37.0 2.0 27.38027 25.36227 87.73285 455.0
2.0 39.0 39.0 21.78903 50.15429 32.81125 170.0
2.0 39.0 2.0 27.38027 25.36227 87.73285 170.0
2.0 44.0 44.0 70.21969 22.75525 131.3644 26.0
2.0 44.0 2.0 27.38027 25.36227 87.73285 26.0
3.0 2.0 2.0 27.38027 25.36227 87.73285 295.0
3.0 2.0 3.0 83.13617 3.83012 88.02622 295.0
3.0 3.0 3.0 83.13617 3.83012 88.02622 7130.0
3.0 3.0 3.0 83.13617 3.83012 88.02622 7130.0
3.0 7.0 7.0 121.65014 13.41916 56.97166 234.0
3.0 7.0 3.0 83.13617 3.83012 88.02622 234.0
3.0 10.0 10.0 97.06386 3.9144 61.10335 1606.0
3.0 10.0 3.0 83.13617 3.83012 88.02622 1606.0
3.0 11.0 11.0 48.49715 14.11412 56.52883 1121.0
3.0 11.0 3.0 83.13617 3.83012 88.02622 1121.0
3.0 13.0 13.0 21.822 31.12177 56.41677 6.0
3.0 13.0 3.0 83.13617 3.83012 88.02622 6.0
3.0 15.0 15.0 145.14033 26.58153 64.65982 16.0
3.0 15.0 3.0 83.13617 3.83012 88.02622 16.0
3.0 16.0 16.0 37.11426 39.03031 124.66556 15.0
3.0 16.0 3.0 83.13617 3.83012 88.02622 15.0
3.0 17.0 17.0 122.78906 11.0008 94.55893 1151.0
3.0 17.0 3.0 83.13617 3.83012 88.02622 1151.0
3.0 18.0 18.0 159.19064 24.82299 93.92042 1.0
3.0 18.0 3.0 83.13617 3.83012 88.02622 1.0
3.0 19.0 19.0 66.41334 15.79423 45.3867 427.0
3.0 19.0 3.0 83.13617 3.83012 88.02622 427.0
3.0 27.0 27.0 18.75172 45.3028 103.75167 2.0
3.0 27.0 3.0 83.13617 3.83012 88.02622 2.0
3.0 28.0 28.0 84.35847 38.92094 143.13846 8.0
3.0 28.0 3.0 83.13617 3.83012 88.02622 8.0
3.0 29.0 29.0 122.69846 20.58832 121.17285 219.0
3.0 29.0 3.0 83.13617 3.83012 88.02622 219.0
3.0 31.0 31.0 121.52747 39.00195 36.03681 2.0
3.0 31.0 3.0 83.13617 3.83012 88.02622 2.0
3.0 36.0 36.0 51.17689 19.46788 119.66132 147.0
3.0 36.0 3.0 83.13617 3.83012 88.02622 147.0
3.0 37.0 37.0 80.2394 11.08718 113.86155 2546.0
3.0 37.0 3.0 83.13617 3.83012 88.02622 2546.0
3.0 40.0 40.0 83.25457 23.56385 42.38016 136.0
3.0 40.0 3.0 83.13617 3.83012 88.02622 136.0
3.0 44.0 44.0 70.21969 22.75525 131.3644 52.0
3.0 44.0 3.0 83.13617 3.83012 88.02622 52.0
4.0 0.0 0.0 55.11551 48.89172 141.97722 13.0
4.0 0.0 4.0 72.03289 108.38649 139.67133 13.0
4.0 4.0 4.0 72.03289 108.38649 139.67133 6719.0
4.0 4.0 4.0 72.03289 108.38649 139.67133 6719.0
4.0 5.0 5.0 36.12643 130.01036 82.25854 92.0
4.0 5.0 4.0 72.03289 108.38649 139.67133 92.0
4.0 6.0 6.0 5.4744 84.76867 74.41615 2.0
4.0 6.0 4.0 72.03289 108.38649 139.67133 2.0
4.0 9.0 9.0 78.54035 139.94871 102.55934 268.0
4.0 9.0 4.0 72.03289 108.38649 139.67133 268.0
4.0 16.0 16.0 37.11426 39.03031 124.66556 1.0
4.0 16.0 4.0 72.03289 108.38649 139.67133 1.0
4.0 22.0 22.0 25.08485 80.0549 119.44668 459.0
4.0 22.0 4.0 72.03289 108.38649 139.67133 459.0
4.0 24.0 24.0 107.84668 87.26986 149.14518 1480.0
4.0 24.0 4.0 72.03289 108.38649 139.67133 1480.0
4.0 28.0 28.0 84.35847 38.92094 143.13846 5.0
4.0 28.0 4.0 72.03289 108.38649 139.67133 5.0
4.0 33.0 33.0 97.13291 49.94431 149.24027 9.0
4.0 33.0 4.0 72.03289 108.38649 139.67133 9.0
4.0 34.0 34.0 127.79233 111.2472 129.59189 853.0
4.0 34.0 4.0 72.03289 108.38649 139.67133 853.0
4.0 37.0 37.0 80.2394 11.08718 113.86155 1.0
4.0 37.0 4.0 72.03289 108.38649 139.67133 1.0
4.0 38.0 38.0 88.75016 68.42011 152.61397 225.0
4.0 38.0 4.0 72.03289 108.38649 139.67133 225.0
4.0 41.0 41.0 59.79948 126.04663 122.49071 2745.0
4.0 41.0 4.0 72.03289 108.38649 139.67133 2745.0
4.0 42.0 42.0 56.55018 85.20138 144.92494 2072.0
4.0 42.0 4.0 72.03289 108.38649 139.67133 2072.0
4.0 43.0 43.0 101.74326 137.7166 99.15559 73.0
4.0 43.0 4.0 72.03289 108.38649 139.67133 73.0
4.0 45.0 45.0 35.07121 116.34301 28.57183 1.0
4.0 45.0 4.0 72.03289 108.38649 139.67133 1.0
5.0 1.0 1.0 66.24935 89.25428 7.48223 16.0
5.0 1.0 5.0 36.12643 130.01036 82.25854 16.0
5.0 4.0 4.0 72.03289 108.38649 139.67133 105.0
5.0 4.0 5.0 36.12643 130.01036 82.25854 105.0
5.0 5.0 5.0 36.12643 130.01036 82.25854 21724.0
5.0 5.0 5.0 36.12643 130.01036 82.25854 21724.0
5.0 6.0 6.0 5.4744 84.76867 74.41615 2032.0
5.0 6.0 5.0 36.12643 130.01036 82.25854 2032.0
5.0 8.0 8.0 108.16385 85.99718 38.65614 1.0
5.0 8.0 5.0 36.12643 130.01036 82.25854 1.0
5.0 9.0 9.0 78.54035 139.94871 102.55934 1427.0
5.0 9.0 5.0 36.12643 130.01036 82.25854 1427.0
5.0 21.0 21.0 28.25023 78.13081 19.3246 19.0
5.0 21.0 5.0 36.12643 130.01036 82.25854 19.0
5.0 22.0 22.0 25.08485 80.0549 119.44668 1230.0
5.0 22.0 5.0 36.12643 130.01036 82.25854 1230.0
5.0 30.0 30.0 88.34674 139.92777 62.67572 1695.0
5.0 30.0 5.0 36.12643 130.01036 82.25854 1695.0
5.0 34.0 34.0 127.79233 111.2472 129.59189 1.0
5.0 34.0 5.0 36.12643 130.01036 82.25854 1.0
5.0 41.0 41.0 59.79948 126.04663 122.49071 2285.0
5.0 41.0 5.0 36.12643 130.01036 82.25854 2285.0
5.0 42.0 42.0 56.55018 85.20138 144.92494 35.0
5.0 42.0 5.0 36.12643 130.01036 82.25854 35.0
5.0 43.0 43.0 101.74326 137.7166 99.15559 85.0
5.0 43.0 5.0 36.12643 130.01036 82.25854 85.0
5.0 45.0 45.0 35.07121 116.34301 28.57183 1983.0
5.0 45.0 5.0 36.12643 130.01036 82.25854 1983.0
5.0 46.0 46.0 114.50098 130.24644 52.71653 9.0
5.0 46.0 5.0 36.12643 130.01036 82.25854 9.0
6.0 0.0 0.0 55.11551 48.89172 141.97722 1.0
6.0 0.0 6.0 5.4744 84.76867 74.41615 1.0
6.0 2.0 2.0 27.38027 25.36227 87.73285 525.0
6.0 2.0 6.0 5.4744 84.76867 74.41615 525.0
6.0 4.0 4.0 72.03289 108.38649 139.67133 2.0
6.0 4.0 6.0 5.4744 84.76867 74.41615 2.0
6.0 5.0 5.0 36.12643 130.01036 82.25854 2008.0
6.0 5.0 6.0 5.4744 84.76867 74.41615 2008.0
6.0 6.0 6.0 5.4744 84.76867 74.41615 15898.0
6.0 6.0 6.0 5.4744 84.76867 74.41615 15898.0
6.0 8.0 8.0 108.16385 85.99718 38.65614 1.0
6.0 8.0 6.0 5.4744 84.76867 74.41615 1.0
6.0 13.0 13.0 21.822 31.12177 56.41677 429.0
6.0 13.0 6.0 5.4744 84.76867 74.41615 429.0
6.0 16.0 16.0 37.11426 39.03031 124.66556 7.0
6.0 16.0 6.0 5.4744 84.76867 74.41615 7.0
6.0 21.0 21.0 28.25023 78.13081 19.3246 661.0
6.0 21.0 6.0 5.4744 84.76867 74.41615 661.0
6.0 22.0 22.0 25.08485 80.0549 119.44668 2065.0
6.0 22.0 6.0 5.4744 84.76867 74.41615 2065.0
6.0 27.0 27.0 18.75172 45.3028 103.75167 839.0
6.0 27.0 6.0 5.4744 84.76867 74.41615 839.0
6.0 39.0 39.0 21.78903 50.15429 32.81125 1299.0
6.0 39.0 6.0 5.4744 84.76867 74.41615 1299.0
6.0 41.0 41.0 59.79948 126.04663 122.49071 24.0
6.0 41.0 6.0 5.4744 84.76867 74.41615 24.0
6.0 45.0 45.0 35.07121 116.34301 28.57183 1001.0
6.0 45.0 6.0 5.4744 84.76867 74.41615 1001.0
7.0 3.0 3.0 83.13617 3.83012 88.02622 225.0
7.0 3.0 7.0 121.65014 13.41916 56.97166 225.0
7.0 7.0 7.0 121.65014 13.41916 56.97166 4106.0
7.0 7.0 7.0 121.65014 13.41916 56.97166 4106.0
7.0 8.0 8.0 108.16385 85.99718 38.65614 5.0
7.0 8.0 7.0 121.65014 13.41916 56.97166 5.0
7.0 10.0 10.0 97.06386 3.9144 61.10335 1442.0
7.0 10.0 7.0 121.65014 13.41916 56.97166 1442.0
7.0 15.0 15.0 145.14033 26.58153 64.65982 1495.0
7.0 15.0 7.0 121.65014 13.41916 56.97166 1495.0
7.0 17.0 17.0 122.78906 11.0008 94.55893 803.0
7.0 17.0 7.0 121.65014 13.41916 56.97166 803.0
7.0 18.0 18.0 159.19064 24.82299 93.92042 36.0
7.0 18.0 7.0 121.65014 13.41916 56.97166 36.0
7.0 19.0 19.0 66.41334 15.79423 45.3867 16.0
7.0 19.0 7.0 121.65014 13.41916 56.97166 16.0
7.0 20.0 20.0 85.05698 53.73337 22.27989 32.0
7.0 20.0 7.0 121.65014 13.41916 56.97166 32.0
7.0 23.0 23.0 173.50236 43.48743 77.13018 14.0
7.0 23.0 7.0 121.65014 13.41916 56.97166 14.0
7.0 29.0 29.0 122.69846 20.58832 121.17285 15.0
7.0 29.0 7.0 121.65014 13.41916 56.97166 15.0
7.0 31.0 31.0 121.52747 39.00195 36.03681 1558.0
7.0 31.0 7.0 121.65014 13.41916 56.97166 1558.0
7.0 32.0 32.0 156.95718 89.14425 57.98795 1.0
7.0 32.0 7.0 121.65014 13.41916 56.97166 1.0
7.0 37.0 37.0 80.2394 11.08718 113.86155 4.0
7.0 37.0 7.0 121.65014 13.41916 56.97166 4.0
7.0 40.0 40.0 83.25457 23.56385 42.38016 306.0
7.0 40.0 7.0 121.65014 13.41916 56.97166 306.0
8.0 1.0 1.0 66.24935 89.25428 7.48223 1480.0
8.0 1.0 8.0 108.16385 85.99718 38.65614 1480.0
8.0 3.0 3.0 83.13617 3.83012 88.02622 1.0
8.0 3.0 8.0 108.16385 85.99718 38.65614 1.0
8.0 4.0 4.0 72.03289 108.38649 139.67133 1.0
8.0 4.0 8.0 108.16385 85.99718 38.65614 1.0
8.0 5.0 5.0 36.12643 130.01036 82.25854 9.0
8.0 5.0 8.0 108.16385 85.99718 38.65614 9.0
8.0 7.0 7.0 121.65014 13.41916 56.97166 7.0
8.0 7.0 8.0 108.16385 85.99718 38.65614 7.0
8.0 8.0 8.0 108.16385 85.99718 38.65614 28490.0
8.0 8.0 8.0 108.16385 85.99718 38.65614 28490.0
8.0 12.0 12.0 179.81063 86.41268 84.86222 4.0
8.0 12.0 8.0 108.16385 85.99718 38.65614 4.0
8.0 13.0 13.0 21.822 31.12177 56.41677 1.0
8.0 13.0 8.0 108.16385 85.99718 38.65614 1.0
8.0 14.0 14.0 128.21439 116.05754 40.21216 2649.0
8.0 14.0 8.0 108.16385 85.99718 38.65614 2649.0
8.0 15.0 15.0 145.14033 26.58153 64.65982 46.0
8.0 15.0 8.0 108.16385 85.99718 38.65614 46.0
8.0 20.0 20.0 85.05698 53.73337 22.27989 3001.0
8.0 20.0 8.0 108.16385 85.99718 38.65614 3001.0
8.0 23.0 23.0 173.50236 43.48743 77.13018 9.0
8.0 23.0 8.0 108.16385 85.99718 38.65614 9.0
8.0 24.0 24.0 107.84668 87.26986 149.14518 1.0
8.0 24.0 8.0 108.16385 85.99718 38.65614 1.0
8.0 30.0 30.0 88.34674 139.92777 62.67572 594.0
8.0 30.0 8.0 108.16385 85.99718 38.65614 594.0
8.0 31.0 31.0 121.52747 39.00195 36.03681 1777.0
8.0 31.0 8.0 108.16385 85.99718 38.65614 1777.0
8.0 32.0 32.0 156.95718 89.14425 57.98795 1426.0
8.0 32.0 8.0 108.16385 85.99718 38.65614 1426.0
8.0 35.0 35.0 147.79493 121.13925 95.67653 2.0
8.0 35.0 8.0 108.16385 85.99718 38.65614 2.0
8.0 40.0 40.0 83.25457 23.56385 42.38016 22.0
8.0 40.0 8.0 108.16385 85.99718 38.65614 22.0
8.0 41.0 41.0 59.79948 126.04663 122.49071 1.0
8.0 41.0 8.0 108.16385 85.99718 38.65614 1.0
8.0 45.0 45.0 35.07121 116.34301 28.57183 88.0
8.0 45.0 8.0 108.16385 85.99718 38.65614 88.0
8.0 46.0 46.0 114.50098 130.24644 52.71653 1115.0
8.0 46.0 8.0 108.16385 85.99718 38.65614 1115.0
9.0 4.0 4.0 72.03289 108.38649 139.67133 306.0
9.0 4.0 9.0 78.54035 139.94871 102.55934 306.0
9.0 5.0 5.0 36.12643 130.01036 82.25854 1358.0
9.0 5.0 9.0 78.54035 139.94871 102.55934 1358.0
9.0 9.0 9.0 78.54035 139.94871 102.55934 4864.0
9.0 9.0 9.0 78.54035 139.94871 102.55934 4864.0
9.0 12.0 12.0 179.81063 86.41268 84.86222 1.0
9.0 12.0 9.0 78.54035 139.94871 102.55934 1.0
9.0 22.0 22.0 25.08485 80.0549 119.44668 1.0
9.0 22.0 9.0 78.54035 139.94871 102.55934 1.0
9.0 24.0 24.0 107.84668 87.26986 149.14518 28.0
9.0 24.0 9.0 78.54035 139.94871 102.55934 28.0
9.0 30.0 30.0 88.34674 139.92777 62.67572 1216.0
9.0 30.0 9.0 78.54035 139.94871 102.55934 1216.0
9.0 34.0 34.0 127.79233 111.2472 129.59189 613.0
9.0 34.0 9.0 78.54035 139.94871 102.55934 613.0
9.0 35.0 35.0 147.79493 121.13925 95.67653 21.0
9.0 35.0 9.0 78.54035 139.94871 102.55934 21.0
9.0 41.0 41.0 59.79948 126.04663 122.49071 2116.0
9.0 41.0 9.0 78.54035 139.94871 102.55934 2116.0
9.0 43.0 43.0 101.74326 137.7166 99.15559 2037.0
9.0 43.0 9.0 78.54035 139.94871 102.55934 2037.0
9.0 45.0 45.0 35.07121 116.34301 28.57183 2.0
9.0 45.0 9.0 78.54035 139.94871 102.55934 2.0
9.0 46.0 46.0 114.50098 130.24644 52.71653 1.0
9.0 46.0 9.0 78.54035 139.94871 102.55934 1.0
10.0 2.0 2.0 27.38027 25.36227 87.73285 2.0
10.0 2.0 10.0 97.06386 3.9144 61.10335 2.0
10.0 3.0 3.0 83.13617 3.83012 88.02622 1578.0
10.0 3.0 10.0 97.06386 3.9144 61.10335 1578.0
10.0 7.0 7.0 121.65014 13.41916 56.97166 1476.0
10.0 7.0 10.0 97.06386 3.9144 61.10335 1476.0
10.0 8.0 8.0 108.16385 85.99718 38.65614 1.0
10.0 8.0 10.0 97.06386 3.9144 61.10335 1.0
10.0 10.0 10.0 97.06386 3.9144 61.10335 4200.0
10.0 10.0 10.0 97.06386 3.9144 61.10335 4200.0
10.0 11.0 11.0 48.49715 14.11412 56.52883 192.0
10.0 11.0 10.0 97.06386 3.9144 61.10335 192.0
10.0 15.0 15.0 145.14033 26.58153 64.65982 71.0
10.0 15.0 10.0 97.06386 3.9144 61.10335 71.0
10.0 17.0 17.0 122.78906 11.0008 94.55893 448.0
10.0 17.0 10.0 97.06386 3.9144 61.10335 448.0
10.0 18.0 18.0 159.19064 24.82299 93.92042 2.0
10.0 18.0 10.0 97.06386 3.9144 61.10335 2.0
10.0 19.0 19.0 66.41334 15.79423 45.3867 595.0
10.0 19.0 10.0 97.06386 3.9144 61.10335 595.0
10.0 20.0 20.0 85.05698 53.73337 22.27989 38.0
10.0 20.0 10.0 97.06386 3.9144 61.10335 38.0
10.0 29.0 29.0 122.69846 20.58832 121.17285 6.0
10.0 29.0 10.0 97.06386 3.9144 61.10335 6.0
10.0 31.0 31.0 121.52747 39.00195 36.03681 396.0
10.0 31.0 10.0 97.06386 3.9144 61.10335 396.0
10.0 37.0 37.0 80.2394 11.08718 113.86155 54.0
10.0 37.0 10.0 97.06386 3.9144 61.10335 54.0
10.0 40.0 40.0 83.25457 23.56385 42.38016 1178.0
10.0 40.0 10.0 97.06386 3.9144 61.10335 1178.0
11.0 1.0 1.0 66.24935 89.25428 7.48223 19.0
11.0 1.0 11.0 48.49715 14.11412 56.52883 19.0
11.0 2.0 2.0 27.38027 25.36227 87.73285 1335.0
11.0 2.0 11.0 48.49715 14.11412 56.52883 1335.0
11.0 3.0 3.0 83.13617 3.83012 88.02622 1130.0
11.0 3.0 11.0 48.49715 14.11412 56.52883 1130.0
11.0 6.0 6.0 5.4744 84.76867 74.41615 1.0
11.0 6.0 11.0 48.49715 14.11412 56.52883 1.0
11.0 7.0 7.0 121.65014 13.41916 56.97166 1.0
11.0 7.0 11.0 48.49715 14.11412 56.52883 1.0
11.0 8.0 8.0 108.16385 85.99718 38.65614 1.0
11.0 8.0 11.0 48.49715 14.11412 56.52883 1.0
11.0 10.0 10.0 97.06386 3.9144 61.10335 196.0
11.0 10.0 11.0 48.49715 14.11412 56.52883 196.0
11.0 11.0 11.0 48.49715 14.11412 56.52883 8339.0
11.0 11.0 11.0 48.49715 14.11412 56.52883 8339.0
11.0 13.0 13.0 21.822 31.12177 56.41677 1514.0
11.0 13.0 11.0 48.49715 14.11412 56.52883 1514.0
11.0 16.0 16.0 37.11426 39.03031 124.66556 16.0
11.0 16.0 11.0 48.49715 14.11412 56.52883 16.0
11.0 19.0 19.0 66.41334 15.79423 45.3867 2047.0
11.0 19.0 11.0 48.49715 14.11412 56.52883 2047.0
11.0 20.0 20.0 85.05698 53.73337 22.27989 261.0
11.0 20.0 11.0 48.49715 14.11412 56.52883 261.0
11.0 21.0 21.0 28.25023 78.13081 19.3246 32.0
11.0 21.0 11.0 48.49715 14.11412 56.52883 32.0
11.0 27.0 27.0 18.75172 45.3028 103.75167 10.0
11.0 27.0 11.0 48.49715 14.11412 56.52883 10.0
11.0 31.0 31.0 121.52747 39.00195 36.03681 2.0
11.0 31.0 11.0 48.49715 14.11412 56.52883 2.0
11.0 36.0 36.0 51.17689 19.46788 119.66132 75.0
11.0 36.0 11.0 48.49715 14.11412 56.52883 75.0
11.0 37.0 37.0 80.2394 11.08718 113.86155 234.0
11.0 37.0 11.0 48.49715 14.11412 56.52883 234.0
11.0 39.0 39.0 21.78903 50.15429 32.81125 884.0
11.0 39.0 11.0 48.49715 14.11412 56.52883 884.0
11.0 40.0 40.0 83.25457 23.56385 42.38016 519.0
11.0 40.0 11.0 48.49715 14.11412 56.52883 519.0
11.0 44.0 44.0 70.21969 22.75525 131.3644 3.0
11.0 44.0 11.0 48.49715 14.11412 56.52883 3.0
12.0 8.0 8.0 108.16385 85.99718 38.65614 2.0
12.0 8.0 12.0 179.81063 86.41268 84.86222 2.0
12.0 12.0 12.0 179.81063 86.41268 84.86222 5906.0
12.0 12.0 12.0 179.81063 86.41268 84.86222 5906.0
12.0 14.0 14.0 128.21439 116.05754 40.21216 3.0
12.0 14.0 12.0 179.81063 86.41268 84.86222 3.0
12.0 15.0 15.0 145.14033 26.58153 64.65982 32.0
12.0 15.0 12.0 179.81063 86.41268 84.86222 32.0
12.0 18.0 18.0 159.19064 24.82299 93.92042 17.0
12.0 18.0 12.0 179.81063 86.41268 84.86222 17.0
12.0 23.0 23.0 173.50236 43.48743 77.13018 566.0
12.0 23.0 12.0 179.81063 86.41268 84.86222 566.0
12.0 25.0 25.0 182.85232 63.99727 100.28369 1159.0
12.0 25.0 12.0 179.81063 86.41268 84.86222 1159.0
12.0 31.0 31.0 121.52747 39.00195 36.03681 9.0
12.0 31.0 12.0 179.81063 86.41268 84.86222 9.0
12.0 32.0 32.0 156.95718 89.14425 57.98795 1759.0
12.0 32.0 12.0 179.81063 86.41268 84.86222 1759.0
12.0 34.0 34.0 127.79233 111.2472 129.59189 88.0
12.0 34.0 12.0 179.81063 86.41268 84.86222 88.0
12.0 35.0 35.0 147.79493 121.13925 95.67653 1232.0
12.0 35.0 12.0 179.81063 86.41268 84.86222 1232.0
12.0 46.0 46.0 114.50098 130.24644 52.71653 4.0
12.0 46.0 12.0 179.81063 86.41268 84.86222 4.0
12.0 47.0 47.0 164.19785 62.72734 126.10748 444.0
12.0 47.0 12.0 179.81063 86.41268 84.86222 444.0
13.0 2.0 2.0 27.38027 25.36227 87.73285 1403.0
13.0 2.0 13.0 21.822 31.12177 56.41677 1403.0
13.0 3.0 3.0 83.13617 3.83012 88.02622 8.0
13.0 3.0 13.0 21.822 31.12177 56.41677 8.0
13.0 6.0 6.0 5.4744 84.76867 74.41615 419.0
13.0 6.0 13.0 21.822 31.12177 56.41677 419.0
13.0 11.0 11.0 48.49715 14.11412 56.52883 1591.0
13.0 11.0 13.0 21.822 31.12177 56.41677 1591.0
13.0 13.0 13.0 21.822 31.12177 56.41677 3860.0
13.0 13.0 13.0 21.822 31.12177 56.41677 3860.0
13.0 16.0 16.0 37.11426 39.03031 124.66556 1.0
13.0 16.0 13.0 21.822 31.12177 56.41677 1.0
13.0 19.0 19.0 66.41334 15.79423 45.3867 88.0
13.0 19.0 13.0 21.822 31.12177 56.41677 88.0
13.0 20.0 20.0 85.05698 53.73337 22.27989 7.0
13.0 20.0 13.0 21.822 31.12177 56.41677 7.0
13.0 21.0 21.0 28.25023 78.13081 19.3246 7.0
13.0 21.0 13.0 21.822 31.12177 56.41677 7.0
13.0 22.0 22.0 25.08485 80.0549 119.44668 5.0
13.0 22.0 13.0 21.822 31.12177 56.41677 5.0
13.0 27.0 27.0 18.75172 45.3028 103.75167 106.0
13.0 27.0 13.0 21.822 31.12177 56.41677 106.0
13.0 36.0 36.0 51.17689 19.46788 119.66132 1.0
13.0 36.0 13.0 21.822 31.12177 56.41677 1.0
13.0 37.0 37.0 80.2394 11.08718 113.86155 1.0
13.0 37.0 13.0 21.822 31.12177 56.41677 1.0
13.0 39.0 39.0 21.78903 50.15429 32.81125 1776.0
13.0 39.0 13.0 21.822 31.12177 56.41677 1776.0
13.0 40.0 40.0 83.25457 23.56385 42.38016 3.0
13.0 40.0 13.0 21.822 31.12177 56.41677 3.0
14.0 1.0 1.0 66.24935 89.25428 7.48223 52.0
14.0 1.0 14.0 128.21439 116.05754 40.21216 52.0
14.0 8.0 8.0 108.16385 85.99718 38.65614 2670.0
14.0 8.0 14.0 128.21439 116.05754 40.21216 2670.0
14.0 12.0 12.0 179.81063 86.41268 84.86222 12.0
14.0 12.0 14.0 128.21439 116.05754 40.21216 12.0
14.0 14.0 14.0 128.21439 116.05754 40.21216 7240.0
14.0 14.0 14.0 128.21439 116.05754 40.21216 7240.0
14.0 20.0 20.0 85.05698 53.73337 22.27989 9.0
14.0 20.0 14.0 128.21439 116.05754 40.21216 9.0
14.0 30.0 30.0 88.34674 139.92777 62.67572 234.0
14.0 30.0 14.0 128.21439 116.05754 40.21216 234.0
14.0 31.0 31.0 121.52747 39.00195 36.03681 5.0
14.0 31.0 14.0 128.21439 116.05754 40.21216 5.0
14.0 32.0 32.0 156.95718 89.14425 57.98795 1361.0
14.0 32.0 14.0 128.21439 116.05754 40.21216 1361.0
14.0 35.0 35.0 147.79493 121.13925 95.67653 322.0
14.0 35.0 14.0 128.21439 116.05754 40.21216 322.0
14.0 43.0 43.0 101.74326 137.7166 99.15559 1.0
14.0 43.0 14.0 128.21439 116.05754 40.21216 1.0
14.0 46.0 46.0 114.50098 130.24644 52.71653 2889.0
14.0 46.0 14.0 128.21439 116.05754 40.21216 2889.0
15.0 3.0 3.0 83.13617 3.83012 88.02622 23.0
15.0 3.0 15.0 145.14033 26.58153 64.65982 23.0
15.0 7.0 7.0 121.65014 13.41916 56.97166 1518.0
15.0 7.0 15.0 145.14033 26.58153 64.65982 1518.0
15.0 8.0 8.0 108.16385 85.99718 38.65614 81.0
15.0 8.0 15.0 145.14033 26.58153 64.65982 81.0
15.0 10.0 10.0 97.06386 3.9144 61.10335 67.0
15.0 10.0 15.0 145.14033 26.58153 64.65982 67.0
15.0 12.0 12.0 179.81063 86.41268 84.86222 31.0
15.0 12.0 15.0 145.14033 26.58153 64.65982 31.0
15.0 15.0 15.0 145.14033 26.58153 64.65982 5068.0
15.0 15.0 15.0 145.14033 26.58153 64.65982 5068.0
15.0 17.0 17.0 122.78906 11.0008 94.55893 913.0
15.0 17.0 15.0 145.14033 26.58153 64.65982 913.0
15.0 18.0 18.0 159.19064 24.82299 93.92042 1024.0
15.0 18.0 15.0 145.14033 26.58153 64.65982 1024.0
15.0 23.0 23.0 173.50236 43.48743 77.13018 760.0
15.0 23.0 15.0 145.14033 26.58153 64.65982 760.0
15.0 25.0 25.0 182.85232 63.99727 100.28369 7.0
15.0 25.0 15.0 145.14033 26.58153 64.65982 7.0
15.0 26.0 26.0 132.13135 45.08488 139.08314 7.0
15.0 26.0 15.0 145.14033 26.58153 64.65982 7.0
15.0 29.0 29.0 122.69846 20.58832 121.17285 56.0
15.0 29.0 15.0 145.14033 26.58153 64.65982 56.0
15.0 31.0 31.0 121.52747 39.00195 36.03681 1383.0
15.0 31.0 15.0 145.14033 26.58153 64.65982 1383.0
15.0 32.0 32.0 156.95718 89.14425 57.98795 330.0
15.0 32.0 15.0 145.14033 26.58153 64.65982 330.0
15.0 37.0 37.0 80.2394 11.08718 113.86155 2.0
15.0 37.0 15.0 145.14033 26.58153 64.65982 2.0
15.0 40.0 40.0 83.25457 23.56385 42.38016 4.0
15.0 40.0 15.0 145.14033 26.58153 64.65982 4.0
15.0 47.0 47.0 164.19785 62.72734 126.10748 7.0
15.0 47.0 15.0 145.14033 26.58153 64.65982 7.0
16.0 0.0 0.0 55.11551 48.89172 141.97722 1392.0
16.0 0.0 16.0 37.11426 39.03031 124.66556 1392.0
16.0 2.0 2.0 27.38027 25.36227 87.73285 738.0
16.0 2.0 16.0 37.11426 39.03031 124.66556 738.0
16.0 3.0 3.0 83.13617 3.83012 88.02622 20.0
16.0 3.0 16.0 37.11426 39.03031 124.66556 20.0
16.0 4.0 4.0 72.03289 108.38649 139.67133 2.0
16.0 4.0 16.0 37.11426 39.03031 124.66556 2.0
16.0 6.0 6.0 5.4744 84.76867 74.41615 9.0
16.0 6.0 16.0 37.11426 39.03031 124.66556 9.0
16.0 11.0 11.0 48.49715 14.11412 56.52883 20.0
16.0 11.0 16.0 37.11426 39.03031 124.66556 20.0
16.0 16.0 16.0 37.11426 39.03031 124.66556 4261.0
16.0 16.0 16.0 37.11426 39.03031 124.66556 4261.0
16.0 22.0 22.0 25.08485 80.0549 119.44668 1273.0
16.0 22.0 16.0 37.11426 39.03031 124.66556 1273.0
16.0 23.0 23.0 173.50236 43.48743 77.13018 1.0
16.0 23.0 16.0 37.11426 39.03031 124.66556 1.0
16.0 26.0 26.0 132.13135 45.08488 139.08314 1.0
16.0 26.0 16.0 37.11426 39.03031 124.66556 1.0
16.0 27.0 27.0 18.75172 45.3028 103.75167 1148.0
16.0 27.0 16.0 37.11426 39.03031 124.66556 1148.0
16.0 28.0 28.0 84.35847 38.92094 143.13846 39.0
16.0 28.0 16.0 37.11426 39.03031 124.66556 39.0
16.0 33.0 33.0 97.13291 49.94431 149.24027 3.0
16.0 33.0 16.0 37.11426 39.03031 124.66556 3.0
16.0 36.0 36.0 51.17689 19.46788 119.66132 1014.0
16.0 36.0 16.0 37.11426 39.03031 124.66556 1014.0
16.0 37.0 37.0 80.2394 11.08718 113.86155 173.0
16.0 37.0 16.0 37.11426 39.03031 124.66556 173.0
16.0 38.0 38.0 88.75016 68.42011 152.61397 13.0
16.0 38.0 16.0 37.11426 39.03031 124.66556 13.0
16.0 42.0 42.0 56.55018 85.20138 144.92494 185.0
16.0 42.0 16.0 37.11426 39.03031 124.66556 185.0
16.0 44.0 44.0 70.21969 22.75525 131.3644 245.0
16.0 44.0 16.0 37.11426 39.03031 124.66556 245.0
17.0 3.0 3.0 83.13617 3.83012 88.02622 1178.0
17.0 3.0 17.0 122.78906 11.0008 94.55893 1178.0
17.0 7.0 7.0 121.65014 13.41916 56.97166 831.0
17.0 7.0 17.0 122.78906 11.0008 94.55893 831.0
17.0 10.0 10.0 97.06386 3.9144 61.10335 489.0
17.0 10.0 17.0 122.78906 11.0008 94.55893 489.0
17.0 15.0 15.0 145.14033 26.58153 64.65982 965.0
17.0 15.0 17.0 122.78906 11.0008 94.55893 965.0
17.0 17.0 17.0 122.78906 11.0008 94.55893 4993.0
17.0 17.0 17.0 122.78906 11.0008 94.55893 4993.0
17.0 18.0 18.0 159.19064 24.82299 93.92042 598.0
17.0 18.0 17.0 122.78906 11.0008 94.55893 598.0
17.0 19.0 19.0 66.41334 15.79423 45.3867 2.0
17.0 19.0 17.0 122.78906 11.0008 94.55893 2.0
17.0 23.0 23.0 173.50236 43.48743 77.13018 8.0
17.0 23.0 17.0 122.78906 11.0008 94.55893 8.0
17.0 26.0 26.0 132.13135 45.08488 139.08314 91.0
17.0 26.0 17.0 122.78906 11.0008 94.55893 91.0
17.0 28.0 28.0 84.35847 38.92094 143.13846 14.0
17.0 28.0 17.0 122.78906 11.0008 94.55893 14.0
17.0 29.0 29.0 122.69846 20.58832 121.17285 1516.0
17.0 29.0 17.0 122.78906 11.0008 94.55893 1516.0
17.0 31.0 31.0 121.52747 39.00195 36.03681 7.0
17.0 31.0 17.0 122.78906 11.0008 94.55893 7.0
17.0 33.0 33.0 97.13291 49.94431 149.24027 2.0
17.0 33.0 17.0 122.78906 11.0008 94.55893 2.0
17.0 37.0 37.0 80.2394 11.08718 113.86155 492.0
17.0 37.0 17.0 122.78906 11.0008 94.55893 492.0
17.0 40.0 40.0 83.25457 23.56385 42.38016 2.0
17.0 40.0 17.0 122.78906 11.0008 94.55893 2.0
17.0 44.0 44.0 70.21969 22.75525 131.3644 3.0
17.0 44.0 17.0 122.78906 11.0008 94.55893 3.0
17.0 45.0 45.0 35.07121 116.34301 28.57183 1.0
17.0 45.0 17.0 122.78906 11.0008 94.55893 1.0
17.0 47.0 47.0 164.19785 62.72734 126.10748 21.0
17.0 47.0 17.0 122.78906 11.0008 94.55893 21.0
18.0 3.0 3.0 83.13617 3.83012 88.02622 1.0
18.0 3.0 18.0 159.19064 24.82299 93.92042 1.0
18.0 7.0 7.0 121.65014 13.41916 56.97166 33.0
18.0 7.0 18.0 159.19064 24.82299 93.92042 33.0
18.0 10.0 10.0 97.06386 3.9144 61.10335 1.0
18.0 10.0 18.0 159.19064 24.82299 93.92042 1.0
18.0 12.0 12.0 179.81063 86.41268 84.86222 10.0
18.0 12.0 18.0 159.19064 24.82299 93.92042 10.0
18.0 15.0 15.0 145.14033 26.58153 64.65982 1075.0
18.0 15.0 18.0 159.19064 24.82299 93.92042 1075.0
18.0 17.0 17.0 122.78906 11.0008 94.55893 655.0
18.0 17.0 18.0 159.19064 24.82299 93.92042 655.0
18.0 18.0 18.0 159.19064 24.82299 93.92042 3224.0
18.0 18.0 18.0 159.19064 24.82299 93.92042 3224.0
18.0 23.0 23.0 173.50236 43.48743 77.13018 980.0
18.0 23.0 18.0 159.19064 24.82299 93.92042 980.0
18.0 25.0 25.0 182.85232 63.99727 100.28369 98.0
18.0 25.0 18.0 159.19064 24.82299 93.92042 98.0
18.0 26.0 26.0 132.13135 45.08488 139.08314 222.0
18.0 26.0 18.0 159.19064 24.82299 93.92042 222.0
18.0 29.0 29.0 122.69846 20.58832 121.17285 564.0
18.0 29.0 18.0 159.19064 24.82299 93.92042 564.0
18.0 31.0 31.0 121.52747 39.00195 36.03681 12.0
18.0 31.0 18.0 159.19064 24.82299 93.92042 12.0
18.0 32.0 32.0 156.95718 89.14425 57.98795 10.0
18.0 32.0 18.0 159.19064 24.82299 93.92042 10.0
18.0 37.0 37.0 80.2394 11.08718 113.86155 2.0
18.0 37.0 18.0 159.19064 24.82299 93.92042 2.0
18.0 47.0 47.0 164.19785 62.72734 126.10748 683.0
18.0 47.0 18.0 159.19064 24.82299 93.92042 683.0
19.0 1.0 1.0 66.24935 89.25428 7.48223 17.0
19.0 1.0 19.0 66.41334 15.79423 45.3867 17.0
19.0 2.0 2.0 27.38027 25.36227 87.73285 15.0
19.0 2.0 19.0 66.41334 15.79423 45.3867 15.0
19.0 3.0 3.0 83.13617 3.83012 88.02622 448.0
19.0 3.0 19.0 66.41334 15.79423 45.3867 448.0
19.0 7.0 7.0 121.65014 13.41916 56.97166 15.0
19.0 7.0 19.0 66.41334 15.79423 45.3867 15.0
19.0 8.0 8.0 108.16385 85.99718 38.65614 1.0
19.0 8.0 19.0 66.41334 15.79423 45.3867 1.0
19.0 10.0 10.0 97.06386 3.9144 61.10335 568.0
19.0 10.0 19.0 66.41334 15.79423 45.3867 568.0
19.0 11.0 11.0 48.49715 14.11412 56.52883 1949.0
19.0 11.0 19.0 66.41334 15.79423 45.3867 1949.0
19.0 13.0 13.0 21.822 31.12177 56.41677 68.0
19.0 13.0 19.0 66.41334 15.79423 45.3867 68.0
19.0 17.0 17.0 122.78906 11.0008 94.55893 1.0
19.0 17.0 19.0 66.41334 15.79423 45.3867 1.0
19.0 19.0 19.0 66.41334 15.79423 45.3867 2127.0
19.0 19.0 19.0 66.41334 15.79423 45.3867 2127.0
19.0 20.0 20.0 85.05698 53.73337 22.27989 565.0
19.0 20.0 19.0 66.41334 15.79423 45.3867 565.0
19.0 21.0 21.0 28.25023 78.13081 19.3246 15.0
19.0 21.0 19.0 66.41334 15.79423 45.3867 15.0
19.0 31.0 31.0 121.52747 39.00195 36.03681 34.0
19.0 31.0 19.0 66.41334 15.79423 45.3867 34.0
19.0 36.0 36.0 51.17689 19.46788 119.66132 1.0
19.0 36.0 19.0 66.41334 15.79423 45.3867 1.0
19.0 37.0 37.0 80.2394 11.08718 113.86155 20.0
19.0 37.0 19.0 66.41334 15.79423 45.3867 20.0
19.0 39.0 39.0 21.78903 50.15429 32.81125 211.0
19.0 39.0 19.0 66.41334 15.79423 45.3867 211.0
19.0 40.0 40.0 83.25457 23.56385 42.38016 1614.0
19.0 40.0 19.0 66.41334 15.79423 45.3867 1614.0
20.0 1.0 1.0 66.24935 89.25428 7.48223 2051.0
20.0 1.0 20.0 85.05698 53.73337 22.27989 2051.0
20.0 7.0 7.0 121.65014 13.41916 56.97166 12.0
20.0 7.0 20.0 85.05698 53.73337 22.27989 12.0
20.0 8.0 8.0 108.16385 85.99718 38.65614 3141.0
20.0 8.0 20.0 85.05698 53.73337 22.27989 3141.0
20.0 10.0 10.0 97.06386 3.9144 61.10335 26.0
20.0 10.0 20.0 85.05698 53.73337 22.27989 26.0
20.0 11.0 11.0 48.49715 14.11412 56.52883 251.0
20.0 11.0 20.0 85.05698 53.73337 22.27989 251.0
20.0 12.0 12.0 179.81063 86.41268 84.86222 1.0
20.0 12.0 20.0 85.05698 53.73337 22.27989 1.0
20.0 13.0 13.0 21.822 31.12177 56.41677 11.0
20.0 13.0 20.0 85.05698 53.73337 22.27989 11.0
20.0 14.0 14.0 128.21439 116.05754 40.21216 8.0
20.0 14.0 20.0 85.05698 53.73337 22.27989 8.0
20.0 15.0 15.0 145.14033 26.58153 64.65982 1.0
20.0 15.0 20.0 85.05698 53.73337 22.27989 1.0
20.0 19.0 19.0 66.41334 15.79423 45.3867 524.0
20.0 19.0 20.0 85.05698 53.73337 22.27989 524.0
20.0 20.0 20.0 85.05698 53.73337 22.27989 12406.0
20.0 20.0 20.0 85.05698 53.73337 22.27989 12406.0
20.0 21.0 21.0 28.25023 78.13081 19.3246 251.0
20.0 21.0 20.0 85.05698 53.73337 22.27989 251.0
20.0 31.0 31.0 121.52747 39.00195 36.03681 2081.0
20.0 31.0 20.0 85.05698 53.73337 22.27989 2081.0
20.0 32.0 32.0 156.95718 89.14425 57.98795 6.0
20.0 32.0 20.0 85.05698 53.73337 22.27989 6.0
20.0 39.0 39.0 21.78903 50.15429 32.81125 528.0
20.0 39.0 20.0 85.05698 53.73337 22.27989 528.0
20.0 40.0 40.0 83.25457 23.56385 42.38016 1701.0
20.0 40.0 20.0 85.05698 53.73337 22.27989 1701.0
20.0 45.0 45.0 35.07121 116.34301 28.57183 3.0
20.0 45.0 20.0 85.05698 53.73337 22.27989 3.0
21.0 1.0 1.0 66.24935 89.25428 7.48223 1582.0
21.0 1.0 21.0 28.25023 78.13081 19.3246 1582.0
21.0 5.0 5.0 36.12643 130.01036 82.25854 8.0
21.0 5.0 21.0 28.25023 78.13081 19.3246 8.0
21.0 6.0 6.0 5.4744 84.76867 74.41615 654.0
21.0 6.0 21.0 28.25023 78.13081 19.3246 654.0
21.0 8.0 8.0 108.16385 85.99718 38.65614 3.0
21.0 8.0 21.0 28.25023 78.13081 19.3246 3.0
21.0 11.0 11.0 48.49715 14.11412 56.52883 41.0
21.0 11.0 21.0 28.25023 78.13081 19.3246 41.0
21.0 12.0 12.0 179.81063 86.41268 84.86222 1.0
21.0 12.0 21.0 28.25023 78.13081 19.3246 1.0
21.0 13.0 13.0 21.822 31.12177 56.41677 8.0
21.0 13.0 21.0 28.25023 78.13081 19.3246 8.0
21.0 19.0 19.0 66.41334 15.79423 45.3867 17.0
21.0 19.0 21.0 28.25023 78.13081 19.3246 17.0
21.0 20.0 20.0 85.05698 53.73337 22.27989 243.0
21.0 20.0 21.0 28.25023 78.13081 19.3246 243.0
21.0 21.0 21.0 28.25023 78.13081 19.3246 6399.0
21.0 21.0 21.0 28.25023 78.13081 19.3246 6399.0
21.0 39.0 39.0 21.78903 50.15429 32.81125 2197.0
21.0 39.0 21.0 28.25023 78.13081 19.3246 2197.0
21.0 40.0 40.0 83.25457 23.56385 42.38016 5.0
21.0 40.0 21.0 28.25023 78.13081 19.3246 5.0
21.0 45.0 45.0 35.07121 116.34301 28.57183 1881.0
21.0 45.0 21.0 28.25023 78.13081 19.3246 1881.0
22.0 0.0 0.0 55.11551 48.89172 141.97722 620.0
22.0 0.0 22.0 25.08485 80.0549 119.44668 620.0
22.0 2.0 2.0 27.38027 25.36227 87.73285 81.0
22.0 2.0 22.0 25.08485 80.0549 119.44668 81.0
22.0 4.0 4.0 72.03289 108.38649 139.67133 443.0
22.0 4.0 22.0 25.08485 80.0549 119.44668 443.0
22.0 5.0 5.0 36.12643 130.01036 82.25854 1186.0
22.0 5.0 22.0 25.08485 80.0549 119.44668 1186.0
22.0 6.0 6.0 5.4744 84.76867 74.41615 1975.0
22.0 6.0 22.0 25.08485 80.0549 119.44668 1975.0
22.0 8.0 8.0 108.16385 85.99718 38.65614 1.0
22.0 8.0 22.0 25.08485 80.0549 119.44668 1.0
22.0 13.0 13.0 21.822 31.12177 56.41677 2.0
22.0 13.0 22.0 25.08485 80.0549 119.44668 2.0
22.0 16.0 16.0 37.11426 39.03031 124.66556 1229.0
22.0 16.0 22.0 25.08485 80.0549 119.44668 1229.0
22.0 19.0 19.0 66.41334 15.79423 45.3867 1.0
22.0 19.0 22.0 25.08485 80.0549 119.44668 1.0
22.0 22.0 22.0 25.08485 80.0549 119.44668 13862.0
22.0 22.0 22.0 25.08485 80.0549 119.44668 13862.0
22.0 27.0 27.0 18.75172 45.3028 103.75167 1360.0
22.0 27.0 22.0 25.08485 80.0549 119.44668 1360.0
22.0 28.0 28.0 84.35847 38.92094 143.13846 14.0
22.0 28.0 22.0 25.08485 80.0549 119.44668 14.0
22.0 33.0 33.0 97.13291 49.94431 149.24027 2.0
22.0 33.0 22.0 25.08485 80.0549 119.44668 2.0
22.0 36.0 36.0 51.17689 19.46788 119.66132 15.0
22.0 36.0 22.0 25.08485 80.0549 119.44668 15.0
22.0 37.0 37.0 80.2394 11.08718 113.86155 1.0
22.0 37.0 22.0 25.08485 80.0549 119.44668 1.0
22.0 38.0 38.0 88.75016 68.42011 152.61397 24.0
22.0 38.0 22.0 25.08485 80.0549 119.44668 24.0
22.0 41.0 41.0 59.79948 126.04663 122.49071 695.0
22.0 41.0 22.0 25.08485 80.0549 119.44668 695.0
22.0 42.0 42.0 56.55018 85.20138 144.92494 1660.0
22.0 42.0 22.0 25.08485 80.0549 119.44668 1660.0
22.0 43.0 43.0 101.74326 137.7166 99.15559 1.0
22.0 43.0 22.0 25.08485 80.0549 119.44668 1.0
22.0 44.0 44.0 70.21969 22.75525 131.3644 2.0
22.0 44.0 22.0 25.08485 80.0549 119.44668 2.0
23.0 7.0 7.0 121.65014 13.41916 56.97166 10.0
23.0 7.0 23.0 173.50236 43.48743 77.13018 10.0
23.0 8.0 8.0 108.16385 85.99718 38.65614 5.0
23.0 8.0 23.0 173.50236 43.48743 77.13018 5.0
23.0 12.0 12.0 179.81063 86.41268 84.86222 579.0
23.0 12.0 23.0 173.50236 43.48743 77.13018 579.0
23.0 15.0 15.0 145.14033 26.58153 64.65982 797.0
23.0 15.0 23.0 173.50236 43.48743 77.13018 797.0
23.0 17.0 17.0 122.78906 11.0008 94.55893 7.0
23.0 17.0 23.0 173.50236 43.48743 77.13018 7.0
23.0 18.0 18.0 159.19064 24.82299 93.92042 1028.0
23.0 18.0 23.0 173.50236 43.48743 77.13018 1028.0
23.0 23.0 23.0 173.50236 43.48743 77.13018 3340.0
23.0 23.0 23.0 173.50236 43.48743 77.13018 3340.0
23.0 25.0 25.0 182.85232 63.99727 100.28369 777.0
23.0 25.0 23.0 173.50236 43.48743 77.13018 777.0
23.0 26.0 26.0 132.13135 45.08488 139.08314 10.0
23.0 26.0 23.0 173.50236 43.48743 77.13018 10.0
23.0 28.0 28.0 84.35847 38.92094 143.13846 1.0
23.0 28.0 23.0 173.50236 43.48743 77.13018 1.0
23.0 29.0 29.0 122.69846 20.58832 121.17285 15.0
23.0 29.0 23.0 173.50236 43.48743 77.13018 15.0
23.0 31.0 31.0 121.52747 39.00195 36.03681 123.0
23.0 31.0 23.0 173.50236 43.48743 77.13018 123.0
23.0 32.0 32.0 156.95718 89.14425 57.98795 512.0
23.0 32.0 23.0 173.50236 43.48743 77.13018 512.0
23.0 37.0 37.0 80.2394 11.08718 113.86155 1.0
23.0 37.0 23.0 173.50236 43.48743 77.13018 1.0
23.0 47.0 47.0 164.19785 62.72734 126.10748 331.0
23.0 47.0 23.0 173.50236 43.48743 77.13018 331.0
24.0 0.0 0.0 55.11551 48.89172 141.97722 8.0
24.0 0.0 24.0 107.84668 87.26986 149.14518 8.0
24.0 4.0 4.0 72.03289 108.38649 139.67133 1538.0
24.0 4.0 24.0 107.84668 87.26986 149.14518 1538.0
24.0 9.0 9.0 78.54035 139.94871 102.55934 14.0
24.0 9.0 24.0 107.84668 87.26986 149.14518 14.0
24.0 17.0 17.0 122.78906 11.0008 94.55893 1.0
24.0 17.0 24.0 107.84668 87.26986 149.14518 1.0
24.0 22.0 22.0 25.08485 80.0549 119.44668 1.0
24.0 22.0 24.0 107.84668 87.26986 149.14518 1.0
24.0 24.0 24.0 107.84668 87.26986 149.14518 8949.0
24.0 24.0 24.0 107.84668 87.26986 149.14518 8949.0
24.0 26.0 26.0 132.13135 45.08488 139.08314 905.0
24.0 26.0 24.0 107.84668 87.26986 149.14518 905.0
24.0 28.0 28.0 84.35847 38.92094 143.13846 35.0
24.0 28.0 24.0 107.84668 87.26986 149.14518 35.0
24.0 30.0 30.0 88.34674 139.92777 62.67572 1.0
24.0 30.0 24.0 107.84668 87.26986 149.14518 1.0
24.0 33.0 33.0 97.13291 49.94431 149.24027 484.0
24.0 33.0 24.0 107.84668 87.26986 149.14518 484.0
24.0 34.0 34.0 127.79233 111.2472 129.59189 2563.0
24.0 34.0 24.0 107.84668 87.26986 149.14518 2563.0
24.0 35.0 35.0 147.79493 121.13925 95.67653 5.0
24.0 35.0 24.0 107.84668 87.26986 149.14518 5.0
24.0 38.0 38.0 88.75016 68.42011 152.61397 1937.0
24.0 38.0 24.0 107.84668 87.26986 149.14518 1937.0
24.0 41.0 41.0 59.79948 126.04663 122.49071 97.0
24.0 41.0 24.0 107.84668 87.26986 149.14518 97.0
24.0 42.0 42.0 56.55018 85.20138 144.92494 516.0
24.0 42.0 24.0 107.84668 87.26986 149.14518 516.0
24.0 43.0 43.0 101.74326 137.7166 99.15559 12.0
24.0 43.0 24.0 107.84668 87.26986 149.14518 12.0
24.0 44.0 44.0 70.21969 22.75525 131.3644 3.0
24.0 44.0 24.0 107.84668 87.26986 149.14518 3.0
24.0 47.0 47.0 164.19785 62.72734 126.10748 210.0
24.0 47.0 24.0 107.84668 87.26986 149.14518 210.0
25.0 7.0 7.0 121.65014 13.41916 56.97166 1.0
25.0 7.0 25.0 182.85232 63.99727 100.28369 1.0
25.0 12.0 12.0 179.81063 86.41268 84.86222 1190.0
25.0 12.0 25.0 182.85232 63.99727 100.28369 1190.0
25.0 15.0 15.0 145.14033 26.58153 64.65982 9.0
25.0 15.0 25.0 182.85232 63.99727 100.28369 9.0
25.0 18.0 18.0 159.19064 24.82299 93.92042 110.0
25.0 18.0 25.0 182.85232 63.99727 100.28369 110.0
25.0 23.0 23.0 173.50236 43.48743 77.13018 771.0
25.0 23.0 25.0 182.85232 63.99727 100.28369 771.0
25.0 25.0 25.0 182.85232 63.99727 100.28369 2227.0
25.0 25.0 25.0 182.85232 63.99727 100.28369 2227.0
25.0 26.0 26.0 132.13135 45.08488 139.08314 4.0
25.0 26.0 25.0 182.85232 63.99727 100.28369 4.0
25.0 29.0 29.0 122.69846 20.58832 121.17285 1.0
25.0 29.0 25.0 182.85232 63.99727 100.28369 1.0
25.0 32.0 32.0 156.95718 89.14425 57.98795 37.0
25.0 32.0 25.0 182.85232 63.99727 100.28369 37.0
25.0 34.0 34.0 127.79233 111.2472 129.59189 23.0
25.0 34.0 25.0 182.85232 63.99727 100.28369 23.0
25.0 35.0 35.0 147.79493 121.13925 95.67653 79.0
25.0 35.0 25.0 182.85232 63.99727 100.28369 79.0
25.0 46.0 46.0 114.50098 130.24644 52.71653 1.0
25.0 46.0 25.0 182.85232 63.99727 100.28369 1.0
25.0 47.0 47.0 164.19785 62.72734 126.10748 1241.0
25.0 47.0 25.0 182.85232 63.99727 100.28369 1241.0
26.0 3.0 3.0 83.13617 3.83012 88.02622 1.0
26.0 3.0 26.0 132.13135 45.08488 139.08314 1.0
26.0 17.0 17.0 122.78906 11.0008 94.55893 103.0
26.0 17.0 26.0 132.13135 45.08488 139.08314 103.0
26.0 18.0 18.0 159.19064 24.82299 93.92042 216.0
26.0 18.0 26.0 132.13135 45.08488 139.08314 216.0
26.0 23.0 23.0 173.50236 43.48743 77.13018 5.0
26.0 23.0 26.0 132.13135 45.08488 139.08314 5.0
26.0 24.0 24.0 107.84668 87.26986 149.14518 963.0
26.0 24.0 26.0 132.13135 45.08488 139.08314 963.0
26.0 25.0 25.0 182.85232 63.99727 100.28369 4.0
26.0 25.0 26.0 132.13135 45.08488 139.08314 4.0
26.0 26.0 26.0 132.13135 45.08488 139.08314 8107.0
26.0 26.0 26.0 132.13135 45.08488 139.08314 8107.0
26.0 28.0 28.0 84.35847 38.92094 143.13846 447.0
26.0 28.0 26.0 132.13135 45.08488 139.08314 447.0
26.0 29.0 29.0 122.69846 20.58832 121.17285 1827.0
26.0 29.0 26.0 132.13135 45.08488 139.08314 1827.0
26.0 33.0 33.0 97.13291 49.94431 149.24027 1112.0
26.0 33.0 26.0 132.13135 45.08488 139.08314 1112.0
26.0 34.0 34.0 127.79233 111.2472 129.59189 279.0
26.0 34.0 26.0 132.13135 45.08488 139.08314 279.0
26.0 35.0 35.0 147.79493 121.13925 95.67653 1.0
26.0 35.0 26.0 132.13135 45.08488 139.08314 1.0
26.0 37.0 37.0 80.2394 11.08718 113.86155 108.0
26.0 37.0 26.0 132.13135 45.08488 139.08314 108.0
26.0 38.0 38.0 88.75016 68.42011 152.61397 396.0
26.0 38.0 26.0 132.13135 45.08488 139.08314 396.0
26.0 44.0 44.0 70.21969 22.75525 131.3644 15.0
26.0 44.0 26.0 132.13135 45.08488 139.08314 15.0
26.0 47.0 47.0 164.19785 62.72734 126.10748 1750.0
26.0 47.0 26.0 132.13135 45.08488 139.08314 1750.0
27.0 0.0 0.0 55.11551 48.89172 141.97722 43.0
27.0 0.0 27.0 18.75172 45.3028 103.75167 43.0
27.0 2.0 2.0 27.38027 25.36227 87.73285 1582.0
27.0 2.0 27.0 18.75172 45.3028 103.75167 1582.0
27.0 3.0 3.0 83.13617 3.83012 88.02622 1.0
27.0 3.0 27.0 18.75172 45.3028 103.75167 1.0
27.0 6.0 6.0 5.4744 84.76867 74.41615 776.0
27.0 6.0 27.0 18.75172 45.3028 103.75167 776.0
27.0 11.0 11.0 48.49715 14.11412 56.52883 16.0
27.0 11.0 27.0 18.75172 45.3028 103.75167 16.0
27.0 13.0 13.0 21.822 31.12177 56.41677 128.0
27.0 13.0 27.0 18.75172 45.3028 103.75167 128.0
27.0 16.0 16.0 37.11426 39.03031 124.66556 1261.0
27.0 16.0 27.0 18.75172 45.3028 103.75167 1261.0
27.0 22.0 22.0 25.08485 80.0549 119.44668 1338.0
27.0 22.0 27.0 18.75172 45.3028 103.75167 1338.0
27.0 27.0 27.0 18.75172 45.3028 103.75167 3418.0
27.0 27.0 27.0 18.75172 45.3028 103.75167 3418.0
27.0 36.0 36.0 51.17689 19.46788 119.66132 82.0
27.0 36.0 27.0 18.75172 45.3028 103.75167 82.0
27.0 37.0 37.0 80.2394 11.08718 113.86155 7.0
27.0 37.0 27.0 18.75172 45.3028 103.75167 7.0
27.0 39.0 39.0 21.78903 50.15429 32.81125 22.0
27.0 39.0 27.0 18.75172 45.3028 103.75167 22.0
27.0 42.0 42.0 56.55018 85.20138 144.92494 2.0
27.0 42.0 27.0 18.75172 45.3028 103.75167 2.0
27.0 44.0 44.0 70.21969 22.75525 131.3644 7.0
27.0 44.0 27.0 18.75172 45.3028 103.75167 7.0
27.0 45.0 45.0 35.07121 116.34301 28.57183 1.0
27.0 45.0 27.0 18.75172 45.3028 103.75167 1.0
28.0 0.0 0.0 55.11551 48.89172 141.97722 1098.0
28.0 0.0 28.0 84.35847 38.92094 143.13846 1098.0
28.0 3.0 3.0 83.13617 3.83012 88.02622 8.0
28.0 3.0 28.0 84.35847 38.92094 143.13846 8.0
28.0 4.0 4.0 72.03289 108.38649 139.67133 5.0
28.0 4.0 28.0 84.35847 38.92094 143.13846 5.0
28.0 5.0 5.0 36.12643 130.01036 82.25854 1.0
28.0 5.0 28.0 84.35847 38.92094 143.13846 1.0
28.0 16.0 16.0 37.11426 39.03031 124.66556 39.0
28.0 16.0 28.0 84.35847 38.92094 143.13846 39.0
28.0 17.0 17.0 122.78906 11.0008 94.55893 12.0
28.0 17.0 28.0 84.35847 38.92094 143.13846 12.0
28.0 19.0 19.0 66.41334 15.79423 45.3867 1.0
28.0 19.0 28.0 84.35847 38.92094 143.13846 1.0
28.0 22.0 22.0 25.08485 80.0549 119.44668 12.0
28.0 22.0 28.0 84.35847 38.92094 143.13846 12.0
28.0 24.0 24.0 107.84668 87.26986 149.14518 38.0
28.0 24.0 28.0 84.35847 38.92094 143.13846 38.0
28.0 26.0 26.0 132.13135 45.08488 139.08314 403.0
28.0 26.0 28.0 84.35847 38.92094 143.13846 403.0
28.0 28.0 28.0 84.35847 38.92094 143.13846 3111.0
28.0 28.0 28.0 84.35847 38.92094 143.13846 3111.0
28.0 29.0 29.0 122.69846 20.58832 121.17285 482.0
28.0 29.0 28.0 84.35847 38.92094 143.13846 482.0
28.0 33.0 33.0 97.13291 49.94431 149.24027 1613.0
28.0 33.0 28.0 84.35847 38.92094 143.13846 1613.0
28.0 36.0 36.0 51.17689 19.46788 119.66132 79.0
28.0 36.0 28.0 84.35847 38.92094 143.13846 79.0
28.0 37.0 37.0 80.2394 11.08718 113.86155 718.0
28.0 37.0 28.0 84.35847 38.92094 143.13846 718.0
28.0 38.0 38.0 88.75016 68.42011 152.61397 584.0
28.0 38.0 28.0 84.35847 38.92094 143.13846 584.0
28.0 42.0 42.0 56.55018 85.20138 144.92494 182.0
28.0 42.0 28.0 84.35847 38.92094 143.13846 182.0
28.0 44.0 44.0 70.21969 22.75525 131.3644 946.0
28.0 44.0 28.0 84.35847 38.92094 143.13846 946.0
29.0 0.0 0.0 55.11551 48.89172 141.97722 3.0
29.0 0.0 29.0 122.69846 20.58832 121.17285 3.0
29.0 3.0 3.0 83.13617 3.83012 88.02622 212.0
29.0 3.0 29.0 122.69846 20.58832 121.17285 212.0
29.0 7.0 7.0 121.65014 13.41916 56.97166 12.0
29.0 7.0 29.0 122.69846 20.58832 121.17285 12.0
29.0 10.0 10.0 97.06386 3.9144 61.10335 3.0
29.0 10.0 29.0 122.69846 20.58832 121.17285 3.0
29.0 15.0 15.0 145.14033 26.58153 64.65982 55.0
29.0 15.0 29.0 122.69846 20.58832 121.17285 55.0
29.0 17.0 17.0 122.78906 11.0008 94.55893 1615.0
29.0 17.0 29.0 122.69846 20.58832 121.17285 1615.0
29.0 18.0 18.0 159.19064 24.82299 93.92042 490.0
29.0 18.0 29.0 122.69846 20.58832 121.17285 490.0
29.0 23.0 23.0 173.50236 43.48743 77.13018 9.0
29.0 23.0 29.0 122.69846 20.58832 121.17285 9.0
29.0 24.0 24.0 107.84668 87.26986 149.14518 1.0
29.0 24.0 29.0 122.69846 20.58832 121.17285 1.0
29.0 25.0 25.0 182.85232 63.99727 100.28369 3.0
29.0 25.0 29.0 122.69846 20.58832 121.17285 3.0
29.0 26.0 26.0 132.13135 45.08488 139.08314 1845.0
29.0 26.0 29.0 122.69846 20.58832 121.17285 1845.0
29.0 28.0 28.0 84.35847 38.92094 143.13846 495.0
29.0 28.0 29.0 122.69846 20.58832 121.17285 495.0
29.0 29.0 29.0 122.69846 20.58832 121.17285 4761.0
29.0 29.0 29.0 122.69846 20.58832 121.17285 4761.0
29.0 33.0 33.0 97.13291 49.94431 149.24027 175.0
29.0 33.0 29.0 122.69846 20.58832 121.17285 175.0
29.0 36.0 36.0 51.17689 19.46788 119.66132 1.0
29.0 36.0 29.0 122.69846 20.58832 121.17285 1.0
29.0 37.0 37.0 80.2394 11.08718 113.86155 1195.0
29.0 37.0 29.0 122.69846 20.58832 121.17285 1195.0
29.0 38.0 38.0 88.75016 68.42011 152.61397 7.0
29.0 38.0 29.0 122.69846 20.58832 121.17285 7.0
29.0 44.0 44.0 70.21969 22.75525 131.3644 77.0
29.0 44.0 29.0 122.69846 20.58832 121.17285 77.0
29.0 46.0 46.0 114.50098 130.24644 52.71653 1.0
29.0 46.0 29.0 122.69846 20.58832 121.17285 1.0
29.0 47.0 47.0 164.19785 62.72734 126.10748 236.0
29.0 47.0 29.0 122.69846 20.58832 121.17285 236.0
30.0 1.0 1.0 66.24935 89.25428 7.48223 321.0
30.0 1.0 30.0 88.34674 139.92777 62.67572 321.0
30.0 2.0 2.0 27.38027 25.36227 87.73285 1.0
30.0 2.0 30.0 88.34674 139.92777 62.67572 1.0
30.0 5.0 5.0 36.12643 130.01036 82.25854 1668.0
30.0 5.0 30.0 88.34674 139.92777 62.67572 1668.0
30.0 8.0 8.0 108.16385 85.99718 38.65614 577.0
30.0 8.0 30.0 88.34674 139.92777 62.67572 577.0
30.0 9.0 9.0 78.54035 139.94871 102.55934 1143.0
30.0 9.0 30.0 88.34674 139.92777 62.67572 1143.0
30.0 14.0 14.0 128.21439 116.05754 40.21216 250.0
30.0 14.0 30.0 88.34674 139.92777 62.67572 250.0
30.0 23.0 23.0 173.50236 43.48743 77.13018 1.0
30.0 23.0 30.0 88.34674 139.92777 62.67572 1.0
30.0 30.0 30.0 88.34674 139.92777 62.67572 15018.0
30.0 30.0 30.0 88.34674 139.92777 62.67572 15018.0
30.0 32.0 32.0 156.95718 89.14425 57.98795 2.0
30.0 32.0 30.0 88.34674 139.92777 62.67572 2.0
30.0 34.0 34.0 127.79233 111.2472 129.59189 71.0
30.0 34.0 30.0 88.34674 139.92777 62.67572 71.0
30.0 35.0 35.0 147.79493 121.13925 95.67653 710.0
30.0 35.0 30.0 88.34674 139.92777 62.67572 710.0
30.0 41.0 41.0 59.79948 126.04663 122.49071 23.0
30.0 41.0 30.0 88.34674 139.92777 62.67572 23.0
30.0 43.0 43.0 101.74326 137.7166 99.15559 2190.0
30.0 43.0 30.0 88.34674 139.92777 62.67572 2190.0
30.0 45.0 45.0 35.07121 116.34301 28.57183 762.0
30.0 45.0 30.0 88.34674 139.92777 62.67572 762.0
30.0 46.0 46.0 114.50098 130.24644 52.71653 3348.0
30.0 46.0 30.0 88.34674 139.92777 62.67572 3348.0
31.0 1.0 1.0 66.24935 89.25428 7.48223 2.0
31.0 1.0 31.0 121.52747 39.00195 36.03681 2.0
31.0 3.0 3.0 83.13617 3.83012 88.02622 2.0
31.0 3.0 31.0 121.52747 39.00195 36.03681 2.0
31.0 7.0 7.0 121.65014 13.41916 56.97166 1630.0
31.0 7.0 31.0 121.52747 39.00195 36.03681 1630.0
31.0 8.0 8.0 108.16385 85.99718 38.65614 1978.0
31.0 8.0 31.0 121.52747 39.00195 36.03681 1978.0
31.0 10.0 10.0 97.06386 3.9144 61.10335 402.0
31.0 10.0 31.0 121.52747 39.00195 36.03681 402.0
31.0 11.0 11.0 48.49715 14.11412 56.52883 2.0
31.0 11.0 31.0 121.52747 39.00195 36.03681 2.0
31.0 12.0 12.0 179.81063 86.41268 84.86222 5.0
31.0 12.0 31.0 121.52747 39.00195 36.03681 5.0
31.0 14.0 14.0 128.21439 116.05754 40.21216 3.0
31.0 14.0 31.0 121.52747 39.00195 36.03681 3.0
31.0 15.0 15.0 145.14033 26.58153 64.65982 1320.0
31.0 15.0 31.0 121.52747 39.00195 36.03681 1320.0
31.0 17.0 17.0 122.78906 11.0008 94.55893 7.0
31.0 17.0 31.0 121.52747 39.00195 36.03681 7.0
31.0 18.0 18.0 159.19064 24.82299 93.92042 12.0
31.0 18.0 31.0 121.52747 39.00195 36.03681 12.0
31.0 19.0 19.0 66.41334 15.79423 45.3867 28.0
31.0 19.0 31.0 121.52747 39.00195 36.03681 28.0
31.0 20.0 20.0 85.05698 53.73337 22.27989 2132.0
31.0 20.0 31.0 121.52747 39.00195 36.03681 2132.0
31.0 23.0 23.0 173.50236 43.48743 77.13018 110.0
31.0 23.0 31.0 121.52747 39.00195 36.03681 110.0
31.0 31.0 31.0 121.52747 39.00195 36.03681 11870.0
31.0 31.0 31.0 121.52747 39.00195 36.03681 11870.0
31.0 32.0 32.0 156.95718 89.14425 57.98795 547.0
31.0 32.0 31.0 121.52747 39.00195 36.03681 547.0
31.0 40.0 40.0 83.25457 23.56385 42.38016 1051.0
31.0 40.0 31.0 121.52747 39.00195 36.03681 1051.0
31.0 45.0 45.0 35.07121 116.34301 28.57183 1.0
31.0 45.0 31.0 121.52747 39.00195 36.03681 1.0
32.0 7.0 7.0 121.65014 13.41916 56.97166 7.0
32.0 7.0 32.0 156.95718 89.14425 57.98795 7.0
32.0 8.0 8.0 108.16385 85.99718 38.65614 1590.0
32.0 8.0 32.0 156.95718 89.14425 57.98795 1590.0
32.0 12.0 12.0 179.81063 86.41268 84.86222 1674.0
32.0 12.0 32.0 156.95718 89.14425 57.98795 1674.0
32.0 14.0 14.0 128.21439 116.05754 40.21216 1488.0
32.0 14.0 32.0 156.95718 89.14425 57.98795 1488.0
32.0 15.0 15.0 145.14033 26.58153 64.65982 389.0
32.0 15.0 32.0 156.95718 89.14425 57.98795 389.0
32.0 18.0 18.0 159.19064 24.82299 93.92042 6.0
32.0 18.0 32.0 156.95718 89.14425 57.98795 6.0
32.0 20.0 20.0 85.05698 53.73337 22.27989 7.0
32.0 20.0 32.0 156.95718 89.14425 57.98795 7.0
32.0 23.0 23.0 173.50236 43.48743 77.13018 460.0
32.0 23.0 32.0 156.95718 89.14425 57.98795 460.0
32.0 25.0 25.0 182.85232 63.99727 100.28369 51.0
32.0 25.0 32.0 156.95718 89.14425 57.98795 51.0
32.0 30.0 30.0 88.34674 139.92777 62.67572 3.0
32.0 30.0 32.0 156.95718 89.14425 57.98795 3.0
32.0 31.0 31.0 121.52747 39.00195 36.03681 574.0
32.0 31.0 32.0 156.95718 89.14425 57.98795 574.0
32.0 32.0 32.0 156.95718 89.14425 57.98795 9286.0
32.0 32.0 32.0 156.95718 89.14425 57.98795 9286.0
32.0 34.0 34.0 127.79233 111.2472 129.59189 1.0
32.0 34.0 32.0 156.95718 89.14425 57.98795 1.0
32.0 35.0 35.0 147.79493 121.13925 95.67653 893.0
32.0 35.0 32.0 156.95718 89.14425 57.98795 893.0
32.0 46.0 46.0 114.50098 130.24644 52.71653 303.0
32.0 46.0 32.0 156.95718 89.14425 57.98795 303.0
32.0 47.0 47.0 164.19785 62.72734 126.10748 1.0
32.0 47.0 32.0 156.95718 89.14425 57.98795 1.0
33.0 0.0 0.0 55.11551 48.89172 141.97722 229.0
33.0 0.0 33.0 97.13291 49.94431 149.24027 229.0
33.0 4.0 4.0 72.03289 108.38649 139.67133 6.0
33.0 4.0 33.0 97.13291 49.94431 149.24027 6.0
33.0 16.0 16.0 37.11426 39.03031 124.66556 3.0
33.0 16.0 33.0 97.13291 49.94431 149.24027 3.0
33.0 17.0 17.0 122.78906 11.0008 94.55893 2.0
33.0 17.0 33.0 97.13291 49.94431 149.24027 2.0
33.0 18.0 18.0 159.19064 24.82299 93.92042 1.0
33.0 18.0 33.0 97.13291 49.94431 149.24027 1.0
33.0 22.0 22.0 25.08485 80.0549 119.44668 2.0
33.0 22.0 33.0 97.13291 49.94431 149.24027 2.0
33.0 24.0 24.0 107.84668 87.26986 149.14518 499.0
33.0 24.0 33.0 97.13291 49.94431 149.24027 499.0
33.0 26.0 26.0 132.13135 45.08488 139.08314 1056.0
33.0 26.0 33.0 97.13291 49.94431 149.24027 1056.0
33.0 28.0 28.0 84.35847 38.92094 143.13846 1634.0
33.0 28.0 33.0 97.13291 49.94431 149.24027 1634.0
33.0 29.0 29.0 122.69846 20.58832 121.17285 193.0
33.0 29.0 33.0 97.13291 49.94431 149.24027 193.0
33.0 33.0 33.0 97.13291 49.94431 149.24027 2669.0
33.0 33.0 33.0 97.13291 49.94431 149.24027 2669.0
33.0 34.0 34.0 127.79233 111.2472 129.59189 4.0
33.0 34.0 33.0 97.13291 49.94431 149.24027 4.0
33.0 36.0 36.0 51.17689 19.46788 119.66132 5.0
33.0 36.0 33.0 97.13291 49.94431 149.24027 5.0
33.0 37.0 37.0 80.2394 11.08718 113.86155 96.0
33.0 37.0 33.0 97.13291 49.94431 149.24027 96.0
33.0 38.0 38.0 88.75016 68.42011 152.61397 1529.0
33.0 38.0 33.0 97.13291 49.94431 149.24027 1529.0
33.0 42.0 42.0 56.55018 85.20138 144.92494 143.0
33.0 42.0 33.0 97.13291 49.94431 149.24027 143.0
33.0 44.0 44.0 70.21969 22.75525 131.3644 115.0
33.0 44.0 33.0 97.13291 49.94431 149.24027 115.0
33.0 47.0 47.0 164.19785 62.72734 126.10748 3.0
33.0 47.0 33.0 97.13291 49.94431 149.24027 3.0
34.0 4.0 4.0 72.03289 108.38649 139.67133 902.0
34.0 4.0 34.0 127.79233 111.2472 129.59189 902.0
34.0 5.0 5.0 36.12643 130.01036 82.25854 1.0
34.0 5.0 34.0 127.79233 111.2472 129.59189 1.0
34.0 9.0 9.0 78.54035 139.94871 102.55934 605.0
34.0 9.0 34.0 127.79233 111.2472 129.59189 605.0
34.0 12.0 12.0 179.81063 86.41268 84.86222 87.0
34.0 12.0 34.0 127.79233 111.2472 129.59189 87.0
34.0 14.0 14.0 128.21439 116.05754 40.21216 1.0
34.0 14.0 34.0 127.79233 111.2472 129.59189 1.0
34.0 24.0 24.0 107.84668 87.26986 149.14518 2603.0
34.0 24.0 34.0 127.79233 111.2472 129.59189 2603.0
34.0 25.0 25.0 182.85232 63.99727 100.28369 19.0
34.0 25.0 34.0 127.79233 111.2472 129.59189 19.0
34.0 26.0 26.0 132.13135 45.08488 139.08314 308.0
34.0 26.0 34.0 127.79233 111.2472 129.59189 308.0
34.0 30.0 30.0 88.34674 139.92777 62.67572 85.0
34.0 30.0 34.0 127.79233 111.2472 129.59189 85.0
34.0 32.0 32.0 156.95718 89.14425 57.98795 5.0
34.0 32.0 34.0 127.79233 111.2472 129.59189 5.0
34.0 33.0 33.0 97.13291 49.94431 149.24027 7.0
34.0 33.0 34.0 127.79233 111.2472 129.59189 7.0
34.0 34.0 34.0 127.79233 111.2472 129.59189 17220.0
34.0 34.0 34.0 127.79233 111.2472 129.59189 17220.0
34.0 35.0 35.0 147.79493 121.13925 95.67653 2611.0
34.0 35.0 34.0 127.79233 111.2472 129.59189 2611.0
34.0 38.0 38.0 88.75016 68.42011 152.61397 41.0
34.0 38.0 34.0 127.79233 111.2472 129.59189 41.0
34.0 41.0 41.0 59.79948 126.04663 122.49071 416.0
34.0 41.0 34.0 127.79233 111.2472 129.59189 416.0
34.0 42.0 42.0 56.55018 85.20138 144.92494 7.0
34.0 42.0 34.0 127.79233 111.2472 129.59189 7.0
34.0 43.0 43.0 101.74326 137.7166 99.15559 1425.0
34.0 43.0 34.0 127.79233 111.2472 129.59189 1425.0
34.0 46.0 46.0 114.50098 130.24644 52.71653 9.0
34.0 46.0 34.0 127.79233 111.2472 129.59189 9.0
34.0 47.0 47.0 164.19785 62.72734 126.10748 1111.0
34.0 47.0 34.0 127.79233 111.2472 129.59189 1111.0
35.0 8.0 8.0 108.16385 85.99718 38.65614 4.0
35.0 8.0 35.0 147.79493 121.13925 95.67653 4.0
35.0 9.0 9.0 78.54035 139.94871 102.55934 20.0
35.0 9.0 35.0 147.79493 121.13925 95.67653 20.0
35.0 12.0 12.0 179.81063 86.41268 84.86222 1174.0
35.0 12.0 35.0 147.79493 121.13925 95.67653 1174.0
35.0 14.0 14.0 128.21439 116.05754 40.21216 327.0
35.0 14.0 35.0 147.79493 121.13925 95.67653 327.0
35.0 24.0 24.0 107.84668 87.26986 149.14518 3.0
35.0 24.0 35.0 147.79493 121.13925 95.67653 3.0
35.0 25.0 25.0 182.85232 63.99727 100.28369 80.0
35.0 25.0 35.0 147.79493 121.13925 95.67653 80.0
35.0 26.0 26.0 132.13135 45.08488 139.08314 1.0
35.0 26.0 35.0 147.79493 121.13925 95.67653 1.0
35.0 28.0 28.0 84.35847 38.92094 143.13846 2.0
35.0 28.0 35.0 147.79493 121.13925 95.67653 2.0
35.0 30.0 30.0 88.34674 139.92777 62.67572 735.0
35.0 30.0 35.0 147.79493 121.13925 95.67653 735.0
35.0 32.0 32.0 156.95718 89.14425 57.98795 922.0
35.0 32.0 35.0 147.79493 121.13925 95.67653 922.0
35.0 34.0 34.0 127.79233 111.2472 129.59189 2648.0
35.0 34.0 35.0 147.79493 121.13925 95.67653 2648.0
35.0 35.0 35.0 147.79493 121.13925 95.67653 11475.0
35.0 35.0 35.0 147.79493 121.13925 95.67653 11475.0
35.0 41.0 41.0 59.79948 126.04663 122.49071 1.0
35.0 41.0 35.0 147.79493 121.13925 95.67653 1.0
35.0 43.0 43.0 101.74326 137.7166 99.15559 923.0
35.0 43.0 35.0 147.79493 121.13925 95.67653 923.0
35.0 46.0 46.0 114.50098 130.24644 52.71653 1153.0
35.0 46.0 35.0 147.79493 121.13925 95.67653 1153.0
35.0 47.0 47.0 164.19785 62.72734 126.10748 321.0
35.0 47.0 35.0 147.79493 121.13925 95.67653 321.0
36.0 0.0 0.0 55.11551 48.89172 141.97722 496.0
36.0 0.0 36.0 51.17689 19.46788 119.66132 496.0
36.0 2.0 2.0 27.38027 25.36227 87.73285 506.0
36.0 2.0 36.0 51.17689 19.46788 119.66132 506.0
36.0 3.0 3.0 83.13617 3.83012 88.02622 162.0
36.0 3.0 36.0 51.17689 19.46788 119.66132 162.0
36.0 8.0 8.0 108.16385 85.99718 38.65614 1.0
36.0 8.0 36.0 51.17689 19.46788 119.66132 1.0
36.0 11.0 11.0 48.49715 14.11412 56.52883 68.0
36.0 11.0 36.0 51.17689 19.46788 119.66132 68.0
36.0 13.0 13.0 21.822 31.12177 56.41677 3.0
36.0 13.0 36.0 51.17689 19.46788 119.66132 3.0
36.0 16.0 16.0 37.11426 39.03031 124.66556 1050.0
36.0 16.0 36.0 51.17689 19.46788 119.66132 1050.0
36.0 22.0 22.0 25.08485 80.0549 119.44668 10.0
36.0 22.0 36.0 51.17689 19.46788 119.66132 10.0
36.0 27.0 27.0 18.75172 45.3028 103.75167 106.0
36.0 27.0 36.0 51.17689 19.46788 119.66132 106.0
36.0 28.0 28.0 84.35847 38.92094 143.13846 86.0
36.0 28.0 36.0 51.17689 19.46788 119.66132 86.0
36.0 29.0 29.0 122.69846 20.58832 121.17285 1.0
36.0 29.0 36.0 51.17689 19.46788 119.66132 1.0
36.0 33.0 33.0 97.13291 49.94431 149.24027 3.0
36.0 33.0 36.0 51.17689 19.46788 119.66132 3.0
36.0 36.0 36.0 51.17689 19.46788 119.66132 1464.0
36.0 36.0 36.0 51.17689 19.46788 119.66132 1464.0
36.0 37.0 37.0 80.2394 11.08718 113.86155 896.0
36.0 37.0 36.0 51.17689 19.46788 119.66132 896.0
36.0 38.0 38.0 88.75016 68.42011 152.61397 2.0
36.0 38.0 36.0 51.17689 19.46788 119.66132 2.0
36.0 42.0 42.0 56.55018 85.20138 144.92494 1.0
36.0 42.0 36.0 51.17689 19.46788 119.66132 1.0
36.0 44.0 44.0 70.21969 22.75525 131.3644 799.0
36.0 44.0 36.0 51.17689 19.46788 119.66132 799.0
37.0 0.0 0.0 55.11551 48.89172 141.97722 79.0
37.0 0.0 37.0 80.2394 11.08718 113.86155 79.0
37.0 2.0 2.0 27.38027 25.36227 87.73285 387.0
37.0 2.0 37.0 80.2394 11.08718 113.86155 387.0
37.0 3.0 3.0 83.13617 3.83012 88.02622 2578.0
37.0 3.0 37.0 80.2394 11.08718 113.86155 2578.0
37.0 7.0 7.0 121.65014 13.41916 56.97166 3.0
37.0 7.0 37.0 80.2394 11.08718 113.86155 3.0
37.0 10.0 10.0 97.06386 3.9144 61.10335 44.0
37.0 10.0 37.0 80.2394 11.08718 113.86155 44.0
37.0 11.0 11.0 48.49715 14.11412 56.52883 262.0
37.0 11.0 37.0 80.2394 11.08718 113.86155 262.0
37.0 13.0 13.0 21.822 31.12177 56.41677 1.0
37.0 13.0 37.0 80.2394 11.08718 113.86155 1.0
37.0 16.0 16.0 37.11426 39.03031 124.66556 186.0
37.0 16.0 37.0 80.2394 11.08718 113.86155 186.0
37.0 17.0 17.0 122.78906 11.0008 94.55893 537.0
37.0 17.0 37.0 80.2394 11.08718 113.86155 537.0
37.0 18.0 18.0 159.19064 24.82299 93.92042 2.0
37.0 18.0 37.0 80.2394 11.08718 113.86155 2.0
37.0 19.0 19.0 66.41334 15.79423 45.3867 16.0
37.0 19.0 37.0 80.2394 11.08718 113.86155 16.0
37.0 26.0 26.0 132.13135 45.08488 139.08314 109.0
37.0 26.0 37.0 80.2394 11.08718 113.86155 109.0
37.0 27.0 27.0 18.75172 45.3028 103.75167 12.0
37.0 27.0 37.0 80.2394 11.08718 113.86155 12.0
37.0 28.0 28.0 84.35847 38.92094 143.13846 734.0
37.0 28.0 37.0 80.2394 11.08718 113.86155 734.0
37.0 29.0 29.0 122.69846 20.58832 121.17285 1151.0
37.0 29.0 37.0 80.2394 11.08718 113.86155 1151.0
37.0 33.0 33.0 97.13291 49.94431 149.24027 99.0
37.0 33.0 37.0 80.2394 11.08718 113.86155 99.0
37.0 36.0 36.0 51.17689 19.46788 119.66132 924.0
37.0 36.0 37.0 80.2394 11.08718 113.86155 924.0
37.0 37.0 37.0 80.2394 11.08718 113.86155 7983.0
37.0 37.0 37.0 80.2394 11.08718 113.86155 7983.0
37.0 38.0 38.0 88.75016 68.42011 152.61397 1.0
37.0 38.0 37.0 80.2394 11.08718 113.86155 1.0
37.0 40.0 40.0 83.25457 23.56385 42.38016 1.0
37.0 40.0 37.0 80.2394 11.08718 113.86155 1.0
37.0 42.0 42.0 56.55018 85.20138 144.92494 1.0
37.0 42.0 37.0 80.2394 11.08718 113.86155 1.0
37.0 44.0 44.0 70.21969 22.75525 131.3644 1451.0
37.0 44.0 37.0 80.2394 11.08718 113.86155 1451.0
38.0 0.0 0.0 55.11551 48.89172 141.97722 408.0
38.0 0.0 38.0 88.75016 68.42011 152.61397 408.0
38.0 2.0 2.0 27.38027 25.36227 87.73285 1.0
38.0 2.0 38.0 88.75016 68.42011 152.61397 1.0
38.0 4.0 4.0 72.03289 108.38649 139.67133 230.0
38.0 4.0 38.0 88.75016 68.42011 152.61397 230.0
38.0 16.0 16.0 37.11426 39.03031 124.66556 15.0
38.0 16.0 38.0 88.75016 68.42011 152.61397 15.0
38.0 22.0 22.0 25.08485 80.0549 119.44668 27.0
38.0 22.0 38.0 88.75016 68.42011 152.61397 27.0
38.0 24.0 24.0 107.84668 87.26986 149.14518 1947.0
38.0 24.0 38.0 88.75016 68.42011 152.61397 1947.0
38.0 26.0 26.0 132.13135 45.08488 139.08314 382.0
38.0 26.0 38.0 88.75016 68.42011 152.61397 382.0
38.0 28.0 28.0 84.35847 38.92094 143.13846 608.0
38.0 28.0 38.0 88.75016 68.42011 152.61397 608.0
38.0 29.0 29.0 122.69846 20.58832 121.17285 5.0
38.0 29.0 38.0 88.75016 68.42011 152.61397 5.0
38.0 33.0 33.0 97.13291 49.94431 149.24027 1527.0
38.0 33.0 38.0 88.75016 68.42011 152.61397 1527.0
38.0 34.0 34.0 127.79233 111.2472 129.59189 32.0
38.0 34.0 38.0 88.75016 68.42011 152.61397 32.0
38.0 36.0 36.0 51.17689 19.46788 119.66132 2.0
38.0 36.0 38.0 88.75016 68.42011 152.61397 2.0
38.0 37.0 37.0 80.2394 11.08718 113.86155 2.0
38.0 37.0 38.0 88.75016 68.42011 152.61397 2.0
38.0 38.0 38.0 88.75016 68.42011 152.61397 3170.0
38.0 38.0 38.0 88.75016 68.42011 152.61397 3170.0
38.0 41.0 41.0 59.79948 126.04663 122.49071 1.0
38.0 41.0 38.0 88.75016 68.42011 152.61397 1.0
38.0 42.0 42.0 56.55018 85.20138 144.92494 1090.0
38.0 42.0 38.0 88.75016 68.42011 152.61397 1090.0
38.0 44.0 44.0 70.21969 22.75525 131.3644 12.0
38.0 44.0 38.0 88.75016 68.42011 152.61397 12.0
38.0 47.0 47.0 164.19785 62.72734 126.10748 3.0
38.0 47.0 38.0 88.75016 68.42011 152.61397 3.0
39.0 1.0 1.0 66.24935 89.25428 7.48223 268.0
39.0 1.0 39.0 21.78903 50.15429 32.81125 268.0
39.0 2.0 2.0 27.38027 25.36227 87.73285 160.0
39.0 2.0 39.0 21.78903 50.15429 32.81125 160.0
39.0 5.0 5.0 36.12643 130.01036 82.25854 2.0
39.0 5.0 39.0 21.78903 50.15429 32.81125 2.0
39.0 6.0 6.0 5.4744 84.76867 74.41615 1370.0
39.0 6.0 39.0 21.78903 50.15429 32.81125 1370.0
39.0 8.0 8.0 108.16385 85.99718 38.65614 2.0
39.0 8.0 39.0 21.78903 50.15429 32.81125 2.0
39.0 11.0 11.0 48.49715 14.11412 56.52883 883.0
39.0 11.0 39.0 21.78903 50.15429 32.81125 883.0
39.0 12.0 12.0 179.81063 86.41268 84.86222 1.0
39.0 12.0 39.0 21.78903 50.15429 32.81125 1.0
39.0 13.0 13.0 21.822 31.12177 56.41677 1867.0
39.0 13.0 39.0 21.78903 50.15429 32.81125 1867.0
39.0 19.0 19.0 66.41334 15.79423 45.3867 246.0
39.0 19.0 39.0 21.78903 50.15429 32.81125 246.0
39.0 20.0 20.0 85.05698 53.73337 22.27989 492.0
39.0 20.0 39.0 21.78903 50.15429 32.81125 492.0
39.0 21.0 21.0 28.25023 78.13081 19.3246 2170.0
39.0 21.0 39.0 21.78903 50.15429 32.81125 2170.0
39.0 22.0 22.0 25.08485 80.0549 119.44668 1.0
39.0 22.0 39.0 21.78903 50.15429 32.81125 1.0
39.0 27.0 27.0 18.75172 45.3028 103.75167 19.0
39.0 27.0 39.0 21.78903 50.15429 32.81125 19.0
39.0 39.0 39.0 21.78903 50.15429 32.81125 9996.0
39.0 39.0 39.0 21.78903 50.15429 32.81125 9996.0
39.0 40.0 40.0 83.25457 23.56385 42.38016 35.0
39.0 40.0 39.0 21.78903 50.15429 32.81125 35.0
39.0 45.0 45.0 35.07121 116.34301 28.57183 77.0
39.0 45.0 39.0 21.78903 50.15429 32.81125 77.0
40.0 1.0 1.0 66.24935 89.25428 7.48223 11.0
40.0 1.0 40.0 83.25457 23.56385 42.38016 11.0
40.0 3.0 3.0 83.13617 3.83012 88.02622 132.0
40.0 3.0 40.0 83.25457 23.56385 42.38016 132.0
40.0 7.0 7.0 121.65014 13.41916 56.97166 237.0
40.0 7.0 40.0 83.25457 23.56385 42.38016 237.0
40.0 8.0 8.0 108.16385 85.99718 38.65614 24.0
40.0 8.0 40.0 83.25457 23.56385 42.38016 24.0
40.0 10.0 10.0 97.06386 3.9144 61.10335 1213.0
40.0 10.0 40.0 83.25457 23.56385 42.38016 1213.0
40.0 11.0 11.0 48.49715 14.11412 56.52883 485.0
40.0 11.0 40.0 83.25457 23.56385 42.38016 485.0
40.0 13.0 13.0 21.822 31.12177 56.41677 5.0
40.0 13.0 40.0 83.25457 23.56385 42.38016 5.0
40.0 15.0 15.0 145.14033 26.58153 64.65982 5.0
40.0 15.0 40.0 83.25457 23.56385 42.38016 5.0
40.0 17.0 17.0 122.78906 11.0008 94.55893 4.0
40.0 17.0 40.0 83.25457 23.56385 42.38016 4.0
40.0 19.0 19.0 66.41334 15.79423 45.3867 1512.0
40.0 19.0 40.0 83.25457 23.56385 42.38016 1512.0
40.0 20.0 20.0 85.05698 53.73337 22.27989 1700.0
40.0 20.0 40.0 83.25457 23.56385 42.38016 1700.0
40.0 21.0 21.0 28.25023 78.13081 19.3246 6.0
40.0 21.0 40.0 83.25457 23.56385 42.38016 6.0
40.0 31.0 31.0 121.52747 39.00195 36.03681 1072.0
40.0 31.0 40.0 83.25457 23.56385 42.38016 1072.0
40.0 37.0 37.0 80.2394 11.08718 113.86155 3.0
40.0 37.0 40.0 83.25457 23.56385 42.38016 3.0
40.0 39.0 39.0 21.78903 50.15429 32.81125 31.0
40.0 39.0 40.0 83.25457 23.56385 42.38016 31.0
40.0 40.0 40.0 83.25457 23.56385 42.38016 4522.0
40.0 40.0 40.0 83.25457 23.56385 42.38016 4522.0
41.0 0.0 0.0 55.11551 48.89172 141.97722 2.0
41.0 0.0 41.0 59.79948 126.04663 122.49071 2.0
41.0 4.0 4.0 72.03289 108.38649 139.67133 2782.0
41.0 4.0 41.0 59.79948 126.04663 122.49071 2782.0
41.0 5.0 5.0 36.12643 130.01036 82.25854 2182.0
41.0 5.0 41.0 59.79948 126.04663 122.49071 2182.0
41.0 6.0 6.0 5.4744 84.76867 74.41615 14.0
41.0 6.0 41.0 59.79948 126.04663 122.49071 14.0
41.0 9.0 9.0 78.54035 139.94871 102.55934 2138.0
41.0 9.0 41.0 59.79948 126.04663 122.49071 2138.0
41.0 13.0 13.0 21.822 31.12177 56.41677 1.0
41.0 13.0 41.0 59.79948 126.04663 122.49071 1.0
41.0 16.0 16.0 37.11426 39.03031 124.66556 1.0
41.0 16.0 41.0 59.79948 126.04663 122.49071 1.0
41.0 22.0 22.0 25.08485 80.0549 119.44668 634.0
41.0 22.0 41.0 59.79948 126.04663 122.49071 634.0
41.0 24.0 24.0 107.84668 87.26986 149.14518 87.0
41.0 24.0 41.0 59.79948 126.04663 122.49071 87.0
41.0 28.0 28.0 84.35847 38.92094 143.13846 1.0
41.0 28.0 41.0 59.79948 126.04663 122.49071 1.0
41.0 30.0 30.0 88.34674 139.92777 62.67572 25.0
41.0 30.0 41.0 59.79948 126.04663 122.49071 25.0
41.0 34.0 34.0 127.79233 111.2472 129.59189 419.0
41.0 34.0 41.0 59.79948 126.04663 122.49071 419.0
41.0 35.0 35.0 147.79493 121.13925 95.67653 1.0
41.0 35.0 41.0 59.79948 126.04663 122.49071 1.0
41.0 38.0 38.0 88.75016 68.42011 152.61397 2.0
41.0 38.0 41.0 59.79948 126.04663 122.49071 2.0
41.0 41.0 41.0 59.79948 126.04663 122.49071 9143.0
41.0 41.0 41.0 59.79948 126.04663 122.49071 9143.0
41.0 42.0 42.0 56.55018 85.20138 144.92494 427.0
41.0 42.0 41.0 59.79948 126.04663 122.49071 427.0
41.0 43.0 43.0 101.74326 137.7166 99.15559 347.0
41.0 43.0 41.0 59.79948 126.04663 122.49071 347.0
42.0 0.0 0.0 55.11551 48.89172 141.97722 903.0
42.0 0.0 42.0 56.55018 85.20138 144.92494 903.0
42.0 4.0 4.0 72.03289 108.38649 139.67133 2140.0
42.0 4.0 42.0 56.55018 85.20138 144.92494 2140.0
42.0 5.0 5.0 36.12643 130.01036 82.25854 45.0
42.0 5.0 42.0 56.55018 85.20138 144.92494 45.0
42.0 6.0 6.0 5.4744 84.76867 74.41615 1.0
42.0 6.0 42.0 56.55018 85.20138 144.92494 1.0
42.0 7.0 7.0 121.65014 13.41916 56.97166 1.0
42.0 7.0 42.0 56.55018 85.20138 144.92494 1.0
42.0 16.0 16.0 37.11426 39.03031 124.66556 159.0
42.0 16.0 42.0 56.55018 85.20138 144.92494 159.0
42.0 22.0 22.0 25.08485 80.0549 119.44668 1620.0
42.0 22.0 42.0 56.55018 85.20138 144.92494 1620.0
42.0 24.0 24.0 107.84668 87.26986 149.14518 507.0
42.0 24.0 42.0 56.55018 85.20138 144.92494 507.0
42.0 28.0 28.0 84.35847 38.92094 143.13846 190.0
42.0 28.0 42.0 56.55018 85.20138 144.92494 190.0
42.0 33.0 33.0 97.13291 49.94431 149.24027 138.0
42.0 33.0 42.0 56.55018 85.20138 144.92494 138.0
42.0 34.0 34.0 127.79233 111.2472 129.59189 6.0
42.0 34.0 42.0 56.55018 85.20138 144.92494 6.0
42.0 36.0 36.0 51.17689 19.46788 119.66132 2.0
42.0 36.0 42.0 56.55018 85.20138 144.92494 2.0
42.0 37.0 37.0 80.2394 11.08718 113.86155 1.0
42.0 37.0 42.0 56.55018 85.20138 144.92494 1.0
42.0 38.0 38.0 88.75016 68.42011 152.61397 1114.0
42.0 38.0 42.0 56.55018 85.20138 144.92494 1114.0
42.0 41.0 41.0 59.79948 126.04663 122.49071 388.0
42.0 41.0 42.0 56.55018 85.20138 144.92494 388.0
42.0 42.0 42.0 56.55018 85.20138 144.92494 5795.0
42.0 42.0 42.0 56.55018 85.20138 144.92494 5795.0
42.0 44.0 44.0 70.21969 22.75525 131.3644 1.0
42.0 44.0 42.0 56.55018 85.20138 144.92494 1.0
43.0 4.0 4.0 72.03289 108.38649 139.67133 75.0
43.0 4.0 43.0 101.74326 137.7166 99.15559 75.0
43.0 5.0 5.0 36.12643 130.01036 82.25854 67.0
43.0 5.0 43.0 101.74326 137.7166 99.15559 67.0
43.0 8.0 8.0 108.16385 85.99718 38.65614 1.0
43.0 8.0 43.0 101.74326 137.7166 99.15559 1.0
43.0 9.0 9.0 78.54035 139.94871 102.55934 2111.0
43.0 9.0 43.0 101.74326 137.7166 99.15559 2111.0
43.0 24.0 24.0 107.84668 87.26986 149.14518 10.0
43.0 24.0 43.0 101.74326 137.7166 99.15559 10.0
43.0 30.0 30.0 88.34674 139.92777 62.67572 2059.0
43.0 30.0 43.0 101.74326 137.7166 99.15559 2059.0
43.0 34.0 34.0 127.79233 111.2472 129.59189 1437.0
43.0 34.0 43.0 101.74326 137.7166 99.15559 1437.0
43.0 35.0 35.0 147.79493 121.13925 95.67653 833.0
43.0 35.0 43.0 101.74326 137.7166 99.15559 833.0
43.0 37.0 37.0 80.2394 11.08718 113.86155 1.0
43.0 37.0 43.0 101.74326 137.7166 99.15559 1.0
43.0 41.0 41.0 59.79948 126.04663 122.49071 264.0
43.0 41.0 43.0 101.74326 137.7166 99.15559 264.0
43.0 43.0 43.0 101.74326 137.7166 99.15559 4836.0
43.0 43.0 43.0 101.74326 137.7166 99.15559 4836.0
43.0 45.0 45.0 35.07121 116.34301 28.57183 2.0
43.0 45.0 43.0 101.74326 137.7166 99.15559 2.0
43.0 46.0 46.0 114.50098 130.24644 52.71653 168.0
43.0 46.0 43.0 101.74326 137.7166 99.15559 168.0
44.0 0.0 0.0 55.11551 48.89172 141.97722 633.0
44.0 0.0 44.0 70.21969 22.75525 131.3644 633.0
44.0 2.0 2.0 27.38027 25.36227 87.73285 39.0
44.0 2.0 44.0 70.21969 22.75525 131.3644 39.0
44.0 3.0 3.0 83.13617 3.83012 88.02622 62.0
44.0 3.0 44.0 70.21969 22.75525 131.3644 62.0
44.0 6.0 6.0 5.4744 84.76867 74.41615 1.0
44.0 6.0 44.0 70.21969 22.75525 131.3644 1.0
44.0 11.0 11.0 48.49715 14.11412 56.52883 2.0
44.0 11.0 44.0 70.21969 22.75525 131.3644 2.0
44.0 16.0 16.0 37.11426 39.03031 124.66556 224.0
44.0 16.0 44.0 70.21969 22.75525 131.3644 224.0
44.0 17.0 17.0 122.78906 11.0008 94.55893 2.0
44.0 17.0 44.0 70.21969 22.75525 131.3644 2.0
44.0 22.0 22.0 25.08485 80.0549 119.44668 1.0
44.0 22.0 44.0 70.21969 22.75525 131.3644 1.0
44.0 26.0 26.0 132.13135 45.08488 139.08314 11.0
44.0 26.0 44.0 70.21969 22.75525 131.3644 11.0
44.0 27.0 27.0 18.75172 45.3028 103.75167 5.0
44.0 27.0 44.0 70.21969 22.75525 131.3644 5.0
44.0 28.0 28.0 84.35847 38.92094 143.13846 881.0
44.0 28.0 44.0 70.21969 22.75525 131.3644 881.0
44.0 29.0 29.0 122.69846 20.58832 121.17285 87.0
44.0 29.0 44.0 70.21969 22.75525 131.3644 87.0
44.0 33.0 33.0 97.13291 49.94431 149.24027 104.0
44.0 33.0 44.0 70.21969 22.75525 131.3644 104.0
44.0 36.0 36.0 51.17689 19.46788 119.66132 778.0
44.0 36.0 44.0 70.21969 22.75525 131.3644 778.0
44.0 37.0 37.0 80.2394 11.08718 113.86155 1498.0
44.0 37.0 44.0 70.21969 22.75525 131.3644 1498.0
44.0 38.0 38.0 88.75016 68.42011 152.61397 20.0
44.0 38.0 44.0 70.21969 22.75525 131.3644 20.0
44.0 40.0 40.0 83.25457 23.56385 42.38016 1.0
44.0 40.0 44.0 70.21969 22.75525 131.3644 1.0
44.0 41.0 41.0 59.79948 126.04663 122.49071 1.0
44.0 41.0 44.0 70.21969 22.75525 131.3644 1.0
44.0 42.0 42.0 56.55018 85.20138 144.92494 2.0
44.0 42.0 44.0 70.21969 22.75525 131.3644 2.0
44.0 44.0 44.0 70.21969 22.75525 131.3644 1876.0
44.0 44.0 44.0 70.21969 22.75525 131.3644 1876.0
45.0 1.0 1.0 66.24935 89.25428 7.48223 1882.0
45.0 1.0 45.0 35.07121 116.34301 28.57183 1882.0
45.0 5.0 5.0 36.12643 130.01036 82.25854 2024.0
45.0 5.0 45.0 35.07121 116.34301 28.57183 2024.0
45.0 6.0 6.0 5.4744 84.76867 74.41615 979.0
45.0 6.0 45.0 35.07121 116.34301 28.57183 979.0
45.0 8.0 8.0 108.16385 85.99718 38.65614 112.0
45.0 8.0 45.0 35.07121 116.34301 28.57183 112.0
45.0 9.0 9.0 78.54035 139.94871 102.55934 1.0
45.0 9.0 45.0 35.07121 116.34301 28.57183 1.0
45.0 14.0 14.0 128.21439 116.05754 40.21216 3.0
45.0 14.0 45.0 35.07121 116.34301 28.57183 3.0
45.0 20.0 20.0 85.05698 53.73337 22.27989 2.0
45.0 20.0 45.0 35.07121 116.34301 28.57183 2.0
45.0 21.0 21.0 28.25023 78.13081 19.3246 1888.0
45.0 21.0 45.0 35.07121 116.34301 28.57183 1888.0
45.0 22.0 22.0 25.08485 80.0549 119.44668 1.0
45.0 22.0 45.0 35.07121 116.34301 28.57183 1.0
45.0 30.0 30.0 88.34674 139.92777 62.67572 848.0
45.0 30.0 45.0 35.07121 116.34301 28.57183 848.0
45.0 39.0 39.0 21.78903 50.15429 32.81125 67.0
45.0 39.0 45.0 35.07121 116.34301 28.57183 67.0
45.0 45.0 45.0 35.07121 116.34301 28.57183 13364.0
45.0 45.0 45.0 35.07121 116.34301 28.57183 13364.0
45.0 46.0 46.0 114.50098 130.24644 52.71653 51.0
45.0 46.0 45.0 35.07121 116.34301 28.57183 51.0
46.0 1.0 1.0 66.24935 89.25428 7.48223 138.0
46.0 1.0 46.0 114.50098 130.24644 52.71653 138.0
46.0 5.0 5.0 36.12643 130.01036 82.25854 8.0
46.0 5.0 46.0 114.50098 130.24644 52.71653 8.0
46.0 8.0 8.0 108.16385 85.99718 38.65614 1079.0
46.0 8.0 46.0 114.50098 130.24644 52.71653 1079.0
46.0 9.0 9.0 78.54035 139.94871 102.55934 7.0
46.0 9.0 46.0 114.50098 130.24644 52.71653 7.0
46.0 12.0 12.0 179.81063 86.41268 84.86222 2.0
46.0 12.0 46.0 114.50098 130.24644 52.71653 2.0
46.0 14.0 14.0 128.21439 116.05754 40.21216 2824.0
46.0 14.0 46.0 114.50098 130.24644 52.71653 2824.0
46.0 30.0 30.0 88.34674 139.92777 62.67572 3428.0
46.0 30.0 46.0 114.50098 130.24644 52.71653 3428.0
46.0 31.0 31.0 121.52747 39.00195 36.03681 1.0
46.0 31.0 46.0 114.50098 130.24644 52.71653 1.0
46.0 32.0 32.0 156.95718 89.14425 57.98795 283.0
46.0 32.0 46.0 114.50098 130.24644 52.71653 283.0
46.0 34.0 34.0 127.79233 111.2472 129.59189 17.0
46.0 34.0 46.0 114.50098 130.24644 52.71653 17.0
46.0 35.0 35.0 147.79493 121.13925 95.67653 1137.0
46.0 35.0 46.0 114.50098 130.24644 52.71653 1137.0
46.0 43.0 43.0 101.74326 137.7166 99.15559 166.0
46.0 43.0 46.0 114.50098 130.24644 52.71653 166.0
46.0 45.0 45.0 35.07121 116.34301 28.57183 53.0
46.0 45.0 46.0 114.50098 130.24644 52.71653 53.0
46.0 46.0 46.0 114.50098 130.24644 52.71653 6981.0
46.0 46.0 46.0 114.50098 130.24644 52.71653 6981.0
47.0 12.0 12.0 179.81063 86.41268 84.86222 423.0
47.0 12.0 47.0 164.19785 62.72734 126.10748 423.0
47.0 15.0 15.0 145.14033 26.58153 64.65982 6.0
47.0 15.0 47.0 164.19785 62.72734 126.10748 6.0
47.0 17.0 17.0 122.78906 11.0008 94.55893 20.0
47.0 17.0 47.0 164.19785 62.72734 126.10748 20.0
47.0 18.0 18.0 159.19064 24.82299 93.92042 632.0
47.0 18.0 47.0 164.19785 62.72734 126.10748 632.0
47.0 23.0 23.0 173.50236 43.48743 77.13018 359.0
47.0 23.0 47.0 164.19785 62.72734 126.10748 359.0
47.0 24.0 24.0 107.84668 87.26986 149.14518 224.0
47.0 24.0 47.0 164.19785 62.72734 126.10748 224.0
47.0 25.0 25.0 182.85232 63.99727 100.28369 1175.0
47.0 25.0 47.0 164.19785 62.72734 126.10748 1175.0
47.0 26.0 26.0 132.13135 45.08488 139.08314 1865.0
47.0 26.0 47.0 164.19785 62.72734 126.10748 1865.0
47.0 29.0 29.0 122.69846 20.58832 121.17285 240.0
47.0 29.0 47.0 164.19785 62.72734 126.10748 240.0
47.0 32.0 32.0 156.95718 89.14425 57.98795 3.0
47.0 32.0 47.0 164.19785 62.72734 126.10748 3.0
47.0 33.0 33.0 97.13291 49.94431 149.24027 5.0
47.0 33.0 47.0 164.19785 62.72734 126.10748 5.0
47.0 34.0 34.0 127.79233 111.2472 129.59189 1272.0
47.0 34.0 47.0 164.19785 62.72734 126.10748 1272.0
47.0 35.0 35.0 147.79493 121.13925 95.67653 359.0
47.0 35.0 47.0 164.19785 62.72734 126.10748 359.0
47.0 37.0 37.0 80.2394 11.08718 113.86155 1.0
47.0 37.0 47.0 164.19785 62.72734 126.10748 1.0
47.0 38.0 38.0 88.75016 68.42011 152.61397 5.0
47.0 38.0 47.0 164.19785 62.72734 126.10748 5.0
47.0 47.0 47.0 164.19785 62.72734 126.10748 8896.0
47.0 47.0 47.0 164.19785 62.72734 126.10748 8896.0
