TargetArea SourceArea Area AvgPosX AvgPosY AvgPosZ SumWeights
0.0 0.0 0.0 55.1174 48.9269 141.99417 3444.0
0.0 0.0 0.0 55.1174 48.9269 141.99417 3444.0
0.0 2.0 2.0 27.33441 25.3955 87.70819 7.0
0.0 2.0 0.0 55.1174 48.9269 141.99417 7.0
0.0 4.0 4.0 72.08367 108.39948 139.66719 13.0
0.0 4.0 0.0 55.1174 48.9269 141.99417 13.0
0.0 5.0 5.0 36.1416 130.04268 82.18245 1.0
0.0 5.0 0.0 55.1174 48.9269 141.99417 1.0
0.0 8.0 8.0 108.17504 86.00441 38.67296 1.0
0.0 8.0 0.0 55.1174 48.9269 141.99417 1.0
0.0 16.0 16.0 37.10092 39.07916 124.68555 1247.0
0.0 16.0 0.0 55.1174 48.9269 141.99417 1247.0
0.0 22.0 22.0 25.08285 79.98643 119.45204 526.0
0.0 22.0 0.0 55.1174 48.9269 141.99417 526.0
0.0 24.0 24.0 107.89156 87.25743 149.1392 12.0
0.0 24.0 0.0 55.1174 48.9269 141.99417 12.0
0.0 27.0 27.0 18.74927 45.32757 103.76957 30.0
0.0 27.0 0.0 55.1174 48.9269 141.99417 30.0
0.0 28.0 28.0 84.32158 38.96172 143.1549 992.0
0.0 28.0 0.0 55.1174 48.9269 141.99417 992.0
0.0 33.0 33.0 97.17843 49.93771 149.23952 248.0
0.0 33.0 0.0 55.1174 48.9269 141.99417 248.0
0.0 36.0 36.0 51.18006 19.44917 119.63995 422.0
0.0 36.0 0.0 55.1174 48.9269 141.99417 422.0
0.0 37.0 37.0 80.21778 11.06915 113.83361 74.0
0.0 37.0 0.0 55.1174 48.9269 141.99417 74.0
0.0 38.0 38.0 88.71761 68.42679 152.61939 348.0
0.0 38.0 0.0 55.1174 48.9269 141.99417 348.0
0.0 41.0 41.0 59.83858 126.05479 122.49296 1.0
0.0 41.0 0.0 55.1174 48.9269 141.99417 1.0
0.0 42.0 42.0 56.6092 85.20312 144.95378 826.0
0.0 42.0 0.0 55.1174 48.9269 141.99417 826.0
0.0 44.0 44.0 70.22192 22.7176 131.33341 532.0
0.0 44.0 0.0 55.1174 48.9269 141.99417 532.0
1.0 1.0 1.0 66.23057 89.19428 7.46345 9930.0
1.0 1.0 1.0 66.23057 89.19428 7.46345 9930.0
1.0 5.0 5.0 36.1416 130.04268 82.18245 15.0
1.0 5.0 1.0 66.23057 89.19428 7.46345 15.0
1.0 8.0 8.0 108.17504 86.00441 38.67296 1501.0
1.0 8.0 1.0 66.23057 89.19428 7.46345 1501.0
1.0 11.0 11.0 48.53999 14.10768 56.5184 13.0
1.0 11.0 1.0 66.23057 89.19428 7.46345 13.0
1.0 13.0 13.0 21.79852 31.14312 56.42729 2.0
1.0 13.0 1.0 66.23057 89.19428 7.46345 2.0
1.0 14.0 14.0 128.29011 116.0446 40.26681 47.0
1.0 14.0 1.0 66.23057 89.19428 7.46345 47.0
1.0 19.0 19.0 66.37336 15.8304 45.31995 21.0
1.0 19.0 1.0 66.23057 89.19428 7.46345 21.0
1.0 20.0 20.0 85.02311 53.73618 22.22258 1953.0
1.0 20.0 1.0 66.23057 89.19428 7.46345 1953.0
1.0 21.0 21.0 28.25849 78.12288 19.3161 1355.0
1.0 21.0 1.0 66.23057 89.19428 7.46345 1355.0
1.0 30.0 30.0 88.32188 139.92539 62.66675 300.0
1.0 30.0 1.0 66.23057 89.19428 7.46345 300.0
1.0 31.0 31.0 121.57929 38.98386 36.06201 4.0
1.0 31.0 1.0 66.23057 89.19428 7.46345 4.0
1.0 39.0 39.0 21.79843 50.10914 32.83352 232.0
1.0 39.0 1.0 66.23057 89.19428 7.46345 232.0
1.0 40.0 40.0 83.26245 23.54685 42.37545 16.0
1.0 40.0 1.0 66.23057 89.19428 7.46345 16.0
1.0 45.0 45.0 35.11522 116.37787 28.56763 1683.0
1.0 45.0 1.0 66.23057 89.19428 7.46345 1683.0
1.0 46.0 46.0 114.4813 130.24454 52.70777 128.0
1.0 46.0 1.0 66.23057 89.19428 7.46345 128.0
2.0 0.0 0.0 55.1174 48.9269 141.99417 9.0
2.0 0.0 2.0 27.33441 25.3955 87.70819 9.0
2.0 2.0 2.0 27.33441 25.3955 87.70819 5973.0
2.0 2.0 2.0 27.33441 25.3955 87.70819 5973.0
2.0 3.0 3.0 83.1036 3.82756 88.02653 261.0
2.0 3.0 2.0 27.33441 25.3955 87.70819 261.0
2.0 6.0 6.0 5.46866 84.75425 74.41688 438.0
2.0 6.0 2.0 27.33441 25.3955 87.70819 438.0
2.0 11.0 11.0 48.53999 14.10768 56.5184 1190.0
2.0 11.0 2.0 27.33441 25.3955 87.70819 1190.0
2.0 13.0 13.0 21.79852 31.14312 56.42729 1222.0
2.0 13.0 2.0 27.33441 25.3955 87.70819 1222.0
2.0 16.0 16.0 37.10092 39.07916 124.68555 663.0
2.0 16.0 2.0 27.33441 25.3955 87.70819 663.0
2.0 19.0 19.0 66.37336 15.8304 45.31995 10.0
2.0 19.0 2.0 27.33441 25.3955 87.70819 10.0
2.0 20.0 20.0 85.02311 53.73618 22.22258 1.0
2.0 20.0 2.0 27.33441 25.3955 87.70819 1.0
2.0 21.0 21.0 28.25849 78.12288 19.3161 1.0
2.0 21.0 2.0 27.33441 25.3955 87.70819 1.0
2.0 22.0 22.0 25.08285 79.98643 119.45204 71.0
2.0 22.0 2.0 27.33441 25.3955 87.70819 71.0
2.0 27.0 27.0 18.74927 45.32757 103.76957 1433.0
2.0 27.0 2.0 27.33441 25.3955 87.70819 1433.0
2.0 28.0 28.0 84.32158 38.96172 143.1549 1.0
2.0 28.0 2.0 27.33441 25.3955 87.70819 1.0
2.0 36.0 36.0 51.18006 19.44917 119.63995 469.0
2.0 36.0 2.0 27.33441 25.3955 87.70819 469.0
2.0 37.0 37.0 80.21778 11.06915 113.83361 417.0
2.0 37.0 2.0 27.33441 25.3955 87.70819 417.0
2.0 39.0 39.0 21.79843 50.10914 32.83352 141.0
2.0 39.0 2.0 27.33441 25.3955 87.70819 141.0
2.0 44.0 44.0 70.22192 22.7176 131.33341 21.0
2.0 44.0 2.0 27.33441 25.3955 87.70819 21.0
3.0 2.0 2.0 27.33441 25.3955 87.70819 242.0
3.0 2.0 3.0 83.1036 3.82756 88.02653 242.0
3.0 3.0 3.0 83.1036 3.82756 88.02653 6339.0
3.0 3.0 3.0 83.1036 3.82756 88.02653 6339.0
3.0 7.0 7.0 121.65778 13.43902 56.93185 200.0
3.0 7.0 3.0 83.1036 3.82756 88.02653 200.0
3.0 10.0 10.0 97.05398 3.92074 61.09535 1426.0
3.0 10.0 3.0 83.1036 3.82756 88.02653 1426.0
3.0 11.0 11.0 48.53999 14.10768 56.5184 1011.0
3.0 11.0 3.0 83.1036 3.82756 88.02653 1011.0
3.0 13.0 13.0 21.79852 31.14312 56.42729 3.0
3.0 13.0 3.0 83.1036 3.82756 88.02653 3.0
3.0 15.0 15.0 145.16095 26.62763 64.65101 13.0
3.0 15.0 3.0 83.1036 3.82756 88.02653 13.0
3.0 16.0 16.0 37.10092 39.07916 124.68555 15.0
3.0 16.0 3.0 83.1036 3.82756 88.02653 15.0
3.0 17.0 17.0 122.83264 11.00722 94.53611 1027.0
3.0 17.0 3.0 83.1036 3.82756 88.02653 1027.0
3.0 18.0 18.0 159.21318 24.82753 93.88053 1.0
3.0 18.0 3.0 83.1036 3.82756 88.02653 1.0
3.0 19.0 19.0 66.37336 15.8304 45.31995 375.0
3.0 19.0 3.0 83.1036 3.82756 88.02653 375.0
3.0 27.0 27.0 18.74927 45.32757 103.76957 2.0
3.0 27.0 3.0 83.1036 3.82756 88.02653 2.0
3.0 28.0 28.0 84.32158 38.96172 143.1549 5.0
3.0 28.0 3.0 83.1036 3.82756 88.02653 5.0
3.0 29.0 29.0 122.63144 20.57626 121.19346 204.0
3.0 29.0 3.0 83.1036 3.82756 88.02653 204.0
3.0 31.0 31.0 121.57929 38.98386 36.06201 2.0
3.0 31.0 3.0 83.1036 3.82756 88.02653 2.0
3.0 33.0 33.0 97.17843 49.93771 149.23952 1.0
3.0 33.0 3.0 83.1036 3.82756 88.02653 1.0
3.0 36.0 36.0 51.18006 19.44917 119.63995 130.0
3.0 36.0 3.0 83.1036 3.82756 88.02653 130.0
3.0 37.0 37.0 80.21778 11.06915 113.83361 2266.0
3.0 37.0 3.0 83.1036 3.82756 88.02653 2266.0
3.0 40.0 40.0 83.26245 23.54685 42.37545 128.0
3.0 40.0 3.0 83.1036 3.82756 88.02653 128.0
3.0 44.0 44.0 70.22192 22.7176 131.33341 49.0
3.0 44.0 3.0 83.1036 3.82756 88.02653 49.0
4.0 0.0 0.0 55.1174 48.9269 141.99417 13.0
4.0 0.0 4.0 72.08367 108.39948 139.66719 13.0
4.0 4.0 4.0 72.08367 108.39948 139.66719 5893.0
4.0 4.0 4.0 72.08367 108.39948 139.66719 5893.0
4.0 5.0 5.0 36.1416 130.04268 82.18245 78.0
4.0 5.0 4.0 72.08367 108.39948 139.66719 78.0
4.0 6.0 6.0 5.46866 84.75425 74.41688 2.0
4.0 6.0 4.0 72.08367 108.39948 139.66719 2.0
4.0 9.0 9.0 78.60315 139.93334 102.60951 241.0
4.0 9.0 4.0 72.08367 108.39948 139.66719 241.0
4.0 16.0 16.0 37.10092 39.07916 124.68555 1.0
4.0 16.0 4.0 72.08367 108.39948 139.66719 1.0
4.0 22.0 22.0 25.08285 79.98643 119.45204 401.0
4.0 22.0 4.0 72.08367 108.39948 139.66719 401.0
4.0 24.0 24.0 107.89156 87.25743 149.1392 1343.0
4.0 24.0 4.0 72.08367 108.39948 139.66719 1343.0
4.0 28.0 28.0 84.32158 38.96172 143.1549 2.0
4.0 28.0 4.0 72.08367 108.39948 139.66719 2.0
4.0 33.0 33.0 97.17843 49.93771 149.23952 7.0
4.0 33.0 4.0 72.08367 108.39948 139.66719 7.0
4.0 34.0 34.0 127.84708 111.20539 129.59464 744.0
4.0 34.0 4.0 72.08367 108.39948 139.66719 744.0
4.0 37.0 37.0 80.21778 11.06915 113.83361 1.0
4.0 37.0 4.0 72.08367 108.39948 139.66719 1.0
4.0 38.0 38.0 88.71761 68.42679 152.61939 198.0
4.0 38.0 4.0 72.08367 108.39948 139.66719 198.0
4.0 41.0 41.0 59.83858 126.05479 122.49296 2418.0
4.0 41.0 4.0 72.08367 108.39948 139.66719 2418.0
4.0 42.0 42.0 56.6092 85.20312 144.95378 1892.0
4.0 42.0 4.0 72.08367 108.39948 139.66719 1892.0
4.0 43.0 43.0 101.77148 137.70318 99.18742 65.0
4.0 43.0 4.0 72.08367 108.39948 139.66719 65.0
4.0 45.0 45.0 35.11522 116.37787 28.56763 1.0
4.0 45.0 4.0 72.08367 108.39948 139.66719 1.0
5.0 1.0 1.0 66.23057 89.19428 7.46345 11.0
5.0 1.0 5.0 36.1416 130.04268 82.18245 11.0
5.0 4.0 4.0 72.08367 108.39948 139.66719 92.0
5.0 4.0 5.0 36.1416 130.04268 82.18245 92.0
5.0 5.0 5.0 36.1416 130.04268 82.18245 19317.0
5.0 5.0 5.0 36.1416 130.04268 82.18245 19317.0
5.0 6.0 6.0 5.46866 84.75425 74.41688 1767.0
5.0 6.0 5.0 36.1416 130.04268 82.18245 1767.0
5.0 8.0 8.0 108.17504 86.00441 38.67296 1.0
5.0 8.0 5.0 36.1416 130.04268 82.18245 1.0
5.0 9.0 9.0 78.60315 139.93334 102.60951 1256.0
5.0 9.0 5.0 36.1416 130.04268 82.18245 1256.0
5.0 21.0 21.0 28.25849 78.12288 19.3161 15.0
5.0 21.0 5.0 36.1416 130.04268 82.18245 15.0
5.0 22.0 22.0 25.08285 79.98643 119.45204 1085.0
5.0 22.0 5.0 36.1416 130.04268 82.18245 1085.0
5.0 30.0 30.0 88.32188 139.92539 62.66675 1514.0
5.0 30.0 5.0 36.1416 130.04268 82.18245 1514.0
5.0 34.0 34.0 127.84708 111.20539 129.59464 1.0
5.0 34.0 5.0 36.1416 130.04268 82.18245 1.0
5.0 41.0 41.0 59.83858 126.05479 122.49296 1987.0
5.0 41.0 5.0 36.1416 130.04268 82.18245 1987.0
5.0 42.0 42.0 56.6092 85.20312 144.95378 33.0
5.0 42.0 5.0 36.1416 130.04268 82.18245 33.0
5.0 43.0 43.0 101.77148 137.70318 99.18742 63.0
5.0 43.0 5.0 36.1416 130.04268 82.18245 63.0
5.0 45.0 45.0 35.11522 116.37787 28.56763 1774.0
5.0 45.0 5.0 36.1416 130.04268 82.18245 1774.0
5.0 46.0 46.0 114.4813 130.24454 52.70777 7.0
5.0 46.0 5.0 36.1416 130.04268 82.18245 7.0
6.0 0.0 0.0 55.1174 48.9269 141.99417 1.0
6.0 0.0 6.0 5.46866 84.75425 74.41688 1.0
6.0 2.0 2.0 27.33441 25.3955 87.70819 467.0
6.0 2.0 6.0 5.46866 84.75425 74.41688 467.0
6.0 4.0 4.0 72.08367 108.39948 139.66719 2.0
6.0 4.0 6.0 5.46866 84.75425 74.41688 2.0
6.0 5.0 5.0 36.1416 130.04268 82.18245 1800.0
6.0 5.0 6.0 5.46866 84.75425 74.41688 1800.0
6.0 6.0 6.0 5.46866 84.75425 74.41688 13953.0
6.0 6.0 6.0 5.46866 84.75425 74.41688 13953.0
6.0 8.0 8.0 108.17504 86.00441 38.67296 1.0
6.0 8.0 6.0 5.46866 84.75425 74.41688 1.0
6.0 13.0 13.0 21.79852 31.14312 56.42729 384.0
6.0 13.0 6.0 5.46866 84.75425 74.41688 384.0
6.0 16.0 16.0 37.10092 39.07916 124.68555 8.0
6.0 16.0 6.0 5.46866 84.75425 74.41688 8.0
6.0 21.0 21.0 28.25849 78.12288 19.3161 609.0
6.0 21.0 6.0 5.46866 84.75425 74.41688 609.0
6.0 22.0 22.0 25.08285 79.98643 119.45204 1801.0
6.0 22.0 6.0 5.46866 84.75425 74.41688 1801.0
6.0 27.0 27.0 18.74927 45.32757 103.76957 762.0
6.0 27.0 6.0 5.46866 84.75425 74.41688 762.0
6.0 39.0 39.0 21.79843 50.10914 32.83352 1188.0
6.0 39.0 6.0 5.46866 84.75425 74.41688 1188.0
6.0 41.0 41.0 59.83858 126.05479 122.49296 18.0
6.0 41.0 6.0 5.46866 84.75425 74.41688 18.0
6.0 45.0 45.0 35.11522 116.37787 28.56763 874.0
6.0 45.0 6.0 5.46866 84.75425 74.41688 874.0
7.0 3.0 3.0 83.1036 3.82756 88.02653 203.0
7.0 3.0 7.0 121.65778 13.43902 56.93185 203.0
7.0 7.0 7.0 121.65778 13.43902 56.93185 3620.0
7.0 7.0 7.0 121.65778 13.43902 56.93185 3620.0
7.0 8.0 8.0 108.17504 86.00441 38.67296 4.0
7.0 8.0 7.0 121.65778 13.43902 56.93185 4.0
7.0 10.0 10.0 97.05398 3.92074 61.09535 1283.0
7.0 10.0 7.0 121.65778 13.43902 56.93185 1283.0
7.0 11.0 11.0 48.53999 14.10768 56.5184 1.0
7.0 11.0 7.0 121.65778 13.43902 56.93185 1.0
7.0 15.0 15.0 145.16095 26.62763 64.65101 1317.0
7.0 15.0 7.0 121.65778 13.43902 56.93185 1317.0
7.0 17.0 17.0 122.83264 11.00722 94.53611 734.0
7.0 17.0 7.0 121.65778 13.43902 56.93185 734.0
7.0 18.0 18.0 159.21318 24.82753 93.88053 33.0
7.0 18.0 7.0 121.65778 13.43902 56.93185 33.0
7.0 19.0 19.0 66.37336 15.8304 45.31995 16.0
7.0 19.0 7.0 121.65778 13.43902 56.93185 16.0
7.0 20.0 20.0 85.02311 53.73618 22.22258 25.0
7.0 20.0 7.0 121.65778 13.43902 56.93185 25.0
7.0 23.0 23.0 173.48483 43.49464 77.08156 13.0
7.0 23.0 7.0 121.65778 13.43902 56.93185 13.0
7.0 29.0 29.0 122.63144 20.57626 121.19346 11.0
7.0 29.0 7.0 121.65778 13.43902 56.93185 11.0
7.0 31.0 31.0 121.57929 38.98386 36.06201 1427.0
7.0 31.0 7.0 121.65778 13.43902 56.93185 1427.0
7.0 32.0 32.0 156.98721 89.15242 58.00142 1.0
7.0 32.0 7.0 121.65778 13.43902 56.93185 1.0
7.0 37.0 37.0 80.21778 11.06915 113.83361 4.0
7.0 37.0 7.0 121.65778 13.43902 56.93185 4.0
7.0 40.0 40.0 83.26245 23.54685 42.37545 281.0
7.0 40.0 7.0 121.65778 13.43902 56.93185 281.0
8.0 1.0 1.0 66.23057 89.19428 7.46345 1324.0
8.0 1.0 8.0 108.17504 86.00441 38.67296 1324.0
8.0 3.0 3.0 83.1036 3.82756 88.02653 1.0
8.0 3.0 8.0 108.17504 86.00441 38.67296 1.0
8.0 4.0 4.0 72.08367 108.39948 139.66719 1.0
8.0 4.0 8.0 108.17504 86.00441 38.67296 1.0
8.0 5.0 5.0 36.1416 130.04268 82.18245 8.0
8.0 5.0 8.0 108.17504 86.00441 38.67296 8.0
8.0 7.0 7.0 121.65778 13.43902 56.93185 5.0
8.0 7.0 8.0 108.17504 86.00441 38.67296 5.0
8.0 8.0 8.0 108.17504 86.00441 38.67296 25303.0
8.0 8.0 8.0 108.17504 86.00441 38.67296 25303.0
8.0 12.0 12.0 179.82129 86.33944 84.78299 4.0
8.0 12.0 8.0 108.17504 86.00441 38.67296 4.0
8.0 13.0 13.0 21.79852 31.14312 56.42729 1.0
8.0 13.0 8.0 108.17504 86.00441 38.67296 1.0
8.0 14.0 14.0 128.29011 116.0446 40.26681 2368.0
8.0 14.0 8.0 108.17504 86.00441 38.67296 2368.0
8.0 15.0 15.0 145.16095 26.62763 64.65101 44.0
8.0 15.0 8.0 108.17504 86.00441 38.67296 44.0
8.0 20.0 20.0 85.02311 53.73618 22.22258 2662.0
8.0 20.0 8.0 108.17504 86.00441 38.67296 2662.0
8.0 23.0 23.0 173.48483 43.49464 77.08156 8.0
8.0 23.0 8.0 108.17504 86.00441 38.67296 8.0
8.0 24.0 24.0 107.89156 87.25743 149.1392 1.0
8.0 24.0 8.0 108.17504 86.00441 38.67296 1.0
8.0 30.0 30.0 88.32188 139.92539 62.66675 524.0
8.0 30.0 8.0 108.17504 86.00441 38.67296 524.0
8.0 31.0 31.0 121.57929 38.98386 36.06201 1580.0
8.0 31.0 8.0 108.17504 86.00441 38.67296 1580.0
8.0 32.0 32.0 156.98721 89.15242 58.00142 1278.0
8.0 32.0 8.0 108.17504 86.00441 38.67296 1278.0
8.0 35.0 35.0 147.8018 121.14282 95.66274 2.0
8.0 35.0 8.0 108.17504 86.00441 38.67296 2.0
8.0 40.0 40.0 83.26245 23.54685 42.37545 20.0
8.0 40.0 8.0 108.17504 86.00441 38.67296 20.0
8.0 41.0 41.0 59.83858 126.05479 122.49296 1.0
8.0 41.0 8.0 108.17504 86.00441 38.67296 1.0
8.0 45.0 45.0 35.11522 116.37787 28.56763 78.0
8.0 45.0 8.0 108.17504 86.00441 38.67296 78.0
8.0 46.0 46.0 114.4813 130.24454 52.70777 1015.0
8.0 46.0 8.0 108.17504 86.00441 38.67296 1015.0
9.0 4.0 4.0 72.08367 108.39948 139.66719 269.0
9.0 4.0 9.0 78.60315 139.93334 102.60951 269.0
9.0 5.0 5.0 36.1416 130.04268 82.18245 1199.0
9.0 5.0 9.0 78.60315 139.93334 102.60951 1199.0
9.0 9.0 9.0 78.60315 139.93334 102.60951 4359.0
9.0 9.0 9.0 78.60315 139.93334 102.60951 4359.0
9.0 12.0 12.0 179.82129 86.33944 84.78299 1.0
9.0 12.0 9.0 78.60315 139.93334 102.60951 1.0
9.0 22.0 22.0 25.08285 79.98643 119.45204 1.0
9.0 22.0 9.0 78.60315 139.93334 102.60951 1.0
9.0 24.0 24.0 107.89156 87.25743 149.1392 28.0
9.0 24.0 9.0 78.60315 139.93334 102.60951 28.0
9.0 30.0 30.0 88.32188 139.92539 62.66675 1073.0
9.0 30.0 9.0 78.60315 139.93334 102.60951 1073.0
9.0 34.0 34.0 127.84708 111.20539 129.59464 536.0
9.0 34.0 9.0 78.60315 139.93334 102.60951 536.0
9.0 35.0 35.0 147.8018 121.14282 95.66274 21.0
9.0 35.0 9.0 78.60315 139.93334 102.60951 21.0
9.0 41.0 41.0 59.83858 126.05479 122.49296 1878.0
9.0 41.0 9.0 78.60315 139.93334 102.60951 1878.0
9.0 43.0 43.0 101.77148 137.70318 99.18742 1790.0
9.0 43.0 9.0 78.60315 139.93334 102.60951 1790.0
9.0 45.0 45.0 35.11522 116.37787 28.56763 1.0
9.0 45.0 9.0 78.60315 139.93334 102.60951 1.0
9.0 46.0 46.0 114.4813 130.24454 52.70777 2.0
9.0 46.0 9.0 78.60315 139.93334 102.60951 2.0
10.0 2.0 2.0 27.33441 25.3955 87.70819 2.0
10.0 2.0 10.0 97.05398 3.92074 61.09535 2.0
10.0 3.0 3.0 83.1036 3.82756 88.02653 1393.0
10.0 3.0 10.0 97.05398 3.92074 61.09535 1393.0
10.0 7.0 7.0 121.65778 13.43902 56.93185 1300.0
10.0 7.0 10.0 97.05398 3.92074 61.09535 1300.0
10.0 8.0 8.0 108.17504 86.00441 38.67296 1.0
10.0 8.0 10.0 97.05398 3.92074 61.09535 1.0
10.0 10.0 10.0 97.05398 3.92074 61.09535 3766.0
10.0 10.0 10.0 97.05398 3.92074 61.09535 3766.0
10.0 11.0 11.0 48.53999 14.10768 56.5184 164.0
10.0 11.0 10.0 97.05398 3.92074 61.09535 164.0
10.0 15.0 15.0 145.16095 26.62763 64.65101 62.0
10.0 15.0 10.0 97.05398 3.92074 61.09535 62.0
10.0 17.0 17.0 122.83264 11.00722 94.53611 411.0
10.0 17.0 10.0 97.05398 3.92074 61.09535 411.0
10.0 18.0 18.0 159.21318 24.82753 93.88053 1.0
10.0 18.0 10.0 97.05398 3.92074 61.09535 1.0
10.0 19.0 19.0 66.37336 15.8304 45.31995 540.0
10.0 19.0 10.0 97.05398 3.92074 61.09535 540.0
10.0 20.0 20.0 85.02311 53.73618 22.22258 33.0
10.0 20.0 10.0 97.05398 3.92074 61.09535 33.0
10.0 29.0 29.0 122.63144 20.57626 121.19346 6.0
10.0 29.0 10.0 97.05398 3.92074 61.09535 6.0
10.0 31.0 31.0 121.57929 38.98386 36.06201 347.0
10.0 31.0 10.0 97.05398 3.92074 61.09535 347.0
10.0 37.0 37.0 80.21778 11.06915 113.83361 49.0
10.0 37.0 10.0 97.05398 3.92074 61.09535 49.0
10.0 40.0 40.0 83.26245 23.54685 42.37545 1031.0
10.0 40.0 10.0 97.05398 3.92074 61.09535 1031.0
11.0 1.0 1.0 66.23057 89.19428 7.46345 16.0
11.0 1.0 11.0 48.53999 14.10768 56.5184 16.0
11.0 2.0 2.0 27.33441 25.3955 87.70819 1214.0
11.0 2.0 11.0 48.53999 14.10768 56.5184 1214.0
11.0 3.0 3.0 83.1036 3.82756 88.02653 1024.0
11.0 3.0 11.0 48.53999 14.10768 56.5184 1024.0
11.0 7.0 7.0 121.65778 13.43902 56.93185 1.0
11.0 7.0 11.0 48.53999 14.10768 56.5184 1.0
11.0 8.0 8.0 108.17504 86.00441 38.67296 1.0
11.0 8.0 11.0 48.53999 14.10768 56.5184 1.0
11.0 10.0 10.0 97.05398 3.92074 61.09535 164.0
11.0 10.0 11.0 48.53999 14.10768 56.5184 164.0
11.0 11.0 11.0 48.53999 14.10768 56.5184 7340.0
11.0 11.0 11.0 48.53999 14.10768 56.5184 7340.0
11.0 13.0 13.0 21.79852 31.14312 56.42729 1326.0
11.0 13.0 11.0 48.53999 14.10768 56.5184 1326.0
11.0 16.0 16.0 37.10092 39.07916 124.68555 13.0
11.0 16.0 11.0 48.53999 14.10768 56.5184 13.0
11.0 19.0 19.0 66.37336 15.8304 45.31995 1834.0
11.0 19.0 11.0 48.53999 14.10768 56.5184 1834.0
11.0 20.0 20.0 85.02311 53.73618 22.22258 224.0
11.0 20.0 11.0 48.53999 14.10768 56.5184 224.0
11.0 21.0 21.0 28.25849 78.12288 19.3161 29.0
11.0 21.0 11.0 48.53999 14.10768 56.5184 29.0
11.0 27.0 27.0 18.74927 45.32757 103.76957 10.0
11.0 27.0 11.0 48.53999 14.10768 56.5184 10.0
11.0 31.0 31.0 121.57929 38.98386 36.06201 3.0
11.0 31.0 11.0 48.53999 14.10768 56.5184 3.0
11.0 36.0 36.0 51.18006 19.44917 119.63995 71.0
11.0 36.0 11.0 48.53999 14.10768 56.5184 71.0
11.0 37.0 37.0 80.21778 11.06915 113.83361 203.0
11.0 37.0 11.0 48.53999 14.10768 56.5184 203.0
11.0 39.0 39.0 21.79843 50.10914 32.83352 803.0
11.0 39.0 11.0 48.53999 14.10768 56.5184 803.0
11.0 40.0 40.0 83.26245 23.54685 42.37545 470.0
11.0 40.0 11.0 48.53999 14.10768 56.5184 470.0
11.0 44.0 44.0 70.22192 22.7176 131.33341 3.0
11.0 44.0 11.0 48.53999 14.10768 56.5184 3.0
12.0 8.0 8.0 108.17504 86.00441 38.67296 2.0
12.0 8.0 12.0 179.82129 86.33944 84.78299 2.0
12.0 12.0 12.0 179.82129 86.33944 84.78299 5278.0
12.0 12.0 12.0 179.82129 86.33944 84.78299 5278.0
12.0 14.0 14.0 128.29011 116.0446 40.26681 6.0
12.0 14.0 12.0 179.82129 86.33944 84.78299 6.0
12.0 15.0 15.0 145.16095 26.62763 64.65101 29.0
12.0 15.0 12.0 179.82129 86.33944 84.78299 29.0
12.0 18.0 18.0 159.21318 24.82753 93.88053 18.0
12.0 18.0 12.0 179.82129 86.33944 84.78299 18.0
12.0 23.0 23.0 173.48483 43.49464 77.08156 506.0
12.0 23.0 12.0 179.82129 86.33944 84.78299 506.0
12.0 24.0 24.0 107.89156 87.25743 149.1392 1.0
12.0 24.0 12.0 179.82129 86.33944 84.78299 1.0
12.0 25.0 25.0 182.84209 64.03539 100.32718 1057.0
12.0 25.0 12.0 179.82129 86.33944 84.78299 1057.0
12.0 31.0 31.0 121.57929 38.98386 36.06201 8.0
12.0 31.0 12.0 179.82129 86.33944 84.78299 8.0
12.0 32.0 32.0 156.98721 89.15242 58.00142 1584.0
12.0 32.0 12.0 179.82129 86.33944 84.78299 1584.0
12.0 34.0 34.0 127.84708 111.20539 129.59464 77.0
12.0 34.0 12.0 179.82129 86.33944 84.78299 77.0
12.0 35.0 35.0 147.8018 121.14282 95.66274 1094.0
12.0 35.0 12.0 179.82129 86.33944 84.78299 1094.0
12.0 46.0 46.0 114.4813 130.24454 52.70777 3.0
12.0 46.0 12.0 179.82129 86.33944 84.78299 3.0
12.0 47.0 47.0 164.2235 62.74163 126.07091 393.0
12.0 47.0 12.0 179.82129 86.33944 84.78299 393.0
13.0 2.0 2.0 27.33441 25.3955 87.70819 1232.0
13.0 2.0 13.0 21.79852 31.14312 56.42729 1232.0
13.0 3.0 3.0 83.1036 3.82756 88.02653 7.0
13.0 3.0 13.0 21.79852 31.14312 56.42729 7.0
13.0 6.0 6.0 5.46866 84.75425 74.41688 383.0
13.0 6.0 13.0 21.79852 31.14312 56.42729 383.0
13.0 11.0 11.0 48.53999 14.10768 56.5184 1407.0
13.0 11.0 13.0 21.79852 31.14312 56.42729 1407.0
13.0 13.0 13.0 21.79852 31.14312 56.42729 3403.0
13.0 13.0 13.0 21.79852 31.14312 56.42729 3403.0
13.0 16.0 16.0 37.10092 39.07916 124.68555 1.0
13.0 16.0 13.0 21.79852 31.14312 56.42729 1.0
13.0 19.0 19.0 66.37336 15.8304 45.31995 78.0
13.0 19.0 13.0 21.79852 31.14312 56.42729 78.0
13.0 20.0 20.0 85.02311 53.73618 22.22258 7.0
13.0 20.0 13.0 21.79852 31.14312 56.42729 7.0
13.0 21.0 21.0 28.25849 78.12288 19.3161 6.0
13.0 21.0 13.0 21.79852 31.14312 56.42729 6.0
13.0 22.0 22.0 25.08285 79.98643 119.45204 3.0
13.0 22.0 13.0 21.79852 31.14312 56.42729 3.0
13.0 27.0 27.0 18.74927 45.32757 103.76957 93.0
13.0 27.0 13.0 21.79852 31.14312 56.42729 93.0
13.0 36.0 36.0 51.18006 19.44917 119.63995 1.0
13.0 36.0 13.0 21.79852 31.14312 56.42729 1.0
13.0 39.0 39.0 21.79843 50.10914 32.83352 1589.0
13.0 39.0 13.0 21.79852 31.14312 56.42729 1589.0
13.0 40.0 40.0 83.26245 23.54685 42.37545 4.0
13.0 40.0 13.0 21.79852 31.14312 56.42729 4.0
14.0 1.0 1.0 66.23057 89.19428 7.46345 46.0
14.0 1.0 14.0 128.29011 116.0446 40.26681 46.0
14.0 8.0 8.0 108.17504 86.00441 38.67296 2392.0
14.0 8.0 14.0 128.29011 116.0446 40.26681 2392.0
14.0 12.0 12.0 179.82129 86.33944 84.78299 10.0
14.0 12.0 14.0 128.29011 116.0446 40.26681 10.0
14.0 14.0 14.0 128.29011 116.0446 40.26681 6454.0
14.0 14.0 14.0 128.29011 116.0446 40.26681 6454.0
14.0 20.0 20.0 85.02311 53.73618 22.22258 10.0
14.0 20.0 14.0 128.29011 116.0446 40.26681 10.0
14.0 30.0 30.0 88.32188 139.92539 62.66675 210.0
14.0 30.0 14.0 128.29011 116.0446 40.26681 210.0
14.0 31.0 31.0 121.57929 38.98386 36.06201 6.0
14.0 31.0 14.0 128.29011 116.0446 40.26681 6.0
14.0 32.0 32.0 156.98721 89.15242 58.00142 1211.0
14.0 32.0 14.0 128.29011 116.0446 40.26681 1211.0
14.0 35.0 35.0 147.8018 121.14282 95.66274 292.0
14.0 35.0 14.0 128.29011 116.0446 40.26681 292.0
14.0 43.0 43.0 101.77148 137.70318 99.18742 1.0
14.0 43.0 14.0 128.29011 116.0446 40.26681 1.0
14.0 45.0 45.0 35.11522 116.37787 28.56763 1.0
14.0 45.0 14.0 128.29011 116.0446 40.26681 1.0
14.0 46.0 46.0 114.4813 130.24454 52.70777 2580.0
14.0 46.0 14.0 128.29011 116.0446 40.26681 2580.0
15.0 3.0 3.0 83.1036 3.82756 88.02653 25.0
15.0 3.0 15.0 145.16095 26.62763 64.65101 25.0
15.0 7.0 7.0 121.65778 13.43902 56.93185 1361.0
15.0 7.0 15.0 145.16095 26.62763 64.65101 1361.0
15.0 8.0 8.0 108.17504 86.00441 38.67296 63.0
15.0 8.0 15.0 145.16095 26.62763 64.65101 63.0
15.0 10.0 10.0 97.05398 3.92074 61.09535 62.0
15.0 10.0 15.0 145.16095 26.62763 64.65101 62.0
15.0 12.0 12.0 179.82129 86.33944 84.78299 27.0
15.0 12.0 15.0 145.16095 26.62763 64.65101 27.0
15.0 15.0 15.0 145.16095 26.62763 64.65101 4515.0
15.0 15.0 15.0 145.16095 26.62763 64.65101 4515.0
15.0 17.0 17.0 122.83264 11.00722 94.53611 818.0
15.0 17.0 15.0 145.16095 26.62763 64.65101 818.0
15.0 18.0 18.0 159.21318 24.82753 93.88053 934.0
15.0 18.0 15.0 145.16095 26.62763 64.65101 934.0
15.0 23.0 23.0 173.48483 43.49464 77.08156 678.0
15.0 23.0 15.0 145.16095 26.62763 64.65101 678.0
15.0 25.0 25.0 182.84209 64.03539 100.32718 7.0
15.0 25.0 15.0 145.16095 26.62763 64.65101 7.0
15.0 26.0 26.0 132.12101 45.09362 139.09058 6.0
15.0 26.0 15.0 145.16095 26.62763 64.65101 6.0
15.0 29.0 29.0 122.63144 20.57626 121.19346 48.0
15.0 29.0 15.0 145.16095 26.62763 64.65101 48.0
15.0 31.0 31.0 121.57929 38.98386 36.06201 1259.0
15.0 31.0 15.0 145.16095 26.62763 64.65101 1259.0
15.0 32.0 32.0 156.98721 89.15242 58.00142 292.0
15.0 32.0 15.0 145.16095 26.62763 64.65101 292.0
15.0 37.0 37.0 80.21778 11.06915 113.83361 2.0
15.0 37.0 15.0 145.16095 26.62763 64.65101 2.0
15.0 40.0 40.0 83.26245 23.54685 42.37545 2.0
15.0 40.0 15.0 145.16095 26.62763 64.65101 2.0
15.0 47.0 47.0 164.2235 62.74163 126.07091 6.0
15.0 47.0 15.0 145.16095 26.62763 64.65101 6.0
16.0 0.0 0.0 55.1174 48.9269 141.99417 1243.0
16.0 0.0 16.0 37.10092 39.07916 124.68555 1243.0
16.0 2.0 2.0 27.33441 25.3955 87.70819 668.0
16.0 2.0 16.0 37.10092 39.07916 124.68555 668.0
16.0 3.0 3.0 83.1036 3.82756 88.02653 13.0
16.0 3.0 16.0 37.10092 39.07916 124.68555 13.0
16.0 4.0 4.0 72.08367 108.39948 139.66719 1.0
16.0 4.0 16.0 37.10092 39.07916 124.68555 1.0
16.0 6.0 6.0 5.46866 84.75425 74.41688 9.0
16.0 6.0 16.0 37.10092 39.07916 124.68555 9.0
16.0 11.0 11.0 48.53999 14.10768 56.5184 22.0
16.0 11.0 16.0 37.10092 39.07916 124.68555 22.0
16.0 16.0 16.0 37.10092 39.07916 124.68555 3731.0
16.0 16.0 16.0 37.10092 39.07916 124.68555 3731.0
16.0 22.0 22.0 25.08285 79.98643 119.45204 1131.0
16.0 22.0 16.0 37.10092 39.07916 124.68555 1131.0
16.0 23.0 23.0 173.48483 43.49464 77.08156 1.0
16.0 23.0 16.0 37.10092 39.07916 124.68555 1.0
16.0 26.0 26.0 132.12101 45.09362 139.09058 1.0
16.0 26.0 16.0 37.10092 39.07916 124.68555 1.0
16.0 27.0 27.0 18.74927 45.32757 103.76957 1019.0
16.0 27.0 16.0 37.10092 39.07916 124.68555 1019.0
16.0 28.0 28.0 84.32158 38.96172 143.1549 39.0
16.0 28.0 16.0 37.10092 39.07916 124.68555 39.0
16.0 33.0 33.0 97.17843 49.93771 149.23952 1.0
16.0 33.0 16.0 37.10092 39.07916 124.68555 1.0
16.0 36.0 36.0 51.18006 19.44917 119.63995 901.0
16.0 36.0 16.0 37.10092 39.07916 124.68555 901.0
16.0 37.0 37.0 80.21778 11.06915 113.83361 160.0
16.0 37.0 16.0 37.10092 39.07916 124.68555 160.0
16.0 38.0 38.0 88.71761 68.42679 152.61939 15.0
16.0 38.0 16.0 37.10092 39.07916 124.68555 15.0
16.0 41.0 41.0 59.83858 126.05479 122.49296 1.0
16.0 41.0 16.0 37.10092 39.07916 124.68555 1.0
16.0 42.0 42.0 56.6092 85.20312 144.95378 171.0
16.0 42.0 16.0 37.10092 39.07916 124.68555 171.0
16.0 44.0 44.0 70.22192 22.7176 131.33341 219.0
16.0 44.0 16.0 37.10092 39.07916 124.68555 219.0
17.0 3.0 3.0 83.1036 3.82756 88.02653 1045.0
17.0 3.0 17.0 122.83264 11.00722 94.53611 1045.0
17.0 7.0 7.0 121.65778 13.43902 56.93185 749.0
17.0 7.0 17.0 122.83264 11.00722 94.53611 749.0
17.0 10.0 10.0 97.05398 3.92074 61.09535 422.0
17.0 10.0 17.0 122.83264 11.00722 94.53611 422.0
17.0 15.0 15.0 145.16095 26.62763 64.65101 863.0
17.0 15.0 17.0 122.83264 11.00722 94.53611 863.0
17.0 17.0 17.0 122.83264 11.00722 94.53611 4437.0
17.0 17.0 17.0 122.83264 11.00722 94.53611 4437.0
17.0 18.0 18.0 159.21318 24.82753 93.88053 545.0
17.0 18.0 17.0 122.83264 11.00722 94.53611 545.0
17.0 19.0 19.0 66.37336 15.8304 45.31995 2.0
17.0 19.0 17.0 122.83264 11.00722 94.53611 2.0
17.0 23.0 23.0 173.48483 43.49464 77.08156 5.0
17.0 23.0 17.0 122.83264 11.00722 94.53611 5.0
17.0 26.0 26.0 132.12101 45.09362 139.09058 76.0
17.0 26.0 17.0 122.83264 11.00722 94.53611 76.0
17.0 28.0 28.0 84.32158 38.96172 143.1549 11.0
17.0 28.0 17.0 122.83264 11.00722 94.53611 11.0
17.0 29.0 29.0 122.63144 20.57626 121.19346 1344.0
17.0 29.0 17.0 122.83264 11.00722 94.53611 1344.0
17.0 31.0 31.0 121.57929 38.98386 36.06201 7.0
17.0 31.0 17.0 122.83264 11.00722 94.53611 7.0
17.0 33.0 33.0 97.17843 49.93771 149.23952 2.0
17.0 33.0 17.0 122.83264 11.00722 94.53611 2.0
17.0 37.0 37.0 80.21778 11.06915 113.83361 455.0
17.0 37.0 17.0 122.83264 11.00722 94.53611 455.0
17.0 40.0 40.0 83.26245 23.54685 42.37545 1.0
17.0 40.0 17.0 122.83264 11.00722 94.53611 1.0
17.0 44.0 44.0 70.22192 22.7176 131.33341 2.0
17.0 44.0 17.0 122.83264 11.00722 94.53611 2.0
17.0 45.0 45.0 35.11522 116.37787 28.56763 1.0
17.0 45.0 17.0 122.83264 11.00722 94.53611 1.0
17.0 47.0 47.0 164.2235 62.74163 126.07091 19.0
17.0 47.0 17.0 122.83264 11.00722 94.53611 19.0
18.0 3.0 3.0 83.1036 3.82756 88.02653 1.0
18.0 3.0 18.0 159.21318 24.82753 93.88053 1.0
18.0 7.0 7.0 121.65778 13.43902 56.93185 31.0
18.0 7.0 18.0 159.21318 24.82753 93.88053 31.0
18.0 10.0 10.0 97.05398 3.92074 61.09535 1.0
18.0 10.0 18.0 159.21318 24.82753 93.88053 1.0
18.0 12.0 12.0 179.82129 86.33944 84.78299 7.0
18.0 12.0 18.0 159.21318 24.82753 93.88053 7.0
18.0 15.0 15.0 145.16095 26.62763 64.65101 977.0
18.0 15.0 18.0 159.21318 24.82753 93.88053 977.0
18.0 17.0 17.0 122.83264 11.00722 94.53611 580.0
18.0 17.0 18.0 159.21318 24.82753 93.88053 580.0
18.0 18.0 18.0 159.21318 24.82753 93.88053 2884.0
18.0 18.0 18.0 159.21318 24.82753 93.88053 2884.0
18.0 23.0 23.0 173.48483 43.49464 77.08156 874.0
18.0 23.0 18.0 159.21318 24.82753 93.88053 874.0
18.0 25.0 25.0 182.84209 64.03539 100.32718 90.0
18.0 25.0 18.0 159.21318 24.82753 93.88053 90.0
18.0 26.0 26.0 132.12101 45.09362 139.09058 198.0
18.0 26.0 18.0 159.21318 24.82753 93.88053 198.0
18.0 29.0 29.0 122.63144 20.57626 121.19346 507.0
18.0 29.0 18.0 159.21318 24.82753 93.88053 507.0
18.0 31.0 31.0 121.57929 38.98386 36.06201 11.0
18.0 31.0 18.0 159.21318 24.82753 93.88053 11.0
18.0 32.0 32.0 156.98721 89.15242 58.00142 11.0
18.0 32.0 18.0 159.21318 24.82753 93.88053 11.0
18.0 37.0 37.0 80.21778 11.06915 113.83361 2.0
18.0 37.0 18.0 159.21318 24.82753 93.88053 2.0
18.0 47.0 47.0 164.2235 62.74163 126.07091 608.0
18.0 47.0 18.0 159.21318 24.82753 93.88053 608.0
19.0 1.0 1.0 66.23057 89.19428 7.46345 22.0
19.0 1.0 19.0 66.37336 15.8304 45.31995 22.0
19.0 2.0 2.0 27.33441 25.3955 87.70819 16.0
19.0 2.0 19.0 66.37336 15.8304 45.31995 16.0
19.0 3.0 3.0 83.1036 3.82756 88.02653 402.0
19.0 3.0 19.0 66.37336 15.8304 45.31995 402.0
19.0 7.0 7.0 121.65778 13.43902 56.93185 14.0
19.0 7.0 19.0 66.37336 15.8304 45.31995 14.0
19.0 8.0 8.0 108.17504 86.00441 38.67296 1.0
19.0 8.0 19.0 66.37336 15.8304 45.31995 1.0
19.0 10.0 10.0 97.05398 3.92074 61.09535 515.0
19.0 10.0 19.0 66.37336 15.8304 45.31995 515.0
19.0 11.0 11.0 48.53999 14.10768 56.5184 1764.0
19.0 11.0 19.0 66.37336 15.8304 45.31995 1764.0
19.0 13.0 13.0 21.79852 31.14312 56.42729 58.0
19.0 13.0 19.0 66.37336 15.8304 45.31995 58.0
19.0 17.0 17.0 122.83264 11.00722 94.53611 1.0
19.0 17.0 19.0 66.37336 15.8304 45.31995 1.0
19.0 19.0 19.0 66.37336 15.8304 45.31995 1857.0
19.0 19.0 19.0 66.37336 15.8304 45.31995 1857.0
19.0 20.0 20.0 85.02311 53.73618 22.22258 503.0
19.0 20.0 19.0 66.37336 15.8304 45.31995 503.0
19.0 21.0 21.0 28.25849 78.12288 19.3161 17.0
19.0 21.0 19.0 66.37336 15.8304 45.31995 17.0
19.0 31.0 31.0 121.57929 38.98386 36.06201 24.0
19.0 31.0 19.0 66.37336 15.8304 45.31995 24.0
19.0 37.0 37.0 80.21778 11.06915 113.83361 13.0
19.0 37.0 19.0 66.37336 15.8304 45.31995 13.0
19.0 39.0 39.0 21.79843 50.10914 32.83352 183.0
19.0 39.0 19.0 66.37336 15.8304 45.31995 183.0
19.0 40.0 40.0 83.26245 23.54685 42.37545 1409.0
19.0 40.0 19.0 66.37336 15.8304 45.31995 1409.0
20.0 1.0 1.0 66.23057 89.19428 7.46345 1842.0
20.0 1.0 20.0 85.02311 53.73618 22.22258 1842.0
20.0 7.0 7.0 121.65778 13.43902 56.93185 15.0
20.0 7.0 20.0 85.02311 53.73618 22.22258 15.0
20.0 8.0 8.0 108.17504 86.00441 38.67296 2781.0
20.0 8.0 20.0 85.02311 53.73618 22.22258 2781.0
20.0 10.0 10.0 97.05398 3.92074 61.09535 20.0
20.0 10.0 20.0 85.02311 53.73618 22.22258 20.0
20.0 11.0 11.0 48.53999 14.10768 56.5184 246.0
20.0 11.0 20.0 85.02311 53.73618 22.22258 246.0
20.0 12.0 12.0 179.82129 86.33944 84.78299 1.0
20.0 12.0 20.0 85.02311 53.73618 22.22258 1.0
20.0 13.0 13.0 21.79852 31.14312 56.42729 12.0
20.0 13.0 20.0 85.02311 53.73618 22.22258 12.0
20.0 14.0 14.0 128.29011 116.0446 40.26681 9.0
20.0 14.0 20.0 85.02311 53.73618 22.22258 9.0
20.0 15.0 15.0 145.16095 26.62763 64.65101 1.0
20.0 15.0 20.0 85.02311 53.73618 22.22258 1.0
20.0 18.0 18.0 159.21318 24.82753 93.88053 1.0
20.0 18.0 20.0 85.02311 53.73618 22.22258 1.0
20.0 19.0 19.0 66.37336 15.8304 45.31995 437.0
20.0 19.0 20.0 85.02311 53.73618 22.22258 437.0
20.0 20.0 20.0 85.02311 53.73618 22.22258 10998.0
20.0 20.0 20.0 85.02311 53.73618 22.22258 10998.0
20.0 21.0 21.0 28.25849 78.12288 19.3161 215.0
20.0 21.0 20.0 85.02311 53.73618 22.22258 215.0
20.0 27.0 27.0 18.74927 45.32757 103.76957 1.0
20.0 27.0 20.0 85.02311 53.73618 22.22258 1.0
20.0 31.0 31.0 121.57929 38.98386 36.06201 1856.0
20.0 31.0 20.0 85.02311 53.73618 22.22258 1856.0
20.0 32.0 32.0 156.98721 89.15242 58.00142 6.0
20.0 32.0 20.0 85.02311 53.73618 22.22258 6.0
20.0 39.0 39.0 21.79843 50.10914 32.83352 449.0
20.0 39.0 20.0 85.02311 53.73618 22.22258 449.0
20.0 40.0 40.0 83.26245 23.54685 42.37545 1514.0
20.0 40.0 20.0 85.02311 53.73618 22.22258 1514.0
20.0 45.0 45.0 35.11522 116.37787 28.56763 2.0
20.0 45.0 20.0 85.02311 53.73618 22.22258 2.0
21.0 1.0 1.0 66.23057 89.19428 7.46345 1383.0
21.0 1.0 21.0 28.25849 78.12288 19.3161 1383.0
21.0 5.0 5.0 36.1416 130.04268 82.18245 8.0
21.0 5.0 21.0 28.25849 78.12288 19.3161 8.0
21.0 6.0 6.0 5.46866 84.75425 74.41688 578.0
21.0 6.0 21.0 28.25849 78.12288 19.3161 578.0
21.0 8.0 8.0 108.17504 86.00441 38.67296 3.0
21.0 8.0 21.0 28.25849 78.12288 19.3161 3.0
21.0 11.0 11.0 48.53999 14.10768 56.5184 34.0
21.0 11.0 21.0 28.25849 78.12288 19.3161 34.0
21.0 12.0 12.0 179.82129 86.33944 84.78299 1.0
21.0 12.0 21.0 28.25849 78.12288 19.3161 1.0
21.0 13.0 13.0 21.79852 31.14312 56.42729 11.0
21.0 13.0 21.0 28.25849 78.12288 19.3161 11.0
21.0 19.0 19.0 66.37336 15.8304 45.31995 13.0
21.0 19.0 21.0 28.25849 78.12288 19.3161 13.0
21.0 20.0 20.0 85.02311 53.73618 22.22258 203.0
21.0 20.0 21.0 28.25849 78.12288 19.3161 203.0
21.0 21.0 21.0 28.25849 78.12288 19.3161 5686.0
21.0 21.0 21.0 28.25849 78.12288 19.3161 5686.0
21.0 39.0 39.0 21.79843 50.10914 32.83352 1962.0
21.0 39.0 21.0 28.25849 78.12288 19.3161 1962.0
21.0 40.0 40.0 83.26245 23.54685 42.37545 4.0
21.0 40.0 21.0 28.25849 78.12288 19.3161 4.0
21.0 45.0 45.0 35.11522 116.37787 28.56763 1612.0
21.0 45.0 21.0 28.25849 78.12288 19.3161 1612.0
22.0 0.0 0.0 55.1174 48.9269 141.99417 556.0
22.0 0.0 22.0 25.08285 79.98643 119.45204 556.0
22.0 2.0 2.0 27.33441 25.3955 87.70819 69.0
22.0 2.0 22.0 25.08285 79.98643 119.45204 69.0
22.0 4.0 4.0 72.08367 108.39948 139.66719 386.0
22.0 4.0 22.0 25.08285 79.98643 119.45204 386.0
22.0 5.0 5.0 36.1416 130.04268 82.18245 1036.0
22.0 5.0 22.0 25.08285 79.98643 119.45204 1036.0
22.0 6.0 6.0 5.46866 84.75425 74.41688 1743.0
22.0 6.0 22.0 25.08285 79.98643 119.45204 1743.0
22.0 8.0 8.0 108.17504 86.00441 38.67296 2.0
22.0 8.0 22.0 25.08285 79.98643 119.45204 2.0
22.0 9.0 9.0 78.60315 139.93334 102.60951 1.0
22.0 9.0 22.0 25.08285 79.98643 119.45204 1.0
22.0 13.0 13.0 21.79852 31.14312 56.42729 2.0
22.0 13.0 22.0 25.08285 79.98643 119.45204 2.0
22.0 16.0 16.0 37.10092 39.07916 124.68555 1103.0
22.0 16.0 22.0 25.08285 79.98643 119.45204 1103.0
22.0 17.0 17.0 122.83264 11.00722 94.53611 1.0
22.0 17.0 22.0 25.08285 79.98643 119.45204 1.0
22.0 19.0 19.0 66.37336 15.8304 45.31995 1.0
22.0 19.0 22.0 25.08285 79.98643 119.45204 1.0
22.0 22.0 22.0 25.08285 79.98643 119.45204 12178.0
22.0 22.0 22.0 25.08285 79.98643 119.45204 12178.0
22.0 27.0 27.0 18.74927 45.32757 103.76957 1221.0
22.0 27.0 22.0 25.08285 79.98643 119.45204 1221.0
22.0 28.0 28.0 84.32158 38.96172 143.1549 13.0
22.0 28.0 22.0 25.08285 79.98643 119.45204 13.0
22.0 33.0 33.0 97.17843 49.93771 149.23952 2.0
22.0 33.0 22.0 25.08285 79.98643 119.45204 2.0
22.0 36.0 36.0 51.18006 19.44917 119.63995 12.0
22.0 36.0 22.0 25.08285 79.98643 119.45204 12.0
22.0 37.0 37.0 80.21778 11.06915 113.83361 1.0
22.0 37.0 22.0 25.08285 79.98643 119.45204 1.0
22.0 38.0 38.0 88.71761 68.42679 152.61939 20.0
22.0 38.0 22.0 25.08285 79.98643 119.45204 20.0
22.0 41.0 41.0 59.83858 126.05479 122.49296 632.0
22.0 41.0 22.0 25.08285 79.98643 119.45204 632.0
22.0 42.0 42.0 56.6092 85.20312 144.95378 1461.0
22.0 42.0 22.0 25.08285 79.98643 119.45204 1461.0
22.0 43.0 43.0 101.77148 137.70318 99.18742 1.0
22.0 43.0 22.0 25.08285 79.98643 119.45204 1.0
22.0 44.0 44.0 70.22192 22.7176 131.33341 3.0
22.0 44.0 22.0 25.08285 79.98643 119.45204 3.0
23.0 7.0 7.0 121.65778 13.43902 56.93185 9.0
23.0 7.0 23.0 173.48483 43.49464 77.08156 9.0
23.0 8.0 8.0 108.17504 86.00441 38.67296 5.0
23.0 8.0 23.0 173.48483 43.49464 77.08156 5.0
23.0 12.0 12.0 179.82129 86.33944 84.78299 533.0
23.0 12.0 23.0 173.48483 43.49464 77.08156 533.0
23.0 15.0 15.0 145.16095 26.62763 64.65101 705.0
23.0 15.0 23.0 173.48483 43.49464 77.08156 705.0
23.0 17.0 17.0 122.83264 11.00722 94.53611 6.0
23.0 17.0 23.0 173.48483 43.49464 77.08156 6.0
23.0 18.0 18.0 159.21318 24.82753 93.88053 928.0
23.0 18.0 23.0 173.48483 43.49464 77.08156 928.0
23.0 23.0 23.0 173.48483 43.49464 77.08156 3019.0
23.0 23.0 23.0 173.48483 43.49464 77.08156 3019.0
23.0 25.0 25.0 182.84209 64.03539 100.32718 678.0
23.0 25.0 23.0 173.48483 43.49464 77.08156 678.0
23.0 26.0 26.0 132.12101 45.09362 139.09058 9.0
23.0 26.0 23.0 173.48483 43.49464 77.08156 9.0
23.0 28.0 28.0 84.32158 38.96172 143.1549 1.0
23.0 28.0 23.0 173.48483 43.49464 77.08156 1.0
23.0 29.0 29.0 122.63144 20.57626 121.19346 13.0
23.0 29.0 23.0 173.48483 43.49464 77.08156 13.0
23.0 31.0 31.0 121.57929 38.98386 36.06201 105.0
23.0 31.0 23.0 173.48483 43.49464 77.08156 105.0
23.0 32.0 32.0 156.98721 89.15242 58.00142 453.0
23.0 32.0 23.0 173.48483 43.49464 77.08156 453.0
23.0 37.0 37.0 80.21778 11.06915 113.83361 1.0
23.0 37.0 23.0 173.48483 43.49464 77.08156 1.0
23.0 47.0 47.0 164.2235 62.74163 126.07091 282.0
23.0 47.0 23.0 173.48483 43.49464 77.08156 282.0
24.0 0.0 0.0 55.1174 48.9269 141.99417 8.0
24.0 0.0 24.0 107.89156 87.25743 149.1392 8.0
24.0 4.0 4.0 72.08367 108.39948 139.66719 1358.0
24.0 4.0 24.0 107.89156 87.25743 149.1392 1358.0
24.0 9.0 9.0 78.60315 139.93334 102.60951 11.0
24.0 9.0 24.0 107.89156 87.25743 149.1392 11.0
24.0 17.0 17.0 122.83264 11.00722 94.53611 1.0
24.0 17.0 24.0 107.89156 87.25743 149.1392 1.0
24.0 22.0 22.0 25.08285 79.98643 119.45204 2.0
24.0 22.0 24.0 107.89156 87.25743 149.1392 2.0
24.0 24.0 24.0 107.89156 87.25743 149.1392 7924.0
24.0 24.0 24.0 107.89156 87.25743 149.1392 7924.0
24.0 26.0 26.0 132.12101 45.09362 139.09058 807.0
24.0 26.0 24.0 107.89156 87.25743 149.1392 807.0
24.0 28.0 28.0 84.32158 38.96172 143.1549 30.0
24.0 28.0 24.0 107.89156 87.25743 149.1392 30.0
24.0 30.0 30.0 88.32188 139.92539 62.66675 1.0
24.0 30.0 24.0 107.89156 87.25743 149.1392 1.0
24.0 33.0 33.0 97.17843 49.93771 149.23952 432.0
24.0 33.0 24.0 107.89156 87.25743 149.1392 432.0
24.0 34.0 34.0 127.84708 111.20539 129.59464 2274.0
24.0 34.0 24.0 107.89156 87.25743 149.1392 2274.0
24.0 35.0 35.0 147.8018 121.14282 95.66274 5.0
24.0 35.0 24.0 107.89156 87.25743 149.1392 5.0
24.0 38.0 38.0 88.71761 68.42679 152.61939 1746.0
24.0 38.0 24.0 107.89156 87.25743 149.1392 1746.0
24.0 41.0 41.0 59.83858 126.05479 122.49296 82.0
24.0 41.0 24.0 107.89156 87.25743 149.1392 82.0
24.0 42.0 42.0 56.6092 85.20312 144.95378 477.0
24.0 42.0 24.0 107.89156 87.25743 149.1392 477.0
24.0 43.0 43.0 101.77148 137.70318 99.18742 7.0
24.0 43.0 24.0 107.89156 87.25743 149.1392 7.0
24.0 44.0 44.0 70.22192 22.7176 131.33341 2.0
24.0 44.0 24.0 107.89156 87.25743 149.1392 2.0
24.0 47.0 47.0 164.2235 62.74163 126.07091 182.0
24.0 47.0 24.0 107.89156 87.25743 149.1392 182.0
25.0 7.0 7.0 121.65778 13.43902 56.93185 1.0
25.0 7.0 25.0 182.84209 64.03539 100.32718 1.0
25.0 12.0 12.0 179.82129 86.33944 84.78299 1065.0
25.0 12.0 25.0 182.84209 64.03539 100.32718 1065.0
25.0 15.0 15.0 145.16095 26.62763 64.65101 8.0
25.0 15.0 25.0 182.84209 64.03539 100.32718 8.0
25.0 18.0 18.0 159.21318 24.82753 93.88053 102.0
25.0 18.0 25.0 182.84209 64.03539 100.32718 102.0
25.0 23.0 23.0 173.48483 43.49464 77.08156 689.0
25.0 23.0 25.0 182.84209 64.03539 100.32718 689.0
25.0 25.0 25.0 182.84209 64.03539 100.32718 1980.0
25.0 25.0 25.0 182.84209 64.03539 100.32718 1980.0
25.0 26.0 26.0 132.12101 45.09362 139.09058 5.0
25.0 26.0 25.0 182.84209 64.03539 100.32718 5.0
25.0 29.0 29.0 122.63144 20.57626 121.19346 1.0
25.0 29.0 25.0 182.84209 64.03539 100.32718 1.0
25.0 32.0 32.0 156.98721 89.15242 58.00142 32.0
25.0 32.0 25.0 182.84209 64.03539 100.32718 32.0
25.0 34.0 34.0 127.84708 111.20539 129.59464 20.0
25.0 34.0 25.0 182.84209 64.03539 100.32718 20.0
25.0 35.0 35.0 147.8018 121.14282 95.66274 70.0
25.0 35.0 25.0 182.84209 64.03539 100.32718 70.0
25.0 46.0 46.0 114.4813 130.24454 52.70777 1.0
25.0 46.0 25.0 182.84209 64.03539 100.32718 1.0
25.0 47.0 47.0 164.2235 62.74163 126.07091 1100.0
25.0 47.0 25.0 182.84209 64.03539 100.32718 1100.0
26.0 3.0 3.0 83.1036 3.82756 88.02653 1.0
26.0 3.0 26.0 132.12101 45.09362 139.09058 1.0
26.0 12.0 12.0 179.82129 86.33944 84.78299 1.0
26.0 12.0 26.0 132.12101 45.09362 139.09058 1.0
26.0 17.0 17.0 122.83264 11.00722 94.53611 93.0
26.0 17.0 26.0 132.12101 45.09362 139.09058 93.0
26.0 18.0 18.0 159.21318 24.82753 93.88053 195.0
26.0 18.0 26.0 132.12101 45.09362 139.09058 195.0
26.0 23.0 23.0 173.48483 43.49464 77.08156 5.0
26.0 23.0 26.0 132.12101 45.09362 139.09058 5.0
26.0 24.0 24.0 107.89156 87.25743 149.1392 856.0
26.0 24.0 26.0 132.12101 45.09362 139.09058 856.0
26.0 25.0 25.0 182.84209 64.03539 100.32718 4.0
26.0 25.0 26.0 132.12101 45.09362 139.09058 4.0
26.0 26.0 26.0 132.12101 45.09362 139.09058 7167.0
26.0 26.0 26.0 132.12101 45.09362 139.09058 7167.0
26.0 28.0 28.0 84.32158 38.96172 143.1549 401.0
26.0 28.0 26.0 132.12101 45.09362 139.09058 401.0
26.0 29.0 29.0 122.63144 20.57626 121.19346 1618.0
26.0 29.0 26.0 132.12101 45.09362 139.09058 1618.0
26.0 33.0 33.0 97.17843 49.93771 149.23952 1000.0
26.0 33.0 26.0 132.12101 45.09362 139.09058 1000.0
26.0 34.0 34.0 127.84708 111.20539 129.59464 264.0
26.0 34.0 26.0 132.12101 45.09362 139.09058 264.0
26.0 35.0 35.0 147.8018 121.14282 95.66274 1.0
26.0 35.0 26.0 132.12101 45.09362 139.09058 1.0
26.0 37.0 37.0 80.21778 11.06915 113.83361 101.0
26.0 37.0 26.0 132.12101 45.09362 139.09058 101.0
26.0 38.0 38.0 88.71761 68.42679 152.61939 342.0
26.0 38.0 26.0 132.12101 45.09362 139.09058 342.0
26.0 44.0 44.0 70.22192 22.7176 131.33341 10.0
26.0 44.0 26.0 132.12101 45.09362 139.09058 10.0
26.0 47.0 47.0 164.2235 62.74163 126.07091 1562.0
26.0 47.0 26.0 132.12101 45.09362 139.09058 1562.0
27.0 0.0 0.0 55.1174 48.9269 141.99417 38.0
27.0 0.0 27.0 18.74927 45.32757 103.76957 38.0
27.0 2.0 2.0 27.33441 25.3955 87.70819 1457.0
27.0 2.0 27.0 18.74927 45.32757 103.76957 1457.0
27.0 3.0 3.0 83.1036 3.82756 88.02653 1.0
27.0 3.0 27.0 18.74927 45.32757 103.76957 1.0
27.0 6.0 6.0 5.46866 84.75425 74.41688 684.0
27.0 6.0 27.0 18.74927 45.32757 103.76957 684.0
27.0 11.0 11.0 48.53999 14.10768 56.5184 14.0
27.0 11.0 27.0 18.74927 45.32757 103.76957 14.0
27.0 13.0 13.0 21.79852 31.14312 56.42729 111.0
27.0 13.0 27.0 18.74927 45.32757 103.76957 111.0
27.0 16.0 16.0 37.10092 39.07916 124.68555 1103.0
27.0 16.0 27.0 18.74927 45.32757 103.76957 1103.0
27.0 22.0 22.0 25.08285 79.98643 119.45204 1179.0
27.0 22.0 27.0 18.74927 45.32757 103.76957 1179.0
27.0 27.0 27.0 18.74927 45.32757 103.76957 2998.0
27.0 27.0 27.0 18.74927 45.32757 103.76957 2998.0
27.0 36.0 36.0 51.18006 19.44917 119.63995 70.0
27.0 36.0 27.0 18.74927 45.32757 103.76957 70.0
27.0 37.0 37.0 80.21778 11.06915 113.83361 7.0
27.0 37.0 27.0 18.74927 45.32757 103.76957 7.0
27.0 39.0 39.0 21.79843 50.10914 32.83352 20.0
27.0 39.0 27.0 18.74927 45.32757 103.76957 20.0
27.0 42.0 42.0 56.6092 85.20312 144.95378 2.0
27.0 42.0 27.0 18.74927 45.32757 103.76957 2.0
27.0 44.0 44.0 70.22192 22.7176 131.33341 6.0
27.0 44.0 27.0 18.74927 45.32757 103.76957 6.0
27.0 45.0 45.0 35.11522 116.37787 28.56763 1.0
27.0 45.0 27.0 18.74927 45.32757 103.76957 1.0
28.0 0.0 0.0 55.1174 48.9269 141.99417 957.0
28.0 0.0 28.0 84.32158 38.96172 143.1549 957.0
28.0 3.0 3.0 83.1036 3.82756 88.02653 6.0
28.0 3.0 28.0 84.32158 38.96172 143.1549 6.0
28.0 4.0 4.0 72.08367 108.39948 139.66719 6.0
28.0 4.0 28.0 84.32158 38.96172 143.1549 6.0
28.0 5.0 5.0 36.1416 130.04268 82.18245 1.0
28.0 5.0 28.0 84.32158 38.96172 143.1549 1.0
28.0 16.0 16.0 37.10092 39.07916 124.68555 34.0
28.0 16.0 28.0 84.32158 38.96172 143.1549 34.0
28.0 17.0 17.0 122.83264 11.00722 94.53611 10.0
28.0 17.0 28.0 84.32158 38.96172 143.1549 10.0
28.0 19.0 19.0 66.37336 15.8304 45.31995 1.0
28.0 19.0 28.0 84.32158 38.96172 143.1549 1.0
28.0 22.0 22.0 25.08285 79.98643 119.45204 11.0
28.0 22.0 28.0 84.32158 38.96172 143.1549 11.0
28.0 24.0 24.0 107.89156 87.25743 149.1392 32.0
28.0 24.0 28.0 84.32158 38.96172 143.1549 32.0
28.0 26.0 26.0 132.12101 45.09362 139.09058 358.0
28.0 26.0 28.0 84.32158 38.96172 143.1549 358.0
28.0 28.0 28.0 84.32158 38.96172 143.1549 2788.0
28.0 28.0 28.0 84.32158 38.96172 143.1549 2788.0
28.0 29.0 29.0 122.63144 20.57626 121.19346 423.0
28.0 29.0 28.0 84.32158 38.96172 143.1549 423.0
28.0 33.0 33.0 97.17843 49.93771 149.23952 1461.0
28.0 33.0 28.0 84.32158 38.96172 143.1549 1461.0
28.0 36.0 36.0 51.18006 19.44917 119.63995 69.0
28.0 36.0 28.0 84.32158 38.96172 143.1549 69.0
28.0 37.0 37.0 80.21778 11.06915 113.83361 642.0
28.0 37.0 28.0 84.32158 38.96172 143.1549 642.0
28.0 38.0 38.0 88.71761 68.42679 152.61939 506.0
28.0 38.0 28.0 84.32158 38.96172 143.1549 506.0
28.0 42.0 42.0 56.6092 85.20312 144.95378 162.0
28.0 42.0 28.0 84.32158 38.96172 143.1549 162.0
28.0 44.0 44.0 70.22192 22.7176 131.33341 834.0
28.0 44.0 28.0 84.32158 38.96172 143.1549 834.0
29.0 0.0 0.0 55.1174 48.9269 141.99417 3.0
29.0 0.0 29.0 122.63144 20.57626 121.19346 3.0
29.0 3.0 3.0 83.1036 3.82756 88.02653 186.0
29.0 3.0 29.0 122.63144 20.57626 121.19346 186.0
29.0 7.0 7.0 121.65778 13.43902 56.93185 10.0
29.0 7.0 29.0 122.63144 20.57626 121.19346 10.0
29.0 10.0 10.0 97.05398 3.92074 61.09535 3.0
29.0 10.0 29.0 122.63144 20.57626 121.19346 3.0
29.0 15.0 15.0 145.16095 26.62763 64.65101 51.0
29.0 15.0 29.0 122.63144 20.57626 121.19346 51.0
29.0 17.0 17.0 122.83264 11.00722 94.53611 1414.0
29.0 17.0 29.0 122.63144 20.57626 121.19346 1414.0
29.0 18.0 18.0 159.21318 24.82753 93.88053 432.0
29.0 18.0 29.0 122.63144 20.57626 121.19346 432.0
29.0 23.0 23.0 173.48483 43.49464 77.08156 8.0
29.0 23.0 29.0 122.63144 20.57626 121.19346 8.0
29.0 24.0 24.0 107.89156 87.25743 149.1392 2.0
29.0 24.0 29.0 122.63144 20.57626 121.19346 2.0
29.0 25.0 25.0 182.84209 64.03539 100.32718 2.0
29.0 25.0 29.0 122.63144 20.57626 121.19346 2.0
29.0 26.0 26.0 132.12101 45.09362 139.09058 1701.0
29.0 26.0 29.0 122.63144 20.57626 121.19346 1701.0
29.0 28.0 28.0 84.32158 38.96172 143.1549 443.0
29.0 28.0 29.0 122.63144 20.57626 121.19346 443.0
29.0 29.0 29.0 122.63144 20.57626 121.19346 4197.0
29.0 29.0 29.0 122.63144 20.57626 121.19346 4197.0
29.0 33.0 33.0 97.17843 49.93771 149.23952 177.0
29.0 33.0 29.0 122.63144 20.57626 121.19346 177.0
29.0 36.0 36.0 51.18006 19.44917 119.63995 1.0
29.0 36.0 29.0 122.63144 20.57626 121.19346 1.0
29.0 37.0 37.0 80.21778 11.06915 113.83361 1043.0
29.0 37.0 29.0 122.63144 20.57626 121.19346 1043.0
29.0 38.0 38.0 88.71761 68.42679 152.61939 7.0
29.0 38.0 29.0 122.63144 20.57626 121.19346 7.0
29.0 44.0 44.0 70.22192 22.7176 131.33341 65.0
29.0 44.0 29.0 122.63144 20.57626 121.19346 65.0
29.0 46.0 46.0 114.4813 130.24454 52.70777 1.0
29.0 46.0 29.0 122.63144 20.57626 121.19346 1.0
29.0 47.0 47.0 164.2235 62.74163 126.07091 207.0
29.0 47.0 29.0 122.63144 20.57626 121.19346 207.0
30.0 1.0 1.0 66.23057 89.19428 7.46345 292.0
30.0 1.0 30.0 88.32188 139.92539 62.66675 292.0
30.0 2.0 2.0 27.33441 25.3955 87.70819 1.0
30.0 2.0 30.0 88.32188 139.92539 62.66675 1.0
30.0 5.0 5.0 36.1416 130.04268 82.18245 1477.0
30.0 5.0 30.0 88.32188 139.92539 62.66675 1477.0
30.0 8.0 8.0 108.17504 86.00441 38.67296 509.0
30.0 8.0 30.0 88.32188 139.92539 62.66675 509.0
30.0 9.0 9.0 78.60315 139.93334 102.60951 1020.0
30.0 9.0 30.0 88.32188 139.92539 62.66675 1020.0
30.0 14.0 14.0 128.29011 116.0446 40.26681 224.0
30.0 14.0 30.0 88.32188 139.92539 62.66675 224.0
30.0 23.0 23.0 173.48483 43.49464 77.08156 1.0
30.0 23.0 30.0 88.32188 139.92539 62.66675 1.0
30.0 30.0 30.0 88.32188 139.92539 62.66675 13333.0
30.0 30.0 30.0 88.32188 139.92539 62.66675 13333.0
30.0 32.0 32.0 156.98721 89.15242 58.00142 3.0
30.0 32.0 30.0 88.32188 139.92539 62.66675 3.0
30.0 34.0 34.0 127.84708 111.20539 129.59464 66.0
30.0 34.0 30.0 88.32188 139.92539 62.66675 66.0
30.0 35.0 35.0 147.8018 121.14282 95.66274 628.0
30.0 35.0 30.0 88.32188 139.92539 62.66675 628.0
30.0 41.0 41.0 59.83858 126.05479 122.49296 23.0
30.0 41.0 30.0 88.32188 139.92539 62.66675 23.0
30.0 43.0 43.0 101.77148 137.70318 99.18742 1961.0
30.0 43.0 30.0 88.32188 139.92539 62.66675 1961.0
30.0 45.0 45.0 35.11522 116.37787 28.56763 686.0
30.0 45.0 30.0 88.32188 139.92539 62.66675 686.0
30.0 46.0 46.0 114.4813 130.24454 52.70777 3016.0
30.0 46.0 30.0 88.32188 139.92539 62.66675 3016.0
31.0 1.0 1.0 66.23057 89.19428 7.46345 1.0
31.0 1.0 31.0 121.57929 38.98386 36.06201 1.0
31.0 3.0 3.0 83.1036 3.82756 88.02653 2.0
31.0 3.0 31.0 121.57929 38.98386 36.06201 2.0
31.0 7.0 7.0 121.65778 13.43902 56.93185 1464.0
31.0 7.0 31.0 121.57929 38.98386 36.06201 1464.0
31.0 8.0 8.0 108.17504 86.00441 38.67296 1740.0
31.0 8.0 31.0 121.57929 38.98386 36.06201 1740.0
31.0 10.0 10.0 97.05398 3.92074 61.09535 347.0
31.0 10.0 31.0 121.57929 38.98386 36.06201 347.0
31.0 11.0 11.0 48.53999 14.10768 56.5184 2.0
31.0 11.0 31.0 121.57929 38.98386 36.06201 2.0
31.0 12.0 12.0 179.82129 86.33944 84.78299 7.0
31.0 12.0 31.0 121.57929 38.98386 36.06201 7.0
31.0 14.0 14.0 128.29011 116.0446 40.26681 2.0
31.0 14.0 31.0 121.57929 38.98386 36.06201 2.0
31.0 15.0 15.0 145.16095 26.62763 64.65101 1201.0
31.0 15.0 31.0 121.57929 38.98386 36.06201 1201.0
31.0 17.0 17.0 122.83264 11.00722 94.53611 9.0
31.0 17.0 31.0 121.57929 38.98386 36.06201 9.0
31.0 18.0 18.0 159.21318 24.82753 93.88053 11.0
31.0 18.0 31.0 121.57929 38.98386 36.06201 11.0
31.0 19.0 19.0 66.37336 15.8304 45.31995 25.0
31.0 19.0 31.0 121.57929 38.98386 36.06201 25.0
31.0 20.0 20.0 85.02311 53.73618 22.22258 1874.0
31.0 20.0 31.0 121.57929 38.98386 36.06201 1874.0
31.0 23.0 23.0 173.48483 43.49464 77.08156 98.0
31.0 23.0 31.0 121.57929 38.98386 36.06201 98.0
31.0 31.0 31.0 121.57929 38.98386 36.06201 10601.0
31.0 31.0 31.0 121.57929 38.98386 36.06201 10601.0
31.0 32.0 32.0 156.98721 89.15242 58.00142 491.0
31.0 32.0 31.0 121.57929 38.98386 36.06201 491.0
31.0 40.0 40.0 83.26245 23.54685 42.37545 941.0
31.0 40.0 31.0 121.57929 38.98386 36.06201 941.0
31.0 45.0 45.0 35.11522 116.37787 28.56763 1.0
31.0 45.0 31.0 121.57929 38.98386 36.06201 1.0
32.0 7.0 7.0 121.65778 13.43902 56.93185 7.0
32.0 7.0 32.0 156.98721 89.15242 58.00142 7.0
32.0 8.0 8.0 108.17504 86.00441 38.67296 1445.0
32.0 8.0 32.0 156.98721 89.15242 58.00142 1445.0
32.0 12.0 12.0 179.82129 86.33944 84.78299 1528.0
32.0 12.0 32.0 156.98721 89.15242 58.00142 1528.0
32.0 14.0 14.0 128.29011 116.0446 40.26681 1356.0
32.0 14.0 32.0 156.98721 89.15242 58.00142 1356.0
32.0 15.0 15.0 145.16095 26.62763 64.65101 358.0
32.0 15.0 32.0 156.98721 89.15242 58.00142 358.0
32.0 18.0 18.0 159.21318 24.82753 93.88053 5.0
32.0 18.0 32.0 156.98721 89.15242 58.00142 5.0
32.0 20.0 20.0 85.02311 53.73618 22.22258 7.0
32.0 20.0 32.0 156.98721 89.15242 58.00142 7.0
32.0 23.0 23.0 173.48483 43.49464 77.08156 425.0
32.0 23.0 32.0 156.98721 89.15242 58.00142 425.0
32.0 25.0 25.0 182.84209 64.03539 100.32718 44.0
32.0 25.0 32.0 156.98721 89.15242 58.00142 44.0
32.0 30.0 30.0 88.32188 139.92539 62.66675 4.0
32.0 30.0 32.0 156.98721 89.15242 58.00142 4.0
32.0 31.0 31.0 121.57929 38.98386 36.06201 502.0
32.0 31.0 32.0 156.98721 89.15242 58.00142 502.0
32.0 32.0 32.0 156.98721 89.15242 58.00142 8321.0
32.0 32.0 32.0 156.98721 89.15242 58.00142 8321.0
32.0 34.0 34.0 127.84708 111.20539 129.59464 1.0
32.0 34.0 32.0 156.98721 89.15242 58.00142 1.0
32.0 35.0 35.0 147.8018 121.14282 95.66274 796.0
32.0 35.0 32.0 156.98721 89.15242 58.00142 796.0
32.0 46.0 46.0 114.4813 130.24454 52.70777 258.0
32.0 46.0 32.0 156.98721 89.15242 58.00142 258.0
32.0 47.0 47.0 164.2235 62.74163 126.07091 1.0
32.0 47.0 32.0 156.98721 89.15242 58.00142 1.0
33.0 0.0 0.0 55.1174 48.9269 141.99417 214.0
33.0 0.0 33.0 97.17843 49.93771 149.23952 214.0
33.0 4.0 4.0 72.08367 108.39948 139.66719 5.0
33.0 4.0 33.0 97.17843 49.93771 149.23952 5.0
33.0 16.0 16.0 37.10092 39.07916 124.68555 3.0
33.0 16.0 33.0 97.17843 49.93771 149.23952 3.0
33.0 17.0 17.0 122.83264 11.00722 94.53611 2.0
33.0 17.0 33.0 97.17843 49.93771 149.23952 2.0
33.0 18.0 18.0 159.21318 24.82753 93.88053 1.0
33.0 18.0 33.0 97.17843 49.93771 149.23952 1.0
33.0 22.0 22.0 25.08285 79.98643 119.45204 1.0
33.0 22.0 33.0 97.17843 49.93771 149.23952 1.0
33.0 24.0 24.0 107.89156 87.25743 149.1392 445.0
33.0 24.0 33.0 97.17843 49.93771 149.23952 445.0
33.0 26.0 26.0 132.12101 45.09362 139.09058 970.0
33.0 26.0 33.0 97.17843 49.93771 149.23952 970.0
33.0 28.0 28.0 84.32158 38.96172 143.1549 1456.0
33.0 28.0 33.0 97.17843 49.93771 149.23952 1456.0
33.0 29.0 29.0 122.63144 20.57626 121.19346 176.0
33.0 29.0 33.0 97.17843 49.93771 149.23952 176.0
33.0 33.0 33.0 97.17843 49.93771 149.23952 2349.0
33.0 33.0 33.0 97.17843 49.93771 149.23952 2349.0
33.0 34.0 34.0 127.84708 111.20539 129.59464 4.0
33.0 34.0 33.0 97.17843 49.93771 149.23952 4.0
33.0 36.0 36.0 51.18006 19.44917 119.63995 5.0
33.0 36.0 33.0 97.17843 49.93771 149.23952 5.0
33.0 37.0 37.0 80.21778 11.06915 113.83361 89.0
33.0 37.0 33.0 97.17843 49.93771 149.23952 89.0
33.0 38.0 38.0 88.71761 68.42679 152.61939 1345.0
33.0 38.0 33.0 97.17843 49.93771 149.23952 1345.0
33.0 42.0 42.0 56.6092 85.20312 144.95378 127.0
33.0 42.0 33.0 97.17843 49.93771 149.23952 127.0
33.0 44.0 44.0 70.22192 22.7176 131.33341 98.0
33.0 44.0 33.0 97.17843 49.93771 149.23952 98.0
33.0 47.0 47.0 164.2235 62.74163 126.07091 3.0
33.0 47.0 33.0 97.17843 49.93771 149.23952 3.0
34.0 4.0 4.0 72.08367 108.39948 139.66719 779.0
34.0 4.0 34.0 127.84708 111.20539 129.59464 779.0
34.0 5.0 5.0 36.1416 130.04268 82.18245 1.0
34.0 5.0 34.0 127.84708 111.20539 129.59464 1.0
34.0 9.0 9.0 78.60315 139.93334 102.60951 546.0
34.0 9.0 34.0 127.84708 111.20539 129.59464 546.0
34.0 12.0 12.0 179.82129 86.33944 84.78299 83.0
34.0 12.0 34.0 127.84708 111.20539 129.59464 83.0
34.0 14.0 14.0 128.29011 116.0446 40.26681 1.0
34.0 14.0 34.0 127.84708 111.20539 129.59464 1.0
34.0 24.0 24.0 107.89156 87.25743 149.1392 2332.0
34.0 24.0 34.0 127.84708 111.20539 129.59464 2332.0
34.0 25.0 25.0 182.84209 64.03539 100.32718 15.0
34.0 25.0 34.0 127.84708 111.20539 129.59464 15.0
34.0 26.0 26.0 132.12101 45.09362 139.09058 275.0
34.0 26.0 34.0 127.84708 111.20539 129.59464 275.0
34.0 30.0 30.0 88.32188 139.92539 62.66675 81.0
34.0 30.0 34.0 127.84708 111.20539 129.59464 81.0
34.0 32.0 32.0 156.98721 89.15242 58.00142 4.0
34.0 32.0 34.0 127.84708 111.20539 129.59464 4.0
34.0 33.0 33.0 97.17843 49.93771 149.23952 8.0
34.0 33.0 34.0 127.84708 111.20539 129.59464 8.0
34.0 34.0 34.0 127.84708 111.20539 129.59464 15293.0
34.0 34.0 34.0 127.84708 111.20539 129.59464 15293.0
34.0 35.0 35.0 147.8018 121.14282 95.66274 2282.0
34.0 35.0 34.0 127.84708 111.20539 129.59464 2282.0
34.0 38.0 38.0 88.71761 68.42679 152.61939 36.0
34.0 38.0 34.0 127.84708 111.20539 129.59464 36.0
34.0 41.0 41.0 59.83858 126.05479 122.49296 373.0
34.0 41.0 34.0 127.84708 111.20539 129.59464 373.0
34.0 42.0 42.0 56.6092 85.20312 144.95378 7.0
34.0 42.0 34.0 127.84708 111.20539 129.59464 7.0
34.0 43.0 43.0 101.77148 137.70318 99.18742 1306.0
34.0 43.0 34.0 127.84708 111.20539 129.59464 1306.0
34.0 46.0 46.0 114.4813 130.24454 52.70777 8.0
34.0 46.0 34.0 127.84708 111.20539 129.59464 8.0
34.0 47.0 47.0 164.2235 62.74163 126.07091 1020.0
34.0 47.0 34.0 127.84708 111.20539 129.59464 1020.0
35.0 8.0 8.0 108.17504 86.00441 38.67296 4.0
35.0 8.0 35.0 147.8018 121.14282 95.66274 4.0
35.0 9.0 9.0 78.60315 139.93334 102.60951 17.0
35.0 9.0 35.0 147.8018 121.14282 95.66274 17.0
35.0 12.0 12.0 179.82129 86.33944 84.78299 1030.0
35.0 12.0 35.0 147.8018 121.14282 95.66274 1030.0
35.0 14.0 14.0 128.29011 116.0446 40.26681 284.0
35.0 14.0 35.0 147.8018 121.14282 95.66274 284.0
35.0 24.0 24.0 107.89156 87.25743 149.1392 4.0
35.0 24.0 35.0 147.8018 121.14282 95.66274 4.0
35.0 25.0 25.0 182.84209 64.03539 100.32718 75.0
35.0 25.0 35.0 147.8018 121.14282 95.66274 75.0
35.0 26.0 26.0 132.12101 45.09362 139.09058 1.0
35.0 26.0 35.0 147.8018 121.14282 95.66274 1.0
35.0 28.0 28.0 84.32158 38.96172 143.1549 2.0
35.0 28.0 35.0 147.8018 121.14282 95.66274 2.0
35.0 30.0 30.0 88.32188 139.92539 62.66675 637.0
35.0 30.0 35.0 147.8018 121.14282 95.66274 637.0
35.0 32.0 32.0 156.98721 89.15242 58.00142 819.0
35.0 32.0 35.0 147.8018 121.14282 95.66274 819.0
35.0 34.0 34.0 127.84708 111.20539 129.59464 2355.0
35.0 34.0 35.0 147.8018 121.14282 95.66274 2355.0
35.0 35.0 35.0 147.8018 121.14282 95.66274 10292.0
35.0 35.0 35.0 147.8018 121.14282 95.66274 10292.0
35.0 41.0 41.0 59.83858 126.05479 122.49296 1.0
35.0 41.0 35.0 147.8018 121.14282 95.66274 1.0
35.0 43.0 43.0 101.77148 137.70318 99.18742 805.0
35.0 43.0 35.0 147.8018 121.14282 95.66274 805.0
35.0 46.0 46.0 114.4813 130.24454 52.70777 1050.0
35.0 46.0 35.0 147.8018 121.14282 95.66274 1050.0
35.0 47.0 47.0 164.2235 62.74163 126.07091 295.0
35.0 47.0 35.0 147.8018 121.14282 95.66274 295.0
36.0 0.0 0.0 55.1174 48.9269 141.99417 430.0
36.0 0.0 36.0 51.18006 19.44917 119.63995 430.0
36.0 2.0 2.0 27.33441 25.3955 87.70819 451.0
36.0 2.0 36.0 51.18006 19.44917 119.63995 451.0
36.0 3.0 3.0 83.1036 3.82756 88.02653 142.0
36.0 3.0 36.0 51.18006 19.44917 119.63995 142.0
36.0 8.0 8.0 108.17504 86.00441 38.67296 1.0
36.0 8.0 36.0 51.18006 19.44917 119.63995 1.0
36.0 10.0 10.0 97.05398 3.92074 61.09535 1.0
36.0 10.0 36.0 51.18006 19.44917 119.63995 1.0
36.0 11.0 11.0 48.53999 14.10768 56.5184 62.0
36.0 11.0 36.0 51.18006 19.44917 119.63995 62.0
36.0 13.0 13.0 21.79852 31.14312 56.42729 3.0
36.0 13.0 36.0 51.18006 19.44917 119.63995 3.0
36.0 16.0 16.0 37.10092 39.07916 124.68555 950.0
36.0 16.0 36.0 51.18006 19.44917 119.63995 950.0
36.0 22.0 22.0 25.08285 79.98643 119.45204 9.0
36.0 22.0 36.0 51.18006 19.44917 119.63995 9.0
36.0 27.0 27.0 18.74927 45.32757 103.76957 97.0
36.0 27.0 36.0 51.18006 19.44917 119.63995 97.0
36.0 28.0 28.0 84.32158 38.96172 143.1549 85.0
36.0 28.0 36.0 51.18006 19.44917 119.63995 85.0
36.0 33.0 33.0 97.17843 49.93771 149.23952 2.0
36.0 33.0 36.0 51.18006 19.44917 119.63995 2.0
36.0 36.0 36.0 51.18006 19.44917 119.63995 1281.0
36.0 36.0 36.0 51.18006 19.44917 119.63995 1281.0
36.0 37.0 37.0 80.21778 11.06915 113.83361 791.0
36.0 37.0 36.0 51.18006 19.44917 119.63995 791.0
36.0 38.0 38.0 88.71761 68.42679 152.61939 1.0
36.0 38.0 36.0 51.18006 19.44917 119.63995 1.0
36.0 42.0 42.0 56.6092 85.20312 144.95378 3.0
36.0 42.0 36.0 51.18006 19.44917 119.63995 3.0
36.0 44.0 44.0 70.22192 22.7176 131.33341 691.0
36.0 44.0 36.0 51.18006 19.44917 119.63995 691.0
37.0 0.0 0.0 55.1174 48.9269 141.99417 67.0
37.0 0.0 37.0 80.21778 11.06915 113.83361 67.0
37.0 2.0 2.0 27.33441 25.3955 87.70819 346.0
37.0 2.0 37.0 80.21778 11.06915 113.83361 346.0
37.0 3.0 3.0 83.1036 3.82756 88.02653 2268.0
37.0 3.0 37.0 80.21778 11.06915 113.83361 2268.0
37.0 7.0 7.0 121.65778 13.43902 56.93185 4.0
37.0 7.0 37.0 80.21778 11.06915 113.83361 4.0
37.0 10.0 10.0 97.05398 3.92074 61.09535 44.0
37.0 10.0 37.0 80.21778 11.06915 113.83361 44.0
37.0 11.0 11.0 48.53999 14.10768 56.5184 230.0
37.0 11.0 37.0 80.21778 11.06915 113.83361 230.0
37.0 13.0 13.0 21.79852 31.14312 56.42729 1.0
37.0 13.0 37.0 80.21778 11.06915 113.83361 1.0
37.0 16.0 16.0 37.10092 39.07916 124.68555 154.0
37.0 16.0 37.0 80.21778 11.06915 113.83361 154.0
37.0 17.0 17.0 122.83264 11.00722 94.53611 468.0
37.0 17.0 37.0 80.21778 11.06915 113.83361 468.0
37.0 18.0 18.0 159.21318 24.82753 93.88053 1.0
37.0 18.0 37.0 80.21778 11.06915 113.83361 1.0
37.0 19.0 19.0 66.37336 15.8304 45.31995 17.0
37.0 19.0 37.0 80.21778 11.06915 113.83361 17.0
37.0 26.0 26.0 132.12101 45.09362 139.09058 91.0
37.0 26.0 37.0 80.21778 11.06915 113.83361 91.0
37.0 27.0 27.0 18.74927 45.32757 103.76957 13.0
37.0 27.0 37.0 80.21778 11.06915 113.83361 13.0
37.0 28.0 28.0 84.32158 38.96172 143.1549 651.0
37.0 28.0 37.0 80.21778 11.06915 113.83361 651.0
37.0 29.0 29.0 122.63144 20.57626 121.19346 1049.0
37.0 29.0 37.0 80.21778 11.06915 113.83361 1049.0
37.0 33.0 33.0 97.17843 49.93771 149.23952 92.0
37.0 33.0 37.0 80.21778 11.06915 113.83361 92.0
37.0 36.0 36.0 51.18006 19.44917 119.63995 814.0
37.0 36.0 37.0 80.21778 11.06915 113.83361 814.0
37.0 37.0 37.0 80.21778 11.06915 113.83361 7099.0
37.0 37.0 37.0 80.21778 11.06915 113.83361 7099.0
37.0 38.0 38.0 88.71761 68.42679 152.61939 1.0
37.0 38.0 37.0 80.21778 11.06915 113.83361 1.0
37.0 40.0 40.0 83.26245 23.54685 42.37545 1.0
37.0 40.0 37.0 80.21778 11.06915 113.83361 1.0
37.0 42.0 42.0 56.6092 85.20312 144.95378 1.0
37.0 42.0 37.0 80.21778 11.06915 113.83361 1.0
37.0 44.0 44.0 70.22192 22.7176 131.33341 1293.0
37.0 44.0 37.0 80.21778 11.06915 113.83361 1293.0
38.0 0.0 0.0 55.1174 48.9269 141.99417 358.0
38.0 0.0 38.0 88.71761 68.42679 152.61939 358.0
38.0 2.0 2.0 27.33441 25.3955 87.70819 1.0
38.0 2.0 38.0 88.71761 68.42679 152.61939 1.0
38.0 4.0 4.0 72.08367 108.39948 139.66719 213.0
38.0 4.0 38.0 88.71761 68.42679 152.61939 213.0
38.0 16.0 16.0 37.10092 39.07916 124.68555 12.0
38.0 16.0 38.0 88.71761 68.42679 152.61939 12.0
38.0 22.0 22.0 25.08285 79.98643 119.45204 23.0
38.0 22.0 38.0 88.71761 68.42679 152.61939 23.0
38.0 24.0 24.0 107.89156 87.25743 149.1392 1729.0
38.0 24.0 38.0 88.71761 68.42679 152.61939 1729.0
38.0 26.0 26.0 132.12101 45.09362 139.09058 331.0
38.0 26.0 38.0 88.71761 68.42679 152.61939 331.0
38.0 28.0 28.0 84.32158 38.96172 143.1549 523.0
38.0 28.0 38.0 88.71761 68.42679 152.61939 523.0
38.0 29.0 29.0 122.63144 20.57626 121.19346 4.0
38.0 29.0 38.0 88.71761 68.42679 152.61939 4.0
38.0 33.0 33.0 97.17843 49.93771 149.23952 1371.0
38.0 33.0 38.0 88.71761 68.42679 152.61939 1371.0
38.0 34.0 34.0 127.84708 111.20539 129.59464 33.0
38.0 34.0 38.0 88.71761 68.42679 152.61939 33.0
38.0 36.0 36.0 51.18006 19.44917 119.63995 2.0
38.0 36.0 38.0 88.71761 68.42679 152.61939 2.0
38.0 37.0 37.0 80.21778 11.06915 113.83361 2.0
38.0 37.0 38.0 88.71761 68.42679 152.61939 2.0
38.0 38.0 38.0 88.71761 68.42679 152.61939 2837.0
38.0 38.0 38.0 88.71761 68.42679 152.61939 2837.0
38.0 41.0 41.0 59.83858 126.05479 122.49296 2.0
38.0 41.0 38.0 88.71761 68.42679 152.61939 2.0
38.0 42.0 42.0 56.6092 85.20312 144.95378 1003.0
38.0 42.0 38.0 88.71761 68.42679 152.61939 1003.0
38.0 44.0 44.0 70.22192 22.7176 131.33341 11.0
38.0 44.0 38.0 88.71761 68.42679 152.61939 11.0
38.0 47.0 47.0 164.2235 62.74163 126.07091 3.0
38.0 47.0 38.0 88.71761 68.42679 152.61939 3.0
39.0 1.0 1.0 66.23057 89.19428 7.46345 238.0
39.0 1.0 39.0 21.79843 50.10914 32.83352 238.0
39.0 2.0 2.0 27.33441 25.3955 87.70819 140.0
39.0 2.0 39.0 21.79843 50.10914 32.83352 140.0
39.0 5.0 5.0 36.1416 130.04268 82.18245 2.0
39.0 5.0 39.0 21.79843 50.10914 32.83352 2.0
39.0 6.0 6.0 5.46866 84.75425 74.41688 1235.0
39.0 6.0 39.0 21.79843 50.10914 32.83352 1235.0
39.0 8.0 8.0 108.17504 86.00441 38.67296 2.0
39.0 8.0 39.0 21.79843 50.10914 32.83352 2.0
39.0 11.0 11.0 48.53999 14.10768 56.5184 789.0
39.0 11.0 39.0 21.79843 50.10914 32.83352 789.0
39.0 12.0 12.0 179.82129 86.33944 84.78299 1.0
39.0 12.0 39.0 21.79843 50.10914 32.83352 1.0
39.0 13.0 13.0 21.79852 31.14312 56.42729 1626.0
39.0 13.0 39.0 21.79843 50.10914 32.83352 1626.0
39.0 19.0 19.0 66.37336 15.8304 45.31995 214.0
39.0 19.0 39.0 21.79843 50.10914 32.83352 214.0
39.0 20.0 20.0 85.02311 53.73618 22.22258 428.0
39.0 20.0 39.0 21.79843 50.10914 32.83352 428.0
39.0 21.0 21.0 28.25849 78.12288 19.3161 1903.0
39.0 21.0 39.0 21.79843 50.10914 32.83352 1903.0
39.0 27.0 27.0 18.74927 45.32757 103.76957 19.0
39.0 27.0 39.0 21.79843 50.10914 32.83352 19.0
39.0 39.0 39.0 21.79843 50.10914 32.83352 8805.0
39.0 39.0 39.0 21.79843 50.10914 32.83352 8805.0
39.0 40.0 40.0 83.26245 23.54685 42.37545 29.0
39.0 40.0 39.0 21.79843 50.10914 32.83352 29.0
39.0 45.0 45.0 35.11522 116.37787 28.56763 67.0
39.0 45.0 39.0 21.79843 50.10914 32.83352 67.0
40.0 1.0 1.0 66.23057 89.19428 7.46345 8.0
40.0 1.0 40.0 83.26245 23.54685 42.37545 8.0
40.0 2.0 2.0 27.33441 25.3955 87.70819 1.0
40.0 2.0 40.0 83.26245 23.54685 42.37545 1.0
40.0 3.0 3.0 83.1036 3.82756 88.02653 122.0
40.0 3.0 40.0 83.26245 23.54685 42.37545 122.0
40.0 7.0 7.0 121.65778 13.43902 56.93185 214.0
40.0 7.0 40.0 83.26245 23.54685 42.37545 214.0
40.0 8.0 8.0 108.17504 86.00441 38.67296 23.0
40.0 8.0 40.0 83.26245 23.54685 42.37545 23.0
40.0 10.0 10.0 97.05398 3.92074 61.09535 1074.0
40.0 10.0 40.0 83.26245 23.54685 42.37545 1074.0
40.0 11.0 11.0 48.53999 14.10768 56.5184 451.0
40.0 11.0 40.0 83.26245 23.54685 42.37545 451.0
40.0 13.0 13.0 21.79852 31.14312 56.42729 5.0
40.0 13.0 40.0 83.26245 23.54685 42.37545 5.0
40.0 15.0 15.0 145.16095 26.62763 64.65101 4.0
40.0 15.0 40.0 83.26245 23.54685 42.37545 4.0
40.0 17.0 17.0 122.83264 11.00722 94.53611 3.0
40.0 17.0 40.0 83.26245 23.54685 42.37545 3.0
40.0 19.0 19.0 66.37336 15.8304 45.31995 1340.0
40.0 19.0 40.0 83.26245 23.54685 42.37545 1340.0
40.0 20.0 20.0 85.02311 53.73618 22.22258 1537.0
40.0 20.0 40.0 83.26245 23.54685 42.37545 1537.0
40.0 21.0 21.0 28.25849 78.12288 19.3161 6.0
40.0 21.0 40.0 83.26245 23.54685 42.37545 6.0
40.0 31.0 31.0 121.57929 38.98386 36.06201 947.0
40.0 31.0 40.0 83.26245 23.54685 42.37545 947.0
40.0 37.0 37.0 80.21778 11.06915 113.83361 3.0
40.0 37.0 40.0 83.26245 23.54685 42.37545 3.0
40.0 39.0 39.0 21.79843 50.10914 32.83352 33.0
40.0 39.0 40.0 83.26245 23.54685 42.37545 33.0
40.0 40.0 40.0 83.26245 23.54685 42.37545 3976.0
40.0 40.0 40.0 83.26245 23.54685 42.37545 3976.0
41.0 0.0 0.0 55.1174 48.9269 141.99417 2.0
41.0 0.0 41.0 59.83858 126.05479 122.49296 2.0
41.0 4.0 4.0 72.08367 108.39948 139.66719 2523.0
41.0 4.0 41.0 59.83858 126.05479 122.49296 2523.0
41.0 5.0 5.0 36.1416 130.04268 82.18245 1968.0
41.0 5.0 41.0 59.83858 126.05479 122.49296 1968.0
41.0 6.0 6.0 5.46866 84.75425 74.41688 11.0
41.0 6.0 41.0 59.83858 126.05479 122.49296 11.0
41.0 9.0 9.0 78.60315 139.93334 102.60951 1885.0
41.0 9.0 41.0 59.83858 126.05479 122.49296 1885.0
41.0 13.0 13.0 21.79852 31.14312 56.42729 1.0
41.0 13.0 41.0 59.83858 126.05479 122.49296 1.0
41.0 22.0 22.0 25.08285 79.98643 119.45204 566.0
41.0 22.0 41.0 59.83858 126.05479 122.49296 566.0
41.0 24.0 24.0 107.89156 87.25743 149.1392 80.0
41.0 24.0 41.0 59.83858 126.05479 122.49296 80.0
41.0 28.0 28.0 84.32158 38.96172 143.1549 1.0
41.0 28.0 41.0 59.83858 126.05479 122.49296 1.0
41.0 30.0 30.0 88.32188 139.92539 62.66675 24.0
41.0 30.0 41.0 59.83858 126.05479 122.49296 24.0
41.0 34.0 34.0 127.84708 111.20539 129.59464 368.0
41.0 34.0 41.0 59.83858 126.05479 122.49296 368.0
41.0 35.0 35.0 147.8018 121.14282 95.66274 1.0
41.0 35.0 41.0 59.83858 126.05479 122.49296 1.0
41.0 38.0 38.0 88.71761 68.42679 152.61939 4.0
41.0 38.0 41.0 59.83858 126.05479 122.49296 4.0
41.0 41.0 41.0 59.83858 126.05479 122.49296 8028.0
41.0 41.0 41.0 59.83858 126.05479 122.49296 8028.0
41.0 42.0 42.0 56.6092 85.20312 144.95378 366.0
41.0 42.0 41.0 59.83858 126.05479 122.49296 366.0
41.0 43.0 43.0 101.77148 137.70318 99.18742 307.0
41.0 43.0 41.0 59.83858 126.05479 122.49296 307.0
42.0 0.0 0.0 55.1174 48.9269 141.99417 808.0
42.0 0.0 42.0 56.6092 85.20312 144.95378 808.0
42.0 4.0 4.0 72.08367 108.39948 139.66719 1886.0
42.0 4.0 42.0 56.6092 85.20312 144.95378 1886.0
42.0 5.0 5.0 36.1416 130.04268 82.18245 40.0
42.0 5.0 42.0 56.6092 85.20312 144.95378 40.0
42.0 6.0 6.0 5.46866 84.75425 74.41688 1.0
42.0 6.0 42.0 56.6092 85.20312 144.95378 1.0
42.0 7.0 7.0 121.65778 13.43902 56.93185 1.0
42.0 7.0 42.0 56.6092 85.20312 144.95378 1.0
42.0 16.0 16.0 37.10092 39.07916 124.68555 136.0
42.0 16.0 42.0 56.6092 85.20312 144.95378 136.0
42.0 22.0 22.0 25.08285 79.98643 119.45204 1430.0
42.0 22.0 42.0 56.6092 85.20312 144.95378 1430.0
42.0 24.0 24.0 107.89156 87.25743 149.1392 457.0
42.0 24.0 42.0 56.6092 85.20312 144.95378 457.0
42.0 27.0 27.0 18.74927 45.32757 103.76957 1.0
42.0 27.0 42.0 56.6092 85.20312 144.95378 1.0
42.0 28.0 28.0 84.32158 38.96172 143.1549 171.0
42.0 28.0 42.0 56.6092 85.20312 144.95378 171.0
42.0 33.0 33.0 97.17843 49.93771 149.23952 131.0
42.0 33.0 42.0 56.6092 85.20312 144.95378 131.0
42.0 34.0 34.0 127.84708 111.20539 129.59464 3.0
42.0 34.0 42.0 56.6092 85.20312 144.95378 3.0
42.0 36.0 36.0 51.18006 19.44917 119.63995 2.0
42.0 36.0 42.0 56.6092 85.20312 144.95378 2.0
42.0 37.0 37.0 80.21778 11.06915 113.83361 1.0
42.0 37.0 42.0 56.6092 85.20312 144.95378 1.0
42.0 38.0 38.0 88.71761 68.42679 152.61939 1021.0
42.0 38.0 42.0 56.6092 85.20312 144.95378 1021.0
42.0 41.0 41.0 59.83858 126.05479 122.49296 359.0
42.0 41.0 42.0 56.6092 85.20312 144.95378 359.0
42.0 42.0 42.0 56.6092 85.20312 144.95378 5097.0
42.0 42.0 42.0 56.6092 85.20312 144.95378 5097.0
42.0 44.0 44.0 70.22192 22.7176 131.33341 2.0
42.0 44.0 42.0 56.6092 85.20312 144.95378 2.0
43.0 4.0 4.0 72.08367 108.39948 139.66719 65.0
43.0 4.0 43.0 101.77148 137.70318 99.18742 65.0
43.0 5.0 5.0 36.1416 130.04268 82.18245 61.0
43.0 5.0 43.0 101.77148 137.70318 99.18742 61.0
43.0 8.0 8.0 108.17504 86.00441 38.67296 1.0
43.0 8.0 43.0 101.77148 137.70318 99.18742 1.0
43.0 9.0 9.0 78.60315 139.93334 102.60951 1878.0
43.0 9.0 43.0 101.77148 137.70318 99.18742 1878.0
43.0 24.0 24.0 107.89156 87.25743 149.1392 12.0
43.0 24.0 43.0 101.77148 137.70318 99.18742 12.0
43.0 30.0 30.0 88.32188 139.92539 62.66675 1837.0
43.0 30.0 43.0 101.77148 137.70318 99.18742 1837.0
43.0 34.0 34.0 127.84708 111.20539 129.59464 1298.0
43.0 34.0 43.0 101.77148 137.70318 99.18742 1298.0
43.0 35.0 35.0 147.8018 121.14282 95.66274 747.0
43.0 35.0 43.0 101.77148 137.70318 99.18742 747.0
43.0 37.0 37.0 80.21778 11.06915 113.83361 1.0
43.0 37.0 43.0 101.77148 137.70318 99.18742 1.0
43.0 41.0 41.0 59.83858 126.05479 122.49296 248.0
43.0 41.0 43.0 101.77148 137.70318 99.18742 248.0
43.0 43.0 43.0 101.77148 137.70318 99.18742 4226.0
43.0 43.0 43.0 101.77148 137.70318 99.18742 4226.0
43.0 45.0 45.0 35.11522 116.37787 28.56763 2.0
43.0 45.0 43.0 101.77148 137.70318 99.18742 2.0
43.0 46.0 46.0 114.4813 130.24454 52.70777 154.0
43.0 46.0 43.0 101.77148 137.70318 99.18742 154.0
44.0 0.0 0.0 55.1174 48.9269 141.99417 581.0
44.0 0.0 44.0 70.22192 22.7176 131.33341 581.0
44.0 2.0 2.0 27.33441 25.3955 87.70819 35.0
44.0 2.0 44.0 70.22192 22.7176 131.33341 35.0
44.0 3.0 3.0 83.1036 3.82756 88.02653 47.0
44.0 3.0 44.0 70.22192 22.7176 131.33341 47.0
44.0 6.0 6.0 5.46866 84.75425 74.41688 1.0
44.0 6.0 44.0 70.22192 22.7176 131.33341 1.0
44.0 11.0 11.0 48.53999 14.10768 56.5184 2.0
44.0 11.0 44.0 70.22192 22.7176 131.33341 2.0
44.0 16.0 16.0 37.10092 39.07916 124.68555 198.0
44.0 16.0 44.0 70.22192 22.7176 131.33341 198.0
44.0 22.0 22.0 25.08285 79.98643 119.45204 1.0
44.0 22.0 44.0 70.22192 22.7176 131.33341 1.0
44.0 24.0 24.0 107.89156 87.25743 149.1392 1.0
44.0 24.0 44.0 70.22192 22.7176 131.33341 1.0
44.0 26.0 26.0 132.12101 45.09362 139.09058 11.0
44.0 26.0 44.0 70.22192 22.7176 131.33341 11.0
44.0 27.0 27.0 18.74927 45.32757 103.76957 6.0
44.0 27.0 44.0 70.22192 22.7176 131.33341 6.0
44.0 28.0 28.0 84.32158 38.96172 143.1549 776.0
44.0 28.0 44.0 70.22192 22.7176 131.33341 776.0
44.0 29.0 29.0 122.63144 20.57626 121.19346 78.0
44.0 29.0 44.0 70.22192 22.7176 131.33341 78.0
44.0 33.0 33.0 97.17843 49.93771 149.23952 93.0
44.0 33.0 44.0 70.22192 22.7176 131.33341 93.0
44.0 36.0 36.0 51.18006 19.44917 119.63995 689.0
44.0 36.0 44.0 70.22192 22.7176 131.33341 689.0
44.0 37.0 37.0 80.21778 11.06915 113.83361 1310.0
44.0 37.0 44.0 70.22192 22.7176 131.33341 1310.0
44.0 38.0 38.0 88.71761 68.42679 152.61939 20.0
44.0 38.0 44.0 70.22192 22.7176 131.33341 20.0
44.0 40.0 40.0 83.26245 23.54685 42.37545 1.0
44.0 40.0 44.0 70.22192 22.7176 131.33341 1.0
44.0 41.0 41.0 59.83858 126.05479 122.49296 1.0
44.0 41.0 44.0 70.22192 22.7176 131.33341 1.0
44.0 42.0 42.0 56.6092 85.20312 144.95378 2.0
44.0 42.0 44.0 70.22192 22.7176 131.33341 2.0
44.0 44.0 44.0 70.22192 22.7176 131.33341 1645.0
44.0 44.0 44.0 70.22192 22.7176 131.33341 1645.0
45.0 1.0 1.0 66.23057 89.19428 7.46345 1657.0
45.0 1.0 45.0 35.11522 116.37787 28.56763 1657.0
45.0 5.0 5.0 36.1416 130.04268 82.18245 1782.0
45.0 5.0 45.0 35.11522 116.37787 28.56763 1782.0
45.0 6.0 6.0 5.46866 84.75425 74.41688 876.0
45.0 6.0 45.0 35.11522 116.37787 28.56763 876.0
45.0 8.0 8.0 108.17504 86.00441 38.67296 94.0
45.0 8.0 45.0 35.11522 116.37787 28.56763 94.0
45.0 9.0 9.0 78.60315 139.93334 102.60951 1.0
45.0 9.0 45.0 35.11522 116.37787 28.56763 1.0
45.0 14.0 14.0 128.29011 116.0446 40.26681 3.0
45.0 14.0 45.0 35.11522 116.37787 28.56763 3.0
45.0 20.0 20.0 85.02311 53.73618 22.22258 2.0
45.0 20.0 45.0 35.11522 116.37787 28.56763 2.0
45.0 21.0 21.0 28.25849 78.12288 19.3161 1674.0
45.0 21.0 45.0 35.11522 116.37787 28.56763 1674.0
45.0 22.0 22.0 25.08285 79.98643 119.45204 1.0
45.0 22.0 45.0 35.11522 116.37787 28.56763 1.0
45.0 30.0 30.0 88.32188 139.92539 62.66675 760.0
45.0 30.0 45.0 35.11522 116.37787 28.56763 760.0
45.0 39.0 39.0 21.79843 50.10914 32.83352 58.0
45.0 39.0 45.0 35.11522 116.37787 28.56763 58.0
45.0 45.0 45.0 35.11522 116.37787 28.56763 11854.0
45.0 45.0 45.0 35.11522 116.37787 28.56763 11854.0
45.0 46.0 46.0 114.4813 130.24454 52.70777 49.0
45.0 46.0 45.0 35.11522 116.37787 28.56763 49.0
46.0 1.0 1.0 66.23057 89.19428 7.46345 124.0
46.0 1.0 46.0 114.4813 130.24454 52.70777 124.0
46.0 5.0 5.0 36.1416 130.04268 82.18245 6.0
46.0 5.0 46.0 114.4813 130.24454 52.70777 6.0
46.0 8.0 8.0 108.17504 86.00441 38.67296 965.0
46.0 8.0 46.0 114.4813 130.24454 52.70777 965.0
46.0 9.0 9.0 78.60315 139.93334 102.60951 9.0
46.0 9.0 46.0 114.4813 130.24454 52.70777 9.0
46.0 12.0 12.0 179.82129 86.33944 84.78299 3.0
46.0 12.0 46.0 114.4813 130.24454 52.70777 3.0
46.0 14.0 14.0 128.29011 116.0446 40.26681 2530.0
46.0 14.0 46.0 114.4813 130.24454 52.70777 2530.0
46.0 30.0 30.0 88.32188 139.92539 62.66675 3052.0
46.0 30.0 46.0 114.4813 130.24454 52.70777 3052.0
46.0 31.0 31.0 121.57929 38.98386 36.06201 1.0
46.0 31.0 46.0 114.4813 130.24454 52.70777 1.0
46.0 32.0 32.0 156.98721 89.15242 58.00142 251.0
46.0 32.0 46.0 114.4813 130.24454 52.70777 251.0
46.0 34.0 34.0 127.84708 111.20539 129.59464 16.0
46.0 34.0 46.0 114.4813 130.24454 52.70777 16.0
46.0 35.0 35.0 147.8018 121.14282 95.66274 1048.0
46.0 35.0 46.0 114.4813 130.24454 52.70777 1048.0
46.0 43.0 43.0 101.77148 137.70318 99.18742 146.0
46.0 43.0 46.0 114.4813 130.24454 52.70777 146.0
46.0 45.0 45.0 35.11522 116.37787 28.56763 45.0
46.0 45.0 46.0 114.4813 130.24454 52.70777 45.0
46.0 46.0 46.0 114.4813 130.24454 52.70777 6222.0
46.0 46.0 46.0 114.4813 130.24454 52.70777 6222.0
47.0 12.0 12.0 179.82129 86.33944 84.78299 375.0
47.0 12.0 47.0 164.2235 62.74163 126.07091 375.0
47.0 15.0 15.0 145.16095 26.62763 64.65101 9.0
47.0 15.0 47.0 164.2235 62.74163 126.07091 9.0
47.0 17.0 17.0 122.83264 11.00722 94.53611 20.0
47.0 17.0 47.0 164.2235 62.74163 126.07091 20.0
47.0 18.0 18.0 159.21318 24.82753 93.88053 566.0
47.0 18.0 47.0 164.2235 62.74163 126.07091 566.0
47.0 23.0 23.0 173.48483 43.49464 77.08156 316.0
47.0 23.0 47.0 164.2235 62.74163 126.07091 316.0
47.0 24.0 24.0 107.89156 87.25743 149.1392 207.0
47.0 24.0 47.0 164.2235 62.74163 126.07091 207.0
47.0 25.0 25.0 182.84209 64.03539 100.32718 1051.0
47.0 25.0 47.0 164.2235 62.74163 126.07091 1051.0
47.0 26.0 26.0 132.12101 45.09362 139.09058 1688.0
47.0 26.0 47.0 164.2235 62.74163 126.07091 1688.0
47.0 29.0 29.0 122.63144 20.57626 121.19346 201.0
47.0 29.0 47.0 164.2235 62.74163 126.07091 201.0
47.0 32.0 32.0 156.98721 89.15242 58.00142 2.0
47.0 32.0 47.0 164.2235 62.74163 126.07091 2.0
47.0 33.0 33.0 97.17843 49.93771 149.23952 6.0
47.0 33.0 47.0 164.2235 62.74163 126.07091 6.0
47.0 34.0 34.0 127.84708 111.20539 129.59464 1152.0
47.0 34.0 47.0 164.2235 62.74163 126.07091 1152.0
47.0 35.0 35.0 147.8018 121.14282 95.66274 311.0
47.0 35.0 47.0 164.2235 62.74163 126.07091 311.0
47.0 37.0 37.0 80.21778 11.06915 113.83361 1.0
47.0 37.0 47.0 164.2235 62.74163 126.07091 1.0
47.0 38.0 38.0 88.71761 68.42679 152.61939 3.0
47.0 38.0 47.0 164.2235 62.74163 126.07091 3.0
47.0 47.0 47.0 164.2235 62.74163 126.07091 7862.0
47.0 47.0 47.0 164.2235 62.74163 126.07091 7862.0
