TargetArea SourceArea Area AvgPosX AvgPosY AvgPosZ SumWeights
0.0 0.0 0.0 55.1194 49.29855 142.15949 2897.0
0.0 0.0 0.0 55.1194 49.29855 142.15949 2897.0
0.0 2.0 2.0 27.6595 25.10917 88.21285 9.0
0.0 2.0 0.0 55.1194 49.29855 142.15949 9.0
0.0 4.0 4.0 72.14645 108.23986 139.83217 24.0
0.0 4.0 0.0 55.1194 49.29855 142.15949 24.0
0.0 16.0 16.0 37.04077 38.68483 124.38945 1010.0
0.0 16.0 0.0 55.1194 49.29855 142.15949 1010.0
0.0 22.0 22.0 25.16196 80.09484 119.51663 490.0
0.0 22.0 0.0 55.1194 49.29855 142.15949 490.0
0.0 24.0 24.0 107.81289 87.19403 149.12286 17.0
0.0 24.0 0.0 55.1194 49.29855 142.15949 17.0
0.0 26.0 26.0 131.8533 45.1094 139.19789 2.0
0.0 26.0 0.0 55.1194 49.29855 142.15949 2.0
0.0 27.0 27.0 18.72432 45.50373 103.8724 41.0
0.0 27.0 0.0 55.1194 49.29855 142.15949 41.0
0.0 28.0 28.0 83.54194 39.68835 143.45333 933.0
0.0 28.0 0.0 55.1194 49.29855 142.15949 933.0
0.0 29.0 29.0 122.71017 20.72656 121.42776 1.0
0.0 29.0 0.0 55.1194 49.29855 142.15949 1.0
0.0 33.0 33.0 97.63619 49.85363 149.2282 235.0
0.0 33.0 0.0 55.1194 49.29855 142.15949 235.0
0.0 36.0 36.0 51.11532 19.25357 119.26286 342.0
0.0 36.0 0.0 55.1194 49.29855 142.15949 342.0
0.0 37.0 37.0 79.94011 11.0917 113.83978 81.0
0.0 37.0 0.0 55.1194 49.29855 142.15949 81.0
0.0 38.0 38.0 88.65912 68.21923 152.64192 327.0
0.0 38.0 0.0 55.1194 49.29855 142.15949 327.0
0.0 41.0 41.0 59.62207 125.64212 122.69758 4.0
0.0 41.0 0.0 55.1194 49.29855 142.15949 4.0
0.0 42.0 42.0 56.50849 85.15323 144.93453 814.0
0.0 42.0 0.0 55.1194 49.29855 142.15949 814.0
0.0 44.0 44.0 70.60119 22.73588 131.41675 426.0
0.0 44.0 0.0 55.1194 49.29855 142.15949 426.0
1.0 1.0 1.0 66.4493 89.41892 7.69518 7579.0
1.0 1.0 1.0 66.4493 89.41892 7.69518 7579.0
1.0 5.0 5.0 36.41418 130.17496 82.12303 25.0
1.0 5.0 1.0 66.4493 89.41892 7.69518 25.0
1.0 8.0 8.0 108.61769 85.29922 38.91133 1386.0
1.0 8.0 1.0 66.4493 89.41892 7.69518 1386.0
1.0 11.0 11.0 48.24774 14.30242 56.38918 26.0
1.0 11.0 1.0 66.4493 89.41892 7.69518 26.0
1.0 14.0 14.0 128.55202 115.94456 40.44043 48.0
1.0 14.0 1.0 66.4493 89.41892 7.69518 48.0
1.0 19.0 19.0 66.65411 15.33589 45.87128 29.0
1.0 19.0 1.0 66.4493 89.41892 7.69518 29.0
1.0 20.0 20.0 85.37092 53.71552 22.61725 1771.0
1.0 20.0 1.0 66.4493 89.41892 7.69518 1771.0
1.0 21.0 21.0 27.84915 77.87893 19.72149 1061.0
1.0 21.0 1.0 66.4493 89.41892 7.69518 1061.0
1.0 30.0 30.0 88.7383 139.84387 62.92564 287.0
1.0 30.0 1.0 66.4493 89.41892 7.69518 287.0
1.0 31.0 31.0 121.73507 39.39873 36.03293 9.0
1.0 31.0 1.0 66.4493 89.41892 7.69518 9.0
1.0 39.0 39.0 21.87604 50.07552 32.79412 252.0
1.0 39.0 1.0 66.4493 89.41892 7.69518 252.0
1.0 40.0 40.0 83.32083 23.55984 42.25131 13.0
1.0 40.0 1.0 66.4493 89.41892 7.69518 13.0
1.0 45.0 45.0 35.09139 116.35641 28.56231 1424.0
1.0 45.0 1.0 66.4493 89.41892 7.69518 1424.0
1.0 46.0 46.0 114.89938 130.47488 52.98494 141.0
1.0 46.0 1.0 66.4493 89.41892 7.69518 141.0
2.0 0.0 0.0 55.1194 49.29855 142.15949 11.0
2.0 0.0 2.0 27.6595 25.10917 88.21285 11.0
2.0 2.0 2.0 27.6595 25.10917 88.21285 4935.0
2.0 2.0 2.0 27.6595 25.10917 88.21285 4935.0
2.0 3.0 3.0 83.1231 3.83096 87.92165 250.0
2.0 3.0 2.0 27.6595 25.10917 88.21285 250.0
2.0 6.0 6.0 5.4448 84.88174 74.33905 347.0
2.0 6.0 2.0 27.6595 25.10917 88.21285 347.0
2.0 11.0 11.0 48.24774 14.30242 56.38918 1076.0
2.0 11.0 2.0 27.6595 25.10917 88.21285 1076.0
2.0 13.0 13.0 21.92737 31.03587 56.27317 988.0
2.0 13.0 2.0 27.6595 25.10917 88.21285 988.0
2.0 16.0 16.0 37.04077 38.68483 124.38945 627.0
2.0 16.0 2.0 27.6595 25.10917 88.21285 627.0
2.0 19.0 19.0 66.65411 15.33589 45.87128 16.0
2.0 19.0 2.0 27.6595 25.10917 88.21285 16.0
2.0 22.0 22.0 25.16196 80.09484 119.51663 93.0
2.0 22.0 2.0 27.6595 25.10917 88.21285 93.0
2.0 27.0 27.0 18.72432 45.50373 103.8724 1217.0
2.0 27.0 2.0 27.6595 25.10917 88.21285 1217.0
2.0 28.0 28.0 83.54194 39.68835 143.45333 1.0
2.0 28.0 2.0 27.6595 25.10917 88.21285 1.0
2.0 36.0 36.0 51.11532 19.25357 119.26286 455.0
2.0 36.0 2.0 27.6595 25.10917 88.21285 455.0
2.0 37.0 37.0 79.94011 11.0917 113.83978 357.0
2.0 37.0 2.0 27.6595 25.10917 88.21285 357.0
2.0 39.0 39.0 21.87604 50.07552 32.79412 122.0
2.0 39.0 2.0 27.6595 25.10917 88.21285 122.0
2.0 40.0 40.0 83.32083 23.55984 42.25131 1.0
2.0 40.0 2.0 27.6595 25.10917 88.21285 1.0
2.0 44.0 44.0 70.60119 22.73588 131.41675 32.0
2.0 44.0 2.0 27.6595 25.10917 88.21285 32.0
3.0 0.0 0.0 55.1194 49.29855 142.15949 1.0
3.0 0.0 3.0 83.1231 3.83096 87.92165 1.0
3.0 2.0 2.0 27.6595 25.10917 88.21285 219.0
3.0 2.0 3.0 83.1231 3.83096 87.92165 219.0
3.0 3.0 3.0 83.1231 3.83096 87.92165 5040.0
3.0 3.0 3.0 83.1231 3.83096 87.92165 5040.0
3.0 7.0 7.0 121.78284 13.46347 56.9383 173.0
3.0 7.0 3.0 83.1231 3.83096 87.92165 173.0
3.0 10.0 10.0 97.44727 3.99337 61.32576 1290.0
3.0 10.0 3.0 83.1231 3.83096 87.92165 1290.0
3.0 11.0 11.0 48.24774 14.30242 56.38918 767.0
3.0 11.0 3.0 83.1231 3.83096 87.92165 767.0
3.0 13.0 13.0 21.92737 31.03587 56.27317 8.0
3.0 13.0 3.0 83.1231 3.83096 87.92165 8.0
3.0 15.0 15.0 144.83519 26.44922 64.4465 21.0
3.0 15.0 3.0 83.1231 3.83096 87.92165 21.0
3.0 16.0 16.0 37.04077 38.68483 124.38945 19.0
3.0 16.0 3.0 83.1231 3.83096 87.92165 19.0
3.0 17.0 17.0 122.98924 11.06637 94.72612 967.0
3.0 17.0 3.0 83.1231 3.83096 87.92165 967.0
3.0 18.0 18.0 159.4264 25.01043 93.6779 2.0
3.0 18.0 3.0 83.1231 3.83096 87.92165 2.0
3.0 19.0 19.0 66.65411 15.33589 45.87128 391.0
3.0 19.0 3.0 83.1231 3.83096 87.92165 391.0
3.0 26.0 26.0 131.8533 45.1094 139.19789 6.0
3.0 26.0 3.0 83.1231 3.83096 87.92165 6.0
3.0 27.0 27.0 18.72432 45.50373 103.8724 2.0
3.0 27.0 3.0 83.1231 3.83096 87.92165 2.0
3.0 28.0 28.0 83.54194 39.68835 143.45333 8.0
3.0 28.0 3.0 83.1231 3.83096 87.92165 8.0
3.0 29.0 29.0 122.71017 20.72656 121.42776 166.0
3.0 29.0 3.0 83.1231 3.83096 87.92165 166.0
3.0 31.0 31.0 121.73507 39.39873 36.03293 2.0
3.0 31.0 3.0 83.1231 3.83096 87.92165 2.0
3.0 33.0 33.0 97.63619 49.85363 149.2282 1.0
3.0 33.0 3.0 83.1231 3.83096 87.92165 1.0
3.0 36.0 36.0 51.11532 19.25357 119.26286 131.0
3.0 36.0 3.0 83.1231 3.83096 87.92165 131.0
3.0 37.0 37.0 79.94011 11.0917 113.83978 1906.0
3.0 37.0 3.0 83.1231 3.83096 87.92165 1906.0
3.0 40.0 40.0 83.32083 23.55984 42.25131 139.0
3.0 40.0 3.0 83.1231 3.83096 87.92165 139.0
3.0 44.0 44.0 70.60119 22.73588 131.41675 52.0
3.0 44.0 3.0 83.1231 3.83096 87.92165 52.0
4.0 0.0 0.0 55.1194 49.29855 142.15949 22.0
4.0 0.0 4.0 72.14645 108.23986 139.83217 22.0
4.0 4.0 4.0 72.14645 108.23986 139.83217 4990.0
4.0 4.0 4.0 72.14645 108.23986 139.83217 4990.0
4.0 5.0 5.0 36.41418 130.17496 82.12303 82.0
4.0 5.0 4.0 72.14645 108.23986 139.83217 82.0
4.0 6.0 6.0 5.4448 84.88174 74.33905 2.0
4.0 6.0 4.0 72.14645 108.23986 139.83217 2.0
4.0 9.0 9.0 78.37329 140.08823 102.32459 227.0
4.0 9.0 4.0 72.14645 108.23986 139.83217 227.0
4.0 16.0 16.0 37.04077 38.68483 124.38945 1.0
4.0 16.0 4.0 72.14645 108.23986 139.83217 1.0
4.0 22.0 22.0 25.16196 80.09484 119.51663 369.0
4.0 22.0 4.0 72.14645 108.23986 139.83217 369.0
4.0 24.0 24.0 107.81289 87.19403 149.12286 1261.0
4.0 24.0 4.0 72.14645 108.23986 139.83217 1261.0
4.0 28.0 28.0 83.54194 39.68835 143.45333 5.0
4.0 28.0 4.0 72.14645 108.23986 139.83217 5.0
4.0 33.0 33.0 97.63619 49.85363 149.2282 6.0
4.0 33.0 4.0 72.14645 108.23986 139.83217 6.0
4.0 34.0 34.0 127.74052 111.23266 129.59288 660.0
4.0 34.0 4.0 72.14645 108.23986 139.83217 660.0
4.0 35.0 35.0 147.50083 121.30116 95.66968 2.0
4.0 35.0 4.0 72.14645 108.23986 139.83217 2.0
4.0 38.0 38.0 88.65912 68.21923 152.64192 192.0
4.0 38.0 4.0 72.14645 108.23986 139.83217 192.0
4.0 41.0 41.0 59.62207 125.64212 122.69758 2139.0
4.0 41.0 4.0 72.14645 108.23986 139.83217 2139.0
4.0 42.0 42.0 56.50849 85.15323 144.93453 1681.0
4.0 42.0 4.0 72.14645 108.23986 139.83217 1681.0
4.0 43.0 43.0 102.31898 137.46962 99.67274 69.0
4.0 43.0 4.0 72.14645 108.23986 139.83217 69.0
4.0 45.0 45.0 35.09139 116.35641 28.56231 1.0
4.0 45.0 4.0 72.14645 108.23986 139.83217 1.0
5.0 1.0 1.0 66.4493 89.41892 7.69518 21.0
5.0 1.0 5.0 36.41418 130.17496 82.12303 21.0
5.0 4.0 4.0 72.14645 108.23986 139.83217 108.0
5.0 4.0 5.0 36.41418 130.17496 82.12303 108.0
5.0 5.0 5.0 36.41418 130.17496 82.12303 15763.0
5.0 5.0 5.0 36.41418 130.17496 82.12303 15763.0
5.0 6.0 6.0 5.4448 84.88174 74.33905 1568.0
5.0 6.0 5.0 36.41418 130.17496 82.12303 1568.0
5.0 8.0 8.0 108.61769 85.29922 38.91133 10.0
5.0 8.0 5.0 36.41418 130.17496 82.12303 10.0
5.0 9.0 9.0 78.37329 140.08823 102.32459 1205.0
5.0 9.0 5.0 36.41418 130.17496 82.12303 1205.0
5.0 21.0 21.0 27.84915 77.87893 19.72149 12.0
5.0 21.0 5.0 36.41418 130.17496 82.12303 12.0
5.0 22.0 22.0 25.16196 80.09484 119.51663 982.0
5.0 22.0 5.0 36.41418 130.17496 82.12303 982.0
5.0 27.0 27.0 18.72432 45.50373 103.8724 1.0
5.0 27.0 5.0 36.41418 130.17496 82.12303 1.0
5.0 30.0 30.0 88.7383 139.84387 62.92564 1451.0
5.0 30.0 5.0 36.41418 130.17496 82.12303 1451.0
5.0 34.0 34.0 127.74052 111.23266 129.59288 1.0
5.0 34.0 5.0 36.41418 130.17496 82.12303 1.0
5.0 41.0 41.0 59.62207 125.64212 122.69758 1859.0
5.0 41.0 5.0 36.41418 130.17496 82.12303 1859.0
5.0 42.0 42.0 56.50849 85.15323 144.93453 39.0
5.0 42.0 5.0 36.41418 130.17496 82.12303 39.0
5.0 43.0 43.0 102.31898 137.46962 99.67274 89.0
5.0 43.0 5.0 36.41418 130.17496 82.12303 89.0
5.0 45.0 45.0 35.09139 116.35641 28.56231 1485.0
5.0 45.0 5.0 36.41418 130.17496 82.12303 1485.0
5.0 46.0 46.0 114.89938 130.47488 52.98494 12.0
5.0 46.0 5.0 36.41418 130.17496 82.12303 12.0
6.0 1.0 1.0 66.4493 89.41892 7.69518 1.0
6.0 1.0 6.0 5.4448 84.88174 74.33905 1.0
6.0 2.0 2.0 27.6595 25.10917 88.21285 387.0
6.0 2.0 6.0 5.4448 84.88174 74.33905 387.0
6.0 5.0 5.0 36.41418 130.17496 82.12303 1642.0
6.0 5.0 6.0 5.4448 84.88174 74.33905 1642.0
6.0 6.0 6.0 5.4448 84.88174 74.33905 11411.0
6.0 6.0 6.0 5.4448 84.88174 74.33905 11411.0
6.0 11.0 11.0 48.24774 14.30242 56.38918 3.0
6.0 11.0 6.0 5.4448 84.88174 74.33905 3.0
6.0 13.0 13.0 21.92737 31.03587 56.27317 311.0
6.0 13.0 6.0 5.4448 84.88174 74.33905 311.0
6.0 16.0 16.0 37.04077 38.68483 124.38945 14.0
6.0 16.0 6.0 5.4448 84.88174 74.33905 14.0
6.0 21.0 21.0 27.84915 77.87893 19.72149 570.0
6.0 21.0 6.0 5.4448 84.88174 74.33905 570.0
6.0 22.0 22.0 25.16196 80.09484 119.51663 1662.0
6.0 22.0 6.0 5.4448 84.88174 74.33905 1662.0
6.0 27.0 27.0 18.72432 45.50373 103.8724 692.0
6.0 27.0 6.0 5.4448 84.88174 74.33905 692.0
6.0 39.0 39.0 21.87604 50.07552 32.79412 1036.0
6.0 39.0 6.0 5.4448 84.88174 74.33905 1036.0
6.0 41.0 41.0 59.62207 125.64212 122.69758 29.0
6.0 41.0 6.0 5.4448 84.88174 74.33905 29.0
6.0 42.0 42.0 56.50849 85.15323 144.93453 2.0
6.0 42.0 6.0 5.4448 84.88174 74.33905 2.0
6.0 45.0 45.0 35.09139 116.35641 28.56231 723.0
6.0 45.0 6.0 5.4448 84.88174 74.33905 723.0
7.0 3.0 3.0 83.1231 3.83096 87.92165 179.0
7.0 3.0 7.0 121.78284 13.46347 56.9383 179.0
7.0 7.0 7.0 121.78284 13.46347 56.9383 2998.0
7.0 7.0 7.0 121.78284 13.46347 56.9383 2998.0
7.0 8.0 8.0 108.61769 85.29922 38.91133 8.0
7.0 8.0 7.0 121.78284 13.46347 56.9383 8.0
7.0 10.0 10.0 97.44727 3.99337 61.32576 1132.0
7.0 10.0 7.0 121.78284 13.46347 56.9383 1132.0
7.0 11.0 11.0 48.24774 14.30242 56.38918 2.0
7.0 11.0 7.0 121.78284 13.46347 56.9383 2.0
7.0 15.0 15.0 144.83519 26.44922 64.4465 1203.0
7.0 15.0 7.0 121.78284 13.46347 56.9383 1203.0
7.0 17.0 17.0 122.98924 11.06637 94.72612 673.0
7.0 17.0 7.0 121.78284 13.46347 56.9383 673.0
7.0 18.0 18.0 159.4264 25.01043 93.6779 36.0
7.0 18.0 7.0 121.78284 13.46347 56.9383 36.0
7.0 19.0 19.0 66.65411 15.33589 45.87128 18.0
7.0 19.0 7.0 121.78284 13.46347 56.9383 18.0
7.0 20.0 20.0 85.37092 53.71552 22.61725 38.0
7.0 20.0 7.0 121.78284 13.46347 56.9383 38.0
7.0 23.0 23.0 173.51541 43.6307 76.49755 7.0
7.0 23.0 7.0 121.78284 13.46347 56.9383 7.0
7.0 26.0 26.0 131.8533 45.1094 139.19789 1.0
7.0 26.0 7.0 121.78284 13.46347 56.9383 1.0
7.0 29.0 29.0 122.71017 20.72656 121.42776 16.0
7.0 29.0 7.0 121.78284 13.46347 56.9383 16.0
7.0 31.0 31.0 121.73507 39.39873 36.03293 1139.0
7.0 31.0 7.0 121.78284 13.46347 56.9383 1139.0
7.0 32.0 32.0 156.85617 89.19953 57.93592 2.0
7.0 32.0 7.0 121.78284 13.46347 56.9383 2.0
7.0 37.0 37.0 79.94011 11.0917 113.83978 8.0
7.0 37.0 7.0 121.78284 13.46347 56.9383 8.0
7.0 40.0 40.0 83.32083 23.55984 42.25131 259.0
7.0 40.0 7.0 121.78284 13.46347 56.9383 259.0
8.0 1.0 1.0 66.4493 89.41892 7.69518 1152.0
8.0 1.0 8.0 108.61769 85.29922 38.91133 1152.0
8.0 5.0 5.0 36.41418 130.17496 82.12303 10.0
8.0 5.0 8.0 108.61769 85.29922 38.91133 10.0
8.0 7.0 7.0 121.78284 13.46347 56.9383 4.0
8.0 7.0 8.0 108.61769 85.29922 38.91133 4.0
8.0 8.0 8.0 108.61769 85.29922 38.91133 21632.0
8.0 8.0 8.0 108.61769 85.29922 38.91133 21632.0
8.0 9.0 9.0 78.37329 140.08823 102.32459 1.0
8.0 9.0 8.0 108.61769 85.29922 38.91133 1.0
8.0 12.0 12.0 179.79359 86.45103 84.89142 7.0
8.0 12.0 8.0 108.61769 85.29922 38.91133 7.0
8.0 14.0 14.0 128.55202 115.94456 40.44043 2056.0
8.0 14.0 8.0 108.61769 85.29922 38.91133 2056.0
8.0 15.0 15.0 144.83519 26.44922 64.4465 42.0
8.0 15.0 8.0 108.61769 85.29922 38.91133 42.0
8.0 20.0 20.0 85.37092 53.71552 22.61725 2442.0
8.0 20.0 8.0 108.61769 85.29922 38.91133 2442.0
8.0 21.0 21.0 27.84915 77.87893 19.72149 1.0
8.0 21.0 8.0 108.61769 85.29922 38.91133 1.0
8.0 23.0 23.0 173.51541 43.6307 76.49755 7.0
8.0 23.0 8.0 108.61769 85.29922 38.91133 7.0
8.0 24.0 24.0 107.81289 87.19403 149.12286 1.0
8.0 24.0 8.0 108.61769 85.29922 38.91133 1.0
8.0 30.0 30.0 88.7383 139.84387 62.92564 456.0
8.0 30.0 8.0 108.61769 85.29922 38.91133 456.0
8.0 31.0 31.0 121.73507 39.39873 36.03293 1465.0
8.0 31.0 8.0 108.61769 85.29922 38.91133 1465.0
8.0 32.0 32.0 156.85617 89.19953 57.93592 1139.0
8.0 32.0 8.0 108.61769 85.29922 38.91133 1139.0
8.0 35.0 35.0 147.50083 121.30116 95.66968 2.0
8.0 35.0 8.0 108.61769 85.29922 38.91133 2.0
8.0 40.0 40.0 83.32083 23.55984 42.25131 22.0
8.0 40.0 8.0 108.61769 85.29922 38.91133 22.0
8.0 41.0 41.0 59.62207 125.64212 122.69758 1.0
8.0 41.0 8.0 108.61769 85.29922 38.91133 1.0
8.0 43.0 43.0 102.31898 137.46962 99.67274 1.0
8.0 43.0 8.0 108.61769 85.29922 38.91133 1.0
8.0 45.0 45.0 35.09139 116.35641 28.56231 87.0
8.0 45.0 8.0 108.61769 85.29922 38.91133 87.0
8.0 46.0 46.0 114.89938 130.47488 52.98494 812.0
8.0 46.0 8.0 108.61769 85.29922 38.91133 812.0
9.0 4.0 4.0 72.14645 108.23986 139.83217 239.0
9.0 4.0 9.0 78.37329 140.08823 102.32459 239.0
9.0 5.0 5.0 36.41418 130.17496 82.12303 1109.0
9.0 5.0 9.0 78.37329 140.08823 102.32459 1109.0
9.0 9.0 9.0 78.37329 140.08823 102.32459 3477.0
9.0 9.0 9.0 78.37329 140.08823 102.32459 3477.0
9.0 24.0 24.0 107.81289 87.19403 149.12286 20.0
9.0 24.0 9.0 78.37329 140.08823 102.32459 20.0
9.0 30.0 30.0 88.7383 139.84387 62.92564 914.0
9.0 30.0 9.0 78.37329 140.08823 102.32459 914.0
9.0 34.0 34.0 127.74052 111.23266 129.59288 503.0
9.0 34.0 9.0 78.37329 140.08823 102.32459 503.0
9.0 35.0 35.0 147.50083 121.30116 95.66968 19.0
9.0 35.0 9.0 78.37329 140.08823 102.32459 19.0
9.0 41.0 41.0 59.62207 125.64212 122.69758 1628.0
9.0 41.0 9.0 78.37329 140.08823 102.32459 1628.0
9.0 43.0 43.0 102.31898 137.46962 99.67274 1614.0
9.0 43.0 9.0 78.37329 140.08823 102.32459 1614.0
9.0 45.0 45.0 35.09139 116.35641 28.56231 3.0
9.0 45.0 9.0 78.37329 140.08823 102.32459 3.0
9.0 46.0 46.0 114.89938 130.47488 52.98494 3.0
9.0 46.0 9.0 78.37329 140.08823 102.32459 3.0
10.0 2.0 2.0 27.6595 25.10917 88.21285 4.0
10.0 2.0 10.0 97.44727 3.99337 61.32576 4.0
10.0 3.0 3.0 83.1231 3.83096 87.92165 1187.0
10.0 3.0 10.0 97.44727 3.99337 61.32576 1187.0
10.0 7.0 7.0 121.78284 13.46347 56.9383 1187.0
10.0 7.0 10.0 97.44727 3.99337 61.32576 1187.0
10.0 10.0 10.0 97.44727 3.99337 61.32576 2934.0
10.0 10.0 10.0 97.44727 3.99337 61.32576 2934.0
10.0 11.0 11.0 48.24774 14.30242 56.38918 146.0
10.0 11.0 10.0 97.44727 3.99337 61.32576 146.0
10.0 15.0 15.0 144.83519 26.44922 64.4465 81.0
10.0 15.0 10.0 97.44727 3.99337 61.32576 81.0
10.0 17.0 17.0 122.98924 11.06637 94.72612 424.0
10.0 17.0 10.0 97.44727 3.99337 61.32576 424.0
10.0 18.0 18.0 159.4264 25.01043 93.6779 3.0
10.0 18.0 10.0 97.44727 3.99337 61.32576 3.0
10.0 19.0 19.0 66.65411 15.33589 45.87128 443.0
10.0 19.0 10.0 97.44727 3.99337 61.32576 443.0
10.0 20.0 20.0 85.37092 53.71552 22.61725 36.0
10.0 20.0 10.0 97.44727 3.99337 61.32576 36.0
10.0 29.0 29.0 122.71017 20.72656 121.42776 7.0
10.0 29.0 10.0 97.44727 3.99337 61.32576 7.0
10.0 31.0 31.0 121.73507 39.39873 36.03293 305.0
10.0 31.0 10.0 97.44727 3.99337 61.32576 305.0
10.0 37.0 37.0 79.94011 11.0917 113.83978 55.0
10.0 37.0 10.0 97.44727 3.99337 61.32576 55.0
10.0 40.0 40.0 83.32083 23.55984 42.25131 930.0
10.0 40.0 10.0 97.44727 3.99337 61.32576 930.0
11.0 1.0 1.0 66.4493 89.41892 7.69518 24.0
11.0 1.0 11.0 48.24774 14.30242 56.38918 24.0
11.0 2.0 2.0 27.6595 25.10917 88.21285 1082.0
11.0 2.0 11.0 48.24774 14.30242 56.38918 1082.0
11.0 3.0 3.0 83.1231 3.83096 87.92165 854.0
11.0 3.0 11.0 48.24774 14.30242 56.38918 854.0
11.0 6.0 6.0 5.4448 84.88174 74.33905 3.0
11.0 6.0 11.0 48.24774 14.30242 56.38918 3.0
11.0 7.0 7.0 121.78284 13.46347 56.9383 1.0
11.0 7.0 11.0 48.24774 14.30242 56.38918 1.0
11.0 10.0 10.0 97.44727 3.99337 61.32576 178.0
11.0 10.0 11.0 48.24774 14.30242 56.38918 178.0
11.0 11.0 11.0 48.24774 14.30242 56.38918 5684.0
11.0 11.0 11.0 48.24774 14.30242 56.38918 5684.0
11.0 13.0 13.0 21.92737 31.03587 56.27317 1085.0
11.0 13.0 11.0 48.24774 14.30242 56.38918 1085.0
11.0 16.0 16.0 37.04077 38.68483 124.38945 18.0
11.0 16.0 11.0 48.24774 14.30242 56.38918 18.0
11.0 19.0 19.0 66.65411 15.33589 45.87128 1504.0
11.0 19.0 11.0 48.24774 14.30242 56.38918 1504.0
11.0 20.0 20.0 85.37092 53.71552 22.61725 247.0
11.0 20.0 11.0 48.24774 14.30242 56.38918 247.0
11.0 21.0 21.0 27.84915 77.87893 19.72149 32.0
11.0 21.0 11.0 48.24774 14.30242 56.38918 32.0
11.0 22.0 22.0 25.16196 80.09484 119.51663 1.0
11.0 22.0 11.0 48.24774 14.30242 56.38918 1.0
11.0 27.0 27.0 18.72432 45.50373 103.8724 12.0
11.0 27.0 11.0 48.24774 14.30242 56.38918 12.0
11.0 31.0 31.0 121.73507 39.39873 36.03293 6.0
11.0 31.0 11.0 48.24774 14.30242 56.38918 6.0
11.0 36.0 36.0 51.11532 19.25357 119.26286 67.0
11.0 36.0 11.0 48.24774 14.30242 56.38918 67.0
11.0 37.0 37.0 79.94011 11.0917 113.83978 232.0
11.0 37.0 11.0 48.24774 14.30242 56.38918 232.0
11.0 39.0 39.0 21.87604 50.07552 32.79412 675.0
11.0 39.0 11.0 48.24774 14.30242 56.38918 675.0
11.0 40.0 40.0 83.32083 23.55984 42.25131 504.0
11.0 40.0 11.0 48.24774 14.30242 56.38918 504.0
11.0 44.0 44.0 70.60119 22.73588 131.41675 2.0
11.0 44.0 11.0 48.24774 14.30242 56.38918 2.0
12.0 8.0 8.0 108.61769 85.29922 38.91133 7.0
12.0 8.0 12.0 179.79359 86.45103 84.89142 7.0
12.0 12.0 12.0 179.79359 86.45103 84.89142 4178.0
12.0 12.0 12.0 179.79359 86.45103 84.89142 4178.0
12.0 14.0 14.0 128.55202 115.94456 40.44043 24.0
12.0 14.0 12.0 179.79359 86.45103 84.89142 24.0
12.0 15.0 15.0 144.83519 26.44922 64.4465 35.0
12.0 15.0 12.0 179.79359 86.45103 84.89142 35.0
12.0 18.0 18.0 159.4264 25.01043 93.6779 24.0
12.0 18.0 12.0 179.79359 86.45103 84.89142 24.0
12.0 23.0 23.0 173.51541 43.6307 76.49755 469.0
12.0 23.0 12.0 179.79359 86.45103 84.89142 469.0
12.0 24.0 24.0 107.81289 87.19403 149.12286 1.0
12.0 24.0 12.0 179.79359 86.45103 84.89142 1.0
12.0 25.0 25.0 182.76421 64.72343 100.72528 927.0
12.0 25.0 12.0 179.79359 86.45103 84.89142 927.0
12.0 26.0 26.0 131.8533 45.1094 139.19789 1.0
12.0 26.0 12.0 179.79359 86.45103 84.89142 1.0
12.0 31.0 31.0 121.73507 39.39873 36.03293 10.0
12.0 31.0 12.0 179.79359 86.45103 84.89142 10.0
12.0 32.0 32.0 156.85617 89.19953 57.93592 1407.0
12.0 32.0 12.0 179.79359 86.45103 84.89142 1407.0
12.0 34.0 34.0 127.74052 111.23266 129.59288 102.0
12.0 34.0 12.0 179.79359 86.45103 84.89142 102.0
12.0 35.0 35.0 147.50083 121.30116 95.66968 995.0
12.0 35.0 12.0 179.79359 86.45103 84.89142 995.0
12.0 46.0 46.0 114.89938 130.47488 52.98494 8.0
12.0 46.0 12.0 179.79359 86.45103 84.89142 8.0
12.0 47.0 47.0 164.14117 62.6258 126.22321 405.0
12.0 47.0 12.0 179.79359 86.45103 84.89142 405.0
13.0 1.0 1.0 66.4493 89.41892 7.69518 3.0
13.0 1.0 13.0 21.92737 31.03587 56.27317 3.0
13.0 2.0 2.0 27.6595 25.10917 88.21285 1046.0
13.0 2.0 13.0 21.92737 31.03587 56.27317 1046.0
13.0 3.0 3.0 83.1231 3.83096 87.92165 7.0
13.0 3.0 13.0 21.92737 31.03587 56.27317 7.0
13.0 6.0 6.0 5.4448 84.88174 74.33905 326.0
13.0 6.0 13.0 21.92737 31.03587 56.27317 326.0
13.0 11.0 11.0 48.24774 14.30242 56.38918 1269.0
13.0 11.0 13.0 21.92737 31.03587 56.27317 1269.0
13.0 13.0 13.0 21.92737 31.03587 56.27317 2544.0
13.0 13.0 13.0 21.92737 31.03587 56.27317 2544.0
13.0 16.0 16.0 37.04077 38.68483 124.38945 1.0
13.0 16.0 13.0 21.92737 31.03587 56.27317 1.0
13.0 19.0 19.0 66.65411 15.33589 45.87128 74.0
13.0 19.0 13.0 21.92737 31.03587 56.27317 74.0
13.0 20.0 20.0 85.37092 53.71552 22.61725 11.0
13.0 20.0 13.0 21.92737 31.03587 56.27317 11.0
13.0 21.0 21.0 27.84915 77.87893 19.72149 21.0
13.0 21.0 13.0 21.92737 31.03587 56.27317 21.0
13.0 22.0 22.0 25.16196 80.09484 119.51663 7.0
13.0 22.0 13.0 21.92737 31.03587 56.27317 7.0
13.0 27.0 27.0 18.72432 45.50373 103.8724 107.0
13.0 27.0 13.0 21.92737 31.03587 56.27317 107.0
13.0 36.0 36.0 51.11532 19.25357 119.26286 3.0
13.0 36.0 13.0 21.92737 31.03587 56.27317 3.0
13.0 37.0 37.0 79.94011 11.0917 113.83978 4.0
13.0 37.0 13.0 21.92737 31.03587 56.27317 4.0
13.0 39.0 39.0 21.87604 50.07552 32.79412 1311.0
13.0 39.0 13.0 21.92737 31.03587 56.27317 1311.0
13.0 40.0 40.0 83.32083 23.55984 42.25131 14.0
13.0 40.0 13.0 21.92737 31.03587 56.27317 14.0
14.0 1.0 1.0 66.4493 89.41892 7.69518 43.0
14.0 1.0 14.0 128.55202 115.94456 40.44043 43.0
14.0 8.0 8.0 108.61769 85.29922 38.91133 2166.0
14.0 8.0 14.0 128.55202 115.94456 40.44043 2166.0
14.0 12.0 12.0 179.79359 86.45103 84.89142 9.0
14.0 12.0 14.0 128.55202 115.94456 40.44043 9.0
14.0 14.0 14.0 128.55202 115.94456 40.44043 5008.0
14.0 14.0 14.0 128.55202 115.94456 40.44043 5008.0
14.0 20.0 20.0 85.37092 53.71552 22.61725 10.0
14.0 20.0 14.0 128.55202 115.94456 40.44043 10.0
14.0 30.0 30.0 88.7383 139.84387 62.92564 213.0
14.0 30.0 14.0 128.55202 115.94456 40.44043 213.0
14.0 31.0 31.0 121.73507 39.39873 36.03293 9.0
14.0 31.0 14.0 128.55202 115.94456 40.44043 9.0
14.0 32.0 32.0 156.85617 89.19953 57.93592 1161.0
14.0 32.0 14.0 128.55202 115.94456 40.44043 1161.0
14.0 35.0 35.0 147.50083 121.30116 95.66968 273.0
14.0 35.0 14.0 128.55202 115.94456 40.44043 273.0
14.0 43.0 43.0 102.31898 137.46962 99.67274 6.0
14.0 43.0 14.0 128.55202 115.94456 40.44043 6.0
14.0 45.0 45.0 35.09139 116.35641 28.56231 1.0
14.0 45.0 14.0 128.55202 115.94456 40.44043 1.0
14.0 46.0 46.0 114.89938 130.47488 52.98494 2236.0
14.0 46.0 14.0 128.55202 115.94456 40.44043 2236.0
15.0 3.0 3.0 83.1231 3.83096 87.92165 23.0
15.0 3.0 15.0 144.83519 26.44922 64.4465 23.0
15.0 7.0 7.0 121.78284 13.46347 56.9383 1238.0
15.0 7.0 15.0 144.83519 26.44922 64.4465 1238.0
15.0 8.0 8.0 108.61769 85.29922 38.91133 63.0
15.0 8.0 15.0 144.83519 26.44922 64.4465 63.0
15.0 10.0 10.0 97.44727 3.99337 61.32576 82.0
15.0 10.0 15.0 144.83519 26.44922 64.4465 82.0
15.0 12.0 12.0 179.79359 86.45103 84.89142 31.0
15.0 12.0 15.0 144.83519 26.44922 64.4465 31.0
15.0 15.0 15.0 144.83519 26.44922 64.4465 3512.0
15.0 15.0 15.0 144.83519 26.44922 64.4465 3512.0
15.0 17.0 17.0 122.98924 11.06637 94.72612 755.0
15.0 17.0 15.0 144.83519 26.44922 64.4465 755.0
15.0 18.0 18.0 159.4264 25.01043 93.6779 778.0
15.0 18.0 15.0 144.83519 26.44922 64.4465 778.0
15.0 20.0 20.0 85.37092 53.71552 22.61725 3.0
15.0 20.0 15.0 144.83519 26.44922 64.4465 3.0
15.0 23.0 23.0 173.51541 43.6307 76.49755 628.0
15.0 23.0 15.0 144.83519 26.44922 64.4465 628.0
15.0 25.0 25.0 182.76421 64.72343 100.72528 5.0
15.0 25.0 15.0 144.83519 26.44922 64.4465 5.0
15.0 26.0 26.0 131.8533 45.1094 139.19789 5.0
15.0 26.0 15.0 144.83519 26.44922 64.4465 5.0
15.0 29.0 29.0 122.71017 20.72656 121.42776 53.0
15.0 29.0 15.0 144.83519 26.44922 64.4465 53.0
15.0 31.0 31.0 121.73507 39.39873 36.03293 1108.0
15.0 31.0 15.0 144.83519 26.44922 64.4465 1108.0
15.0 32.0 32.0 156.85617 89.19953 57.93592 277.0
15.0 32.0 15.0 144.83519 26.44922 64.4465 277.0
15.0 37.0 37.0 79.94011 11.0917 113.83978 4.0
15.0 37.0 15.0 144.83519 26.44922 64.4465 4.0
15.0 40.0 40.0 83.32083 23.55984 42.25131 5.0
15.0 40.0 15.0 144.83519 26.44922 64.4465 5.0
15.0 47.0 47.0 164.14117 62.6258 126.22321 6.0
15.0 47.0 15.0 144.83519 26.44922 64.4465 6.0
16.0 0.0 0.0 55.1194 49.29855 142.15949 1073.0
16.0 0.0 16.0 37.04077 38.68483 124.38945 1073.0
16.0 2.0 2.0 27.6595 25.10917 88.21285 629.0
16.0 2.0 16.0 37.04077 38.68483 124.38945 629.0
16.0 3.0 3.0 83.1231 3.83096 87.92165 15.0
16.0 3.0 16.0 37.04077 38.68483 124.38945 15.0
16.0 4.0 4.0 72.14645 108.23986 139.83217 3.0
16.0 4.0 16.0 37.04077 38.68483 124.38945 3.0
16.0 6.0 6.0 5.4448 84.88174 74.33905 11.0
16.0 6.0 16.0 37.04077 38.68483 124.38945 11.0
16.0 11.0 11.0 48.24774 14.30242 56.38918 14.0
16.0 11.0 16.0 37.04077 38.68483 124.38945 14.0
16.0 16.0 16.0 37.04077 38.68483 124.38945 2984.0
16.0 16.0 16.0 37.04077 38.68483 124.38945 2984.0
16.0 22.0 22.0 25.16196 80.09484 119.51663 960.0
16.0 22.0 16.0 37.04077 38.68483 124.38945 960.0
16.0 27.0 27.0 18.72432 45.50373 103.8724 881.0
16.0 27.0 16.0 37.04077 38.68483 124.38945 881.0
16.0 28.0 28.0 83.54194 39.68835 143.45333 54.0
16.0 28.0 16.0 37.04077 38.68483 124.38945 54.0
16.0 33.0 33.0 97.63619 49.85363 149.2282 3.0
16.0 33.0 16.0 37.04077 38.68483 124.38945 3.0
16.0 36.0 36.0 51.11532 19.25357 119.26286 778.0
16.0 36.0 16.0 37.04077 38.68483 124.38945 778.0
16.0 37.0 37.0 79.94011 11.0917 113.83978 152.0
16.0 37.0 16.0 37.04077 38.68483 124.38945 152.0
16.0 38.0 38.0 88.65912 68.21923 152.64192 15.0
16.0 38.0 16.0 37.04077 38.68483 124.38945 15.0
16.0 42.0 42.0 56.50849 85.15323 144.93453 170.0
16.0 42.0 16.0 37.04077 38.68483 124.38945 170.0
16.0 44.0 44.0 70.60119 22.73588 131.41675 185.0
16.0 44.0 16.0 37.04077 38.68483 124.38945 185.0
17.0 3.0 3.0 83.1231 3.83096 87.92165 946.0
17.0 3.0 17.0 122.98924 11.06637 94.72612 946.0
17.0 7.0 7.0 121.78284 13.46347 56.9383 674.0
17.0 7.0 17.0 122.98924 11.06637 94.72612 674.0
17.0 10.0 10.0 97.44727 3.99337 61.32576 398.0
17.0 10.0 17.0 122.98924 11.06637 94.72612 398.0
17.0 15.0 15.0 144.83519 26.44922 64.4465 734.0
17.0 15.0 17.0 122.98924 11.06637 94.72612 734.0
17.0 17.0 17.0 122.98924 11.06637 94.72612 3805.0
17.0 17.0 17.0 122.98924 11.06637 94.72612 3805.0
17.0 18.0 18.0 159.4264 25.01043 93.6779 473.0
17.0 18.0 17.0 122.98924 11.06637 94.72612 473.0
17.0 19.0 19.0 66.65411 15.33589 45.87128 2.0
17.0 19.0 17.0 122.98924 11.06637 94.72612 2.0
17.0 23.0 23.0 173.51541 43.6307 76.49755 8.0
17.0 23.0 17.0 122.98924 11.06637 94.72612 8.0
17.0 26.0 26.0 131.8533 45.1094 139.19789 88.0
17.0 26.0 17.0 122.98924 11.06637 94.72612 88.0
17.0 28.0 28.0 83.54194 39.68835 143.45333 8.0
17.0 28.0 17.0 122.98924 11.06637 94.72612 8.0
17.0 29.0 29.0 122.71017 20.72656 121.42776 1149.0
17.0 29.0 17.0 122.98924 11.06637 94.72612 1149.0
17.0 31.0 31.0 121.73507 39.39873 36.03293 6.0
17.0 31.0 17.0 122.98924 11.06637 94.72612 6.0
17.0 32.0 32.0 156.85617 89.19953 57.93592 1.0
17.0 32.0 17.0 122.98924 11.06637 94.72612 1.0
17.0 33.0 33.0 97.63619 49.85363 149.2282 3.0
17.0 33.0 17.0 122.98924 11.06637 94.72612 3.0
17.0 37.0 37.0 79.94011 11.0917 113.83978 404.0
17.0 37.0 17.0 122.98924 11.06637 94.72612 404.0
17.0 40.0 40.0 83.32083 23.55984 42.25131 3.0
17.0 40.0 17.0 122.98924 11.06637 94.72612 3.0
17.0 44.0 44.0 70.60119 22.73588 131.41675 4.0
17.0 44.0 17.0 122.98924 11.06637 94.72612 4.0
17.0 45.0 45.0 35.09139 116.35641 28.56231 1.0
17.0 45.0 17.0 122.98924 11.06637 94.72612 1.0
17.0 47.0 47.0 164.14117 62.6258 126.22321 24.0
17.0 47.0 17.0 122.98924 11.06637 94.72612 24.0
18.0 3.0 3.0 83.1231 3.83096 87.92165 2.0
18.0 3.0 18.0 159.4264 25.01043 93.6779 2.0
18.0 7.0 7.0 121.78284 13.46347 56.9383 41.0
18.0 7.0 18.0 159.4264 25.01043 93.6779 41.0
18.0 10.0 10.0 97.44727 3.99337 61.32576 4.0
18.0 10.0 18.0 159.4264 25.01043 93.6779 4.0
18.0 12.0 12.0 179.79359 86.45103 84.89142 20.0
18.0 12.0 18.0 159.4264 25.01043 93.6779 20.0
18.0 15.0 15.0 144.83519 26.44922 64.4465 823.0
18.0 15.0 18.0 159.4264 25.01043 93.6779 823.0
18.0 17.0 17.0 122.98924 11.06637 94.72612 529.0
18.0 17.0 18.0 159.4264 25.01043 93.6779 529.0
18.0 18.0 18.0 159.4264 25.01043 93.6779 2287.0
18.0 18.0 18.0 159.4264 25.01043 93.6779 2287.0
18.0 23.0 23.0 173.51541 43.6307 76.49755 783.0
18.0 23.0 18.0 159.4264 25.01043 93.6779 783.0
18.0 25.0 25.0 182.76421 64.72343 100.72528 103.0
18.0 25.0 18.0 159.4264 25.01043 93.6779 103.0
18.0 26.0 26.0 131.8533 45.1094 139.19789 199.0
18.0 26.0 18.0 159.4264 25.01043 93.6779 199.0
18.0 29.0 29.0 122.71017 20.72656 121.42776 408.0
18.0 29.0 18.0 159.4264 25.01043 93.6779 408.0
18.0 31.0 31.0 121.73507 39.39873 36.03293 12.0
18.0 31.0 18.0 159.4264 25.01043 93.6779 12.0
18.0 32.0 32.0 156.85617 89.19953 57.93592 12.0
18.0 32.0 18.0 159.4264 25.01043 93.6779 12.0
18.0 37.0 37.0 79.94011 11.0917 113.83978 3.0
18.0 37.0 18.0 159.4264 25.01043 93.6779 3.0
18.0 47.0 47.0 164.14117 62.6258 126.22321 476.0
18.0 47.0 18.0 159.4264 25.01043 93.6779 476.0
19.0 1.0 1.0 66.4493 89.41892 7.69518 20.0
19.0 1.0 19.0 66.65411 15.33589 45.87128 20.0
19.0 2.0 2.0 27.6595 25.10917 88.21285 12.0
19.0 2.0 19.0 66.65411 15.33589 45.87128 12.0
19.0 3.0 3.0 83.1231 3.83096 87.92165 376.0
19.0 3.0 19.0 66.65411 15.33589 45.87128 376.0
19.0 7.0 7.0 121.78284 13.46347 56.9383 13.0
19.0 7.0 19.0 66.65411 15.33589 45.87128 13.0
19.0 8.0 8.0 108.61769 85.29922 38.91133 1.0
19.0 8.0 19.0 66.65411 15.33589 45.87128 1.0
19.0 10.0 10.0 97.44727 3.99337 61.32576 432.0
19.0 10.0 19.0 66.65411 15.33589 45.87128 432.0
19.0 11.0 11.0 48.24774 14.30242 56.38918 1353.0
19.0 11.0 19.0 66.65411 15.33589 45.87128 1353.0
19.0 13.0 13.0 21.92737 31.03587 56.27317 50.0
19.0 13.0 19.0 66.65411 15.33589 45.87128 50.0
19.0 17.0 17.0 122.98924 11.06637 94.72612 3.0
19.0 17.0 19.0 66.65411 15.33589 45.87128 3.0
19.0 19.0 19.0 66.65411 15.33589 45.87128 1442.0
19.0 19.0 19.0 66.65411 15.33589 45.87128 1442.0
19.0 20.0 20.0 85.37092 53.71552 22.61725 466.0
19.0 20.0 19.0 66.65411 15.33589 45.87128 466.0
19.0 21.0 21.0 27.84915 77.87893 19.72149 12.0
19.0 21.0 19.0 66.65411 15.33589 45.87128 12.0
19.0 31.0 31.0 121.73507 39.39873 36.03293 30.0
19.0 31.0 19.0 66.65411 15.33589 45.87128 30.0
19.0 36.0 36.0 51.11532 19.25357 119.26286 2.0
19.0 36.0 19.0 66.65411 15.33589 45.87128 2.0
19.0 37.0 37.0 79.94011 11.0917 113.83978 21.0
19.0 37.0 19.0 66.65411 15.33589 45.87128 21.0
19.0 39.0 39.0 21.87604 50.07552 32.79412 175.0
19.0 39.0 19.0 66.65411 15.33589 45.87128 175.0
19.0 40.0 40.0 83.32083 23.55984 42.25131 1201.0
19.0 40.0 19.0 66.65411 15.33589 45.87128 1201.0
20.0 1.0 1.0 66.4493 89.41892 7.69518 1541.0
20.0 1.0 20.0 85.37092 53.71552 22.61725 1541.0
20.0 7.0 7.0 121.78284 13.46347 56.9383 16.0
20.0 7.0 20.0 85.37092 53.71552 22.61725 16.0
20.0 8.0 8.0 108.61769 85.29922 38.91133 2673.0
20.0 8.0 20.0 85.37092 53.71552 22.61725 2673.0
20.0 10.0 10.0 97.44727 3.99337 61.32576 21.0
20.0 10.0 20.0 85.37092 53.71552 22.61725 21.0
20.0 11.0 11.0 48.24774 14.30242 56.38918 236.0
20.0 11.0 20.0 85.37092 53.71552 22.61725 236.0
20.0 13.0 13.0 21.92737 31.03587 56.27317 7.0
20.0 13.0 20.0 85.37092 53.71552 22.61725 7.0
20.0 14.0 14.0 128.55202 115.94456 40.44043 4.0
20.0 14.0 20.0 85.37092 53.71552 22.61725 4.0
20.0 15.0 15.0 144.83519 26.44922 64.4465 2.0
20.0 15.0 20.0 85.37092 53.71552 22.61725 2.0
20.0 19.0 19.0 66.65411 15.33589 45.87128 370.0
20.0 19.0 20.0 85.37092 53.71552 22.61725 370.0
20.0 20.0 20.0 85.37092 53.71552 22.61725 9107.0
20.0 20.0 20.0 85.37092 53.71552 22.61725 9107.0
20.0 21.0 21.0 27.84915 77.87893 19.72149 218.0
20.0 21.0 20.0 85.37092 53.71552 22.61725 218.0
20.0 31.0 31.0 121.73507 39.39873 36.03293 1622.0
20.0 31.0 20.0 85.37092 53.71552 22.61725 1622.0
20.0 32.0 32.0 156.85617 89.19953 57.93592 6.0
20.0 32.0 20.0 85.37092 53.71552 22.61725 6.0
20.0 39.0 39.0 21.87604 50.07552 32.79412 401.0
20.0 39.0 20.0 85.37092 53.71552 22.61725 401.0
20.0 40.0 40.0 83.32083 23.55984 42.25131 1285.0
20.0 40.0 20.0 85.37092 53.71552 22.61725 1285.0
20.0 45.0 45.0 35.09139 116.35641 28.56231 2.0
20.0 45.0 20.0 85.37092 53.71552 22.61725 2.0
20.0 46.0 46.0 114.89938 130.47488 52.98494 1.0
20.0 46.0 20.0 85.37092 53.71552 22.61725 1.0
21.0 1.0 1.0 66.4493 89.41892 7.69518 1166.0
21.0 1.0 21.0 27.84915 77.87893 19.72149 1166.0
21.0 5.0 5.0 36.41418 130.17496 82.12303 11.0
21.0 5.0 21.0 27.84915 77.87893 19.72149 11.0
21.0 6.0 6.0 5.4448 84.88174 74.33905 598.0
21.0 6.0 21.0 27.84915 77.87893 19.72149 598.0
21.0 8.0 8.0 108.61769 85.29922 38.91133 5.0
21.0 8.0 21.0 27.84915 77.87893 19.72149 5.0
21.0 11.0 11.0 48.24774 14.30242 56.38918 36.0
21.0 11.0 21.0 27.84915 77.87893 19.72149 36.0
21.0 13.0 13.0 21.92737 31.03587 56.27317 14.0
21.0 13.0 21.0 27.84915 77.87893 19.72149 14.0
21.0 19.0 19.0 66.65411 15.33589 45.87128 16.0
21.0 19.0 21.0 27.84915 77.87893 19.72149 16.0
21.0 20.0 20.0 85.37092 53.71552 22.61725 263.0
21.0 20.0 21.0 27.84915 77.87893 19.72149 263.0
21.0 21.0 21.0 27.84915 77.87893 19.72149 4230.0
21.0 21.0 21.0 27.84915 77.87893 19.72149 4230.0
21.0 22.0 22.0 25.16196 80.09484 119.51663 1.0
21.0 22.0 21.0 27.84915 77.87893 19.72149 1.0
21.0 39.0 39.0 21.87604 50.07552 32.79412 1776.0
21.0 39.0 21.0 27.84915 77.87893 19.72149 1776.0
21.0 40.0 40.0 83.32083 23.55984 42.25131 4.0
21.0 40.0 21.0 27.84915 77.87893 19.72149 4.0
21.0 45.0 45.0 35.09139 116.35641 28.56231 1461.0
21.0 45.0 21.0 27.84915 77.87893 19.72149 1461.0
22.0 0.0 0.0 55.1194 49.29855 142.15949 540.0
22.0 0.0 22.0 25.16196 80.09484 119.51663 540.0
22.0 2.0 2.0 27.6595 25.10917 88.21285 76.0
22.0 2.0 22.0 25.16196 80.09484 119.51663 76.0
22.0 4.0 4.0 72.14645 108.23986 139.83217 383.0
22.0 4.0 22.0 25.16196 80.09484 119.51663 383.0
22.0 5.0 5.0 36.41418 130.17496 82.12303 979.0
22.0 5.0 22.0 25.16196 80.09484 119.51663 979.0
22.0 6.0 6.0 5.4448 84.88174 74.33905 1504.0
22.0 6.0 22.0 25.16196 80.09484 119.51663 1504.0
22.0 13.0 13.0 21.92737 31.03587 56.27317 6.0
22.0 13.0 22.0 25.16196 80.09484 119.51663 6.0
22.0 16.0 16.0 37.04077 38.68483 124.38945 904.0
22.0 16.0 22.0 25.16196 80.09484 119.51663 904.0
22.0 22.0 22.0 25.16196 80.09484 119.51663 9900.0
22.0 22.0 22.0 25.16196 80.09484 119.51663 9900.0
22.0 24.0 24.0 107.81289 87.19403 149.12286 2.0
22.0 24.0 22.0 25.16196 80.09484 119.51663 2.0
22.0 27.0 27.0 18.72432 45.50373 103.8724 1078.0
22.0 27.0 22.0 25.16196 80.09484 119.51663 1078.0
22.0 28.0 28.0 83.54194 39.68835 143.45333 29.0
22.0 28.0 22.0 25.16196 80.09484 119.51663 29.0
22.0 33.0 33.0 97.63619 49.85363 149.2282 3.0
22.0 33.0 22.0 25.16196 80.09484 119.51663 3.0
22.0 36.0 36.0 51.11532 19.25357 119.26286 12.0
22.0 36.0 22.0 25.16196 80.09484 119.51663 12.0
22.0 37.0 37.0 79.94011 11.0917 113.83978 1.0
22.0 37.0 22.0 25.16196 80.09484 119.51663 1.0
22.0 38.0 38.0 88.65912 68.21923 152.64192 27.0
22.0 38.0 22.0 25.16196 80.09484 119.51663 27.0
22.0 39.0 39.0 21.87604 50.07552 32.79412 1.0
22.0 39.0 22.0 25.16196 80.09484 119.51663 1.0
22.0 41.0 41.0 59.62207 125.64212 122.69758 670.0
22.0 41.0 22.0 25.16196 80.09484 119.51663 670.0
22.0 42.0 42.0 56.50849 85.15323 144.93453 1461.0
22.0 42.0 22.0 25.16196 80.09484 119.51663 1461.0
22.0 44.0 44.0 70.60119 22.73588 131.41675 1.0
22.0 44.0 22.0 25.16196 80.09484 119.51663 1.0
22.0 45.0 45.0 35.09139 116.35641 28.56231 1.0
22.0 45.0 22.0 25.16196 80.09484 119.51663 1.0
23.0 7.0 7.0 121.78284 13.46347 56.9383 23.0
23.0 7.0 23.0 173.51541 43.6307 76.49755 23.0
23.0 8.0 8.0 108.61769 85.29922 38.91133 15.0
23.0 8.0 23.0 173.51541 43.6307 76.49755 15.0
23.0 12.0 12.0 179.79359 86.45103 84.89142 500.0
23.0 12.0 23.0 173.51541 43.6307 76.49755 500.0
23.0 15.0 15.0 144.83519 26.44922 64.4465 645.0
23.0 15.0 23.0 173.51541 43.6307 76.49755 645.0
23.0 17.0 17.0 122.98924 11.06637 94.72612 23.0
23.0 17.0 23.0 173.51541 43.6307 76.49755 23.0
23.0 18.0 18.0 159.4264 25.01043 93.6779 827.0
23.0 18.0 23.0 173.51541 43.6307 76.49755 827.0
23.0 23.0 23.0 173.51541 43.6307 76.49755 2235.0
23.0 23.0 23.0 173.51541 43.6307 76.49755 2235.0
23.0 25.0 25.0 182.76421 64.72343 100.72528 571.0
23.0 25.0 23.0 173.51541 43.6307 76.49755 571.0
23.0 26.0 26.0 131.8533 45.1094 139.19789 10.0
23.0 26.0 23.0 173.51541 43.6307 76.49755 10.0
23.0 29.0 29.0 122.71017 20.72656 121.42776 13.0
23.0 29.0 23.0 173.51541 43.6307 76.49755 13.0
23.0 31.0 31.0 121.73507 39.39873 36.03293 118.0
23.0 31.0 23.0 173.51541 43.6307 76.49755 118.0
23.0 32.0 32.0 156.85617 89.19953 57.93592 399.0
23.0 32.0 23.0 173.51541 43.6307 76.49755 399.0
23.0 37.0 37.0 79.94011 11.0917 113.83978 1.0
23.0 37.0 23.0 173.51541 43.6307 76.49755 1.0
23.0 47.0 47.0 164.14117 62.6258 126.22321 295.0
23.0 47.0 23.0 173.51541 43.6307 76.49755 295.0
24.0 0.0 0.0 55.1194 49.29855 142.15949 9.0
24.0 0.0 24.0 107.81289 87.19403 149.12286 9.0
24.0 4.0 4.0 72.14645 108.23986 139.83217 1300.0
24.0 4.0 24.0 107.81289 87.19403 149.12286 1300.0
24.0 9.0 9.0 78.37329 140.08823 102.32459 17.0
24.0 9.0 24.0 107.81289 87.19403 149.12286 17.0
24.0 22.0 22.0 25.16196 80.09484 119.51663 1.0
24.0 22.0 24.0 107.81289 87.19403 149.12286 1.0
24.0 24.0 24.0 107.81289 87.19403 149.12286 6397.0
24.0 24.0 24.0 107.81289 87.19403 149.12286 6397.0
24.0 26.0 26.0 131.8533 45.1094 139.19789 772.0
24.0 26.0 24.0 107.81289 87.19403 149.12286 772.0
24.0 28.0 28.0 83.54194 39.68835 143.45333 45.0
24.0 28.0 24.0 107.81289 87.19403 149.12286 45.0
24.0 29.0 29.0 122.71017 20.72656 121.42776 7.0
24.0 29.0 24.0 107.81289 87.19403 149.12286 7.0
24.0 30.0 30.0 88.7383 139.84387 62.92564 1.0
24.0 30.0 24.0 107.81289 87.19403 149.12286 1.0
24.0 33.0 33.0 97.63619 49.85363 149.2282 406.0
24.0 33.0 24.0 107.81289 87.19403 149.12286 406.0
24.0 34.0 34.0 127.74052 111.23266 129.59288 2105.0
24.0 34.0 24.0 107.81289 87.19403 149.12286 2105.0
24.0 35.0 35.0 147.50083 121.30116 95.66968 4.0
24.0 35.0 24.0 107.81289 87.19403 149.12286 4.0
24.0 38.0 38.0 88.65912 68.21923 152.64192 1440.0
24.0 38.0 24.0 107.81289 87.19403 149.12286 1440.0
24.0 41.0 41.0 59.62207 125.64212 122.69758 91.0
24.0 41.0 24.0 107.81289 87.19403 149.12286 91.0
24.0 42.0 42.0 56.50849 85.15323 144.93453 460.0
24.0 42.0 24.0 107.81289 87.19403 149.12286 460.0
24.0 43.0 43.0 102.31898 137.46962 99.67274 6.0
24.0 43.0 24.0 107.81289 87.19403 149.12286 6.0
24.0 44.0 44.0 70.60119 22.73588 131.41675 2.0
24.0 44.0 24.0 107.81289 87.19403 149.12286 2.0
24.0 47.0 47.0 164.14117 62.6258 126.22321 188.0
24.0 47.0 24.0 107.81289 87.19403 149.12286 188.0
25.0 7.0 7.0 121.78284 13.46347 56.9383 1.0
25.0 7.0 25.0 182.76421 64.72343 100.72528 1.0
25.0 8.0 8.0 108.61769 85.29922 38.91133 1.0
25.0 8.0 25.0 182.76421 64.72343 100.72528 1.0
25.0 12.0 12.0 179.79359 86.45103 84.89142 991.0
25.0 12.0 25.0 182.76421 64.72343 100.72528 991.0
25.0 15.0 15.0 144.83519 26.44922 64.4465 9.0
25.0 15.0 25.0 182.76421 64.72343 100.72528 9.0
25.0 17.0 17.0 122.98924 11.06637 94.72612 1.0
25.0 17.0 25.0 182.76421 64.72343 100.72528 1.0
25.0 18.0 18.0 159.4264 25.01043 93.6779 106.0
25.0 18.0 25.0 182.76421 64.72343 100.72528 106.0
25.0 23.0 23.0 173.51541 43.6307 76.49755 578.0
25.0 23.0 25.0 182.76421 64.72343 100.72528 578.0
25.0 25.0 25.0 182.76421 64.72343 100.72528 1533.0
25.0 25.0 25.0 182.76421 64.72343 100.72528 1533.0
25.0 26.0 26.0 131.8533 45.1094 139.19789 11.0
25.0 26.0 25.0 182.76421 64.72343 100.72528 11.0
25.0 29.0 29.0 122.71017 20.72656 121.42776 1.0
25.0 29.0 25.0 182.76421 64.72343 100.72528 1.0
25.0 31.0 31.0 121.73507 39.39873 36.03293 2.0
25.0 31.0 25.0 182.76421 64.72343 100.72528 2.0
25.0 32.0 32.0 156.85617 89.19953 57.93592 56.0
25.0 32.0 25.0 182.76421 64.72343 100.72528 56.0
25.0 34.0 34.0 127.74052 111.23266 129.59288 30.0
25.0 34.0 25.0 182.76421 64.72343 100.72528 30.0
25.0 35.0 35.0 147.50083 121.30116 95.66968 80.0
25.0 35.0 25.0 182.76421 64.72343 100.72528 80.0
25.0 46.0 46.0 114.89938 130.47488 52.98494 1.0
25.0 46.0 25.0 182.76421 64.72343 100.72528 1.0
25.0 47.0 47.0 164.14117 62.6258 126.22321 971.0
25.0 47.0 25.0 182.76421 64.72343 100.72528 971.0
26.0 0.0 0.0 55.1194 49.29855 142.15949 1.0
26.0 0.0 26.0 131.8533 45.1094 139.19789 1.0
26.0 3.0 3.0 83.1231 3.83096 87.92165 4.0
26.0 3.0 26.0 131.8533 45.1094 139.19789 4.0
26.0 4.0 4.0 72.14645 108.23986 139.83217 1.0
26.0 4.0 26.0 131.8533 45.1094 139.19789 1.0
26.0 15.0 15.0 144.83519 26.44922 64.4465 6.0
26.0 15.0 26.0 131.8533 45.1094 139.19789 6.0
26.0 17.0 17.0 122.98924 11.06637 94.72612 127.0
26.0 17.0 26.0 131.8533 45.1094 139.19789 127.0
26.0 18.0 18.0 159.4264 25.01043 93.6779 178.0
26.0 18.0 26.0 131.8533 45.1094 139.19789 178.0
26.0 23.0 23.0 173.51541 43.6307 76.49755 3.0
26.0 23.0 26.0 131.8533 45.1094 139.19789 3.0
26.0 24.0 24.0 107.81289 87.19403 149.12286 830.0
26.0 24.0 26.0 131.8533 45.1094 139.19789 830.0
26.0 25.0 25.0 182.76421 64.72343 100.72528 9.0
26.0 25.0 26.0 131.8533 45.1094 139.19789 9.0
26.0 26.0 26.0 131.8533 45.1094 139.19789 5898.0
26.0 26.0 26.0 131.8533 45.1094 139.19789 5898.0
26.0 28.0 28.0 83.54194 39.68835 143.45333 355.0
26.0 28.0 26.0 131.8533 45.1094 139.19789 355.0
26.0 29.0 29.0 122.71017 20.72656 121.42776 1496.0
26.0 29.0 26.0 131.8533 45.1094 139.19789 1496.0
26.0 33.0 33.0 97.63619 49.85363 149.2282 849.0
26.0 33.0 26.0 131.8533 45.1094 139.19789 849.0
26.0 34.0 34.0 127.74052 111.23266 129.59288 265.0
26.0 34.0 26.0 131.8533 45.1094 139.19789 265.0
26.0 35.0 35.0 147.50083 121.30116 95.66968 3.0
26.0 35.0 26.0 131.8533 45.1094 139.19789 3.0
26.0 37.0 37.0 79.94011 11.0917 113.83978 92.0
26.0 37.0 26.0 131.8533 45.1094 139.19789 92.0
26.0 38.0 38.0 88.65912 68.21923 152.64192 309.0
26.0 38.0 26.0 131.8533 45.1094 139.19789 309.0
26.0 44.0 44.0 70.60119 22.73588 131.41675 19.0
26.0 44.0 26.0 131.8533 45.1094 139.19789 19.0
26.0 47.0 47.0 164.14117 62.6258 126.22321 1407.0
26.0 47.0 26.0 131.8533 45.1094 139.19789 1407.0
27.0 0.0 0.0 55.1194 49.29855 142.15949 52.0
27.0 0.0 27.0 18.72432 45.50373 103.8724 52.0
27.0 2.0 2.0 27.6595 25.10917 88.21285 1240.0
27.0 2.0 27.0 18.72432 45.50373 103.8724 1240.0
27.0 3.0 3.0 83.1231 3.83096 87.92165 1.0
27.0 3.0 27.0 18.72432 45.50373 103.8724 1.0
27.0 5.0 5.0 36.41418 130.17496 82.12303 1.0
27.0 5.0 27.0 18.72432 45.50373 103.8724 1.0
27.0 6.0 6.0 5.4448 84.88174 74.33905 608.0
27.0 6.0 27.0 18.72432 45.50373 103.8724 608.0
27.0 11.0 11.0 48.24774 14.30242 56.38918 18.0
27.0 11.0 27.0 18.72432 45.50373 103.8724 18.0
27.0 13.0 13.0 21.92737 31.03587 56.27317 104.0
27.0 13.0 27.0 18.72432 45.50373 103.8724 104.0
27.0 16.0 16.0 37.04077 38.68483 124.38945 942.0
27.0 16.0 27.0 18.72432 45.50373 103.8724 942.0
27.0 19.0 19.0 66.65411 15.33589 45.87128 1.0
27.0 19.0 27.0 18.72432 45.50373 103.8724 1.0
27.0 22.0 22.0 25.16196 80.09484 119.51663 1127.0
27.0 22.0 27.0 18.72432 45.50373 103.8724 1127.0
27.0 27.0 27.0 18.72432 45.50373 103.8724 2267.0
27.0 27.0 27.0 18.72432 45.50373 103.8724 2267.0
27.0 36.0 36.0 51.11532 19.25357 119.26286 87.0
27.0 36.0 27.0 18.72432 45.50373 103.8724 87.0
27.0 37.0 37.0 79.94011 11.0917 113.83978 10.0
27.0 37.0 27.0 18.72432 45.50373 103.8724 10.0
27.0 39.0 39.0 21.87604 50.07552 32.79412 31.0
27.0 39.0 27.0 18.72432 45.50373 103.8724 31.0
27.0 42.0 42.0 56.50849 85.15323 144.93453 3.0
27.0 42.0 27.0 18.72432 45.50373 103.8724 3.0
27.0 44.0 44.0 70.60119 22.73588 131.41675 7.0
27.0 44.0 27.0 18.72432 45.50373 103.8724 7.0
28.0 0.0 0.0 55.1194 49.29855 142.15949 910.0
28.0 0.0 28.0 83.54194 39.68835 143.45333 910.0
28.0 3.0 3.0 83.1231 3.83096 87.92165 11.0
28.0 3.0 28.0 83.54194 39.68835 143.45333 11.0
28.0 4.0 4.0 72.14645 108.23986 139.83217 5.0
28.0 4.0 28.0 83.54194 39.68835 143.45333 5.0
28.0 16.0 16.0 37.04077 38.68483 124.38945 50.0
28.0 16.0 28.0 83.54194 39.68835 143.45333 50.0
28.0 17.0 17.0 122.98924 11.06637 94.72612 10.0
28.0 17.0 28.0 83.54194 39.68835 143.45333 10.0
28.0 22.0 22.0 25.16196 80.09484 119.51663 23.0
28.0 22.0 28.0 83.54194 39.68835 143.45333 23.0
28.0 24.0 24.0 107.81289 87.19403 149.12286 52.0
28.0 24.0 28.0 83.54194 39.68835 143.45333 52.0
28.0 26.0 26.0 131.8533 45.1094 139.19789 358.0
28.0 26.0 28.0 83.54194 39.68835 143.45333 358.0
28.0 28.0 28.0 83.54194 39.68835 143.45333 2232.0
28.0 28.0 28.0 83.54194 39.68835 143.45333 2232.0
28.0 29.0 29.0 122.71017 20.72656 121.42776 340.0
28.0 29.0 28.0 83.54194 39.68835 143.45333 340.0
28.0 33.0 33.0 97.63619 49.85363 149.2282 1240.0
28.0 33.0 28.0 83.54194 39.68835 143.45333 1240.0
28.0 36.0 36.0 51.11532 19.25357 119.26286 70.0
28.0 36.0 28.0 83.54194 39.68835 143.45333 70.0
28.0 37.0 37.0 79.94011 11.0917 113.83978 551.0
28.0 37.0 28.0 83.54194 39.68835 143.45333 551.0
28.0 38.0 38.0 88.65912 68.21923 152.64192 525.0
28.0 38.0 28.0 83.54194 39.68835 143.45333 525.0
28.0 42.0 42.0 56.50849 85.15323 144.93453 167.0
28.0 42.0 28.0 83.54194 39.68835 143.45333 167.0
28.0 44.0 44.0 70.60119 22.73588 131.41675 682.0
28.0 44.0 28.0 83.54194 39.68835 143.45333 682.0
28.0 47.0 47.0 164.14117 62.6258 126.22321 2.0
28.0 47.0 28.0 83.54194 39.68835 143.45333 2.0
29.0 0.0 0.0 55.1194 49.29855 142.15949 2.0
29.0 0.0 29.0 122.71017 20.72656 121.42776 2.0
29.0 3.0 3.0 83.1231 3.83096 87.92165 180.0
29.0 3.0 29.0 122.71017 20.72656 121.42776 180.0
29.0 7.0 7.0 121.78284 13.46347 56.9383 20.0
29.0 7.0 29.0 122.71017 20.72656 121.42776 20.0
29.0 10.0 10.0 97.44727 3.99337 61.32576 7.0
29.0 10.0 29.0 122.71017 20.72656 121.42776 7.0
29.0 15.0 15.0 144.83519 26.44922 64.4465 58.0
29.0 15.0 29.0 122.71017 20.72656 121.42776 58.0
29.0 17.0 17.0 122.98924 11.06637 94.72612 1267.0
29.0 17.0 29.0 122.71017 20.72656 121.42776 1267.0
29.0 18.0 18.0 159.4264 25.01043 93.6779 405.0
29.0 18.0 29.0 122.71017 20.72656 121.42776 405.0
29.0 23.0 23.0 173.51541 43.6307 76.49755 17.0
29.0 23.0 29.0 122.71017 20.72656 121.42776 17.0
29.0 24.0 24.0 107.81289 87.19403 149.12286 3.0
29.0 24.0 29.0 122.71017 20.72656 121.42776 3.0
29.0 25.0 25.0 182.76421 64.72343 100.72528 1.0
29.0 25.0 29.0 122.71017 20.72656 121.42776 1.0
29.0 26.0 26.0 131.8533 45.1094 139.19789 1518.0
29.0 26.0 29.0 122.71017 20.72656 121.42776 1518.0
29.0 28.0 28.0 83.54194 39.68835 143.45333 324.0
29.0 28.0 29.0 122.71017 20.72656 121.42776 324.0
29.0 29.0 29.0 122.71017 20.72656 121.42776 3355.0
29.0 29.0 29.0 122.71017 20.72656 121.42776 3355.0
29.0 33.0 33.0 97.63619 49.85363 149.2282 145.0
29.0 33.0 29.0 122.71017 20.72656 121.42776 145.0
29.0 36.0 36.0 51.11532 19.25357 119.26286 2.0
29.0 36.0 29.0 122.71017 20.72656 121.42776 2.0
29.0 37.0 37.0 79.94011 11.0917 113.83978 815.0
29.0 37.0 29.0 122.71017 20.72656 121.42776 815.0
29.0 38.0 38.0 88.65912 68.21923 152.64192 8.0
29.0 38.0 29.0 122.71017 20.72656 121.42776 8.0
29.0 44.0 44.0 70.60119 22.73588 131.41675 80.0
29.0 44.0 29.0 122.71017 20.72656 121.42776 80.0
29.0 47.0 47.0 164.14117 62.6258 126.22321 180.0
29.0 47.0 29.0 122.71017 20.72656 121.42776 180.0
30.0 1.0 1.0 66.4493 89.41892 7.69518 264.0
30.0 1.0 30.0 88.7383 139.84387 62.92564 264.0
30.0 5.0 5.0 36.41418 130.17496 82.12303 1383.0
30.0 5.0 30.0 88.7383 139.84387 62.92564 1383.0
30.0 8.0 8.0 108.61769 85.29922 38.91133 479.0
30.0 8.0 30.0 88.7383 139.84387 62.92564 479.0
30.0 9.0 9.0 78.37329 140.08823 102.32459 934.0
30.0 9.0 30.0 88.7383 139.84387 62.92564 934.0
30.0 14.0 14.0 128.55202 115.94456 40.44043 222.0
30.0 14.0 30.0 88.7383 139.84387 62.92564 222.0
30.0 30.0 30.0 88.7383 139.84387 62.92564 10703.0
30.0 30.0 30.0 88.7383 139.84387 62.92564 10703.0
30.0 32.0 32.0 156.85617 89.19953 57.93592 5.0
30.0 32.0 30.0 88.7383 139.84387 62.92564 5.0
30.0 34.0 34.0 127.74052 111.23266 129.59288 73.0
30.0 34.0 30.0 88.7383 139.84387 62.92564 73.0
30.0 35.0 35.0 147.50083 121.30116 95.66968 613.0
30.0 35.0 30.0 88.7383 139.84387 62.92564 613.0
30.0 41.0 41.0 59.62207 125.64212 122.69758 23.0
30.0 41.0 30.0 88.7383 139.84387 62.92564 23.0
30.0 43.0 43.0 102.31898 137.46962 99.67274 1616.0
30.0 43.0 30.0 88.7383 139.84387 62.92564 1616.0
30.0 45.0 45.0 35.09139 116.35641 28.56231 592.0
30.0 45.0 30.0 88.7383 139.84387 62.92564 592.0
30.0 46.0 46.0 114.89938 130.47488 52.98494 2713.0
30.0 46.0 30.0 88.7383 139.84387 62.92564 2713.0
31.0 1.0 1.0 66.4493 89.41892 7.69518 3.0
31.0 1.0 31.0 121.73507 39.39873 36.03293 3.0
31.0 3.0 3.0 83.1231 3.83096 87.92165 3.0
31.0 3.0 31.0 121.73507 39.39873 36.03293 3.0
31.0 7.0 7.0 121.78284 13.46347 56.9383 1302.0
31.0 7.0 31.0 121.73507 39.39873 36.03293 1302.0
31.0 8.0 8.0 108.61769 85.29922 38.91133 1776.0
31.0 8.0 31.0 121.73507 39.39873 36.03293 1776.0
31.0 10.0 10.0 97.44727 3.99337 61.32576 299.0
31.0 10.0 31.0 121.73507 39.39873 36.03293 299.0
31.0 11.0 11.0 48.24774 14.30242 56.38918 2.0
31.0 11.0 31.0 121.73507 39.39873 36.03293 2.0
31.0 12.0 12.0 179.79359 86.45103 84.89142 11.0
31.0 12.0 31.0 121.73507 39.39873 36.03293 11.0
31.0 14.0 14.0 128.55202 115.94456 40.44043 5.0
31.0 14.0 31.0 121.73507 39.39873 36.03293 5.0
31.0 15.0 15.0 144.83519 26.44922 64.4465 1080.0
31.0 15.0 31.0 121.73507 39.39873 36.03293 1080.0
31.0 17.0 17.0 122.98924 11.06637 94.72612 6.0
31.0 17.0 31.0 121.73507 39.39873 36.03293 6.0
31.0 18.0 18.0 159.4264 25.01043 93.6779 20.0
31.0 18.0 31.0 121.73507 39.39873 36.03293 20.0
31.0 19.0 19.0 66.65411 15.33589 45.87128 25.0
31.0 19.0 31.0 121.73507 39.39873 36.03293 25.0
31.0 20.0 20.0 85.37092 53.71552 22.61725 1730.0
31.0 20.0 31.0 121.73507 39.39873 36.03293 1730.0
31.0 23.0 23.0 173.51541 43.6307 76.49755 87.0
31.0 23.0 31.0 121.73507 39.39873 36.03293 87.0
31.0 31.0 31.0 121.73507 39.39873 36.03293 8206.0
31.0 31.0 31.0 121.73507 39.39873 36.03293 8206.0
31.0 32.0 32.0 156.85617 89.19953 57.93592 425.0
31.0 32.0 31.0 121.73507 39.39873 36.03293 425.0
31.0 40.0 40.0 83.32083 23.55984 42.25131 821.0
31.0 40.0 31.0 121.73507 39.39873 36.03293 821.0
32.0 7.0 7.0 121.78284 13.46347 56.9383 6.0
32.0 7.0 32.0 156.85617 89.19953 57.93592 6.0
32.0 8.0 8.0 108.61769 85.29922 38.91133 1386.0
32.0 8.0 32.0 156.85617 89.19953 57.93592 1386.0
32.0 12.0 12.0 179.79359 86.45103 84.89142 1336.0
32.0 12.0 32.0 156.85617 89.19953 57.93592 1336.0
32.0 14.0 14.0 128.55202 115.94456 40.44043 1182.0
32.0 14.0 32.0 156.85617 89.19953 57.93592 1182.0
32.0 15.0 15.0 144.83519 26.44922 64.4465 298.0
32.0 15.0 32.0 156.85617 89.19953 57.93592 298.0
32.0 18.0 18.0 159.4264 25.01043 93.6779 14.0
32.0 18.0 32.0 156.85617 89.19953 57.93592 14.0
32.0 20.0 20.0 85.37092 53.71552 22.61725 6.0
32.0 20.0 32.0 156.85617 89.19953 57.93592 6.0
32.0 23.0 23.0 173.51541 43.6307 76.49755 390.0
32.0 23.0 32.0 156.85617 89.19953 57.93592 390.0
32.0 25.0 25.0 182.76421 64.72343 100.72528 59.0
32.0 25.0 32.0 156.85617 89.19953 57.93592 59.0
32.0 30.0 30.0 88.7383 139.84387 62.92564 9.0
32.0 30.0 32.0 156.85617 89.19953 57.93592 9.0
32.0 31.0 31.0 121.73507 39.39873 36.03293 446.0
32.0 31.0 32.0 156.85617 89.19953 57.93592 446.0
32.0 32.0 32.0 156.85617 89.19953 57.93592 6521.0
32.0 32.0 32.0 156.85617 89.19953 57.93592 6521.0
32.0 34.0 34.0 127.74052 111.23266 129.59288 3.0
32.0 34.0 32.0 156.85617 89.19953 57.93592 3.0
32.0 35.0 35.0 147.50083 121.30116 95.66968 766.0
32.0 35.0 32.0 156.85617 89.19953 57.93592 766.0
32.0 46.0 46.0 114.89938 130.47488 52.98494 289.0
32.0 46.0 32.0 156.85617 89.19953 57.93592 289.0
32.0 47.0 47.0 164.14117 62.6258 126.22321 2.0
32.0 47.0 32.0 156.85617 89.19953 57.93592 2.0
33.0 0.0 0.0 55.1194 49.29855 142.15949 220.0
33.0 0.0 33.0 97.63619 49.85363 149.2282 220.0
33.0 4.0 4.0 72.14645 108.23986 139.83217 4.0
33.0 4.0 33.0 97.63619 49.85363 149.2282 4.0
33.0 16.0 16.0 37.04077 38.68483 124.38945 1.0
33.0 16.0 33.0 97.63619 49.85363 149.2282 1.0
33.0 17.0 17.0 122.98924 11.06637 94.72612 3.0
33.0 17.0 33.0 97.63619 49.85363 149.2282 3.0
33.0 18.0 18.0 159.4264 25.01043 93.6779 1.0
33.0 18.0 33.0 97.63619 49.85363 149.2282 1.0
33.0 22.0 22.0 25.16196 80.09484 119.51663 4.0
33.0 22.0 33.0 97.63619 49.85363 149.2282 4.0
33.0 24.0 24.0 107.81289 87.19403 149.12286 452.0
33.0 24.0 33.0 97.63619 49.85363 149.2282 452.0
33.0 26.0 26.0 131.8533 45.1094 139.19789 898.0
33.0 26.0 33.0 97.63619 49.85363 149.2282 898.0
33.0 28.0 28.0 83.54194 39.68835 143.45333 1208.0
33.0 28.0 33.0 97.63619 49.85363 149.2282 1208.0
33.0 29.0 29.0 122.71017 20.72656 121.42776 167.0
33.0 29.0 33.0 97.63619 49.85363 149.2282 167.0
33.0 33.0 33.0 97.63619 49.85363 149.2282 1861.0
33.0 33.0 33.0 97.63619 49.85363 149.2282 1861.0
33.0 34.0 34.0 127.74052 111.23266 129.59288 4.0
33.0 34.0 33.0 97.63619 49.85363 149.2282 4.0
33.0 36.0 36.0 51.11532 19.25357 119.26286 4.0
33.0 36.0 33.0 97.63619 49.85363 149.2282 4.0
33.0 37.0 37.0 79.94011 11.0917 113.83978 70.0
33.0 37.0 33.0 97.63619 49.85363 149.2282 70.0
33.0 38.0 38.0 88.65912 68.21923 152.64192 1121.0
33.0 38.0 33.0 97.63619 49.85363 149.2282 1121.0
33.0 42.0 42.0 56.50849 85.15323 144.93453 103.0
33.0 42.0 33.0 97.63619 49.85363 149.2282 103.0
33.0 44.0 44.0 70.60119 22.73588 131.41675 118.0
33.0 44.0 33.0 97.63619 49.85363 149.2282 118.0
33.0 47.0 47.0 164.14117 62.6258 126.22321 4.0
33.0 47.0 33.0 97.63619 49.85363 149.2282 4.0
34.0 4.0 4.0 72.14645 108.23986 139.83217 768.0
34.0 4.0 34.0 127.74052 111.23266 129.59288 768.0
34.0 9.0 9.0 78.37329 140.08823 102.32459 443.0
34.0 9.0 34.0 127.74052 111.23266 129.59288 443.0
34.0 12.0 12.0 179.79359 86.45103 84.89142 83.0
34.0 12.0 34.0 127.74052 111.23266 129.59288 83.0
34.0 14.0 14.0 128.55202 115.94456 40.44043 1.0
34.0 14.0 34.0 127.74052 111.23266 129.59288 1.0
34.0 24.0 24.0 107.81289 87.19403 149.12286 2112.0
34.0 24.0 34.0 127.74052 111.23266 129.59288 2112.0
34.0 25.0 25.0 182.76421 64.72343 100.72528 28.0
34.0 25.0 34.0 127.74052 111.23266 129.59288 28.0
34.0 26.0 26.0 131.8533 45.1094 139.19789 300.0
34.0 26.0 34.0 127.74052 111.23266 129.59288 300.0
34.0 30.0 30.0 88.7383 139.84387 62.92564 75.0
34.0 30.0 34.0 127.74052 111.23266 129.59288 75.0
34.0 32.0 32.0 156.85617 89.19953 57.93592 5.0
34.0 32.0 34.0 127.74052 111.23266 129.59288 5.0
34.0 33.0 33.0 97.63619 49.85363 149.2282 12.0
34.0 33.0 34.0 127.74052 111.23266 129.59288 12.0
34.0 34.0 34.0 127.74052 111.23266 129.59288 12443.0
34.0 34.0 34.0 127.74052 111.23266 129.59288 12443.0
34.0 35.0 35.0 147.50083 121.30116 95.66968 2104.0
34.0 35.0 34.0 127.74052 111.23266 129.59288 2104.0
34.0 38.0 38.0 88.65912 68.21923 152.64192 34.0
34.0 38.0 34.0 127.74052 111.23266 129.59288 34.0
34.0 41.0 41.0 59.62207 125.64212 122.69758 369.0
34.0 41.0 34.0 127.74052 111.23266 129.59288 369.0
34.0 42.0 42.0 56.50849 85.15323 144.93453 11.0
34.0 42.0 34.0 127.74052 111.23266 129.59288 11.0
34.0 43.0 43.0 102.31898 137.46962 99.67274 1205.0
34.0 43.0 34.0 127.74052 111.23266 129.59288 1205.0
34.0 46.0 46.0 114.89938 130.47488 52.98494 16.0
34.0 46.0 34.0 127.74052 111.23266 129.59288 16.0
34.0 47.0 47.0 164.14117 62.6258 126.22321 945.0
34.0 47.0 34.0 127.74052 111.23266 129.59288 945.0
35.0 4.0 4.0 72.14645 108.23986 139.83217 2.0
35.0 4.0 35.0 147.50083 121.30116 95.66968 2.0
35.0 8.0 8.0 108.61769 85.29922 38.91133 5.0
35.0 8.0 35.0 147.50083 121.30116 95.66968 5.0
35.0 9.0 9.0 78.37329 140.08823 102.32459 30.0
35.0 9.0 35.0 147.50083 121.30116 95.66968 30.0
35.0 12.0 12.0 179.79359 86.45103 84.89142 988.0
35.0 12.0 35.0 147.50083 121.30116 95.66968 988.0
35.0 14.0 14.0 128.55202 115.94456 40.44043 271.0
35.0 14.0 35.0 147.50083 121.30116 95.66968 271.0
35.0 24.0 24.0 107.81289 87.19403 149.12286 5.0
35.0 24.0 35.0 147.50083 121.30116 95.66968 5.0
35.0 25.0 25.0 182.76421 64.72343 100.72528 82.0
35.0 25.0 35.0 147.50083 121.30116 95.66968 82.0
35.0 26.0 26.0 131.8533 45.1094 139.19789 1.0
35.0 26.0 35.0 147.50083 121.30116 95.66968 1.0
35.0 28.0 28.0 83.54194 39.68835 143.45333 1.0
35.0 28.0 35.0 147.50083 121.30116 95.66968 1.0
35.0 30.0 30.0 88.7383 139.84387 62.92564 625.0
35.0 30.0 35.0 147.50083 121.30116 95.66968 625.0
35.0 32.0 32.0 156.85617 89.19953 57.93592 729.0
35.0 32.0 35.0 147.50083 121.30116 95.66968 729.0
35.0 34.0 34.0 127.74052 111.23266 129.59288 2098.0
35.0 34.0 35.0 147.50083 121.30116 95.66968 2098.0
35.0 35.0 35.0 147.50083 121.30116 95.66968 8307.0
35.0 35.0 35.0 147.50083 121.30116 95.66968 8307.0
35.0 41.0 41.0 59.62207 125.64212 122.69758 3.0
35.0 41.0 35.0 147.50083 121.30116 95.66968 3.0
35.0 43.0 43.0 102.31898 137.46962 99.67274 830.0
35.0 43.0 35.0 147.50083 121.30116 95.66968 830.0
35.0 46.0 46.0 114.89938 130.47488 52.98494 905.0
35.0 46.0 35.0 147.50083 121.30116 95.66968 905.0
35.0 47.0 47.0 164.14117 62.6258 126.22321 308.0
35.0 47.0 35.0 147.50083 121.30116 95.66968 308.0
36.0 0.0 0.0 55.1194 49.29855 142.15949 345.0
36.0 0.0 36.0 51.11532 19.25357 119.26286 345.0
36.0 2.0 2.0 27.6595 25.10917 88.21285 420.0
36.0 2.0 36.0 51.11532 19.25357 119.26286 420.0
36.0 3.0 3.0 83.1231 3.83096 87.92165 145.0
36.0 3.0 36.0 51.11532 19.25357 119.26286 145.0
36.0 10.0 10.0 97.44727 3.99337 61.32576 1.0
36.0 10.0 36.0 51.11532 19.25357 119.26286 1.0
36.0 11.0 11.0 48.24774 14.30242 56.38918 71.0
36.0 11.0 36.0 51.11532 19.25357 119.26286 71.0
36.0 13.0 13.0 21.92737 31.03587 56.27317 2.0
36.0 13.0 36.0 51.11532 19.25357 119.26286 2.0
36.0 16.0 16.0 37.04077 38.68483 124.38945 735.0
36.0 16.0 36.0 51.11532 19.25357 119.26286 735.0
36.0 19.0 19.0 66.65411 15.33589 45.87128 1.0
36.0 19.0 36.0 51.11532 19.25357 119.26286 1.0
36.0 22.0 22.0 25.16196 80.09484 119.51663 7.0
36.0 22.0 36.0 51.11532 19.25357 119.26286 7.0
36.0 27.0 27.0 18.72432 45.50373 103.8724 84.0
36.0 27.0 36.0 51.11532 19.25357 119.26286 84.0
36.0 28.0 28.0 83.54194 39.68835 143.45333 97.0
36.0 28.0 36.0 51.11532 19.25357 119.26286 97.0
36.0 29.0 29.0 122.71017 20.72656 121.42776 1.0
36.0 29.0 36.0 51.11532 19.25357 119.26286 1.0
36.0 33.0 33.0 97.63619 49.85363 149.2282 2.0
36.0 33.0 36.0 51.11532 19.25357 119.26286 2.0
36.0 36.0 36.0 51.11532 19.25357 119.26286 1035.0
36.0 36.0 36.0 51.11532 19.25357 119.26286 1035.0
36.0 37.0 37.0 79.94011 11.0917 113.83978 724.0
36.0 37.0 36.0 51.11532 19.25357 119.26286 724.0
36.0 38.0 38.0 88.65912 68.21923 152.64192 3.0
36.0 38.0 36.0 51.11532 19.25357 119.26286 3.0
36.0 42.0 42.0 56.50849 85.15323 144.93453 3.0
36.0 42.0 36.0 51.11532 19.25357 119.26286 3.0
36.0 44.0 44.0 70.60119 22.73588 131.41675 573.0
36.0 44.0 36.0 51.11532 19.25357 119.26286 573.0
37.0 0.0 0.0 55.1194 49.29855 142.15949 80.0
37.0 0.0 37.0 79.94011 11.0917 113.83978 80.0
37.0 2.0 2.0 27.6595 25.10917 88.21285 337.0
37.0 2.0 37.0 79.94011 11.0917 113.83978 337.0
37.0 3.0 3.0 83.1231 3.83096 87.92165 1976.0
37.0 3.0 37.0 79.94011 11.0917 113.83978 1976.0
37.0 7.0 7.0 121.78284 13.46347 56.9383 7.0
37.0 7.0 37.0 79.94011 11.0917 113.83978 7.0
37.0 10.0 10.0 97.44727 3.99337 61.32576 45.0
37.0 10.0 37.0 79.94011 11.0917 113.83978 45.0
37.0 11.0 11.0 48.24774 14.30242 56.38918 213.0
37.0 11.0 37.0 79.94011 11.0917 113.83978 213.0
37.0 13.0 13.0 21.92737 31.03587 56.27317 1.0
37.0 13.0 37.0 79.94011 11.0917 113.83978 1.0
37.0 16.0 16.0 37.04077 38.68483 124.38945 160.0
37.0 16.0 37.0 79.94011 11.0917 113.83978 160.0
37.0 17.0 17.0 122.98924 11.06637 94.72612 443.0
37.0 17.0 37.0 79.94011 11.0917 113.83978 443.0
37.0 18.0 18.0 159.4264 25.01043 93.6779 1.0
37.0 18.0 37.0 79.94011 11.0917 113.83978 1.0
37.0 19.0 19.0 66.65411 15.33589 45.87128 31.0
37.0 19.0 37.0 79.94011 11.0917 113.83978 31.0
37.0 26.0 26.0 131.8533 45.1094 139.19789 142.0
37.0 26.0 37.0 79.94011 11.0917 113.83978 142.0
37.0 27.0 27.0 18.72432 45.50373 103.8724 20.0
37.0 27.0 37.0 79.94011 11.0917 113.83978 20.0
37.0 28.0 28.0 83.54194 39.68835 143.45333 600.0
37.0 28.0 37.0 79.94011 11.0917 113.83978 600.0
37.0 29.0 29.0 122.71017 20.72656 121.42776 821.0
37.0 29.0 37.0 79.94011 11.0917 113.83978 821.0
37.0 33.0 33.0 97.63619 49.85363 149.2282 75.0
37.0 33.0 37.0 79.94011 11.0917 113.83978 75.0
37.0 36.0 36.0 51.11532 19.25357 119.26286 709.0
37.0 36.0 37.0 79.94011 11.0917 113.83978 709.0
37.0 37.0 37.0 79.94011 11.0917 113.83978 5430.0
37.0 37.0 37.0 79.94011 11.0917 113.83978 5430.0
37.0 38.0 38.0 88.65912 68.21923 152.64192 4.0
37.0 38.0 37.0 79.94011 11.0917 113.83978 4.0
37.0 40.0 40.0 83.32083 23.55984 42.25131 5.0
37.0 40.0 37.0 79.94011 11.0917 113.83978 5.0
37.0 44.0 44.0 70.60119 22.73588 131.41675 1065.0
37.0 44.0 37.0 79.94011 11.0917 113.83978 1065.0
38.0 0.0 0.0 55.1194 49.29855 142.15949 355.0
38.0 0.0 38.0 88.65912 68.21923 152.64192 355.0
38.0 4.0 4.0 72.14645 108.23986 139.83217 231.0
38.0 4.0 38.0 88.65912 68.21923 152.64192 231.0
38.0 16.0 16.0 37.04077 38.68483 124.38945 14.0
38.0 16.0 38.0 88.65912 68.21923 152.64192 14.0
38.0 22.0 22.0 25.16196 80.09484 119.51663 29.0
38.0 22.0 38.0 88.65912 68.21923 152.64192 29.0
38.0 24.0 24.0 107.81289 87.19403 149.12286 1459.0
38.0 24.0 38.0 88.65912 68.21923 152.64192 1459.0
38.0 26.0 26.0 131.8533 45.1094 139.19789 327.0
38.0 26.0 38.0 88.65912 68.21923 152.64192 327.0
38.0 28.0 28.0 83.54194 39.68835 143.45333 526.0
38.0 28.0 38.0 88.65912 68.21923 152.64192 526.0
38.0 29.0 29.0 122.71017 20.72656 121.42776 10.0
38.0 29.0 38.0 88.65912 68.21923 152.64192 10.0
38.0 33.0 33.0 97.63619 49.85363 149.2282 1063.0
38.0 33.0 38.0 88.65912 68.21923 152.64192 1063.0
38.0 34.0 34.0 127.74052 111.23266 129.59288 47.0
38.0 34.0 38.0 88.65912 68.21923 152.64192 47.0
38.0 36.0 36.0 51.11532 19.25357 119.26286 4.0
38.0 36.0 38.0 88.65912 68.21923 152.64192 4.0
38.0 37.0 37.0 79.94011 11.0917 113.83978 2.0
38.0 37.0 38.0 88.65912 68.21923 152.64192 2.0
38.0 38.0 38.0 88.65912 68.21923 152.64192 2234.0
38.0 38.0 38.0 88.65912 68.21923 152.64192 2234.0
38.0 41.0 41.0 59.62207 125.64212 122.69758 3.0
38.0 41.0 38.0 88.65912 68.21923 152.64192 3.0
38.0 42.0 42.0 56.50849 85.15323 144.93453 883.0
38.0 42.0 38.0 88.65912 68.21923 152.64192 883.0
38.0 44.0 44.0 70.60119 22.73588 131.41675 14.0
38.0 44.0 38.0 88.65912 68.21923 152.64192 14.0
38.0 47.0 47.0 164.14117 62.6258 126.22321 10.0
38.0 47.0 38.0 88.65912 68.21923 152.64192 10.0
39.0 1.0 1.0 66.4493 89.41892 7.69518 242.0
39.0 1.0 39.0 21.87604 50.07552 32.79412 242.0
39.0 2.0 2.0 27.6595 25.10917 88.21285 114.0
39.0 2.0 39.0 21.87604 50.07552 32.79412 114.0
39.0 6.0 6.0 5.4448 84.88174 74.33905 1106.0
39.0 6.0 39.0 21.87604 50.07552 32.79412 1106.0
39.0 11.0 11.0 48.24774 14.30242 56.38918 732.0
39.0 11.0 39.0 21.87604 50.07552 32.79412 732.0
39.0 13.0 13.0 21.92737 31.03587 56.27317 1415.0
39.0 13.0 39.0 21.87604 50.07552 32.79412 1415.0
39.0 19.0 19.0 66.65411 15.33589 45.87128 186.0
39.0 19.0 39.0 21.87604 50.07552 32.79412 186.0
39.0 20.0 20.0 85.37092 53.71552 22.61725 462.0
39.0 20.0 39.0 21.87604 50.07552 32.79412 462.0
39.0 21.0 21.0 27.84915 77.87893 19.72149 1687.0
39.0 21.0 39.0 21.87604 50.07552 32.79412 1687.0
39.0 22.0 22.0 25.16196 80.09484 119.51663 2.0
39.0 22.0 39.0 21.87604 50.07552 32.79412 2.0
39.0 27.0 27.0 18.72432 45.50373 103.8724 22.0
39.0 27.0 39.0 21.87604 50.07552 32.79412 22.0
39.0 39.0 39.0 21.87604 50.07552 32.79412 6856.0
39.0 39.0 39.0 21.87604 50.07552 32.79412 6856.0
39.0 40.0 40.0 83.32083 23.55984 42.25131 42.0
39.0 40.0 39.0 21.87604 50.07552 32.79412 42.0
39.0 45.0 45.0 35.09139 116.35641 28.56231 68.0
39.0 45.0 39.0 21.87604 50.07552 32.79412 68.0
40.0 1.0 1.0 66.4493 89.41892 7.69518 16.0
40.0 1.0 40.0 83.32083 23.55984 42.25131 16.0
40.0 3.0 3.0 83.1231 3.83096 87.92165 123.0
40.0 3.0 40.0 83.32083 23.55984 42.25131 123.0
40.0 7.0 7.0 121.78284 13.46347 56.9383 241.0
40.0 7.0 40.0 83.32083 23.55984 42.25131 241.0
40.0 8.0 8.0 108.61769 85.29922 38.91133 28.0
40.0 8.0 40.0 83.32083 23.55984 42.25131 28.0
40.0 10.0 10.0 97.44727 3.99337 61.32576 954.0
40.0 10.0 40.0 83.32083 23.55984 42.25131 954.0
40.0 11.0 11.0 48.24774 14.30242 56.38918 405.0
40.0 11.0 40.0 83.32083 23.55984 42.25131 405.0
40.0 13.0 13.0 21.92737 31.03587 56.27317 7.0
40.0 13.0 40.0 83.32083 23.55984 42.25131 7.0
40.0 15.0 15.0 144.83519 26.44922 64.4465 5.0
40.0 15.0 40.0 83.32083 23.55984 42.25131 5.0
40.0 17.0 17.0 122.98924 11.06637 94.72612 4.0
40.0 17.0 40.0 83.32083 23.55984 42.25131 4.0
40.0 19.0 19.0 66.65411 15.33589 45.87128 1036.0
40.0 19.0 40.0 83.32083 23.55984 42.25131 1036.0
40.0 20.0 20.0 85.37092 53.71552 22.61725 1417.0
40.0 20.0 40.0 83.32083 23.55984 42.25131 1417.0
40.0 21.0 21.0 27.84915 77.87893 19.72149 2.0
40.0 21.0 40.0 83.32083 23.55984 42.25131 2.0
40.0 31.0 31.0 121.73507 39.39873 36.03293 825.0
40.0 31.0 40.0 83.32083 23.55984 42.25131 825.0
40.0 37.0 37.0 79.94011 11.0917 113.83978 2.0
40.0 37.0 40.0 83.32083 23.55984 42.25131 2.0
40.0 39.0 39.0 21.87604 50.07552 32.79412 32.0
40.0 39.0 40.0 83.32083 23.55984 42.25131 32.0
40.0 40.0 40.0 83.32083 23.55984 42.25131 3123.0
40.0 40.0 40.0 83.32083 23.55984 42.25131 3123.0
41.0 0.0 0.0 55.1194 49.29855 142.15949 1.0
41.0 0.0 41.0 59.62207 125.64212 122.69758 1.0
41.0 4.0 4.0 72.14645 108.23986 139.83217 2211.0
41.0 4.0 41.0 59.62207 125.64212 122.69758 2211.0
41.0 5.0 5.0 36.41418 130.17496 82.12303 1773.0
41.0 5.0 41.0 59.62207 125.64212 122.69758 1773.0
41.0 6.0 6.0 5.4448 84.88174 74.33905 20.0
41.0 6.0 41.0 59.62207 125.64212 122.69758 20.0
41.0 9.0 9.0 78.37329 140.08823 102.32459 1613.0
41.0 9.0 41.0 59.62207 125.64212 122.69758 1613.0
41.0 13.0 13.0 21.92737 31.03587 56.27317 1.0
41.0 13.0 41.0 59.62207 125.64212 122.69758 1.0
41.0 22.0 22.0 25.16196 80.09484 119.51663 579.0
41.0 22.0 41.0 59.62207 125.64212 122.69758 579.0
41.0 24.0 24.0 107.81289 87.19403 149.12286 88.0
41.0 24.0 41.0 59.62207 125.64212 122.69758 88.0
41.0 27.0 27.0 18.72432 45.50373 103.8724 1.0
41.0 27.0 41.0 59.62207 125.64212 122.69758 1.0
41.0 28.0 28.0 83.54194 39.68835 143.45333 1.0
41.0 28.0 41.0 59.62207 125.64212 122.69758 1.0
41.0 30.0 30.0 88.7383 139.84387 62.92564 26.0
41.0 30.0 41.0 59.62207 125.64212 122.69758 26.0
41.0 34.0 34.0 127.74052 111.23266 129.59288 368.0
41.0 34.0 41.0 59.62207 125.64212 122.69758 368.0
41.0 35.0 35.0 147.50083 121.30116 95.66968 2.0
41.0 35.0 41.0 59.62207 125.64212 122.69758 2.0
41.0 38.0 38.0 88.65912 68.21923 152.64192 3.0
41.0 38.0 41.0 59.62207 125.64212 122.69758 3.0
41.0 41.0 41.0 59.62207 125.64212 122.69758 6618.0
41.0 41.0 41.0 59.62207 125.64212 122.69758 6618.0
41.0 42.0 42.0 56.50849 85.15323 144.93453 376.0
41.0 42.0 41.0 59.62207 125.64212 122.69758 376.0
41.0 43.0 43.0 102.31898 137.46962 99.67274 307.0
41.0 43.0 41.0 59.62207 125.64212 122.69758 307.0
42.0 0.0 0.0 55.1194 49.29855 142.15949 759.0
42.0 0.0 42.0 56.50849 85.15323 144.93453 759.0
42.0 4.0 4.0 72.14645 108.23986 139.83217 1747.0
42.0 4.0 42.0 56.50849 85.15323 144.93453 1747.0
42.0 5.0 5.0 36.41418 130.17496 82.12303 42.0
42.0 5.0 42.0 56.50849 85.15323 144.93453 42.0
42.0 9.0 9.0 78.37329 140.08823 102.32459 5.0
42.0 9.0 42.0 56.50849 85.15323 144.93453 5.0
42.0 16.0 16.0 37.04077 38.68483 124.38945 138.0
42.0 16.0 42.0 56.50849 85.15323 144.93453 138.0
42.0 22.0 22.0 25.16196 80.09484 119.51663 1289.0
42.0 22.0 42.0 56.50849 85.15323 144.93453 1289.0
42.0 24.0 24.0 107.81289 87.19403 149.12286 437.0
42.0 24.0 42.0 56.50849 85.15323 144.93453 437.0
42.0 26.0 26.0 131.8533 45.1094 139.19789 1.0
42.0 26.0 42.0 56.50849 85.15323 144.93453 1.0
42.0 27.0 27.0 18.72432 45.50373 103.8724 3.0
42.0 27.0 42.0 56.50849 85.15323 144.93453 3.0
42.0 28.0 28.0 83.54194 39.68835 143.45333 200.0
42.0 28.0 42.0 56.50849 85.15323 144.93453 200.0
42.0 33.0 33.0 97.63619 49.85363 149.2282 91.0
42.0 33.0 42.0 56.50849 85.15323 144.93453 91.0
42.0 34.0 34.0 127.74052 111.23266 129.59288 10.0
42.0 34.0 42.0 56.50849 85.15323 144.93453 10.0
42.0 36.0 36.0 51.11532 19.25357 119.26286 5.0
42.0 36.0 42.0 56.50849 85.15323 144.93453 5.0
42.0 38.0 38.0 88.65912 68.21923 152.64192 827.0
42.0 38.0 42.0 56.50849 85.15323 144.93453 827.0
42.0 41.0 41.0 59.62207 125.64212 122.69758 355.0
42.0 41.0 42.0 56.50849 85.15323 144.93453 355.0
42.0 42.0 42.0 56.50849 85.15323 144.93453 4347.0
42.0 42.0 42.0 56.50849 85.15323 144.93453 4347.0
42.0 44.0 44.0 70.60119 22.73588 131.41675 3.0
42.0 44.0 42.0 56.50849 85.15323 144.93453 3.0
43.0 4.0 4.0 72.14645 108.23986 139.83217 74.0
43.0 4.0 43.0 102.31898 137.46962 99.67274 74.0
43.0 5.0 5.0 36.41418 130.17496 82.12303 57.0
43.0 5.0 43.0 102.31898 137.46962 99.67274 57.0
43.0 8.0 8.0 108.61769 85.29922 38.91133 1.0
43.0 8.0 43.0 102.31898 137.46962 99.67274 1.0
43.0 9.0 9.0 78.37329 140.08823 102.32459 1547.0
43.0 9.0 43.0 102.31898 137.46962 99.67274 1547.0
43.0 14.0 14.0 128.55202 115.94456 40.44043 1.0
43.0 14.0 43.0 102.31898 137.46962 99.67274 1.0
43.0 24.0 24.0 107.81289 87.19403 149.12286 6.0
43.0 24.0 43.0 102.31898 137.46962 99.67274 6.0
43.0 30.0 30.0 88.7383 139.84387 62.92564 1577.0
43.0 30.0 43.0 102.31898 137.46962 99.67274 1577.0
43.0 34.0 34.0 127.74052 111.23266 129.59288 1163.0
43.0 34.0 43.0 102.31898 137.46962 99.67274 1163.0
43.0 35.0 35.0 147.50083 121.30116 95.66968 747.0
43.0 35.0 43.0 102.31898 137.46962 99.67274 747.0
43.0 37.0 37.0 79.94011 11.0917 113.83978 1.0
43.0 37.0 43.0 102.31898 137.46962 99.67274 1.0
43.0 41.0 41.0 59.62207 125.64212 122.69758 260.0
43.0 41.0 43.0 102.31898 137.46962 99.67274 260.0
43.0 43.0 43.0 102.31898 137.46962 99.67274 3454.0
43.0 43.0 43.0 102.31898 137.46962 99.67274 3454.0
43.0 46.0 46.0 114.89938 130.47488 52.98494 145.0
43.0 46.0 43.0 102.31898 137.46962 99.67274 145.0
44.0 0.0 0.0 55.1194 49.29855 142.15949 479.0
44.0 0.0 44.0 70.60119 22.73588 131.41675 479.0
44.0 2.0 2.0 27.6595 25.10917 88.21285 35.0
44.0 2.0 44.0 70.60119 22.73588 131.41675 35.0
44.0 3.0 3.0 83.1231 3.83096 87.92165 57.0
44.0 3.0 44.0 70.60119 22.73588 131.41675 57.0
44.0 11.0 11.0 48.24774 14.30242 56.38918 1.0
44.0 11.0 44.0 70.60119 22.73588 131.41675 1.0
44.0 16.0 16.0 37.04077 38.68483 124.38945 189.0
44.0 16.0 44.0 70.60119 22.73588 131.41675 189.0
44.0 17.0 17.0 122.98924 11.06637 94.72612 5.0
44.0 17.0 44.0 70.60119 22.73588 131.41675 5.0
44.0 26.0 26.0 131.8533 45.1094 139.19789 21.0
44.0 26.0 44.0 70.60119 22.73588 131.41675 21.0
44.0 27.0 27.0 18.72432 45.50373 103.8724 3.0
44.0 27.0 44.0 70.60119 22.73588 131.41675 3.0
44.0 28.0 28.0 83.54194 39.68835 143.45333 680.0
44.0 28.0 44.0 70.60119 22.73588 131.41675 680.0
44.0 29.0 29.0 122.71017 20.72656 121.42776 77.0
44.0 29.0 44.0 70.60119 22.73588 131.41675 77.0
44.0 33.0 33.0 97.63619 49.85363 149.2282 98.0
44.0 33.0 44.0 70.60119 22.73588 131.41675 98.0
44.0 36.0 36.0 51.11532 19.25357 119.26286 543.0
44.0 36.0 44.0 70.60119 22.73588 131.41675 543.0
44.0 37.0 37.0 79.94011 11.0917 113.83978 1135.0
44.0 37.0 44.0 70.60119 22.73588 131.41675 1135.0
44.0 38.0 38.0 88.65912 68.21923 152.64192 14.0
44.0 38.0 44.0 70.60119 22.73588 131.41675 14.0
44.0 41.0 41.0 59.62207 125.64212 122.69758 1.0
44.0 41.0 44.0 70.60119 22.73588 131.41675 1.0
44.0 42.0 42.0 56.50849 85.15323 144.93453 2.0
44.0 42.0 44.0 70.60119 22.73588 131.41675 2.0
44.0 44.0 44.0 70.60119 22.73588 131.41675 1259.0
44.0 44.0 44.0 70.60119 22.73588 131.41675 1259.0
45.0 1.0 1.0 66.4493 89.41892 7.69518 1557.0
45.0 1.0 45.0 35.09139 116.35641 28.56231 1557.0
45.0 5.0 5.0 36.41418 130.17496 82.12303 1685.0
45.0 5.0 45.0 35.09139 116.35641 28.56231 1685.0
45.0 6.0 6.0 5.4448 84.88174 74.33905 789.0
45.0 6.0 45.0 35.09139 116.35641 28.56231 789.0
45.0 8.0 8.0 108.61769 85.29922 38.91133 129.0
45.0 8.0 45.0 35.09139 116.35641 28.56231 129.0
45.0 9.0 9.0 78.37329 140.08823 102.32459 4.0
45.0 9.0 45.0 35.09139 116.35641 28.56231 4.0
45.0 14.0 14.0 128.55202 115.94456 40.44043 2.0
45.0 14.0 45.0 35.09139 116.35641 28.56231 2.0
45.0 20.0 20.0 85.37092 53.71552 22.61725 6.0
45.0 20.0 45.0 35.09139 116.35641 28.56231 6.0
45.0 21.0 21.0 27.84915 77.87893 19.72149 1384.0
45.0 21.0 45.0 35.09139 116.35641 28.56231 1384.0
45.0 22.0 22.0 25.16196 80.09484 119.51663 1.0
45.0 22.0 45.0 35.09139 116.35641 28.56231 1.0
45.0 30.0 30.0 88.7383 139.84387 62.92564 696.0
45.0 30.0 45.0 35.09139 116.35641 28.56231 696.0
45.0 39.0 39.0 21.87604 50.07552 32.79412 82.0
45.0 39.0 45.0 35.09139 116.35641 28.56231 82.0
45.0 45.0 45.0 35.09139 116.35641 28.56231 9338.0
45.0 45.0 45.0 35.09139 116.35641 28.56231 9338.0
45.0 46.0 46.0 114.89938 130.47488 52.98494 50.0
45.0 46.0 45.0 35.09139 116.35641 28.56231 50.0
46.0 1.0 1.0 66.4493 89.41892 7.69518 108.0
46.0 1.0 46.0 114.89938 130.47488 52.98494 108.0
46.0 5.0 5.0 36.41418 130.17496 82.12303 9.0
46.0 5.0 46.0 114.89938 130.47488 52.98494 9.0
46.0 8.0 8.0 108.61769 85.29922 38.91133 803.0
46.0 8.0 46.0 114.89938 130.47488 52.98494 803.0
46.0 9.0 9.0 78.37329 140.08823 102.32459 5.0
46.0 9.0 46.0 114.89938 130.47488 52.98494 5.0
46.0 12.0 12.0 179.79359 86.45103 84.89142 1.0
46.0 12.0 46.0 114.89938 130.47488 52.98494 1.0
46.0 14.0 14.0 128.55202 115.94456 40.44043 2149.0
46.0 14.0 46.0 114.89938 130.47488 52.98494 2149.0
46.0 20.0 20.0 85.37092 53.71552 22.61725 2.0
46.0 20.0 46.0 114.89938 130.47488 52.98494 2.0
46.0 30.0 30.0 88.7383 139.84387 62.92564 2601.0
46.0 30.0 46.0 114.89938 130.47488 52.98494 2601.0
46.0 32.0 32.0 156.85617 89.19953 57.93592 247.0
46.0 32.0 46.0 114.89938 130.47488 52.98494 247.0
46.0 34.0 34.0 127.74052 111.23266 129.59288 23.0
46.0 34.0 46.0 114.89938 130.47488 52.98494 23.0
46.0 35.0 35.0 147.50083 121.30116 95.66968 914.0
46.0 35.0 46.0 114.89938 130.47488 52.98494 914.0
46.0 43.0 43.0 102.31898 137.46962 99.67274 154.0
46.0 43.0 46.0 114.89938 130.47488 52.98494 154.0
46.0 45.0 45.0 35.09139 116.35641 28.56231 38.0
46.0 45.0 46.0 114.89938 130.47488 52.98494 38.0
46.0 46.0 46.0 114.89938 130.47488 52.98494 5075.0
46.0 46.0 46.0 114.89938 130.47488 52.98494 5075.0
47.0 12.0 12.0 179.79359 86.45103 84.89142 353.0
47.0 12.0 47.0 164.14117 62.6258 126.22321 353.0
47.0 15.0 15.0 144.83519 26.44922 64.4465 12.0
47.0 15.0 47.0 164.14117 62.6258 126.22321 12.0
47.0 17.0 17.0 122.98924 11.06637 94.72612 22.0
47.0 17.0 47.0 164.14117 62.6258 126.22321 22.0
47.0 18.0 18.0 159.4264 25.01043 93.6779 508.0
47.0 18.0 47.0 164.14117 62.6258 126.22321 508.0
47.0 23.0 23.0 173.51541 43.6307 76.49755 267.0
47.0 23.0 47.0 164.14117 62.6258 126.22321 267.0
47.0 24.0 24.0 107.81289 87.19403 149.12286 218.0
47.0 24.0 47.0 164.14117 62.6258 126.22321 218.0
47.0 25.0 25.0 182.76421 64.72343 100.72528 978.0
47.0 25.0 47.0 164.14117 62.6258 126.22321 978.0
47.0 26.0 26.0 131.8533 45.1094 139.19789 1518.0
47.0 26.0 47.0 164.14117 62.6258 126.22321 1518.0
47.0 29.0 29.0 122.71017 20.72656 121.42776 190.0
47.0 29.0 47.0 164.14117 62.6258 126.22321 190.0
47.0 32.0 32.0 156.85617 89.19953 57.93592 4.0
47.0 32.0 47.0 164.14117 62.6258 126.22321 4.0
47.0 33.0 33.0 97.63619 49.85363 149.2282 17.0
47.0 33.0 47.0 164.14117 62.6258 126.22321 17.0
47.0 34.0 34.0 127.74052 111.23266 129.59288 1058.0
47.0 34.0 47.0 164.14117 62.6258 126.22321 1058.0
47.0 35.0 35.0 147.50083 121.30116 95.66968 331.0
47.0 35.0 47.0 164.14117 62.6258 126.22321 331.0
47.0 37.0 37.0 79.94011 11.0917 113.83978 1.0
47.0 37.0 47.0 164.14117 62.6258 126.22321 1.0
47.0 38.0 38.0 88.65912 68.21923 152.64192 3.0
47.0 38.0 47.0 164.14117 62.6258 126.22321 3.0
47.0 47.0 47.0 164.14117 62.6258 126.22321 6496.0
47.0 47.0 47.0 164.14117 62.6258 126.22321 6496.0
