TargetArea SourceArea Area AvgPosX AvgPosY AvgPosZ SumWeights
0.0 0.0 0.0 55.11776 49.26228 142.14576 2945.0
0.0 0.0 0.0 55.11776 49.26228 142.14576 2945.0
0.0 2.0 2.0 27.68995 25.07585 88.19846 9.0
0.0 2.0 0.0 55.11776 49.26228 142.14576 9.0
0.0 4.0 4.0 72.16165 108.25894 139.81941 23.0
0.0 4.0 0.0 55.11776 49.26228 142.14576 23.0
0.0 16.0 16.0 37.04278 38.66416 124.38213 1029.0
0.0 16.0 0.0 55.11776 49.26228 142.14576 1029.0
0.0 22.0 22.0 25.16762 80.05511 119.53012 497.0
0.0 22.0 0.0 55.11776 49.26228 142.14576 497.0
0.0 24.0 24.0 107.82526 87.20598 149.12052 14.0
0.0 24.0 0.0 55.11776 49.26228 142.14576 14.0
0.0 26.0 26.0 131.85202 45.13008 139.21016 2.0
0.0 26.0 0.0 55.11776 49.26228 142.14576 2.0
0.0 27.0 27.0 18.73395 45.48823 103.87829 38.0
0.0 27.0 0.0 55.11776 49.26228 142.14576 38.0
0.0 28.0 28.0 83.60121 39.62465 143.42659 952.0
0.0 28.0 0.0 55.11776 49.26228 142.14576 952.0
0.0 29.0 29.0 122.67804 20.70286 121.40809 1.0
0.0 29.0 0.0 55.11776 49.26228 142.14576 1.0
0.0 33.0 33.0 97.58382 49.87722 149.23525 248.0
0.0 33.0 0.0 55.11776 49.26228 142.14576 248.0
0.0 36.0 36.0 51.12126 19.2865 119.3223 345.0
0.0 36.0 0.0 55.11776 49.26228 142.14576 345.0
0.0 37.0 37.0 79.96458 11.08986 113.83742 83.0
0.0 37.0 0.0 55.11776 49.26228 142.14576 83.0
0.0 38.0 38.0 88.63396 68.24513 152.64217 328.0
0.0 38.0 0.0 55.11776 49.26228 142.14576 328.0
0.0 41.0 41.0 59.62292 125.66567 122.67967 4.0
0.0 41.0 0.0 55.11776 49.26228 142.14576 4.0
0.0 42.0 42.0 56.46916 85.16518 144.91325 824.0
0.0 42.0 0.0 55.11776 49.26228 142.14576 824.0
0.0 44.0 44.0 70.61802 22.75207 131.42999 434.0
0.0 44.0 0.0 55.11776 49.26228 142.14576 434.0
1.0 1.0 1.0 66.45094 89.412 7.68623 7824.0
1.0 1.0 1.0 66.45094 89.412 7.68623 7824.0
1.0 5.0 5.0 36.41364 130.18227 82.09322 25.0
1.0 5.0 1.0 66.45094 89.412 7.68623 25.0
1.0 8.0 8.0 108.56689 85.34835 38.88592 1413.0
1.0 8.0 1.0 66.45094 89.412 7.68623 1413.0
1.0 11.0 11.0 48.27941 14.28221 56.41365 26.0
1.0 11.0 1.0 66.45094 89.412 7.68623 26.0
1.0 14.0 14.0 128.5222 115.95931 40.43278 46.0
1.0 14.0 1.0 66.45094 89.412 7.68623 46.0
1.0 19.0 19.0 66.65346 15.34285 45.8685 27.0
1.0 19.0 1.0 66.45094 89.412 7.68623 27.0
1.0 20.0 20.0 85.32053 53.70175 22.57913 1803.0
1.0 20.0 1.0 66.45094 89.412 7.68623 1803.0
1.0 21.0 21.0 27.94531 77.84761 19.63591 1086.0
1.0 21.0 1.0 66.45094 89.412 7.68623 1086.0
1.0 30.0 30.0 88.69327 139.84383 62.86519 296.0
1.0 30.0 1.0 66.45094 89.412 7.68623 296.0
1.0 31.0 31.0 121.67411 39.35459 36.00734 7.0
1.0 31.0 1.0 66.45094 89.412 7.68623 7.0
1.0 39.0 39.0 21.95335 50.02638 32.71121 254.0
1.0 39.0 1.0 66.45094 89.412 7.68623 254.0
1.0 40.0 40.0 83.31642 23.55756 42.2604 11.0
1.0 40.0 1.0 66.45094 89.412 7.68623 11.0
1.0 45.0 45.0 35.11238 116.35557 28.53741 1443.0
1.0 45.0 1.0 66.45094 89.412 7.68623 1443.0
1.0 46.0 46.0 114.88487 130.46147 52.96148 139.0
1.0 46.0 1.0 66.45094 89.412 7.68623 139.0
2.0 0.0 0.0 55.11776 49.26228 142.14576 9.0
2.0 0.0 2.0 27.68995 25.07585 88.19846 9.0
2.0 2.0 2.0 27.68995 25.07585 88.19846 5057.0
2.0 2.0 2.0 27.68995 25.07585 88.19846 5057.0
2.0 3.0 3.0 83.10803 3.82683 87.90386 260.0
2.0 3.0 2.0 27.68995 25.07585 88.19846 260.0
2.0 6.0 6.0 5.4511 84.89068 74.3303 344.0
2.0 6.0 2.0 27.68995 25.07585 88.19846 344.0
2.0 11.0 11.0 48.27941 14.28221 56.41365 1092.0
2.0 11.0 2.0 27.68995 25.07585 88.19846 1092.0
2.0 13.0 13.0 21.95054 31.01583 56.26084 1019.0
2.0 13.0 2.0 27.68995 25.07585 88.19846 1019.0
2.0 16.0 16.0 37.04278 38.66416 124.38213 634.0
2.0 16.0 2.0 27.68995 25.07585 88.19846 634.0
2.0 19.0 19.0 66.65346 15.34285 45.8685 16.0
2.0 19.0 2.0 27.68995 25.07585 88.19846 16.0
2.0 22.0 22.0 25.16762 80.05511 119.53012 91.0
2.0 22.0 2.0 27.68995 25.07585 88.19846 91.0
2.0 27.0 27.0 18.73395 45.48823 103.87829 1237.0
2.0 27.0 2.0 27.68995 25.07585 88.19846 1237.0
2.0 28.0 28.0 83.60121 39.62465 143.42659 1.0
2.0 28.0 2.0 27.68995 25.07585 88.19846 1.0
2.0 36.0 36.0 51.12126 19.2865 119.3223 462.0
2.0 36.0 2.0 27.68995 25.07585 88.19846 462.0
2.0 37.0 37.0 79.96458 11.08986 113.83742 359.0
2.0 37.0 2.0 27.68995 25.07585 88.19846 359.0
2.0 39.0 39.0 21.95335 50.02638 32.71121 126.0
2.0 39.0 2.0 27.68995 25.07585 88.19846 126.0
2.0 40.0 40.0 83.31642 23.55756 42.2604 1.0
2.0 40.0 2.0 27.68995 25.07585 88.19846 1.0
2.0 44.0 44.0 70.61802 22.75207 131.42999 32.0
2.0 44.0 2.0 27.68995 25.07585 88.19846 32.0
3.0 0.0 0.0 55.11776 49.26228 142.14576 1.0
3.0 0.0 3.0 83.10803 3.82683 87.90386 1.0
3.0 2.0 2.0 27.68995 25.07585 88.19846 227.0
3.0 2.0 3.0 83.10803 3.82683 87.90386 227.0
3.0 3.0 3.0 83.10803 3.82683 87.90386 5209.0
3.0 3.0 3.0 83.10803 3.82683 87.90386 5209.0
3.0 7.0 7.0 121.75718 13.44807 56.95469 172.0
3.0 7.0 3.0 83.10803 3.82683 87.90386 172.0
3.0 10.0 10.0 97.42763 3.9848 61.33625 1317.0
3.0 10.0 3.0 83.10803 3.82683 87.90386 1317.0
3.0 11.0 11.0 48.27941 14.28221 56.41365 790.0
3.0 11.0 3.0 83.10803 3.82683 87.90386 790.0
3.0 13.0 13.0 21.95054 31.01583 56.26084 8.0
3.0 13.0 3.0 83.10803 3.82683 87.90386 8.0
3.0 15.0 15.0 144.7985 26.39979 64.48862 21.0
3.0 15.0 3.0 83.10803 3.82683 87.90386 21.0
3.0 16.0 16.0 37.04278 38.66416 124.38213 17.0
3.0 16.0 3.0 83.10803 3.82683 87.90386 17.0
3.0 17.0 17.0 122.9619 11.05836 94.70207 979.0
3.0 17.0 3.0 83.10803 3.82683 87.90386 979.0
3.0 18.0 18.0 159.39716 24.99475 93.71812 2.0
3.0 18.0 3.0 83.10803 3.82683 87.90386 2.0
3.0 19.0 19.0 66.65346 15.34285 45.8685 392.0
3.0 19.0 3.0 83.10803 3.82683 87.90386 392.0
3.0 26.0 26.0 131.85202 45.13008 139.21016 5.0
3.0 26.0 3.0 83.10803 3.82683 87.90386 5.0
3.0 27.0 27.0 18.73395 45.48823 103.87829 2.0
3.0 27.0 3.0 83.10803 3.82683 87.90386 2.0
3.0 28.0 28.0 83.60121 39.62465 143.42659 8.0
3.0 28.0 3.0 83.10803 3.82683 87.90386 8.0
3.0 29.0 29.0 122.67804 20.70286 121.40809 177.0
3.0 29.0 3.0 83.10803 3.82683 87.90386 177.0
3.0 31.0 31.0 121.67411 39.35459 36.00734 2.0
3.0 31.0 3.0 83.10803 3.82683 87.90386 2.0
3.0 33.0 33.0 97.58382 49.87722 149.23525 1.0
3.0 33.0 3.0 83.10803 3.82683 87.90386 1.0
3.0 36.0 36.0 51.12126 19.2865 119.3223 134.0
3.0 36.0 3.0 83.10803 3.82683 87.90386 134.0
3.0 37.0 37.0 79.96458 11.08986 113.83742 1950.0
3.0 37.0 3.0 83.10803 3.82683 87.90386 1950.0
3.0 40.0 40.0 83.31642 23.55756 42.2604 142.0
3.0 40.0 3.0 83.10803 3.82683 87.90386 142.0
3.0 44.0 44.0 70.61802 22.75207 131.42999 53.0
3.0 44.0 3.0 83.10803 3.82683 87.90386 53.0
4.0 0.0 0.0 55.11776 49.26228 142.14576 21.0
4.0 0.0 4.0 72.16165 108.25894 139.81941 21.0
4.0 4.0 4.0 72.16165 108.25894 139.81941 5059.0
4.0 4.0 4.0 72.16165 108.25894 139.81941 5059.0
4.0 5.0 5.0 36.41364 130.18227 82.09322 82.0
4.0 5.0 4.0 72.16165 108.25894 139.81941 82.0
4.0 6.0 6.0 5.4511 84.89068 74.3303 2.0
4.0 6.0 4.0 72.16165 108.25894 139.81941 2.0
4.0 9.0 9.0 78.36652 140.09029 102.31884 225.0
4.0 9.0 4.0 72.16165 108.25894 139.81941 225.0
4.0 16.0 16.0 37.04278 38.66416 124.38213 1.0
4.0 16.0 4.0 72.16165 108.25894 139.81941 1.0
4.0 22.0 22.0 25.16762 80.05511 119.53012 367.0
4.0 22.0 4.0 72.16165 108.25894 139.81941 367.0
4.0 24.0 24.0 107.82526 87.20598 149.12052 1277.0
4.0 24.0 4.0 72.16165 108.25894 139.81941 1277.0
4.0 28.0 28.0 83.60121 39.62465 143.42659 5.0
4.0 28.0 4.0 72.16165 108.25894 139.81941 5.0
4.0 33.0 33.0 97.58382 49.87722 149.23525 5.0
4.0 33.0 4.0 72.16165 108.25894 139.81941 5.0
4.0 34.0 34.0 127.72732 111.25263 129.58138 664.0
4.0 34.0 4.0 72.16165 108.25894 139.81941 664.0
4.0 35.0 35.0 147.53924 121.28255 95.6782 1.0
4.0 35.0 4.0 72.16165 108.25894 139.81941 1.0
4.0 38.0 38.0 88.63396 68.24513 152.64217 193.0
4.0 38.0 4.0 72.16165 108.25894 139.81941 193.0
4.0 41.0 41.0 59.62292 125.66567 122.67967 2159.0
4.0 41.0 4.0 72.16165 108.25894 139.81941 2159.0
4.0 42.0 42.0 56.46916 85.16518 144.91325 1702.0
4.0 42.0 4.0 72.16165 108.25894 139.81941 1702.0
4.0 43.0 43.0 102.29606 137.48371 99.63181 70.0
4.0 43.0 4.0 72.16165 108.25894 139.81941 70.0
4.0 45.0 45.0 35.11238 116.35557 28.53741 1.0
4.0 45.0 4.0 72.16165 108.25894 139.81941 1.0
5.0 1.0 1.0 66.45094 89.412 7.68623 21.0
5.0 1.0 5.0 36.41364 130.18227 82.09322 21.0
5.0 4.0 4.0 72.16165 108.25894 139.81941 108.0
5.0 4.0 5.0 36.41364 130.18227 82.09322 108.0
5.0 5.0 5.0 36.41364 130.18227 82.09322 16056.0
5.0 5.0 5.0 36.41364 130.18227 82.09322 16056.0
5.0 6.0 6.0 5.4511 84.89068 74.3303 1595.0
5.0 6.0 5.0 36.41364 130.18227 82.09322 1595.0
5.0 8.0 8.0 108.56689 85.34835 38.88592 10.0
5.0 8.0 5.0 36.41364 130.18227 82.09322 10.0
5.0 9.0 9.0 78.36652 140.09029 102.31884 1217.0
5.0 9.0 5.0 36.41364 130.18227 82.09322 1217.0
5.0 21.0 21.0 27.94531 77.84761 19.63591 11.0
5.0 21.0 5.0 36.41364 130.18227 82.09322 11.0
5.0 22.0 22.0 25.16762 80.05511 119.53012 987.0
5.0 22.0 5.0 36.41364 130.18227 82.09322 987.0
5.0 30.0 30.0 88.69327 139.84383 62.86519 1461.0
5.0 30.0 5.0 36.41364 130.18227 82.09322 1461.0
5.0 34.0 34.0 127.72732 111.25263 129.58138 1.0
5.0 34.0 5.0 36.41364 130.18227 82.09322 1.0
5.0 41.0 41.0 59.62292 125.66567 122.67967 1890.0
5.0 41.0 5.0 36.41364 130.18227 82.09322 1890.0
5.0 42.0 42.0 56.46916 85.16518 144.91325 40.0
5.0 42.0 5.0 36.41364 130.18227 82.09322 40.0
5.0 43.0 43.0 102.29606 137.48371 99.63181 87.0
5.0 43.0 5.0 36.41364 130.18227 82.09322 87.0
5.0 45.0 45.0 35.11238 116.35557 28.53741 1542.0
5.0 45.0 5.0 36.41364 130.18227 82.09322 1542.0
5.0 46.0 46.0 114.88487 130.46147 52.96148 13.0
5.0 46.0 5.0 36.41364 130.18227 82.09322 13.0
6.0 1.0 1.0 66.45094 89.412 7.68623 1.0
6.0 1.0 6.0 5.4511 84.89068 74.3303 1.0
6.0 2.0 2.0 27.68995 25.07585 88.19846 393.0
6.0 2.0 6.0 5.4511 84.89068 74.3303 393.0
6.0 5.0 5.0 36.41364 130.18227 82.09322 1662.0
6.0 5.0 6.0 5.4511 84.89068 74.3303 1662.0
6.0 6.0 6.0 5.4511 84.89068 74.3303 11524.0
6.0 6.0 6.0 5.4511 84.89068 74.3303 11524.0
6.0 11.0 11.0 48.27941 14.28221 56.41365 3.0
6.0 11.0 6.0 5.4511 84.89068 74.3303 3.0
6.0 13.0 13.0 21.95054 31.01583 56.26084 306.0
6.0 13.0 6.0 5.4511 84.89068 74.3303 306.0
6.0 16.0 16.0 37.04278 38.66416 124.38213 14.0
6.0 16.0 6.0 5.4511 84.89068 74.3303 14.0
6.0 21.0 21.0 27.94531 77.84761 19.63591 569.0
6.0 21.0 6.0 5.4511 84.89068 74.3303 569.0
6.0 22.0 22.0 25.16762 80.05511 119.53012 1670.0
6.0 22.0 6.0 5.4511 84.89068 74.3303 1670.0
6.0 27.0 27.0 18.73395 45.48823 103.87829 696.0
6.0 27.0 6.0 5.4511 84.89068 74.3303 696.0
6.0 39.0 39.0 21.95335 50.02638 32.71121 1044.0
6.0 39.0 6.0 5.4511 84.89068 74.3303 1044.0
6.0 41.0 41.0 59.62292 125.66567 122.67967 27.0
6.0 41.0 6.0 5.4511 84.89068 74.3303 27.0
6.0 42.0 42.0 56.46916 85.16518 144.91325 1.0
6.0 42.0 6.0 5.4511 84.89068 74.3303 1.0
6.0 45.0 45.0 35.11238 116.35557 28.53741 742.0
6.0 45.0 6.0 5.4511 84.89068 74.3303 742.0
7.0 3.0 3.0 83.10803 3.82683 87.90386 181.0
7.0 3.0 7.0 121.75718 13.44807 56.95469 181.0
7.0 7.0 7.0 121.75718 13.44807 56.95469 3069.0
7.0 7.0 7.0 121.75718 13.44807 56.95469 3069.0
7.0 8.0 8.0 108.56689 85.34835 38.88592 6.0
7.0 8.0 7.0 121.75718 13.44807 56.95469 6.0
7.0 10.0 10.0 97.42763 3.9848 61.33625 1149.0
7.0 10.0 7.0 121.75718 13.44807 56.95469 1149.0
7.0 11.0 11.0 48.27941 14.28221 56.41365 1.0
7.0 11.0 7.0 121.75718 13.44807 56.95469 1.0
7.0 15.0 15.0 144.7985 26.39979 64.48862 1199.0
7.0 15.0 7.0 121.75718 13.44807 56.95469 1199.0
7.0 17.0 17.0 122.9619 11.05836 94.70207 684.0
7.0 17.0 7.0 121.75718 13.44807 56.95469 684.0
7.0 18.0 18.0 159.39716 24.99475 93.71812 32.0
7.0 18.0 7.0 121.75718 13.44807 56.95469 32.0
7.0 19.0 19.0 66.65346 15.34285 45.8685 17.0
7.0 19.0 7.0 121.75718 13.44807 56.95469 17.0
7.0 20.0 20.0 85.32053 53.70175 22.57913 39.0
7.0 20.0 7.0 121.75718 13.44807 56.95469 39.0
7.0 23.0 23.0 173.51649 43.63307 76.50589 7.0
7.0 23.0 7.0 121.75718 13.44807 56.95469 7.0
7.0 26.0 26.0 131.85202 45.13008 139.21016 1.0
7.0 26.0 7.0 121.75718 13.44807 56.95469 1.0
7.0 29.0 29.0 122.67804 20.70286 121.40809 13.0
7.0 29.0 7.0 121.75718 13.44807 56.95469 13.0
7.0 31.0 31.0 121.67411 39.35459 36.00734 1164.0
7.0 31.0 7.0 121.75718 13.44807 56.95469 1164.0
7.0 32.0 32.0 156.8703 89.22317 57.94563 2.0
7.0 32.0 7.0 121.75718 13.44807 56.95469 2.0
7.0 37.0 37.0 79.96458 11.08986 113.83742 8.0
7.0 37.0 7.0 121.75718 13.44807 56.95469 8.0
7.0 40.0 40.0 83.31642 23.55756 42.2604 266.0
7.0 40.0 7.0 121.75718 13.44807 56.95469 266.0
8.0 1.0 1.0 66.45094 89.412 7.68623 1178.0
8.0 1.0 8.0 108.56689 85.34835 38.88592 1178.0
8.0 5.0 5.0 36.41364 130.18227 82.09322 10.0
8.0 5.0 8.0 108.56689 85.34835 38.88592 10.0
8.0 7.0 7.0 121.75718 13.44807 56.95469 4.0
8.0 7.0 8.0 108.56689 85.34835 38.88592 4.0
8.0 8.0 8.0 108.56689 85.34835 38.88592 21868.0
8.0 8.0 8.0 108.56689 85.34835 38.88592 21868.0
8.0 9.0 9.0 78.36652 140.09029 102.31884 1.0
8.0 9.0 8.0 108.56689 85.34835 38.88592 1.0
8.0 12.0 12.0 179.79593 86.4817 84.89473 6.0
8.0 12.0 8.0 108.56689 85.34835 38.88592 6.0
8.0 14.0 14.0 128.5222 115.95931 40.43278 2073.0
8.0 14.0 8.0 108.56689 85.34835 38.88592 2073.0
8.0 15.0 15.0 144.7985 26.39979 64.48862 41.0
8.0 15.0 8.0 108.56689 85.34835 38.88592 41.0
8.0 20.0 20.0 85.32053 53.70175 22.57913 2489.0
8.0 20.0 8.0 108.56689 85.34835 38.88592 2489.0
8.0 21.0 21.0 27.94531 77.84761 19.63591 1.0
8.0 21.0 8.0 108.56689 85.34835 38.88592 1.0
8.0 23.0 23.0 173.51649 43.63307 76.50589 7.0
8.0 23.0 8.0 108.56689 85.34835 38.88592 7.0
8.0 24.0 24.0 107.82526 87.20598 149.12052 1.0
8.0 24.0 8.0 108.56689 85.34835 38.88592 1.0
8.0 30.0 30.0 88.69327 139.84383 62.86519 457.0
8.0 30.0 8.0 108.56689 85.34835 38.88592 457.0
8.0 31.0 31.0 121.67411 39.35459 36.00734 1474.0
8.0 31.0 8.0 108.56689 85.34835 38.88592 1474.0
8.0 32.0 32.0 156.8703 89.22317 57.94563 1153.0
8.0 32.0 8.0 108.56689 85.34835 38.88592 1153.0
8.0 35.0 35.0 147.53924 121.28255 95.6782 1.0
8.0 35.0 8.0 108.56689 85.34835 38.88592 1.0
8.0 40.0 40.0 83.31642 23.55756 42.2604 22.0
8.0 40.0 8.0 108.56689 85.34835 38.88592 22.0
8.0 41.0 41.0 59.62292 125.66567 122.67967 1.0
8.0 41.0 8.0 108.56689 85.34835 38.88592 1.0
8.0 43.0 43.0 102.29606 137.48371 99.63181 1.0
8.0 43.0 8.0 108.56689 85.34835 38.88592 1.0
8.0 45.0 45.0 35.11238 116.35557 28.53741 85.0
8.0 45.0 8.0 108.56689 85.34835 38.88592 85.0
8.0 46.0 46.0 114.88487 130.46147 52.96148 821.0
8.0 46.0 8.0 108.56689 85.34835 38.88592 821.0
9.0 4.0 4.0 72.16165 108.25894 139.81941 237.0
9.0 4.0 9.0 78.36652 140.09029 102.31884 237.0
9.0 5.0 5.0 36.41364 130.18227 82.09322 1137.0
9.0 5.0 9.0 78.36652 140.09029 102.31884 1137.0
9.0 9.0 9.0 78.36652 140.09029 102.31884 3555.0
9.0 9.0 9.0 78.36652 140.09029 102.31884 3555.0
9.0 24.0 24.0 107.82526 87.20598 149.12052 21.0
9.0 24.0 9.0 78.36652 140.09029 102.31884 21.0
9.0 30.0 30.0 88.69327 139.84383 62.86519 929.0
9.0 30.0 9.0 78.36652 140.09029 102.31884 929.0
9.0 34.0 34.0 127.72732 111.25263 129.58138 509.0
9.0 34.0 9.0 78.36652 140.09029 102.31884 509.0
9.0 35.0 35.0 147.53924 121.28255 95.6782 16.0
9.0 35.0 9.0 78.36652 140.09029 102.31884 16.0
9.0 41.0 41.0 59.62292 125.66567 122.67967 1644.0
9.0 41.0 9.0 78.36652 140.09029 102.31884 1644.0
9.0 43.0 43.0 102.29606 137.48371 99.63181 1619.0
9.0 43.0 9.0 78.36652 140.09029 102.31884 1619.0
9.0 45.0 45.0 35.11238 116.35557 28.53741 3.0
9.0 45.0 9.0 78.36652 140.09029 102.31884 3.0
9.0 46.0 46.0 114.88487 130.46147 52.96148 2.0
9.0 46.0 9.0 78.36652 140.09029 102.31884 2.0
10.0 2.0 2.0 27.68995 25.07585 88.19846 4.0
10.0 2.0 10.0 97.42763 3.9848 61.33625 4.0
10.0 3.0 3.0 83.10803 3.82683 87.90386 1224.0
10.0 3.0 10.0 97.42763 3.9848 61.33625 1224.0
10.0 7.0 7.0 121.75718 13.44807 56.95469 1205.0
10.0 7.0 10.0 97.42763 3.9848 61.33625 1205.0
10.0 10.0 10.0 97.42763 3.9848 61.33625 3026.0
10.0 10.0 10.0 97.42763 3.9848 61.33625 3026.0
10.0 11.0 11.0 48.27941 14.28221 56.41365 145.0
10.0 11.0 10.0 97.42763 3.9848 61.33625 145.0
10.0 15.0 15.0 144.7985 26.39979 64.48862 79.0
10.0 15.0 10.0 97.42763 3.9848 61.33625 79.0
10.0 17.0 17.0 122.9619 11.05836 94.70207 429.0
10.0 17.0 10.0 97.42763 3.9848 61.33625 429.0
10.0 18.0 18.0 159.39716 24.99475 93.71812 2.0
10.0 18.0 10.0 97.42763 3.9848 61.33625 2.0
10.0 19.0 19.0 66.65346 15.34285 45.8685 456.0
10.0 19.0 10.0 97.42763 3.9848 61.33625 456.0
10.0 20.0 20.0 85.32053 53.70175 22.57913 34.0
10.0 20.0 10.0 97.42763 3.9848 61.33625 34.0
10.0 29.0 29.0 122.67804 20.70286 121.40809 5.0
10.0 29.0 10.0 97.42763 3.9848 61.33625 5.0
10.0 31.0 31.0 121.67411 39.35459 36.00734 308.0
10.0 31.0 10.0 97.42763 3.9848 61.33625 308.0
10.0 37.0 37.0 79.96458 11.08986 113.83742 52.0
10.0 37.0 10.0 97.42763 3.9848 61.33625 52.0
10.0 40.0 40.0 83.31642 23.55756 42.2604 954.0
10.0 40.0 10.0 97.42763 3.9848 61.33625 954.0
11.0 1.0 1.0 66.45094 89.412 7.68623 24.0
11.0 1.0 11.0 48.27941 14.28221 56.41365 24.0
11.0 2.0 2.0 27.68995 25.07585 88.19846 1099.0
11.0 2.0 11.0 48.27941 14.28221 56.41365 1099.0
11.0 3.0 3.0 83.10803 3.82683 87.90386 880.0
11.0 3.0 11.0 48.27941 14.28221 56.41365 880.0
11.0 6.0 6.0 5.4511 84.89068 74.3303 3.0
11.0 6.0 11.0 48.27941 14.28221 56.41365 3.0
11.0 7.0 7.0 121.75718 13.44807 56.95469 1.0
11.0 7.0 11.0 48.27941 14.28221 56.41365 1.0
11.0 10.0 10.0 97.42763 3.9848 61.33625 182.0
11.0 10.0 11.0 48.27941 14.28221 56.41365 182.0
11.0 11.0 11.0 48.27941 14.28221 56.41365 5864.0
11.0 11.0 11.0 48.27941 14.28221 56.41365 5864.0
11.0 13.0 13.0 21.95054 31.01583 56.26084 1107.0
11.0 13.0 11.0 48.27941 14.28221 56.41365 1107.0
11.0 16.0 16.0 37.04278 38.66416 124.38213 17.0
11.0 16.0 11.0 48.27941 14.28221 56.41365 17.0
11.0 19.0 19.0 66.65346 15.34285 45.8685 1546.0
11.0 19.0 11.0 48.27941 14.28221 56.41365 1546.0
11.0 20.0 20.0 85.32053 53.70175 22.57913 253.0
11.0 20.0 11.0 48.27941 14.28221 56.41365 253.0
11.0 21.0 21.0 27.94531 77.84761 19.63591 32.0
11.0 21.0 11.0 48.27941 14.28221 56.41365 32.0
11.0 22.0 22.0 25.16762 80.05511 119.53012 1.0
11.0 22.0 11.0 48.27941 14.28221 56.41365 1.0
11.0 27.0 27.0 18.73395 45.48823 103.87829 12.0
11.0 27.0 11.0 48.27941 14.28221 56.41365 12.0
11.0 31.0 31.0 121.67411 39.35459 36.00734 4.0
11.0 31.0 11.0 48.27941 14.28221 56.41365 4.0
11.0 36.0 36.0 51.12126 19.2865 119.3223 66.0
11.0 36.0 11.0 48.27941 14.28221 56.41365 66.0
11.0 37.0 37.0 79.96458 11.08986 113.83742 236.0
11.0 37.0 11.0 48.27941 14.28221 56.41365 236.0
11.0 39.0 39.0 21.95335 50.02638 32.71121 686.0
11.0 39.0 11.0 48.27941 14.28221 56.41365 686.0
11.0 40.0 40.0 83.31642 23.55756 42.2604 512.0
11.0 40.0 11.0 48.27941 14.28221 56.41365 512.0
11.0 44.0 44.0 70.61802 22.75207 131.42999 2.0
11.0 44.0 11.0 48.27941 14.28221 56.41365 2.0
12.0 8.0 8.0 108.56689 85.34835 38.88592 7.0
12.0 8.0 12.0 179.79593 86.4817 84.89473 7.0
12.0 12.0 12.0 179.79593 86.4817 84.89473 4249.0
12.0 12.0 12.0 179.79593 86.4817 84.89473 4249.0
12.0 14.0 14.0 128.5222 115.95931 40.43278 22.0
12.0 14.0 12.0 179.79593 86.4817 84.89473 22.0
12.0 15.0 15.0 144.7985 26.39979 64.48862 32.0
12.0 15.0 12.0 179.79593 86.4817 84.89473 32.0
12.0 18.0 18.0 159.39716 24.99475 93.71812 23.0
12.0 18.0 12.0 179.79593 86.4817 84.89473 23.0
12.0 23.0 23.0 173.51649 43.63307 76.50589 470.0
12.0 23.0 12.0 179.79593 86.4817 84.89473 470.0
12.0 24.0 24.0 107.82526 87.20598 149.12052 1.0
12.0 24.0 12.0 179.79593 86.4817 84.89473 1.0
12.0 25.0 25.0 182.76724 64.70872 100.69893 939.0
12.0 25.0 12.0 179.79593 86.4817 84.89473 939.0
12.0 26.0 26.0 131.85202 45.13008 139.21016 1.0
12.0 26.0 12.0 179.79593 86.4817 84.89473 1.0
12.0 31.0 31.0 121.67411 39.35459 36.00734 8.0
12.0 31.0 12.0 179.79593 86.4817 84.89473 8.0
12.0 32.0 32.0 156.8703 89.22317 57.94563 1414.0
12.0 32.0 12.0 179.79593 86.4817 84.89473 1414.0
12.0 34.0 34.0 127.72732 111.25263 129.58138 99.0
12.0 34.0 12.0 179.79593 86.4817 84.89473 99.0
12.0 35.0 35.0 147.53924 121.28255 95.6782 998.0
12.0 35.0 12.0 179.79593 86.4817 84.89473 998.0
12.0 46.0 46.0 114.88487 130.46147 52.96148 8.0
12.0 46.0 12.0 179.79593 86.4817 84.89473 8.0
12.0 47.0 47.0 164.13328 62.67694 126.248 399.0
12.0 47.0 12.0 179.79593 86.4817 84.89473 399.0
13.0 1.0 1.0 66.45094 89.412 7.68623 3.0
13.0 1.0 13.0 21.95054 31.01583 56.26084 3.0
13.0 2.0 2.0 27.68995 25.07585 88.19846 1072.0
13.0 2.0 13.0 21.95054 31.01583 56.26084 1072.0
13.0 3.0 3.0 83.10803 3.82683 87.90386 7.0
13.0 3.0 13.0 21.95054 31.01583 56.26084 7.0
13.0 6.0 6.0 5.4511 84.89068 74.3303 331.0
13.0 6.0 13.0 21.95054 31.01583 56.26084 331.0
13.0 11.0 11.0 48.27941 14.28221 56.41365 1270.0
13.0 11.0 13.0 21.95054 31.01583 56.26084 1270.0
13.0 13.0 13.0 21.95054 31.01583 56.26084 2597.0
13.0 13.0 13.0 21.95054 31.01583 56.26084 2597.0
13.0 19.0 19.0 66.65346 15.34285 45.8685 76.0
13.0 19.0 13.0 21.95054 31.01583 56.26084 76.0
13.0 20.0 20.0 85.32053 53.70175 22.57913 11.0
13.0 20.0 13.0 21.95054 31.01583 56.26084 11.0
13.0 21.0 21.0 27.94531 77.84761 19.63591 20.0
13.0 21.0 13.0 21.95054 31.01583 56.26084 20.0
13.0 22.0 22.0 25.16762 80.05511 119.53012 7.0
13.0 22.0 13.0 21.95054 31.01583 56.26084 7.0
13.0 27.0 27.0 18.73395 45.48823 103.87829 105.0
13.0 27.0 13.0 21.95054 31.01583 56.26084 105.0
13.0 36.0 36.0 51.12126 19.2865 119.3223 3.0
13.0 36.0 13.0 21.95054 31.01583 56.26084 3.0
13.0 37.0 37.0 79.96458 11.08986 113.83742 4.0
13.0 37.0 13.0 21.95054 31.01583 56.26084 4.0
13.0 39.0 39.0 21.95335 50.02638 32.71121 1329.0
13.0 39.0 13.0 21.95054 31.01583 56.26084 1329.0
13.0 40.0 40.0 83.31642 23.55756 42.2604 13.0
13.0 40.0 13.0 21.95054 31.01583 56.26084 13.0
14.0 1.0 1.0 66.45094 89.412 7.68623 40.0
14.0 1.0 14.0 128.5222 115.95931 40.43278 40.0
14.0 8.0 8.0 108.56689 85.34835 38.88592 2199.0
14.0 8.0 14.0 128.5222 115.95931 40.43278 2199.0
14.0 12.0 12.0 179.79593 86.4817 84.89473 9.0
14.0 12.0 14.0 128.5222 115.95931 40.43278 9.0
14.0 14.0 14.0 128.5222 115.95931 40.43278 5096.0
14.0 14.0 14.0 128.5222 115.95931 40.43278 5096.0
14.0 20.0 20.0 85.32053 53.70175 22.57913 9.0
14.0 20.0 14.0 128.5222 115.95931 40.43278 9.0
14.0 30.0 30.0 88.69327 139.84383 62.86519 206.0
14.0 30.0 14.0 128.5222 115.95931 40.43278 206.0
14.0 31.0 31.0 121.67411 39.35459 36.00734 10.0
14.0 31.0 14.0 128.5222 115.95931 40.43278 10.0
14.0 32.0 32.0 156.8703 89.22317 57.94563 1169.0
14.0 32.0 14.0 128.5222 115.95931 40.43278 1169.0
14.0 35.0 35.0 147.53924 121.28255 95.6782 275.0
14.0 35.0 14.0 128.5222 115.95931 40.43278 275.0
14.0 43.0 43.0 102.29606 137.48371 99.63181 4.0
14.0 43.0 14.0 128.5222 115.95931 40.43278 4.0
14.0 45.0 45.0 35.11238 116.35557 28.53741 1.0
14.0 45.0 14.0 128.5222 115.95931 40.43278 1.0
14.0 46.0 46.0 114.88487 130.46147 52.96148 2274.0
14.0 46.0 14.0 128.5222 115.95931 40.43278 2274.0
15.0 3.0 3.0 83.10803 3.82683 87.90386 23.0
15.0 3.0 15.0 144.7985 26.39979 64.48862 23.0
15.0 7.0 7.0 121.75718 13.44807 56.95469 1255.0
15.0 7.0 15.0 144.7985 26.39979 64.48862 1255.0
15.0 8.0 8.0 108.56689 85.34835 38.88592 63.0
15.0 8.0 15.0 144.7985 26.39979 64.48862 63.0
15.0 10.0 10.0 97.42763 3.9848 61.33625 81.0
15.0 10.0 15.0 144.7985 26.39979 64.48862 81.0
15.0 12.0 12.0 179.79593 86.4817 84.89473 29.0
15.0 12.0 15.0 144.7985 26.39979 64.48862 29.0
15.0 15.0 15.0 144.7985 26.39979 64.48862 3576.0
15.0 15.0 15.0 144.7985 26.39979 64.48862 3576.0
15.0 17.0 17.0 122.9619 11.05836 94.70207 773.0
15.0 17.0 15.0 144.7985 26.39979 64.48862 773.0
15.0 18.0 18.0 159.39716 24.99475 93.71812 777.0
15.0 18.0 15.0 144.7985 26.39979 64.48862 777.0
15.0 20.0 20.0 85.32053 53.70175 22.57913 3.0
15.0 20.0 15.0 144.7985 26.39979 64.48862 3.0
15.0 23.0 23.0 173.51649 43.63307 76.50589 629.0
15.0 23.0 15.0 144.7985 26.39979 64.48862 629.0
15.0 25.0 25.0 182.76724 64.70872 100.69893 5.0
15.0 25.0 15.0 144.7985 26.39979 64.48862 5.0
15.0 26.0 26.0 131.85202 45.13008 139.21016 5.0
15.0 26.0 15.0 144.7985 26.39979 64.48862 5.0
15.0 29.0 29.0 122.67804 20.70286 121.40809 55.0
15.0 29.0 15.0 144.7985 26.39979 64.48862 55.0
15.0 31.0 31.0 121.67411 39.35459 36.00734 1113.0
15.0 31.0 15.0 144.7985 26.39979 64.48862 1113.0
15.0 32.0 32.0 156.8703 89.22317 57.94563 274.0
15.0 32.0 15.0 144.7985 26.39979 64.48862 274.0
15.0 37.0 37.0 79.96458 11.08986 113.83742 4.0
15.0 37.0 15.0 144.7985 26.39979 64.48862 4.0
15.0 40.0 40.0 83.31642 23.55756 42.2604 5.0
15.0 40.0 15.0 144.7985 26.39979 64.48862 5.0
15.0 47.0 47.0 164.13328 62.67694 126.248 4.0
15.0 47.0 15.0 144.7985 26.39979 64.48862 4.0
16.0 0.0 0.0 55.11776 49.26228 142.14576 1106.0
16.0 0.0 16.0 37.04278 38.66416 124.38213 1106.0
16.0 2.0 2.0 27.68995 25.07585 88.19846 644.0
16.0 2.0 16.0 37.04278 38.66416 124.38213 644.0
16.0 3.0 3.0 83.10803 3.82683 87.90386 15.0
16.0 3.0 16.0 37.04278 38.66416 124.38213 15.0
16.0 4.0 4.0 72.16165 108.25894 139.81941 3.0
16.0 4.0 16.0 37.04278 38.66416 124.38213 3.0
16.0 6.0 6.0 5.4511 84.89068 74.3303 8.0
16.0 6.0 16.0 37.04278 38.66416 124.38213 8.0
16.0 11.0 11.0 48.27941 14.28221 56.41365 14.0
16.0 11.0 16.0 37.04278 38.66416 124.38213 14.0
16.0 16.0 16.0 37.04278 38.66416 124.38213 3057.0
16.0 16.0 16.0 37.04278 38.66416 124.38213 3057.0
16.0 22.0 22.0 25.16762 80.05511 119.53012 973.0
16.0 22.0 16.0 37.04278 38.66416 124.38213 973.0
16.0 27.0 27.0 18.73395 45.48823 103.87829 894.0
16.0 27.0 16.0 37.04278 38.66416 124.38213 894.0
16.0 28.0 28.0 83.60121 39.62465 143.42659 54.0
16.0 28.0 16.0 37.04278 38.66416 124.38213 54.0
16.0 33.0 33.0 97.58382 49.87722 149.23525 4.0
16.0 33.0 16.0 37.04278 38.66416 124.38213 4.0
16.0 36.0 36.0 51.12126 19.2865 119.3223 789.0
16.0 36.0 16.0 37.04278 38.66416 124.38213 789.0
16.0 37.0 37.0 79.96458 11.08986 113.83742 156.0
16.0 37.0 16.0 37.04278 38.66416 124.38213 156.0
16.0 38.0 38.0 88.63396 68.24513 152.64217 14.0
16.0 38.0 16.0 37.04278 38.66416 124.38213 14.0
16.0 42.0 42.0 56.46916 85.16518 144.91325 164.0
16.0 42.0 16.0 37.04278 38.66416 124.38213 164.0
16.0 44.0 44.0 70.61802 22.75207 131.42999 189.0
16.0 44.0 16.0 37.04278 38.66416 124.38213 189.0
17.0 3.0 3.0 83.10803 3.82683 87.90386 964.0
17.0 3.0 17.0 122.9619 11.05836 94.70207 964.0
17.0 7.0 7.0 121.75718 13.44807 56.95469 675.0
17.0 7.0 17.0 122.9619 11.05836 94.70207 675.0
17.0 10.0 10.0 97.42763 3.9848 61.33625 411.0
17.0 10.0 17.0 122.9619 11.05836 94.70207 411.0
17.0 15.0 15.0 144.7985 26.39979 64.48862 749.0
17.0 15.0 17.0 122.9619 11.05836 94.70207 749.0
17.0 17.0 17.0 122.9619 11.05836 94.70207 3851.0
17.0 17.0 17.0 122.9619 11.05836 94.70207 3851.0
17.0 18.0 18.0 159.39716 24.99475 93.71812 485.0
17.0 18.0 17.0 122.9619 11.05836 94.70207 485.0
17.0 19.0 19.0 66.65346 15.34285 45.8685 2.0
17.0 19.0 17.0 122.9619 11.05836 94.70207 2.0
17.0 23.0 23.0 173.51649 43.63307 76.50589 6.0
17.0 23.0 17.0 122.9619 11.05836 94.70207 6.0
17.0 26.0 26.0 131.85202 45.13008 139.21016 87.0
17.0 26.0 17.0 122.9619 11.05836 94.70207 87.0
17.0 28.0 28.0 83.60121 39.62465 143.42659 9.0
17.0 28.0 17.0 122.9619 11.05836 94.70207 9.0
17.0 29.0 29.0 122.67804 20.70286 121.40809 1158.0
17.0 29.0 17.0 122.9619 11.05836 94.70207 1158.0
17.0 31.0 31.0 121.67411 39.35459 36.00734 6.0
17.0 31.0 17.0 122.9619 11.05836 94.70207 6.0
17.0 32.0 32.0 156.8703 89.22317 57.94563 1.0
17.0 32.0 17.0 122.9619 11.05836 94.70207 1.0
17.0 33.0 33.0 97.58382 49.87722 149.23525 2.0
17.0 33.0 17.0 122.9619 11.05836 94.70207 2.0
17.0 37.0 37.0 79.96458 11.08986 113.83742 407.0
17.0 37.0 17.0 122.9619 11.05836 94.70207 407.0
17.0 40.0 40.0 83.31642 23.55756 42.2604 3.0
17.0 40.0 17.0 122.9619 11.05836 94.70207 3.0
17.0 44.0 44.0 70.61802 22.75207 131.42999 5.0
17.0 44.0 17.0 122.9619 11.05836 94.70207 5.0
17.0 45.0 45.0 35.11238 116.35557 28.53741 1.0
17.0 45.0 17.0 122.9619 11.05836 94.70207 1.0
17.0 47.0 47.0 164.13328 62.67694 126.248 25.0
17.0 47.0 17.0 122.9619 11.05836 94.70207 25.0
18.0 3.0 3.0 83.10803 3.82683 87.90386 2.0
18.0 3.0 18.0 159.39716 24.99475 93.71812 2.0
18.0 7.0 7.0 121.75718 13.44807 56.95469 42.0
18.0 7.0 18.0 159.39716 24.99475 93.71812 42.0
18.0 10.0 10.0 97.42763 3.9848 61.33625 4.0
18.0 10.0 18.0 159.39716 24.99475 93.71812 4.0
18.0 12.0 12.0 179.79593 86.4817 84.89473 19.0
18.0 12.0 18.0 159.39716 24.99475 93.71812 19.0
18.0 15.0 15.0 144.7985 26.39979 64.48862 829.0
18.0 15.0 18.0 159.39716 24.99475 93.71812 829.0
18.0 17.0 17.0 122.9619 11.05836 94.70207 534.0
18.0 17.0 18.0 159.39716 24.99475 93.71812 534.0
18.0 18.0 18.0 159.39716 24.99475 93.71812 2313.0
18.0 18.0 18.0 159.39716 24.99475 93.71812 2313.0
18.0 23.0 23.0 173.51649 43.63307 76.50589 790.0
18.0 23.0 18.0 159.39716 24.99475 93.71812 790.0
18.0 25.0 25.0 182.76724 64.70872 100.69893 105.0
18.0 25.0 18.0 159.39716 24.99475 93.71812 105.0
18.0 26.0 26.0 131.85202 45.13008 139.21016 201.0
18.0 26.0 18.0 159.39716 24.99475 93.71812 201.0
18.0 29.0 29.0 122.67804 20.70286 121.40809 414.0
18.0 29.0 18.0 159.39716 24.99475 93.71812 414.0
18.0 31.0 31.0 121.67411 39.35459 36.00734 11.0
18.0 31.0 18.0 159.39716 24.99475 93.71812 11.0
18.0 32.0 32.0 156.8703 89.22317 57.94563 12.0
18.0 32.0 18.0 159.39716 24.99475 93.71812 12.0
18.0 37.0 37.0 79.96458 11.08986 113.83742 3.0
18.0 37.0 18.0 159.39716 24.99475 93.71812 3.0
18.0 47.0 47.0 164.13328 62.67694 126.248 477.0
18.0 47.0 18.0 159.39716 24.99475 93.71812 477.0
19.0 1.0 1.0 66.45094 89.412 7.68623 21.0
19.0 1.0 19.0 66.65346 15.34285 45.8685 21.0
19.0 2.0 2.0 27.68995 25.07585 88.19846 12.0
19.0 2.0 19.0 66.65346 15.34285 45.8685 12.0
19.0 3.0 3.0 83.10803 3.82683 87.90386 385.0
19.0 3.0 19.0 66.65346 15.34285 45.8685 385.0
19.0 7.0 7.0 121.75718 13.44807 56.95469 12.0
19.0 7.0 19.0 66.65346 15.34285 45.8685 12.0
19.0 8.0 8.0 108.56689 85.34835 38.88592 1.0
19.0 8.0 19.0 66.65346 15.34285 45.8685 1.0
19.0 10.0 10.0 97.42763 3.9848 61.33625 444.0
19.0 10.0 19.0 66.65346 15.34285 45.8685 444.0
19.0 11.0 11.0 48.27941 14.28221 56.41365 1385.0
19.0 11.0 19.0 66.65346 15.34285 45.8685 1385.0
19.0 13.0 13.0 21.95054 31.01583 56.26084 50.0
19.0 13.0 19.0 66.65346 15.34285 45.8685 50.0
19.0 17.0 17.0 122.9619 11.05836 94.70207 3.0
19.0 17.0 19.0 66.65346 15.34285 45.8685 3.0
19.0 19.0 19.0 66.65346 15.34285 45.8685 1493.0
19.0 19.0 19.0 66.65346 15.34285 45.8685 1493.0
19.0 20.0 20.0 85.32053 53.70175 22.57913 487.0
19.0 20.0 19.0 66.65346 15.34285 45.8685 487.0
19.0 21.0 21.0 27.94531 77.84761 19.63591 13.0
19.0 21.0 19.0 66.65346 15.34285 45.8685 13.0
19.0 31.0 31.0 121.67411 39.35459 36.00734 31.0
19.0 31.0 19.0 66.65346 15.34285 45.8685 31.0
19.0 36.0 36.0 51.12126 19.2865 119.3223 1.0
19.0 36.0 19.0 66.65346 15.34285 45.8685 1.0
19.0 37.0 37.0 79.96458 11.08986 113.83742 20.0
19.0 37.0 19.0 66.65346 15.34285 45.8685 20.0
19.0 39.0 39.0 21.95335 50.02638 32.71121 177.0
19.0 39.0 19.0 66.65346 15.34285 45.8685 177.0
19.0 40.0 40.0 83.31642 23.55756 42.2604 1233.0
19.0 40.0 19.0 66.65346 15.34285 45.8685 1233.0
20.0 1.0 1.0 66.45094 89.412 7.68623 1592.0
20.0 1.0 20.0 85.32053 53.70175 22.57913 1592.0
20.0 7.0 7.0 121.75718 13.44807 56.95469 18.0
20.0 7.0 20.0 85.32053 53.70175 22.57913 18.0
20.0 8.0 8.0 108.56689 85.34835 38.88592 2713.0
20.0 8.0 20.0 85.32053 53.70175 22.57913 2713.0
20.0 10.0 10.0 97.42763 3.9848 61.33625 21.0
20.0 10.0 20.0 85.32053 53.70175 22.57913 21.0
20.0 11.0 11.0 48.27941 14.28221 56.41365 240.0
20.0 11.0 20.0 85.32053 53.70175 22.57913 240.0
20.0 12.0 12.0 179.79593 86.4817 84.89473 1.0
20.0 12.0 20.0 85.32053 53.70175 22.57913 1.0
20.0 13.0 13.0 21.95054 31.01583 56.26084 6.0
20.0 13.0 20.0 85.32053 53.70175 22.57913 6.0
20.0 14.0 14.0 128.5222 115.95931 40.43278 4.0
20.0 14.0 20.0 85.32053 53.70175 22.57913 4.0
20.0 15.0 15.0 144.7985 26.39979 64.48862 1.0
20.0 15.0 20.0 85.32053 53.70175 22.57913 1.0
20.0 19.0 19.0 66.65346 15.34285 45.8685 381.0
20.0 19.0 20.0 85.32053 53.70175 22.57913 381.0
20.0 20.0 20.0 85.32053 53.70175 22.57913 9349.0
20.0 20.0 20.0 85.32053 53.70175 22.57913 9349.0
20.0 21.0 21.0 27.94531 77.84761 19.63591 221.0
20.0 21.0 20.0 85.32053 53.70175 22.57913 221.0
20.0 31.0 31.0 121.67411 39.35459 36.00734 1647.0
20.0 31.0 20.0 85.32053 53.70175 22.57913 1647.0
20.0 32.0 32.0 156.8703 89.22317 57.94563 5.0
20.0 32.0 20.0 85.32053 53.70175 22.57913 5.0
20.0 39.0 39.0 21.95335 50.02638 32.71121 401.0
20.0 39.0 20.0 85.32053 53.70175 22.57913 401.0
20.0 40.0 40.0 83.31642 23.55756 42.2604 1318.0
20.0 40.0 20.0 85.32053 53.70175 22.57913 1318.0
20.0 45.0 45.0 35.11238 116.35557 28.53741 2.0
20.0 45.0 20.0 85.32053 53.70175 22.57913 2.0
20.0 46.0 46.0 114.88487 130.46147 52.96148 1.0
20.0 46.0 20.0 85.32053 53.70175 22.57913 1.0
21.0 1.0 1.0 66.45094 89.412 7.68623 1186.0
21.0 1.0 21.0 27.94531 77.84761 19.63591 1186.0
21.0 5.0 5.0 36.41364 130.18227 82.09322 9.0
21.0 5.0 21.0 27.94531 77.84761 19.63591 9.0
21.0 6.0 6.0 5.4511 84.89068 74.3303 595.0
21.0 6.0 21.0 27.94531 77.84761 19.63591 595.0
21.0 8.0 8.0 108.56689 85.34835 38.88592 5.0
21.0 8.0 21.0 27.94531 77.84761 19.63591 5.0
21.0 11.0 11.0 48.27941 14.28221 56.41365 33.0
21.0 11.0 21.0 27.94531 77.84761 19.63591 33.0
21.0 13.0 13.0 21.95054 31.01583 56.26084 13.0
21.0 13.0 21.0 27.94531 77.84761 19.63591 13.0
21.0 19.0 19.0 66.65346 15.34285 45.8685 15.0
21.0 19.0 21.0 27.94531 77.84761 19.63591 15.0
21.0 20.0 20.0 85.32053 53.70175 22.57913 265.0
21.0 20.0 21.0 27.94531 77.84761 19.63591 265.0
21.0 21.0 21.0 27.94531 77.84761 19.63591 4349.0
21.0 21.0 21.0 27.94531 77.84761 19.63591 4349.0
21.0 39.0 39.0 21.95335 50.02638 32.71121 1784.0
21.0 39.0 21.0 27.94531 77.84761 19.63591 1784.0
21.0 40.0 40.0 83.31642 23.55756 42.2604 4.0
21.0 40.0 21.0 27.94531 77.84761 19.63591 4.0
21.0 45.0 45.0 35.11238 116.35557 28.53741 1495.0
21.0 45.0 21.0 27.94531 77.84761 19.63591 1495.0
22.0 0.0 0.0 55.11776 49.26228 142.14576 548.0
22.0 0.0 22.0 25.16762 80.05511 119.53012 548.0
22.0 2.0 2.0 27.68995 25.07585 88.19846 75.0
22.0 2.0 22.0 25.16762 80.05511 119.53012 75.0
22.0 4.0 4.0 72.16165 108.25894 139.81941 391.0
22.0 4.0 22.0 25.16762 80.05511 119.53012 391.0
22.0 5.0 5.0 36.41364 130.18227 82.09322 978.0
22.0 5.0 22.0 25.16762 80.05511 119.53012 978.0
22.0 6.0 6.0 5.4511 84.89068 74.3303 1506.0
22.0 6.0 22.0 25.16762 80.05511 119.53012 1506.0
22.0 13.0 13.0 21.95054 31.01583 56.26084 5.0
22.0 13.0 22.0 25.16762 80.05511 119.53012 5.0
22.0 16.0 16.0 37.04278 38.66416 124.38213 919.0
22.0 16.0 22.0 25.16762 80.05511 119.53012 919.0
22.0 22.0 22.0 25.16762 80.05511 119.53012 10091.0
22.0 22.0 22.0 25.16762 80.05511 119.53012 10091.0
22.0 24.0 24.0 107.82526 87.20598 149.12052 1.0
22.0 24.0 22.0 25.16762 80.05511 119.53012 1.0
22.0 27.0 27.0 18.73395 45.48823 103.87829 1097.0
22.0 27.0 22.0 25.16762 80.05511 119.53012 1097.0
22.0 28.0 28.0 83.60121 39.62465 143.42659 28.0
22.0 28.0 22.0 25.16762 80.05511 119.53012 28.0
22.0 33.0 33.0 97.58382 49.87722 149.23525 3.0
22.0 33.0 22.0 25.16762 80.05511 119.53012 3.0
22.0 36.0 36.0 51.12126 19.2865 119.3223 13.0
22.0 36.0 22.0 25.16762 80.05511 119.53012 13.0
22.0 37.0 37.0 79.96458 11.08986 113.83742 1.0
22.0 37.0 22.0 25.16762 80.05511 119.53012 1.0
22.0 38.0 38.0 88.63396 68.24513 152.64217 29.0
22.0 38.0 22.0 25.16762 80.05511 119.53012 29.0
22.0 39.0 39.0 21.95335 50.02638 32.71121 1.0
22.0 39.0 22.0 25.16762 80.05511 119.53012 1.0
22.0 41.0 41.0 59.62292 125.66567 122.67967 672.0
22.0 41.0 22.0 25.16762 80.05511 119.53012 672.0
22.0 42.0 42.0 56.46916 85.16518 144.91325 1476.0
22.0 42.0 22.0 25.16762 80.05511 119.53012 1476.0
22.0 44.0 44.0 70.61802 22.75207 131.42999 1.0
22.0 44.0 22.0 25.16762 80.05511 119.53012 1.0
23.0 7.0 7.0 121.75718 13.44807 56.95469 23.0
23.0 7.0 23.0 173.51649 43.63307 76.50589 23.0
23.0 8.0 8.0 108.56689 85.34835 38.88592 13.0
23.0 8.0 23.0 173.51649 43.63307 76.50589 13.0
23.0 12.0 12.0 179.79593 86.4817 84.89473 506.0
23.0 12.0 23.0 173.51649 43.63307 76.50589 506.0
23.0 15.0 15.0 144.7985 26.39979 64.48862 645.0
23.0 15.0 23.0 173.51649 43.63307 76.50589 645.0
23.0 17.0 17.0 122.9619 11.05836 94.70207 23.0
23.0 17.0 23.0 173.51649 43.63307 76.50589 23.0
23.0 18.0 18.0 159.39716 24.99475 93.71812 838.0
23.0 18.0 23.0 173.51649 43.63307 76.50589 838.0
23.0 23.0 23.0 173.51649 43.63307 76.50589 2265.0
23.0 23.0 23.0 173.51649 43.63307 76.50589 2265.0
23.0 25.0 25.0 182.76724 64.70872 100.69893 567.0
23.0 25.0 23.0 173.51649 43.63307 76.50589 567.0
23.0 26.0 26.0 131.85202 45.13008 139.21016 10.0
23.0 26.0 23.0 173.51649 43.63307 76.50589 10.0
23.0 29.0 29.0 122.67804 20.70286 121.40809 13.0
23.0 29.0 23.0 173.51649 43.63307 76.50589 13.0
23.0 31.0 31.0 121.67411 39.35459 36.00734 117.0
23.0 31.0 23.0 173.51649 43.63307 76.50589 117.0
23.0 32.0 32.0 156.8703 89.22317 57.94563 411.0
23.0 32.0 23.0 173.51649 43.63307 76.50589 411.0
23.0 37.0 37.0 79.96458 11.08986 113.83742 1.0
23.0 37.0 23.0 173.51649 43.63307 76.50589 1.0
23.0 47.0 47.0 164.13328 62.67694 126.248 291.0
23.0 47.0 23.0 173.51649 43.63307 76.50589 291.0
24.0 0.0 0.0 55.11776 49.26228 142.14576 10.0
24.0 0.0 24.0 107.82526 87.20598 149.12052 10.0
24.0 4.0 4.0 72.16165 108.25894 139.81941 1324.0
24.0 4.0 24.0 107.82526 87.20598 149.12052 1324.0
24.0 9.0 9.0 78.36652 140.09029 102.31884 18.0
24.0 9.0 24.0 107.82526 87.20598 149.12052 18.0
24.0 22.0 22.0 25.16762 80.05511 119.53012 1.0
24.0 22.0 24.0 107.82526 87.20598 149.12052 1.0
24.0 24.0 24.0 107.82526 87.20598 149.12052 6525.0
24.0 24.0 24.0 107.82526 87.20598 149.12052 6525.0
24.0 26.0 26.0 131.85202 45.13008 139.21016 767.0
24.0 26.0 24.0 107.82526 87.20598 149.12052 767.0
24.0 28.0 28.0 83.60121 39.62465 143.42659 46.0
24.0 28.0 24.0 107.82526 87.20598 149.12052 46.0
24.0 29.0 29.0 122.67804 20.70286 121.40809 6.0
24.0 29.0 24.0 107.82526 87.20598 149.12052 6.0
24.0 30.0 30.0 88.69327 139.84383 62.86519 1.0
24.0 30.0 24.0 107.82526 87.20598 149.12052 1.0
24.0 33.0 33.0 97.58382 49.87722 149.23525 402.0
24.0 33.0 24.0 107.82526 87.20598 149.12052 402.0
24.0 34.0 34.0 127.72732 111.25263 129.58138 2114.0
24.0 34.0 24.0 107.82526 87.20598 149.12052 2114.0
24.0 35.0 35.0 147.53924 121.28255 95.6782 4.0
24.0 35.0 24.0 107.82526 87.20598 149.12052 4.0
24.0 38.0 38.0 88.63396 68.24513 152.64217 1457.0
24.0 38.0 24.0 107.82526 87.20598 149.12052 1457.0
24.0 41.0 41.0 59.62292 125.66567 122.67967 90.0
24.0 41.0 24.0 107.82526 87.20598 149.12052 90.0
24.0 42.0 42.0 56.46916 85.16518 144.91325 468.0
24.0 42.0 24.0 107.82526 87.20598 149.12052 468.0
24.0 43.0 43.0 102.29606 137.48371 99.63181 6.0
24.0 43.0 24.0 107.82526 87.20598 149.12052 6.0
24.0 44.0 44.0 70.61802 22.75207 131.42999 1.0
24.0 44.0 24.0 107.82526 87.20598 149.12052 1.0
24.0 47.0 47.0 164.13328 62.67694 126.248 194.0
24.0 47.0 24.0 107.82526 87.20598 149.12052 194.0
25.0 7.0 7.0 121.75718 13.44807 56.95469 1.0
25.0 7.0 25.0 182.76724 64.70872 100.69893 1.0
25.0 8.0 8.0 108.56689 85.34835 38.88592 1.0
25.0 8.0 25.0 182.76724 64.70872 100.69893 1.0
25.0 12.0 12.0 179.79593 86.4817 84.89473 999.0
25.0 12.0 25.0 182.76724 64.70872 100.69893 999.0
25.0 15.0 15.0 144.7985 26.39979 64.48862 7.0
25.0 15.0 25.0 182.76724 64.70872 100.69893 7.0
25.0 18.0 18.0 159.39716 24.99475 93.71812 107.0
25.0 18.0 25.0 182.76724 64.70872 100.69893 107.0
25.0 23.0 23.0 173.51649 43.63307 76.50589 580.0
25.0 23.0 25.0 182.76724 64.70872 100.69893 580.0
25.0 25.0 25.0 182.76724 64.70872 100.69893 1541.0
25.0 25.0 25.0 182.76724 64.70872 100.69893 1541.0
25.0 26.0 26.0 131.85202 45.13008 139.21016 11.0
25.0 26.0 25.0 182.76724 64.70872 100.69893 11.0
25.0 29.0 29.0 122.67804 20.70286 121.40809 1.0
25.0 29.0 25.0 182.76724 64.70872 100.69893 1.0
25.0 31.0 31.0 121.67411 39.35459 36.00734 2.0
25.0 31.0 25.0 182.76724 64.70872 100.69893 2.0
25.0 32.0 32.0 156.8703 89.22317 57.94563 54.0
25.0 32.0 25.0 182.76724 64.70872 100.69893 54.0
25.0 34.0 34.0 127.72732 111.25263 129.58138 29.0
25.0 34.0 25.0 182.76724 64.70872 100.69893 29.0
25.0 35.0 35.0 147.53924 121.28255 95.6782 80.0
25.0 35.0 25.0 182.76724 64.70872 100.69893 80.0
25.0 46.0 46.0 114.88487 130.46147 52.96148 1.0
25.0 46.0 25.0 182.76724 64.70872 100.69893 1.0
25.0 47.0 47.0 164.13328 62.67694 126.248 984.0
25.0 47.0 25.0 182.76724 64.70872 100.69893 984.0
26.0 0.0 0.0 55.11776 49.26228 142.14576 1.0
26.0 0.0 26.0 131.85202 45.13008 139.21016 1.0
26.0 3.0 3.0 83.10803 3.82683 87.90386 4.0
26.0 3.0 26.0 131.85202 45.13008 139.21016 4.0
26.0 15.0 15.0 144.7985 26.39979 64.48862 6.0
26.0 15.0 26.0 131.85202 45.13008 139.21016 6.0
26.0 17.0 17.0 122.9619 11.05836 94.70207 124.0
26.0 17.0 26.0 131.85202 45.13008 139.21016 124.0
26.0 18.0 18.0 159.39716 24.99475 93.71812 181.0
26.0 18.0 26.0 131.85202 45.13008 139.21016 181.0
26.0 23.0 23.0 173.51649 43.63307 76.50589 3.0
26.0 23.0 26.0 131.85202 45.13008 139.21016 3.0
26.0 24.0 24.0 107.82526 87.20598 149.12052 841.0
26.0 24.0 26.0 131.85202 45.13008 139.21016 841.0
26.0 25.0 25.0 182.76724 64.70872 100.69893 9.0
26.0 25.0 26.0 131.85202 45.13008 139.21016 9.0
26.0 26.0 26.0 131.85202 45.13008 139.21016 5996.0
26.0 26.0 26.0 131.85202 45.13008 139.21016 5996.0
26.0 28.0 28.0 83.60121 39.62465 143.42659 365.0
26.0 28.0 26.0 131.85202 45.13008 139.21016 365.0
26.0 29.0 29.0 122.67804 20.70286 121.40809 1512.0
26.0 29.0 26.0 131.85202 45.13008 139.21016 1512.0
26.0 33.0 33.0 97.58382 49.87722 149.23525 859.0
26.0 33.0 26.0 131.85202 45.13008 139.21016 859.0
26.0 34.0 34.0 127.72732 111.25263 129.58138 272.0
26.0 34.0 26.0 131.85202 45.13008 139.21016 272.0
26.0 35.0 35.0 147.53924 121.28255 95.6782 4.0
26.0 35.0 26.0 131.85202 45.13008 139.21016 4.0
26.0 37.0 37.0 79.96458 11.08986 113.83742 90.0
26.0 37.0 26.0 131.85202 45.13008 139.21016 90.0
26.0 38.0 38.0 88.63396 68.24513 152.64217 318.0
26.0 38.0 26.0 131.85202 45.13008 139.21016 318.0
26.0 44.0 44.0 70.61802 22.75207 131.42999 20.0
26.0 44.0 26.0 131.85202 45.13008 139.21016 20.0
26.0 47.0 47.0 164.13328 62.67694 126.248 1412.0
26.0 47.0 26.0 131.85202 45.13008 139.21016 1412.0
27.0 0.0 0.0 55.11776 49.26228 142.14576 49.0
27.0 0.0 27.0 18.73395 45.48823 103.87829 49.0
27.0 2.0 2.0 27.68995 25.07585 88.19846 1264.0
27.0 2.0 27.0 18.73395 45.48823 103.87829 1264.0
27.0 3.0 3.0 83.10803 3.82683 87.90386 1.0
27.0 3.0 27.0 18.73395 45.48823 103.87829 1.0
27.0 5.0 5.0 36.41364 130.18227 82.09322 1.0
27.0 5.0 27.0 18.73395 45.48823 103.87829 1.0
27.0 6.0 6.0 5.4511 84.89068 74.3303 616.0
27.0 6.0 27.0 18.73395 45.48823 103.87829 616.0
27.0 11.0 11.0 48.27941 14.28221 56.41365 15.0
27.0 11.0 27.0 18.73395 45.48823 103.87829 15.0
27.0 13.0 13.0 21.95054 31.01583 56.26084 101.0
27.0 13.0 27.0 18.73395 45.48823 103.87829 101.0
27.0 16.0 16.0 37.04278 38.66416 124.38213 962.0
27.0 16.0 27.0 18.73395 45.48823 103.87829 962.0
27.0 19.0 19.0 66.65346 15.34285 45.8685 1.0
27.0 19.0 27.0 18.73395 45.48823 103.87829 1.0
27.0 22.0 22.0 25.16762 80.05511 119.53012 1146.0
27.0 22.0 27.0 18.73395 45.48823 103.87829 1146.0
27.0 27.0 27.0 18.73395 45.48823 103.87829 2330.0
27.0 27.0 27.0 18.73395 45.48823 103.87829 2330.0
27.0 36.0 36.0 51.12126 19.2865 119.3223 88.0
27.0 36.0 27.0 18.73395 45.48823 103.87829 88.0
27.0 37.0 37.0 79.96458 11.08986 113.83742 10.0
27.0 37.0 27.0 18.73395 45.48823 103.87829 10.0
27.0 39.0 39.0 21.95335 50.02638 32.71121 31.0
27.0 39.0 27.0 18.73395 45.48823 103.87829 31.0
27.0 42.0 42.0 56.46916 85.16518 144.91325 3.0
27.0 42.0 27.0 18.73395 45.48823 103.87829 3.0
27.0 44.0 44.0 70.61802 22.75207 131.42999 7.0
27.0 44.0 27.0 18.73395 45.48823 103.87829 7.0
28.0 0.0 0.0 55.11776 49.26228 142.14576 923.0
28.0 0.0 28.0 83.60121 39.62465 143.42659 923.0
28.0 3.0 3.0 83.10803 3.82683 87.90386 10.0
28.0 3.0 28.0 83.60121 39.62465 143.42659 10.0
28.0 4.0 4.0 72.16165 108.25894 139.81941 4.0
28.0 4.0 28.0 83.60121 39.62465 143.42659 4.0
28.0 16.0 16.0 37.04278 38.66416 124.38213 51.0
28.0 16.0 28.0 83.60121 39.62465 143.42659 51.0
28.0 17.0 17.0 122.9619 11.05836 94.70207 11.0
28.0 17.0 28.0 83.60121 39.62465 143.42659 11.0
28.0 22.0 22.0 25.16762 80.05511 119.53012 22.0
28.0 22.0 28.0 83.60121 39.62465 143.42659 22.0
28.0 24.0 24.0 107.82526 87.20598 149.12052 49.0
28.0 24.0 28.0 83.60121 39.62465 143.42659 49.0
28.0 26.0 26.0 131.85202 45.13008 139.21016 365.0
28.0 26.0 28.0 83.60121 39.62465 143.42659 365.0
28.0 28.0 28.0 83.60121 39.62465 143.42659 2287.0
28.0 28.0 28.0 83.60121 39.62465 143.42659 2287.0
28.0 29.0 29.0 122.67804 20.70286 121.40809 348.0
28.0 29.0 28.0 83.60121 39.62465 143.42659 348.0
28.0 33.0 33.0 97.58382 49.87722 149.23525 1247.0
28.0 33.0 28.0 83.60121 39.62465 143.42659 1247.0
28.0 36.0 36.0 51.12126 19.2865 119.3223 68.0
28.0 36.0 28.0 83.60121 39.62465 143.42659 68.0
28.0 37.0 37.0 79.96458 11.08986 113.83742 566.0
28.0 37.0 28.0 83.60121 39.62465 143.42659 566.0
28.0 38.0 38.0 88.63396 68.24513 152.64217 524.0
28.0 38.0 28.0 83.60121 39.62465 143.42659 524.0
28.0 42.0 42.0 56.46916 85.16518 144.91325 169.0
28.0 42.0 28.0 83.60121 39.62465 143.42659 169.0
28.0 44.0 44.0 70.61802 22.75207 131.42999 697.0
28.0 44.0 28.0 83.60121 39.62465 143.42659 697.0
28.0 47.0 47.0 164.13328 62.67694 126.248 2.0
28.0 47.0 28.0 83.60121 39.62465 143.42659 2.0
29.0 0.0 0.0 55.11776 49.26228 142.14576 2.0
29.0 0.0 29.0 122.67804 20.70286 121.40809 2.0
29.0 3.0 3.0 83.10803 3.82683 87.90386 183.0
29.0 3.0 29.0 122.67804 20.70286 121.40809 183.0
29.0 7.0 7.0 121.75718 13.44807 56.95469 19.0
29.0 7.0 29.0 122.67804 20.70286 121.40809 19.0
29.0 10.0 10.0 97.42763 3.9848 61.33625 8.0
29.0 10.0 29.0 122.67804 20.70286 121.40809 8.0
29.0 15.0 15.0 144.7985 26.39979 64.48862 58.0
29.0 15.0 29.0 122.67804 20.70286 121.40809 58.0
29.0 17.0 17.0 122.9619 11.05836 94.70207 1292.0
29.0 17.0 29.0 122.67804 20.70286 121.40809 1292.0
29.0 18.0 18.0 159.39716 24.99475 93.71812 401.0
29.0 18.0 29.0 122.67804 20.70286 121.40809 401.0
29.0 23.0 23.0 173.51649 43.63307 76.50589 13.0
29.0 23.0 29.0 122.67804 20.70286 121.40809 13.0
29.0 24.0 24.0 107.82526 87.20598 149.12052 2.0
29.0 24.0 29.0 122.67804 20.70286 121.40809 2.0
29.0 26.0 26.0 131.85202 45.13008 139.21016 1527.0
29.0 26.0 29.0 122.67804 20.70286 121.40809 1527.0
29.0 28.0 28.0 83.60121 39.62465 143.42659 333.0
29.0 28.0 29.0 122.67804 20.70286 121.40809 333.0
29.0 29.0 29.0 122.67804 20.70286 121.40809 3432.0
29.0 29.0 29.0 122.67804 20.70286 121.40809 3432.0
29.0 33.0 33.0 97.58382 49.87722 149.23525 142.0
29.0 33.0 29.0 122.67804 20.70286 121.40809 142.0
29.0 36.0 36.0 51.12126 19.2865 119.3223 2.0
29.0 36.0 29.0 122.67804 20.70286 121.40809 2.0
29.0 37.0 37.0 79.96458 11.08986 113.83742 839.0
29.0 37.0 29.0 122.67804 20.70286 121.40809 839.0
29.0 38.0 38.0 88.63396 68.24513 152.64217 8.0
29.0 38.0 29.0 122.67804 20.70286 121.40809 8.0
29.0 44.0 44.0 70.61802 22.75207 131.42999 79.0
29.0 44.0 29.0 122.67804 20.70286 121.40809 79.0
29.0 47.0 47.0 164.13328 62.67694 126.248 182.0
29.0 47.0 29.0 122.67804 20.70286 121.40809 182.0
30.0 1.0 1.0 66.45094 89.412 7.68623 262.0
30.0 1.0 30.0 88.69327 139.84383 62.86519 262.0
30.0 5.0 5.0 36.41364 130.18227 82.09322 1389.0
30.0 5.0 30.0 88.69327 139.84383 62.86519 1389.0
30.0 8.0 8.0 108.56689 85.34835 38.88592 492.0
30.0 8.0 30.0 88.69327 139.84383 62.86519 492.0
30.0 9.0 9.0 78.36652 140.09029 102.31884 935.0
30.0 9.0 30.0 88.69327 139.84383 62.86519 935.0
30.0 14.0 14.0 128.5222 115.95931 40.43278 221.0
30.0 14.0 30.0 88.69327 139.84383 62.86519 221.0
30.0 30.0 30.0 88.69327 139.84383 62.86519 11013.0
30.0 30.0 30.0 88.69327 139.84383 62.86519 11013.0
30.0 32.0 32.0 156.8703 89.22317 57.94563 4.0
30.0 32.0 30.0 88.69327 139.84383 62.86519 4.0
30.0 34.0 34.0 127.72732 111.25263 129.58138 73.0
30.0 34.0 30.0 88.69327 139.84383 62.86519 73.0
30.0 35.0 35.0 147.53924 121.28255 95.6782 617.0
30.0 35.0 30.0 88.69327 139.84383 62.86519 617.0
30.0 41.0 41.0 59.62292 125.66567 122.67967 23.0
30.0 41.0 30.0 88.69327 139.84383 62.86519 23.0
30.0 43.0 43.0 102.29606 137.48371 99.63181 1646.0
30.0 43.0 30.0 88.69327 139.84383 62.86519 1646.0
30.0 45.0 45.0 35.11238 116.35557 28.53741 593.0
30.0 45.0 30.0 88.69327 139.84383 62.86519 593.0
30.0 46.0 46.0 114.88487 130.46147 52.96148 2763.0
30.0 46.0 30.0 88.69327 139.84383 62.86519 2763.0
31.0 1.0 1.0 66.45094 89.412 7.68623 4.0
31.0 1.0 31.0 121.67411 39.35459 36.00734 4.0
31.0 3.0 3.0 83.10803 3.82683 87.90386 3.0
31.0 3.0 31.0 121.67411 39.35459 36.00734 3.0
31.0 7.0 7.0 121.75718 13.44807 56.95469 1325.0
31.0 7.0 31.0 121.67411 39.35459 36.00734 1325.0
31.0 8.0 8.0 108.56689 85.34835 38.88592 1782.0
31.0 8.0 31.0 121.67411 39.35459 36.00734 1782.0
31.0 10.0 10.0 97.42763 3.9848 61.33625 303.0
31.0 10.0 31.0 121.67411 39.35459 36.00734 303.0
31.0 11.0 11.0 48.27941 14.28221 56.41365 2.0
31.0 11.0 31.0 121.67411 39.35459 36.00734 2.0
31.0 12.0 12.0 179.79593 86.4817 84.89473 8.0
31.0 12.0 31.0 121.67411 39.35459 36.00734 8.0
31.0 14.0 14.0 128.5222 115.95931 40.43278 4.0
31.0 14.0 31.0 121.67411 39.35459 36.00734 4.0
31.0 15.0 15.0 144.7985 26.39979 64.48862 1098.0
31.0 15.0 31.0 121.67411 39.35459 36.00734 1098.0
31.0 17.0 17.0 122.9619 11.05836 94.70207 6.0
31.0 17.0 31.0 121.67411 39.35459 36.00734 6.0
31.0 18.0 18.0 159.39716 24.99475 93.71812 19.0
31.0 18.0 31.0 121.67411 39.35459 36.00734 19.0
31.0 19.0 19.0 66.65346 15.34285 45.8685 25.0
31.0 19.0 31.0 121.67411 39.35459 36.00734 25.0
31.0 20.0 20.0 85.32053 53.70175 22.57913 1757.0
31.0 20.0 31.0 121.67411 39.35459 36.00734 1757.0
31.0 23.0 23.0 173.51649 43.63307 76.50589 92.0
31.0 23.0 31.0 121.67411 39.35459 36.00734 92.0
31.0 31.0 31.0 121.67411 39.35459 36.00734 8359.0
31.0 31.0 31.0 121.67411 39.35459 36.00734 8359.0
31.0 32.0 32.0 156.8703 89.22317 57.94563 426.0
31.0 32.0 31.0 121.67411 39.35459 36.00734 426.0
31.0 40.0 40.0 83.31642 23.55756 42.2604 832.0
31.0 40.0 31.0 121.67411 39.35459 36.00734 832.0
32.0 7.0 7.0 121.75718 13.44807 56.95469 4.0
32.0 7.0 32.0 156.8703 89.22317 57.94563 4.0
32.0 8.0 8.0 108.56689 85.34835 38.88592 1400.0
32.0 8.0 32.0 156.8703 89.22317 57.94563 1400.0
32.0 12.0 12.0 179.79593 86.4817 84.89473 1331.0
32.0 12.0 32.0 156.8703 89.22317 57.94563 1331.0
32.0 14.0 14.0 128.5222 115.95931 40.43278 1198.0
32.0 14.0 32.0 156.8703 89.22317 57.94563 1198.0
32.0 15.0 15.0 144.7985 26.39979 64.48862 300.0
32.0 15.0 32.0 156.8703 89.22317 57.94563 300.0
32.0 18.0 18.0 159.39716 24.99475 93.71812 12.0
32.0 18.0 32.0 156.8703 89.22317 57.94563 12.0
32.0 20.0 20.0 85.32053 53.70175 22.57913 6.0
32.0 20.0 32.0 156.8703 89.22317 57.94563 6.0
32.0 23.0 23.0 173.51649 43.63307 76.50589 394.0
32.0 23.0 32.0 156.8703 89.22317 57.94563 394.0
32.0 25.0 25.0 182.76724 64.70872 100.69893 57.0
32.0 25.0 32.0 156.8703 89.22317 57.94563 57.0
32.0 30.0 30.0 88.69327 139.84383 62.86519 7.0
32.0 30.0 32.0 156.8703 89.22317 57.94563 7.0
32.0 31.0 31.0 121.67411 39.35459 36.00734 444.0
32.0 31.0 32.0 156.8703 89.22317 57.94563 444.0
32.0 32.0 32.0 156.8703 89.22317 57.94563 6636.0
32.0 32.0 32.0 156.8703 89.22317 57.94563 6636.0
32.0 34.0 34.0 127.72732 111.25263 129.58138 3.0
32.0 34.0 32.0 156.8703 89.22317 57.94563 3.0
32.0 35.0 35.0 147.53924 121.28255 95.6782 788.0
32.0 35.0 32.0 156.8703 89.22317 57.94563 788.0
32.0 46.0 46.0 114.88487 130.46147 52.96148 291.0
32.0 46.0 32.0 156.8703 89.22317 57.94563 291.0
32.0 47.0 47.0 164.13328 62.67694 126.248 2.0
32.0 47.0 32.0 156.8703 89.22317 57.94563 2.0
33.0 0.0 0.0 55.11776 49.26228 142.14576 218.0
33.0 0.0 33.0 97.58382 49.87722 149.23525 218.0
33.0 4.0 4.0 72.16165 108.25894 139.81941 5.0
33.0 4.0 33.0 97.58382 49.87722 149.23525 5.0
33.0 16.0 16.0 37.04278 38.66416 124.38213 1.0
33.0 16.0 33.0 97.58382 49.87722 149.23525 1.0
33.0 17.0 17.0 122.9619 11.05836 94.70207 3.0
33.0 17.0 33.0 97.58382 49.87722 149.23525 3.0
33.0 18.0 18.0 159.39716 24.99475 93.71812 1.0
33.0 18.0 33.0 97.58382 49.87722 149.23525 1.0
33.0 22.0 22.0 25.16762 80.05511 119.53012 2.0
33.0 22.0 33.0 97.58382 49.87722 149.23525 2.0
33.0 24.0 24.0 107.82526 87.20598 149.12052 450.0
33.0 24.0 33.0 97.58382 49.87722 149.23525 450.0
33.0 26.0 26.0 131.85202 45.13008 139.21016 891.0
33.0 26.0 33.0 97.58382 49.87722 149.23525 891.0
33.0 28.0 28.0 83.60121 39.62465 143.42659 1216.0
33.0 28.0 33.0 97.58382 49.87722 149.23525 1216.0
33.0 29.0 29.0 122.67804 20.70286 121.40809 167.0
33.0 29.0 33.0 97.58382 49.87722 149.23525 167.0
33.0 33.0 33.0 97.58382 49.87722 149.23525 1902.0
33.0 33.0 33.0 97.58382 49.87722 149.23525 1902.0
33.0 34.0 34.0 127.72732 111.25263 129.58138 3.0
33.0 34.0 33.0 97.58382 49.87722 149.23525 3.0
33.0 36.0 36.0 51.12126 19.2865 119.3223 4.0
33.0 36.0 33.0 97.58382 49.87722 149.23525 4.0
33.0 37.0 37.0 79.96458 11.08986 113.83742 73.0
33.0 37.0 33.0 97.58382 49.87722 149.23525 73.0
33.0 38.0 38.0 88.63396 68.24513 152.64217 1149.0
33.0 38.0 33.0 97.58382 49.87722 149.23525 1149.0
33.0 42.0 42.0 56.46916 85.16518 144.91325 106.0
33.0 42.0 33.0 97.58382 49.87722 149.23525 106.0
33.0 44.0 44.0 70.61802 22.75207 131.42999 115.0
33.0 44.0 33.0 97.58382 49.87722 149.23525 115.0
33.0 47.0 47.0 164.13328 62.67694 126.248 3.0
33.0 47.0 33.0 97.58382 49.87722 149.23525 3.0
34.0 4.0 4.0 72.16165 108.25894 139.81941 777.0
34.0 4.0 34.0 127.72732 111.25263 129.58138 777.0
34.0 9.0 9.0 78.36652 140.09029 102.31884 449.0
34.0 9.0 34.0 127.72732 111.25263 129.58138 449.0
34.0 12.0 12.0 179.79593 86.4817 84.89473 84.0
34.0 12.0 34.0 127.72732 111.25263 129.58138 84.0
34.0 14.0 14.0 128.5222 115.95931 40.43278 1.0
34.0 14.0 34.0 127.72732 111.25263 129.58138 1.0
34.0 24.0 24.0 107.82526 87.20598 149.12052 2123.0
34.0 24.0 34.0 127.72732 111.25263 129.58138 2123.0
34.0 25.0 25.0 182.76724 64.70872 100.69893 29.0
34.0 25.0 34.0 127.72732 111.25263 129.58138 29.0
34.0 26.0 26.0 131.85202 45.13008 139.21016 295.0
34.0 26.0 34.0 127.72732 111.25263 129.58138 295.0
34.0 30.0 30.0 88.69327 139.84383 62.86519 74.0
34.0 30.0 34.0 127.72732 111.25263 129.58138 74.0
34.0 32.0 32.0 156.8703 89.22317 57.94563 4.0
34.0 32.0 34.0 127.72732 111.25263 129.58138 4.0
34.0 33.0 33.0 97.58382 49.87722 149.23525 11.0
34.0 33.0 34.0 127.72732 111.25263 129.58138 11.0
34.0 34.0 34.0 127.72732 111.25263 129.58138 12626.0
34.0 34.0 34.0 127.72732 111.25263 129.58138 12626.0
34.0 35.0 35.0 147.53924 121.28255 95.6782 2126.0
34.0 35.0 34.0 127.72732 111.25263 129.58138 2126.0
34.0 38.0 38.0 88.63396 68.24513 152.64217 31.0
34.0 38.0 34.0 127.72732 111.25263 129.58138 31.0
34.0 41.0 41.0 59.62292 125.66567 122.67967 383.0
34.0 41.0 34.0 127.72732 111.25263 129.58138 383.0
34.0 42.0 42.0 56.46916 85.16518 144.91325 11.0
34.0 42.0 34.0 127.72732 111.25263 129.58138 11.0
34.0 43.0 43.0 102.29606 137.48371 99.63181 1204.0
34.0 43.0 34.0 127.72732 111.25263 129.58138 1204.0
34.0 46.0 46.0 114.88487 130.46147 52.96148 15.0
34.0 46.0 34.0 127.72732 111.25263 129.58138 15.0
34.0 47.0 47.0 164.13328 62.67694 126.248 941.0
34.0 47.0 34.0 127.72732 111.25263 129.58138 941.0
35.0 4.0 4.0 72.16165 108.25894 139.81941 2.0
35.0 4.0 35.0 147.53924 121.28255 95.6782 2.0
35.0 8.0 8.0 108.56689 85.34835 38.88592 6.0
35.0 8.0 35.0 147.53924 121.28255 95.6782 6.0
35.0 9.0 9.0 78.36652 140.09029 102.31884 31.0
35.0 9.0 35.0 147.53924 121.28255 95.6782 31.0
35.0 12.0 12.0 179.79593 86.4817 84.89473 997.0
35.0 12.0 35.0 147.53924 121.28255 95.6782 997.0
35.0 14.0 14.0 128.5222 115.95931 40.43278 267.0
35.0 14.0 35.0 147.53924 121.28255 95.6782 267.0
35.0 24.0 24.0 107.82526 87.20598 149.12052 5.0
35.0 24.0 35.0 147.53924 121.28255 95.6782 5.0
35.0 25.0 25.0 182.76724 64.70872 100.69893 84.0
35.0 25.0 35.0 147.53924 121.28255 95.6782 84.0
35.0 26.0 26.0 131.85202 45.13008 139.21016 1.0
35.0 26.0 35.0 147.53924 121.28255 95.6782 1.0
35.0 28.0 28.0 83.60121 39.62465 143.42659 1.0
35.0 28.0 35.0 147.53924 121.28255 95.6782 1.0
35.0 30.0 30.0 88.69327 139.84383 62.86519 627.0
35.0 30.0 35.0 147.53924 121.28255 95.6782 627.0
35.0 32.0 32.0 156.8703 89.22317 57.94563 739.0
35.0 32.0 35.0 147.53924 121.28255 95.6782 739.0
35.0 34.0 34.0 127.72732 111.25263 129.58138 2126.0
35.0 34.0 35.0 147.53924 121.28255 95.6782 2126.0
35.0 35.0 35.0 147.53924 121.28255 95.6782 8465.0
35.0 35.0 35.0 147.53924 121.28255 95.6782 8465.0
35.0 41.0 41.0 59.62292 125.66567 122.67967 2.0
35.0 41.0 35.0 147.53924 121.28255 95.6782 2.0
35.0 43.0 43.0 102.29606 137.48371 99.63181 839.0
35.0 43.0 35.0 147.53924 121.28255 95.6782 839.0
35.0 46.0 46.0 114.88487 130.46147 52.96148 912.0
35.0 46.0 35.0 147.53924 121.28255 95.6782 912.0
35.0 47.0 47.0 164.13328 62.67694 126.248 310.0
35.0 47.0 35.0 147.53924 121.28255 95.6782 310.0
36.0 0.0 0.0 55.11776 49.26228 142.14576 357.0
36.0 0.0 36.0 51.12126 19.2865 119.3223 357.0
36.0 2.0 2.0 27.68995 25.07585 88.19846 430.0
36.0 2.0 36.0 51.12126 19.2865 119.3223 430.0
36.0 3.0 3.0 83.10803 3.82683 87.90386 145.0
36.0 3.0 36.0 51.12126 19.2865 119.3223 145.0
36.0 10.0 10.0 97.42763 3.9848 61.33625 1.0
36.0 10.0 36.0 51.12126 19.2865 119.3223 1.0
36.0 11.0 11.0 48.27941 14.28221 56.41365 66.0
36.0 11.0 36.0 51.12126 19.2865 119.3223 66.0
36.0 13.0 13.0 21.95054 31.01583 56.26084 2.0
36.0 13.0 36.0 51.12126 19.2865 119.3223 2.0
36.0 16.0 16.0 37.04278 38.66416 124.38213 747.0
36.0 16.0 36.0 51.12126 19.2865 119.3223 747.0
36.0 22.0 22.0 25.16762 80.05511 119.53012 9.0
36.0 22.0 36.0 51.12126 19.2865 119.3223 9.0
36.0 27.0 27.0 18.73395 45.48823 103.87829 85.0
36.0 27.0 36.0 51.12126 19.2865 119.3223 85.0
36.0 28.0 28.0 83.60121 39.62465 143.42659 96.0
36.0 28.0 36.0 51.12126 19.2865 119.3223 96.0
36.0 29.0 29.0 122.67804 20.70286 121.40809 1.0
36.0 29.0 36.0 51.12126 19.2865 119.3223 1.0
36.0 33.0 33.0 97.58382 49.87722 149.23525 2.0
36.0 33.0 36.0 51.12126 19.2865 119.3223 2.0
36.0 36.0 36.0 51.12126 19.2865 119.3223 1074.0
36.0 36.0 36.0 51.12126 19.2865 119.3223 1074.0
36.0 37.0 37.0 79.96458 11.08986 113.83742 724.0
36.0 37.0 36.0 51.12126 19.2865 119.3223 724.0
36.0 38.0 38.0 88.63396 68.24513 152.64217 3.0
36.0 38.0 36.0 51.12126 19.2865 119.3223 3.0
36.0 42.0 42.0 56.46916 85.16518 144.91325 2.0
36.0 42.0 36.0 51.12126 19.2865 119.3223 2.0
36.0 44.0 44.0 70.61802 22.75207 131.42999 584.0
36.0 44.0 36.0 51.12126 19.2865 119.3223 584.0
37.0 0.0 0.0 55.11776 49.26228 142.14576 79.0
37.0 0.0 37.0 79.96458 11.08986 113.83742 79.0
37.0 2.0 2.0 27.68995 25.07585 88.19846 341.0
37.0 2.0 37.0 79.96458 11.08986 113.83742 341.0
37.0 3.0 3.0 83.10803 3.82683 87.90386 2002.0
37.0 3.0 37.0 79.96458 11.08986 113.83742 2002.0
37.0 7.0 7.0 121.75718 13.44807 56.95469 7.0
37.0 7.0 37.0 79.96458 11.08986 113.83742 7.0
37.0 10.0 10.0 97.42763 3.9848 61.33625 46.0
37.0 10.0 37.0 79.96458 11.08986 113.83742 46.0
37.0 11.0 11.0 48.27941 14.28221 56.41365 220.0
37.0 11.0 37.0 79.96458 11.08986 113.83742 220.0
37.0 13.0 13.0 21.95054 31.01583 56.26084 1.0
37.0 13.0 37.0 79.96458 11.08986 113.83742 1.0
37.0 16.0 16.0 37.04278 38.66416 124.38213 160.0
37.0 16.0 37.0 79.96458 11.08986 113.83742 160.0
37.0 17.0 17.0 122.9619 11.05836 94.70207 450.0
37.0 17.0 37.0 79.96458 11.08986 113.83742 450.0
37.0 18.0 18.0 159.39716 24.99475 93.71812 1.0
37.0 18.0 37.0 79.96458 11.08986 113.83742 1.0
37.0 19.0 19.0 66.65346 15.34285 45.8685 27.0
37.0 19.0 37.0 79.96458 11.08986 113.83742 27.0
37.0 26.0 26.0 131.85202 45.13008 139.21016 146.0
37.0 26.0 37.0 79.96458 11.08986 113.83742 146.0
37.0 27.0 27.0 18.73395 45.48823 103.87829 19.0
37.0 27.0 37.0 79.96458 11.08986 113.83742 19.0
37.0 28.0 28.0 83.60121 39.62465 143.42659 610.0
37.0 28.0 37.0 79.96458 11.08986 113.83742 610.0
37.0 29.0 29.0 122.67804 20.70286 121.40809 832.0
37.0 29.0 37.0 79.96458 11.08986 113.83742 832.0
37.0 33.0 33.0 97.58382 49.87722 149.23525 74.0
37.0 33.0 37.0 79.96458 11.08986 113.83742 74.0
37.0 36.0 36.0 51.12126 19.2865 119.3223 728.0
37.0 36.0 37.0 79.96458 11.08986 113.83742 728.0
37.0 37.0 37.0 79.96458 11.08986 113.83742 5615.0
37.0 37.0 37.0 79.96458 11.08986 113.83742 5615.0
37.0 38.0 38.0 88.63396 68.24513 152.64217 5.0
37.0 38.0 37.0 79.96458 11.08986 113.83742 5.0
37.0 40.0 40.0 83.31642 23.55756 42.2604 3.0
37.0 40.0 37.0 79.96458 11.08986 113.83742 3.0
37.0 44.0 44.0 70.61802 22.75207 131.42999 1097.0
37.0 44.0 37.0 79.96458 11.08986 113.83742 1097.0
38.0 0.0 0.0 55.11776 49.26228 142.14576 365.0
38.0 0.0 38.0 88.63396 68.24513 152.64217 365.0
38.0 4.0 4.0 72.16165 108.25894 139.81941 233.0
38.0 4.0 38.0 88.63396 68.24513 152.64217 233.0
38.0 16.0 16.0 37.04278 38.66416 124.38213 12.0
38.0 16.0 38.0 88.63396 68.24513 152.64217 12.0
38.0 22.0 22.0 25.16762 80.05511 119.53012 30.0
38.0 22.0 38.0 88.63396 68.24513 152.64217 30.0
38.0 24.0 24.0 107.82526 87.20598 149.12052 1484.0
38.0 24.0 38.0 88.63396 68.24513 152.64217 1484.0
38.0 26.0 26.0 131.85202 45.13008 139.21016 323.0
38.0 26.0 38.0 88.63396 68.24513 152.64217 323.0
38.0 28.0 28.0 83.60121 39.62465 143.42659 541.0
38.0 28.0 38.0 88.63396 68.24513 152.64217 541.0
38.0 29.0 29.0 122.67804 20.70286 121.40809 10.0
38.0 29.0 38.0 88.63396 68.24513 152.64217 10.0
38.0 33.0 33.0 97.58382 49.87722 149.23525 1082.0
38.0 33.0 38.0 88.63396 68.24513 152.64217 1082.0
38.0 34.0 34.0 127.72732 111.25263 129.58138 48.0
38.0 34.0 38.0 88.63396 68.24513 152.64217 48.0
38.0 36.0 36.0 51.12126 19.2865 119.3223 4.0
38.0 36.0 38.0 88.63396 68.24513 152.64217 4.0
38.0 37.0 37.0 79.96458 11.08986 113.83742 2.0
38.0 37.0 38.0 88.63396 68.24513 152.64217 2.0
38.0 38.0 38.0 88.63396 68.24513 152.64217 2279.0
38.0 38.0 38.0 88.63396 68.24513 152.64217 2279.0
38.0 41.0 41.0 59.62292 125.66567 122.67967 3.0
38.0 41.0 38.0 88.63396 68.24513 152.64217 3.0
38.0 42.0 42.0 56.46916 85.16518 144.91325 897.0
38.0 42.0 38.0 88.63396 68.24513 152.64217 897.0
38.0 44.0 44.0 70.61802 22.75207 131.42999 10.0
38.0 44.0 38.0 88.63396 68.24513 152.64217 10.0
38.0 47.0 47.0 164.13328 62.67694 126.248 10.0
38.0 47.0 38.0 88.63396 68.24513 152.64217 10.0
39.0 1.0 1.0 66.45094 89.412 7.68623 247.0
39.0 1.0 39.0 21.95335 50.02638 32.71121 247.0
39.0 2.0 2.0 27.68995 25.07585 88.19846 110.0
39.0 2.0 39.0 21.95335 50.02638 32.71121 110.0
39.0 6.0 6.0 5.4511 84.89068 74.3303 1111.0
39.0 6.0 39.0 21.95335 50.02638 32.71121 1111.0
39.0 11.0 11.0 48.27941 14.28221 56.41365 747.0
39.0 11.0 39.0 21.95335 50.02638 32.71121 747.0
39.0 13.0 13.0 21.95054 31.01583 56.26084 1428.0
39.0 13.0 39.0 21.95335 50.02638 32.71121 1428.0
39.0 19.0 19.0 66.65346 15.34285 45.8685 188.0
39.0 19.0 39.0 21.95335 50.02638 32.71121 188.0
39.0 20.0 20.0 85.32053 53.70175 22.57913 470.0
39.0 20.0 39.0 21.95335 50.02638 32.71121 470.0
39.0 21.0 21.0 27.94531 77.84761 19.63591 1722.0
39.0 21.0 39.0 21.95335 50.02638 32.71121 1722.0
39.0 22.0 22.0 25.16762 80.05511 119.53012 2.0
39.0 22.0 39.0 21.95335 50.02638 32.71121 2.0
39.0 27.0 27.0 18.73395 45.48823 103.87829 21.0
39.0 27.0 39.0 21.95335 50.02638 32.71121 21.0
39.0 39.0 39.0 21.95335 50.02638 32.71121 7007.0
39.0 39.0 39.0 21.95335 50.02638 32.71121 7007.0
39.0 40.0 40.0 83.31642 23.55756 42.2604 40.0
39.0 40.0 39.0 21.95335 50.02638 32.71121 40.0
39.0 45.0 45.0 35.11238 116.35557 28.53741 68.0
39.0 45.0 39.0 21.95335 50.02638 32.71121 68.0
40.0 1.0 1.0 66.45094 89.412 7.68623 16.0
40.0 1.0 40.0 83.31642 23.55756 42.2604 16.0
40.0 3.0 3.0 83.10803 3.82683 87.90386 119.0
40.0 3.0 40.0 83.31642 23.55756 42.2604 119.0
40.0 7.0 7.0 121.75718 13.44807 56.95469 244.0
40.0 7.0 40.0 83.31642 23.55756 42.2604 244.0
40.0 8.0 8.0 108.56689 85.34835 38.88592 29.0
40.0 8.0 40.0 83.31642 23.55756 42.2604 29.0
40.0 10.0 10.0 97.42763 3.9848 61.33625 972.0
40.0 10.0 40.0 83.31642 23.55756 42.2604 972.0
40.0 11.0 11.0 48.27941 14.28221 56.41365 412.0
40.0 11.0 40.0 83.31642 23.55756 42.2604 412.0
40.0 13.0 13.0 21.95054 31.01583 56.26084 6.0
40.0 13.0 40.0 83.31642 23.55756 42.2604 6.0
40.0 15.0 15.0 144.7985 26.39979 64.48862 5.0
40.0 15.0 40.0 83.31642 23.55756 42.2604 5.0
40.0 17.0 17.0 122.9619 11.05836 94.70207 4.0
40.0 17.0 40.0 83.31642 23.55756 42.2604 4.0
40.0 19.0 19.0 66.65346 15.34285 45.8685 1064.0
40.0 19.0 40.0 83.31642 23.55756 42.2604 1064.0
40.0 20.0 20.0 85.32053 53.70175 22.57913 1426.0
40.0 20.0 40.0 83.31642 23.55756 42.2604 1426.0
40.0 21.0 21.0 27.94531 77.84761 19.63591 2.0
40.0 21.0 40.0 83.31642 23.55756 42.2604 2.0
40.0 31.0 31.0 121.67411 39.35459 36.00734 837.0
40.0 31.0 40.0 83.31642 23.55756 42.2604 837.0
40.0 37.0 37.0 79.96458 11.08986 113.83742 2.0
40.0 37.0 40.0 83.31642 23.55756 42.2604 2.0
40.0 39.0 39.0 21.95335 50.02638 32.71121 30.0
40.0 39.0 40.0 83.31642 23.55756 42.2604 30.0
40.0 40.0 40.0 83.31642 23.55756 42.2604 3218.0
40.0 40.0 40.0 83.31642 23.55756 42.2604 3218.0
41.0 0.0 0.0 55.11776 49.26228 142.14576 1.0
41.0 0.0 41.0 59.62292 125.66567 122.67967 1.0
41.0 4.0 4.0 72.16165 108.25894 139.81941 2235.0
41.0 4.0 41.0 59.62292 125.66567 122.67967 2235.0
41.0 5.0 5.0 36.41364 130.18227 82.09322 1778.0
41.0 5.0 41.0 59.62292 125.66567 122.67967 1778.0
41.0 6.0 6.0 5.4511 84.89068 74.3303 18.0
41.0 6.0 41.0 59.62292 125.66567 122.67967 18.0
41.0 9.0 9.0 78.36652 140.09029 102.31884 1643.0
41.0 9.0 41.0 59.62292 125.66567 122.67967 1643.0
41.0 13.0 13.0 21.95054 31.01583 56.26084 1.0
41.0 13.0 41.0 59.62292 125.66567 122.67967 1.0
41.0 22.0 22.0 25.16762 80.05511 119.53012 576.0
41.0 22.0 41.0 59.62292 125.66567 122.67967 576.0
41.0 24.0 24.0 107.82526 87.20598 149.12052 87.0
41.0 24.0 41.0 59.62292 125.66567 122.67967 87.0
41.0 27.0 27.0 18.73395 45.48823 103.87829 1.0
41.0 27.0 41.0 59.62292 125.66567 122.67967 1.0
41.0 28.0 28.0 83.60121 39.62465 143.42659 1.0
41.0 28.0 41.0 59.62292 125.66567 122.67967 1.0
41.0 30.0 30.0 88.69327 139.84383 62.86519 25.0
41.0 30.0 41.0 59.62292 125.66567 122.67967 25.0
41.0 34.0 34.0 127.72732 111.25263 129.58138 368.0
41.0 34.0 41.0 59.62292 125.66567 122.67967 368.0
41.0 35.0 35.0 147.53924 121.28255 95.6782 2.0
41.0 35.0 41.0 59.62292 125.66567 122.67967 2.0
41.0 38.0 38.0 88.63396 68.24513 152.64217 2.0
41.0 38.0 41.0 59.62292 125.66567 122.67967 2.0
41.0 41.0 41.0 59.62292 125.66567 122.67967 6751.0
41.0 41.0 41.0 59.62292 125.66567 122.67967 6751.0
41.0 42.0 42.0 56.46916 85.16518 144.91325 375.0
41.0 42.0 41.0 59.62292 125.66567 122.67967 375.0
41.0 43.0 43.0 102.29606 137.48371 99.63181 312.0
41.0 43.0 41.0 59.62292 125.66567 122.67967 312.0
42.0 0.0 0.0 55.11776 49.26228 142.14576 760.0
42.0 0.0 42.0 56.46916 85.16518 144.91325 760.0
42.0 4.0 4.0 72.16165 108.25894 139.81941 1750.0
42.0 4.0 42.0 56.46916 85.16518 144.91325 1750.0
42.0 5.0 5.0 36.41364 130.18227 82.09322 43.0
42.0 5.0 42.0 56.46916 85.16518 144.91325 43.0
42.0 9.0 9.0 78.36652 140.09029 102.31884 4.0
42.0 9.0 42.0 56.46916 85.16518 144.91325 4.0
42.0 16.0 16.0 37.04278 38.66416 124.38213 142.0
42.0 16.0 42.0 56.46916 85.16518 144.91325 142.0
42.0 22.0 22.0 25.16762 80.05511 119.53012 1311.0
42.0 22.0 42.0 56.46916 85.16518 144.91325 1311.0
42.0 24.0 24.0 107.82526 87.20598 149.12052 441.0
42.0 24.0 42.0 56.46916 85.16518 144.91325 441.0
42.0 26.0 26.0 131.85202 45.13008 139.21016 1.0
42.0 26.0 42.0 56.46916 85.16518 144.91325 1.0
42.0 27.0 27.0 18.73395 45.48823 103.87829 3.0
42.0 27.0 42.0 56.46916 85.16518 144.91325 3.0
42.0 28.0 28.0 83.60121 39.62465 143.42659 201.0
42.0 28.0 42.0 56.46916 85.16518 144.91325 201.0
42.0 33.0 33.0 97.58382 49.87722 149.23525 92.0
42.0 33.0 42.0 56.46916 85.16518 144.91325 92.0
42.0 34.0 34.0 127.72732 111.25263 129.58138 9.0
42.0 34.0 42.0 56.46916 85.16518 144.91325 9.0
42.0 36.0 36.0 51.12126 19.2865 119.3223 5.0
42.0 36.0 42.0 56.46916 85.16518 144.91325 5.0
42.0 38.0 38.0 88.63396 68.24513 152.64217 839.0
42.0 38.0 42.0 56.46916 85.16518 144.91325 839.0
42.0 41.0 41.0 59.62292 125.66567 122.67967 355.0
42.0 41.0 42.0 56.46916 85.16518 144.91325 355.0
42.0 42.0 42.0 56.46916 85.16518 144.91325 4422.0
42.0 42.0 42.0 56.46916 85.16518 144.91325 4422.0
42.0 44.0 44.0 70.61802 22.75207 131.42999 3.0
42.0 44.0 42.0 56.46916 85.16518 144.91325 3.0
43.0 4.0 4.0 72.16165 108.25894 139.81941 72.0
43.0 4.0 43.0 102.29606 137.48371 99.63181 72.0
43.0 5.0 5.0 36.41364 130.18227 82.09322 48.0
43.0 5.0 43.0 102.29606 137.48371 99.63181 48.0
43.0 9.0 9.0 78.36652 140.09029 102.31884 1574.0
43.0 9.0 43.0 102.29606 137.48371 99.63181 1574.0
43.0 14.0 14.0 128.5222 115.95931 40.43278 1.0
43.0 14.0 43.0 102.29606 137.48371 99.63181 1.0
43.0 24.0 24.0 107.82526 87.20598 149.12052 6.0
43.0 24.0 43.0 102.29606 137.48371 99.63181 6.0
43.0 30.0 30.0 88.69327 139.84383 62.86519 1598.0
43.0 30.0 43.0 102.29606 137.48371 99.63181 1598.0
43.0 34.0 34.0 127.72732 111.25263 129.58138 1178.0
43.0 34.0 43.0 102.29606 137.48371 99.63181 1178.0
43.0 35.0 35.0 147.53924 121.28255 95.6782 756.0
43.0 35.0 43.0 102.29606 137.48371 99.63181 756.0
43.0 37.0 37.0 79.96458 11.08986 113.83742 1.0
43.0 37.0 43.0 102.29606 137.48371 99.63181 1.0
43.0 41.0 41.0 59.62292 125.66567 122.67967 258.0
43.0 41.0 43.0 102.29606 137.48371 99.63181 258.0
43.0 43.0 43.0 102.29606 137.48371 99.63181 3540.0
43.0 43.0 43.0 102.29606 137.48371 99.63181 3540.0
43.0 46.0 46.0 114.88487 130.46147 52.96148 141.0
43.0 46.0 43.0 102.29606 137.48371 99.63181 141.0
44.0 0.0 0.0 55.11776 49.26228 142.14576 488.0
44.0 0.0 44.0 70.61802 22.75207 131.42999 488.0
44.0 2.0 2.0 27.68995 25.07585 88.19846 36.0
44.0 2.0 44.0 70.61802 22.75207 131.42999 36.0
44.0 3.0 3.0 83.10803 3.82683 87.90386 60.0
44.0 3.0 44.0 70.61802 22.75207 131.42999 60.0
44.0 11.0 11.0 48.27941 14.28221 56.41365 1.0
44.0 11.0 44.0 70.61802 22.75207 131.42999 1.0
44.0 16.0 16.0 37.04278 38.66416 124.38213 193.0
44.0 16.0 44.0 70.61802 22.75207 131.42999 193.0
44.0 17.0 17.0 122.9619 11.05836 94.70207 6.0
44.0 17.0 44.0 70.61802 22.75207 131.42999 6.0
44.0 26.0 26.0 131.85202 45.13008 139.21016 21.0
44.0 26.0 44.0 70.61802 22.75207 131.42999 21.0
44.0 27.0 27.0 18.73395 45.48823 103.87829 3.0
44.0 27.0 44.0 70.61802 22.75207 131.42999 3.0
44.0 28.0 28.0 83.60121 39.62465 143.42659 690.0
44.0 28.0 44.0 70.61802 22.75207 131.42999 690.0
44.0 29.0 29.0 122.67804 20.70286 121.40809 76.0
44.0 29.0 44.0 70.61802 22.75207 131.42999 76.0
44.0 33.0 33.0 97.58382 49.87722 149.23525 99.0
44.0 33.0 44.0 70.61802 22.75207 131.42999 99.0
44.0 36.0 36.0 51.12126 19.2865 119.3223 556.0
44.0 36.0 44.0 70.61802 22.75207 131.42999 556.0
44.0 37.0 37.0 79.96458 11.08986 113.83742 1146.0
44.0 37.0 44.0 70.61802 22.75207 131.42999 1146.0
44.0 38.0 38.0 88.63396 68.24513 152.64217 14.0
44.0 38.0 44.0 70.61802 22.75207 131.42999 14.0
44.0 41.0 41.0 59.62292 125.66567 122.67967 1.0
44.0 41.0 44.0 70.61802 22.75207 131.42999 1.0
44.0 42.0 42.0 56.46916 85.16518 144.91325 1.0
44.0 42.0 44.0 70.61802 22.75207 131.42999 1.0
44.0 44.0 44.0 70.61802 22.75207 131.42999 1287.0
44.0 44.0 44.0 70.61802 22.75207 131.42999 1287.0
45.0 1.0 1.0 66.45094 89.412 7.68623 1587.0
45.0 1.0 45.0 35.11238 116.35557 28.53741 1587.0
45.0 5.0 5.0 36.41364 130.18227 82.09322 1701.0
45.0 5.0 45.0 35.11238 116.35557 28.53741 1701.0
45.0 6.0 6.0 5.4511 84.89068 74.3303 788.0
45.0 6.0 45.0 35.11238 116.35557 28.53741 788.0
45.0 8.0 8.0 108.56689 85.34835 38.88592 132.0
45.0 8.0 45.0 35.11238 116.35557 28.53741 132.0
45.0 9.0 9.0 78.36652 140.09029 102.31884 3.0
45.0 9.0 45.0 35.11238 116.35557 28.53741 3.0
45.0 14.0 14.0 128.5222 115.95931 40.43278 2.0
45.0 14.0 45.0 35.11238 116.35557 28.53741 2.0
45.0 20.0 20.0 85.32053 53.70175 22.57913 5.0
45.0 20.0 45.0 35.11238 116.35557 28.53741 5.0
45.0 21.0 21.0 27.94531 77.84761 19.63591 1427.0
45.0 21.0 45.0 35.11238 116.35557 28.53741 1427.0
45.0 22.0 22.0 25.16762 80.05511 119.53012 1.0
45.0 22.0 45.0 35.11238 116.35557 28.53741 1.0
45.0 30.0 30.0 88.69327 139.84383 62.86519 701.0
45.0 30.0 45.0 35.11238 116.35557 28.53741 701.0
45.0 39.0 39.0 21.95335 50.02638 32.71121 79.0
45.0 39.0 45.0 35.11238 116.35557 28.53741 79.0
45.0 45.0 45.0 35.11238 116.35557 28.53741 9597.0
45.0 45.0 45.0 35.11238 116.35557 28.53741 9597.0
45.0 46.0 46.0 114.88487 130.46147 52.96148 46.0
45.0 46.0 45.0 35.11238 116.35557 28.53741 46.0
46.0 1.0 1.0 66.45094 89.412 7.68623 111.0
46.0 1.0 46.0 114.88487 130.46147 52.96148 111.0
46.0 5.0 5.0 36.41364 130.18227 82.09322 11.0
46.0 5.0 46.0 114.88487 130.46147 52.96148 11.0
46.0 8.0 8.0 108.56689 85.34835 38.88592 828.0
46.0 8.0 46.0 114.88487 130.46147 52.96148 828.0
46.0 9.0 9.0 78.36652 140.09029 102.31884 5.0
46.0 9.0 46.0 114.88487 130.46147 52.96148 5.0
46.0 12.0 12.0 179.79593 86.4817 84.89473 1.0
46.0 12.0 46.0 114.88487 130.46147 52.96148 1.0
46.0 14.0 14.0 128.5222 115.95931 40.43278 2196.0
46.0 14.0 46.0 114.88487 130.46147 52.96148 2196.0
46.0 20.0 20.0 85.32053 53.70175 22.57913 2.0
46.0 20.0 46.0 114.88487 130.46147 52.96148 2.0
46.0 30.0 30.0 88.69327 139.84383 62.86519 2652.0
46.0 30.0 46.0 114.88487 130.46147 52.96148 2652.0
46.0 32.0 32.0 156.8703 89.22317 57.94563 245.0
46.0 32.0 46.0 114.88487 130.46147 52.96148 245.0
46.0 34.0 34.0 127.72732 111.25263 129.58138 21.0
46.0 34.0 46.0 114.88487 130.46147 52.96148 21.0
46.0 35.0 35.0 147.53924 121.28255 95.6782 912.0
46.0 35.0 46.0 114.88487 130.46147 52.96148 912.0
46.0 43.0 43.0 102.29606 137.48371 99.63181 155.0
46.0 43.0 46.0 114.88487 130.46147 52.96148 155.0
46.0 45.0 45.0 35.11238 116.35557 28.53741 38.0
46.0 45.0 46.0 114.88487 130.46147 52.96148 38.0
46.0 46.0 46.0 114.88487 130.46147 52.96148 5197.0
46.0 46.0 46.0 114.88487 130.46147 52.96148 5197.0
47.0 12.0 12.0 179.79593 86.4817 84.89473 352.0
47.0 12.0 47.0 164.13328 62.67694 126.248 352.0
47.0 15.0 15.0 144.7985 26.39979 64.48862 12.0
47.0 15.0 47.0 164.13328 62.67694 126.248 12.0
47.0 17.0 17.0 122.9619 11.05836 94.70207 21.0
47.0 17.0 47.0 164.13328 62.67694 126.248 21.0
47.0 18.0 18.0 159.39716 24.99475 93.71812 505.0
47.0 18.0 47.0 164.13328 62.67694 126.248 505.0
47.0 23.0 23.0 173.51649 43.63307 76.50589 266.0
47.0 23.0 47.0 164.13328 62.67694 126.248 266.0
47.0 24.0 24.0 107.82526 87.20598 149.12052 214.0
47.0 24.0 47.0 164.13328 62.67694 126.248 214.0
47.0 25.0 25.0 182.76724 64.70872 100.69893 977.0
47.0 25.0 47.0 164.13328 62.67694 126.248 977.0
47.0 26.0 26.0 131.85202 45.13008 139.21016 1534.0
47.0 26.0 47.0 164.13328 62.67694 126.248 1534.0
47.0 29.0 29.0 122.67804 20.70286 121.40809 186.0
47.0 29.0 47.0 164.13328 62.67694 126.248 186.0
47.0 32.0 32.0 156.8703 89.22317 57.94563 4.0
47.0 32.0 47.0 164.13328 62.67694 126.248 4.0
47.0 33.0 33.0 97.58382 49.87722 149.23525 15.0
47.0 33.0 47.0 164.13328 62.67694 126.248 15.0
47.0 34.0 34.0 127.72732 111.25263 129.58138 1074.0
47.0 34.0 47.0 164.13328 62.67694 126.248 1074.0
47.0 35.0 35.0 147.53924 121.28255 95.6782 327.0
47.0 35.0 47.0 164.13328 62.67694 126.248 327.0
47.0 37.0 37.0 79.96458 11.08986 113.83742 1.0
47.0 37.0 47.0 164.13328 62.67694 126.248 1.0
47.0 38.0 38.0 88.63396 68.24513 152.64217 3.0
47.0 38.0 47.0 164.13328 62.67694 126.248 3.0
47.0 47.0 47.0 164.13328 62.67694 126.248 6590.0
47.0 47.0 47.0 164.13328 62.67694 126.248 6590.0
