TargetArea SourceArea Area AvgPosX AvgPosY AvgPosZ SumWeights
0.0 0.0 0.0 55.09295 48.93789 141.98863 3745.0
0.0 0.0 0.0 55.09295 48.93789 141.98863 3745.0
0.0 2.0 2.0 27.43707 25.2988 87.78049 10.0
0.0 2.0 0.0 55.09295 48.93789 141.98863 10.0
0.0 4.0 4.0 72.09776 108.37057 139.69605 14.0
0.0 4.0 0.0 55.09295 48.93789 141.98863 14.0
0.0 5.0 5.0 36.1912 130.05165 82.21127 1.0
0.0 5.0 0.0 55.09295 48.93789 141.98863 1.0
0.0 16.0 16.0 37.08684 39.04485 124.66595 1382.0
0.0 16.0 0.0 55.09295 48.93789 141.98863 1382.0
0.0 22.0 22.0 25.09666 80.07269 119.45825 542.0
0.0 22.0 0.0 55.09295 48.93789 141.98863 542.0
0.0 24.0 24.0 107.85426 87.2011 149.15024 17.0
0.0 24.0 0.0 55.09295 48.93789 141.98863 17.0
0.0 27.0 27.0 18.72019 45.36581 103.74845 35.0
0.0 27.0 0.0 55.09295 48.93789 141.98863 35.0
0.0 28.0 28.0 84.20491 39.0627 143.19634 1118.0
0.0 28.0 0.0 55.09295 48.93789 141.98863 1118.0
0.0 29.0 29.0 122.68666 20.59947 121.20638 1.0
0.0 29.0 0.0 55.09295 48.93789 141.98863 1.0
0.0 33.0 33.0 97.22045 49.93603 149.23831 276.0
0.0 33.0 0.0 55.09295 48.93789 141.98863 276.0
0.0 36.0 36.0 51.15014 19.46341 119.62697 464.0
0.0 36.0 0.0 55.09295 48.93789 141.98863 464.0
0.0 37.0 37.0 80.16729 11.05732 113.80008 79.0
0.0 37.0 0.0 55.09295 48.93789 141.98863 79.0
0.0 38.0 38.0 88.71604 68.39153 152.62282 386.0
0.0 38.0 0.0 55.09295 48.93789 141.98863 386.0
0.0 41.0 41.0 59.78435 125.9855 122.53287 2.0
0.0 41.0 0.0 55.09295 48.93789 141.98863 2.0
0.0 42.0 42.0 56.63233 85.21967 144.96239 896.0
0.0 42.0 0.0 55.09295 48.93789 141.98863 896.0
0.0 44.0 44.0 70.29404 22.73162 131.36306 561.0
0.0 44.0 0.0 55.09295 48.93789 141.98863 561.0
1.0 1.0 1.0 66.25922 89.3085 7.51662 10710.0
1.0 1.0 1.0 66.25922 89.3085 7.51662 10710.0
1.0 5.0 5.0 36.1912 130.05165 82.21127 18.0
1.0 5.0 1.0 66.25922 89.3085 7.51662 18.0
1.0 8.0 8.0 108.17621 85.93979 38.66922 1600.0
1.0 8.0 1.0 66.25922 89.3085 7.51662 1600.0
1.0 11.0 11.0 48.50113 14.10378 56.58379 24.0
1.0 11.0 1.0 66.25922 89.3085 7.51662 24.0
1.0 13.0 13.0 21.80272 31.14349 56.42171 1.0
1.0 13.0 1.0 66.25922 89.3085 7.51662 1.0
1.0 14.0 14.0 128.34735 116.02966 40.30574 49.0
1.0 14.0 1.0 66.25922 89.3085 7.51662 49.0
1.0 19.0 19.0 66.46683 15.69873 45.50702 21.0
1.0 19.0 1.0 66.25922 89.3085 7.51662 21.0
1.0 20.0 20.0 85.12994 53.73696 22.36357 2099.0
1.0 20.0 1.0 66.25922 89.3085 7.51662 2099.0
1.0 21.0 21.0 28.20766 78.09838 19.36979 1380.0
1.0 21.0 1.0 66.25922 89.3085 7.51662 1380.0
1.0 30.0 30.0 88.3901 139.92572 62.73099 348.0
1.0 30.0 1.0 66.25922 89.3085 7.51662 348.0
1.0 31.0 31.0 121.52392 38.97339 36.02881 3.0
1.0 31.0 1.0 66.25922 89.3085 7.51662 3.0
1.0 39.0 39.0 21.78482 50.1595 32.81728 267.0
1.0 39.0 1.0 66.25922 89.3085 7.51662 267.0
1.0 40.0 40.0 83.28493 23.53386 42.41476 15.0
1.0 40.0 1.0 66.25922 89.3085 7.51662 15.0
1.0 45.0 45.0 35.02643 116.36415 28.643 1772.0
1.0 45.0 1.0 66.25922 89.3085 7.51662 1772.0
1.0 46.0 46.0 114.58727 130.28621 52.77563 135.0
1.0 46.0 1.0 66.25922 89.3085 7.51662 135.0
2.0 0.0 0.0 55.09295 48.93789 141.98863 8.0
2.0 0.0 2.0 27.43707 25.2988 87.78049 8.0
2.0 2.0 2.0 27.43707 25.2988 87.78049 6555.0
2.0 2.0 2.0 27.43707 25.2988 87.78049 6555.0
2.0 3.0 3.0 83.13944 3.82694 87.98761 284.0
2.0 3.0 2.0 27.43707 25.2988 87.78049 284.0
2.0 6.0 6.0 5.47283 84.81215 74.39144 430.0
2.0 6.0 2.0 27.43707 25.2988 87.78049 430.0
2.0 11.0 11.0 48.50113 14.10378 56.58379 1266.0
2.0 11.0 2.0 27.43707 25.2988 87.78049 1266.0
2.0 13.0 13.0 21.80272 31.14349 56.42171 1337.0
2.0 13.0 2.0 27.43707 25.2988 87.78049 1337.0
2.0 16.0 16.0 37.08684 39.04485 124.66595 695.0
2.0 16.0 2.0 27.43707 25.2988 87.78049 695.0
2.0 19.0 19.0 66.46683 15.69873 45.50702 10.0
2.0 19.0 2.0 27.43707 25.2988 87.78049 10.0
2.0 20.0 20.0 85.12994 53.73696 22.36357 1.0
2.0 20.0 2.0 27.43707 25.2988 87.78049 1.0
2.0 22.0 22.0 25.09666 80.07269 119.45825 73.0
2.0 22.0 2.0 27.43707 25.2988 87.78049 73.0
2.0 27.0 27.0 18.72019 45.36581 103.74845 1608.0
2.0 27.0 2.0 27.43707 25.2988 87.78049 1608.0
2.0 28.0 28.0 84.20491 39.0627 143.19634 1.0
2.0 28.0 2.0 27.43707 25.2988 87.78049 1.0
2.0 36.0 36.0 51.15014 19.46341 119.62697 547.0
2.0 36.0 2.0 27.43707 25.2988 87.78049 547.0
2.0 37.0 37.0 80.16729 11.05732 113.80008 421.0
2.0 37.0 2.0 27.43707 25.2988 87.78049 421.0
2.0 39.0 39.0 21.78482 50.1595 32.81728 150.0
2.0 39.0 2.0 27.43707 25.2988 87.78049 150.0
2.0 40.0 40.0 83.28493 23.53386 42.41476 1.0
2.0 40.0 2.0 27.43707 25.2988 87.78049 1.0
2.0 44.0 44.0 70.29404 22.73162 131.36306 30.0
2.0 44.0 2.0 27.43707 25.2988 87.78049 30.0
3.0 2.0 2.0 27.43707 25.2988 87.78049 298.0
3.0 2.0 3.0 83.13944 3.82694 87.98761 298.0
3.0 3.0 3.0 83.13944 3.82694 87.98761 6849.0
3.0 3.0 3.0 83.13944 3.82694 87.98761 6849.0
3.0 7.0 7.0 121.67032 13.4368 56.92783 202.0
3.0 7.0 3.0 83.13944 3.82694 87.98761 202.0
3.0 10.0 10.0 97.11582 3.93651 61.12159 1549.0
3.0 10.0 3.0 83.13944 3.82694 87.98761 1549.0
3.0 11.0 11.0 48.50113 14.10378 56.58379 1041.0
3.0 11.0 3.0 83.13944 3.82694 87.98761 1041.0
3.0 13.0 13.0 21.80272 31.14349 56.42171 8.0
3.0 13.0 3.0 83.13944 3.82694 87.98761 8.0
3.0 15.0 15.0 145.06362 26.53259 64.66029 12.0
3.0 15.0 3.0 83.13944 3.82694 87.98761 12.0
3.0 16.0 16.0 37.08684 39.04485 124.66595 15.0
3.0 16.0 3.0 83.13944 3.82694 87.98761 15.0
3.0 17.0 17.0 122.80065 11.00752 94.59618 1156.0
3.0 17.0 3.0 83.13944 3.82694 87.98761 1156.0
3.0 18.0 18.0 159.22821 24.86072 93.89711 1.0
3.0 18.0 3.0 83.13944 3.82694 87.98761 1.0
3.0 19.0 19.0 66.46683 15.69873 45.50702 411.0
3.0 19.0 3.0 83.13944 3.82694 87.98761 411.0
3.0 26.0 26.0 132.10139 45.18323 139.14214 1.0
3.0 26.0 3.0 83.13944 3.82694 87.98761 1.0
3.0 28.0 28.0 84.20491 39.0627 143.19634 8.0
3.0 28.0 3.0 83.13944 3.82694 87.98761 8.0
3.0 29.0 29.0 122.68666 20.59947 121.20638 208.0
3.0 29.0 3.0 83.13944 3.82694 87.98761 208.0
3.0 31.0 31.0 121.52392 38.97339 36.02881 1.0
3.0 31.0 3.0 83.13944 3.82694 87.98761 1.0
3.0 36.0 36.0 51.15014 19.46341 119.62697 132.0
3.0 36.0 3.0 83.13944 3.82694 87.98761 132.0
3.0 37.0 37.0 80.16729 11.05732 113.80008 2501.0
3.0 37.0 3.0 83.13944 3.82694 87.98761 2501.0
3.0 40.0 40.0 83.28493 23.53386 42.41476 140.0
3.0 40.0 3.0 83.13944 3.82694 87.98761 140.0
3.0 44.0 44.0 70.29404 22.73162 131.36306 55.0
3.0 44.0 3.0 83.13944 3.82694 87.98761 55.0
4.0 0.0 0.0 55.09295 48.93789 141.98863 17.0
4.0 0.0 4.0 72.09776 108.37057 139.69605 17.0
4.0 4.0 4.0 72.09776 108.37057 139.69605 6435.0
4.0 4.0 4.0 72.09776 108.37057 139.69605 6435.0
4.0 5.0 5.0 36.1912 130.05165 82.21127 93.0
4.0 5.0 4.0 72.09776 108.37057 139.69605 93.0
4.0 6.0 6.0 5.47283 84.81215 74.39144 2.0
4.0 6.0 4.0 72.09776 108.37057 139.69605 2.0
4.0 9.0 9.0 78.52894 139.95751 102.56873 256.0
4.0 9.0 4.0 72.09776 108.37057 139.69605 256.0
4.0 16.0 16.0 37.08684 39.04485 124.66595 1.0
4.0 16.0 4.0 72.09776 108.37057 139.69605 1.0
4.0 22.0 22.0 25.09666 80.07269 119.45825 474.0
4.0 22.0 4.0 72.09776 108.37057 139.69605 474.0
4.0 24.0 24.0 107.85426 87.2011 149.15024 1486.0
4.0 24.0 4.0 72.09776 108.37057 139.69605 1486.0
4.0 28.0 28.0 84.20491 39.0627 143.19634 5.0
4.0 28.0 4.0 72.09776 108.37057 139.69605 5.0
4.0 33.0 33.0 97.22045 49.93603 149.23831 5.0
4.0 33.0 4.0 72.09776 108.37057 139.69605 5.0
4.0 34.0 34.0 127.7825 111.24006 129.59766 833.0
4.0 34.0 4.0 72.09776 108.37057 139.69605 833.0
4.0 38.0 38.0 88.71604 68.39153 152.62282 211.0
4.0 38.0 4.0 72.09776 108.37057 139.69605 211.0
4.0 41.0 41.0 59.78435 125.9855 122.53287 2577.0
4.0 41.0 4.0 72.09776 108.37057 139.69605 2577.0
4.0 42.0 42.0 56.63233 85.21967 144.96239 2039.0
4.0 42.0 4.0 72.09776 108.37057 139.69605 2039.0
4.0 43.0 43.0 101.8017 137.68913 99.22109 78.0
4.0 43.0 4.0 72.09776 108.37057 139.69605 78.0
4.0 45.0 45.0 35.02643 116.36415 28.643 1.0
4.0 45.0 4.0 72.09776 108.37057 139.69605 1.0
5.0 1.0 1.0 66.25922 89.3085 7.51662 17.0
5.0 1.0 5.0 36.1912 130.05165 82.21127 17.0
5.0 4.0 4.0 72.09776 108.37057 139.69605 91.0
5.0 4.0 5.0 36.1912 130.05165 82.21127 91.0
5.0 5.0 5.0 36.1912 130.05165 82.21127 20880.0
5.0 5.0 5.0 36.1912 130.05165 82.21127 20880.0
5.0 6.0 6.0 5.47283 84.81215 74.39144 1962.0
5.0 6.0 5.0 36.1912 130.05165 82.21127 1962.0
5.0 8.0 8.0 108.17621 85.93979 38.66922 5.0
5.0 8.0 5.0 36.1912 130.05165 82.21127 5.0
5.0 9.0 9.0 78.52894 139.95751 102.56873 1406.0
5.0 9.0 5.0 36.1912 130.05165 82.21127 1406.0
5.0 21.0 21.0 28.20766 78.09838 19.36979 14.0
5.0 21.0 5.0 36.1912 130.05165 82.21127 14.0
5.0 22.0 22.0 25.09666 80.07269 119.45825 1155.0
5.0 22.0 5.0 36.1912 130.05165 82.21127 1155.0
5.0 30.0 30.0 88.3901 139.92572 62.73099 1704.0
5.0 30.0 5.0 36.1912 130.05165 82.21127 1704.0
5.0 41.0 41.0 59.78435 125.9855 122.53287 2229.0
5.0 41.0 5.0 36.1912 130.05165 82.21127 2229.0
5.0 42.0 42.0 56.63233 85.21967 144.96239 37.0
5.0 42.0 5.0 36.1912 130.05165 82.21127 37.0
5.0 43.0 43.0 101.8017 137.68913 99.22109 79.0
5.0 43.0 5.0 36.1912 130.05165 82.21127 79.0
5.0 45.0 45.0 35.02643 116.36415 28.643 1900.0
5.0 45.0 5.0 36.1912 130.05165 82.21127 1900.0
5.0 46.0 46.0 114.58727 130.28621 52.77563 9.0
5.0 46.0 5.0 36.1912 130.05165 82.21127 9.0
6.0 2.0 2.0 27.43707 25.2988 87.78049 498.0
6.0 2.0 6.0 5.47283 84.81215 74.39144 498.0
6.0 4.0 4.0 72.09776 108.37057 139.69605 4.0
6.0 4.0 6.0 5.47283 84.81215 74.39144 4.0
6.0 5.0 5.0 36.1912 130.05165 82.21127 1998.0
6.0 5.0 6.0 5.47283 84.81215 74.39144 1998.0
6.0 6.0 6.0 5.47283 84.81215 74.39144 15256.0
6.0 6.0 6.0 5.47283 84.81215 74.39144 15256.0
6.0 11.0 11.0 48.50113 14.10378 56.58379 1.0
6.0 11.0 6.0 5.47283 84.81215 74.39144 1.0
6.0 13.0 13.0 21.80272 31.14349 56.42171 386.0
6.0 13.0 6.0 5.47283 84.81215 74.39144 386.0
6.0 16.0 16.0 37.08684 39.04485 124.66595 8.0
6.0 16.0 6.0 5.47283 84.81215 74.39144 8.0
6.0 21.0 21.0 28.20766 78.09838 19.36979 651.0
6.0 21.0 6.0 5.47283 84.81215 74.39144 651.0
6.0 22.0 22.0 25.09666 80.07269 119.45825 1992.0
6.0 22.0 6.0 5.47283 84.81215 74.39144 1992.0
6.0 27.0 27.0 18.72019 45.36581 103.74845 834.0
6.0 27.0 6.0 5.47283 84.81215 74.39144 834.0
6.0 39.0 39.0 21.78482 50.1595 32.81728 1277.0
6.0 39.0 6.0 5.47283 84.81215 74.39144 1277.0
6.0 41.0 41.0 59.78435 125.9855 122.53287 20.0
6.0 41.0 6.0 5.47283 84.81215 74.39144 20.0
6.0 45.0 45.0 35.02643 116.36415 28.643 916.0
6.0 45.0 6.0 5.47283 84.81215 74.39144 916.0
7.0 3.0 3.0 83.13944 3.82694 87.98761 211.0
7.0 3.0 7.0 121.67032 13.4368 56.92783 211.0
7.0 7.0 7.0 121.67032 13.4368 56.92783 3972.0
7.0 7.0 7.0 121.67032 13.4368 56.92783 3972.0
7.0 8.0 8.0 108.17621 85.93979 38.66922 7.0
7.0 8.0 7.0 121.67032 13.4368 56.92783 7.0
7.0 10.0 10.0 97.11582 3.93651 61.12159 1413.0
7.0 10.0 7.0 121.67032 13.4368 56.92783 1413.0
7.0 15.0 15.0 145.06362 26.53259 64.66029 1431.0
7.0 15.0 7.0 121.67032 13.4368 56.92783 1431.0
7.0 17.0 17.0 122.80065 11.00752 94.59618 792.0
7.0 17.0 7.0 121.67032 13.4368 56.92783 792.0
7.0 18.0 18.0 159.22821 24.86072 93.89711 42.0
7.0 18.0 7.0 121.67032 13.4368 56.92783 42.0
7.0 19.0 19.0 66.46683 15.69873 45.50702 14.0
7.0 19.0 7.0 121.67032 13.4368 56.92783 14.0
7.0 20.0 20.0 85.12994 53.73696 22.36357 31.0
7.0 20.0 7.0 121.67032 13.4368 56.92783 31.0
7.0 23.0 23.0 173.48728 43.56325 76.92885 16.0
7.0 23.0 7.0 121.67032 13.4368 56.92783 16.0
7.0 29.0 29.0 122.68666 20.59947 121.20638 13.0
7.0 29.0 7.0 121.67032 13.4368 56.92783 13.0
7.0 31.0 31.0 121.52392 38.97339 36.02881 1489.0
7.0 31.0 7.0 121.67032 13.4368 56.92783 1489.0
7.0 32.0 32.0 156.97894 89.13394 57.97848 1.0
7.0 32.0 7.0 121.67032 13.4368 56.92783 1.0
7.0 37.0 37.0 80.16729 11.05732 113.80008 3.0
7.0 37.0 7.0 121.67032 13.4368 56.92783 3.0
7.0 40.0 40.0 83.28493 23.53386 42.41476 295.0
7.0 40.0 7.0 121.67032 13.4368 56.92783 295.0
8.0 1.0 1.0 66.25922 89.3085 7.51662 1424.0
8.0 1.0 8.0 108.17621 85.93979 38.66922 1424.0
8.0 4.0 4.0 72.09776 108.37057 139.69605 1.0
8.0 4.0 8.0 108.17621 85.93979 38.66922 1.0
8.0 5.0 5.0 36.1912 130.05165 82.21127 8.0
8.0 5.0 8.0 108.17621 85.93979 38.66922 8.0
8.0 7.0 7.0 121.67032 13.4368 56.92783 3.0
8.0 7.0 8.0 108.17621 85.93979 38.66922 3.0
8.0 8.0 8.0 108.17621 85.93979 38.66922 27332.0
8.0 8.0 8.0 108.17621 85.93979 38.66922 27332.0
8.0 12.0 12.0 179.81143 86.40421 84.86543 6.0
8.0 12.0 8.0 108.17621 85.93979 38.66922 6.0
8.0 13.0 13.0 21.80272 31.14349 56.42171 1.0
8.0 13.0 8.0 108.17621 85.93979 38.66922 1.0
8.0 14.0 14.0 128.34735 116.02966 40.30574 2549.0
8.0 14.0 8.0 108.17621 85.93979 38.66922 2549.0
8.0 15.0 15.0 145.06362 26.53259 64.66029 44.0
8.0 15.0 8.0 108.17621 85.93979 38.66922 44.0
8.0 20.0 20.0 85.12994 53.73696 22.36357 2881.0
8.0 20.0 8.0 108.17621 85.93979 38.66922 2881.0
8.0 23.0 23.0 173.48728 43.56325 76.92885 4.0
8.0 23.0 8.0 108.17621 85.93979 38.66922 4.0
8.0 24.0 24.0 107.85426 87.2011 149.15024 1.0
8.0 24.0 8.0 108.17621 85.93979 38.66922 1.0
8.0 30.0 30.0 88.3901 139.92572 62.73099 565.0
8.0 30.0 8.0 108.17621 85.93979 38.66922 565.0
8.0 31.0 31.0 121.52392 38.97339 36.02881 1738.0
8.0 31.0 8.0 108.17621 85.93979 38.66922 1738.0
8.0 32.0 32.0 156.97894 89.13394 57.97848 1397.0
8.0 32.0 8.0 108.17621 85.93979 38.66922 1397.0
8.0 35.0 35.0 147.78236 121.14789 95.66203 1.0
8.0 35.0 8.0 108.17621 85.93979 38.66922 1.0
8.0 40.0 40.0 83.28493 23.53386 42.41476 21.0
8.0 40.0 8.0 108.17621 85.93979 38.66922 21.0
8.0 41.0 41.0 59.78435 125.9855 122.53287 1.0
8.0 41.0 8.0 108.17621 85.93979 38.66922 1.0
8.0 43.0 43.0 101.8017 137.68913 99.22109 1.0
8.0 43.0 8.0 108.17621 85.93979 38.66922 1.0
8.0 45.0 45.0 35.02643 116.36415 28.643 78.0
8.0 45.0 8.0 108.17621 85.93979 38.66922 78.0
8.0 46.0 46.0 114.58727 130.28621 52.77563 1036.0
8.0 46.0 8.0 108.17621 85.93979 38.66922 1036.0
9.0 4.0 4.0 72.09776 108.37057 139.69605 283.0
9.0 4.0 9.0 78.52894 139.95751 102.56873 283.0
9.0 5.0 5.0 36.1912 130.05165 82.21127 1316.0
9.0 5.0 9.0 78.52894 139.95751 102.56873 1316.0
9.0 9.0 9.0 78.52894 139.95751 102.56873 4690.0
9.0 9.0 9.0 78.52894 139.95751 102.56873 4690.0
9.0 22.0 22.0 25.09666 80.07269 119.45825 2.0
9.0 22.0 9.0 78.52894 139.95751 102.56873 2.0
9.0 24.0 24.0 107.85426 87.2011 149.15024 22.0
9.0 24.0 9.0 78.52894 139.95751 102.56873 22.0
9.0 30.0 30.0 88.3901 139.92572 62.73099 1128.0
9.0 30.0 9.0 78.52894 139.95751 102.56873 1128.0
9.0 34.0 34.0 127.7825 111.24006 129.59766 571.0
9.0 34.0 9.0 78.52894 139.95751 102.56873 571.0
9.0 35.0 35.0 147.78236 121.14789 95.66203 17.0
9.0 35.0 9.0 78.52894 139.95751 102.56873 17.0
9.0 41.0 41.0 59.78435 125.9855 122.53287 2072.0
9.0 41.0 9.0 78.52894 139.95751 102.56873 2072.0
9.0 43.0 43.0 101.8017 137.68913 99.22109 1981.0
9.0 43.0 9.0 78.52894 139.95751 102.56873 1981.0
9.0 45.0 45.0 35.02643 116.36415 28.643 2.0
9.0 45.0 9.0 78.52894 139.95751 102.56873 2.0
9.0 46.0 46.0 114.58727 130.28621 52.77563 1.0
9.0 46.0 9.0 78.52894 139.95751 102.56873 1.0
10.0 2.0 2.0 27.43707 25.2988 87.78049 2.0
10.0 2.0 10.0 97.11582 3.93651 61.12159 2.0
10.0 3.0 3.0 83.13944 3.82694 87.98761 1511.0
10.0 3.0 10.0 97.11582 3.93651 61.12159 1511.0
10.0 7.0 7.0 121.67032 13.4368 56.92783 1470.0
10.0 7.0 10.0 97.11582 3.93651 61.12159 1470.0
10.0 10.0 10.0 97.11582 3.93651 61.12159 4021.0
10.0 10.0 10.0 97.11582 3.93651 61.12159 4021.0
10.0 11.0 11.0 48.50113 14.10378 56.58379 178.0
10.0 11.0 10.0 97.11582 3.93651 61.12159 178.0
10.0 15.0 15.0 145.06362 26.53259 64.66029 69.0
10.0 15.0 10.0 97.11582 3.93651 61.12159 69.0
10.0 17.0 17.0 122.80065 11.00752 94.59618 441.0
10.0 17.0 10.0 97.11582 3.93651 61.12159 441.0
10.0 18.0 18.0 159.22821 24.86072 93.89711 2.0
10.0 18.0 10.0 97.11582 3.93651 61.12159 2.0
10.0 19.0 19.0 66.46683 15.69873 45.50702 548.0
10.0 19.0 10.0 97.11582 3.93651 61.12159 548.0
10.0 20.0 20.0 85.12994 53.73696 22.36357 35.0
10.0 20.0 10.0 97.11582 3.93651 61.12159 35.0
10.0 29.0 29.0 122.68666 20.59947 121.20638 6.0
10.0 29.0 10.0 97.11582 3.93651 61.12159 6.0
10.0 31.0 31.0 121.52392 38.97339 36.02881 363.0
10.0 31.0 10.0 97.11582 3.93651 61.12159 363.0
10.0 37.0 37.0 80.16729 11.05732 113.80008 51.0
10.0 37.0 10.0 97.11582 3.93651 61.12159 51.0
10.0 40.0 40.0 83.28493 23.53386 42.41476 1194.0
10.0 40.0 10.0 97.11582 3.93651 61.12159 1194.0
11.0 1.0 1.0 66.25922 89.3085 7.51662 20.0
11.0 1.0 11.0 48.50113 14.10378 56.58379 20.0
11.0 2.0 2.0 27.43707 25.2988 87.78049 1329.0
11.0 2.0 11.0 48.50113 14.10378 56.58379 1329.0
11.0 3.0 3.0 83.13944 3.82694 87.98761 1089.0
11.0 3.0 11.0 48.50113 14.10378 56.58379 1089.0
11.0 6.0 6.0 5.47283 84.81215 74.39144 2.0
11.0 6.0 11.0 48.50113 14.10378 56.58379 2.0
11.0 8.0 8.0 108.17621 85.93979 38.66922 1.0
11.0 8.0 11.0 48.50113 14.10378 56.58379 1.0
11.0 10.0 10.0 97.11582 3.93651 61.12159 186.0
11.0 10.0 11.0 48.50113 14.10378 56.58379 186.0
11.0 11.0 11.0 48.50113 14.10378 56.58379 7872.0
11.0 11.0 11.0 48.50113 14.10378 56.58379 7872.0
11.0 13.0 13.0 21.80272 31.14349 56.42171 1438.0
11.0 13.0 11.0 48.50113 14.10378 56.58379 1438.0
11.0 16.0 16.0 37.08684 39.04485 124.66595 11.0
11.0 16.0 11.0 48.50113 14.10378 56.58379 11.0
11.0 19.0 19.0 66.46683 15.69873 45.50702 2032.0
11.0 19.0 11.0 48.50113 14.10378 56.58379 2032.0
11.0 20.0 20.0 85.12994 53.73696 22.36357 247.0
11.0 20.0 11.0 48.50113 14.10378 56.58379 247.0
11.0 21.0 21.0 28.20766 78.09838 19.36979 27.0
11.0 21.0 11.0 48.50113 14.10378 56.58379 27.0
11.0 27.0 27.0 18.72019 45.36581 103.74845 12.0
11.0 27.0 11.0 48.50113 14.10378 56.58379 12.0
11.0 31.0 31.0 121.52392 38.97339 36.02881 2.0
11.0 31.0 11.0 48.50113 14.10378 56.58379 2.0
11.0 36.0 36.0 51.15014 19.46341 119.62697 65.0
11.0 36.0 11.0 48.50113 14.10378 56.58379 65.0
11.0 37.0 37.0 80.16729 11.05732 113.80008 246.0
11.0 37.0 11.0 48.50113 14.10378 56.58379 246.0
11.0 39.0 39.0 21.78482 50.1595 32.81728 828.0
11.0 39.0 11.0 48.50113 14.10378 56.58379 828.0
11.0 40.0 40.0 83.28493 23.53386 42.41476 525.0
11.0 40.0 11.0 48.50113 14.10378 56.58379 525.0
11.0 44.0 44.0 70.29404 22.73162 131.36306 3.0
11.0 44.0 11.0 48.50113 14.10378 56.58379 3.0
12.0 8.0 8.0 108.17621 85.93979 38.66922 1.0
12.0 8.0 12.0 179.81143 86.40421 84.86543 1.0
12.0 12.0 12.0 179.81143 86.40421 84.86543 5661.0
12.0 12.0 12.0 179.81143 86.40421 84.86543 5661.0
12.0 14.0 14.0 128.34735 116.02966 40.30574 3.0
12.0 14.0 12.0 179.81143 86.40421 84.86543 3.0
12.0 15.0 15.0 145.06362 26.53259 64.66029 32.0
12.0 15.0 12.0 179.81143 86.40421 84.86543 32.0
12.0 18.0 18.0 159.22821 24.86072 93.89711 18.0
12.0 18.0 12.0 179.81143 86.40421 84.86543 18.0
12.0 23.0 23.0 173.48728 43.56325 76.92885 561.0
12.0 23.0 12.0 179.81143 86.40421 84.86543 561.0
12.0 25.0 25.0 182.8255 64.10634 100.37914 1123.0
12.0 25.0 12.0 179.81143 86.40421 84.86543 1123.0
12.0 31.0 31.0 121.52392 38.97339 36.02881 10.0
12.0 31.0 12.0 179.81143 86.40421 84.86543 10.0
12.0 32.0 32.0 156.97894 89.13394 57.97848 1687.0
12.0 32.0 12.0 179.81143 86.40421 84.86543 1687.0
12.0 34.0 34.0 127.7825 111.24006 129.59766 95.0
12.0 34.0 12.0 179.81143 86.40421 84.86543 95.0
12.0 35.0 35.0 147.78236 121.14789 95.66203 1213.0
12.0 35.0 12.0 179.81143 86.40421 84.86543 1213.0
12.0 46.0 46.0 114.58727 130.28621 52.77563 4.0
12.0 46.0 12.0 179.81143 86.40421 84.86543 4.0
12.0 47.0 47.0 164.18327 62.73753 126.13719 427.0
12.0 47.0 12.0 179.81143 86.40421 84.86543 427.0
13.0 2.0 2.0 27.43707 25.2988 87.78049 1331.0
13.0 2.0 13.0 21.80272 31.14349 56.42171 1331.0
13.0 3.0 3.0 83.13944 3.82694 87.98761 4.0
13.0 3.0 13.0 21.80272 31.14349 56.42171 4.0
13.0 6.0 6.0 5.47283 84.81215 74.39144 383.0
13.0 6.0 13.0 21.80272 31.14349 56.42171 383.0
13.0 11.0 11.0 48.50113 14.10378 56.58379 1557.0
13.0 11.0 13.0 21.80272 31.14349 56.42171 1557.0
13.0 13.0 13.0 21.80272 31.14349 56.42171 3693.0
13.0 13.0 13.0 21.80272 31.14349 56.42171 3693.0
13.0 19.0 19.0 66.46683 15.69873 45.50702 81.0
13.0 19.0 13.0 21.80272 31.14349 56.42171 81.0
13.0 20.0 20.0 85.12994 53.73696 22.36357 10.0
13.0 20.0 13.0 21.80272 31.14349 56.42171 10.0
13.0 21.0 21.0 28.20766 78.09838 19.36979 6.0
13.0 21.0 13.0 21.80272 31.14349 56.42171 6.0
13.0 22.0 22.0 25.09666 80.07269 119.45825 3.0
13.0 22.0 13.0 21.80272 31.14349 56.42171 3.0
13.0 27.0 27.0 18.72019 45.36581 103.74845 98.0
13.0 27.0 13.0 21.80272 31.14349 56.42171 98.0
13.0 36.0 36.0 51.15014 19.46341 119.62697 2.0
13.0 36.0 13.0 21.80272 31.14349 56.42171 2.0
13.0 37.0 37.0 80.16729 11.05732 113.80008 2.0
13.0 37.0 13.0 21.80272 31.14349 56.42171 2.0
13.0 39.0 39.0 21.78482 50.1595 32.81728 1704.0
13.0 39.0 13.0 21.80272 31.14349 56.42171 1704.0
13.0 40.0 40.0 83.28493 23.53386 42.41476 3.0
13.0 40.0 13.0 21.80272 31.14349 56.42171 3.0
14.0 1.0 1.0 66.25922 89.3085 7.51662 46.0
14.0 1.0 14.0 128.34735 116.02966 40.30574 46.0
14.0 8.0 8.0 108.17621 85.93979 38.66922 2646.0
14.0 8.0 14.0 128.34735 116.02966 40.30574 2646.0
14.0 12.0 12.0 179.81143 86.40421 84.86543 5.0
14.0 12.0 14.0 128.34735 116.02966 40.30574 5.0
14.0 14.0 14.0 128.34735 116.02966 40.30574 6944.0
14.0 14.0 14.0 128.34735 116.02966 40.30574 6944.0
14.0 20.0 20.0 85.12994 53.73696 22.36357 10.0
14.0 20.0 14.0 128.34735 116.02966 40.30574 10.0
14.0 30.0 30.0 88.3901 139.92572 62.73099 200.0
14.0 30.0 14.0 128.34735 116.02966 40.30574 200.0
14.0 31.0 31.0 121.52392 38.97339 36.02881 8.0
14.0 31.0 14.0 128.34735 116.02966 40.30574 8.0
14.0 32.0 32.0 156.97894 89.13394 57.97848 1346.0
14.0 32.0 14.0 128.34735 116.02966 40.30574 1346.0
14.0 35.0 35.0 147.78236 121.14789 95.66203 321.0
14.0 35.0 14.0 128.34735 116.02966 40.30574 321.0
14.0 43.0 43.0 101.8017 137.68913 99.22109 2.0
14.0 43.0 14.0 128.34735 116.02966 40.30574 2.0
14.0 46.0 46.0 114.58727 130.28621 52.77563 2775.0
14.0 46.0 14.0 128.34735 116.02966 40.30574 2775.0
15.0 3.0 3.0 83.13944 3.82694 87.98761 19.0
15.0 3.0 15.0 145.06362 26.53259 64.66029 19.0
15.0 7.0 7.0 121.67032 13.4368 56.92783 1473.0
15.0 7.0 15.0 145.06362 26.53259 64.66029 1473.0
15.0 8.0 8.0 108.17621 85.93979 38.66922 72.0
15.0 8.0 15.0 145.06362 26.53259 64.66029 72.0
15.0 10.0 10.0 97.11582 3.93651 61.12159 74.0
15.0 10.0 15.0 145.06362 26.53259 64.66029 74.0
15.0 12.0 12.0 179.81143 86.40421 84.86543 34.0
15.0 12.0 15.0 145.06362 26.53259 64.66029 34.0
15.0 15.0 15.0 145.06362 26.53259 64.66029 4895.0
15.0 15.0 15.0 145.06362 26.53259 64.66029 4895.0
15.0 17.0 17.0 122.80065 11.00752 94.59618 872.0
15.0 17.0 15.0 145.06362 26.53259 64.66029 872.0
15.0 18.0 18.0 159.22821 24.86072 93.89711 961.0
15.0 18.0 15.0 145.06362 26.53259 64.66029 961.0
15.0 20.0 20.0 85.12994 53.73696 22.36357 1.0
15.0 20.0 15.0 145.06362 26.53259 64.66029 1.0
15.0 23.0 23.0 173.48728 43.56325 76.92885 724.0
15.0 23.0 15.0 145.06362 26.53259 64.66029 724.0
15.0 25.0 25.0 182.8255 64.10634 100.37914 4.0
15.0 25.0 15.0 145.06362 26.53259 64.66029 4.0
15.0 26.0 26.0 132.10139 45.18323 139.14214 7.0
15.0 26.0 15.0 145.06362 26.53259 64.66029 7.0
15.0 29.0 29.0 122.68666 20.59947 121.20638 48.0
15.0 29.0 15.0 145.06362 26.53259 64.66029 48.0
15.0 31.0 31.0 121.52392 38.97339 36.02881 1329.0
15.0 31.0 15.0 145.06362 26.53259 64.66029 1329.0
15.0 32.0 32.0 156.97894 89.13394 57.97848 326.0
15.0 32.0 15.0 145.06362 26.53259 64.66029 326.0
15.0 37.0 37.0 80.16729 11.05732 113.80008 2.0
15.0 37.0 15.0 145.06362 26.53259 64.66029 2.0
15.0 40.0 40.0 83.28493 23.53386 42.41476 4.0
15.0 40.0 15.0 145.06362 26.53259 64.66029 4.0
15.0 47.0 47.0 164.18327 62.73753 126.13719 11.0
15.0 47.0 15.0 145.06362 26.53259 64.66029 11.0
16.0 0.0 0.0 55.09295 48.93789 141.98863 1373.0
16.0 0.0 16.0 37.08684 39.04485 124.66595 1373.0
16.0 2.0 2.0 27.43707 25.2988 87.78049 712.0
16.0 2.0 16.0 37.08684 39.04485 124.66595 712.0
16.0 3.0 3.0 83.13944 3.82694 87.98761 18.0
16.0 3.0 16.0 37.08684 39.04485 124.66595 18.0
16.0 4.0 4.0 72.09776 108.37057 139.69605 2.0
16.0 4.0 16.0 37.08684 39.04485 124.66595 2.0
16.0 6.0 6.0 5.47283 84.81215 74.39144 6.0
16.0 6.0 16.0 37.08684 39.04485 124.66595 6.0
16.0 11.0 11.0 48.50113 14.10378 56.58379 16.0
16.0 11.0 16.0 37.08684 39.04485 124.66595 16.0
16.0 13.0 13.0 21.80272 31.14349 56.42171 1.0
16.0 13.0 16.0 37.08684 39.04485 124.66595 1.0
16.0 16.0 16.0 37.08684 39.04485 124.66595 4110.0
16.0 16.0 16.0 37.08684 39.04485 124.66595 4110.0
16.0 22.0 22.0 25.09666 80.07269 119.45825 1209.0
16.0 22.0 16.0 37.08684 39.04485 124.66595 1209.0
16.0 23.0 23.0 173.48728 43.56325 76.92885 1.0
16.0 23.0 16.0 37.08684 39.04485 124.66595 1.0
16.0 26.0 26.0 132.10139 45.18323 139.14214 1.0
16.0 26.0 16.0 37.08684 39.04485 124.66595 1.0
16.0 27.0 27.0 18.72019 45.36581 103.74845 1088.0
16.0 27.0 16.0 37.08684 39.04485 124.66595 1088.0
16.0 28.0 28.0 84.20491 39.0627 143.19634 50.0
16.0 28.0 16.0 37.08684 39.04485 124.66595 50.0
16.0 33.0 33.0 97.22045 49.93603 149.23831 4.0
16.0 33.0 16.0 37.08684 39.04485 124.66595 4.0
16.0 36.0 36.0 51.15014 19.46341 119.62697 1011.0
16.0 36.0 16.0 37.08684 39.04485 124.66595 1011.0
16.0 37.0 37.0 80.16729 11.05732 113.80008 166.0
16.0 37.0 16.0 37.08684 39.04485 124.66595 166.0
16.0 38.0 38.0 88.71604 68.39153 152.62282 11.0
16.0 38.0 16.0 37.08684 39.04485 124.66595 11.0
16.0 42.0 42.0 56.63233 85.21967 144.96239 167.0
16.0 42.0 16.0 37.08684 39.04485 124.66595 167.0
16.0 44.0 44.0 70.29404 22.73162 131.36306 233.0
16.0 44.0 16.0 37.08684 39.04485 124.66595 233.0
17.0 3.0 3.0 83.13944 3.82694 87.98761 1167.0
17.0 3.0 17.0 122.80065 11.00752 94.59618 1167.0
17.0 7.0 7.0 121.67032 13.4368 56.92783 786.0
17.0 7.0 17.0 122.80065 11.00752 94.59618 786.0
17.0 10.0 10.0 97.11582 3.93651 61.12159 455.0
17.0 10.0 17.0 122.80065 11.00752 94.59618 455.0
17.0 15.0 15.0 145.06362 26.53259 64.66029 881.0
17.0 15.0 17.0 122.80065 11.00752 94.59618 881.0
17.0 17.0 17.0 122.80065 11.00752 94.59618 4933.0
17.0 17.0 17.0 122.80065 11.00752 94.59618 4933.0
17.0 18.0 18.0 159.22821 24.86072 93.89711 571.0
17.0 18.0 17.0 122.80065 11.00752 94.59618 571.0
17.0 19.0 19.0 66.46683 15.69873 45.50702 2.0
17.0 19.0 17.0 122.80065 11.00752 94.59618 2.0
17.0 23.0 23.0 173.48728 43.56325 76.92885 7.0
17.0 23.0 17.0 122.80065 11.00752 94.59618 7.0
17.0 26.0 26.0 132.10139 45.18323 139.14214 67.0
17.0 26.0 17.0 122.80065 11.00752 94.59618 67.0
17.0 28.0 28.0 84.20491 39.0627 143.19634 10.0
17.0 28.0 17.0 122.80065 11.00752 94.59618 10.0
17.0 29.0 29.0 122.68666 20.59947 121.20638 1472.0
17.0 29.0 17.0 122.80065 11.00752 94.59618 1472.0
17.0 31.0 31.0 121.52392 38.97339 36.02881 6.0
17.0 31.0 17.0 122.80065 11.00752 94.59618 6.0
17.0 33.0 33.0 97.22045 49.93603 149.23831 2.0
17.0 33.0 17.0 122.80065 11.00752 94.59618 2.0
17.0 37.0 37.0 80.16729 11.05732 113.80008 466.0
17.0 37.0 17.0 122.80065 11.00752 94.59618 466.0
17.0 40.0 40.0 83.28493 23.53386 42.41476 2.0
17.0 40.0 17.0 122.80065 11.00752 94.59618 2.0
17.0 44.0 44.0 70.29404 22.73162 131.36306 5.0
17.0 44.0 17.0 122.80065 11.00752 94.59618 5.0
17.0 45.0 45.0 35.02643 116.36415 28.643 1.0
17.0 45.0 17.0 122.80065 11.00752 94.59618 1.0
17.0 47.0 47.0 164.18327 62.73753 126.13719 19.0
17.0 47.0 17.0 122.80065 11.00752 94.59618 19.0
18.0 3.0 3.0 83.13944 3.82694 87.98761 1.0
18.0 3.0 18.0 159.22821 24.86072 93.89711 1.0
18.0 7.0 7.0 121.67032 13.4368 56.92783 42.0
18.0 7.0 18.0 159.22821 24.86072 93.89711 42.0
18.0 10.0 10.0 97.11582 3.93651 61.12159 1.0
18.0 10.0 18.0 159.22821 24.86072 93.89711 1.0
18.0 12.0 12.0 179.81143 86.40421 84.86543 13.0
18.0 12.0 18.0 159.22821 24.86072 93.89711 13.0
18.0 15.0 15.0 145.06362 26.53259 64.66029 1081.0
18.0 15.0 18.0 159.22821 24.86072 93.89711 1081.0
18.0 17.0 17.0 122.80065 11.00752 94.59618 594.0
18.0 17.0 18.0 159.22821 24.86072 93.89711 594.0
18.0 18.0 18.0 159.22821 24.86072 93.89711 3105.0
18.0 18.0 18.0 159.22821 24.86072 93.89711 3105.0
18.0 23.0 23.0 173.48728 43.56325 76.92885 940.0
18.0 23.0 18.0 159.22821 24.86072 93.89711 940.0
18.0 25.0 25.0 182.8255 64.10634 100.37914 109.0
18.0 25.0 18.0 159.22821 24.86072 93.89711 109.0
18.0 26.0 26.0 132.10139 45.18323 139.14214 215.0
18.0 26.0 18.0 159.22821 24.86072 93.89711 215.0
18.0 29.0 29.0 122.68666 20.59947 121.20638 537.0
18.0 29.0 18.0 159.22821 24.86072 93.89711 537.0
18.0 31.0 31.0 121.52392 38.97339 36.02881 10.0
18.0 31.0 18.0 159.22821 24.86072 93.89711 10.0
18.0 32.0 32.0 156.97894 89.13394 57.97848 8.0
18.0 32.0 18.0 159.22821 24.86072 93.89711 8.0
18.0 37.0 37.0 80.16729 11.05732 113.80008 2.0
18.0 37.0 18.0 159.22821 24.86072 93.89711 2.0
18.0 47.0 47.0 164.18327 62.73753 126.13719 618.0
18.0 47.0 18.0 159.22821 24.86072 93.89711 618.0
19.0 1.0 1.0 66.25922 89.3085 7.51662 22.0
19.0 1.0 19.0 66.46683 15.69873 45.50702 22.0
19.0 2.0 2.0 27.43707 25.2988 87.78049 16.0
19.0 2.0 19.0 66.46683 15.69873 45.50702 16.0
19.0 3.0 3.0 83.13944 3.82694 87.98761 453.0
19.0 3.0 19.0 66.46683 15.69873 45.50702 453.0
19.0 7.0 7.0 121.67032 13.4368 56.92783 8.0
19.0 7.0 19.0 66.46683 15.69873 45.50702 8.0
19.0 8.0 8.0 108.17621 85.93979 38.66922 1.0
19.0 8.0 19.0 66.46683 15.69873 45.50702 1.0
19.0 10.0 10.0 97.11582 3.93651 61.12159 550.0
19.0 10.0 19.0 66.46683 15.69873 45.50702 550.0
19.0 11.0 11.0 48.50113 14.10378 56.58379 1824.0
19.0 11.0 19.0 66.46683 15.69873 45.50702 1824.0
19.0 13.0 13.0 21.80272 31.14349 56.42171 64.0
19.0 13.0 19.0 66.46683 15.69873 45.50702 64.0
19.0 19.0 19.0 66.46683 15.69873 45.50702 2038.0
19.0 19.0 19.0 66.46683 15.69873 45.50702 2038.0
19.0 20.0 20.0 85.12994 53.73696 22.36357 534.0
19.0 20.0 19.0 66.46683 15.69873 45.50702 534.0
19.0 21.0 21.0 28.20766 78.09838 19.36979 18.0
19.0 21.0 19.0 66.46683 15.69873 45.50702 18.0
19.0 31.0 31.0 121.52392 38.97339 36.02881 34.0
19.0 31.0 19.0 66.46683 15.69873 45.50702 34.0
19.0 37.0 37.0 80.16729 11.05732 113.80008 22.0
19.0 37.0 19.0 66.46683 15.69873 45.50702 22.0
19.0 39.0 39.0 21.78482 50.1595 32.81728 208.0
19.0 39.0 19.0 66.46683 15.69873 45.50702 208.0
19.0 40.0 40.0 83.28493 23.53386 42.41476 1542.0
19.0 40.0 19.0 66.46683 15.69873 45.50702 1542.0
20.0 1.0 1.0 66.25922 89.3085 7.51662 1941.0
20.0 1.0 20.0 85.12994 53.73696 22.36357 1941.0
20.0 7.0 7.0 121.67032 13.4368 56.92783 11.0
20.0 7.0 20.0 85.12994 53.73696 22.36357 11.0
20.0 8.0 8.0 108.17621 85.93979 38.66922 3059.0
20.0 8.0 20.0 85.12994 53.73696 22.36357 3059.0
20.0 10.0 10.0 97.11582 3.93651 61.12159 25.0
20.0 10.0 20.0 85.12994 53.73696 22.36357 25.0
20.0 11.0 11.0 48.50113 14.10378 56.58379 247.0
20.0 11.0 20.0 85.12994 53.73696 22.36357 247.0
20.0 12.0 12.0 179.81143 86.40421 84.86543 1.0
20.0 12.0 20.0 85.12994 53.73696 22.36357 1.0
20.0 13.0 13.0 21.80272 31.14349 56.42171 9.0
20.0 13.0 20.0 85.12994 53.73696 22.36357 9.0
20.0 14.0 14.0 128.34735 116.02966 40.30574 5.0
20.0 14.0 20.0 85.12994 53.73696 22.36357 5.0
20.0 15.0 15.0 145.06362 26.53259 64.66029 1.0
20.0 15.0 20.0 85.12994 53.73696 22.36357 1.0
20.0 19.0 19.0 66.46683 15.69873 45.50702 492.0
20.0 19.0 20.0 85.12994 53.73696 22.36357 492.0
20.0 20.0 20.0 85.12994 53.73696 22.36357 11915.0
20.0 20.0 20.0 85.12994 53.73696 22.36357 11915.0
20.0 21.0 21.0 28.20766 78.09838 19.36979 245.0
20.0 21.0 20.0 85.12994 53.73696 22.36357 245.0
20.0 31.0 31.0 121.52392 38.97339 36.02881 2006.0
20.0 31.0 20.0 85.12994 53.73696 22.36357 2006.0
20.0 32.0 32.0 156.97894 89.13394 57.97848 3.0
20.0 32.0 20.0 85.12994 53.73696 22.36357 3.0
20.0 39.0 39.0 21.78482 50.1595 32.81728 481.0
20.0 39.0 20.0 85.12994 53.73696 22.36357 481.0
20.0 40.0 40.0 83.28493 23.53386 42.41476 1570.0
20.0 40.0 20.0 85.12994 53.73696 22.36357 1570.0
20.0 45.0 45.0 35.02643 116.36415 28.643 2.0
20.0 45.0 20.0 85.12994 53.73696 22.36357 2.0
21.0 1.0 1.0 66.25922 89.3085 7.51662 1451.0
21.0 1.0 21.0 28.20766 78.09838 19.36979 1451.0
21.0 5.0 5.0 36.1912 130.05165 82.21127 9.0
21.0 5.0 21.0 28.20766 78.09838 19.36979 9.0
21.0 6.0 6.0 5.47283 84.81215 74.39144 600.0
21.0 6.0 21.0 28.20766 78.09838 19.36979 600.0
21.0 8.0 8.0 108.17621 85.93979 38.66922 2.0
21.0 8.0 21.0 28.20766 78.09838 19.36979 2.0
21.0 11.0 11.0 48.50113 14.10378 56.58379 32.0
21.0 11.0 21.0 28.20766 78.09838 19.36979 32.0
21.0 12.0 12.0 179.81143 86.40421 84.86543 1.0
21.0 12.0 21.0 28.20766 78.09838 19.36979 1.0
21.0 13.0 13.0 21.80272 31.14349 56.42171 10.0
21.0 13.0 21.0 28.20766 78.09838 19.36979 10.0
21.0 19.0 19.0 66.46683 15.69873 45.50702 11.0
21.0 19.0 21.0 28.20766 78.09838 19.36979 11.0
21.0 20.0 20.0 85.12994 53.73696 22.36357 240.0
21.0 20.0 21.0 28.20766 78.09838 19.36979 240.0
21.0 21.0 21.0 28.20766 78.09838 19.36979 6097.0
21.0 21.0 21.0 28.20766 78.09838 19.36979 6097.0
21.0 39.0 39.0 21.78482 50.1595 32.81728 2189.0
21.0 39.0 21.0 28.20766 78.09838 19.36979 2189.0
21.0 40.0 40.0 83.28493 23.53386 42.41476 3.0
21.0 40.0 21.0 28.20766 78.09838 19.36979 3.0
21.0 45.0 45.0 35.02643 116.36415 28.643 1845.0
21.0 45.0 21.0 28.20766 78.09838 19.36979 1845.0
22.0 0.0 0.0 55.09295 48.93789 141.98863 598.0
22.0 0.0 22.0 25.09666 80.07269 119.45825 598.0
22.0 2.0 2.0 27.43707 25.2988 87.78049 73.0
22.0 2.0 22.0 25.09666 80.07269 119.45825 73.0
22.0 4.0 4.0 72.09776 108.37057 139.69605 460.0
22.0 4.0 22.0 25.09666 80.07269 119.45825 460.0
22.0 5.0 5.0 36.1912 130.05165 82.21127 1159.0
22.0 5.0 22.0 25.09666 80.07269 119.45825 1159.0
22.0 6.0 6.0 5.47283 84.81215 74.39144 1827.0
22.0 6.0 22.0 25.09666 80.07269 119.45825 1827.0
22.0 8.0 8.0 108.17621 85.93979 38.66922 1.0
22.0 8.0 22.0 25.09666 80.07269 119.45825 1.0
22.0 13.0 13.0 21.80272 31.14349 56.42171 5.0
22.0 13.0 22.0 25.09666 80.07269 119.45825 5.0
22.0 16.0 16.0 37.08684 39.04485 124.66595 1168.0
22.0 16.0 22.0 25.09666 80.07269 119.45825 1168.0
22.0 22.0 22.0 25.09666 80.07269 119.45825 13364.0
22.0 22.0 22.0 25.09666 80.07269 119.45825 13364.0
22.0 27.0 27.0 18.72019 45.36581 103.74845 1280.0
22.0 27.0 22.0 25.09666 80.07269 119.45825 1280.0
22.0 28.0 28.0 84.20491 39.0627 143.19634 18.0
22.0 28.0 22.0 25.09666 80.07269 119.45825 18.0
22.0 33.0 33.0 97.22045 49.93603 149.23831 3.0
22.0 33.0 22.0 25.09666 80.07269 119.45825 3.0
22.0 36.0 36.0 51.15014 19.46341 119.62697 17.0
22.0 36.0 22.0 25.09666 80.07269 119.45825 17.0
22.0 37.0 37.0 80.16729 11.05732 113.80008 1.0
22.0 37.0 22.0 25.09666 80.07269 119.45825 1.0
22.0 38.0 38.0 88.71604 68.39153 152.62282 26.0
22.0 38.0 22.0 25.09666 80.07269 119.45825 26.0
22.0 41.0 41.0 59.78435 125.9855 122.53287 706.0
22.0 41.0 22.0 25.09666 80.07269 119.45825 706.0
22.0 42.0 42.0 56.63233 85.21967 144.96239 1645.0
22.0 42.0 22.0 25.09666 80.07269 119.45825 1645.0
22.0 43.0 43.0 101.8017 137.68913 99.22109 1.0
22.0 43.0 22.0 25.09666 80.07269 119.45825 1.0
22.0 44.0 44.0 70.29404 22.73162 131.36306 2.0
22.0 44.0 22.0 25.09666 80.07269 119.45825 2.0
23.0 7.0 7.0 121.67032 13.4368 56.92783 13.0
23.0 7.0 23.0 173.48728 43.56325 76.92885 13.0
23.0 8.0 8.0 108.17621 85.93979 38.66922 6.0
23.0 8.0 23.0 173.48728 43.56325 76.92885 6.0
23.0 12.0 12.0 179.81143 86.40421 84.86543 561.0
23.0 12.0 23.0 173.48728 43.56325 76.92885 561.0
23.0 15.0 15.0 145.06362 26.53259 64.66029 769.0
23.0 15.0 23.0 173.48728 43.56325 76.92885 769.0
23.0 17.0 17.0 122.80065 11.00752 94.59618 9.0
23.0 17.0 23.0 173.48728 43.56325 76.92885 9.0
23.0 18.0 18.0 159.22821 24.86072 93.89711 1002.0
23.0 18.0 23.0 173.48728 43.56325 76.92885 1002.0
23.0 23.0 23.0 173.48728 43.56325 76.92885 3147.0
23.0 23.0 23.0 173.48728 43.56325 76.92885 3147.0
23.0 25.0 25.0 182.8255 64.10634 100.37914 736.0
23.0 25.0 23.0 173.48728 43.56325 76.92885 736.0
23.0 26.0 26.0 132.10139 45.18323 139.14214 11.0
23.0 26.0 23.0 173.48728 43.56325 76.92885 11.0
23.0 29.0 29.0 122.68666 20.59947 121.20638 9.0
23.0 29.0 23.0 173.48728 43.56325 76.92885 9.0
23.0 31.0 31.0 121.52392 38.97339 36.02881 121.0
23.0 31.0 23.0 173.48728 43.56325 76.92885 121.0
23.0 32.0 32.0 156.97894 89.13394 57.97848 503.0
23.0 32.0 23.0 173.48728 43.56325 76.92885 503.0
23.0 37.0 37.0 80.16729 11.05732 113.80008 1.0
23.0 37.0 23.0 173.48728 43.56325 76.92885 1.0
23.0 47.0 47.0 164.18327 62.73753 126.13719 331.0
23.0 47.0 23.0 173.48728 43.56325 76.92885 331.0
24.0 0.0 0.0 55.09295 48.93789 141.98863 8.0
24.0 0.0 24.0 107.85426 87.2011 149.15024 8.0
24.0 4.0 4.0 72.09776 108.37057 139.69605 1484.0
24.0 4.0 24.0 107.85426 87.2011 149.15024 1484.0
24.0 9.0 9.0 78.52894 139.95751 102.56873 19.0
24.0 9.0 24.0 107.85426 87.2011 149.15024 19.0
24.0 24.0 24.0 107.85426 87.2011 149.15024 8563.0
24.0 24.0 24.0 107.85426 87.2011 149.15024 8563.0
24.0 26.0 26.0 132.10139 45.18323 139.14214 907.0
24.0 26.0 24.0 107.85426 87.2011 149.15024 907.0
24.0 28.0 28.0 84.20491 39.0627 143.19634 35.0
24.0 28.0 24.0 107.85426 87.2011 149.15024 35.0
24.0 29.0 29.0 122.68666 20.59947 121.20638 1.0
24.0 29.0 24.0 107.85426 87.2011 149.15024 1.0
24.0 30.0 30.0 88.3901 139.92572 62.73099 1.0
24.0 30.0 24.0 107.85426 87.2011 149.15024 1.0
24.0 33.0 33.0 97.22045 49.93603 149.23831 451.0
24.0 33.0 24.0 107.85426 87.2011 149.15024 451.0
24.0 34.0 34.0 127.7825 111.24006 129.59766 2498.0
24.0 34.0 24.0 107.85426 87.2011 149.15024 2498.0
24.0 35.0 35.0 147.78236 121.14789 95.66203 3.0
24.0 35.0 24.0 107.85426 87.2011 149.15024 3.0
24.0 38.0 38.0 88.71604 68.39153 152.62282 1876.0
24.0 38.0 24.0 107.85426 87.2011 149.15024 1876.0
24.0 41.0 41.0 59.78435 125.9855 122.53287 85.0
24.0 41.0 24.0 107.85426 87.2011 149.15024 85.0
24.0 42.0 42.0 56.63233 85.21967 144.96239 522.0
24.0 42.0 24.0 107.85426 87.2011 149.15024 522.0
24.0 43.0 43.0 101.8017 137.68913 99.22109 7.0
24.0 43.0 24.0 107.85426 87.2011 149.15024 7.0
24.0 44.0 44.0 70.29404 22.73162 131.36306 2.0
24.0 44.0 24.0 107.85426 87.2011 149.15024 2.0
24.0 47.0 47.0 164.18327 62.73753 126.13719 197.0
24.0 47.0 24.0 107.85426 87.2011 149.15024 197.0
25.0 7.0 7.0 121.67032 13.4368 56.92783 1.0
25.0 7.0 25.0 182.8255 64.10634 100.37914 1.0
25.0 12.0 12.0 179.81143 86.40421 84.86543 1187.0
25.0 12.0 25.0 182.8255 64.10634 100.37914 1187.0
25.0 15.0 15.0 145.06362 26.53259 64.66029 7.0
25.0 15.0 25.0 182.8255 64.10634 100.37914 7.0
25.0 18.0 18.0 159.22821 24.86072 93.89711 124.0
25.0 18.0 25.0 182.8255 64.10634 100.37914 124.0
25.0 23.0 23.0 173.48728 43.56325 76.92885 721.0
25.0 23.0 25.0 182.8255 64.10634 100.37914 721.0
25.0 25.0 25.0 182.8255 64.10634 100.37914 2111.0
25.0 25.0 25.0 182.8255 64.10634 100.37914 2111.0
25.0 26.0 26.0 132.10139 45.18323 139.14214 6.0
25.0 26.0 25.0 182.8255 64.10634 100.37914 6.0
25.0 29.0 29.0 122.68666 20.59947 121.20638 1.0
25.0 29.0 25.0 182.8255 64.10634 100.37914 1.0
25.0 32.0 32.0 156.97894 89.13394 57.97848 44.0
25.0 32.0 25.0 182.8255 64.10634 100.37914 44.0
25.0 34.0 34.0 127.7825 111.24006 129.59766 25.0
25.0 34.0 25.0 182.8255 64.10634 100.37914 25.0
25.0 35.0 35.0 147.78236 121.14789 95.66203 80.0
25.0 35.0 25.0 182.8255 64.10634 100.37914 80.0
25.0 46.0 46.0 114.58727 130.28621 52.77563 1.0
25.0 46.0 25.0 182.8255 64.10634 100.37914 1.0
25.0 47.0 47.0 164.18327 62.73753 126.13719 1187.0
25.0 47.0 25.0 182.8255 64.10634 100.37914 1187.0
26.0 0.0 0.0 55.09295 48.93789 141.98863 1.0
26.0 0.0 26.0 132.10139 45.18323 139.14214 1.0
26.0 3.0 3.0 83.13944 3.82694 87.98761 4.0
26.0 3.0 26.0 132.10139 45.18323 139.14214 4.0
26.0 15.0 15.0 145.06362 26.53259 64.66029 1.0
26.0 15.0 26.0 132.10139 45.18323 139.14214 1.0
26.0 17.0 17.0 122.80065 11.00752 94.59618 96.0
26.0 17.0 26.0 132.10139 45.18323 139.14214 96.0
26.0 18.0 18.0 159.22821 24.86072 93.89711 226.0
26.0 18.0 26.0 132.10139 45.18323 139.14214 226.0
26.0 23.0 23.0 173.48728 43.56325 76.92885 3.0
26.0 23.0 26.0 132.10139 45.18323 139.14214 3.0
26.0 24.0 24.0 107.85426 87.2011 149.15024 975.0
26.0 24.0 26.0 132.10139 45.18323 139.14214 975.0
26.0 25.0 25.0 182.8255 64.10634 100.37914 4.0
26.0 25.0 26.0 132.10139 45.18323 139.14214 4.0
26.0 26.0 26.0 132.10139 45.18323 139.14214 7803.0
26.0 26.0 26.0 132.10139 45.18323 139.14214 7803.0
26.0 28.0 28.0 84.20491 39.0627 143.19634 430.0
26.0 28.0 26.0 132.10139 45.18323 139.14214 430.0
26.0 29.0 29.0 122.68666 20.59947 121.20638 1819.0
26.0 29.0 26.0 132.10139 45.18323 139.14214 1819.0
26.0 33.0 33.0 97.22045 49.93603 149.23831 1048.0
26.0 33.0 26.0 132.10139 45.18323 139.14214 1048.0
26.0 34.0 34.0 127.7825 111.24006 129.59766 275.0
26.0 34.0 26.0 132.10139 45.18323 139.14214 275.0
26.0 35.0 35.0 147.78236 121.14789 95.66203 1.0
26.0 35.0 26.0 132.10139 45.18323 139.14214 1.0
26.0 37.0 37.0 80.16729 11.05732 113.80008 95.0
26.0 37.0 26.0 132.10139 45.18323 139.14214 95.0
26.0 38.0 38.0 88.71604 68.39153 152.62282 404.0
26.0 38.0 26.0 132.10139 45.18323 139.14214 404.0
26.0 44.0 44.0 70.29404 22.73162 131.36306 11.0
26.0 44.0 26.0 132.10139 45.18323 139.14214 11.0
26.0 47.0 47.0 164.18327 62.73753 126.13719 1661.0
26.0 47.0 26.0 132.10139 45.18323 139.14214 1661.0
27.0 0.0 0.0 55.09295 48.93789 141.98863 48.0
27.0 0.0 27.0 18.72019 45.36581 103.74845 48.0
27.0 2.0 2.0 27.43707 25.2988 87.78049 1526.0
27.0 2.0 27.0 18.72019 45.36581 103.74845 1526.0
27.0 5.0 5.0 36.1912 130.05165 82.21127 1.0
27.0 5.0 27.0 18.72019 45.36581 103.74845 1.0
27.0 6.0 6.0 5.47283 84.81215 74.39144 752.0
27.0 6.0 27.0 18.72019 45.36581 103.74845 752.0
27.0 11.0 11.0 48.50113 14.10378 56.58379 19.0
27.0 11.0 27.0 18.72019 45.36581 103.74845 19.0
27.0 13.0 13.0 21.80272 31.14349 56.42171 125.0
27.0 13.0 27.0 18.72019 45.36581 103.74845 125.0
27.0 16.0 16.0 37.08684 39.04485 124.66595 1233.0
27.0 16.0 27.0 18.72019 45.36581 103.74845 1233.0
27.0 22.0 22.0 25.09666 80.07269 119.45825 1315.0
27.0 22.0 27.0 18.72019 45.36581 103.74845 1315.0
27.0 27.0 27.0 18.72019 45.36581 103.74845 3217.0
27.0 27.0 27.0 18.72019 45.36581 103.74845 3217.0
27.0 36.0 36.0 51.15014 19.46341 119.62697 92.0
27.0 36.0 27.0 18.72019 45.36581 103.74845 92.0
27.0 37.0 37.0 80.16729 11.05732 113.80008 9.0
27.0 37.0 27.0 18.72019 45.36581 103.74845 9.0
27.0 39.0 39.0 21.78482 50.1595 32.81728 22.0
27.0 39.0 27.0 18.72019 45.36581 103.74845 22.0
27.0 42.0 42.0 56.63233 85.21967 144.96239 2.0
27.0 42.0 27.0 18.72019 45.36581 103.74845 2.0
27.0 44.0 44.0 70.29404 22.73162 131.36306 6.0
27.0 44.0 27.0 18.72019 45.36581 103.74845 6.0
28.0 0.0 0.0 55.09295 48.93789 141.98863 1073.0
28.0 0.0 28.0 84.20491 39.0627 143.19634 1073.0
28.0 3.0 3.0 83.13944 3.82694 87.98761 5.0
28.0 3.0 28.0 84.20491 39.0627 143.19634 5.0
28.0 4.0 4.0 72.09776 108.37057 139.69605 3.0
28.0 4.0 28.0 84.20491 39.0627 143.19634 3.0
28.0 5.0 5.0 36.1912 130.05165 82.21127 1.0
28.0 5.0 28.0 84.20491 39.0627 143.19634 1.0
28.0 16.0 16.0 37.08684 39.04485 124.66595 42.0
28.0 16.0 28.0 84.20491 39.0627 143.19634 42.0
28.0 17.0 17.0 122.80065 11.00752 94.59618 10.0
28.0 17.0 28.0 84.20491 39.0627 143.19634 10.0
28.0 22.0 22.0 25.09666 80.07269 119.45825 15.0
28.0 22.0 28.0 84.20491 39.0627 143.19634 15.0
28.0 24.0 24.0 107.85426 87.2011 149.15024 36.0
28.0 24.0 28.0 84.20491 39.0627 143.19634 36.0
28.0 26.0 26.0 132.10139 45.18323 139.14214 406.0
28.0 26.0 28.0 84.20491 39.0627 143.19634 406.0
28.0 28.0 28.0 84.20491 39.0627 143.19634 3042.0
28.0 28.0 28.0 84.20491 39.0627 143.19634 3042.0
28.0 29.0 29.0 122.68666 20.59947 121.20638 442.0
28.0 29.0 28.0 84.20491 39.0627 143.19634 442.0
28.0 33.0 33.0 97.22045 49.93603 149.23831 1574.0
28.0 33.0 28.0 84.20491 39.0627 143.19634 1574.0
28.0 36.0 36.0 51.15014 19.46341 119.62697 79.0
28.0 36.0 28.0 84.20491 39.0627 143.19634 79.0
28.0 37.0 37.0 80.16729 11.05732 113.80008 674.0
28.0 37.0 28.0 84.20491 39.0627 143.19634 674.0
28.0 38.0 38.0 88.71604 68.39153 152.62282 562.0
28.0 38.0 28.0 84.20491 39.0627 143.19634 562.0
28.0 42.0 42.0 56.63233 85.21967 144.96239 166.0
28.0 42.0 28.0 84.20491 39.0627 143.19634 166.0
28.0 44.0 44.0 70.29404 22.73162 131.36306 913.0
28.0 44.0 28.0 84.20491 39.0627 143.19634 913.0
29.0 0.0 0.0 55.09295 48.93789 141.98863 2.0
29.0 0.0 29.0 122.68666 20.59947 121.20638 2.0
29.0 3.0 3.0 83.13944 3.82694 87.98761 205.0
29.0 3.0 29.0 122.68666 20.59947 121.20638 205.0
29.0 7.0 7.0 121.67032 13.4368 56.92783 13.0
29.0 7.0 29.0 122.68666 20.59947 121.20638 13.0
29.0 10.0 10.0 97.11582 3.93651 61.12159 2.0
29.0 10.0 29.0 122.68666 20.59947 121.20638 2.0
29.0 15.0 15.0 145.06362 26.53259 64.66029 64.0
29.0 15.0 29.0 122.68666 20.59947 121.20638 64.0
29.0 17.0 17.0 122.80065 11.00752 94.59618 1543.0
29.0 17.0 29.0 122.68666 20.59947 121.20638 1543.0
29.0 18.0 18.0 159.22821 24.86072 93.89711 495.0
29.0 18.0 29.0 122.68666 20.59947 121.20638 495.0
29.0 23.0 23.0 173.48728 43.56325 76.92885 12.0
29.0 23.0 29.0 122.68666 20.59947 121.20638 12.0
29.0 25.0 25.0 182.8255 64.10634 100.37914 1.0
29.0 25.0 29.0 122.68666 20.59947 121.20638 1.0
29.0 26.0 26.0 132.10139 45.18323 139.14214 1781.0
29.0 26.0 29.0 122.68666 20.59947 121.20638 1781.0
29.0 28.0 28.0 84.20491 39.0627 143.19634 440.0
29.0 28.0 29.0 122.68666 20.59947 121.20638 440.0
29.0 29.0 29.0 122.68666 20.59947 121.20638 4581.0
29.0 29.0 29.0 122.68666 20.59947 121.20638 4581.0
29.0 33.0 33.0 97.22045 49.93603 149.23831 175.0
29.0 33.0 29.0 122.68666 20.59947 121.20638 175.0
29.0 36.0 36.0 51.15014 19.46341 119.62697 1.0
29.0 36.0 29.0 122.68666 20.59947 121.20638 1.0
29.0 37.0 37.0 80.16729 11.05732 113.80008 1130.0
29.0 37.0 29.0 122.68666 20.59947 121.20638 1130.0
29.0 38.0 38.0 88.71604 68.39153 152.62282 2.0
29.0 38.0 29.0 122.68666 20.59947 121.20638 2.0
29.0 44.0 44.0 70.29404 22.73162 131.36306 77.0
29.0 44.0 29.0 122.68666 20.59947 121.20638 77.0
29.0 46.0 46.0 114.58727 130.28621 52.77563 1.0
29.0 46.0 29.0 122.68666 20.59947 121.20638 1.0
29.0 47.0 47.0 164.18327 62.73753 126.13719 220.0
29.0 47.0 29.0 122.68666 20.59947 121.20638 220.0
30.0 1.0 1.0 66.25922 89.3085 7.51662 319.0
30.0 1.0 30.0 88.3901 139.92572 62.73099 319.0
30.0 5.0 5.0 36.1912 130.05165 82.21127 1639.0
30.0 5.0 30.0 88.3901 139.92572 62.73099 1639.0
30.0 6.0 6.0 5.47283 84.81215 74.39144 1.0
30.0 6.0 30.0 88.3901 139.92572 62.73099 1.0
30.0 8.0 8.0 108.17621 85.93979 38.66922 567.0
30.0 8.0 30.0 88.3901 139.92572 62.73099 567.0
30.0 9.0 9.0 78.52894 139.95751 102.56873 1084.0
30.0 9.0 30.0 88.3901 139.92572 62.73099 1084.0
30.0 14.0 14.0 128.34735 116.02966 40.30574 200.0
30.0 14.0 30.0 88.3901 139.92572 62.73099 200.0
30.0 23.0 23.0 173.48728 43.56325 76.92885 1.0
30.0 23.0 30.0 88.3901 139.92572 62.73099 1.0
30.0 30.0 30.0 88.3901 139.92572 62.73099 14349.0
30.0 30.0 30.0 88.3901 139.92572 62.73099 14349.0
30.0 32.0 32.0 156.97894 89.13394 57.97848 2.0
30.0 32.0 30.0 88.3901 139.92572 62.73099 2.0
30.0 34.0 34.0 127.7825 111.24006 129.59766 67.0
30.0 34.0 30.0 88.3901 139.92572 62.73099 67.0
30.0 35.0 35.0 147.78236 121.14789 95.66203 711.0
30.0 35.0 30.0 88.3901 139.92572 62.73099 711.0
30.0 41.0 41.0 59.78435 125.9855 122.53287 21.0
30.0 41.0 30.0 88.3901 139.92572 62.73099 21.0
30.0 43.0 43.0 101.8017 137.68913 99.22109 2121.0
30.0 43.0 30.0 88.3901 139.92572 62.73099 2121.0
30.0 45.0 45.0 35.02643 116.36415 28.643 731.0
30.0 45.0 30.0 88.3901 139.92572 62.73099 731.0
30.0 46.0 46.0 114.58727 130.28621 52.77563 3301.0
30.0 46.0 30.0 88.3901 139.92572 62.73099 3301.0
31.0 1.0 1.0 66.25922 89.3085 7.51662 2.0
31.0 1.0 31.0 121.52392 38.97339 36.02881 2.0
31.0 3.0 3.0 83.13944 3.82694 87.98761 1.0
31.0 3.0 31.0 121.52392 38.97339 36.02881 1.0
31.0 7.0 7.0 121.67032 13.4368 56.92783 1553.0
31.0 7.0 31.0 121.52392 38.97339 36.02881 1553.0
31.0 8.0 8.0 108.17621 85.93979 38.66922 1934.0
31.0 8.0 31.0 121.52392 38.97339 36.02881 1934.0
31.0 10.0 10.0 97.11582 3.93651 61.12159 377.0
31.0 10.0 31.0 121.52392 38.97339 36.02881 377.0
31.0 11.0 11.0 48.50113 14.10378 56.58379 2.0
31.0 11.0 31.0 121.52392 38.97339 36.02881 2.0
31.0 12.0 12.0 179.81143 86.40421 84.86543 8.0
31.0 12.0 31.0 121.52392 38.97339 36.02881 8.0
31.0 14.0 14.0 128.34735 116.02966 40.30574 3.0
31.0 14.0 31.0 121.52392 38.97339 36.02881 3.0
31.0 15.0 15.0 145.06362 26.53259 64.66029 1337.0
31.0 15.0 31.0 121.52392 38.97339 36.02881 1337.0
31.0 17.0 17.0 122.80065 11.00752 94.59618 4.0
31.0 17.0 31.0 121.52392 38.97339 36.02881 4.0
31.0 18.0 18.0 159.22821 24.86072 93.89711 11.0
31.0 18.0 31.0 121.52392 38.97339 36.02881 11.0
31.0 19.0 19.0 66.46683 15.69873 45.50702 24.0
31.0 19.0 31.0 121.52392 38.97339 36.02881 24.0
31.0 20.0 20.0 85.12994 53.73696 22.36357 2066.0
31.0 20.0 31.0 121.52392 38.97339 36.02881 2066.0
31.0 23.0 23.0 173.48728 43.56325 76.92885 113.0
31.0 23.0 31.0 121.52392 38.97339 36.02881 113.0
31.0 31.0 31.0 121.52392 38.97339 36.02881 11339.0
31.0 31.0 31.0 121.52392 38.97339 36.02881 11339.0
31.0 32.0 32.0 156.97894 89.13394 57.97848 512.0
31.0 32.0 31.0 121.52392 38.97339 36.02881 512.0
31.0 40.0 40.0 83.28493 23.53386 42.41476 1008.0
31.0 40.0 31.0 121.52392 38.97339 36.02881 1008.0
31.0 45.0 45.0 35.02643 116.36415 28.643 1.0
31.0 45.0 31.0 121.52392 38.97339 36.02881 1.0
32.0 7.0 7.0 121.67032 13.4368 56.92783 3.0
32.0 7.0 32.0 156.97894 89.13394 57.97848 3.0
32.0 8.0 8.0 108.17621 85.93979 38.66922 1584.0
32.0 8.0 32.0 156.97894 89.13394 57.97848 1584.0
32.0 12.0 12.0 179.81143 86.40421 84.86543 1586.0
32.0 12.0 32.0 156.97894 89.13394 57.97848 1586.0
32.0 14.0 14.0 128.34735 116.02966 40.30574 1400.0
32.0 14.0 32.0 156.97894 89.13394 57.97848 1400.0
32.0 15.0 15.0 145.06362 26.53259 64.66029 345.0
32.0 15.0 32.0 156.97894 89.13394 57.97848 345.0
32.0 18.0 18.0 159.22821 24.86072 93.89711 10.0
32.0 18.0 32.0 156.97894 89.13394 57.97848 10.0
32.0 20.0 20.0 85.12994 53.73696 22.36357 8.0
32.0 20.0 32.0 156.97894 89.13394 57.97848 8.0
32.0 23.0 23.0 173.48728 43.56325 76.92885 436.0
32.0 23.0 32.0 156.97894 89.13394 57.97848 436.0
32.0 25.0 25.0 182.8255 64.10634 100.37914 51.0
32.0 25.0 32.0 156.97894 89.13394 57.97848 51.0
32.0 30.0 30.0 88.3901 139.92572 62.73099 5.0
32.0 30.0 32.0 156.97894 89.13394 57.97848 5.0
32.0 31.0 31.0 121.52392 38.97339 36.02881 538.0
32.0 31.0 32.0 156.97894 89.13394 57.97848 538.0
32.0 32.0 32.0 156.97894 89.13394 57.97848 8927.0
32.0 32.0 32.0 156.97894 89.13394 57.97848 8927.0
32.0 35.0 35.0 147.78236 121.14789 95.66203 889.0
32.0 35.0 32.0 156.97894 89.13394 57.97848 889.0
32.0 46.0 46.0 114.58727 130.28621 52.77563 298.0
32.0 46.0 32.0 156.97894 89.13394 57.97848 298.0
32.0 47.0 47.0 164.18327 62.73753 126.13719 1.0
32.0 47.0 32.0 156.97894 89.13394 57.97848 1.0
33.0 0.0 0.0 55.09295 48.93789 141.98863 222.0
33.0 0.0 33.0 97.22045 49.93603 149.23831 222.0
33.0 4.0 4.0 72.09776 108.37057 139.69605 6.0
33.0 4.0 33.0 97.22045 49.93603 149.23831 6.0
33.0 16.0 16.0 37.08684 39.04485 124.66595 4.0
33.0 16.0 33.0 97.22045 49.93603 149.23831 4.0
33.0 17.0 17.0 122.80065 11.00752 94.59618 2.0
33.0 17.0 33.0 97.22045 49.93603 149.23831 2.0
33.0 18.0 18.0 159.22821 24.86072 93.89711 1.0
33.0 18.0 33.0 97.22045 49.93603 149.23831 1.0
33.0 22.0 22.0 25.09666 80.07269 119.45825 1.0
33.0 22.0 33.0 97.22045 49.93603 149.23831 1.0
33.0 24.0 24.0 107.85426 87.2011 149.15024 499.0
33.0 24.0 33.0 97.22045 49.93603 149.23831 499.0
33.0 26.0 26.0 132.10139 45.18323 139.14214 1048.0
33.0 26.0 33.0 97.22045 49.93603 149.23831 1048.0
33.0 28.0 28.0 84.20491 39.0627 143.19634 1546.0
33.0 28.0 33.0 97.22045 49.93603 149.23831 1546.0
33.0 29.0 29.0 122.68666 20.59947 121.20638 188.0
33.0 29.0 33.0 97.22045 49.93603 149.23831 188.0
33.0 33.0 33.0 97.22045 49.93603 149.23831 2585.0
33.0 33.0 33.0 97.22045 49.93603 149.23831 2585.0
33.0 34.0 34.0 127.7825 111.24006 129.59766 2.0
33.0 34.0 33.0 97.22045 49.93603 149.23831 2.0
33.0 36.0 36.0 51.15014 19.46341 119.62697 1.0
33.0 36.0 33.0 97.22045 49.93603 149.23831 1.0
33.0 37.0 37.0 80.16729 11.05732 113.80008 92.0
33.0 37.0 33.0 97.22045 49.93603 149.23831 92.0
33.0 38.0 38.0 88.71604 68.39153 152.62282 1514.0
33.0 38.0 33.0 97.22045 49.93603 149.23831 1514.0
33.0 42.0 42.0 56.63233 85.21967 144.96239 128.0
33.0 42.0 33.0 97.22045 49.93603 149.23831 128.0
33.0 44.0 44.0 70.29404 22.73162 131.36306 102.0
33.0 44.0 33.0 97.22045 49.93603 149.23831 102.0
33.0 47.0 47.0 164.18327 62.73753 126.13719 4.0
33.0 47.0 33.0 97.22045 49.93603 149.23831 4.0
34.0 4.0 4.0 72.09776 108.37057 139.69605 888.0
34.0 4.0 34.0 127.7825 111.24006 129.59766 888.0
34.0 5.0 5.0 36.1912 130.05165 82.21127 1.0
34.0 5.0 34.0 127.7825 111.24006 129.59766 1.0
34.0 9.0 9.0 78.52894 139.95751 102.56873 586.0
34.0 9.0 34.0 127.7825 111.24006 129.59766 586.0
34.0 12.0 12.0 179.81143 86.40421 84.86543 91.0
34.0 12.0 34.0 127.7825 111.24006 129.59766 91.0
34.0 14.0 14.0 128.34735 116.02966 40.30574 2.0
34.0 14.0 34.0 127.7825 111.24006 129.59766 2.0
34.0 24.0 24.0 107.85426 87.2011 149.15024 2529.0
34.0 24.0 34.0 127.7825 111.24006 129.59766 2529.0
34.0 25.0 25.0 182.8255 64.10634 100.37914 25.0
34.0 25.0 34.0 127.7825 111.24006 129.59766 25.0
34.0 26.0 26.0 132.10139 45.18323 139.14214 309.0
34.0 26.0 34.0 127.7825 111.24006 129.59766 309.0
34.0 30.0 30.0 88.3901 139.92572 62.73099 82.0
34.0 30.0 34.0 127.7825 111.24006 129.59766 82.0
34.0 32.0 32.0 156.97894 89.13394 57.97848 5.0
34.0 32.0 34.0 127.7825 111.24006 129.59766 5.0
34.0 33.0 33.0 97.22045 49.93603 149.23831 5.0
34.0 33.0 34.0 127.7825 111.24006 129.59766 5.0
34.0 34.0 34.0 127.7825 111.24006 129.59766 16516.0
34.0 34.0 34.0 127.7825 111.24006 129.59766 16516.0
34.0 35.0 35.0 147.78236 121.14789 95.66203 2469.0
34.0 35.0 34.0 127.7825 111.24006 129.59766 2469.0
34.0 38.0 38.0 88.71604 68.39153 152.62282 29.0
34.0 38.0 34.0 127.7825 111.24006 129.59766 29.0
34.0 41.0 41.0 59.78435 125.9855 122.53287 397.0
34.0 41.0 34.0 127.7825 111.24006 129.59766 397.0
34.0 42.0 42.0 56.63233 85.21967 144.96239 8.0
34.0 42.0 34.0 127.7825 111.24006 129.59766 8.0
34.0 43.0 43.0 101.8017 137.68913 99.22109 1380.0
34.0 43.0 34.0 127.7825 111.24006 129.59766 1380.0
34.0 46.0 46.0 114.58727 130.28621 52.77563 6.0
34.0 46.0 34.0 127.7825 111.24006 129.59766 6.0
34.0 47.0 47.0 164.18327 62.73753 126.13719 1112.0
34.0 47.0 34.0 127.7825 111.24006 129.59766 1112.0
35.0 8.0 8.0 108.17621 85.93979 38.66922 4.0
35.0 8.0 35.0 147.78236 121.14789 95.66203 4.0
35.0 9.0 9.0 78.52894 139.95751 102.56873 24.0
35.0 9.0 35.0 147.78236 121.14789 95.66203 24.0
35.0 12.0 12.0 179.81143 86.40421 84.86543 1117.0
35.0 12.0 35.0 147.78236 121.14789 95.66203 1117.0
35.0 14.0 14.0 128.34735 116.02966 40.30574 302.0
35.0 14.0 35.0 147.78236 121.14789 95.66203 302.0
35.0 24.0 24.0 107.85426 87.2011 149.15024 3.0
35.0 24.0 35.0 147.78236 121.14789 95.66203 3.0
35.0 25.0 25.0 182.8255 64.10634 100.37914 81.0
35.0 25.0 35.0 147.78236 121.14789 95.66203 81.0
35.0 26.0 26.0 132.10139 45.18323 139.14214 1.0
35.0 26.0 35.0 147.78236 121.14789 95.66203 1.0
35.0 28.0 28.0 84.20491 39.0627 143.19634 1.0
35.0 28.0 35.0 147.78236 121.14789 95.66203 1.0
35.0 30.0 30.0 88.3901 139.92572 62.73099 717.0
35.0 30.0 35.0 147.78236 121.14789 95.66203 717.0
35.0 32.0 32.0 156.97894 89.13394 57.97848 866.0
35.0 32.0 35.0 147.78236 121.14789 95.66203 866.0
35.0 34.0 34.0 127.7825 111.24006 129.59766 2588.0
35.0 34.0 35.0 147.78236 121.14789 95.66203 2588.0
35.0 35.0 35.0 147.78236 121.14789 95.66203 11063.0
35.0 35.0 35.0 147.78236 121.14789 95.66203 11063.0
35.0 41.0 41.0 59.78435 125.9855 122.53287 2.0
35.0 41.0 35.0 147.78236 121.14789 95.66203 2.0
35.0 43.0 43.0 101.8017 137.68913 99.22109 895.0
35.0 43.0 35.0 147.78236 121.14789 95.66203 895.0
35.0 46.0 46.0 114.58727 130.28621 52.77563 1113.0
35.0 46.0 35.0 147.78236 121.14789 95.66203 1113.0
35.0 47.0 47.0 164.18327 62.73753 126.13719 321.0
35.0 47.0 35.0 147.78236 121.14789 95.66203 321.0
36.0 0.0 0.0 55.09295 48.93789 141.98863 478.0
36.0 0.0 36.0 51.15014 19.46341 119.62697 478.0
36.0 2.0 2.0 27.43707 25.2988 87.78049 482.0
36.0 2.0 36.0 51.15014 19.46341 119.62697 482.0
36.0 3.0 3.0 83.13944 3.82694 87.98761 164.0
36.0 3.0 36.0 51.15014 19.46341 119.62697 164.0
36.0 11.0 11.0 48.50113 14.10378 56.58379 68.0
36.0 11.0 36.0 51.15014 19.46341 119.62697 68.0
36.0 13.0 13.0 21.80272 31.14349 56.42171 2.0
36.0 13.0 36.0 51.15014 19.46341 119.62697 2.0
36.0 16.0 16.0 37.08684 39.04485 124.66595 955.0
36.0 16.0 36.0 51.15014 19.46341 119.62697 955.0
36.0 22.0 22.0 25.09666 80.07269 119.45825 7.0
36.0 22.0 36.0 51.15014 19.46341 119.62697 7.0
36.0 27.0 27.0 18.72019 45.36581 103.74845 97.0
36.0 27.0 36.0 51.15014 19.46341 119.62697 97.0
36.0 28.0 28.0 84.20491 39.0627 143.19634 85.0
36.0 28.0 36.0 51.15014 19.46341 119.62697 85.0
36.0 33.0 33.0 97.22045 49.93603 149.23831 4.0
36.0 33.0 36.0 51.15014 19.46341 119.62697 4.0
36.0 36.0 36.0 51.15014 19.46341 119.62697 1449.0
36.0 36.0 36.0 51.15014 19.46341 119.62697 1449.0
36.0 37.0 37.0 80.16729 11.05732 113.80008 890.0
36.0 37.0 36.0 51.15014 19.46341 119.62697 890.0
36.0 42.0 42.0 56.63233 85.21967 144.96239 2.0
36.0 42.0 36.0 51.15014 19.46341 119.62697 2.0
36.0 44.0 44.0 70.29404 22.73162 131.36306 760.0
36.0 44.0 36.0 51.15014 19.46341 119.62697 760.0
37.0 0.0 0.0 55.09295 48.93789 141.98863 78.0
37.0 0.0 37.0 80.16729 11.05732 113.80008 78.0
37.0 2.0 2.0 27.43707 25.2988 87.78049 384.0
37.0 2.0 37.0 80.16729 11.05732 113.80008 384.0
37.0 3.0 3.0 83.13944 3.82694 87.98761 2472.0
37.0 3.0 37.0 80.16729 11.05732 113.80008 2472.0
37.0 7.0 7.0 121.67032 13.4368 56.92783 3.0
37.0 7.0 37.0 80.16729 11.05732 113.80008 3.0
37.0 10.0 10.0 97.11582 3.93651 61.12159 44.0
37.0 10.0 37.0 80.16729 11.05732 113.80008 44.0
37.0 11.0 11.0 48.50113 14.10378 56.58379 253.0
37.0 11.0 37.0 80.16729 11.05732 113.80008 253.0
37.0 13.0 13.0 21.80272 31.14349 56.42171 2.0
37.0 13.0 37.0 80.16729 11.05732 113.80008 2.0
37.0 16.0 16.0 37.08684 39.04485 124.66595 169.0
37.0 16.0 37.0 80.16729 11.05732 113.80008 169.0
37.0 17.0 17.0 122.80065 11.00752 94.59618 488.0
37.0 17.0 37.0 80.16729 11.05732 113.80008 488.0
37.0 18.0 18.0 159.22821 24.86072 93.89711 2.0
37.0 18.0 37.0 80.16729 11.05732 113.80008 2.0
37.0 19.0 19.0 66.46683 15.69873 45.50702 18.0
37.0 19.0 37.0 80.16729 11.05732 113.80008 18.0
37.0 26.0 26.0 132.10139 45.18323 139.14214 111.0
37.0 26.0 37.0 80.16729 11.05732 113.80008 111.0
37.0 27.0 27.0 18.72019 45.36581 103.74845 14.0
37.0 27.0 37.0 80.16729 11.05732 113.80008 14.0
37.0 28.0 28.0 84.20491 39.0627 143.19634 711.0
37.0 28.0 37.0 80.16729 11.05732 113.80008 711.0
37.0 29.0 29.0 122.68666 20.59947 121.20638 1059.0
37.0 29.0 37.0 80.16729 11.05732 113.80008 1059.0
37.0 33.0 33.0 97.22045 49.93603 149.23831 94.0
37.0 33.0 37.0 80.16729 11.05732 113.80008 94.0
37.0 36.0 36.0 51.15014 19.46341 119.62697 839.0
37.0 36.0 37.0 80.16729 11.05732 113.80008 839.0
37.0 37.0 37.0 80.16729 11.05732 113.80008 7788.0
37.0 37.0 37.0 80.16729 11.05732 113.80008 7788.0
37.0 38.0 38.0 88.71604 68.39153 152.62282 1.0
37.0 38.0 37.0 80.16729 11.05732 113.80008 1.0
37.0 40.0 40.0 83.28493 23.53386 42.41476 1.0
37.0 40.0 37.0 80.16729 11.05732 113.80008 1.0
37.0 42.0 42.0 56.63233 85.21967 144.96239 1.0
37.0 42.0 37.0 80.16729 11.05732 113.80008 1.0
37.0 44.0 44.0 70.29404 22.73162 131.36306 1428.0
37.0 44.0 37.0 80.16729 11.05732 113.80008 1428.0
38.0 0.0 0.0 55.09295 48.93789 141.98863 402.0
38.0 0.0 38.0 88.71604 68.39153 152.62282 402.0
38.0 4.0 4.0 72.09776 108.37057 139.69605 205.0
38.0 4.0 38.0 88.71604 68.39153 152.62282 205.0
38.0 16.0 16.0 37.08684 39.04485 124.66595 13.0
38.0 16.0 38.0 88.71604 68.39153 152.62282 13.0
38.0 22.0 22.0 25.09666 80.07269 119.45825 26.0
38.0 22.0 38.0 88.71604 68.39153 152.62282 26.0
38.0 24.0 24.0 107.85426 87.2011 149.15024 1915.0
38.0 24.0 38.0 88.71604 68.39153 152.62282 1915.0
38.0 26.0 26.0 132.10139 45.18323 139.14214 396.0
38.0 26.0 38.0 88.71604 68.39153 152.62282 396.0
38.0 28.0 28.0 84.20491 39.0627 143.19634 602.0
38.0 28.0 38.0 88.71604 68.39153 152.62282 602.0
38.0 29.0 29.0 122.68666 20.59947 121.20638 4.0
38.0 29.0 38.0 88.71604 68.39153 152.62282 4.0
38.0 33.0 33.0 97.22045 49.93603 149.23831 1447.0
38.0 33.0 38.0 88.71604 68.39153 152.62282 1447.0
38.0 34.0 34.0 127.7825 111.24006 129.59766 40.0
38.0 34.0 38.0 88.71604 68.39153 152.62282 40.0
38.0 36.0 36.0 51.15014 19.46341 119.62697 3.0
38.0 36.0 38.0 88.71604 68.39153 152.62282 3.0
38.0 37.0 37.0 80.16729 11.05732 113.80008 2.0
38.0 37.0 38.0 88.71604 68.39153 152.62282 2.0
38.0 38.0 38.0 88.71604 68.39153 152.62282 3079.0
38.0 38.0 38.0 88.71604 68.39153 152.62282 3079.0
38.0 41.0 41.0 59.78435 125.9855 122.53287 3.0
38.0 41.0 38.0 88.71604 68.39153 152.62282 3.0
38.0 42.0 42.0 56.63233 85.21967 144.96239 1053.0
38.0 42.0 38.0 88.71604 68.39153 152.62282 1053.0
38.0 44.0 44.0 70.29404 22.73162 131.36306 8.0
38.0 44.0 38.0 88.71604 68.39153 152.62282 8.0
38.0 47.0 47.0 164.18327 62.73753 126.13719 4.0
38.0 47.0 38.0 88.71604 68.39153 152.62282 4.0
39.0 1.0 1.0 66.25922 89.3085 7.51662 264.0
39.0 1.0 39.0 21.78482 50.1595 32.81728 264.0
39.0 2.0 2.0 27.43707 25.2988 87.78049 147.0
39.0 2.0 39.0 21.78482 50.1595 32.81728 147.0
39.0 5.0 5.0 36.1912 130.05165 82.21127 3.0
39.0 5.0 39.0 21.78482 50.1595 32.81728 3.0
39.0 6.0 6.0 5.47283 84.81215 74.39144 1351.0
39.0 6.0 39.0 21.78482 50.1595 32.81728 1351.0
39.0 11.0 11.0 48.50113 14.10378 56.58379 863.0
39.0 11.0 39.0 21.78482 50.1595 32.81728 863.0
39.0 13.0 13.0 21.80272 31.14349 56.42171 1776.0
39.0 13.0 39.0 21.78482 50.1595 32.81728 1776.0
39.0 19.0 19.0 66.46683 15.69873 45.50702 252.0
39.0 19.0 39.0 21.78482 50.1595 32.81728 252.0
39.0 20.0 20.0 85.12994 53.73696 22.36357 509.0
39.0 20.0 39.0 21.78482 50.1595 32.81728 509.0
39.0 21.0 21.0 28.20766 78.09838 19.36979 2062.0
39.0 21.0 39.0 21.78482 50.1595 32.81728 2062.0
39.0 27.0 27.0 18.72019 45.36581 103.74845 15.0
39.0 27.0 39.0 21.78482 50.1595 32.81728 15.0
39.0 39.0 39.0 21.78482 50.1595 32.81728 9452.0
39.0 39.0 39.0 21.78482 50.1595 32.81728 9452.0
39.0 40.0 40.0 83.28493 23.53386 42.41476 24.0
39.0 40.0 39.0 21.78482 50.1595 32.81728 24.0
39.0 45.0 45.0 35.02643 116.36415 28.643 68.0
39.0 45.0 39.0 21.78482 50.1595 32.81728 68.0
40.0 1.0 1.0 66.25922 89.3085 7.51662 10.0
40.0 1.0 40.0 83.28493 23.53386 42.41476 10.0
40.0 3.0 3.0 83.13944 3.82694 87.98761 118.0
40.0 3.0 40.0 83.28493 23.53386 42.41476 118.0
40.0 7.0 7.0 121.67032 13.4368 56.92783 266.0
40.0 7.0 40.0 83.28493 23.53386 42.41476 266.0
40.0 8.0 8.0 108.17621 85.93979 38.66922 24.0
40.0 8.0 40.0 83.28493 23.53386 42.41476 24.0
40.0 10.0 10.0 97.11582 3.93651 61.12159 1187.0
40.0 10.0 40.0 83.28493 23.53386 42.41476 1187.0
40.0 11.0 11.0 48.50113 14.10378 56.58379 459.0
40.0 11.0 40.0 83.28493 23.53386 42.41476 459.0
40.0 13.0 13.0 21.80272 31.14349 56.42171 5.0
40.0 13.0 40.0 83.28493 23.53386 42.41476 5.0
40.0 15.0 15.0 145.06362 26.53259 64.66029 3.0
40.0 15.0 40.0 83.28493 23.53386 42.41476 3.0
40.0 17.0 17.0 122.80065 11.00752 94.59618 3.0
40.0 17.0 40.0 83.28493 23.53386 42.41476 3.0
40.0 19.0 19.0 66.46683 15.69873 45.50702 1408.0
40.0 19.0 40.0 83.28493 23.53386 42.41476 1408.0
40.0 20.0 20.0 85.12994 53.73696 22.36357 1660.0
40.0 20.0 40.0 83.28493 23.53386 42.41476 1660.0
40.0 21.0 21.0 28.20766 78.09838 19.36979 5.0
40.0 21.0 40.0 83.28493 23.53386 42.41476 5.0
40.0 31.0 31.0 121.52392 38.97339 36.02881 1037.0
40.0 31.0 40.0 83.28493 23.53386 42.41476 1037.0
40.0 37.0 37.0 80.16729 11.05732 113.80008 3.0
40.0 37.0 40.0 83.28493 23.53386 42.41476 3.0
40.0 39.0 39.0 21.78482 50.1595 32.81728 30.0
40.0 39.0 40.0 83.28493 23.53386 42.41476 30.0
40.0 40.0 40.0 83.28493 23.53386 42.41476 4304.0
40.0 40.0 40.0 83.28493 23.53386 42.41476 4304.0
41.0 4.0 4.0 72.09776 108.37057 139.69605 2672.0
41.0 4.0 41.0 59.78435 125.9855 122.53287 2672.0
41.0 5.0 5.0 36.1912 130.05165 82.21127 2117.0
41.0 5.0 41.0 59.78435 125.9855 122.53287 2117.0
41.0 6.0 6.0 5.47283 84.81215 74.39144 16.0
41.0 6.0 41.0 59.78435 125.9855 122.53287 16.0
41.0 9.0 9.0 78.52894 139.95751 102.56873 2045.0
41.0 9.0 41.0 59.78435 125.9855 122.53287 2045.0
41.0 13.0 13.0 21.80272 31.14349 56.42171 1.0
41.0 13.0 41.0 59.78435 125.9855 122.53287 1.0
41.0 22.0 22.0 25.09666 80.07269 119.45825 655.0
41.0 22.0 41.0 59.78435 125.9855 122.53287 655.0
41.0 24.0 24.0 107.85426 87.2011 149.15024 78.0
41.0 24.0 41.0 59.78435 125.9855 122.53287 78.0
41.0 28.0 28.0 84.20491 39.0627 143.19634 1.0
41.0 28.0 41.0 59.78435 125.9855 122.53287 1.0
41.0 30.0 30.0 88.3901 139.92572 62.73099 29.0
41.0 30.0 41.0 59.78435 125.9855 122.53287 29.0
41.0 34.0 34.0 127.7825 111.24006 129.59766 397.0
41.0 34.0 41.0 59.78435 125.9855 122.53287 397.0
41.0 35.0 35.0 147.78236 121.14789 95.66203 1.0
41.0 35.0 41.0 59.78435 125.9855 122.53287 1.0
41.0 38.0 38.0 88.71604 68.39153 152.62282 1.0
41.0 38.0 41.0 59.78435 125.9855 122.53287 1.0
41.0 41.0 41.0 59.78435 125.9855 122.53287 8814.0
41.0 41.0 41.0 59.78435 125.9855 122.53287 8814.0
41.0 42.0 42.0 56.63233 85.21967 144.96239 387.0
41.0 42.0 41.0 59.78435 125.9855 122.53287 387.0
41.0 43.0 43.0 101.8017 137.68913 99.22109 333.0
41.0 43.0 41.0 59.78435 125.9855 122.53287 333.0
42.0 0.0 0.0 55.09295 48.93789 141.98863 869.0
42.0 0.0 42.0 56.63233 85.21967 144.96239 869.0
42.0 4.0 4.0 72.09776 108.37057 139.69605 2113.0
42.0 4.0 42.0 56.63233 85.21967 144.96239 2113.0
42.0 5.0 5.0 36.1912 130.05165 82.21127 43.0
42.0 5.0 42.0 56.63233 85.21967 144.96239 43.0
42.0 16.0 16.0 37.08684 39.04485 124.66595 142.0
42.0 16.0 42.0 56.63233 85.21967 144.96239 142.0
42.0 22.0 22.0 25.09666 80.07269 119.45825 1557.0
42.0 22.0 42.0 56.63233 85.21967 144.96239 1557.0
42.0 24.0 24.0 107.85426 87.2011 149.15024 500.0
42.0 24.0 42.0 56.63233 85.21967 144.96239 500.0
42.0 26.0 26.0 132.10139 45.18323 139.14214 1.0
42.0 26.0 42.0 56.63233 85.21967 144.96239 1.0
42.0 27.0 27.0 18.72019 45.36581 103.74845 1.0
42.0 27.0 42.0 56.63233 85.21967 144.96239 1.0
42.0 28.0 28.0 84.20491 39.0627 143.19634 201.0
42.0 28.0 42.0 56.63233 85.21967 144.96239 201.0
42.0 33.0 33.0 97.22045 49.93603 149.23831 136.0
42.0 33.0 42.0 56.63233 85.21967 144.96239 136.0
42.0 34.0 34.0 127.7825 111.24006 129.59766 7.0
42.0 34.0 42.0 56.63233 85.21967 144.96239 7.0
42.0 36.0 36.0 51.15014 19.46341 119.62697 2.0
42.0 36.0 42.0 56.63233 85.21967 144.96239 2.0
42.0 38.0 38.0 88.71604 68.39153 152.62282 1060.0
42.0 38.0 42.0 56.63233 85.21967 144.96239 1060.0
42.0 41.0 41.0 59.78435 125.9855 122.53287 403.0
42.0 41.0 42.0 56.63233 85.21967 144.96239 403.0
42.0 42.0 42.0 56.63233 85.21967 144.96239 5567.0
42.0 42.0 42.0 56.63233 85.21967 144.96239 5567.0
42.0 44.0 44.0 70.29404 22.73162 131.36306 1.0
42.0 44.0 42.0 56.63233 85.21967 144.96239 1.0
43.0 4.0 4.0 72.09776 108.37057 139.69605 74.0
43.0 4.0 43.0 101.8017 137.68913 99.22109 74.0
43.0 5.0 5.0 36.1912 130.05165 82.21127 57.0
43.0 5.0 43.0 101.8017 137.68913 99.22109 57.0
43.0 9.0 9.0 78.52894 139.95751 102.56873 2025.0
43.0 9.0 43.0 101.8017 137.68913 99.22109 2025.0
43.0 24.0 24.0 107.85426 87.2011 149.15024 7.0
43.0 24.0 43.0 101.8017 137.68913 99.22109 7.0
43.0 30.0 30.0 88.3901 139.92572 62.73099 1985.0
43.0 30.0 43.0 101.8017 137.68913 99.22109 1985.0
43.0 34.0 34.0 127.7825 111.24006 129.59766 1383.0
43.0 34.0 43.0 101.8017 137.68913 99.22109 1383.0
43.0 35.0 35.0 147.78236 121.14789 95.66203 830.0
43.0 35.0 43.0 101.8017 137.68913 99.22109 830.0
43.0 37.0 37.0 80.16729 11.05732 113.80008 1.0
43.0 37.0 43.0 101.8017 137.68913 99.22109 1.0
43.0 41.0 41.0 59.78435 125.9855 122.53287 265.0
43.0 41.0 43.0 101.8017 137.68913 99.22109 265.0
43.0 43.0 43.0 101.8017 137.68913 99.22109 4613.0
43.0 43.0 43.0 101.8017 137.68913 99.22109 4613.0
43.0 45.0 45.0 35.02643 116.36415 28.643 1.0
43.0 45.0 43.0 101.8017 137.68913 99.22109 1.0
43.0 46.0 46.0 114.58727 130.28621 52.77563 154.0
43.0 46.0 43.0 101.8017 137.68913 99.22109 154.0
44.0 0.0 0.0 55.09295 48.93789 141.98863 610.0
44.0 0.0 44.0 70.29404 22.73162 131.36306 610.0
44.0 2.0 2.0 27.43707 25.2988 87.78049 37.0
44.0 2.0 44.0 70.29404 22.73162 131.36306 37.0
44.0 3.0 3.0 83.13944 3.82694 87.98761 57.0
44.0 3.0 44.0 70.29404 22.73162 131.36306 57.0
44.0 11.0 11.0 48.50113 14.10378 56.58379 2.0
44.0 11.0 44.0 70.29404 22.73162 131.36306 2.0
44.0 16.0 16.0 37.08684 39.04485 124.66595 212.0
44.0 16.0 44.0 70.29404 22.73162 131.36306 212.0
44.0 17.0 17.0 122.80065 11.00752 94.59618 6.0
44.0 17.0 44.0 70.29404 22.73162 131.36306 6.0
44.0 22.0 22.0 25.09666 80.07269 119.45825 3.0
44.0 22.0 44.0 70.29404 22.73162 131.36306 3.0
44.0 26.0 26.0 132.10139 45.18323 139.14214 17.0
44.0 26.0 44.0 70.29404 22.73162 131.36306 17.0
44.0 27.0 27.0 18.72019 45.36581 103.74845 3.0
44.0 27.0 44.0 70.29404 22.73162 131.36306 3.0
44.0 28.0 28.0 84.20491 39.0627 143.19634 864.0
44.0 28.0 44.0 70.29404 22.73162 131.36306 864.0
44.0 29.0 29.0 122.68666 20.59947 121.20638 80.0
44.0 29.0 44.0 70.29404 22.73162 131.36306 80.0
44.0 33.0 33.0 97.22045 49.93603 149.23831 95.0
44.0 33.0 44.0 70.29404 22.73162 131.36306 95.0
44.0 36.0 36.0 51.15014 19.46341 119.62697 752.0
44.0 36.0 44.0 70.29404 22.73162 131.36306 752.0
44.0 37.0 37.0 80.16729 11.05732 113.80008 1454.0
44.0 37.0 44.0 70.29404 22.73162 131.36306 1454.0
44.0 38.0 38.0 88.71604 68.39153 152.62282 18.0
44.0 38.0 44.0 70.29404 22.73162 131.36306 18.0
44.0 41.0 41.0 59.78435 125.9855 122.53287 1.0
44.0 41.0 44.0 70.29404 22.73162 131.36306 1.0
44.0 42.0 42.0 56.63233 85.21967 144.96239 2.0
44.0 42.0 44.0 70.29404 22.73162 131.36306 2.0
44.0 44.0 44.0 70.29404 22.73162 131.36306 1757.0
44.0 44.0 44.0 70.29404 22.73162 131.36306 1757.0
45.0 1.0 1.0 66.25922 89.3085 7.51662 1809.0
45.0 1.0 45.0 35.02643 116.36415 28.643 1809.0
45.0 5.0 5.0 36.1912 130.05165 82.21127 2007.0
45.0 5.0 45.0 35.02643 116.36415 28.643 2007.0
45.0 6.0 6.0 5.47283 84.81215 74.39144 942.0
45.0 6.0 45.0 35.02643 116.36415 28.643 942.0
45.0 8.0 8.0 108.17621 85.93979 38.66922 125.0
45.0 8.0 45.0 35.02643 116.36415 28.643 125.0
45.0 9.0 9.0 78.52894 139.95751 102.56873 2.0
45.0 9.0 45.0 35.02643 116.36415 28.643 2.0
45.0 14.0 14.0 128.34735 116.02966 40.30574 5.0
45.0 14.0 45.0 35.02643 116.36415 28.643 5.0
45.0 20.0 20.0 85.12994 53.73696 22.36357 1.0
45.0 20.0 45.0 35.02643 116.36415 28.643 1.0
45.0 21.0 21.0 28.20766 78.09838 19.36979 1761.0
45.0 21.0 45.0 35.02643 116.36415 28.643 1761.0
45.0 22.0 22.0 25.09666 80.07269 119.45825 2.0
45.0 22.0 45.0 35.02643 116.36415 28.643 2.0
45.0 30.0 30.0 88.3901 139.92572 62.73099 810.0
45.0 30.0 45.0 35.02643 116.36415 28.643 810.0
45.0 39.0 39.0 21.78482 50.1595 32.81728 64.0
45.0 39.0 45.0 35.02643 116.36415 28.643 64.0
45.0 45.0 45.0 35.02643 116.36415 28.643 12776.0
45.0 45.0 45.0 35.02643 116.36415 28.643 12776.0
45.0 46.0 46.0 114.58727 130.28621 52.77563 53.0
45.0 46.0 45.0 35.02643 116.36415 28.643 53.0
46.0 1.0 1.0 66.25922 89.3085 7.51662 124.0
46.0 1.0 46.0 114.58727 130.28621 52.77563 124.0
46.0 5.0 5.0 36.1912 130.05165 82.21127 9.0
46.0 5.0 46.0 114.58727 130.28621 52.77563 9.0
46.0 8.0 8.0 108.17621 85.93979 38.66922 1045.0
46.0 8.0 46.0 114.58727 130.28621 52.77563 1045.0
46.0 9.0 9.0 78.52894 139.95751 102.56873 9.0
46.0 9.0 46.0 114.58727 130.28621 52.77563 9.0
46.0 12.0 12.0 179.81143 86.40421 84.86543 3.0
46.0 12.0 46.0 114.58727 130.28621 52.77563 3.0
46.0 14.0 14.0 128.34735 116.02966 40.30574 2735.0
46.0 14.0 46.0 114.58727 130.28621 52.77563 2735.0
46.0 20.0 20.0 85.12994 53.73696 22.36357 3.0
46.0 20.0 46.0 114.58727 130.28621 52.77563 3.0
46.0 30.0 30.0 88.3901 139.92572 62.73099 3310.0
46.0 30.0 46.0 114.58727 130.28621 52.77563 3310.0
46.0 31.0 31.0 121.52392 38.97339 36.02881 1.0
46.0 31.0 46.0 114.58727 130.28621 52.77563 1.0
46.0 32.0 32.0 156.97894 89.13394 57.97848 269.0
46.0 32.0 46.0 114.58727 130.28621 52.77563 269.0
46.0 34.0 34.0 127.7825 111.24006 129.59766 15.0
46.0 34.0 46.0 114.58727 130.28621 52.77563 15.0
46.0 35.0 35.0 147.78236 121.14789 95.66203 1059.0
46.0 35.0 46.0 114.58727 130.28621 52.77563 1059.0
46.0 43.0 43.0 101.8017 137.68913 99.22109 154.0
46.0 43.0 46.0 114.58727 130.28621 52.77563 154.0
46.0 45.0 45.0 35.02643 116.36415 28.643 43.0
46.0 45.0 46.0 114.58727 130.28621 52.77563 43.0
46.0 46.0 46.0 114.58727 130.28621 52.77563 6757.0
46.0 46.0 46.0 114.58727 130.28621 52.77563 6757.0
47.0 12.0 12.0 179.81143 86.40421 84.86543 376.0
47.0 12.0 47.0 164.18327 62.73753 126.13719 376.0
47.0 15.0 15.0 145.06362 26.53259 64.66029 7.0
47.0 15.0 47.0 164.18327 62.73753 126.13719 7.0
47.0 17.0 17.0 122.80065 11.00752 94.59618 17.0
47.0 17.0 47.0 164.18327 62.73753 126.13719 17.0
47.0 18.0 18.0 159.22821 24.86072 93.89711 603.0
47.0 18.0 47.0 164.18327 62.73753 126.13719 603.0
47.0 23.0 23.0 173.48728 43.56325 76.92885 334.0
47.0 23.0 47.0 164.18327 62.73753 126.13719 334.0
47.0 24.0 24.0 107.85426 87.2011 149.15024 218.0
47.0 24.0 47.0 164.18327 62.73753 126.13719 218.0
47.0 25.0 25.0 182.8255 64.10634 100.37914 1168.0
47.0 25.0 47.0 164.18327 62.73753 126.13719 1168.0
47.0 26.0 26.0 132.10139 45.18323 139.14214 1795.0
47.0 26.0 47.0 164.18327 62.73753 126.13719 1795.0
47.0 29.0 29.0 122.68666 20.59947 121.20638 244.0
47.0 29.0 47.0 164.18327 62.73753 126.13719 244.0
47.0 32.0 32.0 156.97894 89.13394 57.97848 3.0
47.0 32.0 47.0 164.18327 62.73753 126.13719 3.0
47.0 33.0 33.0 97.22045 49.93603 149.23831 7.0
47.0 33.0 47.0 164.18327 62.73753 126.13719 7.0
47.0 34.0 34.0 127.7825 111.24006 129.59766 1246.0
47.0 34.0 47.0 164.18327 62.73753 126.13719 1246.0
47.0 35.0 35.0 147.78236 121.14789 95.66203 342.0
47.0 35.0 47.0 164.18327 62.73753 126.13719 342.0
47.0 37.0 37.0 80.16729 11.05732 113.80008 1.0
47.0 37.0 47.0 164.18327 62.73753 126.13719 1.0
47.0 38.0 38.0 88.71604 68.39153 152.62282 4.0
47.0 38.0 47.0 164.18327 62.73753 126.13719 4.0
47.0 47.0 47.0 164.18327 62.73753 126.13719 8571.0
47.0 47.0 47.0 164.18327 62.73753 126.13719 8571.0
