TargetArea SourceArea Area AvgPosX AvgPosY AvgPosZ SumWeights
0.0 0.0 0.0 55.1623 49.3544 142.20281 2479.0
0.0 0.0 0.0 55.1623 49.3544 142.20281 2479.0
0.0 2.0 2.0 27.82868 24.96862 88.38282 9.0
0.0 2.0 0.0 55.1623 49.3544 142.20281 9.0
0.0 3.0 3.0 83.18835 3.82095 87.8445 2.0
0.0 3.0 0.0 55.1623 49.3544 142.20281 2.0
0.0 4.0 4.0 72.20173 108.2917 139.81388 30.0
0.0 4.0 0.0 55.1623 49.3544 142.20281 30.0
0.0 6.0 6.0 5.45775 85.07671 74.42015 1.0
0.0 6.0 0.0 55.1623 49.3544 142.20281 1.0
0.0 16.0 16.0 37.10339 38.60281 124.4068 899.0
0.0 16.0 0.0 55.1623 49.3544 142.20281 899.0
0.0 22.0 22.0 25.22453 80.12979 119.60681 463.0
0.0 22.0 0.0 55.1623 49.3544 142.20281 463.0
0.0 24.0 24.0 107.51079 87.31892 149.12369 20.0
0.0 24.0 0.0 55.1623 49.3544 142.20281 20.0
0.0 26.0 26.0 131.72375 44.97831 139.18145 4.0
0.0 26.0 0.0 55.1623 49.3544 142.20281 4.0
0.0 27.0 27.0 18.72894 45.55941 103.94871 54.0
0.0 27.0 0.0 55.1623 49.3544 142.20281 54.0
0.0 28.0 28.0 83.29051 39.87515 143.51979 869.0
0.0 28.0 0.0 55.1623 49.3544 142.20281 869.0
0.0 29.0 29.0 122.54962 20.67881 121.46195 3.0
0.0 29.0 0.0 55.1623 49.3544 142.20281 3.0
0.0 33.0 33.0 97.59993 49.86301 149.2408 211.0
0.0 33.0 0.0 55.1623 49.3544 142.20281 211.0
0.0 36.0 36.0 51.12771 19.23899 119.23789 299.0
0.0 36.0 0.0 55.1623 49.3544 142.20281 299.0
0.0 37.0 37.0 79.81524 11.05955 113.76203 91.0
0.0 37.0 0.0 55.1623 49.3544 142.20281 91.0
0.0 38.0 38.0 88.34886 68.22188 152.65319 313.0
0.0 38.0 0.0 55.1623 49.3544 142.20281 313.0
0.0 41.0 41.0 59.58574 125.62399 122.70742 5.0
0.0 41.0 0.0 55.1623 49.3544 142.20281 5.0
0.0 42.0 42.0 56.46322 85.11961 144.91673 744.0
0.0 42.0 0.0 55.1623 49.3544 142.20281 744.0
0.0 44.0 44.0 70.62843 22.69663 131.38659 358.0
0.0 44.0 0.0 55.1623 49.3544 142.20281 358.0
1.0 1.0 1.0 66.55685 89.69637 7.80731 6262.0
1.0 1.0 1.0 66.55685 89.69637 7.80731 6262.0
1.0 5.0 5.0 36.54799 130.27823 82.1801 29.0
1.0 5.0 1.0 66.55685 89.69637 7.80731 29.0
1.0 8.0 8.0 108.75438 84.90564 39.05191 1323.0
1.0 8.0 1.0 66.55685 89.69637 7.80731 1323.0
1.0 11.0 11.0 48.32269 14.22854 56.5526 22.0
1.0 11.0 1.0 66.55685 89.69637 7.80731 22.0
1.0 13.0 13.0 21.88133 31.06042 56.36127 1.0
1.0 13.0 1.0 66.55685 89.69637 7.80731 1.0
1.0 14.0 14.0 128.51963 115.91144 40.4193 54.0
1.0 14.0 1.0 66.55685 89.69637 7.80731 54.0
1.0 19.0 19.0 66.74694 15.19815 46.1313 39.0
1.0 19.0 1.0 66.55685 89.69637 7.80731 39.0
1.0 20.0 20.0 85.63148 53.81542 22.81713 1675.0
1.0 20.0 1.0 66.55685 89.69637 7.80731 1675.0
1.0 21.0 21.0 27.80503 77.92688 19.7672 911.0
1.0 21.0 1.0 66.55685 89.69637 7.80731 911.0
1.0 30.0 30.0 88.86974 139.84851 63.05801 280.0
1.0 30.0 1.0 66.55685 89.69637 7.80731 280.0
1.0 31.0 31.0 121.60999 39.39584 35.94128 14.0
1.0 31.0 1.0 66.55685 89.69637 7.80731 14.0
1.0 32.0 32.0 156.66492 89.22948 57.87197 1.0
1.0 32.0 1.0 66.55685 89.69637 7.80731 1.0
1.0 39.0 39.0 21.9619 50.15322 32.64728 229.0
1.0 39.0 1.0 66.55685 89.69637 7.80731 229.0
1.0 40.0 40.0 83.33071 23.53444 42.29444 17.0
1.0 40.0 1.0 66.55685 89.69637 7.80731 17.0
1.0 45.0 45.0 35.12209 116.33846 28.45931 1309.0
1.0 45.0 1.0 66.55685 89.69637 7.80731 1309.0
1.0 46.0 46.0 114.8467 130.50144 52.96569 132.0
1.0 46.0 1.0 66.55685 89.69637 7.80731 132.0
2.0 0.0 0.0 55.1623 49.3544 142.20281 18.0
2.0 0.0 2.0 27.82868 24.96862 88.38282 18.0
2.0 2.0 2.0 27.82868 24.96862 88.38282 4058.0
2.0 2.0 2.0 27.82868 24.96862 88.38282 4058.0
2.0 3.0 3.0 83.18835 3.82095 87.8445 266.0
2.0 3.0 2.0 27.82868 24.96862 88.38282 266.0
2.0 6.0 6.0 5.45775 85.07671 74.42015 308.0
2.0 6.0 2.0 27.82868 24.96862 88.38282 308.0
2.0 10.0 10.0 97.53001 4.03268 61.29911 2.0
2.0 10.0 2.0 27.82868 24.96862 88.38282 2.0
2.0 11.0 11.0 48.32269 14.22854 56.5526 944.0
2.0 11.0 2.0 27.82868 24.96862 88.38282 944.0
2.0 13.0 13.0 21.88133 31.06042 56.36127 800.0
2.0 13.0 2.0 27.82868 24.96862 88.38282 800.0
2.0 16.0 16.0 37.10339 38.60281 124.4068 582.0
2.0 16.0 2.0 27.82868 24.96862 88.38282 582.0
2.0 19.0 19.0 66.74694 15.19815 46.1313 23.0
2.0 19.0 2.0 27.82868 24.96862 88.38282 23.0
2.0 21.0 21.0 27.80503 77.92688 19.7672 1.0
2.0 21.0 2.0 27.82868 24.96862 88.38282 1.0
2.0 22.0 22.0 25.22453 80.12979 119.60681 106.0
2.0 22.0 2.0 27.82868 24.96862 88.38282 106.0
2.0 27.0 27.0 18.72894 45.55941 103.94871 1094.0
2.0 27.0 2.0 27.82868 24.96862 88.38282 1094.0
2.0 28.0 28.0 83.29051 39.87515 143.51979 2.0
2.0 28.0 2.0 27.82868 24.96862 88.38282 2.0
2.0 36.0 36.0 51.12771 19.23899 119.23789 395.0
2.0 36.0 2.0 27.82868 24.96862 88.38282 395.0
2.0 37.0 37.0 79.81524 11.05955 113.76203 344.0
2.0 37.0 2.0 27.82868 24.96862 88.38282 344.0
2.0 39.0 39.0 21.9619 50.15322 32.64728 122.0
2.0 39.0 2.0 27.82868 24.96862 88.38282 122.0
2.0 40.0 40.0 83.33071 23.53444 42.29444 7.0
2.0 40.0 2.0 27.82868 24.96862 88.38282 7.0
2.0 44.0 44.0 70.62843 22.69663 131.38659 34.0
2.0 44.0 2.0 27.82868 24.96862 88.38282 34.0
3.0 0.0 0.0 55.1623 49.3544 142.20281 2.0
3.0 0.0 3.0 83.18835 3.82095 87.8445 2.0
3.0 2.0 2.0 27.82868 24.96862 88.38282 215.0
3.0 2.0 3.0 83.18835 3.82095 87.8445 215.0
3.0 3.0 3.0 83.18835 3.82095 87.8445 4320.0
3.0 3.0 3.0 83.18835 3.82095 87.8445 4320.0
3.0 7.0 7.0 121.79396 13.47091 56.8947 179.0
3.0 7.0 3.0 83.18835 3.82095 87.8445 179.0
3.0 10.0 10.0 97.53001 4.03268 61.29911 1188.0
3.0 10.0 3.0 83.18835 3.82095 87.8445 1188.0
3.0 11.0 11.0 48.32269 14.22854 56.5526 715.0
3.0 11.0 3.0 83.18835 3.82095 87.8445 715.0
3.0 13.0 13.0 21.88133 31.06042 56.36127 9.0
3.0 13.0 3.0 83.18835 3.82095 87.8445 9.0
3.0 15.0 15.0 144.72157 26.38078 64.34411 33.0
3.0 15.0 3.0 83.18835 3.82095 87.8445 33.0
3.0 16.0 16.0 37.10339 38.60281 124.4068 19.0
3.0 16.0 3.0 83.18835 3.82095 87.8445 19.0
3.0 17.0 17.0 122.96852 11.06169 94.74016 879.0
3.0 17.0 3.0 83.18835 3.82095 87.8445 879.0
3.0 18.0 18.0 159.44968 25.0003 93.52743 3.0
3.0 18.0 3.0 83.18835 3.82095 87.8445 3.0
3.0 19.0 19.0 66.74694 15.19815 46.1313 381.0
3.0 19.0 3.0 83.18835 3.82095 87.8445 381.0
3.0 26.0 26.0 131.72375 44.97831 139.18145 4.0
3.0 26.0 3.0 83.18835 3.82095 87.8445 4.0
3.0 27.0 27.0 18.72894 45.55941 103.94871 4.0
3.0 27.0 3.0 83.18835 3.82095 87.8445 4.0
3.0 28.0 28.0 83.29051 39.87515 143.51979 12.0
3.0 28.0 3.0 83.18835 3.82095 87.8445 12.0
3.0 29.0 29.0 122.54962 20.67881 121.46195 155.0
3.0 29.0 3.0 83.18835 3.82095 87.8445 155.0
3.0 31.0 31.0 121.60999 39.39584 35.94128 3.0
3.0 31.0 3.0 83.18835 3.82095 87.8445 3.0
3.0 36.0 36.0 51.12771 19.23899 119.23789 138.0
3.0 36.0 3.0 83.18835 3.82095 87.8445 138.0
3.0 37.0 37.0 79.81524 11.05955 113.76203 1722.0
3.0 37.0 3.0 83.18835 3.82095 87.8445 1722.0
3.0 40.0 40.0 83.33071 23.53444 42.29444 149.0
3.0 40.0 3.0 83.18835 3.82095 87.8445 149.0
3.0 44.0 44.0 70.62843 22.69663 131.38659 48.0
3.0 44.0 3.0 83.18835 3.82095 87.8445 48.0
4.0 0.0 0.0 55.1623 49.3544 142.20281 28.0
4.0 0.0 4.0 72.20173 108.2917 139.81388 28.0
4.0 4.0 4.0 72.20173 108.2917 139.81388 4285.0
4.0 4.0 4.0 72.20173 108.2917 139.81388 4285.0
4.0 5.0 5.0 36.54799 130.27823 82.1801 85.0
4.0 5.0 4.0 72.20173 108.2917 139.81388 85.0
4.0 6.0 6.0 5.45775 85.07671 74.42015 4.0
4.0 6.0 4.0 72.20173 108.2917 139.81388 4.0
4.0 9.0 9.0 78.34557 140.11264 102.31143 224.0
4.0 9.0 4.0 72.20173 108.2917 139.81388 224.0
4.0 16.0 16.0 37.10339 38.60281 124.4068 2.0
4.0 16.0 4.0 72.20173 108.2917 139.81388 2.0
4.0 22.0 22.0 25.22453 80.12979 119.60681 347.0
4.0 22.0 4.0 72.20173 108.2917 139.81388 347.0
4.0 24.0 24.0 107.51079 87.31892 149.12369 1139.0
4.0 24.0 4.0 72.20173 108.2917 139.81388 1139.0
4.0 27.0 27.0 18.72894 45.55941 103.94871 1.0
4.0 27.0 4.0 72.20173 108.2917 139.81388 1.0
4.0 28.0 28.0 83.29051 39.87515 143.51979 7.0
4.0 28.0 4.0 72.20173 108.2917 139.81388 7.0
4.0 30.0 30.0 88.86974 139.84851 63.05801 1.0
4.0 30.0 4.0 72.20173 108.2917 139.81388 1.0
4.0 33.0 33.0 97.59993 49.86301 149.2408 7.0
4.0 33.0 4.0 72.20173 108.2917 139.81388 7.0
4.0 34.0 34.0 127.3516 111.55167 129.4764 617.0
4.0 34.0 4.0 72.20173 108.2917 139.81388 617.0
4.0 35.0 35.0 147.16946 121.50903 95.51339 4.0
4.0 35.0 4.0 72.20173 108.2917 139.81388 4.0
4.0 38.0 38.0 88.34886 68.22188 152.65319 190.0
4.0 38.0 4.0 72.20173 108.2917 139.81388 190.0
4.0 41.0 41.0 59.58574 125.62399 122.70742 1954.0
4.0 41.0 4.0 72.20173 108.2917 139.81388 1954.0
4.0 42.0 42.0 56.46322 85.11961 144.91673 1556.0
4.0 42.0 4.0 72.20173 108.2917 139.81388 1556.0
4.0 43.0 43.0 102.36967 137.40644 99.85879 76.0
4.0 43.0 4.0 72.20173 108.2917 139.81388 76.0
4.0 45.0 45.0 35.12209 116.33846 28.45931 1.0
4.0 45.0 4.0 72.20173 108.2917 139.81388 1.0
5.0 1.0 1.0 66.55685 89.69637 7.80731 25.0
5.0 1.0 5.0 36.54799 130.27823 82.1801 25.0
5.0 4.0 4.0 72.20173 108.2917 139.81388 109.0
5.0 4.0 5.0 36.54799 130.27823 82.1801 109.0
5.0 5.0 5.0 36.54799 130.27823 82.1801 13574.0
5.0 5.0 5.0 36.54799 130.27823 82.1801 13574.0
5.0 6.0 6.0 5.45775 85.07671 74.42015 1467.0
5.0 6.0 5.0 36.54799 130.27823 82.1801 1467.0
5.0 8.0 8.0 108.75438 84.90564 39.05191 16.0
5.0 8.0 5.0 36.54799 130.27823 82.1801 16.0
5.0 9.0 9.0 78.34557 140.11264 102.31143 1109.0
5.0 9.0 5.0 36.54799 130.27823 82.1801 1109.0
5.0 16.0 16.0 37.10339 38.60281 124.4068 1.0
5.0 16.0 5.0 36.54799 130.27823 82.1801 1.0
5.0 21.0 21.0 27.80503 77.92688 19.7672 20.0
5.0 21.0 5.0 36.54799 130.27823 82.1801 20.0
5.0 22.0 22.0 25.22453 80.12979 119.60681 914.0
5.0 22.0 5.0 36.54799 130.27823 82.1801 914.0
5.0 27.0 27.0 18.72894 45.55941 103.94871 4.0
5.0 27.0 5.0 36.54799 130.27823 82.1801 4.0
5.0 30.0 30.0 88.86974 139.84851 63.05801 1354.0
5.0 30.0 5.0 36.54799 130.27823 82.1801 1354.0
5.0 39.0 39.0 21.9619 50.15322 32.64728 1.0
5.0 39.0 5.0 36.54799 130.27823 82.1801 1.0
5.0 41.0 41.0 59.58574 125.62399 122.70742 1732.0
5.0 41.0 5.0 36.54799 130.27823 82.1801 1732.0
5.0 42.0 42.0 56.46322 85.11961 144.91673 60.0
5.0 42.0 5.0 36.54799 130.27823 82.1801 60.0
5.0 43.0 43.0 102.36967 137.40644 99.85879 103.0
5.0 43.0 5.0 36.54799 130.27823 82.1801 103.0
5.0 45.0 45.0 35.12209 116.33846 28.45931 1358.0
5.0 45.0 5.0 36.54799 130.27823 82.1801 1358.0
5.0 46.0 46.0 114.8467 130.50144 52.96569 19.0
5.0 46.0 5.0 36.54799 130.27823 82.1801 19.0
6.0 0.0 0.0 55.1623 49.3544 142.20281 1.0
6.0 0.0 6.0 5.45775 85.07671 74.42015 1.0
6.0 1.0 1.0 66.55685 89.69637 7.80731 2.0
6.0 1.0 6.0 5.45775 85.07671 74.42015 2.0
6.0 2.0 2.0 27.82868 24.96862 88.38282 374.0
6.0 2.0 6.0 5.45775 85.07671 74.42015 374.0
6.0 3.0 3.0 83.18835 3.82095 87.8445 1.0
6.0 3.0 6.0 5.45775 85.07671 74.42015 1.0
6.0 4.0 4.0 72.20173 108.2917 139.81388 3.0
6.0 4.0 6.0 5.45775 85.07671 74.42015 3.0
6.0 5.0 5.0 36.54799 130.27823 82.1801 1515.0
6.0 5.0 6.0 5.45775 85.07671 74.42015 1515.0
6.0 6.0 6.0 5.45775 85.07671 74.42015 9332.0
6.0 6.0 6.0 5.45775 85.07671 74.42015 9332.0
6.0 11.0 11.0 48.32269 14.22854 56.5526 7.0
6.0 11.0 6.0 5.45775 85.07671 74.42015 7.0
6.0 13.0 13.0 21.88133 31.06042 56.36127 294.0
6.0 13.0 6.0 5.45775 85.07671 74.42015 294.0
6.0 16.0 16.0 37.10339 38.60281 124.4068 15.0
6.0 16.0 6.0 5.45775 85.07671 74.42015 15.0
6.0 21.0 21.0 27.80503 77.92688 19.7672 506.0
6.0 21.0 6.0 5.45775 85.07671 74.42015 506.0
6.0 22.0 22.0 25.22453 80.12979 119.60681 1515.0
6.0 22.0 6.0 5.45775 85.07671 74.42015 1515.0
6.0 27.0 27.0 18.72894 45.55941 103.94871 610.0
6.0 27.0 6.0 5.45775 85.07671 74.42015 610.0
6.0 30.0 30.0 88.86974 139.84851 63.05801 3.0
6.0 30.0 6.0 5.45775 85.07671 74.42015 3.0
6.0 39.0 39.0 21.9619 50.15322 32.64728 944.0
6.0 39.0 6.0 5.45775 85.07671 74.42015 944.0
6.0 41.0 41.0 59.58574 125.62399 122.70742 37.0
6.0 41.0 6.0 5.45775 85.07671 74.42015 37.0
6.0 42.0 42.0 56.46322 85.11961 144.91673 5.0
6.0 42.0 6.0 5.45775 85.07671 74.42015 5.0
6.0 45.0 45.0 35.12209 116.33846 28.45931 684.0
6.0 45.0 6.0 5.45775 85.07671 74.42015 684.0
6.0 46.0 46.0 114.8467 130.50144 52.96569 1.0
6.0 46.0 6.0 5.45775 85.07671 74.42015 1.0
7.0 3.0 3.0 83.18835 3.82095 87.8445 196.0
7.0 3.0 7.0 121.79396 13.47091 56.8947 196.0
7.0 7.0 7.0 121.79396 13.47091 56.8947 2609.0
7.0 7.0 7.0 121.79396 13.47091 56.8947 2609.0
7.0 8.0 8.0 108.75438 84.90564 39.05191 20.0
7.0 8.0 7.0 121.79396 13.47091 56.8947 20.0
7.0 10.0 10.0 97.53001 4.03268 61.29911 1003.0
7.0 10.0 7.0 121.79396 13.47091 56.8947 1003.0
7.0 11.0 11.0 48.32269 14.22854 56.5526 3.0
7.0 11.0 7.0 121.79396 13.47091 56.8947 3.0
7.0 15.0 15.0 144.72157 26.38078 64.34411 1067.0
7.0 15.0 7.0 121.79396 13.47091 56.8947 1067.0
7.0 17.0 17.0 122.96852 11.06169 94.74016 615.0
7.0 17.0 7.0 121.79396 13.47091 56.8947 615.0
7.0 18.0 18.0 159.44968 25.0003 93.52743 37.0
7.0 18.0 7.0 121.79396 13.47091 56.8947 37.0
7.0 19.0 19.0 66.74694 15.19815 46.1313 23.0
7.0 19.0 7.0 121.79396 13.47091 56.8947 23.0
7.0 20.0 20.0 85.63148 53.81542 22.81713 46.0
7.0 20.0 7.0 121.79396 13.47091 56.8947 46.0
7.0 23.0 23.0 173.38271 43.65619 76.14915 9.0
7.0 23.0 7.0 121.79396 13.47091 56.8947 9.0
7.0 29.0 29.0 122.54962 20.67881 121.46195 23.0
7.0 29.0 7.0 121.79396 13.47091 56.8947 23.0
7.0 31.0 31.0 121.60999 39.39584 35.94128 1073.0
7.0 31.0 7.0 121.79396 13.47091 56.8947 1073.0
7.0 32.0 32.0 156.66492 89.22948 57.87197 4.0
7.0 32.0 7.0 121.79396 13.47091 56.8947 4.0
7.0 37.0 37.0 79.81524 11.05955 113.76203 11.0
7.0 37.0 7.0 121.79396 13.47091 56.8947 11.0
7.0 40.0 40.0 83.33071 23.53444 42.29444 254.0
7.0 40.0 7.0 121.79396 13.47091 56.8947 254.0
8.0 1.0 1.0 66.55685 89.69637 7.80731 1078.0
8.0 1.0 8.0 108.75438 84.90564 39.05191 1078.0
8.0 5.0 5.0 36.54799 130.27823 82.1801 17.0
8.0 5.0 8.0 108.75438 84.90564 39.05191 17.0
8.0 7.0 7.0 121.79396 13.47091 56.8947 8.0
8.0 7.0 8.0 108.75438 84.90564 39.05191 8.0
8.0 8.0 8.0 108.75438 84.90564 39.05191 18864.0
8.0 8.0 8.0 108.75438 84.90564 39.05191 18864.0
8.0 9.0 9.0 78.34557 140.11264 102.31143 1.0
8.0 9.0 8.0 108.75438 84.90564 39.05191 1.0
8.0 10.0 10.0 97.53001 4.03268 61.29911 1.0
8.0 10.0 8.0 108.75438 84.90564 39.05191 1.0
8.0 12.0 12.0 179.80531 86.52663 84.90779 5.0
8.0 12.0 8.0 108.75438 84.90564 39.05191 5.0
8.0 14.0 14.0 128.51963 115.91144 40.4193 1857.0
8.0 14.0 8.0 108.75438 84.90564 39.05191 1857.0
8.0 15.0 15.0 144.72157 26.38078 64.34411 47.0
8.0 15.0 8.0 108.75438 84.90564 39.05191 47.0
8.0 20.0 20.0 85.63148 53.81542 22.81713 2349.0
8.0 20.0 8.0 108.75438 84.90564 39.05191 2349.0
8.0 21.0 21.0 27.80503 77.92688 19.7672 1.0
8.0 21.0 8.0 108.75438 84.90564 39.05191 1.0
8.0 23.0 23.0 173.38271 43.65619 76.14915 13.0
8.0 23.0 8.0 108.75438 84.90564 39.05191 13.0
8.0 24.0 24.0 107.51079 87.31892 149.12369 1.0
8.0 24.0 8.0 108.75438 84.90564 39.05191 1.0
8.0 30.0 30.0 88.86974 139.84851 63.05801 417.0
8.0 30.0 8.0 108.75438 84.90564 39.05191 417.0
8.0 31.0 31.0 121.60999 39.39584 35.94128 1414.0
8.0 31.0 8.0 108.75438 84.90564 39.05191 1414.0
8.0 32.0 32.0 156.66492 89.22948 57.87197 995.0
8.0 32.0 8.0 108.75438 84.90564 39.05191 995.0
8.0 35.0 35.0 147.16946 121.50903 95.51339 4.0
8.0 35.0 8.0 108.75438 84.90564 39.05191 4.0
8.0 40.0 40.0 83.33071 23.53444 42.29444 35.0
8.0 40.0 8.0 108.75438 84.90564 39.05191 35.0
8.0 41.0 41.0 59.58574 125.62399 122.70742 1.0
8.0 41.0 8.0 108.75438 84.90564 39.05191 1.0
8.0 43.0 43.0 102.36967 137.40644 99.85879 1.0
8.0 43.0 8.0 108.75438 84.90564 39.05191 1.0
8.0 45.0 45.0 35.12209 116.33846 28.45931 97.0
8.0 45.0 8.0 108.75438 84.90564 39.05191 97.0
8.0 46.0 46.0 114.8467 130.50144 52.96569 713.0
8.0 46.0 8.0 108.75438 84.90564 39.05191 713.0
9.0 4.0 4.0 72.20173 108.2917 139.81388 252.0
9.0 4.0 9.0 78.34557 140.11264 102.31143 252.0
9.0 5.0 5.0 36.54799 130.27823 82.1801 1030.0
9.0 5.0 9.0 78.34557 140.11264 102.31143 1030.0
9.0 9.0 9.0 78.34557 140.11264 102.31143 2975.0
9.0 9.0 9.0 78.34557 140.11264 102.31143 2975.0
9.0 22.0 22.0 25.22453 80.12979 119.60681 2.0
9.0 22.0 9.0 78.34557 140.11264 102.31143 2.0
9.0 24.0 24.0 107.51079 87.31892 149.12369 31.0
9.0 24.0 9.0 78.34557 140.11264 102.31143 31.0
9.0 30.0 30.0 88.86974 139.84851 63.05801 836.0
9.0 30.0 9.0 78.34557 140.11264 102.31143 836.0
9.0 34.0 34.0 127.3516 111.55167 129.4764 440.0
9.0 34.0 9.0 78.34557 140.11264 102.31143 440.0
9.0 35.0 35.0 147.16946 121.50903 95.51339 20.0
9.0 35.0 9.0 78.34557 140.11264 102.31143 20.0
9.0 41.0 41.0 59.58574 125.62399 122.70742 1456.0
9.0 41.0 9.0 78.34557 140.11264 102.31143 1456.0
9.0 43.0 43.0 102.36967 137.40644 99.85879 1453.0
9.0 43.0 9.0 78.34557 140.11264 102.31143 1453.0
9.0 45.0 45.0 35.12209 116.33846 28.45931 4.0
9.0 45.0 9.0 78.34557 140.11264 102.31143 4.0
9.0 46.0 46.0 114.8467 130.50144 52.96569 12.0
9.0 46.0 9.0 78.34557 140.11264 102.31143 12.0
10.0 2.0 2.0 27.82868 24.96862 88.38282 7.0
10.0 2.0 10.0 97.53001 4.03268 61.29911 7.0
10.0 3.0 3.0 83.18835 3.82095 87.8445 1083.0
10.0 3.0 10.0 97.53001 4.03268 61.29911 1083.0
10.0 7.0 7.0 121.79396 13.47091 56.8947 1072.0
10.0 7.0 10.0 97.53001 4.03268 61.29911 1072.0
10.0 10.0 10.0 97.53001 4.03268 61.29911 2509.0
10.0 10.0 10.0 97.53001 4.03268 61.29911 2509.0
10.0 11.0 11.0 48.32269 14.22854 56.5526 148.0
10.0 11.0 10.0 97.53001 4.03268 61.29911 148.0
10.0 15.0 15.0 144.72157 26.38078 64.34411 93.0
10.0 15.0 10.0 97.53001 4.03268 61.29911 93.0
10.0 17.0 17.0 122.96852 11.06169 94.74016 407.0
10.0 17.0 10.0 97.53001 4.03268 61.29911 407.0
10.0 18.0 18.0 159.44968 25.0003 93.52743 1.0
10.0 18.0 10.0 97.53001 4.03268 61.29911 1.0
10.0 19.0 19.0 66.74694 15.19815 46.1313 428.0
10.0 19.0 10.0 97.53001 4.03268 61.29911 428.0
10.0 20.0 20.0 85.63148 53.81542 22.81713 42.0
10.0 20.0 10.0 97.53001 4.03268 61.29911 42.0
10.0 29.0 29.0 122.54962 20.67881 121.46195 6.0
10.0 29.0 10.0 97.53001 4.03268 61.29911 6.0
10.0 31.0 31.0 121.60999 39.39584 35.94128 328.0
10.0 31.0 10.0 97.53001 4.03268 61.29911 328.0
10.0 37.0 37.0 79.81524 11.05955 113.76203 66.0
10.0 37.0 10.0 97.53001 4.03268 61.29911 66.0
10.0 40.0 40.0 83.33071 23.53444 42.29444 809.0
10.0 40.0 10.0 97.53001 4.03268 61.29911 809.0
11.0 1.0 1.0 66.55685 89.69637 7.80731 29.0
11.0 1.0 11.0 48.32269 14.22854 56.5526 29.0
11.0 2.0 2.0 27.82868 24.96862 88.38282 997.0
11.0 2.0 11.0 48.32269 14.22854 56.5526 997.0
11.0 3.0 3.0 83.18835 3.82095 87.8445 764.0
11.0 3.0 11.0 48.32269 14.22854 56.5526 764.0
11.0 6.0 6.0 5.45775 85.07671 74.42015 4.0
11.0 6.0 11.0 48.32269 14.22854 56.5526 4.0
11.0 7.0 7.0 121.79396 13.47091 56.8947 3.0
11.0 7.0 11.0 48.32269 14.22854 56.5526 3.0
11.0 10.0 10.0 97.53001 4.03268 61.29911 188.0
11.0 10.0 11.0 48.32269 14.22854 56.5526 188.0
11.0 11.0 11.0 48.32269 14.22854 56.5526 4654.0
11.0 11.0 11.0 48.32269 14.22854 56.5526 4654.0
11.0 13.0 13.0 21.88133 31.06042 56.36127 934.0
11.0 13.0 11.0 48.32269 14.22854 56.5526 934.0
11.0 16.0 16.0 37.10339 38.60281 124.4068 29.0
11.0 16.0 11.0 48.32269 14.22854 56.5526 29.0
11.0 19.0 19.0 66.74694 15.19815 46.1313 1336.0
11.0 19.0 11.0 48.32269 14.22854 56.5526 1336.0
11.0 20.0 20.0 85.63148 53.81542 22.81713 266.0
11.0 20.0 11.0 48.32269 14.22854 56.5526 266.0
11.0 21.0 21.0 27.80503 77.92688 19.7672 31.0
11.0 21.0 11.0 48.32269 14.22854 56.5526 31.0
11.0 22.0 22.0 25.22453 80.12979 119.60681 1.0
11.0 22.0 11.0 48.32269 14.22854 56.5526 1.0
11.0 27.0 27.0 18.72894 45.55941 103.94871 18.0
11.0 27.0 11.0 48.32269 14.22854 56.5526 18.0
11.0 29.0 29.0 122.54962 20.67881 121.46195 1.0
11.0 29.0 11.0 48.32269 14.22854 56.5526 1.0
11.0 31.0 31.0 121.60999 39.39584 35.94128 8.0
11.0 31.0 11.0 48.32269 14.22854 56.5526 8.0
11.0 36.0 36.0 51.12771 19.23899 119.23789 64.0
11.0 36.0 11.0 48.32269 14.22854 56.5526 64.0
11.0 37.0 37.0 79.81524 11.05955 113.76203 210.0
11.0 37.0 11.0 48.32269 14.22854 56.5526 210.0
11.0 39.0 39.0 21.9619 50.15322 32.64728 600.0
11.0 39.0 11.0 48.32269 14.22854 56.5526 600.0
11.0 40.0 40.0 83.33071 23.53444 42.29444 519.0
11.0 40.0 11.0 48.32269 14.22854 56.5526 519.0
11.0 44.0 44.0 70.62843 22.69663 131.38659 5.0
11.0 44.0 11.0 48.32269 14.22854 56.5526 5.0
12.0 8.0 8.0 108.75438 84.90564 39.05191 16.0
12.0 8.0 12.0 179.80531 86.52663 84.90779 16.0
12.0 12.0 12.0 179.80531 86.52663 84.90779 3151.0
12.0 12.0 12.0 179.80531 86.52663 84.90779 3151.0
12.0 14.0 14.0 128.51963 115.91144 40.4193 34.0
12.0 14.0 12.0 179.80531 86.52663 84.90779 34.0
12.0 15.0 15.0 144.72157 26.38078 64.34411 45.0
12.0 15.0 12.0 179.80531 86.52663 84.90779 45.0
12.0 18.0 18.0 159.44968 25.0003 93.52743 50.0
12.0 18.0 12.0 179.80531 86.52663 84.90779 50.0
12.0 23.0 23.0 173.38271 43.65619 76.14915 412.0
12.0 23.0 12.0 179.80531 86.52663 84.90779 412.0
12.0 24.0 24.0 107.51079 87.31892 149.12369 2.0
12.0 24.0 12.0 179.80531 86.52663 84.90779 2.0
12.0 25.0 25.0 182.70918 64.91275 100.89798 739.0
12.0 25.0 12.0 179.80531 86.52663 84.90779 739.0
12.0 26.0 26.0 131.72375 44.97831 139.18145 4.0
12.0 26.0 12.0 179.80531 86.52663 84.90779 4.0
12.0 29.0 29.0 122.54962 20.67881 121.46195 1.0
12.0 29.0 12.0 179.80531 86.52663 84.90779 1.0
12.0 31.0 31.0 121.60999 39.39584 35.94128 12.0
12.0 31.0 12.0 179.80531 86.52663 84.90779 12.0
12.0 32.0 32.0 156.66492 89.22948 57.87197 1222.0
12.0 32.0 12.0 179.80531 86.52663 84.90779 1222.0
12.0 34.0 34.0 127.3516 111.55167 129.4764 116.0
12.0 34.0 12.0 179.80531 86.52663 84.90779 116.0
12.0 35.0 35.0 147.16946 121.50903 95.51339 867.0
12.0 35.0 12.0 179.80531 86.52663 84.90779 867.0
12.0 46.0 46.0 114.8467 130.50144 52.96569 20.0
12.0 46.0 12.0 179.80531 86.52663 84.90779 20.0
12.0 47.0 47.0 164.0898 62.48361 126.2541 384.0
12.0 47.0 12.0 179.80531 86.52663 84.90779 384.0
13.0 1.0 1.0 66.55685 89.69637 7.80731 4.0
13.0 1.0 13.0 21.88133 31.06042 56.36127 4.0
13.0 2.0 2.0 27.82868 24.96862 88.38282 927.0
13.0 2.0 13.0 21.88133 31.06042 56.36127 927.0
13.0 3.0 3.0 83.18835 3.82095 87.8445 9.0
13.0 3.0 13.0 21.88133 31.06042 56.36127 9.0
13.0 6.0 6.0 5.45775 85.07671 74.42015 313.0
13.0 6.0 13.0 21.88133 31.06042 56.36127 313.0
13.0 11.0 11.0 48.32269 14.22854 56.5526 1118.0
13.0 11.0 13.0 21.88133 31.06042 56.36127 1118.0
13.0 13.0 13.0 21.88133 31.06042 56.36127 1952.0
13.0 13.0 13.0 21.88133 31.06042 56.36127 1952.0
13.0 16.0 16.0 37.10339 38.60281 124.4068 7.0
13.0 16.0 13.0 21.88133 31.06042 56.36127 7.0
13.0 19.0 19.0 66.74694 15.19815 46.1313 82.0
13.0 19.0 13.0 21.88133 31.06042 56.36127 82.0
13.0 20.0 20.0 85.63148 53.81542 22.81713 12.0
13.0 20.0 13.0 21.88133 31.06042 56.36127 12.0
13.0 21.0 21.0 27.80503 77.92688 19.7672 34.0
13.0 21.0 13.0 21.88133 31.06042 56.36127 34.0
13.0 22.0 22.0 25.22453 80.12979 119.60681 10.0
13.0 22.0 13.0 21.88133 31.06042 56.36127 10.0
13.0 27.0 27.0 18.72894 45.55941 103.94871 110.0
13.0 27.0 13.0 21.88133 31.06042 56.36127 110.0
13.0 36.0 36.0 51.12771 19.23899 119.23789 2.0
13.0 36.0 13.0 21.88133 31.06042 56.36127 2.0
13.0 37.0 37.0 79.81524 11.05955 113.76203 8.0
13.0 37.0 13.0 21.88133 31.06042 56.36127 8.0
13.0 39.0 39.0 21.9619 50.15322 32.64728 1098.0
13.0 39.0 13.0 21.88133 31.06042 56.36127 1098.0
13.0 40.0 40.0 83.33071 23.53444 42.29444 23.0
13.0 40.0 13.0 21.88133 31.06042 56.36127 23.0
14.0 1.0 1.0 66.55685 89.69637 7.80731 57.0
14.0 1.0 14.0 128.51963 115.91144 40.4193 57.0
14.0 8.0 8.0 108.75438 84.90564 39.05191 1963.0
14.0 8.0 14.0 128.51963 115.91144 40.4193 1963.0
14.0 12.0 12.0 179.80531 86.52663 84.90779 10.0
14.0 12.0 14.0 128.51963 115.91144 40.4193 10.0
14.0 14.0 14.0 128.51963 115.91144 40.4193 4134.0
14.0 14.0 14.0 128.51963 115.91144 40.4193 4134.0
14.0 20.0 20.0 85.63148 53.81542 22.81713 14.0
14.0 20.0 14.0 128.51963 115.91144 40.4193 14.0
14.0 23.0 23.0 173.38271 43.65619 76.14915 1.0
14.0 23.0 14.0 128.51963 115.91144 40.4193 1.0
14.0 25.0 25.0 182.70918 64.91275 100.89798 1.0
14.0 25.0 14.0 128.51963 115.91144 40.4193 1.0
14.0 30.0 30.0 88.86974 139.84851 63.05801 248.0
14.0 30.0 14.0 128.51963 115.91144 40.4193 248.0
14.0 31.0 31.0 121.60999 39.39584 35.94128 17.0
14.0 31.0 14.0 128.51963 115.91144 40.4193 17.0
14.0 32.0 32.0 156.66492 89.22948 57.87197 1010.0
14.0 32.0 14.0 128.51963 115.91144 40.4193 1010.0
14.0 34.0 34.0 127.3516 111.55167 129.4764 1.0
14.0 34.0 14.0 128.51963 115.91144 40.4193 1.0
14.0 35.0 35.0 147.16946 121.50903 95.51339 265.0
14.0 35.0 14.0 128.51963 115.91144 40.4193 265.0
14.0 43.0 43.0 102.36967 137.40644 99.85879 8.0
14.0 43.0 14.0 128.51963 115.91144 40.4193 8.0
14.0 45.0 45.0 35.12209 116.33846 28.45931 4.0
14.0 45.0 14.0 128.51963 115.91144 40.4193 4.0
14.0 46.0 46.0 114.8467 130.50144 52.96569 1936.0
14.0 46.0 14.0 128.51963 115.91144 40.4193 1936.0
15.0 3.0 3.0 83.18835 3.82095 87.8445 26.0
15.0 3.0 15.0 144.72157 26.38078 64.34411 26.0
15.0 7.0 7.0 121.79396 13.47091 56.8947 1130.0
15.0 7.0 15.0 144.72157 26.38078 64.34411 1130.0
15.0 8.0 8.0 108.75438 84.90564 39.05191 85.0
15.0 8.0 15.0 144.72157 26.38078 64.34411 85.0
15.0 10.0 10.0 97.53001 4.03268 61.29911 96.0
15.0 10.0 15.0 144.72157 26.38078 64.34411 96.0
15.0 12.0 12.0 179.80531 86.52663 84.90779 28.0
15.0 12.0 15.0 144.72157 26.38078 64.34411 28.0
15.0 15.0 15.0 144.72157 26.38078 64.34411 2844.0
15.0 15.0 15.0 144.72157 26.38078 64.34411 2844.0
15.0 17.0 17.0 122.96852 11.06169 94.74016 682.0
15.0 17.0 15.0 144.72157 26.38078 64.34411 682.0
15.0 18.0 18.0 159.44968 25.0003 93.52743 646.0
15.0 18.0 15.0 144.72157 26.38078 64.34411 646.0
15.0 20.0 20.0 85.63148 53.81542 22.81713 5.0
15.0 20.0 15.0 144.72157 26.38078 64.34411 5.0
15.0 23.0 23.0 173.38271 43.65619 76.14915 541.0
15.0 23.0 15.0 144.72157 26.38078 64.34411 541.0
15.0 25.0 25.0 182.70918 64.91275 100.89798 12.0
15.0 25.0 15.0 144.72157 26.38078 64.34411 12.0
15.0 26.0 26.0 131.72375 44.97831 139.18145 5.0
15.0 26.0 15.0 144.72157 26.38078 64.34411 5.0
15.0 29.0 29.0 122.54962 20.67881 121.46195 48.0
15.0 29.0 15.0 144.72157 26.38078 64.34411 48.0
15.0 31.0 31.0 121.60999 39.39584 35.94128 1039.0
15.0 31.0 15.0 144.72157 26.38078 64.34411 1039.0
15.0 32.0 32.0 156.66492 89.22948 57.87197 226.0
15.0 32.0 15.0 144.72157 26.38078 64.34411 226.0
15.0 37.0 37.0 79.81524 11.05955 113.76203 3.0
15.0 37.0 15.0 144.72157 26.38078 64.34411 3.0
15.0 40.0 40.0 83.33071 23.53444 42.29444 9.0
15.0 40.0 15.0 144.72157 26.38078 64.34411 9.0
15.0 47.0 47.0 164.0898 62.48361 126.2541 10.0
15.0 47.0 15.0 144.72157 26.38078 64.34411 10.0
16.0 0.0 0.0 55.1623 49.3544 142.20281 935.0
16.0 0.0 16.0 37.10339 38.60281 124.4068 935.0
16.0 2.0 2.0 27.82868 24.96862 88.38282 569.0
16.0 2.0 16.0 37.10339 38.60281 124.4068 569.0
16.0 3.0 3.0 83.18835 3.82095 87.8445 16.0
16.0 3.0 16.0 37.10339 38.60281 124.4068 16.0
16.0 4.0 4.0 72.20173 108.2917 139.81388 3.0
16.0 4.0 16.0 37.10339 38.60281 124.4068 3.0
16.0 6.0 6.0 5.45775 85.07671 74.42015 13.0
16.0 6.0 16.0 37.10339 38.60281 124.4068 13.0
16.0 11.0 11.0 48.32269 14.22854 56.5526 21.0
16.0 11.0 16.0 37.10339 38.60281 124.4068 21.0
16.0 13.0 13.0 21.88133 31.06042 56.36127 2.0
16.0 13.0 16.0 37.10339 38.60281 124.4068 2.0
16.0 16.0 16.0 37.10339 38.60281 124.4068 2460.0
16.0 16.0 16.0 37.10339 38.60281 124.4068 2460.0
16.0 22.0 22.0 25.22453 80.12979 119.60681 873.0
16.0 22.0 16.0 37.10339 38.60281 124.4068 873.0
16.0 27.0 27.0 18.72894 45.55941 103.94871 744.0
16.0 27.0 16.0 37.10339 38.60281 124.4068 744.0
16.0 28.0 28.0 83.29051 39.87515 143.51979 60.0
16.0 28.0 16.0 37.10339 38.60281 124.4068 60.0
16.0 33.0 33.0 97.59993 49.86301 149.2408 9.0
16.0 33.0 16.0 37.10339 38.60281 124.4068 9.0
16.0 36.0 36.0 51.12771 19.23899 119.23789 662.0
16.0 36.0 16.0 37.10339 38.60281 124.4068 662.0
16.0 37.0 37.0 79.81524 11.05955 113.76203 156.0
16.0 37.0 16.0 37.10339 38.60281 124.4068 156.0
16.0 38.0 38.0 88.34886 68.22188 152.65319 18.0
16.0 38.0 16.0 37.10339 38.60281 124.4068 18.0
16.0 42.0 42.0 56.46322 85.11961 144.91673 155.0
16.0 42.0 16.0 37.10339 38.60281 124.4068 155.0
16.0 44.0 44.0 70.62843 22.69663 131.38659 172.0
16.0 44.0 16.0 37.10339 38.60281 124.4068 172.0
17.0 3.0 3.0 83.18835 3.82095 87.8445 848.0
17.0 3.0 17.0 122.96852 11.06169 94.74016 848.0
17.0 7.0 7.0 121.79396 13.47091 56.8947 649.0
17.0 7.0 17.0 122.96852 11.06169 94.74016 649.0
17.0 10.0 10.0 97.53001 4.03268 61.29911 366.0
17.0 10.0 17.0 122.96852 11.06169 94.74016 366.0
17.0 15.0 15.0 144.72157 26.38078 64.34411 651.0
17.0 15.0 17.0 122.96852 11.06169 94.74016 651.0
17.0 17.0 17.0 122.96852 11.06169 94.74016 3249.0
17.0 17.0 17.0 122.96852 11.06169 94.74016 3249.0
17.0 18.0 18.0 159.44968 25.0003 93.52743 406.0
17.0 18.0 17.0 122.96852 11.06169 94.74016 406.0
17.0 19.0 19.0 66.74694 15.19815 46.1313 3.0
17.0 19.0 17.0 122.96852 11.06169 94.74016 3.0
17.0 23.0 23.0 173.38271 43.65619 76.14915 16.0
17.0 23.0 17.0 122.96852 11.06169 94.74016 16.0
17.0 25.0 25.0 182.70918 64.91275 100.89798 1.0
17.0 25.0 17.0 122.96852 11.06169 94.74016 1.0
17.0 26.0 26.0 131.72375 44.97831 139.18145 101.0
17.0 26.0 17.0 122.96852 11.06169 94.74016 101.0
17.0 28.0 28.0 83.29051 39.87515 143.51979 11.0
17.0 28.0 17.0 122.96852 11.06169 94.74016 11.0
17.0 29.0 29.0 122.54962 20.67881 121.46195 1027.0
17.0 29.0 17.0 122.96852 11.06169 94.74016 1027.0
17.0 31.0 31.0 121.60999 39.39584 35.94128 13.0
17.0 31.0 17.0 122.96852 11.06169 94.74016 13.0
17.0 32.0 32.0 156.66492 89.22948 57.87197 1.0
17.0 32.0 17.0 122.96852 11.06169 94.74016 1.0
17.0 33.0 33.0 97.59993 49.86301 149.2408 6.0
17.0 33.0 17.0 122.96852 11.06169 94.74016 6.0
17.0 37.0 37.0 79.81524 11.05955 113.76203 404.0
17.0 37.0 17.0 122.96852 11.06169 94.74016 404.0
17.0 40.0 40.0 83.33071 23.53444 42.29444 10.0
17.0 40.0 17.0 122.96852 11.06169 94.74016 10.0
17.0 44.0 44.0 70.62843 22.69663 131.38659 3.0
17.0 44.0 17.0 122.96852 11.06169 94.74016 3.0
17.0 45.0 45.0 35.12209 116.33846 28.45931 1.0
17.0 45.0 17.0 122.96852 11.06169 94.74016 1.0
17.0 47.0 47.0 164.0898 62.48361 126.2541 37.0
17.0 47.0 17.0 122.96852 11.06169 94.74016 37.0
18.0 3.0 3.0 83.18835 3.82095 87.8445 4.0
18.0 3.0 18.0 159.44968 25.0003 93.52743 4.0
18.0 7.0 7.0 121.79396 13.47091 56.8947 60.0
18.0 7.0 18.0 159.44968 25.0003 93.52743 60.0
18.0 8.0 8.0 108.75438 84.90564 39.05191 2.0
18.0 8.0 18.0 159.44968 25.0003 93.52743 2.0
18.0 10.0 10.0 97.53001 4.03268 61.29911 8.0
18.0 10.0 18.0 159.44968 25.0003 93.52743 8.0
18.0 12.0 12.0 179.80531 86.52663 84.90779 22.0
18.0 12.0 18.0 159.44968 25.0003 93.52743 22.0
18.0 15.0 15.0 144.72157 26.38078 64.34411 706.0
18.0 15.0 18.0 159.44968 25.0003 93.52743 706.0
18.0 17.0 17.0 122.96852 11.06169 94.74016 484.0
18.0 17.0 18.0 159.44968 25.0003 93.52743 484.0
18.0 18.0 18.0 159.44968 25.0003 93.52743 1763.0
18.0 18.0 18.0 159.44968 25.0003 93.52743 1763.0
18.0 23.0 23.0 173.38271 43.65619 76.14915 655.0
18.0 23.0 18.0 159.44968 25.0003 93.52743 655.0
18.0 25.0 25.0 182.70918 64.91275 100.89798 101.0
18.0 25.0 18.0 159.44968 25.0003 93.52743 101.0
18.0 26.0 26.0 131.72375 44.97831 139.18145 182.0
18.0 26.0 18.0 159.44968 25.0003 93.52743 182.0
18.0 29.0 29.0 122.54962 20.67881 121.46195 361.0
18.0 29.0 18.0 159.44968 25.0003 93.52743 361.0
18.0 31.0 31.0 121.60999 39.39584 35.94128 24.0
18.0 31.0 18.0 159.44968 25.0003 93.52743 24.0
18.0 32.0 32.0 156.66492 89.22948 57.87197 27.0
18.0 32.0 18.0 159.44968 25.0003 93.52743 27.0
18.0 33.0 33.0 97.59993 49.86301 149.2408 1.0
18.0 33.0 18.0 159.44968 25.0003 93.52743 1.0
18.0 37.0 37.0 79.81524 11.05955 113.76203 8.0
18.0 37.0 18.0 159.44968 25.0003 93.52743 8.0
18.0 47.0 47.0 164.0898 62.48361 126.2541 401.0
18.0 47.0 18.0 159.44968 25.0003 93.52743 401.0
19.0 1.0 1.0 66.55685 89.69637 7.80731 25.0
19.0 1.0 19.0 66.74694 15.19815 46.1313 25.0
19.0 2.0 2.0 27.82868 24.96862 88.38282 18.0
19.0 2.0 19.0 66.74694 15.19815 46.1313 18.0
19.0 3.0 3.0 83.18835 3.82095 87.8445 363.0
19.0 3.0 19.0 66.74694 15.19815 46.1313 363.0
19.0 7.0 7.0 121.79396 13.47091 56.8947 19.0
19.0 7.0 19.0 66.74694 15.19815 46.1313 19.0
19.0 8.0 8.0 108.75438 84.90564 39.05191 2.0
19.0 8.0 19.0 66.74694 15.19815 46.1313 2.0
19.0 10.0 10.0 97.53001 4.03268 61.29911 405.0
19.0 10.0 19.0 66.74694 15.19815 46.1313 405.0
19.0 11.0 11.0 48.32269 14.22854 56.5526 1212.0
19.0 11.0 19.0 66.74694 15.19815 46.1313 1212.0
19.0 13.0 13.0 21.88133 31.06042 56.36127 46.0
19.0 13.0 19.0 66.74694 15.19815 46.1313 46.0
19.0 17.0 17.0 122.96852 11.06169 94.74016 5.0
19.0 17.0 19.0 66.74694 15.19815 46.1313 5.0
19.0 19.0 19.0 66.74694 15.19815 46.1313 1184.0
19.0 19.0 19.0 66.74694 15.19815 46.1313 1184.0
19.0 20.0 20.0 85.63148 53.81542 22.81713 435.0
19.0 20.0 19.0 66.74694 15.19815 46.1313 435.0
19.0 21.0 21.0 27.80503 77.92688 19.7672 12.0
19.0 21.0 19.0 66.74694 15.19815 46.1313 12.0
19.0 29.0 29.0 122.54962 20.67881 121.46195 1.0
19.0 29.0 19.0 66.74694 15.19815 46.1313 1.0
19.0 31.0 31.0 121.60999 39.39584 35.94128 44.0
19.0 31.0 19.0 66.74694 15.19815 46.1313 44.0
19.0 36.0 36.0 51.12771 19.23899 119.23789 3.0
19.0 36.0 19.0 66.74694 15.19815 46.1313 3.0
19.0 37.0 37.0 79.81524 11.05955 113.76203 22.0
19.0 37.0 19.0 66.74694 15.19815 46.1313 22.0
19.0 39.0 39.0 21.9619 50.15322 32.64728 161.0
19.0 39.0 19.0 66.74694 15.19815 46.1313 161.0
19.0 40.0 40.0 83.33071 23.53444 42.29444 1040.0
19.0 40.0 19.0 66.74694 15.19815 46.1313 1040.0
20.0 1.0 1.0 66.55685 89.69637 7.80731 1370.0
20.0 1.0 20.0 85.63148 53.81542 22.81713 1370.0
20.0 7.0 7.0 121.79396 13.47091 56.8947 21.0
20.0 7.0 20.0 85.63148 53.81542 22.81713 21.0
20.0 8.0 8.0 108.75438 84.90564 39.05191 2539.0
20.0 8.0 20.0 85.63148 53.81542 22.81713 2539.0
20.0 10.0 10.0 97.53001 4.03268 61.29911 31.0
20.0 10.0 20.0 85.63148 53.81542 22.81713 31.0
20.0 11.0 11.0 48.32269 14.22854 56.5526 219.0
20.0 11.0 20.0 85.63148 53.81542 22.81713 219.0
20.0 13.0 13.0 21.88133 31.06042 56.36127 7.0
20.0 13.0 20.0 85.63148 53.81542 22.81713 7.0
20.0 14.0 14.0 128.51963 115.91144 40.4193 9.0
20.0 14.0 20.0 85.63148 53.81542 22.81713 9.0
20.0 15.0 15.0 144.72157 26.38078 64.34411 1.0
20.0 15.0 20.0 85.63148 53.81542 22.81713 1.0
20.0 19.0 19.0 66.74694 15.19815 46.1313 357.0
20.0 19.0 20.0 85.63148 53.81542 22.81713 357.0
20.0 20.0 20.0 85.63148 53.81542 22.81713 8001.0
20.0 20.0 20.0 85.63148 53.81542 22.81713 8001.0
20.0 21.0 21.0 27.80503 77.92688 19.7672 204.0
20.0 21.0 20.0 85.63148 53.81542 22.81713 204.0
20.0 31.0 31.0 121.60999 39.39584 35.94128 1520.0
20.0 31.0 20.0 85.63148 53.81542 22.81713 1520.0
20.0 32.0 32.0 156.66492 89.22948 57.87197 8.0
20.0 32.0 20.0 85.63148 53.81542 22.81713 8.0
20.0 39.0 39.0 21.9619 50.15322 32.64728 368.0
20.0 39.0 20.0 85.63148 53.81542 22.81713 368.0
20.0 40.0 40.0 83.33071 23.53444 42.29444 1179.0
20.0 40.0 20.0 85.63148 53.81542 22.81713 1179.0
20.0 45.0 45.0 35.12209 116.33846 28.45931 4.0
20.0 45.0 20.0 85.63148 53.81542 22.81713 4.0
20.0 46.0 46.0 114.8467 130.50144 52.96569 2.0
20.0 46.0 20.0 85.63148 53.81542 22.81713 2.0
21.0 1.0 1.0 66.55685 89.69637 7.80731 1024.0
21.0 1.0 21.0 27.80503 77.92688 19.7672 1024.0
21.0 2.0 2.0 27.82868 24.96862 88.38282 1.0
21.0 2.0 21.0 27.80503 77.92688 19.7672 1.0
21.0 5.0 5.0 36.54799 130.27823 82.1801 28.0
21.0 5.0 21.0 27.80503 77.92688 19.7672 28.0
21.0 6.0 6.0 5.45775 85.07671 74.42015 568.0
21.0 6.0 21.0 27.80503 77.92688 19.7672 568.0
21.0 8.0 8.0 108.75438 84.90564 39.05191 10.0
21.0 8.0 21.0 27.80503 77.92688 19.7672 10.0
21.0 11.0 11.0 48.32269 14.22854 56.5526 42.0
21.0 11.0 21.0 27.80503 77.92688 19.7672 42.0
21.0 13.0 13.0 21.88133 31.06042 56.36127 17.0
21.0 13.0 21.0 27.80503 77.92688 19.7672 17.0
21.0 19.0 19.0 66.74694 15.19815 46.1313 15.0
21.0 19.0 21.0 27.80503 77.92688 19.7672 15.0
21.0 20.0 20.0 85.63148 53.81542 22.81713 289.0
21.0 20.0 21.0 27.80503 77.92688 19.7672 289.0
21.0 21.0 21.0 27.80503 77.92688 19.7672 3331.0
21.0 21.0 21.0 27.80503 77.92688 19.7672 3331.0
21.0 27.0 27.0 18.72894 45.55941 103.94871 1.0
21.0 27.0 21.0 27.80503 77.92688 19.7672 1.0
21.0 30.0 30.0 88.86974 139.84851 63.05801 3.0
21.0 30.0 21.0 27.80503 77.92688 19.7672 3.0
21.0 39.0 39.0 21.9619 50.15322 32.64728 1494.0
21.0 39.0 21.0 27.80503 77.92688 19.7672 1494.0
21.0 40.0 40.0 83.33071 23.53444 42.29444 8.0
21.0 40.0 21.0 27.80503 77.92688 19.7672 8.0
21.0 45.0 45.0 35.12209 116.33846 28.45931 1286.0
21.0 45.0 21.0 27.80503 77.92688 19.7672 1286.0
22.0 0.0 0.0 55.1623 49.3544 142.20281 521.0
22.0 0.0 22.0 25.22453 80.12979 119.60681 521.0
22.0 2.0 2.0 27.82868 24.96862 88.38282 96.0
22.0 2.0 22.0 25.22453 80.12979 119.60681 96.0
22.0 4.0 4.0 72.20173 108.2917 139.81388 350.0
22.0 4.0 22.0 25.22453 80.12979 119.60681 350.0
22.0 5.0 5.0 36.54799 130.27823 82.1801 896.0
22.0 5.0 22.0 25.22453 80.12979 119.60681 896.0
22.0 6.0 6.0 5.45775 85.07671 74.42015 1371.0
22.0 6.0 22.0 25.22453 80.12979 119.60681 1371.0
22.0 9.0 9.0 78.34557 140.11264 102.31143 3.0
22.0 9.0 22.0 25.22453 80.12979 119.60681 3.0
22.0 13.0 13.0 21.88133 31.06042 56.36127 7.0
22.0 13.0 22.0 25.22453 80.12979 119.60681 7.0
22.0 16.0 16.0 37.10339 38.60281 124.4068 842.0
22.0 16.0 22.0 25.22453 80.12979 119.60681 842.0
22.0 22.0 22.0 25.22453 80.12979 119.60681 8340.0
22.0 22.0 22.0 25.22453 80.12979 119.60681 8340.0
22.0 24.0 24.0 107.51079 87.31892 149.12369 4.0
22.0 24.0 22.0 25.22453 80.12979 119.60681 4.0
22.0 27.0 27.0 18.72894 45.55941 103.94871 952.0
22.0 27.0 22.0 25.22453 80.12979 119.60681 952.0
22.0 28.0 28.0 83.29051 39.87515 143.51979 31.0
22.0 28.0 22.0 25.22453 80.12979 119.60681 31.0
22.0 33.0 33.0 97.59993 49.86301 149.2408 1.0
22.0 33.0 22.0 25.22453 80.12979 119.60681 1.0
22.0 36.0 36.0 51.12771 19.23899 119.23789 15.0
22.0 36.0 22.0 25.22453 80.12979 119.60681 15.0
22.0 38.0 38.0 88.34886 68.22188 152.65319 19.0
22.0 38.0 22.0 25.22453 80.12979 119.60681 19.0
22.0 39.0 39.0 21.9619 50.15322 32.64728 5.0
22.0 39.0 22.0 25.22453 80.12979 119.60681 5.0
22.0 41.0 41.0 59.58574 125.62399 122.70742 650.0
22.0 41.0 22.0 25.22453 80.12979 119.60681 650.0
22.0 42.0 42.0 56.46322 85.11961 144.91673 1344.0
22.0 42.0 22.0 25.22453 80.12979 119.60681 1344.0
22.0 44.0 44.0 70.62843 22.69663 131.38659 1.0
22.0 44.0 22.0 25.22453 80.12979 119.60681 1.0
23.0 7.0 7.0 121.79396 13.47091 56.8947 35.0
23.0 7.0 23.0 173.38271 43.65619 76.14915 35.0
23.0 8.0 8.0 108.75438 84.90564 39.05191 25.0
23.0 8.0 23.0 173.38271 43.65619 76.14915 25.0
23.0 10.0 10.0 97.53001 4.03268 61.29911 1.0
23.0 10.0 23.0 173.38271 43.65619 76.14915 1.0
23.0 12.0 12.0 179.80531 86.52663 84.90779 409.0
23.0 12.0 23.0 173.38271 43.65619 76.14915 409.0
23.0 14.0 14.0 128.51963 115.91144 40.4193 1.0
23.0 14.0 23.0 173.38271 43.65619 76.14915 1.0
23.0 15.0 15.0 144.72157 26.38078 64.34411 582.0
23.0 15.0 23.0 173.38271 43.65619 76.14915 582.0
23.0 17.0 17.0 122.96852 11.06169 94.74016 28.0
23.0 17.0 23.0 173.38271 43.65619 76.14915 28.0
23.0 18.0 18.0 159.44968 25.0003 93.52743 724.0
23.0 18.0 23.0 173.38271 43.65619 76.14915 724.0
23.0 23.0 23.0 173.38271 43.65619 76.14915 1633.0
23.0 23.0 23.0 173.38271 43.65619 76.14915 1633.0
23.0 25.0 25.0 182.70918 64.91275 100.89798 465.0
23.0 25.0 23.0 173.38271 43.65619 76.14915 465.0
23.0 26.0 26.0 131.72375 44.97831 139.18145 19.0
23.0 26.0 23.0 173.38271 43.65619 76.14915 19.0
23.0 29.0 29.0 122.54962 20.67881 121.46195 21.0
23.0 29.0 23.0 173.38271 43.65619 76.14915 21.0
23.0 31.0 31.0 121.60999 39.39584 35.94128 131.0
23.0 31.0 23.0 173.38271 43.65619 76.14915 131.0
23.0 32.0 32.0 156.66492 89.22948 57.87197 352.0
23.0 32.0 23.0 173.38271 43.65619 76.14915 352.0
23.0 35.0 35.0 147.16946 121.50903 95.51339 1.0
23.0 35.0 23.0 173.38271 43.65619 76.14915 1.0
23.0 37.0 37.0 79.81524 11.05955 113.76203 1.0
23.0 37.0 23.0 173.38271 43.65619 76.14915 1.0
23.0 47.0 47.0 164.0898 62.48361 126.2541 267.0
23.0 47.0 23.0 173.38271 43.65619 76.14915 267.0
24.0 0.0 0.0 55.1623 49.3544 142.20281 19.0
24.0 0.0 24.0 107.51079 87.31892 149.12369 19.0
24.0 4.0 4.0 72.20173 108.2917 139.81388 1212.0
24.0 4.0 24.0 107.51079 87.31892 149.12369 1212.0
24.0 9.0 9.0 78.34557 140.11264 102.31143 20.0
24.0 9.0 24.0 107.51079 87.31892 149.12369 20.0
24.0 22.0 22.0 25.22453 80.12979 119.60681 1.0
24.0 22.0 24.0 107.51079 87.31892 149.12369 1.0
24.0 24.0 24.0 107.51079 87.31892 149.12369 5246.0
24.0 24.0 24.0 107.51079 87.31892 149.12369 5246.0
24.0 26.0 26.0 131.72375 44.97831 139.18145 674.0
24.0 26.0 24.0 107.51079 87.31892 149.12369 674.0
24.0 28.0 28.0 83.29051 39.87515 143.51979 58.0
24.0 28.0 24.0 107.51079 87.31892 149.12369 58.0
24.0 29.0 29.0 122.54962 20.67881 121.46195 7.0
24.0 29.0 24.0 107.51079 87.31892 149.12369 7.0
24.0 30.0 30.0 88.86974 139.84851 63.05801 1.0
24.0 30.0 24.0 107.51079 87.31892 149.12369 1.0
24.0 33.0 33.0 97.59993 49.86301 149.2408 409.0
24.0 33.0 24.0 107.51079 87.31892 149.12369 409.0
24.0 34.0 34.0 127.3516 111.55167 129.4764 1792.0
24.0 34.0 24.0 107.51079 87.31892 149.12369 1792.0
24.0 35.0 35.0 147.16946 121.50903 95.51339 8.0
24.0 35.0 24.0 107.51079 87.31892 149.12369 8.0
24.0 38.0 38.0 88.34886 68.22188 152.65319 1256.0
24.0 38.0 24.0 107.51079 87.31892 149.12369 1256.0
24.0 41.0 41.0 59.58574 125.62399 122.70742 89.0
24.0 41.0 24.0 107.51079 87.31892 149.12369 89.0
24.0 42.0 42.0 56.46322 85.11961 144.91673 420.0
24.0 42.0 24.0 107.51079 87.31892 149.12369 420.0
24.0 43.0 43.0 102.36967 137.40644 99.85879 14.0
24.0 43.0 24.0 107.51079 87.31892 149.12369 14.0
24.0 44.0 44.0 70.62843 22.69663 131.38659 3.0
24.0 44.0 24.0 107.51079 87.31892 149.12369 3.0
24.0 47.0 47.0 164.0898 62.48361 126.2541 176.0
24.0 47.0 24.0 107.51079 87.31892 149.12369 176.0
25.0 8.0 8.0 108.75438 84.90564 39.05191 1.0
25.0 8.0 25.0 182.70918 64.91275 100.89798 1.0
25.0 12.0 12.0 179.80531 86.52663 84.90779 800.0
25.0 12.0 25.0 182.70918 64.91275 100.89798 800.0
25.0 14.0 14.0 128.51963 115.91144 40.4193 1.0
25.0 14.0 25.0 182.70918 64.91275 100.89798 1.0
25.0 15.0 15.0 144.72157 26.38078 64.34411 14.0
25.0 15.0 25.0 182.70918 64.91275 100.89798 14.0
25.0 17.0 17.0 122.96852 11.06169 94.74016 4.0
25.0 17.0 25.0 182.70918 64.91275 100.89798 4.0
25.0 18.0 18.0 159.44968 25.0003 93.52743 108.0
25.0 18.0 25.0 182.70918 64.91275 100.89798 108.0
25.0 23.0 23.0 173.38271 43.65619 76.14915 460.0
25.0 23.0 25.0 182.70918 64.91275 100.89798 460.0
25.0 25.0 25.0 182.70918 64.91275 100.89798 1142.0
25.0 25.0 25.0 182.70918 64.91275 100.89798 1142.0
25.0 26.0 26.0 131.72375 44.97831 139.18145 17.0
25.0 26.0 25.0 182.70918 64.91275 100.89798 17.0
25.0 29.0 29.0 122.54962 20.67881 121.46195 4.0
25.0 29.0 25.0 182.70918 64.91275 100.89798 4.0
25.0 31.0 31.0 121.60999 39.39584 35.94128 3.0
25.0 31.0 25.0 182.70918 64.91275 100.89798 3.0
25.0 32.0 32.0 156.66492 89.22948 57.87197 74.0
25.0 32.0 25.0 182.70918 64.91275 100.89798 74.0
25.0 34.0 34.0 127.3516 111.55167 129.4764 40.0
25.0 34.0 25.0 182.70918 64.91275 100.89798 40.0
25.0 35.0 35.0 147.16946 121.50903 95.51339 86.0
25.0 35.0 25.0 182.70918 64.91275 100.89798 86.0
25.0 46.0 46.0 114.8467 130.50144 52.96569 1.0
25.0 46.0 25.0 182.70918 64.91275 100.89798 1.0
25.0 47.0 47.0 164.0898 62.48361 126.2541 809.0
25.0 47.0 25.0 182.70918 64.91275 100.89798 809.0
26.0 0.0 0.0 55.1623 49.3544 142.20281 5.0
26.0 0.0 26.0 131.72375 44.97831 139.18145 5.0
26.0 3.0 3.0 83.18835 3.82095 87.8445 4.0
26.0 3.0 26.0 131.72375 44.97831 139.18145 4.0
26.0 7.0 7.0 121.79396 13.47091 56.8947 1.0
26.0 7.0 26.0 131.72375 44.97831 139.18145 1.0
26.0 15.0 15.0 144.72157 26.38078 64.34411 4.0
26.0 15.0 26.0 131.72375 44.97831 139.18145 4.0
26.0 17.0 17.0 122.96852 11.06169 94.74016 143.0
26.0 17.0 26.0 131.72375 44.97831 139.18145 143.0
26.0 18.0 18.0 159.44968 25.0003 93.52743 153.0
26.0 18.0 26.0 131.72375 44.97831 139.18145 153.0
26.0 23.0 23.0 173.38271 43.65619 76.14915 3.0
26.0 23.0 26.0 131.72375 44.97831 139.18145 3.0
26.0 24.0 24.0 107.51079 87.31892 149.12369 722.0
26.0 24.0 26.0 131.72375 44.97831 139.18145 722.0
26.0 25.0 25.0 182.70918 64.91275 100.89798 17.0
26.0 25.0 26.0 131.72375 44.97831 139.18145 17.0
26.0 26.0 26.0 131.72375 44.97831 139.18145 4723.0
26.0 26.0 26.0 131.72375 44.97831 139.18145 4723.0
26.0 28.0 28.0 83.29051 39.87515 143.51979 343.0
26.0 28.0 26.0 131.72375 44.97831 139.18145 343.0
26.0 29.0 29.0 122.54962 20.67881 121.46195 1306.0
26.0 29.0 26.0 131.72375 44.97831 139.18145 1306.0
26.0 33.0 33.0 97.59993 49.86301 149.2408 773.0
26.0 33.0 26.0 131.72375 44.97831 139.18145 773.0
26.0 34.0 34.0 127.3516 111.55167 129.4764 251.0
26.0 34.0 26.0 131.72375 44.97831 139.18145 251.0
26.0 35.0 35.0 147.16946 121.50903 95.51339 4.0
26.0 35.0 26.0 131.72375 44.97831 139.18145 4.0
26.0 36.0 36.0 51.12771 19.23899 119.23789 1.0
26.0 36.0 26.0 131.72375 44.97831 139.18145 1.0
26.0 37.0 37.0 79.81524 11.05955 113.76203 110.0
26.0 37.0 26.0 131.72375 44.97831 139.18145 110.0
26.0 38.0 38.0 88.34886 68.22188 152.65319 284.0
26.0 38.0 26.0 131.72375 44.97831 139.18145 284.0
26.0 44.0 44.0 70.62843 22.69663 131.38659 24.0
26.0 44.0 26.0 131.72375 44.97831 139.18145 24.0
26.0 47.0 47.0 164.0898 62.48361 126.2541 1208.0
26.0 47.0 26.0 131.72375 44.97831 139.18145 1208.0
27.0 0.0 0.0 55.1623 49.3544 142.20281 58.0
27.0 0.0 27.0 18.72894 45.55941 103.94871 58.0
27.0 2.0 2.0 27.82868 24.96862 88.38282 1028.0
27.0 2.0 27.0 18.72894 45.55941 103.94871 1028.0
27.0 3.0 3.0 83.18835 3.82095 87.8445 5.0
27.0 3.0 27.0 18.72894 45.55941 103.94871 5.0
27.0 5.0 5.0 36.54799 130.27823 82.1801 3.0
27.0 5.0 27.0 18.72894 45.55941 103.94871 3.0
27.0 6.0 6.0 5.45775 85.07671 74.42015 549.0
27.0 6.0 27.0 18.72894 45.55941 103.94871 549.0
27.0 11.0 11.0 48.32269 14.22854 56.5526 24.0
27.0 11.0 27.0 18.72894 45.55941 103.94871 24.0
27.0 13.0 13.0 21.88133 31.06042 56.36127 101.0
27.0 13.0 27.0 18.72894 45.55941 103.94871 101.0
27.0 16.0 16.0 37.10339 38.60281 124.4068 836.0
27.0 16.0 27.0 18.72894 45.55941 103.94871 836.0
27.0 19.0 19.0 66.74694 15.19815 46.1313 1.0
27.0 19.0 27.0 18.72894 45.55941 103.94871 1.0
27.0 22.0 22.0 25.22453 80.12979 119.60681 1017.0
27.0 22.0 27.0 18.72894 45.55941 103.94871 1017.0
27.0 27.0 27.0 18.72894 45.55941 103.94871 1804.0
27.0 27.0 27.0 18.72894 45.55941 103.94871 1804.0
27.0 36.0 36.0 51.12771 19.23899 119.23789 90.0
27.0 36.0 27.0 18.72894 45.55941 103.94871 90.0
27.0 37.0 37.0 79.81524 11.05955 113.76203 15.0
27.0 37.0 27.0 18.72894 45.55941 103.94871 15.0
27.0 39.0 39.0 21.9619 50.15322 32.64728 29.0
27.0 39.0 27.0 18.72894 45.55941 103.94871 29.0
27.0 41.0 41.0 59.58574 125.62399 122.70742 1.0
27.0 41.0 27.0 18.72894 45.55941 103.94871 1.0
27.0 42.0 42.0 56.46322 85.11961 144.91673 5.0
27.0 42.0 27.0 18.72894 45.55941 103.94871 5.0
27.0 44.0 44.0 70.62843 22.69663 131.38659 11.0
27.0 44.0 27.0 18.72894 45.55941 103.94871 11.0
28.0 0.0 0.0 55.1623 49.3544 142.20281 825.0
28.0 0.0 28.0 83.29051 39.87515 143.51979 825.0
28.0 3.0 3.0 83.18835 3.82095 87.8445 18.0
28.0 3.0 28.0 83.29051 39.87515 143.51979 18.0
28.0 4.0 4.0 72.20173 108.2917 139.81388 7.0
28.0 4.0 28.0 83.29051 39.87515 143.51979 7.0
28.0 16.0 16.0 37.10339 38.60281 124.4068 53.0
28.0 16.0 28.0 83.29051 39.87515 143.51979 53.0
28.0 17.0 17.0 122.96852 11.06169 94.74016 17.0
28.0 17.0 28.0 83.29051 39.87515 143.51979 17.0
28.0 22.0 22.0 25.22453 80.12979 119.60681 26.0
28.0 22.0 28.0 83.29051 39.87515 143.51979 26.0
28.0 24.0 24.0 107.51079 87.31892 149.12369 62.0
28.0 24.0 28.0 83.29051 39.87515 143.51979 62.0
28.0 26.0 26.0 131.72375 44.97831 139.18145 326.0
28.0 26.0 28.0 83.29051 39.87515 143.51979 326.0
28.0 28.0 28.0 83.29051 39.87515 143.51979 1863.0
28.0 28.0 28.0 83.29051 39.87515 143.51979 1863.0
28.0 29.0 29.0 122.54962 20.67881 121.46195 287.0
28.0 29.0 28.0 83.29051 39.87515 143.51979 287.0
28.0 33.0 33.0 97.59993 49.86301 149.2408 1034.0
28.0 33.0 28.0 83.29051 39.87515 143.51979 1034.0
28.0 36.0 36.0 51.12771 19.23899 119.23789 77.0
28.0 36.0 28.0 83.29051 39.87515 143.51979 77.0
28.0 37.0 37.0 79.81524 11.05955 113.76203 505.0
28.0 37.0 28.0 83.29051 39.87515 143.51979 505.0
28.0 38.0 38.0 88.34886 68.22188 152.65319 471.0
28.0 38.0 28.0 83.29051 39.87515 143.51979 471.0
28.0 42.0 42.0 56.46322 85.11961 144.91673 180.0
28.0 42.0 28.0 83.29051 39.87515 143.51979 180.0
28.0 44.0 44.0 70.62843 22.69663 131.38659 613.0
28.0 44.0 28.0 83.29051 39.87515 143.51979 613.0
28.0 47.0 47.0 164.0898 62.48361 126.2541 1.0
28.0 47.0 28.0 83.29051 39.87515 143.51979 1.0
29.0 0.0 0.0 55.1623 49.3544 142.20281 6.0
29.0 0.0 29.0 122.54962 20.67881 121.46195 6.0
29.0 3.0 3.0 83.18835 3.82095 87.8445 209.0
29.0 3.0 29.0 122.54962 20.67881 121.46195 209.0
29.0 7.0 7.0 121.79396 13.47091 56.8947 26.0
29.0 7.0 29.0 122.54962 20.67881 121.46195 26.0
29.0 10.0 10.0 97.53001 4.03268 61.29911 10.0
29.0 10.0 29.0 122.54962 20.67881 121.46195 10.0
29.0 15.0 15.0 144.72157 26.38078 64.34411 66.0
29.0 15.0 29.0 122.54962 20.67881 121.46195 66.0
29.0 17.0 17.0 122.96852 11.06169 94.74016 1134.0
29.0 17.0 29.0 122.54962 20.67881 121.46195 1134.0
29.0 18.0 18.0 159.44968 25.0003 93.52743 331.0
29.0 18.0 29.0 122.54962 20.67881 121.46195 331.0
29.0 23.0 23.0 173.38271 43.65619 76.14915 14.0
29.0 23.0 29.0 122.54962 20.67881 121.46195 14.0
29.0 24.0 24.0 107.51079 87.31892 149.12369 9.0
29.0 24.0 29.0 122.54962 20.67881 121.46195 9.0
29.0 25.0 25.0 182.70918 64.91275 100.89798 5.0
29.0 25.0 29.0 122.54962 20.67881 121.46195 5.0
29.0 26.0 26.0 131.72375 44.97831 139.18145 1295.0
29.0 26.0 29.0 122.54962 20.67881 121.46195 1295.0
29.0 28.0 28.0 83.29051 39.87515 143.51979 302.0
29.0 28.0 29.0 122.54962 20.67881 121.46195 302.0
29.0 29.0 29.0 122.54962 20.67881 121.46195 2725.0
29.0 29.0 29.0 122.54962 20.67881 121.46195 2725.0
29.0 33.0 33.0 97.59993 49.86301 149.2408 142.0
29.0 33.0 29.0 122.54962 20.67881 121.46195 142.0
29.0 34.0 34.0 127.3516 111.55167 129.4764 1.0
29.0 34.0 29.0 122.54962 20.67881 121.46195 1.0
29.0 36.0 36.0 51.12771 19.23899 119.23789 4.0
29.0 36.0 29.0 122.54962 20.67881 121.46195 4.0
29.0 37.0 37.0 79.81524 11.05955 113.76203 721.0
29.0 37.0 29.0 122.54962 20.67881 121.46195 721.0
29.0 38.0 38.0 88.34886 68.22188 152.65319 15.0
29.0 38.0 29.0 122.54962 20.67881 121.46195 15.0
29.0 44.0 44.0 70.62843 22.69663 131.38659 69.0
29.0 44.0 29.0 122.54962 20.67881 121.46195 69.0
29.0 47.0 47.0 164.0898 62.48361 126.2541 166.0
29.0 47.0 29.0 122.54962 20.67881 121.46195 166.0
30.0 1.0 1.0 66.55685 89.69637 7.80731 268.0
30.0 1.0 30.0 88.86974 139.84851 63.05801 268.0
30.0 5.0 5.0 36.54799 130.27823 82.1801 1329.0
30.0 5.0 30.0 88.86974 139.84851 63.05801 1329.0
30.0 8.0 8.0 108.75438 84.90564 39.05191 445.0
30.0 8.0 30.0 88.86974 139.84851 63.05801 445.0
30.0 9.0 9.0 78.34557 140.11264 102.31143 868.0
30.0 9.0 30.0 88.86974 139.84851 63.05801 868.0
30.0 14.0 14.0 128.51963 115.91144 40.4193 232.0
30.0 14.0 30.0 88.86974 139.84851 63.05801 232.0
30.0 20.0 20.0 85.63148 53.81542 22.81713 1.0
30.0 20.0 30.0 88.86974 139.84851 63.05801 1.0
30.0 21.0 21.0 27.80503 77.92688 19.7672 1.0
30.0 21.0 30.0 88.86974 139.84851 63.05801 1.0
30.0 30.0 30.0 88.86974 139.84851 63.05801 9051.0
30.0 30.0 30.0 88.86974 139.84851 63.05801 9051.0
30.0 32.0 32.0 156.66492 89.22948 57.87197 9.0
30.0 32.0 30.0 88.86974 139.84851 63.05801 9.0
30.0 34.0 34.0 127.3516 111.55167 129.4764 90.0
30.0 34.0 30.0 88.86974 139.84851 63.05801 90.0
30.0 35.0 35.0 147.16946 121.50903 95.51339 550.0
30.0 35.0 30.0 88.86974 139.84851 63.05801 550.0
30.0 41.0 41.0 59.58574 125.62399 122.70742 39.0
30.0 41.0 30.0 88.86974 139.84851 63.05801 39.0
30.0 43.0 43.0 102.36967 137.40644 99.85879 1462.0
30.0 43.0 30.0 88.86974 139.84851 63.05801 1462.0
30.0 45.0 45.0 35.12209 116.33846 28.45931 517.0
30.0 45.0 30.0 88.86974 139.84851 63.05801 517.0
30.0 46.0 46.0 114.8467 130.50144 52.96569 2406.0
30.0 46.0 30.0 88.86974 139.84851 63.05801 2406.0
31.0 1.0 1.0 66.55685 89.69637 7.80731 5.0
31.0 1.0 31.0 121.60999 39.39584 35.94128 5.0
31.0 3.0 3.0 83.18835 3.82095 87.8445 2.0
31.0 3.0 31.0 121.60999 39.39584 35.94128 2.0
31.0 7.0 7.0 121.79396 13.47091 56.8947 1181.0
31.0 7.0 31.0 121.60999 39.39584 35.94128 1181.0
31.0 8.0 8.0 108.75438 84.90564 39.05191 1710.0
31.0 8.0 31.0 121.60999 39.39584 35.94128 1710.0
31.0 10.0 10.0 97.53001 4.03268 61.29911 299.0
31.0 10.0 31.0 121.60999 39.39584 35.94128 299.0
31.0 11.0 11.0 48.32269 14.22854 56.5526 3.0
31.0 11.0 31.0 121.60999 39.39584 35.94128 3.0
31.0 12.0 12.0 179.80531 86.52663 84.90779 10.0
31.0 12.0 31.0 121.60999 39.39584 35.94128 10.0
31.0 14.0 14.0 128.51963 115.91144 40.4193 7.0
31.0 14.0 31.0 121.60999 39.39584 35.94128 7.0
31.0 15.0 15.0 144.72157 26.38078 64.34411 950.0
31.0 15.0 31.0 121.60999 39.39584 35.94128 950.0
31.0 17.0 17.0 122.96852 11.06169 94.74016 10.0
31.0 17.0 31.0 121.60999 39.39584 35.94128 10.0
31.0 18.0 18.0 159.44968 25.0003 93.52743 26.0
31.0 18.0 31.0 121.60999 39.39584 35.94128 26.0
31.0 19.0 19.0 66.74694 15.19815 46.1313 33.0
31.0 19.0 31.0 121.60999 39.39584 35.94128 33.0
31.0 20.0 20.0 85.63148 53.81542 22.81713 1642.0
31.0 20.0 31.0 121.60999 39.39584 35.94128 1642.0
31.0 23.0 23.0 173.38271 43.65619 76.14915 94.0
31.0 23.0 31.0 121.60999 39.39584 35.94128 94.0
31.0 31.0 31.0 121.60999 39.39584 35.94128 7082.0
31.0 31.0 31.0 121.60999 39.39584 35.94128 7082.0
31.0 32.0 32.0 156.66492 89.22948 57.87197 362.0
31.0 32.0 31.0 121.60999 39.39584 35.94128 362.0
31.0 40.0 40.0 83.33071 23.53444 42.29444 772.0
31.0 40.0 31.0 121.60999 39.39584 35.94128 772.0
32.0 7.0 7.0 121.79396 13.47091 56.8947 7.0
32.0 7.0 32.0 156.66492 89.22948 57.87197 7.0
32.0 8.0 8.0 108.75438 84.90564 39.05191 1341.0
32.0 8.0 32.0 156.66492 89.22948 57.87197 1341.0
32.0 12.0 12.0 179.80531 86.52663 84.90779 1120.0
32.0 12.0 32.0 156.66492 89.22948 57.87197 1120.0
32.0 14.0 14.0 128.51963 115.91144 40.4193 1074.0
32.0 14.0 32.0 156.66492 89.22948 57.87197 1074.0
32.0 15.0 15.0 144.72157 26.38078 64.34411 286.0
32.0 15.0 32.0 156.66492 89.22948 57.87197 286.0
32.0 18.0 18.0 159.44968 25.0003 93.52743 16.0
32.0 18.0 32.0 156.66492 89.22948 57.87197 16.0
32.0 20.0 20.0 85.63148 53.81542 22.81713 8.0
32.0 20.0 32.0 156.66492 89.22948 57.87197 8.0
32.0 23.0 23.0 173.38271 43.65619 76.14915 352.0
32.0 23.0 32.0 156.66492 89.22948 57.87197 352.0
32.0 25.0 25.0 182.70918 64.91275 100.89798 74.0
32.0 25.0 32.0 156.66492 89.22948 57.87197 74.0
32.0 30.0 30.0 88.86974 139.84851 63.05801 24.0
32.0 30.0 32.0 156.66492 89.22948 57.87197 24.0
32.0 31.0 31.0 121.60999 39.39584 35.94128 434.0
32.0 31.0 32.0 156.66492 89.22948 57.87197 434.0
32.0 32.0 32.0 156.66492 89.22948 57.87197 5007.0
32.0 32.0 32.0 156.66492 89.22948 57.87197 5007.0
32.0 34.0 34.0 127.3516 111.55167 129.4764 10.0
32.0 34.0 32.0 156.66492 89.22948 57.87197 10.0
32.0 35.0 35.0 147.16946 121.50903 95.51339 678.0
32.0 35.0 32.0 156.66492 89.22948 57.87197 678.0
32.0 43.0 43.0 102.36967 137.40644 99.85879 1.0
32.0 43.0 32.0 156.66492 89.22948 57.87197 1.0
32.0 46.0 46.0 114.8467 130.50144 52.96569 274.0
32.0 46.0 32.0 156.66492 89.22948 57.87197 274.0
32.0 47.0 47.0 164.0898 62.48361 126.2541 6.0
32.0 47.0 32.0 156.66492 89.22948 57.87197 6.0
33.0 0.0 0.0 55.1623 49.3544 142.20281 224.0
33.0 0.0 33.0 97.59993 49.86301 149.2408 224.0
33.0 3.0 3.0 83.18835 3.82095 87.8445 1.0
33.0 3.0 33.0 97.59993 49.86301 149.2408 1.0
33.0 4.0 4.0 72.20173 108.2917 139.81388 8.0
33.0 4.0 33.0 97.59993 49.86301 149.2408 8.0
33.0 16.0 16.0 37.10339 38.60281 124.4068 3.0
33.0 16.0 33.0 97.59993 49.86301 149.2408 3.0
33.0 17.0 17.0 122.96852 11.06169 94.74016 2.0
33.0 17.0 33.0 97.59993 49.86301 149.2408 2.0
33.0 18.0 18.0 159.44968 25.0003 93.52743 2.0
33.0 18.0 33.0 97.59993 49.86301 149.2408 2.0
33.0 22.0 22.0 25.22453 80.12979 119.60681 4.0
33.0 22.0 33.0 97.59993 49.86301 149.2408 4.0
33.0 24.0 24.0 107.51079 87.31892 149.12369 410.0
33.0 24.0 33.0 97.59993 49.86301 149.2408 410.0
33.0 26.0 26.0 131.72375 44.97831 139.18145 776.0
33.0 26.0 33.0 97.59993 49.86301 149.2408 776.0
33.0 28.0 28.0 83.29051 39.87515 143.51979 1018.0
33.0 28.0 33.0 97.59993 49.86301 149.2408 1018.0
33.0 29.0 29.0 122.54962 20.67881 121.46195 153.0
33.0 29.0 33.0 97.59993 49.86301 149.2408 153.0
33.0 33.0 33.0 97.59993 49.86301 149.2408 1492.0
33.0 33.0 33.0 97.59993 49.86301 149.2408 1492.0
33.0 34.0 34.0 127.3516 111.55167 129.4764 8.0
33.0 34.0 33.0 97.59993 49.86301 149.2408 8.0
33.0 36.0 36.0 51.12771 19.23899 119.23789 11.0
33.0 36.0 33.0 97.59993 49.86301 149.2408 11.0
33.0 37.0 37.0 79.81524 11.05955 113.76203 79.0
33.0 37.0 33.0 97.59993 49.86301 149.2408 79.0
33.0 38.0 38.0 88.34886 68.22188 152.65319 955.0
33.0 38.0 33.0 97.59993 49.86301 149.2408 955.0
33.0 42.0 42.0 56.46322 85.11961 144.91673 108.0
33.0 42.0 33.0 97.59993 49.86301 149.2408 108.0
33.0 44.0 44.0 70.62843 22.69663 131.38659 110.0
33.0 44.0 33.0 97.59993 49.86301 149.2408 110.0
33.0 47.0 47.0 164.0898 62.48361 126.2541 7.0
33.0 47.0 33.0 97.59993 49.86301 149.2408 7.0
34.0 4.0 4.0 72.20173 108.2917 139.81388 760.0
34.0 4.0 34.0 127.3516 111.55167 129.4764 760.0
34.0 5.0 5.0 36.54799 130.27823 82.1801 1.0
34.0 5.0 34.0 127.3516 111.55167 129.4764 1.0
34.0 9.0 9.0 78.34557 140.11264 102.31143 398.0
34.0 9.0 34.0 127.3516 111.55167 129.4764 398.0
34.0 12.0 12.0 179.80531 86.52663 84.90779 88.0
34.0 12.0 34.0 127.3516 111.55167 129.4764 88.0
34.0 14.0 14.0 128.51963 115.91144 40.4193 2.0
34.0 14.0 34.0 127.3516 111.55167 129.4764 2.0
34.0 24.0 24.0 107.51079 87.31892 149.12369 1835.0
34.0 24.0 34.0 127.3516 111.55167 129.4764 1835.0
34.0 25.0 25.0 182.70918 64.91275 100.89798 27.0
34.0 25.0 34.0 127.3516 111.55167 129.4764 27.0
34.0 26.0 26.0 131.72375 44.97831 139.18145 277.0
34.0 26.0 34.0 127.3516 111.55167 129.4764 277.0
34.0 29.0 29.0 122.54962 20.67881 121.46195 2.0
34.0 29.0 34.0 127.3516 111.55167 129.4764 2.0
34.0 30.0 30.0 88.86974 139.84851 63.05801 93.0
34.0 30.0 34.0 127.3516 111.55167 129.4764 93.0
34.0 32.0 32.0 156.66492 89.22948 57.87197 5.0
34.0 32.0 34.0 127.3516 111.55167 129.4764 5.0
34.0 33.0 33.0 97.59993 49.86301 149.2408 13.0
34.0 33.0 34.0 127.3516 111.55167 129.4764 13.0
34.0 34.0 34.0 127.3516 111.55167 129.4764 10283.0
34.0 34.0 34.0 127.3516 111.55167 129.4764 10283.0
34.0 35.0 35.0 147.16946 121.50903 95.51339 1850.0
34.0 35.0 34.0 127.3516 111.55167 129.4764 1850.0
34.0 38.0 38.0 88.34886 68.22188 152.65319 47.0
34.0 38.0 34.0 127.3516 111.55167 129.4764 47.0
34.0 41.0 41.0 59.58574 125.62399 122.70742 373.0
34.0 41.0 34.0 127.3516 111.55167 129.4764 373.0
34.0 42.0 42.0 56.46322 85.11961 144.91673 14.0
34.0 42.0 34.0 127.3516 111.55167 129.4764 14.0
34.0 43.0 43.0 102.36967 137.40644 99.85879 1156.0
34.0 43.0 34.0 127.3516 111.55167 129.4764 1156.0
34.0 46.0 46.0 114.8467 130.50144 52.96569 17.0
34.0 46.0 34.0 127.3516 111.55167 129.4764 17.0
34.0 47.0 47.0 164.0898 62.48361 126.2541 806.0
34.0 47.0 34.0 127.3516 111.55167 129.4764 806.0
35.0 4.0 4.0 72.20173 108.2917 139.81388 2.0
35.0 4.0 35.0 147.16946 121.50903 95.51339 2.0
35.0 8.0 8.0 108.75438 84.90564 39.05191 9.0
35.0 8.0 35.0 147.16946 121.50903 95.51339 9.0
35.0 9.0 9.0 78.34557 140.11264 102.31143 40.0
35.0 9.0 35.0 147.16946 121.50903 95.51339 40.0
35.0 12.0 12.0 179.80531 86.52663 84.90779 867.0
35.0 12.0 35.0 147.16946 121.50903 95.51339 867.0
35.0 14.0 14.0 128.51963 115.91144 40.4193 283.0
35.0 14.0 35.0 147.16946 121.50903 95.51339 283.0
35.0 15.0 15.0 144.72157 26.38078 64.34411 1.0
35.0 15.0 35.0 147.16946 121.50903 95.51339 1.0
35.0 23.0 23.0 173.38271 43.65619 76.14915 2.0
35.0 23.0 35.0 147.16946 121.50903 95.51339 2.0
35.0 24.0 24.0 107.51079 87.31892 149.12369 13.0
35.0 24.0 35.0 147.16946 121.50903 95.51339 13.0
35.0 25.0 25.0 182.70918 64.91275 100.89798 83.0
35.0 25.0 35.0 147.16946 121.50903 95.51339 83.0
35.0 26.0 26.0 131.72375 44.97831 139.18145 5.0
35.0 26.0 35.0 147.16946 121.50903 95.51339 5.0
35.0 28.0 28.0 83.29051 39.87515 143.51979 1.0
35.0 28.0 35.0 147.16946 121.50903 95.51339 1.0
35.0 30.0 30.0 88.86974 139.84851 63.05801 611.0
35.0 30.0 35.0 147.16946 121.50903 95.51339 611.0
35.0 32.0 32.0 156.66492 89.22948 57.87197 650.0
35.0 32.0 35.0 147.16946 121.50903 95.51339 650.0
35.0 34.0 34.0 127.3516 111.55167 129.4764 1890.0
35.0 34.0 35.0 147.16946 121.50903 95.51339 1890.0
35.0 35.0 35.0 147.16946 121.50903 95.51339 6821.0
35.0 35.0 35.0 147.16946 121.50903 95.51339 6821.0
35.0 41.0 41.0 59.58574 125.62399 122.70742 3.0
35.0 41.0 35.0 147.16946 121.50903 95.51339 3.0
35.0 43.0 43.0 102.36967 137.40644 99.85879 754.0
35.0 43.0 35.0 147.16946 121.50903 95.51339 754.0
35.0 46.0 46.0 114.8467 130.50144 52.96569 817.0
35.0 46.0 35.0 147.16946 121.50903 95.51339 817.0
35.0 47.0 47.0 164.0898 62.48361 126.2541 277.0
35.0 47.0 35.0 147.16946 121.50903 95.51339 277.0
36.0 0.0 0.0 55.1623 49.3544 142.20281 314.0
36.0 0.0 36.0 51.12771 19.23899 119.23789 314.0
36.0 2.0 2.0 27.82868 24.96862 88.38282 377.0
36.0 2.0 36.0 51.12771 19.23899 119.23789 377.0
36.0 3.0 3.0 83.18835 3.82095 87.8445 147.0
36.0 3.0 36.0 51.12771 19.23899 119.23789 147.0
36.0 10.0 10.0 97.53001 4.03268 61.29911 1.0
36.0 10.0 36.0 51.12771 19.23899 119.23789 1.0
36.0 11.0 11.0 48.32269 14.22854 56.5526 69.0
36.0 11.0 36.0 51.12771 19.23899 119.23789 69.0
36.0 13.0 13.0 21.88133 31.06042 56.36127 3.0
36.0 13.0 36.0 51.12771 19.23899 119.23789 3.0
36.0 16.0 16.0 37.10339 38.60281 124.4068 675.0
36.0 16.0 36.0 51.12771 19.23899 119.23789 675.0
36.0 19.0 19.0 66.74694 15.19815 46.1313 3.0
36.0 19.0 36.0 51.12771 19.23899 119.23789 3.0
36.0 22.0 22.0 25.22453 80.12979 119.60681 12.0
36.0 22.0 36.0 51.12771 19.23899 119.23789 12.0
36.0 27.0 27.0 18.72894 45.55941 103.94871 85.0
36.0 27.0 36.0 51.12771 19.23899 119.23789 85.0
36.0 28.0 28.0 83.29051 39.87515 143.51979 93.0
36.0 28.0 36.0 51.12771 19.23899 119.23789 93.0
36.0 29.0 29.0 122.54962 20.67881 121.46195 5.0
36.0 29.0 36.0 51.12771 19.23899 119.23789 5.0
36.0 33.0 33.0 97.59993 49.86301 149.2408 5.0
36.0 33.0 36.0 51.12771 19.23899 119.23789 5.0
36.0 36.0 36.0 51.12771 19.23899 119.23789 824.0
36.0 36.0 36.0 51.12771 19.23899 119.23789 824.0
36.0 37.0 37.0 79.81524 11.05955 113.76203 647.0
36.0 37.0 36.0 51.12771 19.23899 119.23789 647.0
36.0 38.0 38.0 88.34886 68.22188 152.65319 4.0
36.0 38.0 36.0 51.12771 19.23899 119.23789 4.0
36.0 42.0 42.0 56.46322 85.11961 144.91673 6.0
36.0 42.0 36.0 51.12771 19.23899 119.23789 6.0
36.0 44.0 44.0 70.62843 22.69663 131.38659 463.0
36.0 44.0 36.0 51.12771 19.23899 119.23789 463.0
37.0 0.0 0.0 55.1623 49.3544 142.20281 86.0
37.0 0.0 37.0 79.81524 11.05955 113.76203 86.0
37.0 2.0 2.0 27.82868 24.96862 88.38282 313.0
37.0 2.0 37.0 79.81524 11.05955 113.76203 313.0
37.0 3.0 3.0 83.18835 3.82095 87.8445 1784.0
37.0 3.0 37.0 79.81524 11.05955 113.76203 1784.0
37.0 7.0 7.0 121.79396 13.47091 56.8947 13.0
37.0 7.0 37.0 79.81524 11.05955 113.76203 13.0
37.0 10.0 10.0 97.53001 4.03268 61.29911 64.0
37.0 10.0 37.0 79.81524 11.05955 113.76203 64.0
37.0 11.0 11.0 48.32269 14.22854 56.5526 210.0
37.0 11.0 37.0 79.81524 11.05955 113.76203 210.0
37.0 13.0 13.0 21.88133 31.06042 56.36127 3.0
37.0 13.0 37.0 79.81524 11.05955 113.76203 3.0
37.0 15.0 15.0 144.72157 26.38078 64.34411 3.0
37.0 15.0 37.0 79.81524 11.05955 113.76203 3.0
37.0 16.0 16.0 37.10339 38.60281 124.4068 181.0
37.0 16.0 37.0 79.81524 11.05955 113.76203 181.0
37.0 17.0 17.0 122.96852 11.06169 94.74016 405.0
37.0 17.0 37.0 79.81524 11.05955 113.76203 405.0
37.0 18.0 18.0 159.44968 25.0003 93.52743 2.0
37.0 18.0 37.0 79.81524 11.05955 113.76203 2.0
37.0 19.0 19.0 66.74694 15.19815 46.1313 30.0
37.0 19.0 37.0 79.81524 11.05955 113.76203 30.0
37.0 26.0 26.0 131.72375 44.97831 139.18145 145.0
37.0 26.0 37.0 79.81524 11.05955 113.76203 145.0
37.0 27.0 27.0 18.72894 45.55941 103.94871 25.0
37.0 27.0 37.0 79.81524 11.05955 113.76203 25.0
37.0 28.0 28.0 83.29051 39.87515 143.51979 529.0
37.0 28.0 37.0 79.81524 11.05955 113.76203 529.0
37.0 29.0 29.0 122.54962 20.67881 121.46195 749.0
37.0 29.0 37.0 79.81524 11.05955 113.76203 749.0
37.0 33.0 33.0 97.59993 49.86301 149.2408 84.0
37.0 33.0 37.0 79.81524 11.05955 113.76203 84.0
37.0 36.0 36.0 51.12771 19.23899 119.23789 615.0
37.0 36.0 37.0 79.81524 11.05955 113.76203 615.0
37.0 37.0 37.0 79.81524 11.05955 113.76203 4571.0
37.0 37.0 37.0 79.81524 11.05955 113.76203 4571.0
37.0 38.0 38.0 88.34886 68.22188 152.65319 5.0
37.0 38.0 37.0 79.81524 11.05955 113.76203 5.0
37.0 40.0 40.0 83.33071 23.53444 42.29444 6.0
37.0 40.0 37.0 79.81524 11.05955 113.76203 6.0
37.0 42.0 42.0 56.46322 85.11961 144.91673 1.0
37.0 42.0 37.0 79.81524 11.05955 113.76203 1.0
37.0 44.0 44.0 70.62843 22.69663 131.38659 968.0
37.0 44.0 37.0 79.81524 11.05955 113.76203 968.0
37.0 47.0 47.0 164.0898 62.48361 126.2541 1.0
37.0 47.0 37.0 79.81524 11.05955 113.76203 1.0
38.0 0.0 0.0 55.1623 49.3544 142.20281 331.0
38.0 0.0 38.0 88.34886 68.22188 152.65319 331.0
38.0 4.0 4.0 72.20173 108.2917 139.81388 227.0
38.0 4.0 38.0 88.34886 68.22188 152.65319 227.0
38.0 16.0 16.0 37.10339 38.60281 124.4068 21.0
38.0 16.0 38.0 88.34886 68.22188 152.65319 21.0
38.0 22.0 22.0 25.22453 80.12979 119.60681 39.0
38.0 22.0 38.0 88.34886 68.22188 152.65319 39.0
38.0 24.0 24.0 107.51079 87.31892 149.12369 1272.0
38.0 24.0 38.0 88.34886 68.22188 152.65319 1272.0
38.0 26.0 26.0 131.72375 44.97831 139.18145 295.0
38.0 26.0 38.0 88.34886 68.22188 152.65319 295.0
38.0 28.0 28.0 83.29051 39.87515 143.51979 496.0
38.0 28.0 38.0 88.34886 68.22188 152.65319 496.0
38.0 29.0 29.0 122.54962 20.67881 121.46195 14.0
38.0 29.0 38.0 88.34886 68.22188 152.65319 14.0
38.0 33.0 33.0 97.59993 49.86301 149.2408 858.0
38.0 33.0 38.0 88.34886 68.22188 152.65319 858.0
38.0 34.0 34.0 127.3516 111.55167 129.4764 46.0
38.0 34.0 38.0 88.34886 68.22188 152.65319 46.0
38.0 36.0 36.0 51.12771 19.23899 119.23789 4.0
38.0 36.0 38.0 88.34886 68.22188 152.65319 4.0
38.0 37.0 37.0 79.81524 11.05955 113.76203 7.0
38.0 37.0 38.0 88.34886 68.22188 152.65319 7.0
38.0 38.0 38.0 88.34886 68.22188 152.65319 1816.0
38.0 38.0 38.0 88.34886 68.22188 152.65319 1816.0
38.0 41.0 41.0 59.58574 125.62399 122.70742 6.0
38.0 41.0 38.0 88.34886 68.22188 152.65319 6.0
38.0 42.0 42.0 56.46322 85.11961 144.91673 814.0
38.0 42.0 38.0 88.34886 68.22188 152.65319 814.0
38.0 44.0 44.0 70.62843 22.69663 131.38659 18.0
38.0 44.0 38.0 88.34886 68.22188 152.65319 18.0
38.0 47.0 47.0 164.0898 62.48361 126.2541 11.0
38.0 47.0 38.0 88.34886 68.22188 152.65319 11.0
39.0 1.0 1.0 66.55685 89.69637 7.80731 242.0
39.0 1.0 39.0 21.9619 50.15322 32.64728 242.0
39.0 2.0 2.0 27.82868 24.96862 88.38282 119.0
39.0 2.0 39.0 21.9619 50.15322 32.64728 119.0
39.0 5.0 5.0 36.54799 130.27823 82.1801 5.0
39.0 5.0 39.0 21.9619 50.15322 32.64728 5.0
39.0 6.0 6.0 5.45775 85.07671 74.42015 1012.0
39.0 6.0 39.0 21.9619 50.15322 32.64728 1012.0
39.0 8.0 8.0 108.75438 84.90564 39.05191 1.0
39.0 8.0 39.0 21.9619 50.15322 32.64728 1.0
39.0 11.0 11.0 48.32269 14.22854 56.5526 655.0
39.0 11.0 39.0 21.9619 50.15322 32.64728 655.0
39.0 13.0 13.0 21.88133 31.06042 56.36127 1150.0
39.0 13.0 39.0 21.9619 50.15322 32.64728 1150.0
39.0 19.0 19.0 66.74694 15.19815 46.1313 170.0
39.0 19.0 39.0 21.9619 50.15322 32.64728 170.0
39.0 20.0 20.0 85.63148 53.81542 22.81713 440.0
39.0 20.0 39.0 21.9619 50.15322 32.64728 440.0
39.0 21.0 21.0 27.80503 77.92688 19.7672 1431.0
39.0 21.0 39.0 21.9619 50.15322 32.64728 1431.0
39.0 22.0 22.0 25.22453 80.12979 119.60681 5.0
39.0 22.0 39.0 21.9619 50.15322 32.64728 5.0
39.0 27.0 27.0 18.72894 45.55941 103.94871 26.0
39.0 27.0 39.0 21.9619 50.15322 32.64728 26.0
39.0 31.0 31.0 121.60999 39.39584 35.94128 3.0
39.0 31.0 39.0 21.9619 50.15322 32.64728 3.0
39.0 37.0 37.0 79.81524 11.05955 113.76203 1.0
39.0 37.0 39.0 21.9619 50.15322 32.64728 1.0
39.0 39.0 39.0 21.9619 50.15322 32.64728 5549.0
39.0 39.0 39.0 21.9619 50.15322 32.64728 5549.0
39.0 40.0 40.0 83.33071 23.53444 42.29444 45.0
39.0 40.0 39.0 21.9619 50.15322 32.64728 45.0
39.0 45.0 45.0 35.12209 116.33846 28.45931 93.0
39.0 45.0 39.0 21.9619 50.15322 32.64728 93.0
40.0 1.0 1.0 66.55685 89.69637 7.80731 17.0
40.0 1.0 40.0 83.33071 23.53444 42.29444 17.0
40.0 3.0 3.0 83.18835 3.82095 87.8445 129.0
40.0 3.0 40.0 83.33071 23.53444 42.29444 129.0
40.0 7.0 7.0 121.79396 13.47091 56.8947 241.0
40.0 7.0 40.0 83.33071 23.53444 42.29444 241.0
40.0 8.0 8.0 108.75438 84.90564 39.05191 37.0
40.0 8.0 40.0 83.33071 23.53444 42.29444 37.0
40.0 10.0 10.0 97.53001 4.03268 61.29911 895.0
40.0 10.0 40.0 83.33071 23.53444 42.29444 895.0
40.0 11.0 11.0 48.32269 14.22854 56.5526 397.0
40.0 11.0 40.0 83.33071 23.53444 42.29444 397.0
40.0 13.0 13.0 21.88133 31.06042 56.36127 6.0
40.0 13.0 40.0 83.33071 23.53444 42.29444 6.0
40.0 15.0 15.0 144.72157 26.38078 64.34411 7.0
40.0 15.0 40.0 83.33071 23.53444 42.29444 7.0
40.0 17.0 17.0 122.96852 11.06169 94.74016 3.0
40.0 17.0 40.0 83.33071 23.53444 42.29444 3.0
40.0 19.0 19.0 66.74694 15.19815 46.1313 924.0
40.0 19.0 40.0 83.33071 23.53444 42.29444 924.0
40.0 20.0 20.0 85.63148 53.81542 22.81713 1294.0
40.0 20.0 40.0 83.33071 23.53444 42.29444 1294.0
40.0 21.0 21.0 27.80503 77.92688 19.7672 3.0
40.0 21.0 40.0 83.33071 23.53444 42.29444 3.0
40.0 31.0 31.0 121.60999 39.39584 35.94128 774.0
40.0 31.0 40.0 83.33071 23.53444 42.29444 774.0
40.0 37.0 37.0 79.81524 11.05955 113.76203 1.0
40.0 37.0 40.0 83.33071 23.53444 42.29444 1.0
40.0 39.0 39.0 21.9619 50.15322 32.64728 38.0
40.0 39.0 40.0 83.33071 23.53444 42.29444 38.0
40.0 40.0 40.0 83.33071 23.53444 42.29444 2661.0
40.0 40.0 40.0 83.33071 23.53444 42.29444 2661.0
41.0 0.0 0.0 55.1623 49.3544 142.20281 1.0
41.0 0.0 41.0 59.58574 125.62399 122.70742 1.0
41.0 4.0 4.0 72.20173 108.2917 139.81388 2002.0
41.0 4.0 41.0 59.58574 125.62399 122.70742 2002.0
41.0 5.0 5.0 36.54799 130.27823 82.1801 1653.0
41.0 5.0 41.0 59.58574 125.62399 122.70742 1653.0
41.0 6.0 6.0 5.45775 85.07671 74.42015 24.0
41.0 6.0 41.0 59.58574 125.62399 122.70742 24.0
41.0 9.0 9.0 78.34557 140.11264 102.31143 1442.0
41.0 9.0 41.0 59.58574 125.62399 122.70742 1442.0
41.0 13.0 13.0 21.88133 31.06042 56.36127 1.0
41.0 13.0 41.0 59.58574 125.62399 122.70742 1.0
41.0 16.0 16.0 37.10339 38.60281 124.4068 1.0
41.0 16.0 41.0 59.58574 125.62399 122.70742 1.0
41.0 22.0 22.0 25.22453 80.12979 119.60681 539.0
41.0 22.0 41.0 59.58574 125.62399 122.70742 539.0
41.0 24.0 24.0 107.51079 87.31892 149.12369 89.0
41.0 24.0 41.0 59.58574 125.62399 122.70742 89.0
41.0 27.0 27.0 18.72894 45.55941 103.94871 1.0
41.0 27.0 41.0 59.58574 125.62399 122.70742 1.0
41.0 28.0 28.0 83.29051 39.87515 143.51979 1.0
41.0 28.0 41.0 59.58574 125.62399 122.70742 1.0
41.0 30.0 30.0 88.86974 139.84851 63.05801 29.0
41.0 30.0 41.0 59.58574 125.62399 122.70742 29.0
41.0 33.0 33.0 97.59993 49.86301 149.2408 1.0
41.0 33.0 41.0 59.58574 125.62399 122.70742 1.0
41.0 34.0 34.0 127.3516 111.55167 129.4764 358.0
41.0 34.0 41.0 59.58574 125.62399 122.70742 358.0
41.0 35.0 35.0 147.16946 121.50903 95.51339 2.0
41.0 35.0 41.0 59.58574 125.62399 122.70742 2.0
41.0 38.0 38.0 88.34886 68.22188 152.65319 5.0
41.0 38.0 41.0 59.58574 125.62399 122.70742 5.0
41.0 41.0 41.0 59.58574 125.62399 122.70742 5743.0
41.0 41.0 41.0 59.58574 125.62399 122.70742 5743.0
41.0 42.0 42.0 56.46322 85.11961 144.91673 379.0
41.0 42.0 41.0 59.58574 125.62399 122.70742 379.0
41.0 43.0 43.0 102.36967 137.40644 99.85879 292.0
41.0 43.0 41.0 59.58574 125.62399 122.70742 292.0
42.0 0.0 0.0 55.1623 49.3544 142.20281 711.0
42.0 0.0 42.0 56.46322 85.11961 144.91673 711.0
42.0 4.0 4.0 72.20173 108.2917 139.81388 1604.0
42.0 4.0 42.0 56.46322 85.11961 144.91673 1604.0
42.0 5.0 5.0 36.54799 130.27823 82.1801 47.0
42.0 5.0 42.0 56.46322 85.11961 144.91673 47.0
42.0 6.0 6.0 5.45775 85.07671 74.42015 1.0
42.0 6.0 42.0 56.46322 85.11961 144.91673 1.0
42.0 9.0 9.0 78.34557 140.11264 102.31143 6.0
42.0 9.0 42.0 56.46322 85.11961 144.91673 6.0
42.0 16.0 16.0 37.10339 38.60281 124.4068 135.0
42.0 16.0 42.0 56.46322 85.11961 144.91673 135.0
42.0 22.0 22.0 25.22453 80.12979 119.60681 1169.0
42.0 22.0 42.0 56.46322 85.11961 144.91673 1169.0
42.0 24.0 24.0 107.51079 87.31892 149.12369 416.0
42.0 24.0 42.0 56.46322 85.11961 144.91673 416.0
42.0 26.0 26.0 131.72375 44.97831 139.18145 1.0
42.0 26.0 42.0 56.46322 85.11961 144.91673 1.0
42.0 27.0 27.0 18.72894 45.55941 103.94871 5.0
42.0 27.0 42.0 56.46322 85.11961 144.91673 5.0
42.0 28.0 28.0 83.29051 39.87515 143.51979 200.0
42.0 28.0 42.0 56.46322 85.11961 144.91673 200.0
42.0 33.0 33.0 97.59993 49.86301 149.2408 81.0
42.0 33.0 42.0 56.46322 85.11961 144.91673 81.0
42.0 34.0 34.0 127.3516 111.55167 129.4764 13.0
42.0 34.0 42.0 56.46322 85.11961 144.91673 13.0
42.0 36.0 36.0 51.12771 19.23899 119.23789 7.0
42.0 36.0 42.0 56.46322 85.11961 144.91673 7.0
42.0 38.0 38.0 88.34886 68.22188 152.65319 743.0
42.0 38.0 42.0 56.46322 85.11961 144.91673 743.0
42.0 41.0 41.0 59.58574 125.62399 122.70742 360.0
42.0 41.0 42.0 56.46322 85.11961 144.91673 360.0
42.0 42.0 42.0 56.46322 85.11961 144.91673 3736.0
42.0 42.0 42.0 56.46322 85.11961 144.91673 3736.0
42.0 44.0 44.0 70.62843 22.69663 131.38659 5.0
42.0 44.0 42.0 56.46322 85.11961 144.91673 5.0
43.0 4.0 4.0 72.20173 108.2917 139.81388 86.0
43.0 4.0 43.0 102.36967 137.40644 99.85879 86.0
43.0 5.0 5.0 36.54799 130.27823 82.1801 75.0
43.0 5.0 43.0 102.36967 137.40644 99.85879 75.0
43.0 8.0 8.0 108.75438 84.90564 39.05191 2.0
43.0 8.0 43.0 102.36967 137.40644 99.85879 2.0
43.0 9.0 9.0 78.34557 140.11264 102.31143 1394.0
43.0 9.0 43.0 102.36967 137.40644 99.85879 1394.0
43.0 14.0 14.0 128.51963 115.91144 40.4193 6.0
43.0 14.0 43.0 102.36967 137.40644 99.85879 6.0
43.0 24.0 24.0 107.51079 87.31892 149.12369 7.0
43.0 24.0 43.0 102.36967 137.40644 99.85879 7.0
43.0 30.0 30.0 88.86974 139.84851 63.05801 1399.0
43.0 30.0 43.0 102.36967 137.40644 99.85879 1399.0
43.0 34.0 34.0 127.3516 111.55167 129.4764 1054.0
43.0 34.0 43.0 102.36967 137.40644 99.85879 1054.0
43.0 35.0 35.0 147.16946 121.50903 95.51339 691.0
43.0 35.0 43.0 102.36967 137.40644 99.85879 691.0
43.0 37.0 37.0 79.81524 11.05955 113.76203 1.0
43.0 37.0 43.0 102.36967 137.40644 99.85879 1.0
43.0 41.0 41.0 59.58574 125.62399 122.70742 282.0
43.0 41.0 43.0 102.36967 137.40644 99.85879 282.0
43.0 42.0 42.0 56.46322 85.11961 144.91673 1.0
43.0 42.0 43.0 102.36967 137.40644 99.85879 1.0
43.0 43.0 43.0 102.36967 137.40644 99.85879 2950.0
43.0 43.0 43.0 102.36967 137.40644 99.85879 2950.0
43.0 46.0 46.0 114.8467 130.50144 52.96569 142.0
43.0 46.0 43.0 102.36967 137.40644 99.85879 142.0
44.0 0.0 0.0 55.1623 49.3544 142.20281 415.0
44.0 0.0 44.0 70.62843 22.69663 131.38659 415.0
44.0 2.0 2.0 27.82868 24.96862 88.38282 46.0
44.0 2.0 44.0 70.62843 22.69663 131.38659 46.0
44.0 3.0 3.0 83.18835 3.82095 87.8445 65.0
44.0 3.0 44.0 70.62843 22.69663 131.38659 65.0
44.0 4.0 4.0 72.20173 108.2917 139.81388 1.0
44.0 4.0 44.0 70.62843 22.69663 131.38659 1.0
44.0 10.0 10.0 97.53001 4.03268 61.29911 1.0
44.0 10.0 44.0 70.62843 22.69663 131.38659 1.0
44.0 11.0 11.0 48.32269 14.22854 56.5526 6.0
44.0 11.0 44.0 70.62843 22.69663 131.38659 6.0
44.0 16.0 16.0 37.10339 38.60281 124.4068 197.0
44.0 16.0 44.0 70.62843 22.69663 131.38659 197.0
44.0 17.0 17.0 122.96852 11.06169 94.74016 10.0
44.0 17.0 44.0 70.62843 22.69663 131.38659 10.0
44.0 22.0 22.0 25.22453 80.12979 119.60681 1.0
44.0 22.0 44.0 70.62843 22.69663 131.38659 1.0
44.0 26.0 26.0 131.72375 44.97831 139.18145 22.0
44.0 26.0 44.0 70.62843 22.69663 131.38659 22.0
44.0 27.0 27.0 18.72894 45.55941 103.94871 4.0
44.0 27.0 44.0 70.62843 22.69663 131.38659 4.0
44.0 28.0 28.0 83.29051 39.87515 143.51979 602.0
44.0 28.0 44.0 70.62843 22.69663 131.38659 602.0
44.0 29.0 29.0 122.54962 20.67881 121.46195 74.0
44.0 29.0 44.0 70.62843 22.69663 131.38659 74.0
44.0 33.0 33.0 97.59993 49.86301 149.2408 105.0
44.0 33.0 44.0 70.62843 22.69663 131.38659 105.0
44.0 36.0 36.0 51.12771 19.23899 119.23789 442.0
44.0 36.0 44.0 70.62843 22.69663 131.38659 442.0
44.0 37.0 37.0 79.81524 11.05955 113.76203 1006.0
44.0 37.0 44.0 70.62843 22.69663 131.38659 1006.0
44.0 38.0 38.0 88.34886 68.22188 152.65319 17.0
44.0 38.0 44.0 70.62843 22.69663 131.38659 17.0
44.0 42.0 42.0 56.46322 85.11961 144.91673 6.0
44.0 42.0 44.0 70.62843 22.69663 131.38659 6.0
44.0 44.0 44.0 70.62843 22.69663 131.38659 1014.0
44.0 44.0 44.0 70.62843 22.69663 131.38659 1014.0
45.0 1.0 1.0 66.55685 89.69637 7.80731 1460.0
45.0 1.0 45.0 35.12209 116.33846 28.45931 1460.0
45.0 5.0 5.0 36.54799 130.27823 82.1801 1531.0
45.0 5.0 45.0 35.12209 116.33846 28.45931 1531.0
45.0 6.0 6.0 5.45775 85.07671 74.42015 716.0
45.0 6.0 45.0 35.12209 116.33846 28.45931 716.0
45.0 8.0 8.0 108.75438 84.90564 39.05191 134.0
45.0 8.0 45.0 35.12209 116.33846 28.45931 134.0
45.0 9.0 9.0 78.34557 140.11264 102.31143 5.0
45.0 9.0 45.0 35.12209 116.33846 28.45931 5.0
45.0 14.0 14.0 128.51963 115.91144 40.4193 4.0
45.0 14.0 45.0 35.12209 116.33846 28.45931 4.0
45.0 20.0 20.0 85.63148 53.81542 22.81713 11.0
45.0 20.0 45.0 35.12209 116.33846 28.45931 11.0
45.0 21.0 21.0 27.80503 77.92688 19.7672 1201.0
45.0 21.0 45.0 35.12209 116.33846 28.45931 1201.0
45.0 22.0 22.0 25.22453 80.12979 119.60681 2.0
45.0 22.0 45.0 35.12209 116.33846 28.45931 2.0
45.0 30.0 30.0 88.86974 139.84851 63.05801 642.0
45.0 30.0 45.0 35.12209 116.33846 28.45931 642.0
45.0 39.0 39.0 21.9619 50.15322 32.64728 102.0
45.0 39.0 45.0 35.12209 116.33846 28.45931 102.0
45.0 43.0 43.0 102.36967 137.40644 99.85879 1.0
45.0 43.0 45.0 35.12209 116.33846 28.45931 1.0
45.0 45.0 45.0 35.12209 116.33846 28.45931 7630.0
45.0 45.0 45.0 35.12209 116.33846 28.45931 7630.0
45.0 46.0 46.0 114.8467 130.50144 52.96569 56.0
45.0 46.0 45.0 35.12209 116.33846 28.45931 56.0
46.0 1.0 1.0 66.55685 89.69637 7.80731 117.0
46.0 1.0 46.0 114.8467 130.50144 52.96569 117.0
46.0 5.0 5.0 36.54799 130.27823 82.1801 13.0
46.0 5.0 46.0 114.8467 130.50144 52.96569 13.0
46.0 8.0 8.0 108.75438 84.90564 39.05191 737.0
46.0 8.0 46.0 114.8467 130.50144 52.96569 737.0
46.0 9.0 9.0 78.34557 140.11264 102.31143 13.0
46.0 9.0 46.0 114.8467 130.50144 52.96569 13.0
46.0 12.0 12.0 179.80531 86.52663 84.90779 6.0
46.0 12.0 46.0 114.8467 130.50144 52.96569 6.0
46.0 14.0 14.0 128.51963 115.91144 40.4193 1871.0
46.0 14.0 46.0 114.8467 130.50144 52.96569 1871.0
46.0 20.0 20.0 85.63148 53.81542 22.81713 3.0
46.0 20.0 46.0 114.8467 130.50144 52.96569 3.0
46.0 30.0 30.0 88.86974 139.84851 63.05801 2435.0
46.0 30.0 46.0 114.8467 130.50144 52.96569 2435.0
46.0 32.0 32.0 156.66492 89.22948 57.87197 232.0
46.0 32.0 46.0 114.8467 130.50144 52.96569 232.0
46.0 34.0 34.0 127.3516 111.55167 129.4764 25.0
46.0 34.0 46.0 114.8467 130.50144 52.96569 25.0
46.0 35.0 35.0 147.16946 121.50903 95.51339 824.0
46.0 35.0 46.0 114.8467 130.50144 52.96569 824.0
46.0 43.0 43.0 102.36967 137.40644 99.85879 162.0
46.0 43.0 46.0 114.8467 130.50144 52.96569 162.0
46.0 45.0 45.0 35.12209 116.33846 28.45931 33.0
46.0 45.0 46.0 114.8467 130.50144 52.96569 33.0
46.0 46.0 46.0 114.8467 130.50144 52.96569 4215.0
46.0 46.0 46.0 114.8467 130.50144 52.96569 4215.0
47.0 12.0 12.0 179.80531 86.52663 84.90779 320.0
47.0 12.0 47.0 164.0898 62.48361 126.2541 320.0
47.0 15.0 15.0 144.72157 26.38078 64.34411 25.0
47.0 15.0 47.0 164.0898 62.48361 126.2541 25.0
47.0 17.0 17.0 122.96852 11.06169 94.74016 43.0
47.0 17.0 47.0 164.0898 62.48361 126.2541 43.0
47.0 18.0 18.0 159.44968 25.0003 93.52743 451.0
47.0 18.0 47.0 164.0898 62.48361 126.2541 451.0
47.0 23.0 23.0 173.38271 43.65619 76.14915 245.0
47.0 23.0 47.0 164.0898 62.48361 126.2541 245.0
47.0 24.0 24.0 107.51079 87.31892 149.12369 226.0
47.0 24.0 47.0 164.0898 62.48361 126.2541 226.0
47.0 25.0 25.0 182.70918 64.91275 100.89798 804.0
47.0 25.0 47.0 164.0898 62.48361 126.2541 804.0
47.0 26.0 26.0 131.72375 44.97831 139.18145 1317.0
47.0 26.0 47.0 164.0898 62.48361 126.2541 1317.0
47.0 28.0 28.0 83.29051 39.87515 143.51979 2.0
47.0 28.0 47.0 164.0898 62.48361 126.2541 2.0
47.0 29.0 29.0 122.54962 20.67881 121.46195 191.0
47.0 29.0 47.0 164.0898 62.48361 126.2541 191.0
47.0 32.0 32.0 156.66492 89.22948 57.87197 9.0
47.0 32.0 47.0 164.0898 62.48361 126.2541 9.0
47.0 33.0 33.0 97.59993 49.86301 149.2408 17.0
47.0 33.0 47.0 164.0898 62.48361 126.2541 17.0
47.0 34.0 34.0 127.3516 111.55167 129.4764 912.0
47.0 34.0 47.0 164.0898 62.48361 126.2541 912.0
47.0 35.0 35.0 147.16946 121.50903 95.51339 305.0
47.0 35.0 47.0 164.0898 62.48361 126.2541 305.0
47.0 38.0 38.0 88.34886 68.22188 152.65319 4.0
47.0 38.0 47.0 164.0898 62.48361 126.2541 4.0
47.0 47.0 47.0 164.0898 62.48361 126.2541 4963.0
47.0 47.0 47.0 164.0898 62.48361 126.2541 4963.0
