TargetArea SourceArea Area AvgPosX AvgPosY AvgPosZ SumWeights
0.0 0.0 0.0 55.13006 49.30761 142.16812 2769.0
0.0 0.0 0.0 55.13006 49.30761 142.16812 2769.0
0.0 2.0 2.0 27.68207 25.086 88.23644 11.0
0.0 2.0 0.0 55.13006 49.30761 142.16812 11.0
0.0 4.0 4.0 72.13698 108.23421 139.83532 27.0
0.0 4.0 0.0 55.13006 49.30761 142.16812 27.0
0.0 16.0 16.0 37.05143 38.66795 124.39002 970.0
0.0 16.0 0.0 55.13006 49.30761 142.16812 970.0
0.0 22.0 22.0 25.15475 80.10408 119.50643 469.0
0.0 22.0 0.0 55.13006 49.30761 142.16812 469.0
0.0 24.0 24.0 107.81147 87.1712 149.12825 17.0
0.0 24.0 0.0 55.13006 49.30761 142.16812 17.0
0.0 26.0 26.0 131.80242 45.08085 139.20557 2.0
0.0 26.0 0.0 55.13006 49.30761 142.16812 2.0
0.0 27.0 27.0 18.69462 45.54495 103.86321 46.0
0.0 27.0 0.0 55.13006 49.30761 142.16812 46.0
0.0 28.0 28.0 83.5248 39.72729 143.46439 919.0
0.0 28.0 0.0 55.13006 49.30761 142.16812 919.0
0.0 29.0 29.0 122.69442 20.71023 121.41186 2.0
0.0 29.0 0.0 55.13006 49.30761 142.16812 2.0
0.0 33.0 33.0 97.66276 49.86898 149.23726 216.0
0.0 33.0 0.0 55.13006 49.30761 142.16812 216.0
0.0 36.0 36.0 51.11953 19.24487 119.25827 332.0
0.0 36.0 0.0 55.13006 49.30761 142.16812 332.0
0.0 37.0 37.0 79.98411 11.08915 113.83755 80.0
0.0 37.0 0.0 55.13006 49.30761 142.16812 80.0
0.0 38.0 38.0 88.59444 68.22212 152.64817 325.0
0.0 38.0 0.0 55.13006 49.30761 142.16812 325.0
0.0 41.0 41.0 59.60865 125.62469 122.70997 3.0
0.0 41.0 0.0 55.13006 49.30761 142.16812 3.0
0.0 42.0 42.0 56.46987 85.136 144.92619 798.0
0.0 42.0 0.0 55.13006 49.30761 142.16812 798.0
0.0 44.0 44.0 70.64378 22.7386 131.42247 399.0
0.0 44.0 0.0 55.13006 49.30761 142.16812 399.0
1.0 1.0 1.0 66.46611 89.52983 7.71629 7311.0
1.0 1.0 1.0 66.46611 89.52983 7.71629 7311.0
1.0 5.0 5.0 36.4055 130.17015 82.11397 24.0
1.0 5.0 1.0 66.46611 89.52983 7.71629 24.0
1.0 6.0 6.0 5.44029 84.95553 74.28813 1.0
1.0 6.0 1.0 66.46611 89.52983 7.71629 1.0
1.0 8.0 8.0 108.64914 85.19132 38.95302 1357.0
1.0 8.0 1.0 66.46611 89.52983 7.71629 1357.0
1.0 11.0 11.0 48.23846 14.31553 56.39595 24.0
1.0 11.0 1.0 66.46611 89.52983 7.71629 24.0
1.0 14.0 14.0 128.49532 115.95644 40.42 51.0
1.0 14.0 1.0 66.46611 89.52983 7.71629 51.0
1.0 19.0 19.0 66.66766 15.29083 45.93337 31.0
1.0 19.0 1.0 66.46611 89.52983 7.71629 31.0
1.0 20.0 20.0 85.45716 53.77734 22.66747 1759.0
1.0 20.0 1.0 66.46611 89.52983 7.71629 1759.0
1.0 21.0 21.0 27.79182 77.96438 19.77522 1036.0
1.0 21.0 1.0 66.46611 89.52983 7.71629 1036.0
1.0 30.0 30.0 88.72537 139.84191 62.90952 281.0
1.0 30.0 1.0 66.46611 89.52983 7.71629 281.0
1.0 31.0 31.0 121.7595 39.459 36.04562 9.0
1.0 31.0 1.0 66.46611 89.52983 7.71629 9.0
1.0 39.0 39.0 21.83439 50.14455 32.81459 247.0
1.0 39.0 1.0 66.46611 89.52983 7.71629 247.0
1.0 40.0 40.0 83.31682 23.6018 42.22353 15.0
1.0 40.0 1.0 66.46611 89.52983 7.71629 15.0
1.0 45.0 45.0 35.08393 116.33388 28.5161 1414.0
1.0 45.0 1.0 66.46611 89.52983 7.71629 1414.0
1.0 46.0 46.0 114.94997 130.47698 53.01786 141.0
1.0 46.0 1.0 66.46611 89.52983 7.71629 141.0
2.0 0.0 0.0 55.13006 49.30761 142.16812 14.0
2.0 0.0 2.0 27.68207 25.086 88.23644 14.0
2.0 2.0 2.0 27.68207 25.086 88.23644 4681.0
2.0 2.0 2.0 27.68207 25.086 88.23644 4681.0
2.0 3.0 3.0 83.16587 3.84081 87.94729 246.0
2.0 3.0 2.0 27.68207 25.086 88.23644 246.0
2.0 6.0 6.0 5.44029 84.95553 74.28813 332.0
2.0 6.0 2.0 27.68207 25.086 88.23644 332.0
2.0 11.0 11.0 48.23846 14.31553 56.39595 1028.0
2.0 11.0 2.0 27.68207 25.086 88.23644 1028.0
2.0 13.0 13.0 21.88023 31.08166 56.31657 922.0
2.0 13.0 2.0 27.68207 25.086 88.23644 922.0
2.0 16.0 16.0 37.05143 38.66795 124.39002 607.0
2.0 16.0 2.0 27.68207 25.086 88.23644 607.0
2.0 19.0 19.0 66.66766 15.29083 45.93337 17.0
2.0 19.0 2.0 27.68207 25.086 88.23644 17.0
2.0 22.0 22.0 25.15475 80.10408 119.50643 101.0
2.0 22.0 2.0 27.68207 25.086 88.23644 101.0
2.0 27.0 27.0 18.69462 45.54495 103.86321 1168.0
2.0 27.0 2.0 27.68207 25.086 88.23644 1168.0
2.0 28.0 28.0 83.5248 39.72729 143.46439 2.0
2.0 28.0 2.0 27.68207 25.086 88.23644 2.0
2.0 36.0 36.0 51.11953 19.24487 119.25827 434.0
2.0 36.0 2.0 27.68207 25.086 88.23644 434.0
2.0 37.0 37.0 79.98411 11.08915 113.83755 355.0
2.0 37.0 2.0 27.68207 25.086 88.23644 355.0
2.0 39.0 39.0 21.83439 50.14455 32.81459 116.0
2.0 39.0 2.0 27.68207 25.086 88.23644 116.0
2.0 40.0 40.0 83.31682 23.6018 42.22353 2.0
2.0 40.0 2.0 27.68207 25.086 88.23644 2.0
2.0 44.0 44.0 70.64378 22.7386 131.42247 32.0
2.0 44.0 2.0 27.68207 25.086 88.23644 32.0
3.0 0.0 0.0 55.13006 49.30761 142.16812 2.0
3.0 0.0 3.0 83.16587 3.84081 87.94729 2.0
3.0 2.0 2.0 27.68207 25.086 88.23644 213.0
3.0 2.0 3.0 83.16587 3.84081 87.94729 213.0
3.0 3.0 3.0 83.16587 3.84081 87.94729 4809.0
3.0 3.0 3.0 83.16587 3.84081 87.94729 4809.0
3.0 7.0 7.0 121.82085 13.4797 56.9453 169.0
3.0 7.0 3.0 83.16587 3.84081 87.94729 169.0
3.0 10.0 10.0 97.50436 4.0062 61.34436 1230.0
3.0 10.0 3.0 83.16587 3.84081 87.94729 1230.0
3.0 11.0 11.0 48.23846 14.31553 56.39595 725.0
3.0 11.0 3.0 83.16587 3.84081 87.94729 725.0
3.0 13.0 13.0 21.88023 31.08166 56.31657 9.0
3.0 13.0 3.0 83.16587 3.84081 87.94729 9.0
3.0 15.0 15.0 144.81463 26.38669 64.49282 26.0
3.0 15.0 3.0 83.16587 3.84081 87.94729 26.0
3.0 16.0 16.0 37.05143 38.66795 124.39002 20.0
3.0 16.0 3.0 83.16587 3.84081 87.94729 20.0
3.0 17.0 17.0 123.04428 11.07962 94.71445 951.0
3.0 17.0 3.0 83.16587 3.84081 87.94729 951.0
3.0 18.0 18.0 159.46078 25.03658 93.64406 2.0
3.0 18.0 3.0 83.16587 3.84081 87.94729 2.0
3.0 19.0 19.0 66.66766 15.29083 45.93337 384.0
3.0 19.0 3.0 83.16587 3.84081 87.94729 384.0
3.0 26.0 26.0 131.80242 45.08085 139.20557 8.0
3.0 26.0 3.0 83.16587 3.84081 87.94729 8.0
3.0 27.0 27.0 18.69462 45.54495 103.86321 2.0
3.0 27.0 3.0 83.16587 3.84081 87.94729 2.0
3.0 28.0 28.0 83.5248 39.72729 143.46439 11.0
3.0 28.0 3.0 83.16587 3.84081 87.94729 11.0
3.0 29.0 29.0 122.69442 20.71023 121.41186 168.0
3.0 29.0 3.0 83.16587 3.84081 87.94729 168.0
3.0 31.0 31.0 121.7595 39.459 36.04562 2.0
3.0 31.0 3.0 83.16587 3.84081 87.94729 2.0
3.0 33.0 33.0 97.66276 49.86898 149.23726 1.0
3.0 33.0 3.0 83.16587 3.84081 87.94729 1.0
3.0 36.0 36.0 51.11953 19.24487 119.25827 134.0
3.0 36.0 3.0 83.16587 3.84081 87.94729 134.0
3.0 37.0 37.0 79.98411 11.08915 113.83755 1856.0
3.0 37.0 3.0 83.16587 3.84081 87.94729 1856.0
3.0 40.0 40.0 83.31682 23.6018 42.22353 139.0
3.0 40.0 3.0 83.16587 3.84081 87.94729 139.0
3.0 44.0 44.0 70.64378 22.7386 131.42247 48.0
3.0 44.0 3.0 83.16587 3.84081 87.94729 48.0
4.0 0.0 0.0 55.13006 49.30761 142.16812 22.0
4.0 0.0 4.0 72.13698 108.23421 139.83532 22.0
4.0 4.0 4.0 72.13698 108.23421 139.83532 4786.0
4.0 4.0 4.0 72.13698 108.23421 139.83532 4786.0
4.0 5.0 5.0 36.4055 130.17015 82.11397 86.0
4.0 5.0 4.0 72.13698 108.23421 139.83532 86.0
4.0 6.0 6.0 5.44029 84.95553 74.28813 2.0
4.0 6.0 4.0 72.13698 108.23421 139.83532 2.0
4.0 9.0 9.0 78.35813 140.10471 102.28975 228.0
4.0 9.0 4.0 72.13698 108.23421 139.83532 228.0
4.0 16.0 16.0 37.05143 38.66795 124.39002 2.0
4.0 16.0 4.0 72.13698 108.23421 139.83532 2.0
4.0 22.0 22.0 25.15475 80.10408 119.50643 350.0
4.0 22.0 4.0 72.13698 108.23421 139.83532 350.0
4.0 24.0 24.0 107.81147 87.1712 149.12825 1232.0
4.0 24.0 4.0 72.13698 108.23421 139.83532 1232.0
4.0 28.0 28.0 83.5248 39.72729 143.46439 6.0
4.0 28.0 4.0 72.13698 108.23421 139.83532 6.0
4.0 33.0 33.0 97.66276 49.86898 149.23726 7.0
4.0 33.0 4.0 72.13698 108.23421 139.83532 7.0
4.0 34.0 34.0 127.73335 111.25095 129.58389 649.0
4.0 34.0 4.0 72.13698 108.23421 139.83532 649.0
4.0 35.0 35.0 147.51445 121.30946 95.63509 2.0
4.0 35.0 4.0 72.13698 108.23421 139.83532 2.0
4.0 38.0 38.0 88.59444 68.22212 152.64817 183.0
4.0 38.0 4.0 72.13698 108.23421 139.83532 183.0
4.0 41.0 41.0 59.60865 125.62469 122.70997 2075.0
4.0 41.0 4.0 72.13698 108.23421 139.83532 2075.0
4.0 42.0 42.0 56.46987 85.136 144.92619 1648.0
4.0 42.0 4.0 72.13698 108.23421 139.83532 1648.0
4.0 43.0 43.0 102.36503 137.45391 99.68599 69.0
4.0 43.0 4.0 72.13698 108.23421 139.83532 69.0
4.0 45.0 45.0 35.08393 116.33388 28.5161 1.0
4.0 45.0 4.0 72.13698 108.23421 139.83532 1.0
5.0 1.0 1.0 66.46611 89.52983 7.71629 24.0
5.0 1.0 5.0 36.4055 130.17015 82.11397 24.0
5.0 4.0 4.0 72.13698 108.23421 139.83532 112.0
5.0 4.0 5.0 36.4055 130.17015 82.11397 112.0
5.0 5.0 5.0 36.4055 130.17015 82.11397 15246.0
5.0 5.0 5.0 36.4055 130.17015 82.11397 15246.0
5.0 6.0 6.0 5.44029 84.95553 74.28813 1577.0
5.0 6.0 5.0 36.4055 130.17015 82.11397 1577.0
5.0 8.0 8.0 108.64914 85.19132 38.95302 14.0
5.0 8.0 5.0 36.4055 130.17015 82.11397 14.0
5.0 9.0 9.0 78.35813 140.10471 102.28975 1163.0
5.0 9.0 5.0 36.4055 130.17015 82.11397 1163.0
5.0 21.0 21.0 27.79182 77.96438 19.77522 13.0
5.0 21.0 5.0 36.4055 130.17015 82.11397 13.0
5.0 22.0 22.0 25.15475 80.10408 119.50643 960.0
5.0 22.0 5.0 36.4055 130.17015 82.11397 960.0
5.0 27.0 27.0 18.69462 45.54495 103.86321 2.0
5.0 27.0 5.0 36.4055 130.17015 82.11397 2.0
5.0 30.0 30.0 88.72537 139.84191 62.90952 1426.0
5.0 30.0 5.0 36.4055 130.17015 82.11397 1426.0
5.0 41.0 41.0 59.60865 125.62469 122.70997 1803.0
5.0 41.0 5.0 36.4055 130.17015 82.11397 1803.0
5.0 42.0 42.0 56.46987 85.136 144.92619 42.0
5.0 42.0 5.0 36.4055 130.17015 82.11397 42.0
5.0 43.0 43.0 102.36503 137.45391 99.68599 94.0
5.0 43.0 5.0 36.4055 130.17015 82.11397 94.0
5.0 45.0 45.0 35.08393 116.33388 28.5161 1452.0
5.0 45.0 5.0 36.4055 130.17015 82.11397 1452.0
5.0 46.0 46.0 114.94997 130.47698 53.01786 16.0
5.0 46.0 5.0 36.4055 130.17015 82.11397 16.0
6.0 1.0 1.0 66.46611 89.52983 7.71629 2.0
6.0 1.0 6.0 5.44029 84.95553 74.28813 2.0
6.0 2.0 2.0 27.68207 25.086 88.23644 380.0
6.0 2.0 6.0 5.44029 84.95553 74.28813 380.0
6.0 5.0 5.0 36.4055 130.17015 82.11397 1644.0
6.0 5.0 6.0 5.44029 84.95553 74.28813 1644.0
6.0 6.0 6.0 5.44029 84.95553 74.28813 10983.0
6.0 6.0 6.0 5.44029 84.95553 74.28813 10983.0
6.0 11.0 11.0 48.23846 14.31553 56.39595 5.0
6.0 11.0 6.0 5.44029 84.95553 74.28813 5.0
6.0 13.0 13.0 21.88023 31.08166 56.31657 308.0
6.0 13.0 6.0 5.44029 84.95553 74.28813 308.0
6.0 16.0 16.0 37.05143 38.66795 124.39002 14.0
6.0 16.0 6.0 5.44029 84.95553 74.28813 14.0
6.0 21.0 21.0 27.79182 77.96438 19.77522 576.0
6.0 21.0 6.0 5.44029 84.95553 74.28813 576.0
6.0 22.0 22.0 25.15475 80.10408 119.50643 1629.0
6.0 22.0 6.0 5.44029 84.95553 74.28813 1629.0
6.0 27.0 27.0 18.69462 45.54495 103.86321 676.0
6.0 27.0 6.0 5.44029 84.95553 74.28813 676.0
6.0 30.0 30.0 88.72537 139.84191 62.90952 1.0
6.0 30.0 6.0 5.44029 84.95553 74.28813 1.0
6.0 39.0 39.0 21.83439 50.14455 32.81459 1038.0
6.0 39.0 6.0 5.44029 84.95553 74.28813 1038.0
6.0 41.0 41.0 59.60865 125.62469 122.70997 32.0
6.0 41.0 6.0 5.44029 84.95553 74.28813 32.0
6.0 42.0 42.0 56.46987 85.136 144.92619 1.0
6.0 42.0 6.0 5.44029 84.95553 74.28813 1.0
6.0 45.0 45.0 35.08393 116.33388 28.5161 724.0
6.0 45.0 6.0 5.44029 84.95553 74.28813 724.0
7.0 3.0 3.0 83.16587 3.84081 87.94729 185.0
7.0 3.0 7.0 121.82085 13.4797 56.9453 185.0
7.0 7.0 7.0 121.82085 13.4797 56.9453 2885.0
7.0 7.0 7.0 121.82085 13.4797 56.9453 2885.0
7.0 8.0 8.0 108.64914 85.19132 38.95302 11.0
7.0 8.0 7.0 121.82085 13.4797 56.9453 11.0
7.0 10.0 10.0 97.50436 4.0062 61.34436 1077.0
7.0 10.0 7.0 121.82085 13.4797 56.9453 1077.0
7.0 11.0 11.0 48.23846 14.31553 56.39595 2.0
7.0 11.0 7.0 121.82085 13.4797 56.9453 2.0
7.0 15.0 15.0 144.81463 26.38669 64.49282 1190.0
7.0 15.0 7.0 121.82085 13.4797 56.9453 1190.0
7.0 17.0 17.0 123.04428 11.07962 94.71445 658.0
7.0 17.0 7.0 121.82085 13.4797 56.9453 658.0
7.0 18.0 18.0 159.46078 25.03658 93.64406 36.0
7.0 18.0 7.0 121.82085 13.4797 56.9453 36.0
7.0 19.0 19.0 66.66766 15.29083 45.93337 20.0
7.0 19.0 7.0 121.82085 13.4797 56.9453 20.0
7.0 20.0 20.0 85.45716 53.77734 22.66747 40.0
7.0 20.0 7.0 121.82085 13.4797 56.9453 40.0
7.0 23.0 23.0 173.49273 43.62315 76.44268 7.0
7.0 23.0 7.0 121.82085 13.4797 56.9453 7.0
7.0 26.0 26.0 131.80242 45.08085 139.20557 1.0
7.0 26.0 7.0 121.82085 13.4797 56.9453 1.0
7.0 29.0 29.0 122.69442 20.71023 121.41186 21.0
7.0 29.0 7.0 121.82085 13.4797 56.9453 21.0
7.0 31.0 31.0 121.7595 39.459 36.04562 1120.0
7.0 31.0 7.0 121.82085 13.4797 56.9453 1120.0
7.0 32.0 32.0 156.8513 89.22343 57.94258 2.0
7.0 32.0 7.0 121.82085 13.4797 56.9453 2.0
7.0 37.0 37.0 79.98411 11.08915 113.83755 8.0
7.0 37.0 7.0 121.82085 13.4797 56.9453 8.0
7.0 40.0 40.0 83.31682 23.6018 42.22353 247.0
7.0 40.0 7.0 121.82085 13.4797 56.9453 247.0
8.0 1.0 1.0 66.46611 89.52983 7.71629 1123.0
8.0 1.0 8.0 108.64914 85.19132 38.95302 1123.0
8.0 5.0 5.0 36.4055 130.17015 82.11397 12.0
8.0 5.0 8.0 108.64914 85.19132 38.95302 12.0
8.0 7.0 7.0 121.82085 13.4797 56.9453 8.0
8.0 7.0 8.0 108.64914 85.19132 38.95302 8.0
8.0 8.0 8.0 108.64914 85.19132 38.95302 21003.0
8.0 8.0 8.0 108.64914 85.19132 38.95302 21003.0
8.0 9.0 9.0 78.35813 140.10471 102.28975 1.0
8.0 9.0 8.0 108.64914 85.19132 38.95302 1.0
8.0 12.0 12.0 179.80467 86.48 84.91705 7.0
8.0 12.0 8.0 108.64914 85.19132 38.95302 7.0
8.0 14.0 14.0 128.49532 115.95644 40.42 2010.0
8.0 14.0 8.0 108.64914 85.19132 38.95302 2010.0
8.0 15.0 15.0 144.81463 26.38669 64.49282 40.0
8.0 15.0 8.0 108.64914 85.19132 38.95302 40.0
8.0 20.0 20.0 85.45716 53.77734 22.66747 2421.0
8.0 20.0 8.0 108.64914 85.19132 38.95302 2421.0
8.0 21.0 21.0 27.79182 77.96438 19.77522 1.0
8.0 21.0 8.0 108.64914 85.19132 38.95302 1.0
8.0 23.0 23.0 173.49273 43.62315 76.44268 8.0
8.0 23.0 8.0 108.64914 85.19132 38.95302 8.0
8.0 24.0 24.0 107.81147 87.1712 149.12825 1.0
8.0 24.0 8.0 108.64914 85.19132 38.95302 1.0
8.0 30.0 30.0 88.72537 139.84191 62.90952 454.0
8.0 30.0 8.0 108.64914 85.19132 38.95302 454.0
8.0 31.0 31.0 121.7595 39.459 36.04562 1456.0
8.0 31.0 8.0 108.64914 85.19132 38.95302 1456.0
8.0 32.0 32.0 156.8513 89.22343 57.94258 1133.0
8.0 32.0 8.0 108.64914 85.19132 38.95302 1133.0
8.0 35.0 35.0 147.51445 121.30946 95.63509 3.0
8.0 35.0 8.0 108.64914 85.19132 38.95302 3.0
8.0 40.0 40.0 83.31682 23.6018 42.22353 27.0
8.0 40.0 8.0 108.64914 85.19132 38.95302 27.0
8.0 41.0 41.0 59.60865 125.62469 122.70997 1.0
8.0 41.0 8.0 108.64914 85.19132 38.95302 1.0
8.0 43.0 43.0 102.36503 137.45391 99.68599 1.0
8.0 43.0 8.0 108.64914 85.19132 38.95302 1.0
8.0 45.0 45.0 35.08393 116.33388 28.5161 87.0
8.0 45.0 8.0 108.64914 85.19132 38.95302 87.0
8.0 46.0 46.0 114.94997 130.47698 53.01786 789.0
8.0 46.0 8.0 108.64914 85.19132 38.95302 789.0
9.0 4.0 4.0 72.13698 108.23421 139.83532 244.0
9.0 4.0 9.0 78.35813 140.10471 102.28975 244.0
9.0 5.0 5.0 36.4055 130.17015 82.11397 1097.0
9.0 5.0 9.0 78.35813 140.10471 102.28975 1097.0
9.0 9.0 9.0 78.35813 140.10471 102.28975 3333.0
9.0 9.0 9.0 78.35813 140.10471 102.28975 3333.0
9.0 24.0 24.0 107.81147 87.1712 149.12825 24.0
9.0 24.0 9.0 78.35813 140.10471 102.28975 24.0
9.0 30.0 30.0 88.72537 139.84191 62.90952 907.0
9.0 30.0 9.0 78.35813 140.10471 102.28975 907.0
9.0 34.0 34.0 127.73335 111.25095 129.58389 493.0
9.0 34.0 9.0 78.35813 140.10471 102.28975 493.0
9.0 35.0 35.0 147.51445 121.30946 95.63509 20.0
9.0 35.0 9.0 78.35813 140.10471 102.28975 20.0
9.0 41.0 41.0 59.60865 125.62469 122.70997 1575.0
9.0 41.0 9.0 78.35813 140.10471 102.28975 1575.0
9.0 43.0 43.0 102.36503 137.45391 99.68599 1577.0
9.0 43.0 9.0 78.35813 140.10471 102.28975 1577.0
9.0 45.0 45.0 35.08393 116.33388 28.5161 3.0
9.0 45.0 9.0 78.35813 140.10471 102.28975 3.0
9.0 46.0 46.0 114.94997 130.47698 53.01786 6.0
9.0 46.0 9.0 78.35813 140.10471 102.28975 6.0
10.0 2.0 2.0 27.68207 25.086 88.23644 4.0
10.0 2.0 10.0 97.50436 4.0062 61.34436 4.0
10.0 3.0 3.0 83.16587 3.84081 87.94729 1138.0
10.0 3.0 10.0 97.50436 4.0062 61.34436 1138.0
10.0 7.0 7.0 121.82085 13.4797 56.9453 1168.0
10.0 7.0 10.0 97.50436 4.0062 61.34436 1168.0
10.0 10.0 10.0 97.50436 4.0062 61.34436 2810.0
10.0 10.0 10.0 97.50436 4.0062 61.34436 2810.0
10.0 11.0 11.0 48.23846 14.31553 56.39595 139.0
10.0 11.0 10.0 97.50436 4.0062 61.34436 139.0
10.0 15.0 15.0 144.81463 26.38669 64.49282 89.0
10.0 15.0 10.0 97.50436 4.0062 61.34436 89.0
10.0 17.0 17.0 123.04428 11.07962 94.71445 419.0
10.0 17.0 10.0 97.50436 4.0062 61.34436 419.0
10.0 18.0 18.0 159.46078 25.03658 93.64406 3.0
10.0 18.0 10.0 97.50436 4.0062 61.34436 3.0
10.0 19.0 19.0 66.66766 15.29083 45.93337 424.0
10.0 19.0 10.0 97.50436 4.0062 61.34436 424.0
10.0 20.0 20.0 85.45716 53.77734 22.66747 39.0
10.0 20.0 10.0 97.50436 4.0062 61.34436 39.0
10.0 29.0 29.0 122.69442 20.71023 121.41186 9.0
10.0 29.0 10.0 97.50436 4.0062 61.34436 9.0
10.0 31.0 31.0 121.7595 39.459 36.04562 314.0
10.0 31.0 10.0 97.50436 4.0062 61.34436 314.0
10.0 37.0 37.0 79.98411 11.08915 113.83755 61.0
10.0 37.0 10.0 97.50436 4.0062 61.34436 61.0
10.0 40.0 40.0 83.31682 23.6018 42.22353 889.0
10.0 40.0 10.0 97.50436 4.0062 61.34436 889.0
11.0 1.0 1.0 66.46611 89.52983 7.71629 27.0
11.0 1.0 11.0 48.23846 14.31553 56.39595 27.0
11.0 2.0 2.0 27.68207 25.086 88.23644 1051.0
11.0 2.0 11.0 48.23846 14.31553 56.39595 1051.0
11.0 3.0 3.0 83.16587 3.84081 87.94729 818.0
11.0 3.0 11.0 48.23846 14.31553 56.39595 818.0
11.0 6.0 6.0 5.44029 84.95553 74.28813 3.0
11.0 6.0 11.0 48.23846 14.31553 56.39595 3.0
11.0 7.0 7.0 121.82085 13.4797 56.9453 2.0
11.0 7.0 11.0 48.23846 14.31553 56.39595 2.0
11.0 10.0 10.0 97.50436 4.0062 61.34436 176.0
11.0 10.0 11.0 48.23846 14.31553 56.39595 176.0
11.0 11.0 11.0 48.23846 14.31553 56.39595 5366.0
11.0 11.0 11.0 48.23846 14.31553 56.39595 5366.0
11.0 13.0 13.0 21.88023 31.08166 56.31657 1053.0
11.0 13.0 11.0 48.23846 14.31553 56.39595 1053.0
11.0 16.0 16.0 37.05143 38.66795 124.39002 26.0
11.0 16.0 11.0 48.23846 14.31553 56.39595 26.0
11.0 19.0 19.0 66.66766 15.29083 45.93337 1431.0
11.0 19.0 11.0 48.23846 14.31553 56.39595 1431.0
11.0 20.0 20.0 85.45716 53.77734 22.66747 239.0
11.0 20.0 11.0 48.23846 14.31553 56.39595 239.0
11.0 21.0 21.0 27.79182 77.96438 19.77522 33.0
11.0 21.0 11.0 48.23846 14.31553 56.39595 33.0
11.0 22.0 22.0 25.15475 80.10408 119.50643 1.0
11.0 22.0 11.0 48.23846 14.31553 56.39595 1.0
11.0 27.0 27.0 18.69462 45.54495 103.86321 14.0
11.0 27.0 11.0 48.23846 14.31553 56.39595 14.0
11.0 31.0 31.0 121.7595 39.459 36.04562 7.0
11.0 31.0 11.0 48.23846 14.31553 56.39595 7.0
11.0 36.0 36.0 51.11953 19.24487 119.25827 65.0
11.0 36.0 11.0 48.23846 14.31553 56.39595 65.0
11.0 37.0 37.0 79.98411 11.08915 113.83755 220.0
11.0 37.0 11.0 48.23846 14.31553 56.39595 220.0
11.0 39.0 39.0 21.83439 50.14455 32.81459 659.0
11.0 39.0 11.0 48.23846 14.31553 56.39595 659.0
11.0 40.0 40.0 83.31682 23.6018 42.22353 523.0
11.0 40.0 11.0 48.23846 14.31553 56.39595 523.0
11.0 44.0 44.0 70.64378 22.7386 131.42247 4.0
11.0 44.0 11.0 48.23846 14.31553 56.39595 4.0
12.0 8.0 8.0 108.64914 85.19132 38.95302 9.0
12.0 8.0 12.0 179.80467 86.48 84.91705 9.0
12.0 12.0 12.0 179.80467 86.48 84.91705 4050.0
12.0 12.0 12.0 179.80467 86.48 84.91705 4050.0
12.0 14.0 14.0 128.49532 115.95644 40.42 25.0
12.0 14.0 12.0 179.80467 86.48 84.91705 25.0
12.0 15.0 15.0 144.81463 26.38669 64.49282 38.0
12.0 15.0 12.0 179.80467 86.48 84.91705 38.0
12.0 18.0 18.0 159.46078 25.03658 93.64406 31.0
12.0 18.0 12.0 179.80467 86.48 84.91705 31.0
12.0 23.0 23.0 173.49273 43.62315 76.44268 465.0
12.0 23.0 12.0 179.80467 86.48 84.91705 465.0
12.0 24.0 24.0 107.81147 87.1712 149.12825 1.0
12.0 24.0 12.0 179.80467 86.48 84.91705 1.0
12.0 25.0 25.0 182.7577 64.75336 100.72203 904.0
12.0 25.0 12.0 179.80467 86.48 84.91705 904.0
12.0 31.0 31.0 121.7595 39.459 36.04562 10.0
12.0 31.0 12.0 179.80467 86.48 84.91705 10.0
12.0 32.0 32.0 156.8513 89.22343 57.94258 1390.0
12.0 32.0 12.0 179.80467 86.48 84.91705 1390.0
12.0 34.0 34.0 127.73335 111.25095 129.58389 107.0
12.0 34.0 12.0 179.80467 86.48 84.91705 107.0
12.0 35.0 35.0 147.51445 121.30946 95.63509 976.0
12.0 35.0 12.0 179.80467 86.48 84.91705 976.0
12.0 46.0 46.0 114.94997 130.47698 53.01786 9.0
12.0 46.0 12.0 179.80467 86.48 84.91705 9.0
12.0 47.0 47.0 164.10215 62.59549 126.25876 405.0
12.0 47.0 12.0 179.80467 86.48 84.91705 405.0
13.0 1.0 1.0 66.46611 89.52983 7.71629 3.0
13.0 1.0 13.0 21.88023 31.08166 56.31657 3.0
13.0 2.0 2.0 27.68207 25.086 88.23644 1009.0
13.0 2.0 13.0 21.88023 31.08166 56.31657 1009.0
13.0 3.0 3.0 83.16587 3.84081 87.94729 9.0
13.0 3.0 13.0 21.88023 31.08166 56.31657 9.0
13.0 6.0 6.0 5.44029 84.95553 74.28813 331.0
13.0 6.0 13.0 21.88023 31.08166 56.31657 331.0
13.0 11.0 11.0 48.23846 14.31553 56.39595 1206.0
13.0 11.0 13.0 21.88023 31.08166 56.31657 1206.0
13.0 13.0 13.0 21.88023 31.08166 56.31657 2395.0
13.0 13.0 13.0 21.88023 31.08166 56.31657 2395.0
13.0 16.0 16.0 37.05143 38.66795 124.39002 3.0
13.0 16.0 13.0 21.88023 31.08166 56.31657 3.0
13.0 19.0 19.0 66.66766 15.29083 45.93337 74.0
13.0 19.0 13.0 21.88023 31.08166 56.31657 74.0
13.0 20.0 20.0 85.45716 53.77734 22.66747 9.0
13.0 20.0 13.0 21.88023 31.08166 56.31657 9.0
13.0 21.0 21.0 27.79182 77.96438 19.77522 27.0
13.0 21.0 13.0 21.88023 31.08166 56.31657 27.0
13.0 22.0 22.0 25.15475 80.10408 119.50643 7.0
13.0 22.0 13.0 21.88023 31.08166 56.31657 7.0
13.0 27.0 27.0 18.69462 45.54495 103.86321 112.0
13.0 27.0 13.0 21.88023 31.08166 56.31657 112.0
13.0 36.0 36.0 51.11953 19.24487 119.25827 2.0
13.0 36.0 13.0 21.88023 31.08166 56.31657 2.0
13.0 37.0 37.0 79.98411 11.08915 113.83755 4.0
13.0 37.0 13.0 21.88023 31.08166 56.31657 4.0
13.0 39.0 39.0 21.83439 50.14455 32.81459 1261.0
13.0 39.0 13.0 21.88023 31.08166 56.31657 1261.0
13.0 40.0 40.0 83.31682 23.6018 42.22353 17.0
13.0 40.0 13.0 21.88023 31.08166 56.31657 17.0
14.0 1.0 1.0 66.46611 89.52983 7.71629 47.0
14.0 1.0 14.0 128.49532 115.95644 40.42 47.0
14.0 8.0 8.0 108.64914 85.19132 38.95302 2103.0
14.0 8.0 14.0 128.49532 115.95644 40.42 2103.0
14.0 12.0 12.0 179.80467 86.48 84.91705 7.0
14.0 12.0 14.0 128.49532 115.95644 40.42 7.0
14.0 14.0 14.0 128.49532 115.95644 40.42 4786.0
14.0 14.0 14.0 128.49532 115.95644 40.42 4786.0
14.0 20.0 20.0 85.45716 53.77734 22.66747 8.0
14.0 20.0 14.0 128.49532 115.95644 40.42 8.0
14.0 30.0 30.0 88.72537 139.84191 62.90952 228.0
14.0 30.0 14.0 128.49532 115.95644 40.42 228.0
14.0 31.0 31.0 121.7595 39.459 36.04562 11.0
14.0 31.0 14.0 128.49532 115.95644 40.42 11.0
14.0 32.0 32.0 156.8513 89.22343 57.94258 1160.0
14.0 32.0 14.0 128.49532 115.95644 40.42 1160.0
14.0 35.0 35.0 147.51445 121.30946 95.63509 272.0
14.0 35.0 14.0 128.49532 115.95644 40.42 272.0
14.0 43.0 43.0 102.36503 137.45391 99.68599 6.0
14.0 43.0 14.0 128.49532 115.95644 40.42 6.0
14.0 45.0 45.0 35.08393 116.33388 28.5161 2.0
14.0 45.0 14.0 128.49532 115.95644 40.42 2.0
14.0 46.0 46.0 114.94997 130.47698 53.01786 2186.0
14.0 46.0 14.0 128.49532 115.95644 40.42 2186.0
15.0 3.0 3.0 83.16587 3.84081 87.94729 24.0
15.0 3.0 15.0 144.81463 26.38669 64.49282 24.0
15.0 7.0 7.0 121.82085 13.4797 56.9453 1229.0
15.0 7.0 15.0 144.81463 26.38669 64.49282 1229.0
15.0 8.0 8.0 108.64914 85.19132 38.95302 68.0
15.0 8.0 15.0 144.81463 26.38669 64.49282 68.0
15.0 10.0 10.0 97.50436 4.0062 61.34436 86.0
15.0 10.0 15.0 144.81463 26.38669 64.49282 86.0
15.0 12.0 12.0 179.80467 86.48 84.91705 32.0
15.0 12.0 15.0 144.81463 26.38669 64.49282 32.0
15.0 15.0 15.0 144.81463 26.38669 64.49282 3383.0
15.0 15.0 15.0 144.81463 26.38669 64.49282 3383.0
15.0 17.0 17.0 123.04428 11.07962 94.71445 751.0
15.0 17.0 15.0 144.81463 26.38669 64.49282 751.0
15.0 18.0 18.0 159.46078 25.03658 93.64406 758.0
15.0 18.0 15.0 144.81463 26.38669 64.49282 758.0
15.0 20.0 20.0 85.45716 53.77734 22.66747 3.0
15.0 20.0 15.0 144.81463 26.38669 64.49282 3.0
15.0 23.0 23.0 173.49273 43.62315 76.44268 623.0
15.0 23.0 15.0 144.81463 26.38669 64.49282 623.0
15.0 25.0 25.0 182.7577 64.75336 100.72203 7.0
15.0 25.0 15.0 144.81463 26.38669 64.49282 7.0
15.0 26.0 26.0 131.80242 45.08085 139.20557 7.0
15.0 26.0 15.0 144.81463 26.38669 64.49282 7.0
15.0 29.0 29.0 122.69442 20.71023 121.41186 52.0
15.0 29.0 15.0 144.81463 26.38669 64.49282 52.0
15.0 31.0 31.0 121.7595 39.459 36.04562 1094.0
15.0 31.0 15.0 144.81463 26.38669 64.49282 1094.0
15.0 32.0 32.0 156.8513 89.22343 57.94258 263.0
15.0 32.0 15.0 144.81463 26.38669 64.49282 263.0
15.0 37.0 37.0 79.98411 11.08915 113.83755 4.0
15.0 37.0 15.0 144.81463 26.38669 64.49282 4.0
15.0 40.0 40.0 83.31682 23.6018 42.22353 6.0
15.0 40.0 15.0 144.81463 26.38669 64.49282 6.0
15.0 47.0 47.0 164.10215 62.59549 126.25876 8.0
15.0 47.0 15.0 144.81463 26.38669 64.49282 8.0
16.0 0.0 0.0 55.13006 49.30761 142.16812 1043.0
16.0 0.0 16.0 37.05143 38.66795 124.39002 1043.0
16.0 2.0 2.0 27.68207 25.086 88.23644 614.0
16.0 2.0 16.0 37.05143 38.66795 124.39002 614.0
16.0 3.0 3.0 83.16587 3.84081 87.94729 13.0
16.0 3.0 16.0 37.05143 38.66795 124.39002 13.0
16.0 4.0 4.0 72.13698 108.23421 139.83532 3.0
16.0 4.0 16.0 37.05143 38.66795 124.39002 3.0
16.0 6.0 6.0 5.44029 84.95553 74.28813 12.0
16.0 6.0 16.0 37.05143 38.66795 124.39002 12.0
16.0 11.0 11.0 48.23846 14.31553 56.39595 15.0
16.0 11.0 16.0 37.05143 38.66795 124.39002 15.0
16.0 16.0 16.0 37.05143 38.66795 124.39002 2820.0
16.0 16.0 16.0 37.05143 38.66795 124.39002 2820.0
16.0 22.0 22.0 25.15475 80.10408 119.50643 945.0
16.0 22.0 16.0 37.05143 38.66795 124.39002 945.0
16.0 27.0 27.0 18.69462 45.54495 103.86321 832.0
16.0 27.0 16.0 37.05143 38.66795 124.39002 832.0
16.0 28.0 28.0 83.5248 39.72729 143.46439 57.0
16.0 28.0 16.0 37.05143 38.66795 124.39002 57.0
16.0 33.0 33.0 97.66276 49.86898 149.23726 5.0
16.0 33.0 16.0 37.05143 38.66795 124.39002 5.0
16.0 36.0 36.0 51.11953 19.24487 119.25827 742.0
16.0 36.0 16.0 37.05143 38.66795 124.39002 742.0
16.0 37.0 37.0 79.98411 11.08915 113.83755 153.0
16.0 37.0 16.0 37.05143 38.66795 124.39002 153.0
16.0 38.0 38.0 88.59444 68.22212 152.64817 14.0
16.0 38.0 16.0 37.05143 38.66795 124.39002 14.0
16.0 42.0 42.0 56.46987 85.136 144.92619 166.0
16.0 42.0 16.0 37.05143 38.66795 124.39002 166.0
16.0 44.0 44.0 70.64378 22.7386 131.42247 175.0
16.0 44.0 16.0 37.05143 38.66795 124.39002 175.0
17.0 3.0 3.0 83.16587 3.84081 87.94729 917.0
17.0 3.0 17.0 123.04428 11.07962 94.71445 917.0
17.0 7.0 7.0 121.82085 13.4797 56.9453 675.0
17.0 7.0 17.0 123.04428 11.07962 94.71445 675.0
17.0 10.0 10.0 97.50436 4.0062 61.34436 392.0
17.0 10.0 17.0 123.04428 11.07962 94.71445 392.0
17.0 15.0 15.0 144.81463 26.38669 64.49282 716.0
17.0 15.0 17.0 123.04428 11.07962 94.71445 716.0
17.0 17.0 17.0 123.04428 11.07962 94.71445 3701.0
17.0 17.0 17.0 123.04428 11.07962 94.71445 3701.0
17.0 18.0 18.0 159.46078 25.03658 93.64406 471.0
17.0 18.0 17.0 123.04428 11.07962 94.71445 471.0
17.0 19.0 19.0 66.66766 15.29083 45.93337 2.0
17.0 19.0 17.0 123.04428 11.07962 94.71445 2.0
17.0 23.0 23.0 173.49273 43.62315 76.44268 11.0
17.0 23.0 17.0 123.04428 11.07962 94.71445 11.0
17.0 26.0 26.0 131.80242 45.08085 139.20557 90.0
17.0 26.0 17.0 123.04428 11.07962 94.71445 90.0
17.0 28.0 28.0 83.5248 39.72729 143.46439 9.0
17.0 28.0 17.0 123.04428 11.07962 94.71445 9.0
17.0 29.0 29.0 122.69442 20.71023 121.41186 1129.0
17.0 29.0 17.0 123.04428 11.07962 94.71445 1129.0
17.0 31.0 31.0 121.7595 39.459 36.04562 11.0
17.0 31.0 17.0 123.04428 11.07962 94.71445 11.0
17.0 32.0 32.0 156.8513 89.22343 57.94258 1.0
17.0 32.0 17.0 123.04428 11.07962 94.71445 1.0
17.0 33.0 33.0 97.66276 49.86898 149.23726 3.0
17.0 33.0 17.0 123.04428 11.07962 94.71445 3.0
17.0 37.0 37.0 79.98411 11.08915 113.83755 402.0
17.0 37.0 17.0 123.04428 11.07962 94.71445 402.0
17.0 40.0 40.0 83.31682 23.6018 42.22353 5.0
17.0 40.0 17.0 123.04428 11.07962 94.71445 5.0
17.0 44.0 44.0 70.64378 22.7386 131.42247 2.0
17.0 44.0 17.0 123.04428 11.07962 94.71445 2.0
17.0 45.0 45.0 35.08393 116.33388 28.5161 1.0
17.0 45.0 17.0 123.04428 11.07962 94.71445 1.0
17.0 47.0 47.0 164.10215 62.59549 126.25876 29.0
17.0 47.0 17.0 123.04428 11.07962 94.71445 29.0
18.0 3.0 3.0 83.16587 3.84081 87.94729 3.0
18.0 3.0 18.0 159.46078 25.03658 93.64406 3.0
18.0 7.0 7.0 121.82085 13.4797 56.9453 44.0
18.0 7.0 18.0 159.46078 25.03658 93.64406 44.0
18.0 10.0 10.0 97.50436 4.0062 61.34436 4.0
18.0 10.0 18.0 159.46078 25.03658 93.64406 4.0
18.0 12.0 12.0 179.80467 86.48 84.91705 22.0
18.0 12.0 18.0 159.46078 25.03658 93.64406 22.0
18.0 15.0 15.0 144.81463 26.38669 64.49282 795.0
18.0 15.0 18.0 159.46078 25.03658 93.64406 795.0
18.0 17.0 17.0 123.04428 11.07962 94.71445 529.0
18.0 17.0 18.0 159.46078 25.03658 93.64406 529.0
18.0 18.0 18.0 159.46078 25.03658 93.64406 2208.0
18.0 18.0 18.0 159.46078 25.03658 93.64406 2208.0
18.0 23.0 23.0 173.49273 43.62315 76.44268 767.0
18.0 23.0 18.0 159.46078 25.03658 93.64406 767.0
18.0 25.0 25.0 182.7577 64.75336 100.72203 102.0
18.0 25.0 18.0 159.46078 25.03658 93.64406 102.0
18.0 26.0 26.0 131.80242 45.08085 139.20557 197.0
18.0 26.0 18.0 159.46078 25.03658 93.64406 197.0
18.0 29.0 29.0 122.69442 20.71023 121.41186 403.0
18.0 29.0 18.0 159.46078 25.03658 93.64406 403.0
18.0 31.0 31.0 121.7595 39.459 36.04562 16.0
18.0 31.0 18.0 159.46078 25.03658 93.64406 16.0
18.0 32.0 32.0 156.8513 89.22343 57.94258 16.0
18.0 32.0 18.0 159.46078 25.03658 93.64406 16.0
18.0 37.0 37.0 79.98411 11.08915 113.83755 3.0
18.0 37.0 18.0 159.46078 25.03658 93.64406 3.0
18.0 47.0 47.0 164.10215 62.59549 126.25876 464.0
18.0 47.0 18.0 159.46078 25.03658 93.64406 464.0
19.0 1.0 1.0 66.46611 89.52983 7.71629 20.0
19.0 1.0 19.0 66.66766 15.29083 45.93337 20.0
19.0 2.0 2.0 27.68207 25.086 88.23644 13.0
19.0 2.0 19.0 66.66766 15.29083 45.93337 13.0
19.0 3.0 3.0 83.16587 3.84081 87.94729 367.0
19.0 3.0 19.0 66.66766 15.29083 45.93337 367.0
19.0 7.0 7.0 121.82085 13.4797 56.9453 15.0
19.0 7.0 19.0 66.66766 15.29083 45.93337 15.0
19.0 8.0 8.0 108.64914 85.19132 38.95302 1.0
19.0 8.0 19.0 66.66766 15.29083 45.93337 1.0
19.0 10.0 10.0 97.50436 4.0062 61.34436 423.0
19.0 10.0 19.0 66.66766 15.29083 45.93337 423.0
19.0 11.0 11.0 48.23846 14.31553 56.39595 1308.0
19.0 11.0 19.0 66.66766 15.29083 45.93337 1308.0
19.0 13.0 13.0 21.88023 31.08166 56.31657 47.0
19.0 13.0 19.0 66.66766 15.29083 45.93337 47.0
19.0 17.0 17.0 123.04428 11.07962 94.71445 3.0
19.0 17.0 19.0 66.66766 15.29083 45.93337 3.0
19.0 19.0 19.0 66.66766 15.29083 45.93337 1348.0
19.0 19.0 19.0 66.66766 15.29083 45.93337 1348.0
19.0 20.0 20.0 85.45716 53.77734 22.66747 458.0
19.0 20.0 19.0 66.66766 15.29083 45.93337 458.0
19.0 21.0 21.0 27.79182 77.96438 19.77522 13.0
19.0 21.0 19.0 66.66766 15.29083 45.93337 13.0
19.0 29.0 29.0 122.69442 20.71023 121.41186 1.0
19.0 29.0 19.0 66.66766 15.29083 45.93337 1.0
19.0 31.0 31.0 121.7595 39.459 36.04562 38.0
19.0 31.0 19.0 66.66766 15.29083 45.93337 38.0
19.0 36.0 36.0 51.11953 19.24487 119.25827 2.0
19.0 36.0 19.0 66.66766 15.29083 45.93337 2.0
19.0 37.0 37.0 79.98411 11.08915 113.83755 23.0
19.0 37.0 19.0 66.66766 15.29083 45.93337 23.0
19.0 39.0 39.0 21.83439 50.14455 32.81459 171.0
19.0 39.0 19.0 66.66766 15.29083 45.93337 171.0
19.0 40.0 40.0 83.31682 23.6018 42.22353 1129.0
19.0 40.0 19.0 66.66766 15.29083 45.93337 1129.0
20.0 1.0 1.0 66.46611 89.52983 7.71629 1481.0
20.0 1.0 20.0 85.45716 53.77734 22.66747 1481.0
20.0 7.0 7.0 121.82085 13.4797 56.9453 19.0
20.0 7.0 20.0 85.45716 53.77734 22.66747 19.0
20.0 8.0 8.0 108.64914 85.19132 38.95302 2663.0
20.0 8.0 20.0 85.45716 53.77734 22.66747 2663.0
20.0 10.0 10.0 97.50436 4.0062 61.34436 22.0
20.0 10.0 20.0 85.45716 53.77734 22.66747 22.0
20.0 11.0 11.0 48.23846 14.31553 56.39595 226.0
20.0 11.0 20.0 85.45716 53.77734 22.66747 226.0
20.0 13.0 13.0 21.88023 31.08166 56.31657 8.0
20.0 13.0 20.0 85.45716 53.77734 22.66747 8.0
20.0 14.0 14.0 128.49532 115.95644 40.42 4.0
20.0 14.0 20.0 85.45716 53.77734 22.66747 4.0
20.0 15.0 15.0 144.81463 26.38669 64.49282 1.0
20.0 15.0 20.0 85.45716 53.77734 22.66747 1.0
20.0 19.0 19.0 66.66766 15.29083 45.93337 370.0
20.0 19.0 20.0 85.45716 53.77734 22.66747 370.0
20.0 20.0 20.0 85.45716 53.77734 22.66747 8769.0
20.0 20.0 20.0 85.45716 53.77734 22.66747 8769.0
20.0 21.0 21.0 27.79182 77.96438 19.77522 214.0
20.0 21.0 20.0 85.45716 53.77734 22.66747 214.0
20.0 31.0 31.0 121.7595 39.459 36.04562 1589.0
20.0 31.0 20.0 85.45716 53.77734 22.66747 1589.0
20.0 32.0 32.0 156.8513 89.22343 57.94258 5.0
20.0 32.0 20.0 85.45716 53.77734 22.66747 5.0
20.0 39.0 39.0 21.83439 50.14455 32.81459 396.0
20.0 39.0 20.0 85.45716 53.77734 22.66747 396.0
20.0 40.0 40.0 83.31682 23.6018 42.22353 1254.0
20.0 40.0 20.0 85.45716 53.77734 22.66747 1254.0
20.0 45.0 45.0 35.08393 116.33388 28.5161 2.0
20.0 45.0 20.0 85.45716 53.77734 22.66747 2.0
20.0 46.0 46.0 114.94997 130.47698 53.01786 2.0
20.0 46.0 20.0 85.45716 53.77734 22.66747 2.0
21.0 1.0 1.0 66.46611 89.52983 7.71629 1134.0
21.0 1.0 21.0 27.79182 77.96438 19.77522 1134.0
21.0 5.0 5.0 36.4055 130.17015 82.11397 12.0
21.0 5.0 21.0 27.79182 77.96438 19.77522 12.0
21.0 6.0 6.0 5.44029 84.95553 74.28813 602.0
21.0 6.0 21.0 27.79182 77.96438 19.77522 602.0
21.0 8.0 8.0 108.64914 85.19132 38.95302 7.0
21.0 8.0 21.0 27.79182 77.96438 19.77522 7.0
21.0 11.0 11.0 48.23846 14.31553 56.39595 35.0
21.0 11.0 21.0 27.79182 77.96438 19.77522 35.0
21.0 13.0 13.0 21.88023 31.08166 56.31657 16.0
21.0 13.0 21.0 27.79182 77.96438 19.77522 16.0
21.0 19.0 19.0 66.66766 15.29083 45.93337 18.0
21.0 19.0 21.0 27.79182 77.96438 19.77522 18.0
21.0 20.0 20.0 85.45716 53.77734 22.66747 270.0
21.0 20.0 21.0 27.79182 77.96438 19.77522 270.0
21.0 21.0 21.0 27.79182 77.96438 19.77522 4035.0
21.0 21.0 21.0 27.79182 77.96438 19.77522 4035.0
21.0 22.0 22.0 25.15475 80.10408 119.50643 1.0
21.0 22.0 21.0 27.79182 77.96438 19.77522 1.0
21.0 30.0 30.0 88.72537 139.84191 62.90952 1.0
21.0 30.0 21.0 27.79182 77.96438 19.77522 1.0
21.0 39.0 39.0 21.83439 50.14455 32.81459 1670.0
21.0 39.0 21.0 27.79182 77.96438 19.77522 1670.0
21.0 40.0 40.0 83.31682 23.6018 42.22353 5.0
21.0 40.0 21.0 27.79182 77.96438 19.77522 5.0
21.0 45.0 45.0 35.08393 116.33388 28.5161 1428.0
21.0 45.0 21.0 27.79182 77.96438 19.77522 1428.0
22.0 0.0 0.0 55.13006 49.30761 142.16812 534.0
22.0 0.0 22.0 25.15475 80.10408 119.50643 534.0
22.0 2.0 2.0 27.68207 25.086 88.23644 74.0
22.0 2.0 22.0 25.15475 80.10408 119.50643 74.0
22.0 4.0 4.0 72.13698 108.23421 139.83532 370.0
22.0 4.0 22.0 25.15475 80.10408 119.50643 370.0
22.0 5.0 5.0 36.4055 130.17015 82.11397 965.0
22.0 5.0 22.0 25.15475 80.10408 119.50643 965.0
22.0 6.0 6.0 5.44029 84.95553 74.28813 1493.0
22.0 6.0 22.0 25.15475 80.10408 119.50643 1493.0
22.0 13.0 13.0 21.88023 31.08166 56.31657 7.0
22.0 13.0 22.0 25.15475 80.10408 119.50643 7.0
22.0 16.0 16.0 37.05143 38.66795 124.39002 870.0
22.0 16.0 22.0 25.15475 80.10408 119.50643 870.0
22.0 22.0 22.0 25.15475 80.10408 119.50643 9477.0
22.0 22.0 22.0 25.15475 80.10408 119.50643 9477.0
22.0 24.0 24.0 107.81147 87.1712 149.12825 2.0
22.0 24.0 22.0 25.15475 80.10408 119.50643 2.0
22.0 27.0 27.0 18.69462 45.54495 103.86321 1041.0
22.0 27.0 22.0 25.15475 80.10408 119.50643 1041.0
22.0 28.0 28.0 83.5248 39.72729 143.46439 31.0
22.0 28.0 22.0 25.15475 80.10408 119.50643 31.0
22.0 33.0 33.0 97.66276 49.86898 149.23726 3.0
22.0 33.0 22.0 25.15475 80.10408 119.50643 3.0
22.0 36.0 36.0 51.11953 19.24487 119.25827 13.0
22.0 36.0 22.0 25.15475 80.10408 119.50643 13.0
22.0 38.0 38.0 88.59444 68.22212 152.64817 29.0
22.0 38.0 22.0 25.15475 80.10408 119.50643 29.0
22.0 39.0 39.0 21.83439 50.14455 32.81459 1.0
22.0 39.0 22.0 25.15475 80.10408 119.50643 1.0
22.0 41.0 41.0 59.60865 125.62469 122.70997 678.0
22.0 41.0 22.0 25.15475 80.10408 119.50643 678.0
22.0 42.0 42.0 56.46987 85.136 144.92619 1434.0
22.0 42.0 22.0 25.15475 80.10408 119.50643 1434.0
22.0 44.0 44.0 70.64378 22.7386 131.42247 1.0
22.0 44.0 22.0 25.15475 80.10408 119.50643 1.0
23.0 7.0 7.0 121.82085 13.4797 56.9453 24.0
23.0 7.0 23.0 173.49273 43.62315 76.44268 24.0
23.0 8.0 8.0 108.64914 85.19132 38.95302 16.0
23.0 8.0 23.0 173.49273 43.62315 76.44268 16.0
23.0 12.0 12.0 179.80467 86.48 84.91705 493.0
23.0 12.0 23.0 173.49273 43.62315 76.44268 493.0
23.0 14.0 14.0 128.49532 115.95644 40.42 1.0
23.0 14.0 23.0 173.49273 43.62315 76.44268 1.0
23.0 15.0 15.0 144.81463 26.38669 64.49282 632.0
23.0 15.0 23.0 173.49273 43.62315 76.44268 632.0
23.0 17.0 17.0 123.04428 11.07962 94.71445 25.0
23.0 17.0 23.0 173.49273 43.62315 76.44268 25.0
23.0 18.0 18.0 159.46078 25.03658 93.64406 830.0
23.0 18.0 23.0 173.49273 43.62315 76.44268 830.0
23.0 23.0 23.0 173.49273 43.62315 76.44268 2127.0
23.0 23.0 23.0 173.49273 43.62315 76.44268 2127.0
23.0 25.0 25.0 182.7577 64.75336 100.72203 557.0
23.0 25.0 23.0 173.49273 43.62315 76.44268 557.0
23.0 26.0 26.0 131.80242 45.08085 139.20557 16.0
23.0 26.0 23.0 173.49273 43.62315 76.44268 16.0
23.0 29.0 29.0 122.69442 20.71023 121.41186 16.0
23.0 29.0 23.0 173.49273 43.62315 76.44268 16.0
23.0 31.0 31.0 121.7595 39.459 36.04562 119.0
23.0 31.0 23.0 173.49273 43.62315 76.44268 119.0
23.0 32.0 32.0 156.8513 89.22343 57.94258 395.0
23.0 32.0 23.0 173.49273 43.62315 76.44268 395.0
23.0 35.0 35.0 147.51445 121.30946 95.63509 1.0
23.0 35.0 23.0 173.49273 43.62315 76.44268 1.0
23.0 37.0 37.0 79.98411 11.08915 113.83755 1.0
23.0 37.0 23.0 173.49273 43.62315 76.44268 1.0
23.0 47.0 47.0 164.10215 62.59549 126.25876 296.0
23.0 47.0 23.0 173.49273 43.62315 76.44268 296.0
24.0 0.0 0.0 55.13006 49.30761 142.16812 11.0
24.0 0.0 24.0 107.81147 87.1712 149.12825 11.0
24.0 4.0 4.0 72.13698 108.23421 139.83532 1286.0
24.0 4.0 24.0 107.81147 87.1712 149.12825 1286.0
24.0 9.0 9.0 78.35813 140.10471 102.28975 20.0
24.0 9.0 24.0 107.81147 87.1712 149.12825 20.0
24.0 22.0 22.0 25.15475 80.10408 119.50643 1.0
24.0 22.0 24.0 107.81147 87.1712 149.12825 1.0
24.0 24.0 24.0 107.81147 87.1712 149.12825 6165.0
24.0 24.0 24.0 107.81147 87.1712 149.12825 6165.0
24.0 26.0 26.0 131.80242 45.08085 139.20557 761.0
24.0 26.0 24.0 107.81147 87.1712 149.12825 761.0
24.0 28.0 28.0 83.5248 39.72729 143.46439 49.0
24.0 28.0 24.0 107.81147 87.1712 149.12825 49.0
24.0 29.0 29.0 122.69442 20.71023 121.41186 9.0
24.0 29.0 24.0 107.81147 87.1712 149.12825 9.0
24.0 30.0 30.0 88.72537 139.84191 62.90952 1.0
24.0 30.0 24.0 107.81147 87.1712 149.12825 1.0
24.0 33.0 33.0 97.66276 49.86898 149.23726 416.0
24.0 33.0 24.0 107.81147 87.1712 149.12825 416.0
24.0 34.0 34.0 127.73335 111.25095 129.58389 2041.0
24.0 34.0 24.0 107.81147 87.1712 149.12825 2041.0
24.0 35.0 35.0 147.51445 121.30946 95.63509 4.0
24.0 35.0 24.0 107.81147 87.1712 149.12825 4.0
24.0 38.0 38.0 88.59444 68.22212 152.64817 1402.0
24.0 38.0 24.0 107.81147 87.1712 149.12825 1402.0
24.0 41.0 41.0 59.60865 125.62469 122.70997 91.0
24.0 41.0 24.0 107.81147 87.1712 149.12825 91.0
24.0 42.0 42.0 56.46987 85.136 144.92619 440.0
24.0 42.0 24.0 107.81147 87.1712 149.12825 440.0
24.0 43.0 43.0 102.36503 137.45391 99.68599 7.0
24.0 43.0 24.0 107.81147 87.1712 149.12825 7.0
24.0 44.0 44.0 70.64378 22.7386 131.42247 3.0
24.0 44.0 24.0 107.81147 87.1712 149.12825 3.0
24.0 47.0 47.0 164.10215 62.59549 126.25876 188.0
24.0 47.0 24.0 107.81147 87.1712 149.12825 188.0
25.0 7.0 7.0 121.82085 13.4797 56.9453 1.0
25.0 7.0 25.0 182.7577 64.75336 100.72203 1.0
25.0 8.0 8.0 108.64914 85.19132 38.95302 1.0
25.0 8.0 25.0 182.7577 64.75336 100.72203 1.0
25.0 12.0 12.0 179.80467 86.48 84.91705 967.0
25.0 12.0 25.0 182.7577 64.75336 100.72203 967.0
25.0 15.0 15.0 144.81463 26.38669 64.49282 11.0
25.0 15.0 25.0 182.7577 64.75336 100.72203 11.0
25.0 17.0 17.0 123.04428 11.07962 94.71445 1.0
25.0 17.0 25.0 182.7577 64.75336 100.72203 1.0
25.0 18.0 18.0 159.46078 25.03658 93.64406 111.0
25.0 18.0 25.0 182.7577 64.75336 100.72203 111.0
25.0 23.0 23.0 173.49273 43.62315 76.44268 564.0
25.0 23.0 25.0 182.7577 64.75336 100.72203 564.0
25.0 25.0 25.0 182.7577 64.75336 100.72203 1486.0
25.0 25.0 25.0 182.7577 64.75336 100.72203 1486.0
25.0 26.0 26.0 131.80242 45.08085 139.20557 10.0
25.0 26.0 25.0 182.7577 64.75336 100.72203 10.0
25.0 29.0 29.0 122.69442 20.71023 121.41186 2.0
25.0 29.0 25.0 182.7577 64.75336 100.72203 2.0
25.0 31.0 31.0 121.7595 39.459 36.04562 3.0
25.0 31.0 25.0 182.7577 64.75336 100.72203 3.0
25.0 32.0 32.0 156.8513 89.22343 57.94258 65.0
25.0 32.0 25.0 182.7577 64.75336 100.72203 65.0
25.0 34.0 34.0 127.73335 111.25095 129.58389 36.0
25.0 34.0 25.0 182.7577 64.75336 100.72203 36.0
25.0 35.0 35.0 147.51445 121.30946 95.63509 85.0
25.0 35.0 25.0 182.7577 64.75336 100.72203 85.0
25.0 46.0 46.0 114.94997 130.47698 53.01786 1.0
25.0 46.0 25.0 182.7577 64.75336 100.72203 1.0
25.0 47.0 47.0 164.10215 62.59549 126.25876 955.0
25.0 47.0 25.0 182.7577 64.75336 100.72203 955.0
26.0 0.0 0.0 55.13006 49.30761 142.16812 1.0
26.0 0.0 26.0 131.80242 45.08085 139.20557 1.0
26.0 3.0 3.0 83.16587 3.84081 87.94729 4.0
26.0 3.0 26.0 131.80242 45.08085 139.20557 4.0
26.0 15.0 15.0 144.81463 26.38669 64.49282 6.0
26.0 15.0 26.0 131.80242 45.08085 139.20557 6.0
26.0 17.0 17.0 123.04428 11.07962 94.71445 138.0
26.0 17.0 26.0 131.80242 45.08085 139.20557 138.0
26.0 18.0 18.0 159.46078 25.03658 93.64406 174.0
26.0 18.0 26.0 131.80242 45.08085 139.20557 174.0
26.0 23.0 23.0 173.49273 43.62315 76.44268 3.0
26.0 23.0 26.0 131.80242 45.08085 139.20557 3.0
26.0 24.0 24.0 107.81147 87.1712 149.12825 826.0
26.0 24.0 26.0 131.80242 45.08085 139.20557 826.0
26.0 25.0 25.0 182.7577 64.75336 100.72203 9.0
26.0 25.0 26.0 131.80242 45.08085 139.20557 9.0
26.0 26.0 26.0 131.80242 45.08085 139.20557 5706.0
26.0 26.0 26.0 131.80242 45.08085 139.20557 5706.0
26.0 28.0 28.0 83.5248 39.72729 143.46439 351.0
26.0 28.0 26.0 131.80242 45.08085 139.20557 351.0
26.0 29.0 29.0 122.69442 20.71023 121.41186 1486.0
26.0 29.0 26.0 131.80242 45.08085 139.20557 1486.0
26.0 33.0 33.0 97.66276 49.86898 149.23726 840.0
26.0 33.0 26.0 131.80242 45.08085 139.20557 840.0
26.0 34.0 34.0 127.73335 111.25095 129.58389 268.0
26.0 34.0 26.0 131.80242 45.08085 139.20557 268.0
26.0 35.0 35.0 147.51445 121.30946 95.63509 3.0
26.0 35.0 26.0 131.80242 45.08085 139.20557 3.0
26.0 37.0 37.0 79.98411 11.08915 113.83755 97.0
26.0 37.0 26.0 131.80242 45.08085 139.20557 97.0
26.0 38.0 38.0 88.59444 68.22212 152.64817 302.0
26.0 38.0 26.0 131.80242 45.08085 139.20557 302.0
26.0 44.0 44.0 70.64378 22.7386 131.42247 21.0
26.0 44.0 26.0 131.80242 45.08085 139.20557 21.0
26.0 47.0 47.0 164.10215 62.59549 126.25876 1388.0
26.0 47.0 26.0 131.80242 45.08085 139.20557 1388.0
27.0 0.0 0.0 55.13006 49.30761 142.16812 56.0
27.0 0.0 27.0 18.69462 45.54495 103.86321 56.0
27.0 2.0 2.0 27.68207 25.086 88.23644 1190.0
27.0 2.0 27.0 18.69462 45.54495 103.86321 1190.0
27.0 3.0 3.0 83.16587 3.84081 87.94729 3.0
27.0 3.0 27.0 18.69462 45.54495 103.86321 3.0
27.0 5.0 5.0 36.4055 130.17015 82.11397 1.0
27.0 5.0 27.0 18.69462 45.54495 103.86321 1.0
27.0 6.0 6.0 5.44029 84.95553 74.28813 604.0
27.0 6.0 27.0 18.69462 45.54495 103.86321 604.0
27.0 11.0 11.0 48.23846 14.31553 56.39595 18.0
27.0 11.0 27.0 18.69462 45.54495 103.86321 18.0
27.0 13.0 13.0 21.88023 31.08166 56.31657 103.0
27.0 13.0 27.0 18.69462 45.54495 103.86321 103.0
27.0 16.0 16.0 37.05143 38.66795 124.39002 909.0
27.0 16.0 27.0 18.69462 45.54495 103.86321 909.0
27.0 19.0 19.0 66.66766 15.29083 45.93337 1.0
27.0 19.0 27.0 18.69462 45.54495 103.86321 1.0
27.0 22.0 22.0 25.15475 80.10408 119.50643 1101.0
27.0 22.0 27.0 18.69462 45.54495 103.86321 1101.0
27.0 27.0 27.0 18.69462 45.54495 103.86321 2146.0
27.0 27.0 27.0 18.69462 45.54495 103.86321 2146.0
27.0 36.0 36.0 51.11953 19.24487 119.25827 92.0
27.0 36.0 27.0 18.69462 45.54495 103.86321 92.0
27.0 37.0 37.0 79.98411 11.08915 113.83755 12.0
27.0 37.0 27.0 18.69462 45.54495 103.86321 12.0
27.0 39.0 39.0 21.83439 50.14455 32.81459 32.0
27.0 39.0 27.0 18.69462 45.54495 103.86321 32.0
27.0 42.0 42.0 56.46987 85.136 144.92619 3.0
27.0 42.0 27.0 18.69462 45.54495 103.86321 3.0
27.0 44.0 44.0 70.64378 22.7386 131.42247 8.0
27.0 44.0 27.0 18.69462 45.54495 103.86321 8.0
28.0 0.0 0.0 55.13006 49.30761 142.16812 882.0
28.0 0.0 28.0 83.5248 39.72729 143.46439 882.0
28.0 3.0 3.0 83.16587 3.84081 87.94729 13.0
28.0 3.0 28.0 83.5248 39.72729 143.46439 13.0
28.0 4.0 4.0 72.13698 108.23421 139.83532 5.0
28.0 4.0 28.0 83.5248 39.72729 143.46439 5.0
28.0 16.0 16.0 37.05143 38.66795 124.39002 48.0
28.0 16.0 28.0 83.5248 39.72729 143.46439 48.0
28.0 17.0 17.0 123.04428 11.07962 94.71445 14.0
28.0 17.0 28.0 83.5248 39.72729 143.46439 14.0
28.0 22.0 22.0 25.15475 80.10408 119.50643 25.0
28.0 22.0 28.0 83.5248 39.72729 143.46439 25.0
28.0 24.0 24.0 107.81147 87.1712 149.12825 53.0
28.0 24.0 28.0 83.5248 39.72729 143.46439 53.0
28.0 26.0 26.0 131.80242 45.08085 139.20557 365.0
28.0 26.0 28.0 83.5248 39.72729 143.46439 365.0
28.0 28.0 28.0 83.5248 39.72729 143.46439 2135.0
28.0 28.0 28.0 83.5248 39.72729 143.46439 2135.0
28.0 29.0 29.0 122.69442 20.71023 121.41186 330.0
28.0 29.0 28.0 83.5248 39.72729 143.46439 330.0
28.0 33.0 33.0 97.66276 49.86898 149.23726 1182.0
28.0 33.0 28.0 83.5248 39.72729 143.46439 1182.0
28.0 36.0 36.0 51.11953 19.24487 119.25827 67.0
28.0 36.0 28.0 83.5248 39.72729 143.46439 67.0
28.0 37.0 37.0 79.98411 11.08915 113.83755 526.0
28.0 37.0 28.0 83.5248 39.72729 143.46439 526.0
28.0 38.0 38.0 88.59444 68.22212 152.64817 523.0
28.0 38.0 28.0 83.5248 39.72729 143.46439 523.0
28.0 42.0 42.0 56.46987 85.136 144.92619 167.0
28.0 42.0 28.0 83.5248 39.72729 143.46439 167.0
28.0 44.0 44.0 70.64378 22.7386 131.42247 659.0
28.0 44.0 28.0 83.5248 39.72729 143.46439 659.0
28.0 47.0 47.0 164.10215 62.59549 126.25876 1.0
28.0 47.0 28.0 83.5248 39.72729 143.46439 1.0
29.0 0.0 0.0 55.13006 49.30761 142.16812 3.0
29.0 0.0 29.0 122.69442 20.71023 121.41186 3.0
29.0 3.0 3.0 83.16587 3.84081 87.94729 184.0
29.0 3.0 29.0 122.69442 20.71023 121.41186 184.0
29.0 7.0 7.0 121.82085 13.4797 56.9453 18.0
29.0 7.0 29.0 122.69442 20.71023 121.41186 18.0
29.0 10.0 10.0 97.50436 4.0062 61.34436 7.0
29.0 10.0 29.0 122.69442 20.71023 121.41186 7.0
29.0 15.0 15.0 144.81463 26.38669 64.49282 59.0
29.0 15.0 29.0 122.69442 20.71023 121.41186 59.0
29.0 17.0 17.0 123.04428 11.07962 94.71445 1234.0
29.0 17.0 29.0 122.69442 20.71023 121.41186 1234.0
29.0 18.0 18.0 159.46078 25.03658 93.64406 386.0
29.0 18.0 29.0 122.69442 20.71023 121.41186 386.0
29.0 23.0 23.0 173.49273 43.62315 76.44268 17.0
29.0 23.0 29.0 122.69442 20.71023 121.41186 17.0
29.0 24.0 24.0 107.81147 87.1712 149.12825 3.0
29.0 24.0 29.0 122.69442 20.71023 121.41186 3.0
29.0 25.0 25.0 182.7577 64.75336 100.72203 1.0
29.0 25.0 29.0 122.69442 20.71023 121.41186 1.0
29.0 26.0 26.0 131.80242 45.08085 139.20557 1500.0
29.0 26.0 29.0 122.69442 20.71023 121.41186 1500.0
29.0 28.0 28.0 83.5248 39.72729 143.46439 321.0
29.0 28.0 29.0 122.69442 20.71023 121.41186 321.0
29.0 29.0 29.0 122.69442 20.71023 121.41186 3224.0
29.0 29.0 29.0 122.69442 20.71023 121.41186 3224.0
29.0 33.0 33.0 97.66276 49.86898 149.23726 137.0
29.0 33.0 29.0 122.69442 20.71023 121.41186 137.0
29.0 36.0 36.0 51.11953 19.24487 119.25827 2.0
29.0 36.0 29.0 122.69442 20.71023 121.41186 2.0
29.0 37.0 37.0 79.98411 11.08915 113.83755 789.0
29.0 37.0 29.0 122.69442 20.71023 121.41186 789.0
29.0 38.0 38.0 88.59444 68.22212 152.64817 10.0
29.0 38.0 29.0 122.69442 20.71023 121.41186 10.0
29.0 44.0 44.0 70.64378 22.7386 131.42247 76.0
29.0 44.0 29.0 122.69442 20.71023 121.41186 76.0
29.0 47.0 47.0 164.10215 62.59549 126.25876 188.0
29.0 47.0 29.0 122.69442 20.71023 121.41186 188.0
30.0 1.0 1.0 66.46611 89.52983 7.71629 273.0
30.0 1.0 30.0 88.72537 139.84191 62.90952 273.0
30.0 4.0 4.0 72.13698 108.23421 139.83532 1.0
30.0 4.0 30.0 88.72537 139.84191 62.90952 1.0
30.0 5.0 5.0 36.4055 130.17015 82.11397 1385.0
30.0 5.0 30.0 88.72537 139.84191 62.90952 1385.0
30.0 8.0 8.0 108.64914 85.19132 38.95302 480.0
30.0 8.0 30.0 88.72537 139.84191 62.90952 480.0
30.0 9.0 9.0 78.35813 140.10471 102.28975 915.0
30.0 9.0 30.0 88.72537 139.84191 62.90952 915.0
30.0 14.0 14.0 128.49532 115.95644 40.42 225.0
30.0 14.0 30.0 88.72537 139.84191 62.90952 225.0
30.0 30.0 30.0 88.72537 139.84191 62.90952 10293.0
30.0 30.0 30.0 88.72537 139.84191 62.90952 10293.0
30.0 32.0 32.0 156.8513 89.22343 57.94258 6.0
30.0 32.0 30.0 88.72537 139.84191 62.90952 6.0
30.0 34.0 34.0 127.73335 111.25095 129.58389 74.0
30.0 34.0 30.0 88.72537 139.84191 62.90952 74.0
30.0 35.0 35.0 147.51445 121.30946 95.63509 597.0
30.0 35.0 30.0 88.72537 139.84191 62.90952 597.0
30.0 41.0 41.0 59.60865 125.62469 122.70997 28.0
30.0 41.0 30.0 88.72537 139.84191 62.90952 28.0
30.0 43.0 43.0 102.36503 137.45391 99.68599 1565.0
30.0 43.0 30.0 88.72537 139.84191 62.90952 1565.0
30.0 45.0 45.0 35.08393 116.33388 28.5161 564.0
30.0 45.0 30.0 88.72537 139.84191 62.90952 564.0
30.0 46.0 46.0 114.94997 130.47698 53.01786 2653.0
30.0 46.0 30.0 88.72537 139.84191 62.90952 2653.0
31.0 1.0 1.0 66.46611 89.52983 7.71629 3.0
31.0 1.0 31.0 121.7595 39.459 36.04562 3.0
31.0 3.0 3.0 83.16587 3.84081 87.94729 3.0
31.0 3.0 31.0 121.7595 39.459 36.04562 3.0
31.0 7.0 7.0 121.82085 13.4797 56.9453 1270.0
31.0 7.0 31.0 121.7595 39.459 36.04562 1270.0
31.0 8.0 8.0 108.64914 85.19132 38.95302 1763.0
31.0 8.0 31.0 121.7595 39.459 36.04562 1763.0
31.0 10.0 10.0 97.50436 4.0062 61.34436 299.0
31.0 10.0 31.0 121.7595 39.459 36.04562 299.0
31.0 11.0 11.0 48.23846 14.31553 56.39595 4.0
31.0 11.0 31.0 121.7595 39.459 36.04562 4.0
31.0 12.0 12.0 179.80467 86.48 84.91705 10.0
31.0 12.0 31.0 121.7595 39.459 36.04562 10.0
31.0 14.0 14.0 128.49532 115.95644 40.42 6.0
31.0 14.0 31.0 121.7595 39.459 36.04562 6.0
31.0 15.0 15.0 144.81463 26.38669 64.49282 1046.0
31.0 15.0 31.0 121.7595 39.459 36.04562 1046.0
31.0 17.0 17.0 123.04428 11.07962 94.71445 6.0
31.0 17.0 31.0 121.7595 39.459 36.04562 6.0
31.0 18.0 18.0 159.46078 25.03658 93.64406 20.0
31.0 18.0 31.0 121.7595 39.459 36.04562 20.0
31.0 19.0 19.0 66.66766 15.29083 45.93337 27.0
31.0 19.0 31.0 121.7595 39.459 36.04562 27.0
31.0 20.0 20.0 85.45716 53.77734 22.66747 1699.0
31.0 20.0 31.0 121.7595 39.459 36.04562 1699.0
31.0 23.0 23.0 173.49273 43.62315 76.44268 90.0
31.0 23.0 31.0 121.7595 39.459 36.04562 90.0
31.0 31.0 31.0 121.7595 39.459 36.04562 7901.0
31.0 31.0 31.0 121.7595 39.459 36.04562 7901.0
31.0 32.0 32.0 156.8513 89.22343 57.94258 419.0
31.0 32.0 31.0 121.7595 39.459 36.04562 419.0
31.0 40.0 40.0 83.31682 23.6018 42.22353 803.0
31.0 40.0 31.0 121.7595 39.459 36.04562 803.0
32.0 7.0 7.0 121.82085 13.4797 56.9453 8.0
32.0 7.0 32.0 156.8513 89.22343 57.94258 8.0
32.0 8.0 8.0 108.64914 85.19132 38.95302 1366.0
32.0 8.0 32.0 156.8513 89.22343 57.94258 1366.0
32.0 12.0 12.0 179.80467 86.48 84.91705 1306.0
32.0 12.0 32.0 156.8513 89.22343 57.94258 1306.0
32.0 14.0 14.0 128.49532 115.95644 40.42 1166.0
32.0 14.0 32.0 156.8513 89.22343 57.94258 1166.0
32.0 15.0 15.0 144.81463 26.38669 64.49282 289.0
32.0 15.0 32.0 156.8513 89.22343 57.94258 289.0
32.0 18.0 18.0 159.46078 25.03658 93.64406 17.0
32.0 18.0 32.0 156.8513 89.22343 57.94258 17.0
32.0 20.0 20.0 85.45716 53.77734 22.66747 7.0
32.0 20.0 32.0 156.8513 89.22343 57.94258 7.0
32.0 23.0 23.0 173.49273 43.62315 76.44268 401.0
32.0 23.0 32.0 156.8513 89.22343 57.94258 401.0
32.0 25.0 25.0 182.7577 64.75336 100.72203 64.0
32.0 25.0 32.0 156.8513 89.22343 57.94258 64.0
32.0 30.0 30.0 88.72537 139.84191 62.90952 11.0
32.0 30.0 32.0 156.8513 89.22343 57.94258 11.0
32.0 31.0 31.0 121.7595 39.459 36.04562 449.0
32.0 31.0 32.0 156.8513 89.22343 57.94258 449.0
32.0 32.0 32.0 156.8513 89.22343 57.94258 6242.0
32.0 32.0 32.0 156.8513 89.22343 57.94258 6242.0
32.0 34.0 34.0 127.73335 111.25095 129.58389 3.0
32.0 34.0 32.0 156.8513 89.22343 57.94258 3.0
32.0 35.0 35.0 147.51445 121.30946 95.63509 764.0
32.0 35.0 32.0 156.8513 89.22343 57.94258 764.0
32.0 46.0 46.0 114.94997 130.47698 53.01786 288.0
32.0 46.0 32.0 156.8513 89.22343 57.94258 288.0
32.0 47.0 47.0 164.10215 62.59549 126.25876 3.0
32.0 47.0 32.0 156.8513 89.22343 57.94258 3.0
33.0 0.0 0.0 55.13006 49.30761 142.16812 218.0
33.0 0.0 33.0 97.66276 49.86898 149.23726 218.0
33.0 4.0 4.0 72.13698 108.23421 139.83532 4.0
33.0 4.0 33.0 97.66276 49.86898 149.23726 4.0
33.0 17.0 17.0 123.04428 11.07962 94.71445 3.0
33.0 17.0 33.0 97.66276 49.86898 149.23726 3.0
33.0 18.0 18.0 159.46078 25.03658 93.64406 2.0
33.0 18.0 33.0 97.66276 49.86898 149.23726 2.0
33.0 22.0 22.0 25.15475 80.10408 119.50643 3.0
33.0 22.0 33.0 97.66276 49.86898 149.23726 3.0
33.0 24.0 24.0 107.81147 87.1712 149.12825 460.0
33.0 24.0 33.0 97.66276 49.86898 149.23726 460.0
33.0 26.0 26.0 131.80242 45.08085 139.20557 888.0
33.0 26.0 33.0 97.66276 49.86898 149.23726 888.0
33.0 28.0 28.0 83.5248 39.72729 143.46439 1144.0
33.0 28.0 33.0 97.66276 49.86898 149.23726 1144.0
33.0 29.0 29.0 122.69442 20.71023 121.41186 167.0
33.0 29.0 33.0 97.66276 49.86898 149.23726 167.0
33.0 33.0 33.0 97.66276 49.86898 149.23726 1784.0
33.0 33.0 33.0 97.66276 49.86898 149.23726 1784.0
33.0 34.0 34.0 127.73335 111.25095 129.58389 4.0
33.0 34.0 33.0 97.66276 49.86898 149.23726 4.0
33.0 36.0 36.0 51.11953 19.24487 119.25827 4.0
33.0 36.0 33.0 97.66276 49.86898 149.23726 4.0
33.0 37.0 37.0 79.98411 11.08915 113.83755 72.0
33.0 37.0 33.0 97.66276 49.86898 149.23726 72.0
33.0 38.0 38.0 88.59444 68.22212 152.64817 1090.0
33.0 38.0 33.0 97.66276 49.86898 149.23726 1090.0
33.0 42.0 42.0 56.46987 85.136 144.92619 101.0
33.0 42.0 33.0 97.66276 49.86898 149.23726 101.0
33.0 44.0 44.0 70.64378 22.7386 131.42247 119.0
33.0 44.0 33.0 97.66276 49.86898 149.23726 119.0
33.0 47.0 47.0 164.10215 62.59549 126.25876 5.0
33.0 47.0 33.0 97.66276 49.86898 149.23726 5.0
34.0 4.0 4.0 72.13698 108.23421 139.83532 761.0
34.0 4.0 34.0 127.73335 111.25095 129.58389 761.0
34.0 5.0 5.0 36.4055 130.17015 82.11397 1.0
34.0 5.0 34.0 127.73335 111.25095 129.58389 1.0
34.0 9.0 9.0 78.35813 140.10471 102.28975 431.0
34.0 9.0 34.0 127.73335 111.25095 129.58389 431.0
34.0 12.0 12.0 179.80467 86.48 84.91705 84.0
34.0 12.0 34.0 127.73335 111.25095 129.58389 84.0
34.0 14.0 14.0 128.49532 115.95644 40.42 1.0
34.0 14.0 34.0 127.73335 111.25095 129.58389 1.0
34.0 24.0 24.0 107.81147 87.1712 149.12825 2075.0
34.0 24.0 34.0 127.73335 111.25095 129.58389 2075.0
34.0 25.0 25.0 182.7577 64.75336 100.72203 34.0
34.0 25.0 34.0 127.73335 111.25095 129.58389 34.0
34.0 26.0 26.0 131.80242 45.08085 139.20557 291.0
34.0 26.0 34.0 127.73335 111.25095 129.58389 291.0
34.0 30.0 30.0 88.72537 139.84191 62.90952 76.0
34.0 30.0 34.0 127.73335 111.25095 129.58389 76.0
34.0 32.0 32.0 156.8513 89.22343 57.94258 6.0
34.0 32.0 34.0 127.73335 111.25095 129.58389 6.0
34.0 33.0 33.0 97.66276 49.86898 149.23726 13.0
34.0 33.0 34.0 127.73335 111.25095 129.58389 13.0
34.0 34.0 34.0 127.73335 111.25095 129.58389 12021.0
34.0 34.0 34.0 127.73335 111.25095 129.58389 12021.0
34.0 35.0 35.0 147.51445 121.30946 95.63509 2065.0
34.0 35.0 34.0 127.73335 111.25095 129.58389 2065.0
34.0 38.0 38.0 88.59444 68.22212 152.64817 38.0
34.0 38.0 34.0 127.73335 111.25095 129.58389 38.0
34.0 41.0 41.0 59.60865 125.62469 122.70997 366.0
34.0 41.0 34.0 127.73335 111.25095 129.58389 366.0
34.0 42.0 42.0 56.46987 85.136 144.92619 12.0
34.0 42.0 34.0 127.73335 111.25095 129.58389 12.0
34.0 43.0 43.0 102.36503 137.45391 99.68599 1196.0
34.0 43.0 34.0 127.73335 111.25095 129.58389 1196.0
34.0 46.0 46.0 114.94997 130.47698 53.01786 18.0
34.0 46.0 34.0 127.73335 111.25095 129.58389 18.0
34.0 47.0 47.0 164.10215 62.59549 126.25876 926.0
34.0 47.0 34.0 127.73335 111.25095 129.58389 926.0
35.0 4.0 4.0 72.13698 108.23421 139.83532 1.0
35.0 4.0 35.0 147.51445 121.30946 95.63509 1.0
35.0 8.0 8.0 108.64914 85.19132 38.95302 6.0
35.0 8.0 35.0 147.51445 121.30946 95.63509 6.0
35.0 9.0 9.0 78.35813 140.10471 102.28975 34.0
35.0 9.0 35.0 147.51445 121.30946 95.63509 34.0
35.0 12.0 12.0 179.80467 86.48 84.91705 985.0
35.0 12.0 35.0 147.51445 121.30946 95.63509 985.0
35.0 14.0 14.0 128.49532 115.95644 40.42 273.0
35.0 14.0 35.0 147.51445 121.30946 95.63509 273.0
35.0 24.0 24.0 107.81147 87.1712 149.12825 6.0
35.0 24.0 35.0 147.51445 121.30946 95.63509 6.0
35.0 25.0 25.0 182.7577 64.75336 100.72203 81.0
35.0 25.0 35.0 147.51445 121.30946 95.63509 81.0
35.0 26.0 26.0 131.80242 45.08085 139.20557 3.0
35.0 26.0 35.0 147.51445 121.30946 95.63509 3.0
35.0 28.0 28.0 83.5248 39.72729 143.46439 1.0
35.0 28.0 35.0 147.51445 121.30946 95.63509 1.0
35.0 30.0 30.0 88.72537 139.84191 62.90952 620.0
35.0 30.0 35.0 147.51445 121.30946 95.63509 620.0
35.0 32.0 32.0 156.8513 89.22343 57.94258 734.0
35.0 32.0 35.0 147.51445 121.30946 95.63509 734.0
35.0 34.0 34.0 127.73335 111.25095 129.58389 2063.0
35.0 34.0 35.0 147.51445 121.30946 95.63509 2063.0
35.0 35.0 35.0 147.51445 121.30946 95.63509 8078.0
35.0 35.0 35.0 147.51445 121.30946 95.63509 8078.0
35.0 41.0 41.0 59.60865 125.62469 122.70997 3.0
35.0 41.0 35.0 147.51445 121.30946 95.63509 3.0
35.0 43.0 43.0 102.36503 137.45391 99.68599 818.0
35.0 43.0 35.0 147.51445 121.30946 95.63509 818.0
35.0 46.0 46.0 114.94997 130.47698 53.01786 897.0
35.0 46.0 35.0 147.51445 121.30946 95.63509 897.0
35.0 47.0 47.0 164.10215 62.59549 126.25876 305.0
35.0 47.0 35.0 147.51445 121.30946 95.63509 305.0
36.0 0.0 0.0 55.13006 49.30761 142.16812 328.0
36.0 0.0 36.0 51.11953 19.24487 119.25827 328.0
36.0 2.0 2.0 27.68207 25.086 88.23644 404.0
36.0 2.0 36.0 51.11953 19.24487 119.25827 404.0
36.0 3.0 3.0 83.16587 3.84081 87.94729 145.0
36.0 3.0 36.0 51.11953 19.24487 119.25827 145.0
36.0 10.0 10.0 97.50436 4.0062 61.34436 1.0
36.0 10.0 36.0 51.11953 19.24487 119.25827 1.0
36.0 11.0 11.0 48.23846 14.31553 56.39595 70.0
36.0 11.0 36.0 51.11953 19.24487 119.25827 70.0
36.0 13.0 13.0 21.88023 31.08166 56.31657 2.0
36.0 13.0 36.0 51.11953 19.24487 119.25827 2.0
36.0 16.0 16.0 37.05143 38.66795 124.39002 713.0
36.0 16.0 36.0 51.11953 19.24487 119.25827 713.0
36.0 19.0 19.0 66.66766 15.29083 45.93337 2.0
36.0 19.0 36.0 51.11953 19.24487 119.25827 2.0
36.0 22.0 22.0 25.15475 80.10408 119.50643 7.0
36.0 22.0 36.0 51.11953 19.24487 119.25827 7.0
36.0 27.0 27.0 18.69462 45.54495 103.86321 88.0
36.0 27.0 36.0 51.11953 19.24487 119.25827 88.0
36.0 28.0 28.0 83.5248 39.72729 143.46439 99.0
36.0 28.0 36.0 51.11953 19.24487 119.25827 99.0
36.0 29.0 29.0 122.69442 20.71023 121.41186 4.0
36.0 29.0 36.0 51.11953 19.24487 119.25827 4.0
36.0 33.0 33.0 97.66276 49.86898 149.23726 3.0
36.0 33.0 36.0 51.11953 19.24487 119.25827 3.0
36.0 36.0 36.0 51.11953 19.24487 119.25827 969.0
36.0 36.0 36.0 51.11953 19.24487 119.25827 969.0
36.0 37.0 37.0 79.98411 11.08915 113.83755 693.0
36.0 37.0 36.0 51.11953 19.24487 119.25827 693.0
36.0 38.0 38.0 88.59444 68.22212 152.64817 3.0
36.0 38.0 36.0 51.11953 19.24487 119.25827 3.0
36.0 42.0 42.0 56.46987 85.136 144.92619 3.0
36.0 42.0 36.0 51.11953 19.24487 119.25827 3.0
36.0 44.0 44.0 70.64378 22.7386 131.42247 548.0
36.0 44.0 36.0 51.11953 19.24487 119.25827 548.0
37.0 0.0 0.0 55.13006 49.30761 142.16812 78.0
37.0 0.0 37.0 79.98411 11.08915 113.83755 78.0
37.0 2.0 2.0 27.68207 25.086 88.23644 322.0
37.0 2.0 37.0 79.98411 11.08915 113.83755 322.0
37.0 3.0 3.0 83.16587 3.84081 87.94729 1918.0
37.0 3.0 37.0 79.98411 11.08915 113.83755 1918.0
37.0 7.0 7.0 121.82085 13.4797 56.9453 8.0
37.0 7.0 37.0 79.98411 11.08915 113.83755 8.0
37.0 10.0 10.0 97.50436 4.0062 61.34436 50.0
37.0 10.0 37.0 79.98411 11.08915 113.83755 50.0
37.0 11.0 11.0 48.23846 14.31553 56.39595 208.0
37.0 11.0 37.0 79.98411 11.08915 113.83755 208.0
37.0 13.0 13.0 21.88023 31.08166 56.31657 2.0
37.0 13.0 37.0 79.98411 11.08915 113.83755 2.0
37.0 16.0 16.0 37.05143 38.66795 124.39002 165.0
37.0 16.0 37.0 79.98411 11.08915 113.83755 165.0
37.0 17.0 17.0 123.04428 11.07962 94.71445 436.0
37.0 17.0 37.0 79.98411 11.08915 113.83755 436.0
37.0 18.0 18.0 159.46078 25.03658 93.64406 1.0
37.0 18.0 37.0 79.98411 11.08915 113.83755 1.0
37.0 19.0 19.0 66.66766 15.29083 45.93337 33.0
37.0 19.0 37.0 79.98411 11.08915 113.83755 33.0
37.0 26.0 26.0 131.80242 45.08085 139.20557 144.0
37.0 26.0 37.0 79.98411 11.08915 113.83755 144.0
37.0 27.0 27.0 18.69462 45.54495 103.86321 20.0
37.0 27.0 37.0 79.98411 11.08915 113.83755 20.0
37.0 28.0 28.0 83.5248 39.72729 143.46439 583.0
37.0 28.0 37.0 79.98411 11.08915 113.83755 583.0
37.0 29.0 29.0 122.69442 20.71023 121.41186 804.0
37.0 29.0 37.0 79.98411 11.08915 113.83755 804.0
37.0 33.0 33.0 97.66276 49.86898 149.23726 81.0
37.0 33.0 37.0 79.98411 11.08915 113.83755 81.0
37.0 36.0 36.0 51.11953 19.24487 119.25827 681.0
37.0 36.0 37.0 79.98411 11.08915 113.83755 681.0
37.0 37.0 37.0 79.98411 11.08915 113.83755 5191.0
37.0 37.0 37.0 79.98411 11.08915 113.83755 5191.0
37.0 38.0 38.0 88.59444 68.22212 152.64817 4.0
37.0 38.0 37.0 79.98411 11.08915 113.83755 4.0
37.0 40.0 40.0 83.31682 23.6018 42.22353 5.0
37.0 40.0 37.0 79.98411 11.08915 113.83755 5.0
37.0 44.0 44.0 70.64378 22.7386 131.42247 1038.0
37.0 44.0 37.0 79.98411 11.08915 113.83755 1038.0
37.0 47.0 47.0 164.10215 62.59549 126.25876 1.0
37.0 47.0 37.0 79.98411 11.08915 113.83755 1.0
38.0 0.0 0.0 55.13006 49.30761 142.16812 355.0
38.0 0.0 38.0 88.59444 68.22212 152.64817 355.0
38.0 4.0 4.0 72.13698 108.23421 139.83532 237.0
38.0 4.0 38.0 88.59444 68.22212 152.64817 237.0
38.0 16.0 16.0 37.05143 38.66795 124.39002 13.0
38.0 16.0 38.0 88.59444 68.22212 152.64817 13.0
38.0 22.0 22.0 25.15475 80.10408 119.50643 29.0
38.0 22.0 38.0 88.59444 68.22212 152.64817 29.0
38.0 24.0 24.0 107.81147 87.1712 149.12825 1413.0
38.0 24.0 38.0 88.59444 68.22212 152.64817 1413.0
38.0 26.0 26.0 131.80242 45.08085 139.20557 333.0
38.0 26.0 38.0 88.59444 68.22212 152.64817 333.0
38.0 28.0 28.0 83.5248 39.72729 143.46439 519.0
38.0 28.0 38.0 88.59444 68.22212 152.64817 519.0
38.0 29.0 29.0 122.69442 20.71023 121.41186 10.0
38.0 29.0 38.0 88.59444 68.22212 152.64817 10.0
38.0 33.0 33.0 97.66276 49.86898 149.23726 1024.0
38.0 33.0 38.0 88.59444 68.22212 152.64817 1024.0
38.0 34.0 34.0 127.73335 111.25095 129.58389 46.0
38.0 34.0 38.0 88.59444 68.22212 152.64817 46.0
38.0 36.0 36.0 51.11953 19.24487 119.25827 4.0
38.0 36.0 38.0 88.59444 68.22212 152.64817 4.0
38.0 37.0 37.0 79.98411 11.08915 113.83755 3.0
38.0 37.0 38.0 88.59444 68.22212 152.64817 3.0
38.0 38.0 38.0 88.59444 68.22212 152.64817 2142.0
38.0 38.0 38.0 88.59444 68.22212 152.64817 2142.0
38.0 41.0 41.0 59.60865 125.62469 122.70997 4.0
38.0 41.0 38.0 88.59444 68.22212 152.64817 4.0
38.0 42.0 42.0 56.46987 85.136 144.92619 855.0
38.0 42.0 38.0 88.59444 68.22212 152.64817 855.0
38.0 44.0 44.0 70.64378 22.7386 131.42247 13.0
38.0 44.0 38.0 88.59444 68.22212 152.64817 13.0
38.0 47.0 47.0 164.10215 62.59549 126.25876 10.0
38.0 47.0 38.0 88.59444 68.22212 152.64817 10.0
39.0 1.0 1.0 66.46611 89.52983 7.71629 239.0
39.0 1.0 39.0 21.83439 50.14455 32.81459 239.0
39.0 2.0 2.0 27.68207 25.086 88.23644 109.0
39.0 2.0 39.0 21.83439 50.14455 32.81459 109.0
39.0 6.0 6.0 5.44029 84.95553 74.28813 1096.0
39.0 6.0 39.0 21.83439 50.14455 32.81459 1096.0
39.0 11.0 11.0 48.23846 14.31553 56.39595 702.0
39.0 11.0 39.0 21.83439 50.14455 32.81459 702.0
39.0 13.0 13.0 21.88023 31.08166 56.31657 1354.0
39.0 13.0 39.0 21.83439 50.14455 32.81459 1354.0
39.0 19.0 19.0 66.66766 15.29083 45.93337 184.0
39.0 19.0 39.0 21.83439 50.14455 32.81459 184.0
39.0 20.0 20.0 85.45716 53.77734 22.66747 463.0
39.0 20.0 39.0 21.83439 50.14455 32.81459 463.0
39.0 21.0 21.0 27.79182 77.96438 19.77522 1643.0
39.0 21.0 39.0 21.83439 50.14455 32.81459 1643.0
39.0 22.0 22.0 25.15475 80.10408 119.50643 3.0
39.0 22.0 39.0 21.83439 50.14455 32.81459 3.0
39.0 27.0 27.0 18.69462 45.54495 103.86321 25.0
39.0 27.0 39.0 21.83439 50.14455 32.81459 25.0
39.0 39.0 39.0 21.83439 50.14455 32.81459 6578.0
39.0 39.0 39.0 21.83439 50.14455 32.81459 6578.0
39.0 40.0 40.0 83.31682 23.6018 42.22353 41.0
39.0 40.0 39.0 21.83439 50.14455 32.81459 41.0
39.0 45.0 45.0 35.08393 116.33388 28.5161 71.0
39.0 45.0 39.0 21.83439 50.14455 32.81459 71.0
40.0 1.0 1.0 66.46611 89.52983 7.71629 16.0
40.0 1.0 40.0 83.31682 23.6018 42.22353 16.0
40.0 3.0 3.0 83.16587 3.84081 87.94729 119.0
40.0 3.0 40.0 83.31682 23.6018 42.22353 119.0
40.0 7.0 7.0 121.82085 13.4797 56.9453 245.0
40.0 7.0 40.0 83.31682 23.6018 42.22353 245.0
40.0 8.0 8.0 108.64914 85.19132 38.95302 29.0
40.0 8.0 40.0 83.31682 23.6018 42.22353 29.0
40.0 10.0 10.0 97.50436 4.0062 61.34436 919.0
40.0 10.0 40.0 83.31682 23.6018 42.22353 919.0
40.0 11.0 11.0 48.23846 14.31553 56.39595 383.0
40.0 11.0 40.0 83.31682 23.6018 42.22353 383.0
40.0 13.0 13.0 21.88023 31.08166 56.31657 8.0
40.0 13.0 40.0 83.31682 23.6018 42.22353 8.0
40.0 15.0 15.0 144.81463 26.38669 64.49282 4.0
40.0 15.0 40.0 83.31682 23.6018 42.22353 4.0
40.0 17.0 17.0 123.04428 11.07962 94.71445 4.0
40.0 17.0 40.0 83.31682 23.6018 42.22353 4.0
40.0 19.0 19.0 66.66766 15.29083 45.93337 1005.0
40.0 19.0 40.0 83.31682 23.6018 42.22353 1005.0
40.0 20.0 20.0 85.45716 53.77734 22.66747 1380.0
40.0 20.0 40.0 83.31682 23.6018 42.22353 1380.0
40.0 21.0 21.0 27.79182 77.96438 19.77522 2.0
40.0 21.0 40.0 83.31682 23.6018 42.22353 2.0
40.0 31.0 31.0 121.7595 39.459 36.04562 819.0
40.0 31.0 40.0 83.31682 23.6018 42.22353 819.0
40.0 37.0 37.0 79.98411 11.08915 113.83755 2.0
40.0 37.0 40.0 83.31682 23.6018 42.22353 2.0
40.0 39.0 39.0 21.83439 50.14455 32.81459 31.0
40.0 39.0 40.0 83.31682 23.6018 42.22353 31.0
40.0 40.0 40.0 83.31682 23.6018 42.22353 2959.0
40.0 40.0 40.0 83.31682 23.6018 42.22353 2959.0
41.0 0.0 0.0 55.13006 49.30761 142.16812 1.0
41.0 0.0 41.0 59.60865 125.62469 122.70997 1.0
41.0 4.0 4.0 72.13698 108.23421 139.83532 2187.0
41.0 4.0 41.0 59.60865 125.62469 122.70997 2187.0
41.0 5.0 5.0 36.4055 130.17015 82.11397 1726.0
41.0 5.0 41.0 59.60865 125.62469 122.70997 1726.0
41.0 6.0 6.0 5.44029 84.95553 74.28813 20.0
41.0 6.0 41.0 59.60865 125.62469 122.70997 20.0
41.0 9.0 9.0 78.35813 140.10471 102.28975 1565.0
41.0 9.0 41.0 59.60865 125.62469 122.70997 1565.0
41.0 13.0 13.0 21.88023 31.08166 56.31657 1.0
41.0 13.0 41.0 59.60865 125.62469 122.70997 1.0
41.0 22.0 22.0 25.15475 80.10408 119.50643 561.0
41.0 22.0 41.0 59.60865 125.62469 122.70997 561.0
41.0 24.0 24.0 107.81147 87.1712 149.12825 89.0
41.0 24.0 41.0 59.60865 125.62469 122.70997 89.0
41.0 27.0 27.0 18.69462 45.54495 103.86321 1.0
41.0 27.0 41.0 59.60865 125.62469 122.70997 1.0
41.0 28.0 28.0 83.5248 39.72729 143.46439 1.0
41.0 28.0 41.0 59.60865 125.62469 122.70997 1.0
41.0 30.0 30.0 88.72537 139.84191 62.90952 27.0
41.0 30.0 41.0 59.60865 125.62469 122.70997 27.0
41.0 33.0 33.0 97.66276 49.86898 149.23726 1.0
41.0 33.0 41.0 59.60865 125.62469 122.70997 1.0
41.0 34.0 34.0 127.73335 111.25095 129.58389 371.0
41.0 34.0 41.0 59.60865 125.62469 122.70997 371.0
41.0 35.0 35.0 147.51445 121.30946 95.63509 2.0
41.0 35.0 41.0 59.60865 125.62469 122.70997 2.0
41.0 38.0 38.0 88.59444 68.22212 152.64817 3.0
41.0 38.0 41.0 59.60865 125.62469 122.70997 3.0
41.0 41.0 41.0 59.60865 125.62469 122.70997 6350.0
41.0 41.0 41.0 59.60865 125.62469 122.70997 6350.0
41.0 42.0 42.0 56.46987 85.136 144.92619 377.0
41.0 42.0 41.0 59.60865 125.62469 122.70997 377.0
41.0 43.0 43.0 102.36503 137.45391 99.68599 314.0
41.0 43.0 41.0 59.60865 125.62469 122.70997 314.0
42.0 0.0 0.0 55.13006 49.30761 142.16812 749.0
42.0 0.0 42.0 56.46987 85.136 144.92619 749.0
42.0 4.0 4.0 72.13698 108.23421 139.83532 1707.0
42.0 4.0 42.0 56.46987 85.136 144.92619 1707.0
42.0 5.0 5.0 36.4055 130.17015 82.11397 42.0
42.0 5.0 42.0 56.46987 85.136 144.92619 42.0
42.0 9.0 9.0 78.35813 140.10471 102.28975 7.0
42.0 9.0 42.0 56.46987 85.136 144.92619 7.0
42.0 16.0 16.0 37.05143 38.66795 124.39002 136.0
42.0 16.0 42.0 56.46987 85.136 144.92619 136.0
42.0 22.0 22.0 25.15475 80.10408 119.50643 1249.0
42.0 22.0 42.0 56.46987 85.136 144.92619 1249.0
42.0 24.0 24.0 107.81147 87.1712 149.12825 429.0
42.0 24.0 42.0 56.46987 85.136 144.92619 429.0
42.0 26.0 26.0 131.80242 45.08085 139.20557 1.0
42.0 26.0 42.0 56.46987 85.136 144.92619 1.0
42.0 27.0 27.0 18.69462 45.54495 103.86321 4.0
42.0 27.0 42.0 56.46987 85.136 144.92619 4.0
42.0 28.0 28.0 83.5248 39.72729 143.46439 191.0
42.0 28.0 42.0 56.46987 85.136 144.92619 191.0
42.0 33.0 33.0 97.66276 49.86898 149.23726 84.0
42.0 33.0 42.0 56.46987 85.136 144.92619 84.0
42.0 34.0 34.0 127.73335 111.25095 129.58389 9.0
42.0 34.0 42.0 56.46987 85.136 144.92619 9.0
42.0 36.0 36.0 51.11953 19.24487 119.25827 5.0
42.0 36.0 42.0 56.46987 85.136 144.92619 5.0
42.0 38.0 38.0 88.59444 68.22212 152.64817 794.0
42.0 38.0 42.0 56.46987 85.136 144.92619 794.0
42.0 41.0 41.0 59.60865 125.62469 122.70997 339.0
42.0 41.0 42.0 56.46987 85.136 144.92619 339.0
42.0 42.0 42.0 56.46987 85.136 144.92619 4194.0
42.0 42.0 42.0 56.46987 85.136 144.92619 4194.0
42.0 44.0 44.0 70.64378 22.7386 131.42247 3.0
42.0 44.0 42.0 56.46987 85.136 144.92619 3.0
43.0 4.0 4.0 72.13698 108.23421 139.83532 75.0
43.0 4.0 43.0 102.36503 137.45391 99.68599 75.0
43.0 5.0 5.0 36.4055 130.17015 82.11397 63.0
43.0 5.0 43.0 102.36503 137.45391 99.68599 63.0
43.0 8.0 8.0 108.64914 85.19132 38.95302 1.0
43.0 8.0 43.0 102.36503 137.45391 99.68599 1.0
43.0 9.0 9.0 78.35813 140.10471 102.28975 1496.0
43.0 9.0 43.0 102.36503 137.45391 99.68599 1496.0
43.0 14.0 14.0 128.49532 115.95644 40.42 3.0
43.0 14.0 43.0 102.36503 137.45391 99.68599 3.0
43.0 24.0 24.0 107.81147 87.1712 149.12825 8.0
43.0 24.0 43.0 102.36503 137.45391 99.68599 8.0
43.0 30.0 30.0 88.72537 139.84191 62.90952 1541.0
43.0 30.0 43.0 102.36503 137.45391 99.68599 1541.0
43.0 34.0 34.0 127.73335 111.25095 129.58389 1129.0
43.0 34.0 43.0 102.36503 137.45391 99.68599 1129.0
43.0 35.0 35.0 147.51445 121.30946 95.63509 742.0
43.0 35.0 43.0 102.36503 137.45391 99.68599 742.0
43.0 37.0 37.0 79.98411 11.08915 113.83755 1.0
43.0 37.0 43.0 102.36503 137.45391 99.68599 1.0
43.0 41.0 41.0 59.60865 125.62469 122.70997 268.0
43.0 41.0 43.0 102.36503 137.45391 99.68599 268.0
43.0 43.0 43.0 102.36503 137.45391 99.68599 3327.0
43.0 43.0 43.0 102.36503 137.45391 99.68599 3327.0
43.0 46.0 46.0 114.94997 130.47698 53.01786 144.0
43.0 46.0 43.0 102.36503 137.45391 99.68599 144.0
44.0 0.0 0.0 55.13006 49.30761 142.16812 464.0
44.0 0.0 44.0 70.64378 22.7386 131.42247 464.0
44.0 2.0 2.0 27.68207 25.086 88.23644 37.0
44.0 2.0 44.0 70.64378 22.7386 131.42247 37.0
44.0 3.0 3.0 83.16587 3.84081 87.94729 61.0
44.0 3.0 44.0 70.64378 22.7386 131.42247 61.0
44.0 11.0 11.0 48.23846 14.31553 56.39595 2.0
44.0 11.0 44.0 70.64378 22.7386 131.42247 2.0
44.0 16.0 16.0 37.05143 38.66795 124.39002 184.0
44.0 16.0 44.0 70.64378 22.7386 131.42247 184.0
44.0 17.0 17.0 123.04428 11.07962 94.71445 8.0
44.0 17.0 44.0 70.64378 22.7386 131.42247 8.0
44.0 26.0 26.0 131.80242 45.08085 139.20557 22.0
44.0 26.0 44.0 70.64378 22.7386 131.42247 22.0
44.0 27.0 27.0 18.69462 45.54495 103.86321 4.0
44.0 27.0 44.0 70.64378 22.7386 131.42247 4.0
44.0 28.0 28.0 83.5248 39.72729 143.46439 657.0
44.0 28.0 44.0 70.64378 22.7386 131.42247 657.0
44.0 29.0 29.0 122.69442 20.71023 121.41186 84.0
44.0 29.0 44.0 70.64378 22.7386 131.42247 84.0
44.0 33.0 33.0 97.66276 49.86898 149.23726 103.0
44.0 33.0 44.0 70.64378 22.7386 131.42247 103.0
44.0 36.0 36.0 51.11953 19.24487 119.25827 516.0
44.0 36.0 44.0 70.64378 22.7386 131.42247 516.0
44.0 37.0 37.0 79.98411 11.08915 113.83755 1100.0
44.0 37.0 44.0 70.64378 22.7386 131.42247 1100.0
44.0 38.0 38.0 88.59444 68.22212 152.64817 16.0
44.0 38.0 44.0 70.64378 22.7386 131.42247 16.0
44.0 41.0 41.0 59.60865 125.62469 122.70997 1.0
44.0 41.0 44.0 70.64378 22.7386 131.42247 1.0
44.0 42.0 42.0 56.46987 85.136 144.92619 3.0
44.0 42.0 44.0 70.64378 22.7386 131.42247 3.0
44.0 44.0 44.0 70.64378 22.7386 131.42247 1194.0
44.0 44.0 44.0 70.64378 22.7386 131.42247 1194.0
45.0 1.0 1.0 66.46611 89.52983 7.71629 1555.0
45.0 1.0 45.0 35.08393 116.33388 28.5161 1555.0
45.0 5.0 5.0 36.4055 130.17015 82.11397 1663.0
45.0 5.0 45.0 35.08393 116.33388 28.5161 1663.0
45.0 6.0 6.0 5.44029 84.95553 74.28813 783.0
45.0 6.0 45.0 35.08393 116.33388 28.5161 783.0
45.0 8.0 8.0 108.64914 85.19132 38.95302 131.0
45.0 8.0 45.0 35.08393 116.33388 28.5161 131.0
45.0 9.0 9.0 78.35813 140.10471 102.28975 5.0
45.0 9.0 45.0 35.08393 116.33388 28.5161 5.0
45.0 14.0 14.0 128.49532 115.95644 40.42 3.0
45.0 14.0 45.0 35.08393 116.33388 28.5161 3.0
45.0 20.0 20.0 85.45716 53.77734 22.66747 8.0
45.0 20.0 45.0 35.08393 116.33388 28.5161 8.0
45.0 21.0 21.0 27.79182 77.96438 19.77522 1358.0
45.0 21.0 45.0 35.08393 116.33388 28.5161 1358.0
45.0 22.0 22.0 25.15475 80.10408 119.50643 1.0
45.0 22.0 45.0 35.08393 116.33388 28.5161 1.0
45.0 30.0 30.0 88.72537 139.84191 62.90952 692.0
45.0 30.0 45.0 35.08393 116.33388 28.5161 692.0
45.0 39.0 39.0 21.83439 50.14455 32.81459 90.0
45.0 39.0 45.0 35.08393 116.33388 28.5161 90.0
45.0 45.0 45.0 35.08393 116.33388 28.5161 9018.0
45.0 45.0 45.0 35.08393 116.33388 28.5161 9018.0
45.0 46.0 46.0 114.94997 130.47698 53.01786 50.0
45.0 46.0 45.0 35.08393 116.33388 28.5161 50.0
46.0 1.0 1.0 66.46611 89.52983 7.71629 108.0
46.0 1.0 46.0 114.94997 130.47698 53.01786 108.0
46.0 5.0 5.0 36.4055 130.17015 82.11397 10.0
46.0 5.0 46.0 114.94997 130.47698 53.01786 10.0
46.0 8.0 8.0 108.64914 85.19132 38.95302 784.0
46.0 8.0 46.0 114.94997 130.47698 53.01786 784.0
46.0 9.0 9.0 78.35813 140.10471 102.28975 5.0
46.0 9.0 46.0 114.94997 130.47698 53.01786 5.0
46.0 12.0 12.0 179.80467 86.48 84.91705 3.0
46.0 12.0 46.0 114.94997 130.47698 53.01786 3.0
46.0 14.0 14.0 128.49532 115.95644 40.42 2128.0
46.0 14.0 46.0 114.94997 130.47698 53.01786 2128.0
46.0 20.0 20.0 85.45716 53.77734 22.66747 2.0
46.0 20.0 46.0 114.94997 130.47698 53.01786 2.0
46.0 30.0 30.0 88.72537 139.84191 62.90952 2575.0
46.0 30.0 46.0 114.94997 130.47698 53.01786 2575.0
46.0 32.0 32.0 156.8513 89.22343 57.94258 244.0
46.0 32.0 46.0 114.94997 130.47698 53.01786 244.0
46.0 34.0 34.0 127.73335 111.25095 129.58389 25.0
46.0 34.0 46.0 114.94997 130.47698 53.01786 25.0
46.0 35.0 35.0 147.51445 121.30946 95.63509 898.0
46.0 35.0 46.0 114.94997 130.47698 53.01786 898.0
46.0 43.0 43.0 102.36503 137.45391 99.68599 165.0
46.0 43.0 46.0 114.94997 130.47698 53.01786 165.0
46.0 45.0 45.0 35.08393 116.33388 28.5161 33.0
46.0 45.0 46.0 114.94997 130.47698 53.01786 33.0
46.0 46.0 46.0 114.94997 130.47698 53.01786 4932.0
46.0 46.0 46.0 114.94997 130.47698 53.01786 4932.0
47.0 12.0 12.0 179.80467 86.48 84.91705 355.0
47.0 12.0 47.0 164.10215 62.59549 126.25876 355.0
47.0 15.0 15.0 144.81463 26.38669 64.49282 19.0
47.0 15.0 47.0 164.10215 62.59549 126.25876 19.0
47.0 17.0 17.0 123.04428 11.07962 94.71445 24.0
47.0 17.0 47.0 164.10215 62.59549 126.25876 24.0
47.0 18.0 18.0 159.46078 25.03658 93.64406 511.0
47.0 18.0 47.0 164.10215 62.59549 126.25876 511.0
47.0 23.0 23.0 173.49273 43.62315 76.44268 269.0
47.0 23.0 47.0 164.10215 62.59549 126.25876 269.0
47.0 24.0 24.0 107.81147 87.1712 149.12825 220.0
47.0 24.0 47.0 164.10215 62.59549 126.25876 220.0
47.0 25.0 25.0 182.7577 64.75336 100.72203 955.0
47.0 25.0 47.0 164.10215 62.59549 126.25876 955.0
47.0 26.0 26.0 131.80242 45.08085 139.20557 1517.0
47.0 26.0 47.0 164.10215 62.59549 126.25876 1517.0
47.0 29.0 29.0 122.69442 20.71023 121.41186 188.0
47.0 29.0 47.0 164.10215 62.59549 126.25876 188.0
47.0 32.0 32.0 156.8513 89.22343 57.94258 7.0
47.0 32.0 47.0 164.10215 62.59549 126.25876 7.0
47.0 33.0 33.0 97.66276 49.86898 149.23726 17.0
47.0 33.0 47.0 164.10215 62.59549 126.25876 17.0
47.0 34.0 34.0 127.73335 111.25095 129.58389 1039.0
47.0 34.0 47.0 164.10215 62.59549 126.25876 1039.0
47.0 35.0 35.0 147.51445 121.30946 95.63509 327.0
47.0 35.0 47.0 164.10215 62.59549 126.25876 327.0
47.0 37.0 37.0 79.98411 11.08915 113.83755 1.0
47.0 37.0 47.0 164.10215 62.59549 126.25876 1.0
47.0 38.0 38.0 88.59444 68.22212 152.64817 2.0
47.0 38.0 47.0 164.10215 62.59549 126.25876 2.0
47.0 47.0 47.0 164.10215 62.59549 126.25876 6243.0
47.0 47.0 47.0 164.10215 62.59549 126.25876 6243.0
