TargetArea SourceArea Area AvgPosX AvgPosY AvgPosZ SumWeights
0.0 0.0 0.0 55.08773 49.01478 142.01857 3670.0
0.0 0.0 0.0 55.08773 49.01478 142.01857 3670.0
0.0 2.0 2.0 27.45964 25.28202 87.85209 8.0
0.0 2.0 0.0 55.08773 49.01478 142.01857 8.0
0.0 4.0 4.0 72.10175 108.3496 139.71992 14.0
0.0 4.0 0.0 55.08773 49.01478 142.01857 14.0
0.0 5.0 5.0 36.22227 130.0675 82.16595 1.0
0.0 5.0 0.0 55.08773 49.01478 142.01857 1.0
0.0 16.0 16.0 37.07452 38.9808 124.61612 1344.0
0.0 16.0 0.0 55.08773 49.01478 142.01857 1344.0
0.0 22.0 22.0 25.09055 80.09313 119.4418 542.0
0.0 22.0 0.0 55.08773 49.01478 142.01857 542.0
0.0 24.0 24.0 107.86583 87.20157 149.1417 15.0
0.0 24.0 0.0 55.08773 49.01478 142.01857 15.0
0.0 27.0 27.0 18.69447 45.40926 103.73272 36.0
0.0 27.0 0.0 55.08773 49.01478 142.01857 36.0
0.0 28.0 28.0 84.06383 39.19474 143.25084 1127.0
0.0 28.0 0.0 55.08773 49.01478 142.01857 1127.0
0.0 29.0 29.0 122.70432 20.61995 121.23684 2.0
0.0 29.0 0.0 55.08773 49.01478 142.01857 2.0
0.0 33.0 33.0 97.3139 49.92201 149.23653 278.0
0.0 33.0 0.0 55.08773 49.01478 142.01857 278.0
0.0 36.0 36.0 51.13316 19.41618 119.54413 469.0
0.0 36.0 0.0 55.08773 49.01478 142.01857 469.0
0.0 37.0 37.0 80.10435 11.05886 113.79644 82.0
0.0 37.0 0.0 55.08773 49.01478 142.01857 82.0
0.0 38.0 38.0 88.68675 68.36683 152.62525 380.0
0.0 38.0 0.0 55.08773 49.01478 142.01857 380.0
0.0 41.0 41.0 59.73999 125.936 122.54525 2.0
0.0 41.0 0.0 55.08773 49.01478 142.01857 2.0
0.0 42.0 42.0 56.5807 85.2002 144.94363 903.0
0.0 42.0 0.0 55.08773 49.01478 142.01857 903.0
0.0 44.0 44.0 70.3562 22.73736 131.37891 549.0
0.0 44.0 0.0 55.08773 49.01478 142.01857 549.0
1.0 1.0 1.0 66.31529 89.34948 7.55061 10586.0
1.0 1.0 1.0 66.31529 89.34948 7.55061 10586.0
1.0 5.0 5.0 36.22227 130.0675 82.16595 21.0
1.0 5.0 1.0 66.31529 89.34948 7.55061 21.0
1.0 8.0 8.0 108.19794 85.90938 38.66804 1605.0
1.0 8.0 1.0 66.31529 89.34948 7.55061 1605.0
1.0 11.0 11.0 48.44549 14.15926 56.5091 27.0
1.0 11.0 1.0 66.31529 89.34948 7.55061 27.0
1.0 14.0 14.0 128.40605 116.01057 40.35176 46.0
1.0 14.0 1.0 66.31529 89.34948 7.55061 46.0
1.0 19.0 19.0 66.48853 15.66944 45.51757 24.0
1.0 19.0 1.0 66.31529 89.34948 7.55061 24.0
1.0 20.0 20.0 85.07268 53.69812 22.34244 2117.0
1.0 20.0 1.0 66.31529 89.34948 7.55061 2117.0
1.0 21.0 21.0 28.1749 78.04358 19.40766 1366.0
1.0 21.0 1.0 66.31529 89.34948 7.55061 1366.0
1.0 30.0 30.0 88.38643 139.90144 62.70784 349.0
1.0 30.0 1.0 66.31529 89.34948 7.55061 349.0
1.0 31.0 31.0 121.5698 39.04283 36.03816 2.0
1.0 31.0 1.0 66.31529 89.34948 7.55061 2.0
1.0 39.0 39.0 21.79309 50.13165 32.83199 262.0
1.0 39.0 1.0 66.31529 89.34948 7.55061 262.0
1.0 40.0 40.0 83.29641 23.51379 42.39237 12.0
1.0 40.0 1.0 66.31529 89.34948 7.55061 12.0
1.0 45.0 45.0 35.08065 116.36887 28.58478 1783.0
1.0 45.0 1.0 66.31529 89.34948 7.55061 1783.0
1.0 46.0 46.0 114.63099 130.31215 52.80654 139.0
1.0 46.0 1.0 66.31529 89.34948 7.55061 139.0
2.0 0.0 0.0 55.08773 49.01478 142.01857 7.0
2.0 0.0 2.0 27.45964 25.28202 87.85209 7.0
2.0 2.0 2.0 27.45964 25.28202 87.85209 6522.0
2.0 2.0 2.0 27.45964 25.28202 87.85209 6522.0
2.0 3.0 3.0 83.10123 3.82606 87.95843 284.0
2.0 3.0 2.0 27.45964 25.28202 87.85209 284.0
2.0 6.0 6.0 5.4651 84.81582 74.38865 435.0
2.0 6.0 2.0 27.45964 25.28202 87.85209 435.0
2.0 11.0 11.0 48.44549 14.15926 56.5091 1262.0
2.0 11.0 2.0 27.45964 25.28202 87.85209 1262.0
2.0 13.0 13.0 21.80853 31.13368 56.42612 1328.0
2.0 13.0 2.0 27.45964 25.28202 87.85209 1328.0
2.0 16.0 16.0 37.07452 38.9808 124.61612 723.0
2.0 16.0 2.0 27.45964 25.28202 87.85209 723.0
2.0 19.0 19.0 66.48853 15.66944 45.51757 14.0
2.0 19.0 2.0 27.45964 25.28202 87.85209 14.0
2.0 20.0 20.0 85.07268 53.69812 22.34244 1.0
2.0 20.0 2.0 27.45964 25.28202 87.85209 1.0
2.0 22.0 22.0 25.09055 80.09313 119.4418 78.0
2.0 22.0 2.0 27.45964 25.28202 87.85209 78.0
2.0 27.0 27.0 18.69447 45.40926 103.73272 1582.0
2.0 27.0 2.0 27.45964 25.28202 87.85209 1582.0
2.0 28.0 28.0 84.06383 39.19474 143.25084 1.0
2.0 28.0 2.0 27.45964 25.28202 87.85209 1.0
2.0 36.0 36.0 51.13316 19.41618 119.54413 543.0
2.0 36.0 2.0 27.45964 25.28202 87.85209 543.0
2.0 37.0 37.0 80.10435 11.05886 113.79644 425.0
2.0 37.0 2.0 27.45964 25.28202 87.85209 425.0
2.0 39.0 39.0 21.79309 50.13165 32.83199 143.0
2.0 39.0 2.0 27.45964 25.28202 87.85209 143.0
2.0 40.0 40.0 83.29641 23.51379 42.39237 1.0
2.0 40.0 2.0 27.45964 25.28202 87.85209 1.0
2.0 44.0 44.0 70.3562 22.73736 131.37891 29.0
2.0 44.0 2.0 27.45964 25.28202 87.85209 29.0
3.0 2.0 2.0 27.45964 25.28202 87.85209 285.0
3.0 2.0 3.0 83.10123 3.82606 87.95843 285.0
3.0 3.0 3.0 83.10123 3.82606 87.95843 6743.0
3.0 3.0 3.0 83.10123 3.82606 87.95843 6743.0
3.0 7.0 7.0 121.69337 13.44576 56.93174 205.0
3.0 7.0 3.0 83.10123 3.82606 87.95843 205.0
3.0 10.0 10.0 97.185 3.9554 61.13493 1562.0
3.0 10.0 3.0 83.10123 3.82606 87.95843 1562.0
3.0 11.0 11.0 48.44549 14.15926 56.5091 1028.0
3.0 11.0 3.0 83.10123 3.82606 87.95843 1028.0
3.0 13.0 13.0 21.80853 31.13368 56.42612 9.0
3.0 13.0 3.0 83.10123 3.82606 87.95843 9.0
3.0 15.0 15.0 145.01849 26.51209 64.61877 11.0
3.0 15.0 3.0 83.10123 3.82606 87.95843 11.0
3.0 16.0 16.0 37.07452 38.9808 124.61612 14.0
3.0 16.0 3.0 83.10123 3.82606 87.95843 14.0
3.0 17.0 17.0 122.86066 11.02328 94.61325 1140.0
3.0 17.0 3.0 83.10123 3.82606 87.95843 1140.0
3.0 18.0 18.0 159.27687 24.89363 93.85004 1.0
3.0 18.0 3.0 83.10123 3.82606 87.95843 1.0
3.0 19.0 19.0 66.48853 15.66944 45.51757 409.0
3.0 19.0 3.0 83.10123 3.82606 87.95843 409.0
3.0 26.0 26.0 132.04673 45.16769 139.15324 3.0
3.0 26.0 3.0 83.10123 3.82606 87.95843 3.0
3.0 28.0 28.0 84.06383 39.19474 143.25084 5.0
3.0 28.0 3.0 83.10123 3.82606 87.95843 5.0
3.0 29.0 29.0 122.70432 20.61995 121.23684 205.0
3.0 29.0 3.0 83.10123 3.82606 87.95843 205.0
3.0 31.0 31.0 121.5698 39.04283 36.03816 3.0
3.0 31.0 3.0 83.10123 3.82606 87.95843 3.0
3.0 36.0 36.0 51.13316 19.41618 119.54413 134.0
3.0 36.0 3.0 83.10123 3.82606 87.95843 134.0
3.0 37.0 37.0 80.10435 11.05886 113.79644 2458.0
3.0 37.0 3.0 83.10123 3.82606 87.95843 2458.0
3.0 40.0 40.0 83.29641 23.51379 42.39237 155.0
3.0 40.0 3.0 83.10123 3.82606 87.95843 155.0
3.0 44.0 44.0 70.3562 22.73736 131.37891 56.0
3.0 44.0 3.0 83.10123 3.82606 87.95843 56.0
4.0 0.0 0.0 55.08773 49.01478 142.01857 20.0
4.0 0.0 4.0 72.10175 108.3496 139.71992 20.0
4.0 4.0 4.0 72.10175 108.3496 139.71992 6367.0
4.0 4.0 4.0 72.10175 108.3496 139.71992 6367.0
4.0 5.0 5.0 36.22227 130.0675 82.16595 92.0
4.0 5.0 4.0 72.10175 108.3496 139.71992 92.0
4.0 6.0 6.0 5.4651 84.81582 74.38865 2.0
4.0 6.0 4.0 72.10175 108.3496 139.71992 2.0
4.0 9.0 9.0 78.4886 139.9877 102.51097 252.0
4.0 9.0 4.0 72.10175 108.3496 139.71992 252.0
4.0 16.0 16.0 37.07452 38.9808 124.61612 1.0
4.0 16.0 4.0 72.10175 108.3496 139.71992 1.0
4.0 22.0 22.0 25.09055 80.09313 119.4418 463.0
4.0 22.0 4.0 72.10175 108.3496 139.71992 463.0
4.0 24.0 24.0 107.86583 87.20157 149.1417 1472.0
4.0 24.0 4.0 72.10175 108.3496 139.71992 1472.0
4.0 28.0 28.0 84.06383 39.19474 143.25084 3.0
4.0 28.0 4.0 72.10175 108.3496 139.71992 3.0
4.0 33.0 33.0 97.3139 49.92201 149.23653 5.0
4.0 33.0 4.0 72.10175 108.3496 139.71992 5.0
4.0 34.0 34.0 127.77607 111.23564 129.59991 819.0
4.0 34.0 4.0 72.10175 108.3496 139.71992 819.0
4.0 35.0 35.0 147.74841 121.17779 95.62842 1.0
4.0 35.0 4.0 72.10175 108.3496 139.71992 1.0
4.0 38.0 38.0 88.68675 68.36683 152.62525 211.0
4.0 38.0 4.0 72.10175 108.3496 139.71992 211.0
4.0 41.0 41.0 59.73999 125.936 122.54525 2583.0
4.0 41.0 4.0 72.10175 108.3496 139.71992 2583.0
4.0 42.0 42.0 56.5807 85.2002 144.94363 2034.0
4.0 42.0 4.0 72.10175 108.3496 139.71992 2034.0
4.0 43.0 43.0 101.90709 137.64254 99.32238 74.0
4.0 43.0 4.0 72.10175 108.3496 139.71992 74.0
4.0 45.0 45.0 35.08065 116.36887 28.58478 1.0
4.0 45.0 4.0 72.10175 108.3496 139.71992 1.0
5.0 1.0 1.0 66.31529 89.34948 7.55061 17.0
5.0 1.0 5.0 36.22227 130.0675 82.16595 17.0
5.0 4.0 4.0 72.10175 108.3496 139.71992 88.0
5.0 4.0 5.0 36.22227 130.0675 82.16595 88.0
5.0 5.0 5.0 36.22227 130.0675 82.16595 20634.0
5.0 5.0 5.0 36.22227 130.0675 82.16595 20634.0
5.0 6.0 6.0 5.4651 84.81582 74.38865 1957.0
5.0 6.0 5.0 36.22227 130.0675 82.16595 1957.0
5.0 8.0 8.0 108.19794 85.90938 38.66804 6.0
5.0 8.0 5.0 36.22227 130.0675 82.16595 6.0
5.0 9.0 9.0 78.4886 139.9877 102.51097 1400.0
5.0 9.0 5.0 36.22227 130.0675 82.16595 1400.0
5.0 21.0 21.0 28.1749 78.04358 19.40766 15.0
5.0 21.0 5.0 36.22227 130.0675 82.16595 15.0
5.0 22.0 22.0 25.09055 80.09313 119.4418 1166.0
5.0 22.0 5.0 36.22227 130.0675 82.16595 1166.0
5.0 30.0 30.0 88.38643 139.90144 62.70784 1713.0
5.0 30.0 5.0 36.22227 130.0675 82.16595 1713.0
5.0 41.0 41.0 59.73999 125.936 122.54525 2242.0
5.0 41.0 5.0 36.22227 130.0675 82.16595 2242.0
5.0 42.0 42.0 56.5807 85.2002 144.94363 40.0
5.0 42.0 5.0 36.22227 130.0675 82.16595 40.0
5.0 43.0 43.0 101.90709 137.64254 99.32238 83.0
5.0 43.0 5.0 36.22227 130.0675 82.16595 83.0
5.0 45.0 45.0 35.08065 116.36887 28.58478 1893.0
5.0 45.0 5.0 36.22227 130.0675 82.16595 1893.0
5.0 46.0 46.0 114.63099 130.31215 52.80654 9.0
5.0 46.0 5.0 36.22227 130.0675 82.16595 9.0
6.0 2.0 2.0 27.45964 25.28202 87.85209 497.0
6.0 2.0 6.0 5.4651 84.81582 74.38865 497.0
6.0 4.0 4.0 72.10175 108.3496 139.71992 3.0
6.0 4.0 6.0 5.4651 84.81582 74.38865 3.0
6.0 5.0 5.0 36.22227 130.0675 82.16595 2029.0
6.0 5.0 6.0 5.4651 84.81582 74.38865 2029.0
6.0 6.0 6.0 5.4651 84.81582 74.38865 15102.0
6.0 6.0 6.0 5.4651 84.81582 74.38865 15102.0
6.0 11.0 11.0 48.44549 14.15926 56.5091 1.0
6.0 11.0 6.0 5.4651 84.81582 74.38865 1.0
6.0 13.0 13.0 21.80853 31.13368 56.42612 391.0
6.0 13.0 6.0 5.4651 84.81582 74.38865 391.0
6.0 16.0 16.0 37.07452 38.9808 124.61612 8.0
6.0 16.0 6.0 5.4651 84.81582 74.38865 8.0
6.0 21.0 21.0 28.1749 78.04358 19.40766 649.0
6.0 21.0 6.0 5.4651 84.81582 74.38865 649.0
6.0 22.0 22.0 25.09055 80.09313 119.4418 1989.0
6.0 22.0 6.0 5.4651 84.81582 74.38865 1989.0
6.0 27.0 27.0 18.69447 45.40926 103.73272 856.0
6.0 27.0 6.0 5.4651 84.81582 74.38865 856.0
6.0 39.0 39.0 21.79309 50.13165 32.83199 1259.0
6.0 39.0 6.0 5.4651 84.81582 74.38865 1259.0
6.0 41.0 41.0 59.73999 125.936 122.54525 20.0
6.0 41.0 6.0 5.4651 84.81582 74.38865 20.0
6.0 45.0 45.0 35.08065 116.36887 28.58478 916.0
6.0 45.0 6.0 5.4651 84.81582 74.38865 916.0
7.0 3.0 3.0 83.10123 3.82606 87.95843 204.0
7.0 3.0 7.0 121.69337 13.44576 56.93174 204.0
7.0 7.0 7.0 121.69337 13.44576 56.93174 3937.0
7.0 7.0 7.0 121.69337 13.44576 56.93174 3937.0
7.0 8.0 8.0 108.19794 85.90938 38.66804 7.0
7.0 8.0 7.0 121.69337 13.44576 56.93174 7.0
7.0 10.0 10.0 97.185 3.9554 61.13493 1416.0
7.0 10.0 7.0 121.69337 13.44576 56.93174 1416.0
7.0 15.0 15.0 145.01849 26.51209 64.61877 1464.0
7.0 15.0 7.0 121.69337 13.44576 56.93174 1464.0
7.0 17.0 17.0 122.86066 11.02328 94.61325 794.0
7.0 17.0 7.0 121.69337 13.44576 56.93174 794.0
7.0 18.0 18.0 159.27687 24.89363 93.85004 40.0
7.0 18.0 7.0 121.69337 13.44576 56.93174 40.0
7.0 19.0 19.0 66.48853 15.66944 45.51757 14.0
7.0 19.0 7.0 121.69337 13.44576 56.93174 14.0
7.0 20.0 20.0 85.07268 53.69812 22.34244 29.0
7.0 20.0 7.0 121.69337 13.44576 56.93174 29.0
7.0 23.0 23.0 173.45776 43.56179 76.80175 14.0
7.0 23.0 7.0 121.69337 13.44576 56.93174 14.0
7.0 29.0 29.0 122.70432 20.61995 121.23684 13.0
7.0 29.0 7.0 121.69337 13.44576 56.93174 13.0
7.0 31.0 31.0 121.5698 39.04283 36.03816 1450.0
7.0 31.0 7.0 121.69337 13.44576 56.93174 1450.0
7.0 32.0 32.0 156.94312 89.1099 57.94981 1.0
7.0 32.0 7.0 121.69337 13.44576 56.93174 1.0
7.0 37.0 37.0 80.10435 11.05886 113.79644 3.0
7.0 37.0 7.0 121.69337 13.44576 56.93174 3.0
7.0 40.0 40.0 83.29641 23.51379 42.39237 299.0
7.0 40.0 7.0 121.69337 13.44576 56.93174 299.0
8.0 1.0 1.0 66.31529 89.34948 7.55061 1434.0
8.0 1.0 8.0 108.19794 85.90938 38.66804 1434.0
8.0 4.0 4.0 72.10175 108.3496 139.71992 1.0
8.0 4.0 8.0 108.19794 85.90938 38.66804 1.0
8.0 5.0 5.0 36.22227 130.0675 82.16595 8.0
8.0 5.0 8.0 108.19794 85.90938 38.66804 8.0
8.0 7.0 7.0 121.69337 13.44576 56.93174 3.0
8.0 7.0 8.0 108.19794 85.90938 38.66804 3.0
8.0 8.0 8.0 108.19794 85.90938 38.66804 26890.0
8.0 8.0 8.0 108.19794 85.90938 38.66804 26890.0
8.0 12.0 12.0 179.79224 86.37988 84.78375 5.0
8.0 12.0 8.0 108.19794 85.90938 38.66804 5.0
8.0 13.0 13.0 21.80853 31.13368 56.42612 1.0
8.0 13.0 8.0 108.19794 85.90938 38.66804 1.0
8.0 14.0 14.0 128.40605 116.01057 40.35176 2544.0
8.0 14.0 8.0 108.19794 85.90938 38.66804 2544.0
8.0 15.0 15.0 145.01849 26.51209 64.61877 43.0
8.0 15.0 8.0 108.19794 85.90938 38.66804 43.0
8.0 20.0 20.0 85.07268 53.69812 22.34244 2898.0
8.0 20.0 8.0 108.19794 85.90938 38.66804 2898.0
8.0 23.0 23.0 173.45776 43.56179 76.80175 4.0
8.0 23.0 8.0 108.19794 85.90938 38.66804 4.0
8.0 24.0 24.0 107.86583 87.20157 149.1417 1.0
8.0 24.0 8.0 108.19794 85.90938 38.66804 1.0
8.0 30.0 30.0 88.38643 139.90144 62.70784 560.0
8.0 30.0 8.0 108.19794 85.90938 38.66804 560.0
8.0 31.0 31.0 121.5698 39.04283 36.03816 1720.0
8.0 31.0 8.0 108.19794 85.90938 38.66804 1720.0
8.0 32.0 32.0 156.94312 89.1099 57.94981 1375.0
8.0 32.0 8.0 108.19794 85.90938 38.66804 1375.0
8.0 35.0 35.0 147.74841 121.17779 95.62842 1.0
8.0 35.0 8.0 108.19794 85.90938 38.66804 1.0
8.0 40.0 40.0 83.29641 23.51379 42.39237 24.0
8.0 40.0 8.0 108.19794 85.90938 38.66804 24.0
8.0 41.0 41.0 59.73999 125.936 122.54525 1.0
8.0 41.0 8.0 108.19794 85.90938 38.66804 1.0
8.0 43.0 43.0 101.90709 137.64254 99.32238 1.0
8.0 43.0 8.0 108.19794 85.90938 38.66804 1.0
8.0 45.0 45.0 35.08065 116.36887 28.58478 83.0
8.0 45.0 8.0 108.19794 85.90938 38.66804 83.0
8.0 46.0 46.0 114.63099 130.31215 52.80654 998.0
8.0 46.0 8.0 108.19794 85.90938 38.66804 998.0
9.0 4.0 4.0 72.10175 108.3496 139.71992 291.0
9.0 4.0 9.0 78.4886 139.9877 102.51097 291.0
9.0 5.0 5.0 36.22227 130.0675 82.16595 1310.0
9.0 5.0 9.0 78.4886 139.9877 102.51097 1310.0
9.0 9.0 9.0 78.4886 139.9877 102.51097 4611.0
9.0 9.0 9.0 78.4886 139.9877 102.51097 4611.0
9.0 22.0 22.0 25.09055 80.09313 119.4418 2.0
9.0 22.0 9.0 78.4886 139.9877 102.51097 2.0
9.0 24.0 24.0 107.86583 87.20157 149.1417 22.0
9.0 24.0 9.0 78.4886 139.9877 102.51097 22.0
9.0 30.0 30.0 88.38643 139.90144 62.70784 1118.0
9.0 30.0 9.0 78.4886 139.9877 102.51097 1118.0
9.0 34.0 34.0 127.77607 111.23564 129.59991 570.0
9.0 34.0 9.0 78.4886 139.9877 102.51097 570.0
9.0 35.0 35.0 147.74841 121.17779 95.62842 14.0
9.0 35.0 9.0 78.4886 139.9877 102.51097 14.0
9.0 41.0 41.0 59.73999 125.936 122.54525 2040.0
9.0 41.0 9.0 78.4886 139.9877 102.51097 2040.0
9.0 43.0 43.0 101.90709 137.64254 99.32238 1954.0
9.0 43.0 9.0 78.4886 139.9877 102.51097 1954.0
9.0 45.0 45.0 35.08065 116.36887 28.58478 2.0
9.0 45.0 9.0 78.4886 139.9877 102.51097 2.0
9.0 46.0 46.0 114.63099 130.31215 52.80654 1.0
9.0 46.0 9.0 78.4886 139.9877 102.51097 1.0
10.0 2.0 2.0 27.45964 25.28202 87.85209 2.0
10.0 2.0 10.0 97.185 3.9554 61.13493 2.0
10.0 3.0 3.0 83.10123 3.82606 87.95843 1476.0
10.0 3.0 10.0 97.185 3.9554 61.13493 1476.0
10.0 7.0 7.0 121.69337 13.44576 56.93174 1455.0
10.0 7.0 10.0 97.185 3.9554 61.13493 1455.0
10.0 10.0 10.0 97.185 3.9554 61.13493 3963.0
10.0 10.0 10.0 97.185 3.9554 61.13493 3963.0
10.0 11.0 11.0 48.44549 14.15926 56.5091 173.0
10.0 11.0 10.0 97.185 3.9554 61.13493 173.0
10.0 15.0 15.0 145.01849 26.51209 64.61877 83.0
10.0 15.0 10.0 97.185 3.9554 61.13493 83.0
10.0 17.0 17.0 122.86066 11.02328 94.61325 441.0
10.0 17.0 10.0 97.185 3.9554 61.13493 441.0
10.0 18.0 18.0 159.27687 24.89363 93.85004 2.0
10.0 18.0 10.0 97.185 3.9554 61.13493 2.0
10.0 19.0 19.0 66.48853 15.66944 45.51757 545.0
10.0 19.0 10.0 97.185 3.9554 61.13493 545.0
10.0 20.0 20.0 85.07268 53.69812 22.34244 30.0
10.0 20.0 10.0 97.185 3.9554 61.13493 30.0
10.0 29.0 29.0 122.70432 20.61995 121.23684 5.0
10.0 29.0 10.0 97.185 3.9554 61.13493 5.0
10.0 31.0 31.0 121.5698 39.04283 36.03816 371.0
10.0 31.0 10.0 97.185 3.9554 61.13493 371.0
10.0 37.0 37.0 80.10435 11.05886 113.79644 53.0
10.0 37.0 10.0 97.185 3.9554 61.13493 53.0
10.0 40.0 40.0 83.29641 23.51379 42.39237 1179.0
10.0 40.0 10.0 97.185 3.9554 61.13493 1179.0
11.0 1.0 1.0 66.31529 89.34948 7.55061 24.0
11.0 1.0 11.0 48.44549 14.15926 56.5091 24.0
11.0 2.0 2.0 27.45964 25.28202 87.85209 1309.0
11.0 2.0 11.0 48.44549 14.15926 56.5091 1309.0
11.0 3.0 3.0 83.10123 3.82606 87.95843 1083.0
11.0 3.0 11.0 48.44549 14.15926 56.5091 1083.0
11.0 6.0 6.0 5.4651 84.81582 74.38865 2.0
11.0 6.0 11.0 48.44549 14.15926 56.5091 2.0
11.0 8.0 8.0 108.19794 85.90938 38.66804 1.0
11.0 8.0 11.0 48.44549 14.15926 56.5091 1.0
11.0 10.0 10.0 97.185 3.9554 61.13493 188.0
11.0 10.0 11.0 48.44549 14.15926 56.5091 188.0
11.0 11.0 11.0 48.44549 14.15926 56.5091 7765.0
11.0 11.0 11.0 48.44549 14.15926 56.5091 7765.0
11.0 13.0 13.0 21.80853 31.13368 56.42612 1407.0
11.0 13.0 11.0 48.44549 14.15926 56.5091 1407.0
11.0 16.0 16.0 37.07452 38.9808 124.61612 11.0
11.0 16.0 11.0 48.44549 14.15926 56.5091 11.0
11.0 19.0 19.0 66.48853 15.66944 45.51757 2001.0
11.0 19.0 11.0 48.44549 14.15926 56.5091 2001.0
11.0 20.0 20.0 85.07268 53.69812 22.34244 273.0
11.0 20.0 11.0 48.44549 14.15926 56.5091 273.0
11.0 21.0 21.0 28.1749 78.04358 19.40766 31.0
11.0 21.0 11.0 48.44549 14.15926 56.5091 31.0
11.0 27.0 27.0 18.69447 45.40926 103.73272 12.0
11.0 27.0 11.0 48.44549 14.15926 56.5091 12.0
11.0 31.0 31.0 121.5698 39.04283 36.03816 2.0
11.0 31.0 11.0 48.44549 14.15926 56.5091 2.0
11.0 36.0 36.0 51.13316 19.41618 119.54413 66.0
11.0 36.0 11.0 48.44549 14.15926 56.5091 66.0
11.0 37.0 37.0 80.10435 11.05886 113.79644 250.0
11.0 37.0 11.0 48.44549 14.15926 56.5091 250.0
11.0 39.0 39.0 21.79309 50.13165 32.83199 810.0
11.0 39.0 11.0 48.44549 14.15926 56.5091 810.0
11.0 40.0 40.0 83.29641 23.51379 42.39237 551.0
11.0 40.0 11.0 48.44549 14.15926 56.5091 551.0
11.0 44.0 44.0 70.3562 22.73736 131.37891 2.0
11.0 44.0 11.0 48.44549 14.15926 56.5091 2.0
12.0 8.0 8.0 108.19794 85.90938 38.66804 2.0
12.0 8.0 12.0 179.79224 86.37988 84.78375 2.0
12.0 12.0 12.0 179.79224 86.37988 84.78375 5540.0
12.0 12.0 12.0 179.79224 86.37988 84.78375 5540.0
12.0 14.0 14.0 128.40605 116.01057 40.35176 4.0
12.0 14.0 12.0 179.79224 86.37988 84.78375 4.0
12.0 15.0 15.0 145.01849 26.51209 64.61877 32.0
12.0 15.0 12.0 179.79224 86.37988 84.78375 32.0
12.0 18.0 18.0 159.27687 24.89363 93.85004 15.0
12.0 18.0 12.0 179.79224 86.37988 84.78375 15.0
12.0 23.0 23.0 173.45776 43.56179 76.80175 560.0
12.0 23.0 12.0 179.79224 86.37988 84.78375 560.0
12.0 25.0 25.0 182.81311 64.21204 100.4241 1096.0
12.0 25.0 12.0 179.79224 86.37988 84.78375 1096.0
12.0 31.0 31.0 121.5698 39.04283 36.03816 8.0
12.0 31.0 12.0 179.79224 86.37988 84.78375 8.0
12.0 32.0 32.0 156.94312 89.1099 57.94981 1691.0
12.0 32.0 12.0 179.79224 86.37988 84.78375 1691.0
12.0 34.0 34.0 127.77607 111.23564 129.59991 89.0
12.0 34.0 12.0 179.79224 86.37988 84.78375 89.0
12.0 35.0 35.0 147.74841 121.17779 95.62842 1203.0
12.0 35.0 12.0 179.79224 86.37988 84.78375 1203.0
12.0 46.0 46.0 114.63099 130.31215 52.80654 3.0
12.0 46.0 12.0 179.79224 86.37988 84.78375 3.0
12.0 47.0 47.0 164.16668 62.70257 126.16064 410.0
12.0 47.0 12.0 179.79224 86.37988 84.78375 410.0
13.0 2.0 2.0 27.45964 25.28202 87.85209 1308.0
13.0 2.0 13.0 21.80853 31.13368 56.42612 1308.0
13.0 3.0 3.0 83.10123 3.82606 87.95843 3.0
13.0 3.0 13.0 21.80853 31.13368 56.42612 3.0
13.0 6.0 6.0 5.4651 84.81582 74.38865 392.0
13.0 6.0 13.0 21.80853 31.13368 56.42612 392.0
13.0 11.0 11.0 48.44549 14.15926 56.5091 1559.0
13.0 11.0 13.0 21.80853 31.13368 56.42612 1559.0
13.0 13.0 13.0 21.80853 31.13368 56.42612 3613.0
13.0 13.0 13.0 21.80853 31.13368 56.42612 3613.0
13.0 19.0 19.0 66.48853 15.66944 45.51757 83.0
13.0 19.0 13.0 21.80853 31.13368 56.42612 83.0
13.0 20.0 20.0 85.07268 53.69812 22.34244 11.0
13.0 20.0 13.0 21.80853 31.13368 56.42612 11.0
13.0 21.0 21.0 28.1749 78.04358 19.40766 9.0
13.0 21.0 13.0 21.80853 31.13368 56.42612 9.0
13.0 22.0 22.0 25.09055 80.09313 119.4418 4.0
13.0 22.0 13.0 21.80853 31.13368 56.42612 4.0
13.0 27.0 27.0 18.69447 45.40926 103.73272 109.0
13.0 27.0 13.0 21.80853 31.13368 56.42612 109.0
13.0 36.0 36.0 51.13316 19.41618 119.54413 2.0
13.0 36.0 13.0 21.80853 31.13368 56.42612 2.0
13.0 37.0 37.0 80.10435 11.05886 113.79644 2.0
13.0 37.0 13.0 21.80853 31.13368 56.42612 2.0
13.0 39.0 39.0 21.79309 50.13165 32.83199 1722.0
13.0 39.0 13.0 21.80853 31.13368 56.42612 1722.0
13.0 40.0 40.0 83.29641 23.51379 42.39237 5.0
13.0 40.0 13.0 21.80853 31.13368 56.42612 5.0
14.0 1.0 1.0 66.31529 89.34948 7.55061 47.0
14.0 1.0 14.0 128.40605 116.01057 40.35176 47.0
14.0 8.0 8.0 108.19794 85.90938 38.66804 2618.0
14.0 8.0 14.0 128.40605 116.01057 40.35176 2618.0
14.0 12.0 12.0 179.79224 86.37988 84.78375 5.0
14.0 12.0 14.0 128.40605 116.01057 40.35176 5.0
14.0 14.0 14.0 128.40605 116.01057 40.35176 6809.0
14.0 14.0 14.0 128.40605 116.01057 40.35176 6809.0
14.0 20.0 20.0 85.07268 53.69812 22.34244 10.0
14.0 20.0 14.0 128.40605 116.01057 40.35176 10.0
14.0 30.0 30.0 88.38643 139.90144 62.70784 201.0
14.0 30.0 14.0 128.40605 116.01057 40.35176 201.0
14.0 31.0 31.0 121.5698 39.04283 36.03816 7.0
14.0 31.0 14.0 128.40605 116.01057 40.35176 7.0
14.0 32.0 32.0 156.94312 89.1099 57.94981 1352.0
14.0 32.0 14.0 128.40605 116.01057 40.35176 1352.0
14.0 35.0 35.0 147.74841 121.17779 95.62842 320.0
14.0 35.0 14.0 128.40605 116.01057 40.35176 320.0
14.0 43.0 43.0 101.90709 137.64254 99.32238 3.0
14.0 43.0 14.0 128.40605 116.01057 40.35176 3.0
14.0 46.0 46.0 114.63099 130.31215 52.80654 2750.0
14.0 46.0 14.0 128.40605 116.01057 40.35176 2750.0
15.0 3.0 3.0 83.10123 3.82606 87.95843 17.0
15.0 3.0 15.0 145.01849 26.51209 64.61877 17.0
15.0 7.0 7.0 121.69337 13.44576 56.93174 1458.0
15.0 7.0 15.0 145.01849 26.51209 64.61877 1458.0
15.0 8.0 8.0 108.19794 85.90938 38.66804 74.0
15.0 8.0 15.0 145.01849 26.51209 64.61877 74.0
15.0 10.0 10.0 97.185 3.9554 61.13493 80.0
15.0 10.0 15.0 145.01849 26.51209 64.61877 80.0
15.0 12.0 12.0 179.79224 86.37988 84.78375 33.0
15.0 12.0 15.0 145.01849 26.51209 64.61877 33.0
15.0 15.0 15.0 145.01849 26.51209 64.61877 4793.0
15.0 15.0 15.0 145.01849 26.51209 64.61877 4793.0
15.0 17.0 17.0 122.86066 11.02328 94.61325 868.0
15.0 17.0 15.0 145.01849 26.51209 64.61877 868.0
15.0 18.0 18.0 159.27687 24.89363 93.85004 970.0
15.0 18.0 15.0 145.01849 26.51209 64.61877 970.0
15.0 20.0 20.0 85.07268 53.69812 22.34244 1.0
15.0 20.0 15.0 145.01849 26.51209 64.61877 1.0
15.0 23.0 23.0 173.45776 43.56179 76.80175 720.0
15.0 23.0 15.0 145.01849 26.51209 64.61877 720.0
15.0 25.0 25.0 182.81311 64.21204 100.4241 4.0
15.0 25.0 15.0 145.01849 26.51209 64.61877 4.0
15.0 26.0 26.0 132.04673 45.16769 139.15324 7.0
15.0 26.0 15.0 145.01849 26.51209 64.61877 7.0
15.0 29.0 29.0 122.70432 20.61995 121.23684 51.0
15.0 29.0 15.0 145.01849 26.51209 64.61877 51.0
15.0 31.0 31.0 121.5698 39.04283 36.03816 1319.0
15.0 31.0 15.0 145.01849 26.51209 64.61877 1319.0
15.0 32.0 32.0 156.94312 89.1099 57.94981 326.0
15.0 32.0 15.0 145.01849 26.51209 64.61877 326.0
15.0 37.0 37.0 80.10435 11.05886 113.79644 3.0
15.0 37.0 15.0 145.01849 26.51209 64.61877 3.0
15.0 40.0 40.0 83.29641 23.51379 42.39237 4.0
15.0 40.0 15.0 145.01849 26.51209 64.61877 4.0
15.0 47.0 47.0 164.16668 62.70257 126.16064 10.0
15.0 47.0 15.0 145.01849 26.51209 64.61877 10.0
16.0 0.0 0.0 55.08773 49.01478 142.01857 1355.0
16.0 0.0 16.0 37.07452 38.9808 124.61612 1355.0
16.0 2.0 2.0 27.45964 25.28202 87.85209 718.0
16.0 2.0 16.0 37.07452 38.9808 124.61612 718.0
16.0 3.0 3.0 83.10123 3.82606 87.95843 20.0
16.0 3.0 16.0 37.07452 38.9808 124.61612 20.0
16.0 4.0 4.0 72.10175 108.3496 139.71992 2.0
16.0 4.0 16.0 37.07452 38.9808 124.61612 2.0
16.0 6.0 6.0 5.4651 84.81582 74.38865 6.0
16.0 6.0 16.0 37.07452 38.9808 124.61612 6.0
16.0 11.0 11.0 48.44549 14.15926 56.5091 17.0
16.0 11.0 16.0 37.07452 38.9808 124.61612 17.0
16.0 13.0 13.0 21.80853 31.13368 56.42612 1.0
16.0 13.0 16.0 37.07452 38.9808 124.61612 1.0
16.0 16.0 16.0 37.07452 38.9808 124.61612 4035.0
16.0 16.0 16.0 37.07452 38.9808 124.61612 4035.0
16.0 22.0 22.0 25.09055 80.09313 119.4418 1186.0
16.0 22.0 16.0 37.07452 38.9808 124.61612 1186.0
16.0 23.0 23.0 173.45776 43.56179 76.80175 1.0
16.0 23.0 16.0 37.07452 38.9808 124.61612 1.0
16.0 26.0 26.0 132.04673 45.16769 139.15324 1.0
16.0 26.0 16.0 37.07452 38.9808 124.61612 1.0
16.0 27.0 27.0 18.69447 45.40926 103.73272 1075.0
16.0 27.0 16.0 37.07452 38.9808 124.61612 1075.0
16.0 28.0 28.0 84.06383 39.19474 143.25084 54.0
16.0 28.0 16.0 37.07452 38.9808 124.61612 54.0
16.0 33.0 33.0 97.3139 49.92201 149.23653 4.0
16.0 33.0 16.0 37.07452 38.9808 124.61612 4.0
16.0 36.0 36.0 51.13316 19.41618 119.54413 997.0
16.0 36.0 16.0 37.07452 38.9808 124.61612 997.0
16.0 37.0 37.0 80.10435 11.05886 113.79644 165.0
16.0 37.0 16.0 37.07452 38.9808 124.61612 165.0
16.0 38.0 38.0 88.68675 68.36683 152.62525 11.0
16.0 38.0 16.0 37.07452 38.9808 124.61612 11.0
16.0 42.0 42.0 56.5807 85.2002 144.94363 172.0
16.0 42.0 16.0 37.07452 38.9808 124.61612 172.0
16.0 44.0 44.0 70.3562 22.73736 131.37891 230.0
16.0 44.0 16.0 37.07452 38.9808 124.61612 230.0
17.0 3.0 3.0 83.10123 3.82606 87.95843 1180.0
17.0 3.0 17.0 122.86066 11.02328 94.61325 1180.0
17.0 7.0 7.0 121.69337 13.44576 56.93174 792.0
17.0 7.0 17.0 122.86066 11.02328 94.61325 792.0
17.0 10.0 10.0 97.185 3.9554 61.13493 445.0
17.0 10.0 17.0 122.86066 11.02328 94.61325 445.0
17.0 15.0 15.0 145.01849 26.51209 64.61877 886.0
17.0 15.0 17.0 122.86066 11.02328 94.61325 886.0
17.0 17.0 17.0 122.86066 11.02328 94.61325 4884.0
17.0 17.0 17.0 122.86066 11.02328 94.61325 4884.0
17.0 18.0 18.0 159.27687 24.89363 93.85004 568.0
17.0 18.0 17.0 122.86066 11.02328 94.61325 568.0
17.0 19.0 19.0 66.48853 15.66944 45.51757 1.0
17.0 19.0 17.0 122.86066 11.02328 94.61325 1.0
17.0 23.0 23.0 173.45776 43.56179 76.80175 8.0
17.0 23.0 17.0 122.86066 11.02328 94.61325 8.0
17.0 26.0 26.0 132.04673 45.16769 139.15324 67.0
17.0 26.0 17.0 122.86066 11.02328 94.61325 67.0
17.0 28.0 28.0 84.06383 39.19474 143.25084 10.0
17.0 28.0 17.0 122.86066 11.02328 94.61325 10.0
17.0 29.0 29.0 122.70432 20.61995 121.23684 1457.0
17.0 29.0 17.0 122.86066 11.02328 94.61325 1457.0
17.0 31.0 31.0 121.5698 39.04283 36.03816 6.0
17.0 31.0 17.0 122.86066 11.02328 94.61325 6.0
17.0 33.0 33.0 97.3139 49.92201 149.23653 2.0
17.0 33.0 17.0 122.86066 11.02328 94.61325 2.0
17.0 37.0 37.0 80.10435 11.05886 113.79644 467.0
17.0 37.0 17.0 122.86066 11.02328 94.61325 467.0
17.0 40.0 40.0 83.29641 23.51379 42.39237 2.0
17.0 40.0 17.0 122.86066 11.02328 94.61325 2.0
17.0 44.0 44.0 70.3562 22.73736 131.37891 4.0
17.0 44.0 17.0 122.86066 11.02328 94.61325 4.0
17.0 45.0 45.0 35.08065 116.36887 28.58478 1.0
17.0 45.0 17.0 122.86066 11.02328 94.61325 1.0
17.0 47.0 47.0 164.16668 62.70257 126.16064 22.0
17.0 47.0 17.0 122.86066 11.02328 94.61325 22.0
18.0 3.0 3.0 83.10123 3.82606 87.95843 1.0
18.0 3.0 18.0 159.27687 24.89363 93.85004 1.0
18.0 7.0 7.0 121.69337 13.44576 56.93174 38.0
18.0 7.0 18.0 159.27687 24.89363 93.85004 38.0
18.0 10.0 10.0 97.185 3.9554 61.13493 1.0
18.0 10.0 18.0 159.27687 24.89363 93.85004 1.0
18.0 12.0 12.0 179.79224 86.37988 84.78375 11.0
18.0 12.0 18.0 159.27687 24.89363 93.85004 11.0
18.0 15.0 15.0 145.01849 26.51209 64.61877 1067.0
18.0 15.0 18.0 159.27687 24.89363 93.85004 1067.0
18.0 17.0 17.0 122.86066 11.02328 94.61325 612.0
18.0 17.0 18.0 159.27687 24.89363 93.85004 612.0
18.0 18.0 18.0 159.27687 24.89363 93.85004 3012.0
18.0 18.0 18.0 159.27687 24.89363 93.85004 3012.0
18.0 23.0 23.0 173.45776 43.56179 76.80175 940.0
18.0 23.0 18.0 159.27687 24.89363 93.85004 940.0
18.0 25.0 25.0 182.81311 64.21204 100.4241 110.0
18.0 25.0 18.0 159.27687 24.89363 93.85004 110.0
18.0 26.0 26.0 132.04673 45.16769 139.15324 234.0
18.0 26.0 18.0 159.27687 24.89363 93.85004 234.0
18.0 29.0 29.0 122.70432 20.61995 121.23684 521.0
18.0 29.0 18.0 159.27687 24.89363 93.85004 521.0
18.0 31.0 31.0 121.5698 39.04283 36.03816 10.0
18.0 31.0 18.0 159.27687 24.89363 93.85004 10.0
18.0 32.0 32.0 156.94312 89.1099 57.94981 7.0
18.0 32.0 18.0 159.27687 24.89363 93.85004 7.0
18.0 37.0 37.0 80.10435 11.05886 113.79644 1.0
18.0 37.0 18.0 159.27687 24.89363 93.85004 1.0
18.0 47.0 47.0 164.16668 62.70257 126.16064 603.0
18.0 47.0 18.0 159.27687 24.89363 93.85004 603.0
19.0 1.0 1.0 66.31529 89.34948 7.55061 24.0
19.0 1.0 19.0 66.48853 15.66944 45.51757 24.0
19.0 2.0 2.0 27.45964 25.28202 87.85209 15.0
19.0 2.0 19.0 66.48853 15.66944 45.51757 15.0
19.0 3.0 3.0 83.10123 3.82606 87.95843 460.0
19.0 3.0 19.0 66.48853 15.66944 45.51757 460.0
19.0 7.0 7.0 121.69337 13.44576 56.93174 10.0
19.0 7.0 19.0 66.48853 15.66944 45.51757 10.0
19.0 8.0 8.0 108.19794 85.90938 38.66804 1.0
19.0 8.0 19.0 66.48853 15.66944 45.51757 1.0
19.0 10.0 10.0 97.185 3.9554 61.13493 543.0
19.0 10.0 19.0 66.48853 15.66944 45.51757 543.0
19.0 11.0 11.0 48.44549 14.15926 56.5091 1780.0
19.0 11.0 19.0 66.48853 15.66944 45.51757 1780.0
19.0 13.0 13.0 21.80853 31.13368 56.42612 62.0
19.0 13.0 19.0 66.48853 15.66944 45.51757 62.0
19.0 17.0 17.0 122.86066 11.02328 94.61325 1.0
19.0 17.0 19.0 66.48853 15.66944 45.51757 1.0
19.0 19.0 19.0 66.48853 15.66944 45.51757 1995.0
19.0 19.0 19.0 66.48853 15.66944 45.51757 1995.0
19.0 20.0 20.0 85.07268 53.69812 22.34244 545.0
19.0 20.0 19.0 66.48853 15.66944 45.51757 545.0
19.0 21.0 21.0 28.1749 78.04358 19.40766 17.0
19.0 21.0 19.0 66.48853 15.66944 45.51757 17.0
19.0 31.0 31.0 121.5698 39.04283 36.03816 35.0
19.0 31.0 19.0 66.48853 15.66944 45.51757 35.0
19.0 37.0 37.0 80.10435 11.05886 113.79644 21.0
19.0 37.0 19.0 66.48853 15.66944 45.51757 21.0
19.0 39.0 39.0 21.79309 50.13165 32.83199 214.0
19.0 39.0 19.0 66.48853 15.66944 45.51757 214.0
19.0 40.0 40.0 83.29641 23.51379 42.39237 1518.0
19.0 40.0 19.0 66.48853 15.66944 45.51757 1518.0
20.0 1.0 1.0 66.31529 89.34948 7.55061 1933.0
20.0 1.0 20.0 85.07268 53.69812 22.34244 1933.0
20.0 7.0 7.0 121.69337 13.44576 56.93174 10.0
20.0 7.0 20.0 85.07268 53.69812 22.34244 10.0
20.0 8.0 8.0 108.19794 85.90938 38.66804 3063.0
20.0 8.0 20.0 85.07268 53.69812 22.34244 3063.0
20.0 10.0 10.0 97.185 3.9554 61.13493 22.0
20.0 10.0 20.0 85.07268 53.69812 22.34244 22.0
20.0 11.0 11.0 48.44549 14.15926 56.5091 244.0
20.0 11.0 20.0 85.07268 53.69812 22.34244 244.0
20.0 12.0 12.0 179.79224 86.37988 84.78375 1.0
20.0 12.0 20.0 85.07268 53.69812 22.34244 1.0
20.0 13.0 13.0 21.80853 31.13368 56.42612 10.0
20.0 13.0 20.0 85.07268 53.69812 22.34244 10.0
20.0 14.0 14.0 128.40605 116.01057 40.35176 4.0
20.0 14.0 20.0 85.07268 53.69812 22.34244 4.0
20.0 19.0 19.0 66.48853 15.66944 45.51757 497.0
20.0 19.0 20.0 85.07268 53.69812 22.34244 497.0
20.0 20.0 20.0 85.07268 53.69812 22.34244 11828.0
20.0 20.0 20.0 85.07268 53.69812 22.34244 11828.0
20.0 21.0 21.0 28.1749 78.04358 19.40766 256.0
20.0 21.0 20.0 85.07268 53.69812 22.34244 256.0
20.0 31.0 31.0 121.5698 39.04283 36.03816 1977.0
20.0 31.0 20.0 85.07268 53.69812 22.34244 1977.0
20.0 32.0 32.0 156.94312 89.1099 57.94981 3.0
20.0 32.0 20.0 85.07268 53.69812 22.34244 3.0
20.0 39.0 39.0 21.79309 50.13165 32.83199 493.0
20.0 39.0 20.0 85.07268 53.69812 22.34244 493.0
20.0 40.0 40.0 83.29641 23.51379 42.39237 1581.0
20.0 40.0 20.0 85.07268 53.69812 22.34244 1581.0
20.0 45.0 45.0 35.08065 116.36887 28.58478 2.0
20.0 45.0 20.0 85.07268 53.69812 22.34244 2.0
21.0 1.0 1.0 66.31529 89.34948 7.55061 1458.0
21.0 1.0 21.0 28.1749 78.04358 19.40766 1458.0
21.0 5.0 5.0 36.22227 130.0675 82.16595 7.0
21.0 5.0 21.0 28.1749 78.04358 19.40766 7.0
21.0 6.0 6.0 5.4651 84.81582 74.38865 623.0
21.0 6.0 21.0 28.1749 78.04358 19.40766 623.0
21.0 8.0 8.0 108.19794 85.90938 38.66804 2.0
21.0 8.0 21.0 28.1749 78.04358 19.40766 2.0
21.0 11.0 11.0 48.44549 14.15926 56.5091 34.0
21.0 11.0 21.0 28.1749 78.04358 19.40766 34.0
21.0 12.0 12.0 179.79224 86.37988 84.78375 1.0
21.0 12.0 21.0 28.1749 78.04358 19.40766 1.0
21.0 13.0 13.0 21.80853 31.13368 56.42612 12.0
21.0 13.0 21.0 28.1749 78.04358 19.40766 12.0
21.0 19.0 19.0 66.48853 15.66944 45.51757 10.0
21.0 19.0 21.0 28.1749 78.04358 19.40766 10.0
21.0 20.0 20.0 85.07268 53.69812 22.34244 259.0
21.0 20.0 21.0 28.1749 78.04358 19.40766 259.0
21.0 21.0 21.0 28.1749 78.04358 19.40766 5972.0
21.0 21.0 21.0 28.1749 78.04358 19.40766 5972.0
21.0 39.0 39.0 21.79309 50.13165 32.83199 2145.0
21.0 39.0 21.0 28.1749 78.04358 19.40766 2145.0
21.0 40.0 40.0 83.29641 23.51379 42.39237 2.0
21.0 40.0 21.0 28.1749 78.04358 19.40766 2.0
21.0 45.0 45.0 35.08065 116.36887 28.58478 1857.0
21.0 45.0 21.0 28.1749 78.04358 19.40766 1857.0
22.0 0.0 0.0 55.08773 49.01478 142.01857 622.0
22.0 0.0 22.0 25.09055 80.09313 119.4418 622.0
22.0 2.0 2.0 27.45964 25.28202 87.85209 73.0
22.0 2.0 22.0 25.09055 80.09313 119.4418 73.0
22.0 4.0 4.0 72.10175 108.3496 139.71992 462.0
22.0 4.0 22.0 25.09055 80.09313 119.4418 462.0
22.0 5.0 5.0 36.22227 130.0675 82.16595 1171.0
22.0 5.0 22.0 25.09055 80.09313 119.4418 1171.0
22.0 6.0 6.0 5.4651 84.81582 74.38865 1831.0
22.0 6.0 22.0 25.09055 80.09313 119.4418 1831.0
22.0 13.0 13.0 21.80853 31.13368 56.42612 5.0
22.0 13.0 22.0 25.09055 80.09313 119.4418 5.0
22.0 16.0 16.0 37.07452 38.9808 124.61612 1149.0
22.0 16.0 22.0 25.09055 80.09313 119.4418 1149.0
22.0 22.0 22.0 25.09055 80.09313 119.4418 13100.0
22.0 22.0 22.0 25.09055 80.09313 119.4418 13100.0
22.0 27.0 27.0 18.69447 45.40926 103.73272 1288.0
22.0 27.0 22.0 25.09055 80.09313 119.4418 1288.0
22.0 28.0 28.0 84.06383 39.19474 143.25084 21.0
22.0 28.0 22.0 25.09055 80.09313 119.4418 21.0
22.0 33.0 33.0 97.3139 49.92201 149.23653 2.0
22.0 33.0 22.0 25.09055 80.09313 119.4418 2.0
22.0 36.0 36.0 51.13316 19.41618 119.54413 16.0
22.0 36.0 22.0 25.09055 80.09313 119.4418 16.0
22.0 37.0 37.0 80.10435 11.05886 113.79644 1.0
22.0 37.0 22.0 25.09055 80.09313 119.4418 1.0
22.0 38.0 38.0 88.68675 68.36683 152.62525 26.0
22.0 38.0 22.0 25.09055 80.09313 119.4418 26.0
22.0 41.0 41.0 59.73999 125.936 122.54525 720.0
22.0 41.0 22.0 25.09055 80.09313 119.4418 720.0
22.0 42.0 42.0 56.5807 85.2002 144.94363 1667.0
22.0 42.0 22.0 25.09055 80.09313 119.4418 1667.0
22.0 44.0 44.0 70.3562 22.73736 131.37891 1.0
22.0 44.0 22.0 25.09055 80.09313 119.4418 1.0
23.0 7.0 7.0 121.69337 13.44576 56.93174 16.0
23.0 7.0 23.0 173.45776 43.56179 76.80175 16.0
23.0 8.0 8.0 108.19794 85.90938 38.66804 8.0
23.0 8.0 23.0 173.45776 43.56179 76.80175 8.0
23.0 12.0 12.0 179.79224 86.37988 84.78375 563.0
23.0 12.0 23.0 173.45776 43.56179 76.80175 563.0
23.0 15.0 15.0 145.01849 26.51209 64.61877 766.0
23.0 15.0 23.0 173.45776 43.56179 76.80175 766.0
23.0 17.0 17.0 122.86066 11.02328 94.61325 11.0
23.0 17.0 23.0 173.45776 43.56179 76.80175 11.0
23.0 18.0 18.0 159.27687 24.89363 93.85004 1021.0
23.0 18.0 23.0 173.45776 43.56179 76.80175 1021.0
23.0 23.0 23.0 173.45776 43.56179 76.80175 3086.0
23.0 23.0 23.0 173.45776 43.56179 76.80175 3086.0
23.0 25.0 25.0 182.81311 64.21204 100.4241 721.0
23.0 25.0 23.0 173.45776 43.56179 76.80175 721.0
23.0 26.0 26.0 132.04673 45.16769 139.15324 9.0
23.0 26.0 23.0 173.45776 43.56179 76.80175 9.0
23.0 29.0 29.0 122.70432 20.61995 121.23684 10.0
23.0 29.0 23.0 173.45776 43.56179 76.80175 10.0
23.0 31.0 31.0 121.5698 39.04283 36.03816 124.0
23.0 31.0 23.0 173.45776 43.56179 76.80175 124.0
23.0 32.0 32.0 156.94312 89.1099 57.94981 496.0
23.0 32.0 23.0 173.45776 43.56179 76.80175 496.0
23.0 37.0 37.0 80.10435 11.05886 113.79644 1.0
23.0 37.0 23.0 173.45776 43.56179 76.80175 1.0
23.0 47.0 47.0 164.16668 62.70257 126.16064 325.0
23.0 47.0 23.0 173.45776 43.56179 76.80175 325.0
24.0 0.0 0.0 55.08773 49.01478 142.01857 8.0
24.0 0.0 24.0 107.86583 87.20157 149.1417 8.0
24.0 4.0 4.0 72.10175 108.3496 139.71992 1493.0
24.0 4.0 24.0 107.86583 87.20157 149.1417 1493.0
24.0 9.0 9.0 78.4886 139.9877 102.51097 16.0
24.0 9.0 24.0 107.86583 87.20157 149.1417 16.0
24.0 24.0 24.0 107.86583 87.20157 149.1417 8372.0
24.0 24.0 24.0 107.86583 87.20157 149.1417 8372.0
24.0 26.0 26.0 132.04673 45.16769 139.15324 900.0
24.0 26.0 24.0 107.86583 87.20157 149.1417 900.0
24.0 28.0 28.0 84.06383 39.19474 143.25084 40.0
24.0 28.0 24.0 107.86583 87.20157 149.1417 40.0
24.0 29.0 29.0 122.70432 20.61995 121.23684 1.0
24.0 29.0 24.0 107.86583 87.20157 149.1417 1.0
24.0 30.0 30.0 88.38643 139.90144 62.70784 1.0
24.0 30.0 24.0 107.86583 87.20157 149.1417 1.0
24.0 33.0 33.0 97.3139 49.92201 149.23653 452.0
24.0 33.0 24.0 107.86583 87.20157 149.1417 452.0
24.0 34.0 34.0 127.77607 111.23564 129.59991 2495.0
24.0 34.0 24.0 107.86583 87.20157 149.1417 2495.0
24.0 35.0 35.0 147.74841 121.17779 95.62842 3.0
24.0 35.0 24.0 107.86583 87.20157 149.1417 3.0
24.0 38.0 38.0 88.68675 68.36683 152.62525 1841.0
24.0 38.0 24.0 107.86583 87.20157 149.1417 1841.0
24.0 41.0 41.0 59.73999 125.936 122.54525 89.0
24.0 41.0 24.0 107.86583 87.20157 149.1417 89.0
24.0 42.0 42.0 56.5807 85.2002 144.94363 522.0
24.0 42.0 24.0 107.86583 87.20157 149.1417 522.0
24.0 43.0 43.0 101.90709 137.64254 99.32238 8.0
24.0 43.0 24.0 107.86583 87.20157 149.1417 8.0
24.0 44.0 44.0 70.3562 22.73736 131.37891 2.0
24.0 44.0 24.0 107.86583 87.20157 149.1417 2.0
24.0 47.0 47.0 164.16668 62.70257 126.16064 202.0
24.0 47.0 24.0 107.86583 87.20157 149.1417 202.0
25.0 7.0 7.0 121.69337 13.44576 56.93174 1.0
25.0 7.0 25.0 182.81311 64.21204 100.4241 1.0
25.0 12.0 12.0 179.79224 86.37988 84.78375 1184.0
25.0 12.0 25.0 182.81311 64.21204 100.4241 1184.0
25.0 15.0 15.0 145.01849 26.51209 64.61877 6.0
25.0 15.0 25.0 182.81311 64.21204 100.4241 6.0
25.0 18.0 18.0 159.27687 24.89363 93.85004 119.0
25.0 18.0 25.0 182.81311 64.21204 100.4241 119.0
25.0 23.0 23.0 173.45776 43.56179 76.80175 687.0
25.0 23.0 25.0 182.81311 64.21204 100.4241 687.0
25.0 25.0 25.0 182.81311 64.21204 100.4241 2047.0
25.0 25.0 25.0 182.81311 64.21204 100.4241 2047.0
25.0 26.0 26.0 132.04673 45.16769 139.15324 6.0
25.0 26.0 25.0 182.81311 64.21204 100.4241 6.0
25.0 31.0 31.0 121.5698 39.04283 36.03816 1.0
25.0 31.0 25.0 182.81311 64.21204 100.4241 1.0
25.0 32.0 32.0 156.94312 89.1099 57.94981 48.0
25.0 32.0 25.0 182.81311 64.21204 100.4241 48.0
25.0 34.0 34.0 127.77607 111.23564 129.59991 25.0
25.0 34.0 25.0 182.81311 64.21204 100.4241 25.0
25.0 35.0 35.0 147.74841 121.17779 95.62842 88.0
25.0 35.0 25.0 182.81311 64.21204 100.4241 88.0
25.0 46.0 46.0 114.63099 130.31215 52.80654 1.0
25.0 46.0 25.0 182.81311 64.21204 100.4241 1.0
25.0 47.0 47.0 164.16668 62.70257 126.16064 1191.0
25.0 47.0 25.0 182.81311 64.21204 100.4241 1191.0
26.0 0.0 0.0 55.08773 49.01478 142.01857 1.0
26.0 0.0 26.0 132.04673 45.16769 139.15324 1.0
26.0 3.0 3.0 83.10123 3.82606 87.95843 4.0
26.0 3.0 26.0 132.04673 45.16769 139.15324 4.0
26.0 15.0 15.0 145.01849 26.51209 64.61877 2.0
26.0 15.0 26.0 132.04673 45.16769 139.15324 2.0
26.0 17.0 17.0 122.86066 11.02328 94.61325 101.0
26.0 17.0 26.0 132.04673 45.16769 139.15324 101.0
26.0 18.0 18.0 159.27687 24.89363 93.85004 224.0
26.0 18.0 26.0 132.04673 45.16769 139.15324 224.0
26.0 23.0 23.0 173.45776 43.56179 76.80175 3.0
26.0 23.0 26.0 132.04673 45.16769 139.15324 3.0
26.0 24.0 24.0 107.86583 87.20157 149.1417 938.0
26.0 24.0 26.0 132.04673 45.16769 139.15324 938.0
26.0 25.0 25.0 182.81311 64.21204 100.4241 5.0
26.0 25.0 26.0 132.04673 45.16769 139.15324 5.0
26.0 26.0 26.0 132.04673 45.16769 139.15324 7651.0
26.0 26.0 26.0 132.04673 45.16769 139.15324 7651.0
26.0 28.0 28.0 84.06383 39.19474 143.25084 413.0
26.0 28.0 26.0 132.04673 45.16769 139.15324 413.0
26.0 29.0 29.0 122.70432 20.61995 121.23684 1815.0
26.0 29.0 26.0 132.04673 45.16769 139.15324 1815.0
26.0 33.0 33.0 97.3139 49.92201 149.23653 1035.0
26.0 33.0 26.0 132.04673 45.16769 139.15324 1035.0
26.0 34.0 34.0 127.77607 111.23564 129.59991 287.0
26.0 34.0 26.0 132.04673 45.16769 139.15324 287.0
26.0 35.0 35.0 147.74841 121.17779 95.62842 1.0
26.0 35.0 26.0 132.04673 45.16769 139.15324 1.0
26.0 37.0 37.0 80.10435 11.05886 113.79644 95.0
26.0 37.0 26.0 132.04673 45.16769 139.15324 95.0
26.0 38.0 38.0 88.68675 68.36683 152.62525 400.0
26.0 38.0 26.0 132.04673 45.16769 139.15324 400.0
26.0 44.0 44.0 70.3562 22.73736 131.37891 12.0
26.0 44.0 26.0 132.04673 45.16769 139.15324 12.0
26.0 47.0 47.0 164.16668 62.70257 126.16064 1651.0
26.0 47.0 26.0 132.04673 45.16769 139.15324 1651.0
27.0 0.0 0.0 55.08773 49.01478 142.01857 46.0
27.0 0.0 27.0 18.69447 45.40926 103.73272 46.0
27.0 2.0 2.0 27.45964 25.28202 87.85209 1537.0
27.0 2.0 27.0 18.69447 45.40926 103.73272 1537.0
27.0 3.0 3.0 83.10123 3.82606 87.95843 1.0
27.0 3.0 27.0 18.69447 45.40926 103.73272 1.0
27.0 5.0 5.0 36.22227 130.0675 82.16595 1.0
27.0 5.0 27.0 18.69447 45.40926 103.73272 1.0
27.0 6.0 6.0 5.4651 84.81582 74.38865 756.0
27.0 6.0 27.0 18.69447 45.40926 103.73272 756.0
27.0 11.0 11.0 48.44549 14.15926 56.5091 20.0
27.0 11.0 27.0 18.69447 45.40926 103.73272 20.0
27.0 13.0 13.0 21.80853 31.13368 56.42612 127.0
27.0 13.0 27.0 18.69447 45.40926 103.73272 127.0
27.0 16.0 16.0 37.07452 38.9808 124.61612 1204.0
27.0 16.0 27.0 18.69447 45.40926 103.73272 1204.0
27.0 22.0 22.0 25.09055 80.09313 119.4418 1348.0
27.0 22.0 27.0 18.69447 45.40926 103.73272 1348.0
27.0 27.0 27.0 18.69447 45.40926 103.73272 3150.0
27.0 27.0 27.0 18.69447 45.40926 103.73272 3150.0
27.0 36.0 36.0 51.13316 19.41618 119.54413 94.0
27.0 36.0 27.0 18.69447 45.40926 103.73272 94.0
27.0 37.0 37.0 80.10435 11.05886 113.79644 10.0
27.0 37.0 27.0 18.69447 45.40926 103.73272 10.0
27.0 39.0 39.0 21.79309 50.13165 32.83199 24.0
27.0 39.0 27.0 18.69447 45.40926 103.73272 24.0
27.0 42.0 42.0 56.5807 85.2002 144.94363 2.0
27.0 42.0 27.0 18.69447 45.40926 103.73272 2.0
27.0 44.0 44.0 70.3562 22.73736 131.37891 5.0
27.0 44.0 27.0 18.69447 45.40926 103.73272 5.0
28.0 0.0 0.0 55.08773 49.01478 142.01857 1094.0
28.0 0.0 28.0 84.06383 39.19474 143.25084 1094.0
28.0 3.0 3.0 83.10123 3.82606 87.95843 5.0
28.0 3.0 28.0 84.06383 39.19474 143.25084 5.0
28.0 4.0 4.0 72.10175 108.3496 139.71992 3.0
28.0 4.0 28.0 84.06383 39.19474 143.25084 3.0
28.0 5.0 5.0 36.22227 130.0675 82.16595 1.0
28.0 5.0 28.0 84.06383 39.19474 143.25084 1.0
28.0 16.0 16.0 37.07452 38.9808 124.61612 46.0
28.0 16.0 28.0 84.06383 39.19474 143.25084 46.0
28.0 17.0 17.0 122.86066 11.02328 94.61325 8.0
28.0 17.0 28.0 84.06383 39.19474 143.25084 8.0
28.0 22.0 22.0 25.09055 80.09313 119.4418 19.0
28.0 22.0 28.0 84.06383 39.19474 143.25084 19.0
28.0 24.0 24.0 107.86583 87.20157 149.1417 40.0
28.0 24.0 28.0 84.06383 39.19474 143.25084 40.0
28.0 26.0 26.0 132.04673 45.16769 139.15324 429.0
28.0 26.0 28.0 84.06383 39.19474 143.25084 429.0
28.0 28.0 28.0 84.06383 39.19474 143.25084 2955.0
28.0 28.0 28.0 84.06383 39.19474 143.25084 2955.0
28.0 29.0 29.0 122.70432 20.61995 121.23684 429.0
28.0 29.0 28.0 84.06383 39.19474 143.25084 429.0
28.0 33.0 33.0 97.3139 49.92201 149.23653 1572.0
28.0 33.0 28.0 84.06383 39.19474 143.25084 1572.0
28.0 36.0 36.0 51.13316 19.41618 119.54413 76.0
28.0 36.0 28.0 84.06383 39.19474 143.25084 76.0
28.0 37.0 37.0 80.10435 11.05886 113.79644 672.0
28.0 37.0 28.0 84.06383 39.19474 143.25084 672.0
28.0 38.0 38.0 88.68675 68.36683 152.62525 561.0
28.0 38.0 28.0 84.06383 39.19474 143.25084 561.0
28.0 42.0 42.0 56.5807 85.2002 144.94363 170.0
28.0 42.0 28.0 84.06383 39.19474 143.25084 170.0
28.0 44.0 44.0 70.3562 22.73736 131.37891 890.0
28.0 44.0 28.0 84.06383 39.19474 143.25084 890.0
29.0 0.0 0.0 55.08773 49.01478 142.01857 2.0
29.0 0.0 29.0 122.70432 20.61995 121.23684 2.0
29.0 3.0 3.0 83.10123 3.82606 87.95843 203.0
29.0 3.0 29.0 122.70432 20.61995 121.23684 203.0
29.0 7.0 7.0 121.69337 13.44576 56.93174 16.0
29.0 7.0 29.0 122.70432 20.61995 121.23684 16.0
29.0 10.0 10.0 97.185 3.9554 61.13493 4.0
29.0 10.0 29.0 122.70432 20.61995 121.23684 4.0
29.0 15.0 15.0 145.01849 26.51209 64.61877 66.0
29.0 15.0 29.0 122.70432 20.61995 121.23684 66.0
29.0 17.0 17.0 122.86066 11.02328 94.61325 1561.0
29.0 17.0 29.0 122.70432 20.61995 121.23684 1561.0
29.0 18.0 18.0 159.27687 24.89363 93.85004 493.0
29.0 18.0 29.0 122.70432 20.61995 121.23684 493.0
29.0 23.0 23.0 173.45776 43.56179 76.80175 11.0
29.0 23.0 29.0 122.70432 20.61995 121.23684 11.0
29.0 25.0 25.0 182.81311 64.21204 100.4241 1.0
29.0 25.0 29.0 122.70432 20.61995 121.23684 1.0
29.0 26.0 26.0 132.04673 45.16769 139.15324 1745.0
29.0 26.0 29.0 122.70432 20.61995 121.23684 1745.0
29.0 28.0 28.0 84.06383 39.19474 143.25084 426.0
29.0 28.0 29.0 122.70432 20.61995 121.23684 426.0
29.0 29.0 29.0 122.70432 20.61995 121.23684 4490.0
29.0 29.0 29.0 122.70432 20.61995 121.23684 4490.0
29.0 33.0 33.0 97.3139 49.92201 149.23653 178.0
29.0 33.0 29.0 122.70432 20.61995 121.23684 178.0
29.0 36.0 36.0 51.13316 19.41618 119.54413 1.0
29.0 36.0 29.0 122.70432 20.61995 121.23684 1.0
29.0 37.0 37.0 80.10435 11.05886 113.79644 1072.0
29.0 37.0 29.0 122.70432 20.61995 121.23684 1072.0
29.0 38.0 38.0 88.68675 68.36683 152.62525 6.0
29.0 38.0 29.0 122.70432 20.61995 121.23684 6.0
29.0 44.0 44.0 70.3562 22.73736 131.37891 86.0
29.0 44.0 29.0 122.70432 20.61995 121.23684 86.0
29.0 46.0 46.0 114.63099 130.31215 52.80654 1.0
29.0 46.0 29.0 122.70432 20.61995 121.23684 1.0
29.0 47.0 47.0 164.16668 62.70257 126.16064 218.0
29.0 47.0 29.0 122.70432 20.61995 121.23684 218.0
30.0 1.0 1.0 66.31529 89.34948 7.55061 325.0
30.0 1.0 30.0 88.38643 139.90144 62.70784 325.0
30.0 5.0 5.0 36.22227 130.0675 82.16595 1626.0
30.0 5.0 30.0 88.38643 139.90144 62.70784 1626.0
30.0 6.0 6.0 5.4651 84.81582 74.38865 1.0
30.0 6.0 30.0 88.38643 139.90144 62.70784 1.0
30.0 8.0 8.0 108.19794 85.90938 38.66804 566.0
30.0 8.0 30.0 88.38643 139.90144 62.70784 566.0
30.0 9.0 9.0 78.4886 139.9877 102.51097 1084.0
30.0 9.0 30.0 88.38643 139.90144 62.70784 1084.0
30.0 14.0 14.0 128.40605 116.01057 40.35176 203.0
30.0 14.0 30.0 88.38643 139.90144 62.70784 203.0
30.0 23.0 23.0 173.45776 43.56179 76.80175 1.0
30.0 23.0 30.0 88.38643 139.90144 62.70784 1.0
30.0 30.0 30.0 88.38643 139.90144 62.70784 14142.0
30.0 30.0 30.0 88.38643 139.90144 62.70784 14142.0
30.0 32.0 32.0 156.94312 89.1099 57.94981 2.0
30.0 32.0 30.0 88.38643 139.90144 62.70784 2.0
30.0 34.0 34.0 127.77607 111.23564 129.59991 71.0
30.0 34.0 30.0 88.38643 139.90144 62.70784 71.0
30.0 35.0 35.0 147.74841 121.17779 95.62842 724.0
30.0 35.0 30.0 88.38643 139.90144 62.70784 724.0
30.0 41.0 41.0 59.73999 125.936 122.54525 20.0
30.0 41.0 30.0 88.38643 139.90144 62.70784 20.0
30.0 43.0 43.0 101.90709 137.64254 99.32238 2074.0
30.0 43.0 30.0 88.38643 139.90144 62.70784 2074.0
30.0 45.0 45.0 35.08065 116.36887 28.58478 733.0
30.0 45.0 30.0 88.38643 139.90144 62.70784 733.0
30.0 46.0 46.0 114.63099 130.31215 52.80654 3260.0
30.0 46.0 30.0 88.38643 139.90144 62.70784 3260.0
31.0 1.0 1.0 66.31529 89.34948 7.55061 3.0
31.0 1.0 31.0 121.5698 39.04283 36.03816 3.0
31.0 3.0 3.0 83.10123 3.82606 87.95843 1.0
31.0 3.0 31.0 121.5698 39.04283 36.03816 1.0
31.0 7.0 7.0 121.69337 13.44576 56.93174 1549.0
31.0 7.0 31.0 121.5698 39.04283 36.03816 1549.0
31.0 8.0 8.0 108.19794 85.90938 38.66804 1946.0
31.0 8.0 31.0 121.5698 39.04283 36.03816 1946.0
31.0 10.0 10.0 97.185 3.9554 61.13493 362.0
31.0 10.0 31.0 121.5698 39.04283 36.03816 362.0
31.0 11.0 11.0 48.44549 14.15926 56.5091 2.0
31.0 11.0 31.0 121.5698 39.04283 36.03816 2.0
31.0 12.0 12.0 179.79224 86.37988 84.78375 7.0
31.0 12.0 31.0 121.5698 39.04283 36.03816 7.0
31.0 14.0 14.0 128.40605 116.01057 40.35176 4.0
31.0 14.0 31.0 121.5698 39.04283 36.03816 4.0
31.0 15.0 15.0 145.01849 26.51209 64.61877 1349.0
31.0 15.0 31.0 121.5698 39.04283 36.03816 1349.0
31.0 17.0 17.0 122.86066 11.02328 94.61325 5.0
31.0 17.0 31.0 121.5698 39.04283 36.03816 5.0
31.0 18.0 18.0 159.27687 24.89363 93.85004 13.0
31.0 18.0 31.0 121.5698 39.04283 36.03816 13.0
31.0 19.0 19.0 66.48853 15.66944 45.51757 27.0
31.0 19.0 31.0 121.5698 39.04283 36.03816 27.0
31.0 20.0 20.0 85.07268 53.69812 22.34244 2060.0
31.0 20.0 31.0 121.5698 39.04283 36.03816 2060.0
31.0 23.0 23.0 173.45776 43.56179 76.80175 120.0
31.0 23.0 31.0 121.5698 39.04283 36.03816 120.0
31.0 31.0 31.0 121.5698 39.04283 36.03816 11031.0
31.0 31.0 31.0 121.5698 39.04283 36.03816 11031.0
31.0 32.0 32.0 156.94312 89.1099 57.94981 517.0
31.0 32.0 31.0 121.5698 39.04283 36.03816 517.0
31.0 40.0 40.0 83.29641 23.51379 42.39237 1005.0
31.0 40.0 31.0 121.5698 39.04283 36.03816 1005.0
31.0 45.0 45.0 35.08065 116.36887 28.58478 1.0
31.0 45.0 31.0 121.5698 39.04283 36.03816 1.0
32.0 7.0 7.0 121.69337 13.44576 56.93174 4.0
32.0 7.0 32.0 156.94312 89.1099 57.94981 4.0
32.0 8.0 8.0 108.19794 85.90938 38.66804 1571.0
32.0 8.0 32.0 156.94312 89.1099 57.94981 1571.0
32.0 12.0 12.0 179.79224 86.37988 84.78375 1568.0
32.0 12.0 32.0 156.94312 89.1099 57.94981 1568.0
32.0 14.0 14.0 128.40605 116.01057 40.35176 1380.0
32.0 14.0 32.0 156.94312 89.1099 57.94981 1380.0
32.0 15.0 15.0 145.01849 26.51209 64.61877 344.0
32.0 15.0 32.0 156.94312 89.1099 57.94981 344.0
32.0 18.0 18.0 159.27687 24.89363 93.85004 12.0
32.0 18.0 32.0 156.94312 89.1099 57.94981 12.0
32.0 20.0 20.0 85.07268 53.69812 22.34244 7.0
32.0 20.0 32.0 156.94312 89.1099 57.94981 7.0
32.0 23.0 23.0 173.45776 43.56179 76.80175 442.0
32.0 23.0 32.0 156.94312 89.1099 57.94981 442.0
32.0 25.0 25.0 182.81311 64.21204 100.4241 55.0
32.0 25.0 32.0 156.94312 89.1099 57.94981 55.0
32.0 30.0 30.0 88.38643 139.90144 62.70784 4.0
32.0 30.0 32.0 156.94312 89.1099 57.94981 4.0
32.0 31.0 31.0 121.5698 39.04283 36.03816 534.0
32.0 31.0 32.0 156.94312 89.1099 57.94981 534.0
32.0 32.0 32.0 156.94312 89.1099 57.94981 8842.0
32.0 32.0 32.0 156.94312 89.1099 57.94981 8842.0
32.0 35.0 35.0 147.74841 121.17779 95.62842 900.0
32.0 35.0 32.0 156.94312 89.1099 57.94981 900.0
32.0 46.0 46.0 114.63099 130.31215 52.80654 310.0
32.0 46.0 32.0 156.94312 89.1099 57.94981 310.0
32.0 47.0 47.0 164.16668 62.70257 126.16064 1.0
32.0 47.0 32.0 156.94312 89.1099 57.94981 1.0
33.0 0.0 0.0 55.08773 49.01478 142.01857 228.0
33.0 0.0 33.0 97.3139 49.92201 149.23653 228.0
33.0 4.0 4.0 72.10175 108.3496 139.71992 6.0
33.0 4.0 33.0 97.3139 49.92201 149.23653 6.0
33.0 16.0 16.0 37.07452 38.9808 124.61612 3.0
33.0 16.0 33.0 97.3139 49.92201 149.23653 3.0
33.0 17.0 17.0 122.86066 11.02328 94.61325 2.0
33.0 17.0 33.0 97.3139 49.92201 149.23653 2.0
33.0 18.0 18.0 159.27687 24.89363 93.85004 1.0
33.0 18.0 33.0 97.3139 49.92201 149.23653 1.0
33.0 22.0 22.0 25.09055 80.09313 119.4418 1.0
33.0 22.0 33.0 97.3139 49.92201 149.23653 1.0
33.0 24.0 24.0 107.86583 87.20157 149.1417 489.0
33.0 24.0 33.0 97.3139 49.92201 149.23653 489.0
33.0 26.0 26.0 132.04673 45.16769 139.15324 1032.0
33.0 26.0 33.0 97.3139 49.92201 149.23653 1032.0
33.0 28.0 28.0 84.06383 39.19474 143.25084 1510.0
33.0 28.0 33.0 97.3139 49.92201 149.23653 1510.0
33.0 29.0 29.0 122.70432 20.61995 121.23684 192.0
33.0 29.0 33.0 97.3139 49.92201 149.23653 192.0
33.0 33.0 33.0 97.3139 49.92201 149.23653 2515.0
33.0 33.0 33.0 97.3139 49.92201 149.23653 2515.0
33.0 34.0 34.0 127.77607 111.23564 129.59991 2.0
33.0 34.0 33.0 97.3139 49.92201 149.23653 2.0
33.0 37.0 37.0 80.10435 11.05886 113.79644 86.0
33.0 37.0 33.0 97.3139 49.92201 149.23653 86.0
33.0 38.0 38.0 88.68675 68.36683 152.62525 1471.0
33.0 38.0 33.0 97.3139 49.92201 149.23653 1471.0
33.0 42.0 42.0 56.5807 85.2002 144.94363 126.0
33.0 42.0 33.0 97.3139 49.92201 149.23653 126.0
33.0 44.0 44.0 70.3562 22.73736 131.37891 109.0
33.0 44.0 33.0 97.3139 49.92201 149.23653 109.0
33.0 47.0 47.0 164.16668 62.70257 126.16064 4.0
33.0 47.0 33.0 97.3139 49.92201 149.23653 4.0
34.0 4.0 4.0 72.10175 108.3496 139.71992 881.0
34.0 4.0 34.0 127.77607 111.23564 129.59991 881.0
34.0 5.0 5.0 36.22227 130.0675 82.16595 1.0
34.0 5.0 34.0 127.77607 111.23564 129.59991 1.0
34.0 9.0 9.0 78.4886 139.9877 102.51097 571.0
34.0 9.0 34.0 127.77607 111.23564 129.59991 571.0
34.0 12.0 12.0 179.79224 86.37988 84.78375 90.0
34.0 12.0 34.0 127.77607 111.23564 129.59991 90.0
34.0 14.0 14.0 128.40605 116.01057 40.35176 2.0
34.0 14.0 34.0 127.77607 111.23564 129.59991 2.0
34.0 24.0 24.0 107.86583 87.20157 149.1417 2502.0
34.0 24.0 34.0 127.77607 111.23564 129.59991 2502.0
34.0 25.0 25.0 182.81311 64.21204 100.4241 29.0
34.0 25.0 34.0 127.77607 111.23564 129.59991 29.0
34.0 26.0 26.0 132.04673 45.16769 139.15324 331.0
34.0 26.0 34.0 127.77607 111.23564 129.59991 331.0
34.0 30.0 30.0 88.38643 139.90144 62.70784 83.0
34.0 30.0 34.0 127.77607 111.23564 129.59991 83.0
34.0 32.0 32.0 156.94312 89.1099 57.94981 4.0
34.0 32.0 34.0 127.77607 111.23564 129.59991 4.0
34.0 33.0 33.0 97.3139 49.92201 149.23653 7.0
34.0 33.0 34.0 127.77607 111.23564 129.59991 7.0
34.0 34.0 34.0 127.77607 111.23564 129.59991 16144.0
34.0 34.0 34.0 127.77607 111.23564 129.59991 16144.0
34.0 35.0 35.0 147.74841 121.17779 95.62842 2461.0
34.0 35.0 34.0 127.77607 111.23564 129.59991 2461.0
34.0 38.0 38.0 88.68675 68.36683 152.62525 29.0
34.0 38.0 34.0 127.77607 111.23564 129.59991 29.0
34.0 41.0 41.0 59.73999 125.936 122.54525 405.0
34.0 41.0 34.0 127.77607 111.23564 129.59991 405.0
34.0 42.0 42.0 56.5807 85.2002 144.94363 8.0
34.0 42.0 34.0 127.77607 111.23564 129.59991 8.0
34.0 43.0 43.0 101.90709 137.64254 99.32238 1396.0
34.0 43.0 34.0 127.77607 111.23564 129.59991 1396.0
34.0 46.0 46.0 114.63099 130.31215 52.80654 6.0
34.0 46.0 34.0 127.77607 111.23564 129.59991 6.0
34.0 47.0 47.0 164.16668 62.70257 126.16064 1113.0
34.0 47.0 34.0 127.77607 111.23564 129.59991 1113.0
35.0 8.0 8.0 108.19794 85.90938 38.66804 4.0
35.0 8.0 35.0 147.74841 121.17779 95.62842 4.0
35.0 9.0 9.0 78.4886 139.9877 102.51097 22.0
35.0 9.0 35.0 147.74841 121.17779 95.62842 22.0
35.0 12.0 12.0 179.79224 86.37988 84.78375 1110.0
35.0 12.0 35.0 147.74841 121.17779 95.62842 1110.0
35.0 14.0 14.0 128.40605 116.01057 40.35176 305.0
35.0 14.0 35.0 147.74841 121.17779 95.62842 305.0
35.0 24.0 24.0 107.86583 87.20157 149.1417 4.0
35.0 24.0 35.0 147.74841 121.17779 95.62842 4.0
35.0 25.0 25.0 182.81311 64.21204 100.4241 88.0
35.0 25.0 35.0 147.74841 121.17779 95.62842 88.0
35.0 26.0 26.0 132.04673 45.16769 139.15324 1.0
35.0 26.0 35.0 147.74841 121.17779 95.62842 1.0
35.0 28.0 28.0 84.06383 39.19474 143.25084 1.0
35.0 28.0 35.0 147.74841 121.17779 95.62842 1.0
35.0 30.0 30.0 88.38643 139.90144 62.70784 705.0
35.0 30.0 35.0 147.74841 121.17779 95.62842 705.0
35.0 32.0 32.0 156.94312 89.1099 57.94981 865.0
35.0 32.0 35.0 147.74841 121.17779 95.62842 865.0
35.0 34.0 34.0 127.77607 111.23564 129.59991 2565.0
35.0 34.0 35.0 147.74841 121.17779 95.62842 2565.0
35.0 35.0 35.0 147.74841 121.17779 95.62842 10855.0
35.0 35.0 35.0 147.74841 121.17779 95.62842 10855.0
35.0 41.0 41.0 59.73999 125.936 122.54525 2.0
35.0 41.0 35.0 147.74841 121.17779 95.62842 2.0
35.0 43.0 43.0 101.90709 137.64254 99.32238 889.0
35.0 43.0 35.0 147.74841 121.17779 95.62842 889.0
35.0 46.0 46.0 114.63099 130.31215 52.80654 1109.0
35.0 46.0 35.0 147.74841 121.17779 95.62842 1109.0
35.0 47.0 47.0 164.16668 62.70257 126.16064 330.0
35.0 47.0 35.0 147.74841 121.17779 95.62842 330.0
36.0 0.0 0.0 55.08773 49.01478 142.01857 454.0
36.0 0.0 36.0 51.13316 19.41618 119.54413 454.0
36.0 2.0 2.0 27.45964 25.28202 87.85209 493.0
36.0 2.0 36.0 51.13316 19.41618 119.54413 493.0
36.0 3.0 3.0 83.10123 3.82606 87.95843 162.0
36.0 3.0 36.0 51.13316 19.41618 119.54413 162.0
36.0 11.0 11.0 48.44549 14.15926 56.5091 63.0
36.0 11.0 36.0 51.13316 19.41618 119.54413 63.0
36.0 13.0 13.0 21.80853 31.13368 56.42612 2.0
36.0 13.0 36.0 51.13316 19.41618 119.54413 2.0
36.0 16.0 16.0 37.07452 38.9808 124.61612 940.0
36.0 16.0 36.0 51.13316 19.41618 119.54413 940.0
36.0 22.0 22.0 25.09055 80.09313 119.4418 9.0
36.0 22.0 36.0 51.13316 19.41618 119.54413 9.0
36.0 27.0 27.0 18.69447 45.40926 103.73272 104.0
36.0 27.0 36.0 51.13316 19.41618 119.54413 104.0
36.0 28.0 28.0 84.06383 39.19474 143.25084 95.0
36.0 28.0 36.0 51.13316 19.41618 119.54413 95.0
36.0 29.0 29.0 122.70432 20.61995 121.23684 1.0
36.0 29.0 36.0 51.13316 19.41618 119.54413 1.0
36.0 33.0 33.0 97.3139 49.92201 149.23653 4.0
36.0 33.0 36.0 51.13316 19.41618 119.54413 4.0
36.0 36.0 36.0 51.13316 19.41618 119.54413 1406.0
36.0 36.0 36.0 51.13316 19.41618 119.54413 1406.0
36.0 37.0 37.0 80.10435 11.05886 113.79644 880.0
36.0 37.0 36.0 51.13316 19.41618 119.54413 880.0
36.0 42.0 42.0 56.5807 85.2002 144.94363 2.0
36.0 42.0 36.0 51.13316 19.41618 119.54413 2.0
36.0 44.0 44.0 70.3562 22.73736 131.37891 748.0
36.0 44.0 36.0 51.13316 19.41618 119.54413 748.0
37.0 0.0 0.0 55.08773 49.01478 142.01857 76.0
37.0 0.0 37.0 80.10435 11.05886 113.79644 76.0
37.0 2.0 2.0 27.45964 25.28202 87.85209 393.0
37.0 2.0 37.0 80.10435 11.05886 113.79644 393.0
37.0 3.0 3.0 83.10123 3.82606 87.95843 2451.0
37.0 3.0 37.0 80.10435 11.05886 113.79644 2451.0
37.0 7.0 7.0 121.69337 13.44576 56.93174 4.0
37.0 7.0 37.0 80.10435 11.05886 113.79644 4.0
37.0 10.0 10.0 97.185 3.9554 61.13493 47.0
37.0 10.0 37.0 80.10435 11.05886 113.79644 47.0
37.0 11.0 11.0 48.44549 14.15926 56.5091 268.0
37.0 11.0 37.0 80.10435 11.05886 113.79644 268.0
37.0 13.0 13.0 21.80853 31.13368 56.42612 2.0
37.0 13.0 37.0 80.10435 11.05886 113.79644 2.0
37.0 16.0 16.0 37.07452 38.9808 124.61612 162.0
37.0 16.0 37.0 80.10435 11.05886 113.79644 162.0
37.0 17.0 17.0 122.86066 11.02328 94.61325 509.0
37.0 17.0 37.0 80.10435 11.05886 113.79644 509.0
37.0 18.0 18.0 159.27687 24.89363 93.85004 2.0
37.0 18.0 37.0 80.10435 11.05886 113.79644 2.0
37.0 19.0 19.0 66.48853 15.66944 45.51757 21.0
37.0 19.0 37.0 80.10435 11.05886 113.79644 21.0
37.0 26.0 26.0 132.04673 45.16769 139.15324 129.0
37.0 26.0 37.0 80.10435 11.05886 113.79644 129.0
37.0 27.0 27.0 18.69447 45.40926 103.73272 14.0
37.0 27.0 37.0 80.10435 11.05886 113.79644 14.0
37.0 28.0 28.0 84.06383 39.19474 143.25084 690.0
37.0 28.0 37.0 80.10435 11.05886 113.79644 690.0
37.0 29.0 29.0 122.70432 20.61995 121.23684 1034.0
37.0 29.0 37.0 80.10435 11.05886 113.79644 1034.0
37.0 33.0 33.0 97.3139 49.92201 149.23653 83.0
37.0 33.0 37.0 80.10435 11.05886 113.79644 83.0
37.0 36.0 36.0 51.13316 19.41618 119.54413 837.0
37.0 36.0 37.0 80.10435 11.05886 113.79644 837.0
37.0 37.0 37.0 80.10435 11.05886 113.79644 7564.0
37.0 37.0 37.0 80.10435 11.05886 113.79644 7564.0
37.0 38.0 38.0 88.68675 68.36683 152.62525 1.0
37.0 38.0 37.0 80.10435 11.05886 113.79644 1.0
37.0 40.0 40.0 83.29641 23.51379 42.39237 2.0
37.0 40.0 37.0 80.10435 11.05886 113.79644 2.0
37.0 42.0 42.0 56.5807 85.2002 144.94363 1.0
37.0 42.0 37.0 80.10435 11.05886 113.79644 1.0
37.0 44.0 44.0 70.3562 22.73736 131.37891 1390.0
37.0 44.0 37.0 80.10435 11.05886 113.79644 1390.0
38.0 0.0 0.0 55.08773 49.01478 142.01857 400.0
38.0 0.0 38.0 88.68675 68.36683 152.62525 400.0
38.0 4.0 4.0 72.10175 108.3496 139.71992 218.0
38.0 4.0 38.0 88.68675 68.36683 152.62525 218.0
38.0 16.0 16.0 37.07452 38.9808 124.61612 15.0
38.0 16.0 38.0 88.68675 68.36683 152.62525 15.0
38.0 22.0 22.0 25.09055 80.09313 119.4418 27.0
38.0 22.0 38.0 88.68675 68.36683 152.62525 27.0
38.0 24.0 24.0 107.86583 87.20157 149.1417 1893.0
38.0 24.0 38.0 88.68675 68.36683 152.62525 1893.0
38.0 26.0 26.0 132.04673 45.16769 139.15324 386.0
38.0 26.0 38.0 88.68675 68.36683 152.62525 386.0
38.0 28.0 28.0 84.06383 39.19474 143.25084 612.0
38.0 28.0 38.0 88.68675 68.36683 152.62525 612.0
38.0 29.0 29.0 122.70432 20.61995 121.23684 5.0
38.0 29.0 38.0 88.68675 68.36683 152.62525 5.0
38.0 33.0 33.0 97.3139 49.92201 149.23653 1370.0
38.0 33.0 38.0 88.68675 68.36683 152.62525 1370.0
38.0 34.0 34.0 127.77607 111.23564 129.59991 39.0
38.0 34.0 38.0 88.68675 68.36683 152.62525 39.0
38.0 36.0 36.0 51.13316 19.41618 119.54413 3.0
38.0 36.0 38.0 88.68675 68.36683 152.62525 3.0
38.0 37.0 37.0 80.10435 11.05886 113.79644 1.0
38.0 37.0 38.0 88.68675 68.36683 152.62525 1.0
38.0 38.0 38.0 88.68675 68.36683 152.62525 2990.0
38.0 38.0 38.0 88.68675 68.36683 152.62525 2990.0
38.0 41.0 41.0 59.73999 125.936 122.54525 3.0
38.0 41.0 38.0 88.68675 68.36683 152.62525 3.0
38.0 42.0 42.0 56.5807 85.2002 144.94363 1054.0
38.0 42.0 38.0 88.68675 68.36683 152.62525 1054.0
38.0 44.0 44.0 70.3562 22.73736 131.37891 8.0
38.0 44.0 38.0 88.68675 68.36683 152.62525 8.0
38.0 47.0 47.0 164.16668 62.70257 126.16064 6.0
38.0 47.0 38.0 88.68675 68.36683 152.62525 6.0
39.0 1.0 1.0 66.31529 89.34948 7.55061 278.0
39.0 1.0 39.0 21.79309 50.13165 32.83199 278.0
39.0 2.0 2.0 27.45964 25.28202 87.85209 146.0
39.0 2.0 39.0 21.79309 50.13165 32.83199 146.0
39.0 5.0 5.0 36.22227 130.0675 82.16595 3.0
39.0 5.0 39.0 21.79309 50.13165 32.83199 3.0
39.0 6.0 6.0 5.4651 84.81582 74.38865 1330.0
39.0 6.0 39.0 21.79309 50.13165 32.83199 1330.0
39.0 11.0 11.0 48.44549 14.15926 56.5091 878.0
39.0 11.0 39.0 21.79309 50.13165 32.83199 878.0
39.0 13.0 13.0 21.80853 31.13368 56.42612 1793.0
39.0 13.0 39.0 21.79309 50.13165 32.83199 1793.0
39.0 19.0 19.0 66.48853 15.66944 45.51757 250.0
39.0 19.0 39.0 21.79309 50.13165 32.83199 250.0
39.0 20.0 20.0 85.07268 53.69812 22.34244 507.0
39.0 20.0 39.0 21.79309 50.13165 32.83199 507.0
39.0 21.0 21.0 28.1749 78.04358 19.40766 2083.0
39.0 21.0 39.0 21.79309 50.13165 32.83199 2083.0
39.0 27.0 27.0 18.69447 45.40926 103.73272 14.0
39.0 27.0 39.0 21.79309 50.13165 32.83199 14.0
39.0 39.0 39.0 21.79309 50.13165 32.83199 9356.0
39.0 39.0 39.0 21.79309 50.13165 32.83199 9356.0
39.0 40.0 40.0 83.29641 23.51379 42.39237 27.0
39.0 40.0 39.0 21.79309 50.13165 32.83199 27.0
39.0 45.0 45.0 35.08065 116.36887 28.58478 68.0
39.0 45.0 39.0 21.79309 50.13165 32.83199 68.0
40.0 1.0 1.0 66.31529 89.34948 7.55061 11.0
40.0 1.0 40.0 83.29641 23.51379 42.39237 11.0
40.0 3.0 3.0 83.10123 3.82606 87.95843 131.0
40.0 3.0 40.0 83.29641 23.51379 42.39237 131.0
40.0 7.0 7.0 121.69337 13.44576 56.93174 278.0
40.0 7.0 40.0 83.29641 23.51379 42.39237 278.0
40.0 8.0 8.0 108.19794 85.90938 38.66804 22.0
40.0 8.0 40.0 83.29641 23.51379 42.39237 22.0
40.0 10.0 10.0 97.185 3.9554 61.13493 1185.0
40.0 10.0 40.0 83.29641 23.51379 42.39237 1185.0
40.0 11.0 11.0 48.44549 14.15926 56.5091 459.0
40.0 11.0 40.0 83.29641 23.51379 42.39237 459.0
40.0 13.0 13.0 21.80853 31.13368 56.42612 4.0
40.0 13.0 40.0 83.29641 23.51379 42.39237 4.0
40.0 15.0 15.0 145.01849 26.51209 64.61877 4.0
40.0 15.0 40.0 83.29641 23.51379 42.39237 4.0
40.0 17.0 17.0 122.86066 11.02328 94.61325 3.0
40.0 17.0 40.0 83.29641 23.51379 42.39237 3.0
40.0 19.0 19.0 66.48853 15.66944 45.51757 1393.0
40.0 19.0 40.0 83.29641 23.51379 42.39237 1393.0
40.0 20.0 20.0 85.07268 53.69812 22.34244 1658.0
40.0 20.0 40.0 83.29641 23.51379 42.39237 1658.0
40.0 21.0 21.0 28.1749 78.04358 19.40766 4.0
40.0 21.0 40.0 83.29641 23.51379 42.39237 4.0
40.0 31.0 31.0 121.5698 39.04283 36.03816 1029.0
40.0 31.0 40.0 83.29641 23.51379 42.39237 1029.0
40.0 37.0 37.0 80.10435 11.05886 113.79644 3.0
40.0 37.0 40.0 83.29641 23.51379 42.39237 3.0
40.0 39.0 39.0 21.79309 50.13165 32.83199 29.0
40.0 39.0 40.0 83.29641 23.51379 42.39237 29.0
40.0 40.0 40.0 83.29641 23.51379 42.39237 4234.0
40.0 40.0 40.0 83.29641 23.51379 42.39237 4234.0
41.0 4.0 4.0 72.10175 108.3496 139.71992 2643.0
41.0 4.0 41.0 59.73999 125.936 122.54525 2643.0
41.0 5.0 5.0 36.22227 130.0675 82.16595 2137.0
41.0 5.0 41.0 59.73999 125.936 122.54525 2137.0
41.0 6.0 6.0 5.4651 84.81582 74.38865 16.0
41.0 6.0 41.0 59.73999 125.936 122.54525 16.0
41.0 9.0 9.0 78.4886 139.9877 102.51097 2048.0
41.0 9.0 41.0 59.73999 125.936 122.54525 2048.0
41.0 13.0 13.0 21.80853 31.13368 56.42612 1.0
41.0 13.0 41.0 59.73999 125.936 122.54525 1.0
41.0 22.0 22.0 25.09055 80.09313 119.4418 654.0
41.0 22.0 41.0 59.73999 125.936 122.54525 654.0
41.0 24.0 24.0 107.86583 87.20157 149.1417 90.0
41.0 24.0 41.0 59.73999 125.936 122.54525 90.0
41.0 28.0 28.0 84.06383 39.19474 143.25084 1.0
41.0 28.0 41.0 59.73999 125.936 122.54525 1.0
41.0 30.0 30.0 88.38643 139.90144 62.70784 25.0
41.0 30.0 41.0 59.73999 125.936 122.54525 25.0
41.0 34.0 34.0 127.77607 111.23564 129.59991 401.0
41.0 34.0 41.0 59.73999 125.936 122.54525 401.0
41.0 38.0 38.0 88.68675 68.36683 152.62525 1.0
41.0 38.0 41.0 59.73999 125.936 122.54525 1.0
41.0 41.0 41.0 59.73999 125.936 122.54525 8714.0
41.0 41.0 41.0 59.73999 125.936 122.54525 8714.0
41.0 42.0 42.0 56.5807 85.2002 144.94363 391.0
41.0 42.0 41.0 59.73999 125.936 122.54525 391.0
41.0 43.0 43.0 101.90709 137.64254 99.32238 335.0
41.0 43.0 41.0 59.73999 125.936 122.54525 335.0
42.0 0.0 0.0 55.08773 49.01478 142.01857 864.0
42.0 0.0 42.0 56.5807 85.2002 144.94363 864.0
42.0 4.0 4.0 72.10175 108.3496 139.71992 2106.0
42.0 4.0 42.0 56.5807 85.2002 144.94363 2106.0
42.0 5.0 5.0 36.22227 130.0675 82.16595 42.0
42.0 5.0 42.0 56.5807 85.2002 144.94363 42.0
42.0 16.0 16.0 37.07452 38.9808 124.61612 137.0
42.0 16.0 42.0 56.5807 85.2002 144.94363 137.0
42.0 22.0 22.0 25.09055 80.09313 119.4418 1593.0
42.0 22.0 42.0 56.5807 85.2002 144.94363 1593.0
42.0 24.0 24.0 107.86583 87.20157 149.1417 507.0
42.0 24.0 42.0 56.5807 85.2002 144.94363 507.0
42.0 26.0 26.0 132.04673 45.16769 139.15324 1.0
42.0 26.0 42.0 56.5807 85.2002 144.94363 1.0
42.0 27.0 27.0 18.69447 45.40926 103.73272 1.0
42.0 27.0 42.0 56.5807 85.2002 144.94363 1.0
42.0 28.0 28.0 84.06383 39.19474 143.25084 197.0
42.0 28.0 42.0 56.5807 85.2002 144.94363 197.0
42.0 33.0 33.0 97.3139 49.92201 149.23653 126.0
42.0 33.0 42.0 56.5807 85.2002 144.94363 126.0
42.0 34.0 34.0 127.77607 111.23564 129.59991 8.0
42.0 34.0 42.0 56.5807 85.2002 144.94363 8.0
42.0 36.0 36.0 51.13316 19.41618 119.54413 2.0
42.0 36.0 42.0 56.5807 85.2002 144.94363 2.0
42.0 38.0 38.0 88.68675 68.36683 152.62525 1029.0
42.0 38.0 42.0 56.5807 85.2002 144.94363 1029.0
42.0 41.0 41.0 59.73999 125.936 122.54525 390.0
42.0 41.0 42.0 56.5807 85.2002 144.94363 390.0
42.0 42.0 42.0 56.5807 85.2002 144.94363 5474.0
42.0 42.0 42.0 56.5807 85.2002 144.94363 5474.0
42.0 44.0 44.0 70.3562 22.73736 131.37891 2.0
42.0 44.0 42.0 56.5807 85.2002 144.94363 2.0
43.0 4.0 4.0 72.10175 108.3496 139.71992 72.0
43.0 4.0 43.0 101.90709 137.64254 99.32238 72.0
43.0 5.0 5.0 36.22227 130.0675 82.16595 58.0
43.0 5.0 43.0 101.90709 137.64254 99.32238 58.0
43.0 9.0 9.0 78.4886 139.9877 102.51097 1996.0
43.0 9.0 43.0 101.90709 137.64254 99.32238 1996.0
43.0 24.0 24.0 107.86583 87.20157 149.1417 6.0
43.0 24.0 43.0 101.90709 137.64254 99.32238 6.0
43.0 30.0 30.0 88.38643 139.90144 62.70784 1974.0
43.0 30.0 43.0 101.90709 137.64254 99.32238 1974.0
43.0 34.0 34.0 127.77607 111.23564 129.59991 1384.0
43.0 34.0 43.0 101.90709 137.64254 99.32238 1384.0
43.0 35.0 35.0 147.74841 121.17779 95.62842 824.0
43.0 35.0 43.0 101.90709 137.64254 99.32238 824.0
43.0 37.0 37.0 80.10435 11.05886 113.79644 1.0
43.0 37.0 43.0 101.90709 137.64254 99.32238 1.0
43.0 41.0 41.0 59.73999 125.936 122.54525 271.0
43.0 41.0 43.0 101.90709 137.64254 99.32238 271.0
43.0 43.0 43.0 101.90709 137.64254 99.32238 4549.0
43.0 43.0 43.0 101.90709 137.64254 99.32238 4549.0
43.0 46.0 46.0 114.63099 130.31215 52.80654 157.0
43.0 46.0 43.0 101.90709 137.64254 99.32238 157.0
44.0 0.0 0.0 55.08773 49.01478 142.01857 599.0
44.0 0.0 44.0 70.3562 22.73736 131.37891 599.0
44.0 2.0 2.0 27.45964 25.28202 87.85209 39.0
44.0 2.0 44.0 70.3562 22.73736 131.37891 39.0
44.0 3.0 3.0 83.10123 3.82606 87.95843 64.0
44.0 3.0 44.0 70.3562 22.73736 131.37891 64.0
44.0 11.0 11.0 48.44549 14.15926 56.5091 2.0
44.0 11.0 44.0 70.3562 22.73736 131.37891 2.0
44.0 16.0 16.0 37.07452 38.9808 124.61612 217.0
44.0 16.0 44.0 70.3562 22.73736 131.37891 217.0
44.0 17.0 17.0 122.86066 11.02328 94.61325 6.0
44.0 17.0 44.0 70.3562 22.73736 131.37891 6.0
44.0 22.0 22.0 25.09055 80.09313 119.4418 3.0
44.0 22.0 44.0 70.3562 22.73736 131.37891 3.0
44.0 26.0 26.0 132.04673 45.16769 139.15324 18.0
44.0 26.0 44.0 70.3562 22.73736 131.37891 18.0
44.0 27.0 27.0 18.69447 45.40926 103.73272 4.0
44.0 27.0 44.0 70.3562 22.73736 131.37891 4.0
44.0 28.0 28.0 84.06383 39.19474 143.25084 877.0
44.0 28.0 44.0 70.3562 22.73736 131.37891 877.0
44.0 29.0 29.0 122.70432 20.61995 121.23684 76.0
44.0 29.0 44.0 70.3562 22.73736 131.37891 76.0
44.0 33.0 33.0 97.3139 49.92201 149.23653 100.0
44.0 33.0 44.0 70.3562 22.73736 131.37891 100.0
44.0 36.0 36.0 51.13316 19.41618 119.54413 729.0
44.0 36.0 44.0 70.3562 22.73736 131.37891 729.0
44.0 37.0 37.0 80.10435 11.05886 113.79644 1424.0
44.0 37.0 44.0 70.3562 22.73736 131.37891 1424.0
44.0 38.0 38.0 88.68675 68.36683 152.62525 17.0
44.0 38.0 44.0 70.3562 22.73736 131.37891 17.0
44.0 41.0 41.0 59.73999 125.936 122.54525 1.0
44.0 41.0 44.0 70.3562 22.73736 131.37891 1.0
44.0 42.0 42.0 56.5807 85.2002 144.94363 2.0
44.0 42.0 44.0 70.3562 22.73736 131.37891 2.0
44.0 44.0 44.0 70.3562 22.73736 131.37891 1703.0
44.0 44.0 44.0 70.3562 22.73736 131.37891 1703.0
45.0 1.0 1.0 66.31529 89.34948 7.55061 1876.0
45.0 1.0 45.0 35.08065 116.36887 28.58478 1876.0
45.0 5.0 5.0 36.22227 130.0675 82.16595 2020.0
45.0 5.0 45.0 35.08065 116.36887 28.58478 2020.0
45.0 6.0 6.0 5.4651 84.81582 74.38865 937.0
45.0 6.0 45.0 35.08065 116.36887 28.58478 937.0
45.0 8.0 8.0 108.19794 85.90938 38.66804 131.0
45.0 8.0 45.0 35.08065 116.36887 28.58478 131.0
45.0 9.0 9.0 78.4886 139.9877 102.51097 1.0
45.0 9.0 45.0 35.08065 116.36887 28.58478 1.0
45.0 14.0 14.0 128.40605 116.01057 40.35176 4.0
45.0 14.0 45.0 35.08065 116.36887 28.58478 4.0
45.0 20.0 20.0 85.07268 53.69812 22.34244 2.0
45.0 20.0 45.0 35.08065 116.36887 28.58478 2.0
45.0 21.0 21.0 28.1749 78.04358 19.40766 1745.0
45.0 21.0 45.0 35.08065 116.36887 28.58478 1745.0
45.0 22.0 22.0 25.09055 80.09313 119.4418 2.0
45.0 22.0 45.0 35.08065 116.36887 28.58478 2.0
45.0 30.0 30.0 88.38643 139.90144 62.70784 799.0
45.0 30.0 45.0 35.08065 116.36887 28.58478 799.0
45.0 39.0 39.0 21.79309 50.13165 32.83199 67.0
45.0 39.0 45.0 35.08065 116.36887 28.58478 67.0
45.0 45.0 45.0 35.08065 116.36887 28.58478 12626.0
45.0 45.0 45.0 35.08065 116.36887 28.58478 12626.0
45.0 46.0 46.0 114.63099 130.31215 52.80654 51.0
45.0 46.0 45.0 35.08065 116.36887 28.58478 51.0
46.0 1.0 1.0 66.31529 89.34948 7.55061 135.0
46.0 1.0 46.0 114.63099 130.31215 52.80654 135.0
46.0 5.0 5.0 36.22227 130.0675 82.16595 10.0
46.0 5.0 46.0 114.63099 130.31215 52.80654 10.0
46.0 8.0 8.0 108.19794 85.90938 38.66804 1025.0
46.0 8.0 46.0 114.63099 130.31215 52.80654 1025.0
46.0 9.0 9.0 78.4886 139.9877 102.51097 8.0
46.0 9.0 46.0 114.63099 130.31215 52.80654 8.0
46.0 12.0 12.0 179.79224 86.37988 84.78375 2.0
46.0 12.0 46.0 114.63099 130.31215 52.80654 2.0
46.0 14.0 14.0 128.40605 116.01057 40.35176 2699.0
46.0 14.0 46.0 114.63099 130.31215 52.80654 2699.0
46.0 20.0 20.0 85.07268 53.69812 22.34244 3.0
46.0 20.0 46.0 114.63099 130.31215 52.80654 3.0
46.0 30.0 30.0 88.38643 139.90144 62.70784 3274.0
46.0 30.0 46.0 114.63099 130.31215 52.80654 3274.0
46.0 32.0 32.0 156.94312 89.1099 57.94981 262.0
46.0 32.0 46.0 114.63099 130.31215 52.80654 262.0
46.0 34.0 34.0 127.77607 111.23564 129.59991 13.0
46.0 34.0 46.0 114.63099 130.31215 52.80654 13.0
46.0 35.0 35.0 147.74841 121.17779 95.62842 1060.0
46.0 35.0 46.0 114.63099 130.31215 52.80654 1060.0
46.0 43.0 43.0 101.90709 137.64254 99.32238 154.0
46.0 43.0 46.0 114.63099 130.31215 52.80654 154.0
46.0 45.0 45.0 35.08065 116.36887 28.58478 43.0
46.0 45.0 46.0 114.63099 130.31215 52.80654 43.0
46.0 46.0 46.0 114.63099 130.31215 52.80654 6682.0
46.0 46.0 46.0 114.63099 130.31215 52.80654 6682.0
47.0 12.0 12.0 179.79224 86.37988 84.78375 365.0
47.0 12.0 47.0 164.16668 62.70257 126.16064 365.0
47.0 15.0 15.0 145.01849 26.51209 64.61877 7.0
47.0 15.0 47.0 164.16668 62.70257 126.16064 7.0
47.0 17.0 17.0 122.86066 11.02328 94.61325 20.0
47.0 17.0 47.0 164.16668 62.70257 126.16064 20.0
47.0 18.0 18.0 159.27687 24.89363 93.85004 602.0
47.0 18.0 47.0 164.16668 62.70257 126.16064 602.0
47.0 23.0 23.0 173.45776 43.56179 76.80175 327.0
47.0 23.0 47.0 164.16668 62.70257 126.16064 327.0
47.0 24.0 24.0 107.86583 87.20157 149.1417 221.0
47.0 24.0 47.0 164.16668 62.70257 126.16064 221.0
47.0 25.0 25.0 182.81311 64.21204 100.4241 1166.0
47.0 25.0 47.0 164.16668 62.70257 126.16064 1166.0
47.0 26.0 26.0 132.04673 45.16769 139.15324 1784.0
47.0 26.0 47.0 164.16668 62.70257 126.16064 1784.0
47.0 29.0 29.0 122.70432 20.61995 121.23684 235.0
47.0 29.0 47.0 164.16668 62.70257 126.16064 235.0
47.0 32.0 32.0 156.94312 89.1099 57.94981 3.0
47.0 32.0 47.0 164.16668 62.70257 126.16064 3.0
47.0 33.0 33.0 97.3139 49.92201 149.23653 8.0
47.0 33.0 47.0 164.16668 62.70257 126.16064 8.0
47.0 34.0 34.0 127.77607 111.23564 129.59991 1260.0
47.0 34.0 47.0 164.16668 62.70257 126.16064 1260.0
47.0 35.0 35.0 147.74841 121.17779 95.62842 352.0
47.0 35.0 47.0 164.16668 62.70257 126.16064 352.0
47.0 37.0 37.0 80.10435 11.05886 113.79644 1.0
47.0 37.0 47.0 164.16668 62.70257 126.16064 1.0
47.0 38.0 38.0 88.68675 68.36683 152.62525 4.0
47.0 38.0 47.0 164.16668 62.70257 126.16064 4.0
47.0 47.0 47.0 164.16668 62.70257 126.16064 8423.0
47.0 47.0 47.0 164.16668 62.70257 126.16064 8423.0
