TargetArea SourceArea Area AvgPosX AvgPosY AvgPosZ SumWeights
0.0 0.0 0.0 55.10579 49.2724 142.14404 2945.0
0.0 0.0 0.0 55.10579 49.2724 142.14404 2945.0
0.0 2.0 2.0 27.69725 25.06984 88.19731 8.0
0.0 2.0 0.0 55.10579 49.2724 142.14404 8.0
0.0 4.0 4.0 72.15101 108.26122 139.8136 22.0
0.0 4.0 0.0 55.10579 49.2724 142.14404 22.0
0.0 16.0 16.0 37.04298 38.66805 124.38512 1032.0
0.0 16.0 0.0 55.10579 49.2724 142.14404 1032.0
0.0 22.0 22.0 25.16188 80.05377 119.52337 496.0
0.0 22.0 0.0 55.10579 49.2724 142.14404 496.0
0.0 24.0 24.0 107.81929 87.21506 149.11928 14.0
0.0 24.0 0.0 55.10579 49.2724 142.14404 14.0
0.0 26.0 26.0 131.87111 45.14065 139.20761 2.0
0.0 26.0 0.0 55.10579 49.2724 142.14404 2.0
0.0 27.0 27.0 18.71975 45.48798 103.84938 38.0
0.0 27.0 0.0 55.10579 49.2724 142.14404 38.0
0.0 28.0 28.0 83.59172 39.63166 143.42994 952.0
0.0 28.0 0.0 55.10579 49.2724 142.14404 952.0
0.0 29.0 29.0 122.6871 20.69843 121.39525 1.0
0.0 29.0 0.0 55.10579 49.2724 142.14404 1.0
0.0 33.0 33.0 97.57313 49.87122 149.23183 245.0
0.0 33.0 0.0 55.10579 49.2724 142.14404 245.0
0.0 36.0 36.0 51.12078 19.28306 119.32609 348.0
0.0 36.0 0.0 55.10579 49.2724 142.14404 348.0
0.0 37.0 37.0 79.9469 11.08361 113.82335 81.0
0.0 37.0 0.0 55.10579 49.2724 142.14404 81.0
0.0 38.0 38.0 88.62246 68.24911 152.64251 330.0
0.0 38.0 0.0 55.10579 49.2724 142.14404 330.0
0.0 41.0 41.0 59.60578 125.67212 122.67173 4.0
0.0 41.0 0.0 55.10579 49.2724 142.14404 4.0
0.0 42.0 42.0 56.46245 85.16283 144.91064 826.0
0.0 42.0 0.0 55.10579 49.2724 142.14404 826.0
0.0 44.0 44.0 70.61376 22.75403 131.43151 429.0
0.0 44.0 0.0 55.10579 49.2724 142.14404 429.0
1.0 1.0 1.0 66.43971 89.40507 7.67792 7864.0
1.0 1.0 1.0 66.43971 89.40507 7.67792 7864.0
1.0 5.0 5.0 36.41712 130.18422 82.09904 24.0
1.0 5.0 1.0 66.43971 89.40507 7.67792 24.0
1.0 8.0 8.0 108.5665 85.33763 38.89203 1409.0
1.0 8.0 1.0 66.43971 89.40507 7.67792 1409.0
1.0 11.0 11.0 48.29059 14.28531 56.38852 26.0
1.0 11.0 1.0 66.43971 89.40507 7.67792 26.0
1.0 14.0 14.0 128.53173 115.96081 40.43438 43.0
1.0 14.0 1.0 66.43971 89.40507 7.67792 43.0
1.0 19.0 19.0 66.65428 15.36172 45.8583 29.0
1.0 19.0 1.0 66.43971 89.40507 7.67792 29.0
1.0 20.0 20.0 85.31655 53.70862 22.56847 1805.0
1.0 20.0 1.0 66.43971 89.40507 7.67792 1805.0
1.0 21.0 21.0 27.95128 77.86973 19.62739 1079.0
1.0 21.0 1.0 66.43971 89.40507 7.67792 1079.0
1.0 30.0 30.0 88.68391 139.84455 62.87041 296.0
1.0 30.0 1.0 66.43971 89.40507 7.67792 296.0
1.0 31.0 31.0 121.67219 39.34116 35.99965 7.0
1.0 31.0 1.0 66.43971 89.40507 7.67792 7.0
1.0 39.0 39.0 21.94122 50.03971 32.71909 254.0
1.0 39.0 1.0 66.43971 89.40507 7.67792 254.0
1.0 40.0 40.0 83.31493 23.55027 42.26685 11.0
1.0 40.0 1.0 66.43971 89.40507 7.67792 11.0
1.0 45.0 45.0 35.10323 116.34718 28.54187 1451.0
1.0 45.0 1.0 66.43971 89.40507 7.67792 1451.0
1.0 46.0 46.0 114.87654 130.45585 52.95613 139.0
1.0 46.0 1.0 66.43971 89.40507 7.67792 139.0
2.0 0.0 0.0 55.10579 49.2724 142.14404 9.0
2.0 0.0 2.0 27.69725 25.06984 88.19731 9.0
2.0 2.0 2.0 27.69725 25.06984 88.19731 5075.0
2.0 2.0 2.0 27.69725 25.06984 88.19731 5075.0
2.0 3.0 3.0 83.08448 3.82479 87.89946 263.0
2.0 3.0 2.0 27.69725 25.06984 88.19731 263.0
2.0 6.0 6.0 5.45122 84.89478 74.32293 341.0
2.0 6.0 2.0 27.69725 25.06984 88.19731 341.0
2.0 11.0 11.0 48.29059 14.28531 56.38852 1093.0
2.0 11.0 2.0 27.69725 25.06984 88.19731 1093.0
2.0 13.0 13.0 21.94997 31.01862 56.25235 1013.0
2.0 13.0 2.0 27.69725 25.06984 88.19731 1013.0
2.0 16.0 16.0 37.04298 38.66805 124.38512 633.0
2.0 16.0 2.0 27.69725 25.06984 88.19731 633.0
2.0 19.0 19.0 66.65428 15.36172 45.8583 14.0
2.0 19.0 2.0 27.69725 25.06984 88.19731 14.0
2.0 22.0 22.0 25.16188 80.05377 119.52337 91.0
2.0 22.0 2.0 27.69725 25.06984 88.19731 91.0
2.0 27.0 27.0 18.71975 45.48798 103.84938 1243.0
2.0 27.0 2.0 27.69725 25.06984 88.19731 1243.0
2.0 28.0 28.0 83.59172 39.63166 143.42994 1.0
2.0 28.0 2.0 27.69725 25.06984 88.19731 1.0
2.0 36.0 36.0 51.12078 19.28306 119.32609 463.0
2.0 36.0 2.0 27.69725 25.06984 88.19731 463.0
2.0 37.0 37.0 79.9469 11.08361 113.82335 360.0
2.0 37.0 2.0 27.69725 25.06984 88.19731 360.0
2.0 39.0 39.0 21.94122 50.03971 32.71909 125.0
2.0 39.0 2.0 27.69725 25.06984 88.19731 125.0
2.0 40.0 40.0 83.31493 23.55027 42.26685 1.0
2.0 40.0 2.0 27.69725 25.06984 88.19731 1.0
2.0 44.0 44.0 70.61376 22.75403 131.43151 33.0
2.0 44.0 2.0 27.69725 25.06984 88.19731 33.0
3.0 0.0 0.0 55.10579 49.2724 142.14404 1.0
3.0 0.0 3.0 83.08448 3.82479 87.89946 1.0
3.0 2.0 2.0 27.69725 25.06984 88.19731 231.0
3.0 2.0 3.0 83.08448 3.82479 87.89946 231.0
3.0 3.0 3.0 83.08448 3.82479 87.89946 5244.0
3.0 3.0 3.0 83.08448 3.82479 87.89946 5244.0
3.0 7.0 7.0 121.75972 13.44573 56.9644 176.0
3.0 7.0 3.0 83.08448 3.82479 87.89946 176.0
3.0 10.0 10.0 97.42493 3.98602 61.32898 1324.0
3.0 10.0 3.0 83.08448 3.82479 87.89946 1324.0
3.0 11.0 11.0 48.29059 14.28531 56.38852 793.0
3.0 11.0 3.0 83.08448 3.82479 87.89946 793.0
3.0 13.0 13.0 21.94997 31.01862 56.25235 8.0
3.0 13.0 3.0 83.08448 3.82479 87.89946 8.0
3.0 15.0 15.0 144.80913 26.41915 64.48096 21.0
3.0 15.0 3.0 83.08448 3.82479 87.89946 21.0
3.0 16.0 16.0 37.04298 38.66805 124.38512 17.0
3.0 16.0 3.0 83.08448 3.82479 87.89946 17.0
3.0 17.0 17.0 122.95263 11.05535 94.70037 980.0
3.0 17.0 3.0 83.08448 3.82479 87.89946 980.0
3.0 18.0 18.0 159.39949 24.99759 93.72147 2.0
3.0 18.0 3.0 83.08448 3.82479 87.89946 2.0
3.0 19.0 19.0 66.65428 15.36172 45.8583 386.0
3.0 19.0 3.0 83.08448 3.82479 87.89946 386.0
3.0 20.0 20.0 85.31655 53.70862 22.56847 1.0
3.0 20.0 3.0 83.08448 3.82479 87.89946 1.0
3.0 26.0 26.0 131.87111 45.14065 139.20761 5.0
3.0 26.0 3.0 83.08448 3.82479 87.89946 5.0
3.0 27.0 27.0 18.71975 45.48798 103.84938 2.0
3.0 27.0 3.0 83.08448 3.82479 87.89946 2.0
3.0 28.0 28.0 83.59172 39.63166 143.42994 6.0
3.0 28.0 3.0 83.08448 3.82479 87.89946 6.0
3.0 29.0 29.0 122.6871 20.69843 121.39525 177.0
3.0 29.0 3.0 83.08448 3.82479 87.89946 177.0
3.0 31.0 31.0 121.67219 39.34116 35.99965 2.0
3.0 31.0 3.0 83.08448 3.82479 87.89946 2.0
3.0 33.0 33.0 97.57313 49.87122 149.23183 1.0
3.0 33.0 3.0 83.08448 3.82479 87.89946 1.0
3.0 36.0 36.0 51.12078 19.28306 119.32609 133.0
3.0 36.0 3.0 83.08448 3.82479 87.89946 133.0
3.0 37.0 37.0 79.9469 11.08361 113.82335 1963.0
3.0 37.0 3.0 83.08448 3.82479 87.89946 1963.0
3.0 40.0 40.0 83.31493 23.55027 42.26685 144.0
3.0 40.0 3.0 83.08448 3.82479 87.89946 144.0
3.0 44.0 44.0 70.61376 22.75403 131.43151 53.0
3.0 44.0 3.0 83.08448 3.82479 87.89946 53.0
4.0 0.0 0.0 55.10579 49.2724 142.14404 21.0
4.0 0.0 4.0 72.15101 108.26122 139.8136 21.0
4.0 4.0 4.0 72.15101 108.26122 139.8136 5079.0
4.0 4.0 4.0 72.15101 108.26122 139.8136 5079.0
4.0 5.0 5.0 36.41712 130.18422 82.09904 82.0
4.0 5.0 4.0 72.15101 108.26122 139.8136 82.0
4.0 6.0 6.0 5.45122 84.89478 74.32293 2.0
4.0 6.0 4.0 72.15101 108.26122 139.8136 2.0
4.0 9.0 9.0 78.36379 140.09071 102.31949 226.0
4.0 9.0 4.0 72.15101 108.26122 139.8136 226.0
4.0 16.0 16.0 37.04298 38.66805 124.38512 1.0
4.0 16.0 4.0 72.15101 108.26122 139.8136 1.0
4.0 22.0 22.0 25.16188 80.05377 119.52337 370.0
4.0 22.0 4.0 72.15101 108.26122 139.8136 370.0
4.0 24.0 24.0 107.81929 87.21506 149.11928 1286.0
4.0 24.0 4.0 72.15101 108.26122 139.8136 1286.0
4.0 28.0 28.0 83.59172 39.63166 143.42994 5.0
4.0 28.0 4.0 72.15101 108.26122 139.8136 5.0
4.0 33.0 33.0 97.57313 49.87122 149.23183 4.0
4.0 33.0 4.0 72.15101 108.26122 139.8136 4.0
4.0 34.0 34.0 127.73992 111.26017 129.56706 668.0
4.0 34.0 4.0 72.15101 108.26122 139.8136 668.0
4.0 35.0 35.0 147.55607 121.27361 95.68508 1.0
4.0 35.0 4.0 72.15101 108.26122 139.8136 1.0
4.0 38.0 38.0 88.62246 68.24911 152.64251 193.0
4.0 38.0 4.0 72.15101 108.26122 139.8136 193.0
4.0 41.0 41.0 59.60578 125.67212 122.67173 2164.0
4.0 41.0 4.0 72.15101 108.26122 139.8136 2164.0
4.0 42.0 42.0 56.46245 85.16283 144.91064 1701.0
4.0 42.0 4.0 72.15101 108.26122 139.8136 1701.0
4.0 43.0 43.0 102.28171 137.48778 99.62786 71.0
4.0 43.0 4.0 72.15101 108.26122 139.8136 71.0
4.0 45.0 45.0 35.10323 116.34718 28.54187 1.0
4.0 45.0 4.0 72.15101 108.26122 139.8136 1.0
5.0 1.0 1.0 66.43971 89.40507 7.67792 21.0
5.0 1.0 5.0 36.41712 130.18422 82.09904 21.0
5.0 4.0 4.0 72.15101 108.26122 139.8136 105.0
5.0 4.0 5.0 36.41712 130.18422 82.09904 105.0
5.0 5.0 5.0 36.41712 130.18422 82.09904 16111.0
5.0 5.0 5.0 36.41712 130.18422 82.09904 16111.0
5.0 6.0 6.0 5.45122 84.89478 74.32293 1602.0
5.0 6.0 5.0 36.41712 130.18422 82.09904 1602.0
5.0 8.0 8.0 108.5665 85.33763 38.89203 10.0
5.0 8.0 5.0 36.41712 130.18422 82.09904 10.0
5.0 9.0 9.0 78.36379 140.09071 102.31949 1220.0
5.0 9.0 5.0 36.41712 130.18422 82.09904 1220.0
5.0 21.0 21.0 27.95128 77.86973 19.62739 12.0
5.0 21.0 5.0 36.41712 130.18422 82.09904 12.0
5.0 22.0 22.0 25.16188 80.05377 119.52337 987.0
5.0 22.0 5.0 36.41712 130.18422 82.09904 987.0
5.0 30.0 30.0 88.68391 139.84455 62.87041 1460.0
5.0 30.0 5.0 36.41712 130.18422 82.09904 1460.0
5.0 34.0 34.0 127.73992 111.26017 129.56706 1.0
5.0 34.0 5.0 36.41712 130.18422 82.09904 1.0
5.0 41.0 41.0 59.60578 125.67212 122.67173 1904.0
5.0 41.0 5.0 36.41712 130.18422 82.09904 1904.0
5.0 42.0 42.0 56.46245 85.16283 144.91064 40.0
5.0 42.0 5.0 36.41712 130.18422 82.09904 40.0
5.0 43.0 43.0 102.28171 137.48778 99.62786 86.0
5.0 43.0 5.0 36.41712 130.18422 82.09904 86.0
5.0 45.0 45.0 35.10323 116.34718 28.54187 1551.0
5.0 45.0 5.0 36.41712 130.18422 82.09904 1551.0
5.0 46.0 46.0 114.87654 130.45585 52.95613 13.0
5.0 46.0 5.0 36.41712 130.18422 82.09904 13.0
6.0 1.0 1.0 66.43971 89.40507 7.67792 1.0
6.0 1.0 6.0 5.45122 84.89478 74.32293 1.0
6.0 2.0 2.0 27.69725 25.06984 88.19731 390.0
6.0 2.0 6.0 5.45122 84.89478 74.32293 390.0
6.0 5.0 5.0 36.41712 130.18422 82.09904 1676.0
6.0 5.0 6.0 5.45122 84.89478 74.32293 1676.0
6.0 6.0 6.0 5.45122 84.89478 74.32293 11573.0
6.0 6.0 6.0 5.45122 84.89478 74.32293 11573.0
6.0 11.0 11.0 48.29059 14.28531 56.38852 3.0
6.0 11.0 6.0 5.45122 84.89478 74.32293 3.0
6.0 13.0 13.0 21.94997 31.01862 56.25235 308.0
6.0 13.0 6.0 5.45122 84.89478 74.32293 308.0
6.0 16.0 16.0 37.04298 38.66805 124.38512 14.0
6.0 16.0 6.0 5.45122 84.89478 74.32293 14.0
6.0 21.0 21.0 27.95128 77.86973 19.62739 568.0
6.0 21.0 6.0 5.45122 84.89478 74.32293 568.0
6.0 22.0 22.0 25.16188 80.05377 119.52337 1669.0
6.0 22.0 6.0 5.45122 84.89478 74.32293 1669.0
6.0 27.0 27.0 18.71975 45.48798 103.84938 702.0
6.0 27.0 6.0 5.45122 84.89478 74.32293 702.0
6.0 39.0 39.0 21.94122 50.03971 32.71909 1044.0
6.0 39.0 6.0 5.45122 84.89478 74.32293 1044.0
6.0 41.0 41.0 59.60578 125.67212 122.67173 26.0
6.0 41.0 6.0 5.45122 84.89478 74.32293 26.0
6.0 42.0 42.0 56.46245 85.16283 144.91064 1.0
6.0 42.0 6.0 5.45122 84.89478 74.32293 1.0
6.0 45.0 45.0 35.10323 116.34718 28.54187 749.0
6.0 45.0 6.0 5.45122 84.89478 74.32293 749.0
7.0 3.0 3.0 83.08448 3.82479 87.89946 181.0
7.0 3.0 7.0 121.75972 13.44573 56.9644 181.0
7.0 7.0 7.0 121.75972 13.44573 56.9644 3089.0
7.0 7.0 7.0 121.75972 13.44573 56.9644 3089.0
7.0 8.0 8.0 108.5665 85.33763 38.89203 5.0
7.0 8.0 7.0 121.75972 13.44573 56.9644 5.0
7.0 10.0 10.0 97.42493 3.98602 61.32898 1156.0
7.0 10.0 7.0 121.75972 13.44573 56.9644 1156.0
7.0 15.0 15.0 144.80913 26.41915 64.48096 1210.0
7.0 15.0 7.0 121.75972 13.44573 56.9644 1210.0
7.0 17.0 17.0 122.95263 11.05535 94.70037 683.0
7.0 17.0 7.0 121.75972 13.44573 56.9644 683.0
7.0 18.0 18.0 159.39949 24.99759 93.72147 33.0
7.0 18.0 7.0 121.75972 13.44573 56.9644 33.0
7.0 19.0 19.0 66.65428 15.36172 45.8583 16.0
7.0 19.0 7.0 121.75972 13.44573 56.9644 16.0
7.0 20.0 20.0 85.31655 53.70862 22.56847 39.0
7.0 20.0 7.0 121.75972 13.44573 56.9644 39.0
7.0 23.0 23.0 173.51268 43.64671 76.47291 7.0
7.0 23.0 7.0 121.75972 13.44573 56.9644 7.0
7.0 26.0 26.0 131.87111 45.14065 139.20761 1.0
7.0 26.0 7.0 121.75972 13.44573 56.9644 1.0
7.0 29.0 29.0 122.6871 20.69843 121.39525 13.0
7.0 29.0 7.0 121.75972 13.44573 56.9644 13.0
7.0 31.0 31.0 121.67219 39.34116 35.99965 1162.0
7.0 31.0 7.0 121.75972 13.44573 56.9644 1162.0
7.0 32.0 32.0 156.88534 89.23223 57.95509 2.0
7.0 32.0 7.0 121.75972 13.44573 56.9644 2.0
7.0 37.0 37.0 79.9469 11.08361 113.82335 8.0
7.0 37.0 7.0 121.75972 13.44573 56.9644 8.0
7.0 40.0 40.0 83.31493 23.55027 42.26685 268.0
7.0 40.0 7.0 121.75972 13.44573 56.9644 268.0
8.0 1.0 1.0 66.43971 89.40507 7.67792 1177.0
8.0 1.0 8.0 108.5665 85.33763 38.89203 1177.0
8.0 5.0 5.0 36.41712 130.18422 82.09904 10.0
8.0 5.0 8.0 108.5665 85.33763 38.89203 10.0
8.0 7.0 7.0 121.75972 13.44573 56.9644 3.0
8.0 7.0 8.0 108.5665 85.33763 38.89203 3.0
8.0 8.0 8.0 108.5665 85.33763 38.89203 21868.0
8.0 8.0 8.0 108.5665 85.33763 38.89203 21868.0
8.0 9.0 9.0 78.36379 140.09071 102.31949 1.0
8.0 9.0 8.0 108.5665 85.33763 38.89203 1.0
8.0 12.0 12.0 179.79875 86.47972 84.89228 6.0
8.0 12.0 8.0 108.5665 85.33763 38.89203 6.0
8.0 14.0 14.0 128.53173 115.96081 40.43438 2072.0
8.0 14.0 8.0 108.5665 85.33763 38.89203 2072.0
8.0 15.0 15.0 144.80913 26.41915 64.48096 41.0
8.0 15.0 8.0 108.5665 85.33763 38.89203 41.0
8.0 20.0 20.0 85.31655 53.70862 22.56847 2498.0
8.0 20.0 8.0 108.5665 85.33763 38.89203 2498.0
8.0 21.0 21.0 27.95128 77.86973 19.62739 1.0
8.0 21.0 8.0 108.5665 85.33763 38.89203 1.0
8.0 23.0 23.0 173.51268 43.64671 76.47291 7.0
8.0 23.0 8.0 108.5665 85.33763 38.89203 7.0
8.0 24.0 24.0 107.81929 87.21506 149.11928 1.0
8.0 24.0 8.0 108.5665 85.33763 38.89203 1.0
8.0 30.0 30.0 88.68391 139.84455 62.87041 455.0
8.0 30.0 8.0 108.5665 85.33763 38.89203 455.0
8.0 31.0 31.0 121.67219 39.34116 35.99965 1484.0
8.0 31.0 8.0 108.5665 85.33763 38.89203 1484.0
8.0 32.0 32.0 156.88534 89.23223 57.95509 1159.0
8.0 32.0 8.0 108.5665 85.33763 38.89203 1159.0
8.0 35.0 35.0 147.55607 121.27361 95.68508 1.0
8.0 35.0 8.0 108.5665 85.33763 38.89203 1.0
8.0 40.0 40.0 83.31493 23.55027 42.26685 21.0
8.0 40.0 8.0 108.5665 85.33763 38.89203 21.0
8.0 41.0 41.0 59.60578 125.67212 122.67173 1.0
8.0 41.0 8.0 108.5665 85.33763 38.89203 1.0
8.0 43.0 43.0 102.28171 137.48778 99.62786 1.0
8.0 43.0 8.0 108.5665 85.33763 38.89203 1.0
8.0 45.0 45.0 35.10323 116.34718 28.54187 85.0
8.0 45.0 8.0 108.5665 85.33763 38.89203 85.0
8.0 46.0 46.0 114.87654 130.45585 52.95613 815.0
8.0 46.0 8.0 108.5665 85.33763 38.89203 815.0
9.0 4.0 4.0 72.15101 108.26122 139.8136 232.0
9.0 4.0 9.0 78.36379 140.09071 102.31949 232.0
9.0 5.0 5.0 36.41712 130.18422 82.09904 1138.0
9.0 5.0 9.0 78.36379 140.09071 102.31949 1138.0
9.0 9.0 9.0 78.36379 140.09071 102.31949 3569.0
9.0 9.0 9.0 78.36379 140.09071 102.31949 3569.0
9.0 24.0 24.0 107.81929 87.21506 149.11928 22.0
9.0 24.0 9.0 78.36379 140.09071 102.31949 22.0
9.0 30.0 30.0 88.68391 139.84455 62.87041 931.0
9.0 30.0 9.0 78.36379 140.09071 102.31949 931.0
9.0 34.0 34.0 127.73992 111.26017 129.56706 511.0
9.0 34.0 9.0 78.36379 140.09071 102.31949 511.0
9.0 35.0 35.0 147.55607 121.27361 95.68508 16.0
9.0 35.0 9.0 78.36379 140.09071 102.31949 16.0
9.0 41.0 41.0 59.60578 125.67212 122.67173 1646.0
9.0 41.0 9.0 78.36379 140.09071 102.31949 1646.0
9.0 43.0 43.0 102.28171 137.48778 99.62786 1613.0
9.0 43.0 9.0 78.36379 140.09071 102.31949 1613.0
9.0 45.0 45.0 35.10323 116.34718 28.54187 3.0
9.0 45.0 9.0 78.36379 140.09071 102.31949 3.0
9.0 46.0 46.0 114.87654 130.45585 52.95613 2.0
9.0 46.0 9.0 78.36379 140.09071 102.31949 2.0
10.0 2.0 2.0 27.69725 25.06984 88.19731 4.0
10.0 2.0 10.0 97.42493 3.98602 61.32898 4.0
10.0 3.0 3.0 83.08448 3.82479 87.89946 1218.0
10.0 3.0 10.0 97.42493 3.98602 61.32898 1218.0
10.0 7.0 7.0 121.75972 13.44573 56.9644 1213.0
10.0 7.0 10.0 97.42493 3.98602 61.32898 1213.0
10.0 10.0 10.0 97.42493 3.98602 61.32898 3057.0
10.0 10.0 10.0 97.42493 3.98602 61.32898 3057.0
10.0 11.0 11.0 48.29059 14.28531 56.38852 147.0
10.0 11.0 10.0 97.42493 3.98602 61.32898 147.0
10.0 15.0 15.0 144.80913 26.41915 64.48096 79.0
10.0 15.0 10.0 97.42493 3.98602 61.32898 79.0
10.0 17.0 17.0 122.95263 11.05535 94.70037 428.0
10.0 17.0 10.0 97.42493 3.98602 61.32898 428.0
10.0 18.0 18.0 159.39949 24.99759 93.72147 2.0
10.0 18.0 10.0 97.42493 3.98602 61.32898 2.0
10.0 19.0 19.0 66.65428 15.36172 45.8583 456.0
10.0 19.0 10.0 97.42493 3.98602 61.32898 456.0
10.0 20.0 20.0 85.31655 53.70862 22.56847 34.0
10.0 20.0 10.0 97.42493 3.98602 61.32898 34.0
10.0 29.0 29.0 122.6871 20.69843 121.39525 5.0
10.0 29.0 10.0 97.42493 3.98602 61.32898 5.0
10.0 31.0 31.0 121.67219 39.34116 35.99965 310.0
10.0 31.0 10.0 97.42493 3.98602 61.32898 310.0
10.0 37.0 37.0 79.9469 11.08361 113.82335 52.0
10.0 37.0 10.0 97.42493 3.98602 61.32898 52.0
10.0 40.0 40.0 83.31493 23.55027 42.26685 966.0
10.0 40.0 10.0 97.42493 3.98602 61.32898 966.0
11.0 1.0 1.0 66.43971 89.40507 7.67792 24.0
11.0 1.0 11.0 48.29059 14.28531 56.38852 24.0
11.0 2.0 2.0 27.69725 25.06984 88.19731 1096.0
11.0 2.0 11.0 48.29059 14.28531 56.38852 1096.0
11.0 3.0 3.0 83.08448 3.82479 87.89946 880.0
11.0 3.0 11.0 48.29059 14.28531 56.38852 880.0
11.0 6.0 6.0 5.45122 84.89478 74.32293 3.0
11.0 6.0 11.0 48.29059 14.28531 56.38852 3.0
11.0 7.0 7.0 121.75972 13.44573 56.9644 1.0
11.0 7.0 11.0 48.29059 14.28531 56.38852 1.0
11.0 10.0 10.0 97.42493 3.98602 61.32898 183.0
11.0 10.0 11.0 48.29059 14.28531 56.38852 183.0
11.0 11.0 11.0 48.29059 14.28531 56.38852 5874.0
11.0 11.0 11.0 48.29059 14.28531 56.38852 5874.0
11.0 13.0 13.0 21.94997 31.01862 56.25235 1112.0
11.0 13.0 11.0 48.29059 14.28531 56.38852 1112.0
11.0 16.0 16.0 37.04298 38.66805 124.38512 17.0
11.0 16.0 11.0 48.29059 14.28531 56.38852 17.0
11.0 19.0 19.0 66.65428 15.36172 45.8583 1560.0
11.0 19.0 11.0 48.29059 14.28531 56.38852 1560.0
11.0 20.0 20.0 85.31655 53.70862 22.56847 258.0
11.0 20.0 11.0 48.29059 14.28531 56.38852 258.0
11.0 21.0 21.0 27.95128 77.86973 19.62739 32.0
11.0 21.0 11.0 48.29059 14.28531 56.38852 32.0
11.0 22.0 22.0 25.16188 80.05377 119.52337 1.0
11.0 22.0 11.0 48.29059 14.28531 56.38852 1.0
11.0 27.0 27.0 18.71975 45.48798 103.84938 12.0
11.0 27.0 11.0 48.29059 14.28531 56.38852 12.0
11.0 31.0 31.0 121.67219 39.34116 35.99965 4.0
11.0 31.0 11.0 48.29059 14.28531 56.38852 4.0
11.0 36.0 36.0 51.12078 19.28306 119.32609 66.0
11.0 36.0 11.0 48.29059 14.28531 56.38852 66.0
11.0 37.0 37.0 79.9469 11.08361 113.82335 236.0
11.0 37.0 11.0 48.29059 14.28531 56.38852 236.0
11.0 39.0 39.0 21.94122 50.03971 32.71909 685.0
11.0 39.0 11.0 48.29059 14.28531 56.38852 685.0
11.0 40.0 40.0 83.31493 23.55027 42.26685 516.0
11.0 40.0 11.0 48.29059 14.28531 56.38852 516.0
11.0 44.0 44.0 70.61376 22.75403 131.43151 2.0
11.0 44.0 11.0 48.29059 14.28531 56.38852 2.0
12.0 8.0 8.0 108.5665 85.33763 38.89203 6.0
12.0 8.0 12.0 179.79875 86.47972 84.89228 6.0
12.0 12.0 12.0 179.79875 86.47972 84.89228 4281.0
12.0 12.0 12.0 179.79875 86.47972 84.89228 4281.0
12.0 14.0 14.0 128.53173 115.96081 40.43438 20.0
12.0 14.0 12.0 179.79875 86.47972 84.89228 20.0
12.0 15.0 15.0 144.80913 26.41915 64.48096 33.0
12.0 15.0 12.0 179.79875 86.47972 84.89228 33.0
12.0 18.0 18.0 159.39949 24.99759 93.72147 23.0
12.0 18.0 12.0 179.79875 86.47972 84.89228 23.0
12.0 23.0 23.0 173.51268 43.64671 76.47291 470.0
12.0 23.0 12.0 179.79875 86.47972 84.89228 470.0
12.0 24.0 24.0 107.81929 87.21506 149.11928 1.0
12.0 24.0 12.0 179.79875 86.47972 84.89228 1.0
12.0 25.0 25.0 182.77128 64.72366 100.68622 943.0
12.0 25.0 12.0 179.79875 86.47972 84.89228 943.0
12.0 26.0 26.0 131.87111 45.14065 139.20761 1.0
12.0 26.0 12.0 179.79875 86.47972 84.89228 1.0
12.0 31.0 31.0 121.67219 39.34116 35.99965 8.0
12.0 31.0 12.0 179.79875 86.47972 84.89228 8.0
12.0 32.0 32.0 156.88534 89.23223 57.95509 1413.0
12.0 32.0 12.0 179.79875 86.47972 84.89228 1413.0
12.0 34.0 34.0 127.73992 111.26017 129.56706 97.0
12.0 34.0 12.0 179.79875 86.47972 84.89228 97.0
12.0 35.0 35.0 147.55607 121.27361 95.68508 1009.0
12.0 35.0 12.0 179.79875 86.47972 84.89228 1009.0
12.0 46.0 46.0 114.87654 130.45585 52.95613 8.0
12.0 46.0 12.0 179.79875 86.47972 84.89228 8.0
12.0 47.0 47.0 164.13875 62.69015 126.24499 393.0
12.0 47.0 12.0 179.79875 86.47972 84.89228 393.0
13.0 1.0 1.0 66.43971 89.40507 7.67792 2.0
13.0 1.0 13.0 21.94997 31.01862 56.25235 2.0
13.0 2.0 2.0 27.69725 25.06984 88.19731 1079.0
13.0 2.0 13.0 21.94997 31.01862 56.25235 1079.0
13.0 3.0 3.0 83.08448 3.82479 87.89946 7.0
13.0 3.0 13.0 21.94997 31.01862 56.25235 7.0
13.0 6.0 6.0 5.45122 84.89478 74.32293 334.0
13.0 6.0 13.0 21.94997 31.01862 56.25235 334.0
13.0 11.0 11.0 48.29059 14.28531 56.38852 1273.0
13.0 11.0 13.0 21.94997 31.01862 56.25235 1273.0
13.0 13.0 13.0 21.94997 31.01862 56.25235 2622.0
13.0 13.0 13.0 21.94997 31.01862 56.25235 2622.0
13.0 19.0 19.0 66.65428 15.36172 45.8583 77.0
13.0 19.0 13.0 21.94997 31.01862 56.25235 77.0
13.0 20.0 20.0 85.31655 53.70862 22.56847 11.0
13.0 20.0 13.0 21.94997 31.01862 56.25235 11.0
13.0 21.0 21.0 27.95128 77.86973 19.62739 20.0
13.0 21.0 13.0 21.94997 31.01862 56.25235 20.0
13.0 22.0 22.0 25.16188 80.05377 119.52337 7.0
13.0 22.0 13.0 21.94997 31.01862 56.25235 7.0
13.0 27.0 27.0 18.71975 45.48798 103.84938 105.0
13.0 27.0 13.0 21.94997 31.01862 56.25235 105.0
13.0 36.0 36.0 51.12078 19.28306 119.32609 3.0
13.0 36.0 13.0 21.94997 31.01862 56.25235 3.0
13.0 37.0 37.0 79.9469 11.08361 113.82335 4.0
13.0 37.0 13.0 21.94997 31.01862 56.25235 4.0
13.0 39.0 39.0 21.94122 50.03971 32.71909 1342.0
13.0 39.0 13.0 21.94997 31.01862 56.25235 1342.0
13.0 40.0 40.0 83.31493 23.55027 42.26685 13.0
13.0 40.0 13.0 21.94997 31.01862 56.25235 13.0
14.0 1.0 1.0 66.43971 89.40507 7.67792 40.0
14.0 1.0 14.0 128.53173 115.96081 40.43438 40.0
14.0 8.0 8.0 108.5665 85.33763 38.89203 2192.0
14.0 8.0 14.0 128.53173 115.96081 40.43438 2192.0
14.0 12.0 12.0 179.79875 86.47972 84.89228 8.0
14.0 12.0 14.0 128.53173 115.96081 40.43438 8.0
14.0 14.0 14.0 128.53173 115.96081 40.43438 5114.0
14.0 14.0 14.0 128.53173 115.96081 40.43438 5114.0
14.0 20.0 20.0 85.31655 53.70862 22.56847 9.0
14.0 20.0 14.0 128.53173 115.96081 40.43438 9.0
14.0 30.0 30.0 88.68391 139.84455 62.87041 207.0
14.0 30.0 14.0 128.53173 115.96081 40.43438 207.0
14.0 31.0 31.0 121.67219 39.34116 35.99965 9.0
14.0 31.0 14.0 128.53173 115.96081 40.43438 9.0
14.0 32.0 32.0 156.88534 89.23223 57.95509 1177.0
14.0 32.0 14.0 128.53173 115.96081 40.43438 1177.0
14.0 35.0 35.0 147.55607 121.27361 95.68508 273.0
14.0 35.0 14.0 128.53173 115.96081 40.43438 273.0
14.0 43.0 43.0 102.28171 137.48778 99.62786 4.0
14.0 43.0 14.0 128.53173 115.96081 40.43438 4.0
14.0 45.0 45.0 35.10323 116.34718 28.54187 1.0
14.0 45.0 14.0 128.53173 115.96081 40.43438 1.0
14.0 46.0 46.0 114.87654 130.45585 52.95613 2267.0
14.0 46.0 14.0 128.53173 115.96081 40.43438 2267.0
15.0 3.0 3.0 83.08448 3.82479 87.89946 22.0
15.0 3.0 15.0 144.80913 26.41915 64.48096 22.0
15.0 7.0 7.0 121.75972 13.44573 56.9644 1253.0
15.0 7.0 15.0 144.80913 26.41915 64.48096 1253.0
15.0 8.0 8.0 108.5665 85.33763 38.89203 61.0
15.0 8.0 15.0 144.80913 26.41915 64.48096 61.0
15.0 10.0 10.0 97.42493 3.98602 61.32898 83.0
15.0 10.0 15.0 144.80913 26.41915 64.48096 83.0
15.0 12.0 12.0 179.79875 86.47972 84.89228 29.0
15.0 12.0 15.0 144.80913 26.41915 64.48096 29.0
15.0 15.0 15.0 144.80913 26.41915 64.48096 3598.0
15.0 15.0 15.0 144.80913 26.41915 64.48096 3598.0
15.0 17.0 17.0 122.95263 11.05535 94.70037 768.0
15.0 17.0 15.0 144.80913 26.41915 64.48096 768.0
15.0 18.0 18.0 159.39949 24.99759 93.72147 776.0
15.0 18.0 15.0 144.80913 26.41915 64.48096 776.0
15.0 20.0 20.0 85.31655 53.70862 22.56847 3.0
15.0 20.0 15.0 144.80913 26.41915 64.48096 3.0
15.0 23.0 23.0 173.51268 43.64671 76.47291 628.0
15.0 23.0 15.0 144.80913 26.41915 64.48096 628.0
15.0 25.0 25.0 182.77128 64.72366 100.68622 5.0
15.0 25.0 15.0 144.80913 26.41915 64.48096 5.0
15.0 26.0 26.0 131.87111 45.14065 139.20761 5.0
15.0 26.0 15.0 144.80913 26.41915 64.48096 5.0
15.0 29.0 29.0 122.6871 20.69843 121.39525 56.0
15.0 29.0 15.0 144.80913 26.41915 64.48096 56.0
15.0 31.0 31.0 121.67219 39.34116 35.99965 1117.0
15.0 31.0 15.0 144.80913 26.41915 64.48096 1117.0
15.0 32.0 32.0 156.88534 89.23223 57.95509 273.0
15.0 32.0 15.0 144.80913 26.41915 64.48096 273.0
15.0 37.0 37.0 79.9469 11.08361 113.82335 4.0
15.0 37.0 15.0 144.80913 26.41915 64.48096 4.0
15.0 40.0 40.0 83.31493 23.55027 42.26685 5.0
15.0 40.0 15.0 144.80913 26.41915 64.48096 5.0
15.0 47.0 47.0 164.13875 62.69015 126.24499 4.0
15.0 47.0 15.0 144.80913 26.41915 64.48096 4.0
16.0 0.0 0.0 55.10579 49.2724 142.14404 1114.0
16.0 0.0 16.0 37.04298 38.66805 124.38512 1114.0
16.0 2.0 2.0 27.69725 25.06984 88.19731 641.0
16.0 2.0 16.0 37.04298 38.66805 124.38512 641.0
16.0 3.0 3.0 83.08448 3.82479 87.89946 15.0
16.0 3.0 16.0 37.04298 38.66805 124.38512 15.0
16.0 4.0 4.0 72.15101 108.26122 139.8136 2.0
16.0 4.0 16.0 37.04298 38.66805 124.38512 2.0
16.0 6.0 6.0 5.45122 84.89478 74.32293 8.0
16.0 6.0 16.0 37.04298 38.66805 124.38512 8.0
16.0 11.0 11.0 48.29059 14.28531 56.38852 14.0
16.0 11.0 16.0 37.04298 38.66805 124.38512 14.0
16.0 16.0 16.0 37.04298 38.66805 124.38512 3079.0
16.0 16.0 16.0 37.04298 38.66805 124.38512 3079.0
16.0 22.0 22.0 25.16188 80.05377 119.52337 973.0
16.0 22.0 16.0 37.04298 38.66805 124.38512 973.0
16.0 27.0 27.0 18.71975 45.48798 103.84938 898.0
16.0 27.0 16.0 37.04298 38.66805 124.38512 898.0
16.0 28.0 28.0 83.59172 39.63166 143.42994 54.0
16.0 28.0 16.0 37.04298 38.66805 124.38512 54.0
16.0 33.0 33.0 97.57313 49.87122 149.23183 4.0
16.0 33.0 16.0 37.04298 38.66805 124.38512 4.0
16.0 36.0 36.0 51.12078 19.28306 119.32609 790.0
16.0 36.0 16.0 37.04298 38.66805 124.38512 790.0
16.0 37.0 37.0 79.9469 11.08361 113.82335 154.0
16.0 37.0 16.0 37.04298 38.66805 124.38512 154.0
16.0 38.0 38.0 88.62246 68.24911 152.64251 14.0
16.0 38.0 16.0 37.04298 38.66805 124.38512 14.0
16.0 42.0 42.0 56.46245 85.16283 144.91064 162.0
16.0 42.0 16.0 37.04298 38.66805 124.38512 162.0
16.0 44.0 44.0 70.61376 22.75403 131.43151 187.0
16.0 44.0 16.0 37.04298 38.66805 124.38512 187.0
17.0 3.0 3.0 83.08448 3.82479 87.89946 964.0
17.0 3.0 17.0 122.95263 11.05535 94.70037 964.0
17.0 7.0 7.0 121.75972 13.44573 56.9644 680.0
17.0 7.0 17.0 122.95263 11.05535 94.70037 680.0
17.0 10.0 10.0 97.42493 3.98602 61.32898 413.0
17.0 10.0 17.0 122.95263 11.05535 94.70037 413.0
17.0 15.0 15.0 144.80913 26.41915 64.48096 747.0
17.0 15.0 17.0 122.95263 11.05535 94.70037 747.0
17.0 17.0 17.0 122.95263 11.05535 94.70037 3874.0
17.0 17.0 17.0 122.95263 11.05535 94.70037 3874.0
17.0 18.0 18.0 159.39949 24.99759 93.72147 483.0
17.0 18.0 17.0 122.95263 11.05535 94.70037 483.0
17.0 19.0 19.0 66.65428 15.36172 45.8583 3.0
17.0 19.0 17.0 122.95263 11.05535 94.70037 3.0
17.0 23.0 23.0 173.51268 43.64671 76.47291 6.0
17.0 23.0 17.0 122.95263 11.05535 94.70037 6.0
17.0 26.0 26.0 131.87111 45.14065 139.20761 84.0
17.0 26.0 17.0 122.95263 11.05535 94.70037 84.0
17.0 28.0 28.0 83.59172 39.63166 143.42994 9.0
17.0 28.0 17.0 122.95263 11.05535 94.70037 9.0
17.0 29.0 29.0 122.6871 20.69843 121.39525 1155.0
17.0 29.0 17.0 122.95263 11.05535 94.70037 1155.0
17.0 31.0 31.0 121.67219 39.34116 35.99965 6.0
17.0 31.0 17.0 122.95263 11.05535 94.70037 6.0
17.0 32.0 32.0 156.88534 89.23223 57.95509 1.0
17.0 32.0 17.0 122.95263 11.05535 94.70037 1.0
17.0 33.0 33.0 97.57313 49.87122 149.23183 2.0
17.0 33.0 17.0 122.95263 11.05535 94.70037 2.0
17.0 37.0 37.0 79.9469 11.08361 113.82335 408.0
17.0 37.0 17.0 122.95263 11.05535 94.70037 408.0
17.0 40.0 40.0 83.31493 23.55027 42.26685 3.0
17.0 40.0 17.0 122.95263 11.05535 94.70037 3.0
17.0 44.0 44.0 70.61376 22.75403 131.43151 5.0
17.0 44.0 17.0 122.95263 11.05535 94.70037 5.0
17.0 45.0 45.0 35.10323 116.34718 28.54187 1.0
17.0 45.0 17.0 122.95263 11.05535 94.70037 1.0
17.0 47.0 47.0 164.13875 62.69015 126.24499 25.0
17.0 47.0 17.0 122.95263 11.05535 94.70037 25.0
18.0 3.0 3.0 83.08448 3.82479 87.89946 2.0
18.0 3.0 18.0 159.39949 24.99759 93.72147 2.0
18.0 7.0 7.0 121.75972 13.44573 56.9644 40.0
18.0 7.0 18.0 159.39949 24.99759 93.72147 40.0
18.0 10.0 10.0 97.42493 3.98602 61.32898 3.0
18.0 10.0 18.0 159.39949 24.99759 93.72147 3.0
18.0 12.0 12.0 179.79875 86.47972 84.89228 18.0
18.0 12.0 18.0 159.39949 24.99759 93.72147 18.0
18.0 15.0 15.0 144.80913 26.41915 64.48096 828.0
18.0 15.0 18.0 159.39949 24.99759 93.72147 828.0
18.0 17.0 17.0 122.95263 11.05535 94.70037 530.0
18.0 17.0 18.0 159.39949 24.99759 93.72147 530.0
18.0 18.0 18.0 159.39949 24.99759 93.72147 2323.0
18.0 18.0 18.0 159.39949 24.99759 93.72147 2323.0
18.0 23.0 23.0 173.51268 43.64671 76.47291 786.0
18.0 23.0 18.0 159.39949 24.99759 93.72147 786.0
18.0 25.0 25.0 182.77128 64.72366 100.68622 106.0
18.0 25.0 18.0 159.39949 24.99759 93.72147 106.0
18.0 26.0 26.0 131.87111 45.14065 139.20761 199.0
18.0 26.0 18.0 159.39949 24.99759 93.72147 199.0
18.0 29.0 29.0 122.6871 20.69843 121.39525 410.0
18.0 29.0 18.0 159.39949 24.99759 93.72147 410.0
18.0 31.0 31.0 121.67219 39.34116 35.99965 12.0
18.0 31.0 18.0 159.39949 24.99759 93.72147 12.0
18.0 32.0 32.0 156.88534 89.23223 57.95509 12.0
18.0 32.0 18.0 159.39949 24.99759 93.72147 12.0
18.0 37.0 37.0 79.9469 11.08361 113.82335 3.0
18.0 37.0 18.0 159.39949 24.99759 93.72147 3.0
18.0 47.0 47.0 164.13875 62.69015 126.24499 478.0
18.0 47.0 18.0 159.39949 24.99759 93.72147 478.0
19.0 1.0 1.0 66.43971 89.40507 7.67792 22.0
19.0 1.0 19.0 66.65428 15.36172 45.8583 22.0
19.0 2.0 2.0 27.69725 25.06984 88.19731 12.0
19.0 2.0 19.0 66.65428 15.36172 45.8583 12.0
19.0 3.0 3.0 83.08448 3.82479 87.89946 388.0
19.0 3.0 19.0 66.65428 15.36172 45.8583 388.0
19.0 7.0 7.0 121.75972 13.44573 56.9644 11.0
19.0 7.0 19.0 66.65428 15.36172 45.8583 11.0
19.0 8.0 8.0 108.5665 85.33763 38.89203 1.0
19.0 8.0 19.0 66.65428 15.36172 45.8583 1.0
19.0 10.0 10.0 97.42493 3.98602 61.32898 448.0
19.0 10.0 19.0 66.65428 15.36172 45.8583 448.0
19.0 11.0 11.0 48.29059 14.28531 56.38852 1387.0
19.0 11.0 19.0 66.65428 15.36172 45.8583 1387.0
19.0 13.0 13.0 21.94997 31.01862 56.25235 52.0
19.0 13.0 19.0 66.65428 15.36172 45.8583 52.0
19.0 17.0 17.0 122.95263 11.05535 94.70037 2.0
19.0 17.0 19.0 66.65428 15.36172 45.8583 2.0
19.0 19.0 19.0 66.65428 15.36172 45.8583 1505.0
19.0 19.0 19.0 66.65428 15.36172 45.8583 1505.0
19.0 20.0 20.0 85.31655 53.70862 22.56847 488.0
19.0 20.0 19.0 66.65428 15.36172 45.8583 488.0
19.0 21.0 21.0 27.95128 77.86973 19.62739 13.0
19.0 21.0 19.0 66.65428 15.36172 45.8583 13.0
19.0 31.0 31.0 121.67219 39.34116 35.99965 32.0
19.0 31.0 19.0 66.65428 15.36172 45.8583 32.0
19.0 36.0 36.0 51.12078 19.28306 119.32609 1.0
19.0 36.0 19.0 66.65428 15.36172 45.8583 1.0
19.0 37.0 37.0 79.9469 11.08361 113.82335 18.0
19.0 37.0 19.0 66.65428 15.36172 45.8583 18.0
19.0 39.0 39.0 21.94122 50.03971 32.71909 175.0
19.0 39.0 19.0 66.65428 15.36172 45.8583 175.0
19.0 40.0 40.0 83.31493 23.55027 42.26685 1244.0
19.0 40.0 19.0 66.65428 15.36172 45.8583 1244.0
20.0 1.0 1.0 66.43971 89.40507 7.67792 1599.0
20.0 1.0 20.0 85.31655 53.70862 22.56847 1599.0
20.0 7.0 7.0 121.75972 13.44573 56.9644 17.0
20.0 7.0 20.0 85.31655 53.70862 22.56847 17.0
20.0 8.0 8.0 108.5665 85.33763 38.89203 2713.0
20.0 8.0 20.0 85.31655 53.70862 22.56847 2713.0
20.0 10.0 10.0 97.42493 3.98602 61.32898 20.0
20.0 10.0 20.0 85.31655 53.70862 22.56847 20.0
20.0 11.0 11.0 48.29059 14.28531 56.38852 238.0
20.0 11.0 20.0 85.31655 53.70862 22.56847 238.0
20.0 12.0 12.0 179.79875 86.47972 84.89228 1.0
20.0 12.0 20.0 85.31655 53.70862 22.56847 1.0
20.0 13.0 13.0 21.94997 31.01862 56.25235 6.0
20.0 13.0 20.0 85.31655 53.70862 22.56847 6.0
20.0 14.0 14.0 128.53173 115.96081 40.43438 4.0
20.0 14.0 20.0 85.31655 53.70862 22.56847 4.0
20.0 15.0 15.0 144.80913 26.41915 64.48096 1.0
20.0 15.0 20.0 85.31655 53.70862 22.56847 1.0
20.0 19.0 19.0 66.65428 15.36172 45.8583 383.0
20.0 19.0 20.0 85.31655 53.70862 22.56847 383.0
20.0 20.0 20.0 85.31655 53.70862 22.56847 9403.0
20.0 20.0 20.0 85.31655 53.70862 22.56847 9403.0
20.0 21.0 21.0 27.95128 77.86973 19.62739 219.0
20.0 21.0 20.0 85.31655 53.70862 22.56847 219.0
20.0 31.0 31.0 121.67219 39.34116 35.99965 1650.0
20.0 31.0 20.0 85.31655 53.70862 22.56847 1650.0
20.0 32.0 32.0 156.88534 89.23223 57.95509 5.0
20.0 32.0 20.0 85.31655 53.70862 22.56847 5.0
20.0 39.0 39.0 21.94122 50.03971 32.71909 398.0
20.0 39.0 20.0 85.31655 53.70862 22.56847 398.0
20.0 40.0 40.0 83.31493 23.55027 42.26685 1318.0
20.0 40.0 20.0 85.31655 53.70862 22.56847 1318.0
20.0 45.0 45.0 35.10323 116.34718 28.54187 2.0
20.0 45.0 20.0 85.31655 53.70862 22.56847 2.0
20.0 46.0 46.0 114.87654 130.45585 52.95613 1.0
20.0 46.0 20.0 85.31655 53.70862 22.56847 1.0
21.0 1.0 1.0 66.43971 89.40507 7.67792 1193.0
21.0 1.0 21.0 27.95128 77.86973 19.62739 1193.0
21.0 5.0 5.0 36.41712 130.18422 82.09904 9.0
21.0 5.0 21.0 27.95128 77.86973 19.62739 9.0
21.0 6.0 6.0 5.45122 84.89478 74.32293 586.0
21.0 6.0 21.0 27.95128 77.86973 19.62739 586.0
21.0 8.0 8.0 108.5665 85.33763 38.89203 5.0
21.0 8.0 21.0 27.95128 77.86973 19.62739 5.0
21.0 11.0 11.0 48.29059 14.28531 56.38852 33.0
21.0 11.0 21.0 27.95128 77.86973 19.62739 33.0
21.0 13.0 13.0 21.94997 31.01862 56.25235 13.0
21.0 13.0 21.0 27.95128 77.86973 19.62739 13.0
21.0 19.0 19.0 66.65428 15.36172 45.8583 14.0
21.0 19.0 21.0 27.95128 77.86973 19.62739 14.0
21.0 20.0 20.0 85.31655 53.70862 22.56847 265.0
21.0 20.0 21.0 27.95128 77.86973 19.62739 265.0
21.0 21.0 21.0 27.95128 77.86973 19.62739 4390.0
21.0 21.0 21.0 27.95128 77.86973 19.62739 4390.0
21.0 39.0 39.0 21.94122 50.03971 32.71909 1783.0
21.0 39.0 21.0 27.95128 77.86973 19.62739 1783.0
21.0 40.0 40.0 83.31493 23.55027 42.26685 4.0
21.0 40.0 21.0 27.95128 77.86973 19.62739 4.0
21.0 45.0 45.0 35.10323 116.34718 28.54187 1511.0
21.0 45.0 21.0 27.95128 77.86973 19.62739 1511.0
22.0 0.0 0.0 55.10579 49.2724 142.14404 546.0
22.0 0.0 22.0 25.16188 80.05377 119.52337 546.0
22.0 2.0 2.0 27.69725 25.06984 88.19731 74.0
22.0 2.0 22.0 25.16188 80.05377 119.52337 74.0
22.0 4.0 4.0 72.15101 108.26122 139.8136 387.0
22.0 4.0 22.0 25.16188 80.05377 119.52337 387.0
22.0 5.0 5.0 36.41712 130.18422 82.09904 989.0
22.0 5.0 22.0 25.16188 80.05377 119.52337 989.0
22.0 6.0 6.0 5.45122 84.89478 74.32293 1508.0
22.0 6.0 22.0 25.16188 80.05377 119.52337 1508.0
22.0 13.0 13.0 21.94997 31.01862 56.25235 5.0
22.0 13.0 22.0 25.16188 80.05377 119.52337 5.0
22.0 16.0 16.0 37.04298 38.66805 124.38512 923.0
22.0 16.0 22.0 25.16188 80.05377 119.52337 923.0
22.0 22.0 22.0 25.16188 80.05377 119.52337 10143.0
22.0 22.0 22.0 25.16188 80.05377 119.52337 10143.0
22.0 24.0 24.0 107.81929 87.21506 149.11928 1.0
22.0 24.0 22.0 25.16188 80.05377 119.52337 1.0
22.0 27.0 27.0 18.71975 45.48798 103.84938 1103.0
22.0 27.0 22.0 25.16188 80.05377 119.52337 1103.0
22.0 28.0 28.0 83.59172 39.63166 143.42994 28.0
22.0 28.0 22.0 25.16188 80.05377 119.52337 28.0
22.0 33.0 33.0 97.57313 49.87122 149.23183 3.0
22.0 33.0 22.0 25.16188 80.05377 119.52337 3.0
22.0 36.0 36.0 51.12078 19.28306 119.32609 13.0
22.0 36.0 22.0 25.16188 80.05377 119.52337 13.0
22.0 37.0 37.0 79.9469 11.08361 113.82335 1.0
22.0 37.0 22.0 25.16188 80.05377 119.52337 1.0
22.0 38.0 38.0 88.62246 68.24911 152.64251 27.0
22.0 38.0 22.0 25.16188 80.05377 119.52337 27.0
22.0 39.0 39.0 21.94122 50.03971 32.71909 1.0
22.0 39.0 22.0 25.16188 80.05377 119.52337 1.0
22.0 41.0 41.0 59.60578 125.67212 122.67173 667.0
22.0 41.0 22.0 25.16188 80.05377 119.52337 667.0
22.0 42.0 42.0 56.46245 85.16283 144.91064 1475.0
22.0 42.0 22.0 25.16188 80.05377 119.52337 1475.0
22.0 44.0 44.0 70.61376 22.75403 131.43151 1.0
22.0 44.0 22.0 25.16188 80.05377 119.52337 1.0
23.0 7.0 7.0 121.75972 13.44573 56.9644 23.0
23.0 7.0 23.0 173.51268 43.64671 76.47291 23.0
23.0 8.0 8.0 108.5665 85.33763 38.89203 12.0
23.0 8.0 23.0 173.51268 43.64671 76.47291 12.0
23.0 12.0 12.0 179.79875 86.47972 84.89228 505.0
23.0 12.0 23.0 173.51268 43.64671 76.47291 505.0
23.0 15.0 15.0 144.80913 26.41915 64.48096 642.0
23.0 15.0 23.0 173.51268 43.64671 76.47291 642.0
23.0 17.0 17.0 122.95263 11.05535 94.70037 22.0
23.0 17.0 23.0 173.51268 43.64671 76.47291 22.0
23.0 18.0 18.0 159.39949 24.99759 93.72147 833.0
23.0 18.0 23.0 173.51268 43.64671 76.47291 833.0
23.0 23.0 23.0 173.51268 43.64671 76.47291 2274.0
23.0 23.0 23.0 173.51268 43.64671 76.47291 2274.0
23.0 25.0 25.0 182.77128 64.72366 100.68622 570.0
23.0 25.0 23.0 173.51268 43.64671 76.47291 570.0
23.0 26.0 26.0 131.87111 45.14065 139.20761 10.0
23.0 26.0 23.0 173.51268 43.64671 76.47291 10.0
23.0 29.0 29.0 122.6871 20.69843 121.39525 12.0
23.0 29.0 23.0 173.51268 43.64671 76.47291 12.0
23.0 31.0 31.0 121.67219 39.34116 35.99965 117.0
23.0 31.0 23.0 173.51268 43.64671 76.47291 117.0
23.0 32.0 32.0 156.88534 89.23223 57.95509 417.0
23.0 32.0 23.0 173.51268 43.64671 76.47291 417.0
23.0 37.0 37.0 79.9469 11.08361 113.82335 1.0
23.0 37.0 23.0 173.51268 43.64671 76.47291 1.0
23.0 47.0 47.0 164.13875 62.69015 126.24499 282.0
23.0 47.0 23.0 173.51268 43.64671 76.47291 282.0
24.0 0.0 0.0 55.10579 49.2724 142.14404 10.0
24.0 0.0 24.0 107.81929 87.21506 149.11928 10.0
24.0 4.0 4.0 72.15101 108.26122 139.8136 1317.0
24.0 4.0 24.0 107.81929 87.21506 149.11928 1317.0
24.0 9.0 9.0 78.36379 140.09071 102.31949 17.0
24.0 9.0 24.0 107.81929 87.21506 149.11928 17.0
24.0 22.0 22.0 25.16188 80.05377 119.52337 1.0
24.0 22.0 24.0 107.81929 87.21506 149.11928 1.0
24.0 24.0 24.0 107.81929 87.21506 149.11928 6536.0
24.0 24.0 24.0 107.81929 87.21506 149.11928 6536.0
24.0 26.0 26.0 131.87111 45.14065 139.20761 757.0
24.0 26.0 24.0 107.81929 87.21506 149.11928 757.0
24.0 28.0 28.0 83.59172 39.63166 143.42994 46.0
24.0 28.0 24.0 107.81929 87.21506 149.11928 46.0
24.0 29.0 29.0 122.6871 20.69843 121.39525 6.0
24.0 29.0 24.0 107.81929 87.21506 149.11928 6.0
24.0 30.0 30.0 88.68391 139.84455 62.87041 1.0
24.0 30.0 24.0 107.81929 87.21506 149.11928 1.0
24.0 33.0 33.0 97.57313 49.87122 149.23183 399.0
24.0 33.0 24.0 107.81929 87.21506 149.11928 399.0
24.0 34.0 34.0 127.73992 111.26017 129.56706 2107.0
24.0 34.0 24.0 107.81929 87.21506 149.11928 2107.0
24.0 35.0 35.0 147.55607 121.27361 95.68508 4.0
24.0 35.0 24.0 107.81929 87.21506 149.11928 4.0
24.0 38.0 38.0 88.62246 68.24911 152.64251 1458.0
24.0 38.0 24.0 107.81929 87.21506 149.11928 1458.0
24.0 41.0 41.0 59.60578 125.67212 122.67173 89.0
24.0 41.0 24.0 107.81929 87.21506 149.11928 89.0
24.0 42.0 42.0 56.46245 85.16283 144.91064 467.0
24.0 42.0 24.0 107.81929 87.21506 149.11928 467.0
24.0 43.0 43.0 102.28171 137.48778 99.62786 6.0
24.0 43.0 24.0 107.81929 87.21506 149.11928 6.0
24.0 44.0 44.0 70.61376 22.75403 131.43151 1.0
24.0 44.0 24.0 107.81929 87.21506 149.11928 1.0
24.0 47.0 47.0 164.13875 62.69015 126.24499 195.0
24.0 47.0 24.0 107.81929 87.21506 149.11928 195.0
25.0 7.0 7.0 121.75972 13.44573 56.9644 1.0
25.0 7.0 25.0 182.77128 64.72366 100.68622 1.0
25.0 8.0 8.0 108.5665 85.33763 38.89203 1.0
25.0 8.0 25.0 182.77128 64.72366 100.68622 1.0
25.0 12.0 12.0 179.79875 86.47972 84.89228 1006.0
25.0 12.0 25.0 182.77128 64.72366 100.68622 1006.0
25.0 15.0 15.0 144.80913 26.41915 64.48096 7.0
25.0 15.0 25.0 182.77128 64.72366 100.68622 7.0
25.0 18.0 18.0 159.39949 24.99759 93.72147 108.0
25.0 18.0 25.0 182.77128 64.72366 100.68622 108.0
25.0 23.0 23.0 173.51268 43.64671 76.47291 578.0
25.0 23.0 25.0 182.77128 64.72366 100.68622 578.0
25.0 25.0 25.0 182.77128 64.72366 100.68622 1553.0
25.0 25.0 25.0 182.77128 64.72366 100.68622 1553.0
25.0 26.0 26.0 131.87111 45.14065 139.20761 11.0
25.0 26.0 25.0 182.77128 64.72366 100.68622 11.0
25.0 29.0 29.0 122.6871 20.69843 121.39525 1.0
25.0 29.0 25.0 182.77128 64.72366 100.68622 1.0
25.0 31.0 31.0 121.67219 39.34116 35.99965 2.0
25.0 31.0 25.0 182.77128 64.72366 100.68622 2.0
25.0 32.0 32.0 156.88534 89.23223 57.95509 55.0
25.0 32.0 25.0 182.77128 64.72366 100.68622 55.0
25.0 34.0 34.0 127.73992 111.26017 129.56706 29.0
25.0 34.0 25.0 182.77128 64.72366 100.68622 29.0
25.0 35.0 35.0 147.55607 121.27361 95.68508 80.0
25.0 35.0 25.0 182.77128 64.72366 100.68622 80.0
25.0 46.0 46.0 114.87654 130.45585 52.95613 1.0
25.0 46.0 25.0 182.77128 64.72366 100.68622 1.0
25.0 47.0 47.0 164.13875 62.69015 126.24499 984.0
25.0 47.0 25.0 182.77128 64.72366 100.68622 984.0
26.0 0.0 0.0 55.10579 49.2724 142.14404 1.0
26.0 0.0 26.0 131.87111 45.14065 139.20761 1.0
26.0 3.0 3.0 83.08448 3.82479 87.89946 3.0
26.0 3.0 26.0 131.87111 45.14065 139.20761 3.0
26.0 15.0 15.0 144.80913 26.41915 64.48096 6.0
26.0 15.0 26.0 131.87111 45.14065 139.20761 6.0
26.0 17.0 17.0 122.95263 11.05535 94.70037 124.0
26.0 17.0 26.0 131.87111 45.14065 139.20761 124.0
26.0 18.0 18.0 159.39949 24.99759 93.72147 181.0
26.0 18.0 26.0 131.87111 45.14065 139.20761 181.0
26.0 23.0 23.0 173.51268 43.64671 76.47291 3.0
26.0 23.0 26.0 131.87111 45.14065 139.20761 3.0
26.0 24.0 24.0 107.81929 87.21506 149.11928 838.0
26.0 24.0 26.0 131.87111 45.14065 139.20761 838.0
26.0 25.0 25.0 182.77128 64.72366 100.68622 9.0
26.0 25.0 26.0 131.87111 45.14065 139.20761 9.0
26.0 26.0 26.0 131.87111 45.14065 139.20761 5999.0
26.0 26.0 26.0 131.87111 45.14065 139.20761 5999.0
26.0 28.0 28.0 83.59172 39.63166 143.42994 363.0
26.0 28.0 26.0 131.87111 45.14065 139.20761 363.0
26.0 29.0 29.0 122.6871 20.69843 121.39525 1508.0
26.0 29.0 26.0 131.87111 45.14065 139.20761 1508.0
26.0 33.0 33.0 97.57313 49.87122 149.23183 851.0
26.0 33.0 26.0 131.87111 45.14065 139.20761 851.0
26.0 34.0 34.0 127.73992 111.26017 129.56706 271.0
26.0 34.0 26.0 131.87111 45.14065 139.20761 271.0
26.0 35.0 35.0 147.55607 121.27361 95.68508 4.0
26.0 35.0 26.0 131.87111 45.14065 139.20761 4.0
26.0 37.0 37.0 79.9469 11.08361 113.82335 90.0
26.0 37.0 26.0 131.87111 45.14065 139.20761 90.0
26.0 38.0 38.0 88.62246 68.24911 152.64251 316.0
26.0 38.0 26.0 131.87111 45.14065 139.20761 316.0
26.0 44.0 44.0 70.61376 22.75403 131.43151 19.0
26.0 44.0 26.0 131.87111 45.14065 139.20761 19.0
26.0 47.0 47.0 164.13875 62.69015 126.24499 1411.0
26.0 47.0 26.0 131.87111 45.14065 139.20761 1411.0
27.0 0.0 0.0 55.10579 49.2724 142.14404 49.0
27.0 0.0 27.0 18.71975 45.48798 103.84938 49.0
27.0 2.0 2.0 27.69725 25.06984 88.19731 1268.0
27.0 2.0 27.0 18.71975 45.48798 103.84938 1268.0
27.0 3.0 3.0 83.08448 3.82479 87.89946 1.0
27.0 3.0 27.0 18.71975 45.48798 103.84938 1.0
27.0 5.0 5.0 36.41712 130.18422 82.09904 1.0
27.0 5.0 27.0 18.71975 45.48798 103.84938 1.0
27.0 6.0 6.0 5.45122 84.89478 74.32293 620.0
27.0 6.0 27.0 18.71975 45.48798 103.84938 620.0
27.0 11.0 11.0 48.29059 14.28531 56.38852 15.0
27.0 11.0 27.0 18.71975 45.48798 103.84938 15.0
27.0 13.0 13.0 21.94997 31.01862 56.25235 102.0
27.0 13.0 27.0 18.71975 45.48798 103.84938 102.0
27.0 16.0 16.0 37.04298 38.66805 124.38512 965.0
27.0 16.0 27.0 18.71975 45.48798 103.84938 965.0
27.0 19.0 19.0 66.65428 15.36172 45.8583 1.0
27.0 19.0 27.0 18.71975 45.48798 103.84938 1.0
27.0 22.0 22.0 25.16188 80.05377 119.52337 1146.0
27.0 22.0 27.0 18.71975 45.48798 103.84938 1146.0
27.0 27.0 27.0 18.71975 45.48798 103.84938 2353.0
27.0 27.0 27.0 18.71975 45.48798 103.84938 2353.0
27.0 36.0 36.0 51.12078 19.28306 119.32609 86.0
27.0 36.0 27.0 18.71975 45.48798 103.84938 86.0
27.0 37.0 37.0 79.9469 11.08361 113.82335 11.0
27.0 37.0 27.0 18.71975 45.48798 103.84938 11.0
27.0 39.0 39.0 21.94122 50.03971 32.71909 31.0
27.0 39.0 27.0 18.71975 45.48798 103.84938 31.0
27.0 42.0 42.0 56.46245 85.16283 144.91064 3.0
27.0 42.0 27.0 18.71975 45.48798 103.84938 3.0
27.0 44.0 44.0 70.61376 22.75403 131.43151 7.0
27.0 44.0 27.0 18.71975 45.48798 103.84938 7.0
28.0 0.0 0.0 55.10579 49.2724 142.14404 924.0
28.0 0.0 28.0 83.59172 39.63166 143.42994 924.0
28.0 3.0 3.0 83.08448 3.82479 87.89946 9.0
28.0 3.0 28.0 83.59172 39.63166 143.42994 9.0
28.0 4.0 4.0 72.15101 108.26122 139.8136 4.0
28.0 4.0 28.0 83.59172 39.63166 143.42994 4.0
28.0 16.0 16.0 37.04298 38.66805 124.38512 52.0
28.0 16.0 28.0 83.59172 39.63166 143.42994 52.0
28.0 17.0 17.0 122.95263 11.05535 94.70037 11.0
28.0 17.0 28.0 83.59172 39.63166 143.42994 11.0
28.0 22.0 22.0 25.16188 80.05377 119.52337 22.0
28.0 22.0 28.0 83.59172 39.63166 143.42994 22.0
28.0 24.0 24.0 107.81929 87.21506 149.11928 47.0
28.0 24.0 28.0 83.59172 39.63166 143.42994 47.0
28.0 26.0 26.0 131.87111 45.14065 139.20761 362.0
28.0 26.0 28.0 83.59172 39.63166 143.42994 362.0
28.0 28.0 28.0 83.59172 39.63166 143.42994 2297.0
28.0 28.0 28.0 83.59172 39.63166 143.42994 2297.0
28.0 29.0 29.0 122.6871 20.69843 121.39525 343.0
28.0 29.0 28.0 83.59172 39.63166 143.42994 343.0
28.0 33.0 33.0 97.57313 49.87122 149.23183 1251.0
28.0 33.0 28.0 83.59172 39.63166 143.42994 1251.0
28.0 36.0 36.0 51.12078 19.28306 119.32609 67.0
28.0 36.0 28.0 83.59172 39.63166 143.42994 67.0
28.0 37.0 37.0 79.9469 11.08361 113.82335 569.0
28.0 37.0 28.0 83.59172 39.63166 143.42994 569.0
28.0 38.0 38.0 88.62246 68.24911 152.64251 521.0
28.0 38.0 28.0 83.59172 39.63166 143.42994 521.0
28.0 42.0 42.0 56.46245 85.16283 144.91064 169.0
28.0 42.0 28.0 83.59172 39.63166 143.42994 169.0
28.0 44.0 44.0 70.61376 22.75403 131.43151 698.0
28.0 44.0 28.0 83.59172 39.63166 143.42994 698.0
28.0 47.0 47.0 164.13875 62.69015 126.24499 2.0
28.0 47.0 28.0 83.59172 39.63166 143.42994 2.0
29.0 0.0 0.0 55.10579 49.2724 142.14404 2.0
29.0 0.0 29.0 122.6871 20.69843 121.39525 2.0
29.0 3.0 3.0 83.08448 3.82479 87.89946 182.0
29.0 3.0 29.0 122.6871 20.69843 121.39525 182.0
29.0 7.0 7.0 121.75972 13.44573 56.9644 19.0
29.0 7.0 29.0 122.6871 20.69843 121.39525 19.0
29.0 10.0 10.0 97.42493 3.98602 61.32898 8.0
29.0 10.0 29.0 122.6871 20.69843 121.39525 8.0
29.0 15.0 15.0 144.80913 26.41915 64.48096 59.0
29.0 15.0 29.0 122.6871 20.69843 121.39525 59.0
29.0 17.0 17.0 122.95263 11.05535 94.70037 1299.0
29.0 17.0 29.0 122.6871 20.69843 121.39525 1299.0
29.0 18.0 18.0 159.39949 24.99759 93.72147 406.0
29.0 18.0 29.0 122.6871 20.69843 121.39525 406.0
29.0 23.0 23.0 173.51268 43.64671 76.47291 13.0
29.0 23.0 29.0 122.6871 20.69843 121.39525 13.0
29.0 24.0 24.0 107.81929 87.21506 149.11928 2.0
29.0 24.0 29.0 122.6871 20.69843 121.39525 2.0
29.0 26.0 26.0 131.87111 45.14065 139.20761 1520.0
29.0 26.0 29.0 122.6871 20.69843 121.39525 1520.0
29.0 28.0 28.0 83.59172 39.63166 143.42994 332.0
29.0 28.0 29.0 122.6871 20.69843 121.39525 332.0
29.0 29.0 29.0 122.6871 20.69843 121.39525 3438.0
29.0 29.0 29.0 122.6871 20.69843 121.39525 3438.0
29.0 33.0 33.0 97.57313 49.87122 149.23183 140.0
29.0 33.0 29.0 122.6871 20.69843 121.39525 140.0
29.0 36.0 36.0 51.12078 19.28306 119.32609 2.0
29.0 36.0 29.0 122.6871 20.69843 121.39525 2.0
29.0 37.0 37.0 79.9469 11.08361 113.82335 839.0
29.0 37.0 29.0 122.6871 20.69843 121.39525 839.0
29.0 38.0 38.0 88.62246 68.24911 152.64251 9.0
29.0 38.0 29.0 122.6871 20.69843 121.39525 9.0
29.0 44.0 44.0 70.61376 22.75403 131.43151 79.0
29.0 44.0 29.0 122.6871 20.69843 121.39525 79.0
29.0 47.0 47.0 164.13875 62.69015 126.24499 184.0
29.0 47.0 29.0 122.6871 20.69843 121.39525 184.0
30.0 1.0 1.0 66.43971 89.40507 7.67792 265.0
30.0 1.0 30.0 88.68391 139.84455 62.87041 265.0
30.0 5.0 5.0 36.41712 130.18422 82.09904 1394.0
30.0 5.0 30.0 88.68391 139.84455 62.87041 1394.0
30.0 8.0 8.0 108.5665 85.33763 38.89203 486.0
30.0 8.0 30.0 88.68391 139.84455 62.87041 486.0
30.0 9.0 9.0 78.36379 140.09071 102.31949 944.0
30.0 9.0 30.0 88.68391 139.84455 62.87041 944.0
30.0 14.0 14.0 128.53173 115.96081 40.43438 217.0
30.0 14.0 30.0 88.68391 139.84455 62.87041 217.0
30.0 30.0 30.0 88.68391 139.84455 62.87041 11024.0
30.0 30.0 30.0 88.68391 139.84455 62.87041 11024.0
30.0 32.0 32.0 156.88534 89.23223 57.95509 4.0
30.0 32.0 30.0 88.68391 139.84455 62.87041 4.0
30.0 34.0 34.0 127.73992 111.26017 129.56706 73.0
30.0 34.0 30.0 88.68391 139.84455 62.87041 73.0
30.0 35.0 35.0 147.55607 121.27361 95.68508 618.0
30.0 35.0 30.0 88.68391 139.84455 62.87041 618.0
30.0 41.0 41.0 59.60578 125.67212 122.67173 23.0
30.0 41.0 30.0 88.68391 139.84455 62.87041 23.0
30.0 43.0 43.0 102.28171 137.48778 99.62786 1636.0
30.0 43.0 30.0 88.68391 139.84455 62.87041 1636.0
30.0 45.0 45.0 35.10323 116.34718 28.54187 591.0
30.0 45.0 30.0 88.68391 139.84455 62.87041 591.0
30.0 46.0 46.0 114.87654 130.45585 52.95613 2757.0
30.0 46.0 30.0 88.68391 139.84455 62.87041 2757.0
31.0 1.0 1.0 66.43971 89.40507 7.67792 4.0
31.0 1.0 31.0 121.67219 39.34116 35.99965 4.0
31.0 3.0 3.0 83.08448 3.82479 87.89946 3.0
31.0 3.0 31.0 121.67219 39.34116 35.99965 3.0
31.0 7.0 7.0 121.75972 13.44573 56.9644 1329.0
31.0 7.0 31.0 121.67219 39.34116 35.99965 1329.0
31.0 8.0 8.0 108.5665 85.33763 38.89203 1781.0
31.0 8.0 31.0 121.67219 39.34116 35.99965 1781.0
31.0 10.0 10.0 97.42493 3.98602 61.32898 308.0
31.0 10.0 31.0 121.67219 39.34116 35.99965 308.0
31.0 11.0 11.0 48.29059 14.28531 56.38852 2.0
31.0 11.0 31.0 121.67219 39.34116 35.99965 2.0
31.0 12.0 12.0 179.79875 86.47972 84.89228 8.0
31.0 12.0 31.0 121.67219 39.34116 35.99965 8.0
31.0 14.0 14.0 128.53173 115.96081 40.43438 3.0
31.0 14.0 31.0 121.67219 39.34116 35.99965 3.0
31.0 15.0 15.0 144.80913 26.41915 64.48096 1104.0
31.0 15.0 31.0 121.67219 39.34116 35.99965 1104.0
31.0 17.0 17.0 122.95263 11.05535 94.70037 5.0
31.0 17.0 31.0 121.67219 39.34116 35.99965 5.0
31.0 18.0 18.0 159.39949 24.99759 93.72147 19.0
31.0 18.0 31.0 121.67219 39.34116 35.99965 19.0
31.0 19.0 19.0 66.65428 15.36172 45.8583 24.0
31.0 19.0 31.0 121.67219 39.34116 35.99965 24.0
31.0 20.0 20.0 85.31655 53.70862 22.56847 1757.0
31.0 20.0 31.0 121.67219 39.34116 35.99965 1757.0
31.0 23.0 23.0 173.51268 43.64671 76.47291 92.0
31.0 23.0 31.0 121.67219 39.34116 35.99965 92.0
31.0 31.0 31.0 121.67219 39.34116 35.99965 8421.0
31.0 31.0 31.0 121.67219 39.34116 35.99965 8421.0
31.0 32.0 32.0 156.88534 89.23223 57.95509 425.0
31.0 32.0 31.0 121.67219 39.34116 35.99965 425.0
31.0 40.0 40.0 83.31493 23.55027 42.26685 833.0
31.0 40.0 31.0 121.67219 39.34116 35.99965 833.0
32.0 7.0 7.0 121.75972 13.44573 56.9644 4.0
32.0 7.0 32.0 156.88534 89.23223 57.95509 4.0
32.0 8.0 8.0 108.5665 85.33763 38.89203 1397.0
32.0 8.0 32.0 156.88534 89.23223 57.95509 1397.0
32.0 12.0 12.0 179.79875 86.47972 84.89228 1336.0
32.0 12.0 32.0 156.88534 89.23223 57.95509 1336.0
32.0 14.0 14.0 128.53173 115.96081 40.43438 1197.0
32.0 14.0 32.0 156.88534 89.23223 57.95509 1197.0
32.0 15.0 15.0 144.80913 26.41915 64.48096 299.0
32.0 15.0 32.0 156.88534 89.23223 57.95509 299.0
32.0 18.0 18.0 159.39949 24.99759 93.72147 12.0
32.0 18.0 32.0 156.88534 89.23223 57.95509 12.0
32.0 20.0 20.0 85.31655 53.70862 22.56847 6.0
32.0 20.0 32.0 156.88534 89.23223 57.95509 6.0
32.0 23.0 23.0 173.51268 43.64671 76.47291 394.0
32.0 23.0 32.0 156.88534 89.23223 57.95509 394.0
32.0 25.0 25.0 182.77128 64.72366 100.68622 56.0
32.0 25.0 32.0 156.88534 89.23223 57.95509 56.0
32.0 30.0 30.0 88.68391 139.84455 62.87041 7.0
32.0 30.0 32.0 156.88534 89.23223 57.95509 7.0
32.0 31.0 31.0 121.67219 39.34116 35.99965 449.0
32.0 31.0 32.0 156.88534 89.23223 57.95509 449.0
32.0 32.0 32.0 156.88534 89.23223 57.95509 6655.0
32.0 32.0 32.0 156.88534 89.23223 57.95509 6655.0
32.0 34.0 34.0 127.73992 111.26017 129.56706 3.0
32.0 34.0 32.0 156.88534 89.23223 57.95509 3.0
32.0 35.0 35.0 147.55607 121.27361 95.68508 791.0
32.0 35.0 32.0 156.88534 89.23223 57.95509 791.0
32.0 46.0 46.0 114.87654 130.45585 52.95613 290.0
32.0 46.0 32.0 156.88534 89.23223 57.95509 290.0
32.0 47.0 47.0 164.13875 62.69015 126.24499 2.0
32.0 47.0 32.0 156.88534 89.23223 57.95509 2.0
33.0 0.0 0.0 55.10579 49.2724 142.14404 219.0
33.0 0.0 33.0 97.57313 49.87122 149.23183 219.0
33.0 4.0 4.0 72.15101 108.26122 139.8136 5.0
33.0 4.0 33.0 97.57313 49.87122 149.23183 5.0
33.0 16.0 16.0 37.04298 38.66805 124.38512 1.0
33.0 16.0 33.0 97.57313 49.87122 149.23183 1.0
33.0 17.0 17.0 122.95263 11.05535 94.70037 3.0
33.0 17.0 33.0 97.57313 49.87122 149.23183 3.0
33.0 18.0 18.0 159.39949 24.99759 93.72147 1.0
33.0 18.0 33.0 97.57313 49.87122 149.23183 1.0
33.0 22.0 22.0 25.16188 80.05377 119.52337 2.0
33.0 22.0 33.0 97.57313 49.87122 149.23183 2.0
33.0 24.0 24.0 107.81929 87.21506 149.11928 445.0
33.0 24.0 33.0 97.57313 49.87122 149.23183 445.0
33.0 26.0 26.0 131.87111 45.14065 139.20761 887.0
33.0 26.0 33.0 97.57313 49.87122 149.23183 887.0
33.0 28.0 28.0 83.59172 39.63166 143.42994 1218.0
33.0 28.0 33.0 97.57313 49.87122 149.23183 1218.0
33.0 29.0 29.0 122.6871 20.69843 121.39525 168.0
33.0 29.0 33.0 97.57313 49.87122 149.23183 168.0
33.0 33.0 33.0 97.57313 49.87122 149.23183 1903.0
33.0 33.0 33.0 97.57313 49.87122 149.23183 1903.0
33.0 34.0 34.0 127.73992 111.26017 129.56706 3.0
33.0 34.0 33.0 97.57313 49.87122 149.23183 3.0
33.0 36.0 36.0 51.12078 19.28306 119.32609 4.0
33.0 36.0 33.0 97.57313 49.87122 149.23183 4.0
33.0 37.0 37.0 79.9469 11.08361 113.82335 72.0
33.0 37.0 33.0 97.57313 49.87122 149.23183 72.0
33.0 38.0 38.0 88.62246 68.24911 152.64251 1150.0
33.0 38.0 33.0 97.57313 49.87122 149.23183 1150.0
33.0 42.0 42.0 56.46245 85.16283 144.91064 102.0
33.0 42.0 33.0 97.57313 49.87122 149.23183 102.0
33.0 44.0 44.0 70.61376 22.75403 131.43151 115.0
33.0 44.0 33.0 97.57313 49.87122 149.23183 115.0
33.0 47.0 47.0 164.13875 62.69015 126.24499 3.0
33.0 47.0 33.0 97.57313 49.87122 149.23183 3.0
34.0 4.0 4.0 72.15101 108.26122 139.8136 768.0
34.0 4.0 34.0 127.73992 111.26017 129.56706 768.0
34.0 9.0 9.0 78.36379 140.09071 102.31949 451.0
34.0 9.0 34.0 127.73992 111.26017 129.56706 451.0
34.0 12.0 12.0 179.79875 86.47972 84.89228 84.0
34.0 12.0 34.0 127.73992 111.26017 129.56706 84.0
34.0 14.0 14.0 128.53173 115.96081 40.43438 1.0
34.0 14.0 34.0 127.73992 111.26017 129.56706 1.0
34.0 24.0 24.0 107.81929 87.21506 149.11928 2116.0
34.0 24.0 34.0 127.73992 111.26017 129.56706 2116.0
34.0 25.0 25.0 182.77128 64.72366 100.68622 29.0
34.0 25.0 34.0 127.73992 111.26017 129.56706 29.0
34.0 26.0 26.0 131.87111 45.14065 139.20761 294.0
34.0 26.0 34.0 127.73992 111.26017 129.56706 294.0
34.0 30.0 30.0 88.68391 139.84455 62.87041 75.0
34.0 30.0 34.0 127.73992 111.26017 129.56706 75.0
34.0 32.0 32.0 156.88534 89.23223 57.95509 4.0
34.0 32.0 34.0 127.73992 111.26017 129.56706 4.0
34.0 33.0 33.0 97.57313 49.87122 149.23183 10.0
34.0 33.0 34.0 127.73992 111.26017 129.56706 10.0
34.0 34.0 34.0 127.73992 111.26017 129.56706 12649.0
34.0 34.0 34.0 127.73992 111.26017 129.56706 12649.0
34.0 35.0 35.0 147.55607 121.27361 95.68508 2132.0
34.0 35.0 34.0 127.73992 111.26017 129.56706 2132.0
34.0 38.0 38.0 88.62246 68.24911 152.64251 31.0
34.0 38.0 34.0 127.73992 111.26017 129.56706 31.0
34.0 41.0 41.0 59.60578 125.67212 122.67173 381.0
34.0 41.0 34.0 127.73992 111.26017 129.56706 381.0
34.0 42.0 42.0 56.46245 85.16283 144.91064 11.0
34.0 42.0 34.0 127.73992 111.26017 129.56706 11.0
34.0 43.0 43.0 102.28171 137.48778 99.62786 1200.0
34.0 43.0 34.0 127.73992 111.26017 129.56706 1200.0
34.0 46.0 46.0 114.87654 130.45585 52.95613 15.0
34.0 46.0 34.0 127.73992 111.26017 129.56706 15.0
34.0 47.0 47.0 164.13875 62.69015 126.24499 936.0
34.0 47.0 34.0 127.73992 111.26017 129.56706 936.0
35.0 4.0 4.0 72.15101 108.26122 139.8136 2.0
35.0 4.0 35.0 147.55607 121.27361 95.68508 2.0
35.0 8.0 8.0 108.5665 85.33763 38.89203 5.0
35.0 8.0 35.0 147.55607 121.27361 95.68508 5.0
35.0 9.0 9.0 78.36379 140.09071 102.31949 29.0
35.0 9.0 35.0 147.55607 121.27361 95.68508 29.0
35.0 12.0 12.0 179.79875 86.47972 84.89228 992.0
35.0 12.0 35.0 147.55607 121.27361 95.68508 992.0
35.0 14.0 14.0 128.53173 115.96081 40.43438 264.0
35.0 14.0 35.0 147.55607 121.27361 95.68508 264.0
35.0 24.0 24.0 107.81929 87.21506 149.11928 5.0
35.0 24.0 35.0 147.55607 121.27361 95.68508 5.0
35.0 25.0 25.0 182.77128 64.72366 100.68622 80.0
35.0 25.0 35.0 147.55607 121.27361 95.68508 80.0
35.0 26.0 26.0 131.87111 45.14065 139.20761 1.0
35.0 26.0 35.0 147.55607 121.27361 95.68508 1.0
35.0 28.0 28.0 83.59172 39.63166 143.42994 1.0
35.0 28.0 35.0 147.55607 121.27361 95.68508 1.0
35.0 30.0 30.0 88.68391 139.84455 62.87041 626.0
35.0 30.0 35.0 147.55607 121.27361 95.68508 626.0
35.0 32.0 32.0 156.88534 89.23223 57.95509 745.0
35.0 32.0 35.0 147.55607 121.27361 95.68508 745.0
35.0 34.0 34.0 127.73992 111.26017 129.56706 2132.0
35.0 34.0 35.0 147.55607 121.27361 95.68508 2132.0
35.0 35.0 35.0 147.55607 121.27361 95.68508 8516.0
35.0 35.0 35.0 147.55607 121.27361 95.68508 8516.0
35.0 41.0 41.0 59.60578 125.67212 122.67173 2.0
35.0 41.0 35.0 147.55607 121.27361 95.68508 2.0
35.0 43.0 43.0 102.28171 137.48778 99.62786 836.0
35.0 43.0 35.0 147.55607 121.27361 95.68508 836.0
35.0 46.0 46.0 114.87654 130.45585 52.95613 908.0
35.0 46.0 35.0 147.55607 121.27361 95.68508 908.0
35.0 47.0 47.0 164.13875 62.69015 126.24499 309.0
35.0 47.0 35.0 147.55607 121.27361 95.68508 309.0
36.0 0.0 0.0 55.10579 49.2724 142.14404 359.0
36.0 0.0 36.0 51.12078 19.28306 119.32609 359.0
36.0 2.0 2.0 27.69725 25.06984 88.19731 429.0
36.0 2.0 36.0 51.12078 19.28306 119.32609 429.0
36.0 3.0 3.0 83.08448 3.82479 87.89946 141.0
36.0 3.0 36.0 51.12078 19.28306 119.32609 141.0
36.0 10.0 10.0 97.42493 3.98602 61.32898 1.0
36.0 10.0 36.0 51.12078 19.28306 119.32609 1.0
36.0 11.0 11.0 48.29059 14.28531 56.38852 64.0
36.0 11.0 36.0 51.12078 19.28306 119.32609 64.0
36.0 13.0 13.0 21.94997 31.01862 56.25235 2.0
36.0 13.0 36.0 51.12078 19.28306 119.32609 2.0
36.0 16.0 16.0 37.04298 38.66805 124.38512 750.0
36.0 16.0 36.0 51.12078 19.28306 119.32609 750.0
36.0 22.0 22.0 25.16188 80.05377 119.52337 9.0
36.0 22.0 36.0 51.12078 19.28306 119.32609 9.0
36.0 27.0 27.0 18.71975 45.48798 103.84938 84.0
36.0 27.0 36.0 51.12078 19.28306 119.32609 84.0
36.0 28.0 28.0 83.59172 39.63166 143.42994 91.0
36.0 28.0 36.0 51.12078 19.28306 119.32609 91.0
36.0 29.0 29.0 122.6871 20.69843 121.39525 1.0
36.0 29.0 36.0 51.12078 19.28306 119.32609 1.0
36.0 33.0 33.0 97.57313 49.87122 149.23183 2.0
36.0 33.0 36.0 51.12078 19.28306 119.32609 2.0
36.0 36.0 36.0 51.12078 19.28306 119.32609 1082.0
36.0 36.0 36.0 51.12078 19.28306 119.32609 1082.0
36.0 37.0 37.0 79.9469 11.08361 113.82335 728.0
36.0 37.0 36.0 51.12078 19.28306 119.32609 728.0
36.0 38.0 38.0 88.62246 68.24911 152.64251 3.0
36.0 38.0 36.0 51.12078 19.28306 119.32609 3.0
36.0 42.0 42.0 56.46245 85.16283 144.91064 2.0
36.0 42.0 36.0 51.12078 19.28306 119.32609 2.0
36.0 44.0 44.0 70.61376 22.75403 131.43151 586.0
36.0 44.0 36.0 51.12078 19.28306 119.32609 586.0
37.0 0.0 0.0 55.10579 49.2724 142.14404 79.0
37.0 0.0 37.0 79.9469 11.08361 113.82335 79.0
37.0 2.0 2.0 27.69725 25.06984 88.19731 341.0
37.0 2.0 37.0 79.9469 11.08361 113.82335 341.0
37.0 3.0 3.0 83.08448 3.82479 87.89946 2010.0
37.0 3.0 37.0 79.9469 11.08361 113.82335 2010.0
37.0 7.0 7.0 121.75972 13.44573 56.9644 6.0
37.0 7.0 37.0 79.9469 11.08361 113.82335 6.0
37.0 10.0 10.0 97.42493 3.98602 61.32898 49.0
37.0 10.0 37.0 79.9469 11.08361 113.82335 49.0
37.0 11.0 11.0 48.29059 14.28531 56.38852 217.0
37.0 11.0 37.0 79.9469 11.08361 113.82335 217.0
37.0 13.0 13.0 21.94997 31.01862 56.25235 1.0
37.0 13.0 37.0 79.9469 11.08361 113.82335 1.0
37.0 16.0 16.0 37.04298 38.66805 124.38512 159.0
37.0 16.0 37.0 79.9469 11.08361 113.82335 159.0
37.0 17.0 17.0 122.95263 11.05535 94.70037 448.0
37.0 17.0 37.0 79.9469 11.08361 113.82335 448.0
37.0 18.0 18.0 159.39949 24.99759 93.72147 1.0
37.0 18.0 37.0 79.9469 11.08361 113.82335 1.0
37.0 19.0 19.0 66.65428 15.36172 45.8583 26.0
37.0 19.0 37.0 79.9469 11.08361 113.82335 26.0
37.0 26.0 26.0 131.87111 45.14065 139.20761 142.0
37.0 26.0 37.0 79.9469 11.08361 113.82335 142.0
37.0 27.0 27.0 18.71975 45.48798 103.84938 19.0
37.0 27.0 37.0 79.9469 11.08361 113.82335 19.0
37.0 28.0 28.0 83.59172 39.63166 143.42994 611.0
37.0 28.0 37.0 79.9469 11.08361 113.82335 611.0
37.0 29.0 29.0 122.6871 20.69843 121.39525 830.0
37.0 29.0 37.0 79.9469 11.08361 113.82335 830.0
37.0 33.0 33.0 97.57313 49.87122 149.23183 71.0
37.0 33.0 37.0 79.9469 11.08361 113.82335 71.0
37.0 36.0 36.0 51.12078 19.28306 119.32609 729.0
37.0 36.0 37.0 79.9469 11.08361 113.82335 729.0
37.0 37.0 37.0 79.9469 11.08361 113.82335 5604.0
37.0 37.0 37.0 79.9469 11.08361 113.82335 5604.0
37.0 38.0 38.0 88.62246 68.24911 152.64251 5.0
37.0 38.0 37.0 79.9469 11.08361 113.82335 5.0
37.0 40.0 40.0 83.31493 23.55027 42.26685 3.0
37.0 40.0 37.0 79.9469 11.08361 113.82335 3.0
37.0 44.0 44.0 70.61376 22.75403 131.43151 1102.0
37.0 44.0 37.0 79.9469 11.08361 113.82335 1102.0
38.0 0.0 0.0 55.10579 49.2724 142.14404 365.0
38.0 0.0 38.0 88.62246 68.24911 152.64251 365.0
38.0 4.0 4.0 72.15101 108.26122 139.8136 231.0
38.0 4.0 38.0 88.62246 68.24911 152.64251 231.0
38.0 16.0 16.0 37.04298 38.66805 124.38512 12.0
38.0 16.0 38.0 88.62246 68.24911 152.64251 12.0
38.0 22.0 22.0 25.16188 80.05377 119.52337 30.0
38.0 22.0 38.0 88.62246 68.24911 152.64251 30.0
38.0 24.0 24.0 107.81929 87.21506 149.11928 1485.0
38.0 24.0 38.0 88.62246 68.24911 152.64251 1485.0
38.0 26.0 26.0 131.87111 45.14065 139.20761 320.0
38.0 26.0 38.0 88.62246 68.24911 152.64251 320.0
38.0 28.0 28.0 83.59172 39.63166 143.42994 544.0
38.0 28.0 38.0 88.62246 68.24911 152.64251 544.0
38.0 29.0 29.0 122.6871 20.69843 121.39525 10.0
38.0 29.0 38.0 88.62246 68.24911 152.64251 10.0
38.0 33.0 33.0 97.57313 49.87122 149.23183 1084.0
38.0 33.0 38.0 88.62246 68.24911 152.64251 1084.0
38.0 34.0 34.0 127.73992 111.26017 129.56706 47.0
38.0 34.0 38.0 88.62246 68.24911 152.64251 47.0
38.0 36.0 36.0 51.12078 19.28306 119.32609 3.0
38.0 36.0 38.0 88.62246 68.24911 152.64251 3.0
38.0 37.0 37.0 79.9469 11.08361 113.82335 2.0
38.0 37.0 38.0 88.62246 68.24911 152.64251 2.0
38.0 38.0 38.0 88.62246 68.24911 152.64251 2281.0
38.0 38.0 38.0 88.62246 68.24911 152.64251 2281.0
38.0 41.0 41.0 59.60578 125.67212 122.67173 3.0
38.0 41.0 38.0 88.62246 68.24911 152.64251 3.0
38.0 42.0 42.0 56.46245 85.16283 144.91064 897.0
38.0 42.0 38.0 88.62246 68.24911 152.64251 897.0
38.0 44.0 44.0 70.61376 22.75403 131.43151 10.0
38.0 44.0 38.0 88.62246 68.24911 152.64251 10.0
38.0 47.0 47.0 164.13875 62.69015 126.24499 10.0
38.0 47.0 38.0 88.62246 68.24911 152.64251 10.0
39.0 1.0 1.0 66.43971 89.40507 7.67792 248.0
39.0 1.0 39.0 21.94122 50.03971 32.71909 248.0
39.0 2.0 2.0 27.69725 25.06984 88.19731 104.0
39.0 2.0 39.0 21.94122 50.03971 32.71909 104.0
39.0 6.0 6.0 5.45122 84.89478 74.32293 1116.0
39.0 6.0 39.0 21.94122 50.03971 32.71909 1116.0
39.0 11.0 11.0 48.29059 14.28531 56.38852 749.0
39.0 11.0 39.0 21.94122 50.03971 32.71909 749.0
39.0 13.0 13.0 21.94997 31.01862 56.25235 1435.0
39.0 13.0 39.0 21.94122 50.03971 32.71909 1435.0
39.0 19.0 19.0 66.65428 15.36172 45.8583 184.0
39.0 19.0 39.0 21.94122 50.03971 32.71909 184.0
39.0 20.0 20.0 85.31655 53.70862 22.56847 469.0
39.0 20.0 39.0 21.94122 50.03971 32.71909 469.0
39.0 21.0 21.0 27.95128 77.86973 19.62739 1735.0
39.0 21.0 39.0 21.94122 50.03971 32.71909 1735.0
39.0 22.0 22.0 25.16188 80.05377 119.52337 2.0
39.0 22.0 39.0 21.94122 50.03971 32.71909 2.0
39.0 27.0 27.0 18.71975 45.48798 103.84938 21.0
39.0 27.0 39.0 21.94122 50.03971 32.71909 21.0
39.0 39.0 39.0 21.94122 50.03971 32.71909 7051.0
39.0 39.0 39.0 21.94122 50.03971 32.71909 7051.0
39.0 40.0 40.0 83.31493 23.55027 42.26685 41.0
39.0 40.0 39.0 21.94122 50.03971 32.71909 41.0
39.0 45.0 45.0 35.10323 116.34718 28.54187 68.0
39.0 45.0 39.0 21.94122 50.03971 32.71909 68.0
40.0 1.0 1.0 66.43971 89.40507 7.67792 17.0
40.0 1.0 40.0 83.31493 23.55027 42.26685 17.0
40.0 3.0 3.0 83.08448 3.82479 87.89946 119.0
40.0 3.0 40.0 83.31493 23.55027 42.26685 119.0
40.0 7.0 7.0 121.75972 13.44573 56.9644 245.0
40.0 7.0 40.0 83.31493 23.55027 42.26685 245.0
40.0 8.0 8.0 108.5665 85.33763 38.89203 29.0
40.0 8.0 40.0 83.31493 23.55027 42.26685 29.0
40.0 10.0 10.0 97.42493 3.98602 61.32898 970.0
40.0 10.0 40.0 83.31493 23.55027 42.26685 970.0
40.0 11.0 11.0 48.29059 14.28531 56.38852 411.0
40.0 11.0 40.0 83.31493 23.55027 42.26685 411.0
40.0 13.0 13.0 21.94997 31.01862 56.25235 6.0
40.0 13.0 40.0 83.31493 23.55027 42.26685 6.0
40.0 15.0 15.0 144.80913 26.41915 64.48096 5.0
40.0 15.0 40.0 83.31493 23.55027 42.26685 5.0
40.0 17.0 17.0 122.95263 11.05535 94.70037 4.0
40.0 17.0 40.0 83.31493 23.55027 42.26685 4.0
40.0 19.0 19.0 66.65428 15.36172 45.8583 1070.0
40.0 19.0 40.0 83.31493 23.55027 42.26685 1070.0
40.0 20.0 20.0 85.31655 53.70862 22.56847 1436.0
40.0 20.0 40.0 83.31493 23.55027 42.26685 1436.0
40.0 21.0 21.0 27.95128 77.86973 19.62739 2.0
40.0 21.0 40.0 83.31493 23.55027 42.26685 2.0
40.0 31.0 31.0 121.67219 39.34116 35.99965 838.0
40.0 31.0 40.0 83.31493 23.55027 42.26685 838.0
40.0 37.0 37.0 79.9469 11.08361 113.82335 2.0
40.0 37.0 40.0 83.31493 23.55027 42.26685 2.0
40.0 39.0 39.0 21.94122 50.03971 32.71909 31.0
40.0 39.0 40.0 83.31493 23.55027 42.26685 31.0
40.0 40.0 40.0 83.31493 23.55027 42.26685 3238.0
40.0 40.0 40.0 83.31493 23.55027 42.26685 3238.0
41.0 0.0 0.0 55.10579 49.2724 142.14404 1.0
41.0 0.0 41.0 59.60578 125.67212 122.67173 1.0
41.0 4.0 4.0 72.15101 108.26122 139.8136 2248.0
41.0 4.0 41.0 59.60578 125.67212 122.67173 2248.0
41.0 5.0 5.0 36.41712 130.18422 82.09904 1791.0
41.0 5.0 41.0 59.60578 125.67212 122.67173 1791.0
41.0 6.0 6.0 5.45122 84.89478 74.32293 19.0
41.0 6.0 41.0 59.60578 125.67212 122.67173 19.0
41.0 9.0 9.0 78.36379 140.09071 102.31949 1654.0
41.0 9.0 41.0 59.60578 125.67212 122.67173 1654.0
41.0 13.0 13.0 21.94997 31.01862 56.25235 1.0
41.0 13.0 41.0 59.60578 125.67212 122.67173 1.0
41.0 22.0 22.0 25.16188 80.05377 119.52337 575.0
41.0 22.0 41.0 59.60578 125.67212 122.67173 575.0
41.0 24.0 24.0 107.81929 87.21506 149.11928 87.0
41.0 24.0 41.0 59.60578 125.67212 122.67173 87.0
41.0 28.0 28.0 83.59172 39.63166 143.42994 1.0
41.0 28.0 41.0 59.60578 125.67212 122.67173 1.0
41.0 30.0 30.0 88.68391 139.84455 62.87041 25.0
41.0 30.0 41.0 59.60578 125.67212 122.67173 25.0
41.0 34.0 34.0 127.73992 111.26017 129.56706 369.0
41.0 34.0 41.0 59.60578 125.67212 122.67173 369.0
41.0 35.0 35.0 147.55607 121.27361 95.68508 2.0
41.0 35.0 41.0 59.60578 125.67212 122.67173 2.0
41.0 38.0 38.0 88.62246 68.24911 152.64251 2.0
41.0 38.0 41.0 59.60578 125.67212 122.67173 2.0
41.0 41.0 41.0 59.60578 125.67212 122.67173 6769.0
41.0 41.0 41.0 59.60578 125.67212 122.67173 6769.0
41.0 42.0 42.0 56.46245 85.16283 144.91064 373.0
41.0 42.0 41.0 59.60578 125.67212 122.67173 373.0
41.0 43.0 43.0 102.28171 137.48778 99.62786 315.0
41.0 43.0 41.0 59.60578 125.67212 122.67173 315.0
42.0 0.0 0.0 55.10579 49.2724 142.14404 761.0
42.0 0.0 42.0 56.46245 85.16283 144.91064 761.0
42.0 4.0 4.0 72.15101 108.26122 139.8136 1746.0
42.0 4.0 42.0 56.46245 85.16283 144.91064 1746.0
42.0 5.0 5.0 36.41712 130.18422 82.09904 44.0
42.0 5.0 42.0 56.46245 85.16283 144.91064 44.0
42.0 9.0 9.0 78.36379 140.09071 102.31949 4.0
42.0 9.0 42.0 56.46245 85.16283 144.91064 4.0
42.0 16.0 16.0 37.04298 38.66805 124.38512 142.0
42.0 16.0 42.0 56.46245 85.16283 144.91064 142.0
42.0 22.0 22.0 25.16188 80.05377 119.52337 1315.0
42.0 22.0 42.0 56.46245 85.16283 144.91064 1315.0
42.0 24.0 24.0 107.81929 87.21506 149.11928 442.0
42.0 24.0 42.0 56.46245 85.16283 144.91064 442.0
42.0 26.0 26.0 131.87111 45.14065 139.20761 1.0
42.0 26.0 42.0 56.46245 85.16283 144.91064 1.0
42.0 27.0 27.0 18.71975 45.48798 103.84938 3.0
42.0 27.0 42.0 56.46245 85.16283 144.91064 3.0
42.0 28.0 28.0 83.59172 39.63166 143.42994 201.0
42.0 28.0 42.0 56.46245 85.16283 144.91064 201.0
42.0 33.0 33.0 97.57313 49.87122 149.23183 91.0
42.0 33.0 42.0 56.46245 85.16283 144.91064 91.0
42.0 34.0 34.0 127.73992 111.26017 129.56706 9.0
42.0 34.0 42.0 56.46245 85.16283 144.91064 9.0
42.0 36.0 36.0 51.12078 19.28306 119.32609 5.0
42.0 36.0 42.0 56.46245 85.16283 144.91064 5.0
42.0 38.0 38.0 88.62246 68.24911 152.64251 832.0
42.0 38.0 42.0 56.46245 85.16283 144.91064 832.0
42.0 41.0 41.0 59.60578 125.67212 122.67173 353.0
42.0 41.0 42.0 56.46245 85.16283 144.91064 353.0
42.0 42.0 42.0 56.46245 85.16283 144.91064 4432.0
42.0 42.0 42.0 56.46245 85.16283 144.91064 4432.0
42.0 44.0 44.0 70.61376 22.75403 131.43151 3.0
42.0 44.0 42.0 56.46245 85.16283 144.91064 3.0
43.0 4.0 4.0 72.15101 108.26122 139.8136 71.0
43.0 4.0 43.0 102.28171 137.48778 99.62786 71.0
43.0 5.0 5.0 36.41712 130.18422 82.09904 47.0
43.0 5.0 43.0 102.28171 137.48778 99.62786 47.0
43.0 9.0 9.0 78.36379 140.09071 102.31949 1573.0
43.0 9.0 43.0 102.28171 137.48778 99.62786 1573.0
43.0 14.0 14.0 128.53173 115.96081 40.43438 1.0
43.0 14.0 43.0 102.28171 137.48778 99.62786 1.0
43.0 24.0 24.0 107.81929 87.21506 149.11928 7.0
43.0 24.0 43.0 102.28171 137.48778 99.62786 7.0
43.0 30.0 30.0 88.68391 139.84455 62.87041 1604.0
43.0 30.0 43.0 102.28171 137.48778 99.62786 1604.0
43.0 34.0 34.0 127.73992 111.26017 129.56706 1178.0
43.0 34.0 43.0 102.28171 137.48778 99.62786 1178.0
43.0 35.0 35.0 147.55607 121.27361 95.68508 757.0
43.0 35.0 43.0 102.28171 137.48778 99.62786 757.0
43.0 37.0 37.0 79.9469 11.08361 113.82335 1.0
43.0 37.0 43.0 102.28171 137.48778 99.62786 1.0
43.0 41.0 41.0 59.60578 125.67212 122.67173 254.0
43.0 41.0 43.0 102.28171 137.48778 99.62786 254.0
43.0 43.0 43.0 102.28171 137.48778 99.62786 3556.0
43.0 43.0 43.0 102.28171 137.48778 99.62786 3556.0
43.0 46.0 46.0 114.87654 130.45585 52.95613 139.0
43.0 46.0 43.0 102.28171 137.48778 99.62786 139.0
44.0 0.0 0.0 55.10579 49.2724 142.14404 489.0
44.0 0.0 44.0 70.61376 22.75403 131.43151 489.0
44.0 2.0 2.0 27.69725 25.06984 88.19731 37.0
44.0 2.0 44.0 70.61376 22.75403 131.43151 37.0
44.0 3.0 3.0 83.08448 3.82479 87.89946 61.0
44.0 3.0 44.0 70.61376 22.75403 131.43151 61.0
44.0 11.0 11.0 48.29059 14.28531 56.38852 1.0
44.0 11.0 44.0 70.61376 22.75403 131.43151 1.0
44.0 16.0 16.0 37.04298 38.66805 124.38512 193.0
44.0 16.0 44.0 70.61376 22.75403 131.43151 193.0
44.0 17.0 17.0 122.95263 11.05535 94.70037 6.0
44.0 17.0 44.0 70.61376 22.75403 131.43151 6.0
44.0 22.0 22.0 25.16188 80.05377 119.52337 1.0
44.0 22.0 44.0 70.61376 22.75403 131.43151 1.0
44.0 26.0 26.0 131.87111 45.14065 139.20761 21.0
44.0 26.0 44.0 70.61376 22.75403 131.43151 21.0
44.0 27.0 27.0 18.71975 45.48798 103.84938 4.0
44.0 27.0 44.0 70.61376 22.75403 131.43151 4.0
44.0 28.0 28.0 83.59172 39.63166 143.42994 692.0
44.0 28.0 44.0 70.61376 22.75403 131.43151 692.0
44.0 29.0 29.0 122.6871 20.69843 121.39525 76.0
44.0 29.0 44.0 70.61376 22.75403 131.43151 76.0
44.0 33.0 33.0 97.57313 49.87122 149.23183 102.0
44.0 33.0 44.0 70.61376 22.75403 131.43151 102.0
44.0 36.0 36.0 51.12078 19.28306 119.32609 557.0
44.0 36.0 44.0 70.61376 22.75403 131.43151 557.0
44.0 37.0 37.0 79.9469 11.08361 113.82335 1138.0
44.0 37.0 44.0 70.61376 22.75403 131.43151 1138.0
44.0 38.0 38.0 88.62246 68.24911 152.64251 14.0
44.0 38.0 44.0 70.61376 22.75403 131.43151 14.0
44.0 41.0 41.0 59.60578 125.67212 122.67173 1.0
44.0 41.0 44.0 70.61376 22.75403 131.43151 1.0
44.0 42.0 42.0 56.46245 85.16283 144.91064 1.0
44.0 42.0 44.0 70.61376 22.75403 131.43151 1.0
44.0 44.0 44.0 70.61376 22.75403 131.43151 1283.0
44.0 44.0 44.0 70.61376 22.75403 131.43151 1283.0
45.0 1.0 1.0 66.43971 89.40507 7.67792 1584.0
45.0 1.0 45.0 35.10323 116.34718 28.54187 1584.0
45.0 5.0 5.0 36.41712 130.18422 82.09904 1706.0
45.0 5.0 45.0 35.10323 116.34718 28.54187 1706.0
45.0 6.0 6.0 5.45122 84.89478 74.32293 788.0
45.0 6.0 45.0 35.10323 116.34718 28.54187 788.0
45.0 8.0 8.0 108.5665 85.33763 38.89203 132.0
45.0 8.0 45.0 35.10323 116.34718 28.54187 132.0
45.0 9.0 9.0 78.36379 140.09071 102.31949 3.0
45.0 9.0 45.0 35.10323 116.34718 28.54187 3.0
45.0 14.0 14.0 128.53173 115.96081 40.43438 2.0
45.0 14.0 45.0 35.10323 116.34718 28.54187 2.0
45.0 20.0 20.0 85.31655 53.70862 22.56847 5.0
45.0 20.0 45.0 35.10323 116.34718 28.54187 5.0
45.0 21.0 21.0 27.95128 77.86973 19.62739 1429.0
45.0 21.0 45.0 35.10323 116.34718 28.54187 1429.0
45.0 22.0 22.0 25.16188 80.05377 119.52337 1.0
45.0 22.0 45.0 35.10323 116.34718 28.54187 1.0
45.0 30.0 30.0 88.68391 139.84455 62.87041 702.0
45.0 30.0 45.0 35.10323 116.34718 28.54187 702.0
45.0 39.0 39.0 21.94122 50.03971 32.71909 78.0
45.0 39.0 45.0 35.10323 116.34718 28.54187 78.0
45.0 45.0 45.0 35.10323 116.34718 28.54187 9661.0
45.0 45.0 45.0 35.10323 116.34718 28.54187 9661.0
45.0 46.0 46.0 114.87654 130.45585 52.95613 44.0
45.0 46.0 45.0 35.10323 116.34718 28.54187 44.0
46.0 1.0 1.0 66.43971 89.40507 7.67792 109.0
46.0 1.0 46.0 114.87654 130.45585 52.95613 109.0
46.0 5.0 5.0 36.41712 130.18422 82.09904 11.0
46.0 5.0 46.0 114.87654 130.45585 52.95613 11.0
46.0 8.0 8.0 108.5665 85.33763 38.89203 830.0
46.0 8.0 46.0 114.87654 130.45585 52.95613 830.0
46.0 9.0 9.0 78.36379 140.09071 102.31949 5.0
46.0 9.0 46.0 114.87654 130.45585 52.95613 5.0
46.0 12.0 12.0 179.79875 86.47972 84.89228 1.0
46.0 12.0 46.0 114.87654 130.45585 52.95613 1.0
46.0 14.0 14.0 128.53173 115.96081 40.43438 2192.0
46.0 14.0 46.0 114.87654 130.45585 52.95613 2192.0
46.0 20.0 20.0 85.31655 53.70862 22.56847 2.0
46.0 20.0 46.0 114.87654 130.45585 52.95613 2.0
46.0 30.0 30.0 88.68391 139.84455 62.87041 2659.0
46.0 30.0 46.0 114.87654 130.45585 52.95613 2659.0
46.0 32.0 32.0 156.88534 89.23223 57.95509 246.0
46.0 32.0 46.0 114.87654 130.45585 52.95613 246.0
46.0 34.0 34.0 127.73992 111.26017 129.56706 21.0
46.0 34.0 46.0 114.87654 130.45585 52.95613 21.0
46.0 35.0 35.0 147.55607 121.27361 95.68508 910.0
46.0 35.0 46.0 114.87654 130.45585 52.95613 910.0
46.0 43.0 43.0 102.28171 137.48778 99.62786 153.0
46.0 43.0 46.0 114.87654 130.45585 52.95613 153.0
46.0 45.0 45.0 35.10323 116.34718 28.54187 38.0
46.0 45.0 46.0 114.87654 130.45585 52.95613 38.0
46.0 46.0 46.0 114.87654 130.45585 52.95613 5202.0
46.0 46.0 46.0 114.87654 130.45585 52.95613 5202.0
47.0 12.0 12.0 179.79875 86.47972 84.89228 354.0
47.0 12.0 47.0 164.13875 62.69015 126.24499 354.0
47.0 15.0 15.0 144.80913 26.41915 64.48096 11.0
47.0 15.0 47.0 164.13875 62.69015 126.24499 11.0
47.0 17.0 17.0 122.95263 11.05535 94.70037 21.0
47.0 17.0 47.0 164.13875 62.69015 126.24499 21.0
47.0 18.0 18.0 159.39949 24.99759 93.72147 504.0
47.0 18.0 47.0 164.13875 62.69015 126.24499 504.0
47.0 23.0 23.0 173.51268 43.64671 76.47291 265.0
47.0 23.0 47.0 164.13875 62.69015 126.24499 265.0
47.0 24.0 24.0 107.81929 87.21506 149.11928 213.0
47.0 24.0 47.0 164.13875 62.69015 126.24499 213.0
47.0 25.0 25.0 182.77128 64.72366 100.68622 982.0
47.0 25.0 47.0 164.13875 62.69015 126.24499 982.0
47.0 26.0 26.0 131.87111 45.14065 139.20761 1535.0
47.0 26.0 47.0 164.13875 62.69015 126.24499 1535.0
47.0 29.0 29.0 122.6871 20.69843 121.39525 187.0
47.0 29.0 47.0 164.13875 62.69015 126.24499 187.0
47.0 32.0 32.0 156.88534 89.23223 57.95509 4.0
47.0 32.0 47.0 164.13875 62.69015 126.24499 4.0
47.0 33.0 33.0 97.57313 49.87122 149.23183 15.0
47.0 33.0 47.0 164.13875 62.69015 126.24499 15.0
47.0 34.0 34.0 127.73992 111.26017 129.56706 1076.0
47.0 34.0 47.0 164.13875 62.69015 126.24499 1076.0
47.0 35.0 35.0 147.55607 121.27361 95.68508 324.0
47.0 35.0 47.0 164.13875 62.69015 126.24499 324.0
47.0 37.0 37.0 79.9469 11.08361 113.82335 1.0
47.0 37.0 47.0 164.13875 62.69015 126.24499 1.0
47.0 38.0 38.0 88.62246 68.24911 152.64251 3.0
47.0 38.0 47.0 164.13875 62.69015 126.24499 3.0
47.0 47.0 47.0 164.13875 62.69015 126.24499 6602.0
47.0 47.0 47.0 164.13875 62.69015 126.24499 6602.0
