TargetArea SourceArea Area AvgPosX AvgPosY AvgPosZ SumWeights
0.0 0.0 0.0 55.09161 48.97115 142.00137 3709.0
0.0 0.0 0.0 55.09161 48.97115 142.00137 3709.0
0.0 2.0 2.0 27.44328 25.29372 87.80966 8.0
0.0 2.0 0.0 55.09161 48.97115 142.00137 8.0
0.0 4.0 4.0 72.12593 108.3744 139.70685 14.0
0.0 4.0 0.0 55.09161 48.97115 142.00137 14.0
0.0 5.0 5.0 36.21651 130.06593 82.20253 1.0
0.0 5.0 0.0 55.09161 48.97115 142.00137 1.0
0.0 16.0 16.0 37.0857 39.01704 124.6468 1361.0
0.0 16.0 0.0 55.09161 48.97115 142.00137 1361.0
0.0 22.0 22.0 25.093 80.09066 119.44887 538.0
0.0 22.0 0.0 55.09161 48.97115 142.00137 538.0
0.0 24.0 24.0 107.86648 87.21733 149.14135 18.0
0.0 24.0 0.0 55.09161 48.97115 142.00137 18.0
0.0 27.0 27.0 18.71062 45.39093 103.75185 36.0
0.0 27.0 0.0 55.09161 48.97115 142.00137 36.0
0.0 28.0 28.0 84.15757 39.10703 143.21399 1128.0
0.0 28.0 0.0 55.09161 48.97115 142.00137 1128.0
0.0 29.0 29.0 122.68172 20.60718 121.22384 1.0
0.0 29.0 0.0 55.09161 48.97115 142.00137 1.0
0.0 33.0 33.0 97.26494 49.92712 149.23754 282.0
0.0 33.0 0.0 55.09161 48.97115 142.00137 282.0
0.0 36.0 36.0 51.14611 19.45298 119.60708 466.0
0.0 36.0 0.0 55.09161 48.97115 142.00137 466.0
0.0 37.0 37.0 80.16702 11.05978 113.80488 80.0
0.0 37.0 0.0 55.09161 48.97115 142.00137 80.0
0.0 38.0 38.0 88.72048 68.3773 152.62241 389.0
0.0 38.0 0.0 55.09161 48.97115 142.00137 389.0
0.0 41.0 41.0 59.7852 125.9732 122.53699 2.0
0.0 41.0 0.0 55.09161 48.97115 142.00137 2.0
0.0 42.0 42.0 56.61155 85.21501 144.95532 893.0
0.0 42.0 0.0 55.09161 48.97115 142.00137 893.0
0.0 44.0 44.0 70.33116 22.72308 131.36095 553.0
0.0 44.0 0.0 55.09161 48.97115 142.00137 553.0
1.0 1.0 1.0 66.27732 89.32756 7.53534 10670.0
1.0 1.0 1.0 66.27732 89.32756 7.53534 10670.0
1.0 5.0 5.0 36.21651 130.06593 82.20253 21.0
1.0 5.0 1.0 66.27732 89.32756 7.53534 21.0
1.0 8.0 8.0 108.19161 85.92966 38.67526 1604.0
1.0 8.0 1.0 66.27732 89.32756 7.53534 1604.0
1.0 11.0 11.0 48.48305 14.13184 56.54322 26.0
1.0 11.0 1.0 66.27732 89.32756 7.53534 26.0
1.0 13.0 13.0 21.79757 31.14925 56.42945 1.0
1.0 13.0 1.0 66.27732 89.32756 7.53534 1.0
1.0 14.0 14.0 128.38804 116.01364 40.33105 45.0
1.0 14.0 1.0 66.27732 89.32756 7.53534 45.0
1.0 19.0 19.0 66.47292 15.69336 45.49833 23.0
1.0 19.0 1.0 66.27732 89.32756 7.53534 23.0
1.0 20.0 20.0 85.12058 53.72422 22.36728 2109.0
1.0 20.0 1.0 66.27732 89.32756 7.53534 2109.0
1.0 21.0 21.0 28.20276 78.06689 19.37648 1372.0
1.0 21.0 1.0 66.27732 89.32756 7.53534 1372.0
1.0 30.0 30.0 88.41313 139.91074 62.7278 346.0
1.0 30.0 1.0 66.27732 89.32756 7.53534 346.0
1.0 31.0 31.0 121.56018 39.02089 36.0357 2.0
1.0 31.0 1.0 66.27732 89.32756 7.53534 2.0
1.0 39.0 39.0 21.79765 50.15424 32.80503 269.0
1.0 39.0 1.0 66.27732 89.32756 7.53534 269.0
1.0 40.0 40.0 83.26987 23.5314 42.39852 14.0
1.0 40.0 1.0 66.27732 89.32756 7.53534 14.0
1.0 45.0 45.0 35.05512 116.3647 28.60905 1780.0
1.0 45.0 1.0 66.27732 89.32756 7.53534 1780.0
1.0 46.0 46.0 114.5895 130.3016 52.78146 143.0
1.0 46.0 1.0 66.27732 89.32756 7.53534 143.0
2.0 0.0 0.0 55.09161 48.97115 142.00137 7.0
2.0 0.0 2.0 27.44328 25.29372 87.80966 7.0
2.0 2.0 2.0 27.44328 25.29372 87.80966 6559.0
2.0 2.0 2.0 27.44328 25.29372 87.80966 6559.0
2.0 3.0 3.0 83.135 3.82977 87.98529 283.0
2.0 3.0 2.0 27.44328 25.29372 87.80966 283.0
2.0 6.0 6.0 5.46987 84.80289 74.40216 434.0
2.0 6.0 2.0 27.44328 25.29372 87.80966 434.0
2.0 11.0 11.0 48.48305 14.13184 56.54322 1268.0
2.0 11.0 2.0 27.44328 25.29372 87.80966 1268.0
2.0 13.0 13.0 21.79757 31.14925 56.42945 1336.0
2.0 13.0 2.0 27.44328 25.29372 87.80966 1336.0
2.0 16.0 16.0 37.0857 39.01704 124.6468 702.0
2.0 16.0 2.0 27.44328 25.29372 87.80966 702.0
2.0 19.0 19.0 66.47292 15.69336 45.49833 11.0
2.0 19.0 2.0 27.44328 25.29372 87.80966 11.0
2.0 20.0 20.0 85.12058 53.72422 22.36728 1.0
2.0 20.0 2.0 27.44328 25.29372 87.80966 1.0
2.0 22.0 22.0 25.093 80.09066 119.44887 77.0
2.0 22.0 2.0 27.44328 25.29372 87.80966 77.0
2.0 27.0 27.0 18.71062 45.39093 103.75185 1596.0
2.0 27.0 2.0 27.44328 25.29372 87.80966 1596.0
2.0 28.0 28.0 84.15757 39.10703 143.21399 1.0
2.0 28.0 2.0 27.44328 25.29372 87.80966 1.0
2.0 36.0 36.0 51.14611 19.45298 119.60708 542.0
2.0 36.0 2.0 27.44328 25.29372 87.80966 542.0
2.0 37.0 37.0 80.16702 11.05978 113.80488 426.0
2.0 37.0 2.0 27.44328 25.29372 87.80966 426.0
2.0 39.0 39.0 21.79765 50.15424 32.80503 146.0
2.0 39.0 2.0 27.44328 25.29372 87.80966 146.0
2.0 40.0 40.0 83.26987 23.5314 42.39852 1.0
2.0 40.0 2.0 27.44328 25.29372 87.80966 1.0
2.0 44.0 44.0 70.33116 22.72308 131.36095 30.0
2.0 44.0 2.0 27.44328 25.29372 87.80966 30.0
3.0 2.0 2.0 27.44328 25.29372 87.80966 291.0
3.0 2.0 3.0 83.135 3.82977 87.98529 291.0
3.0 3.0 3.0 83.135 3.82977 87.98529 6808.0
3.0 3.0 3.0 83.135 3.82977 87.98529 6808.0
3.0 7.0 7.0 121.69016 13.4437 56.94467 202.0
3.0 7.0 3.0 83.135 3.82977 87.98529 202.0
3.0 10.0 10.0 97.1505 3.94656 61.12813 1559.0
3.0 10.0 3.0 83.135 3.82977 87.98529 1559.0
3.0 11.0 11.0 48.48305 14.13184 56.54322 1035.0
3.0 11.0 3.0 83.135 3.82977 87.98529 1035.0
3.0 13.0 13.0 21.79757 31.14925 56.42945 8.0
3.0 13.0 3.0 83.135 3.82977 87.98529 8.0
3.0 15.0 15.0 145.03811 26.49391 64.67694 11.0
3.0 15.0 3.0 83.135 3.82977 87.98529 11.0
3.0 16.0 16.0 37.0857 39.01704 124.6468 15.0
3.0 16.0 3.0 83.135 3.82977 87.98529 15.0
3.0 17.0 17.0 122.8578 11.02166 94.59883 1147.0
3.0 17.0 3.0 83.135 3.82977 87.98529 1147.0
3.0 18.0 18.0 159.2404 24.86514 93.87162 1.0
3.0 18.0 3.0 83.135 3.82977 87.98529 1.0
3.0 19.0 19.0 66.47292 15.69336 45.49833 408.0
3.0 19.0 3.0 83.135 3.82977 87.98529 408.0
3.0 26.0 26.0 132.06948 45.18061 139.15171 1.0
3.0 26.0 3.0 83.135 3.82977 87.98529 1.0
3.0 28.0 28.0 84.15757 39.10703 143.21399 8.0
3.0 28.0 3.0 83.135 3.82977 87.98529 8.0
3.0 29.0 29.0 122.68172 20.60718 121.22384 206.0
3.0 29.0 3.0 83.135 3.82977 87.98529 206.0
3.0 31.0 31.0 121.56018 39.02089 36.0357 1.0
3.0 31.0 3.0 83.135 3.82977 87.98529 1.0
3.0 36.0 36.0 51.14611 19.45298 119.60708 132.0
3.0 36.0 3.0 83.135 3.82977 87.98529 132.0
3.0 37.0 37.0 80.16702 11.05978 113.80488 2495.0
3.0 37.0 3.0 83.135 3.82977 87.98529 2495.0
3.0 40.0 40.0 83.26987 23.5314 42.39852 146.0
3.0 40.0 3.0 83.135 3.82977 87.98529 146.0
3.0 44.0 44.0 70.33116 22.72308 131.36095 57.0
3.0 44.0 3.0 83.135 3.82977 87.98529 57.0
4.0 0.0 0.0 55.09161 48.97115 142.00137 19.0
4.0 0.0 4.0 72.12593 108.3744 139.70685 19.0
4.0 4.0 4.0 72.12593 108.3744 139.70685 6421.0
4.0 4.0 4.0 72.12593 108.3744 139.70685 6421.0
4.0 5.0 5.0 36.21651 130.06593 82.20253 93.0
4.0 5.0 4.0 72.12593 108.3744 139.70685 93.0
4.0 6.0 6.0 5.46987 84.80289 74.40216 2.0
4.0 6.0 4.0 72.12593 108.3744 139.70685 2.0
4.0 9.0 9.0 78.50498 139.97677 102.52017 255.0
4.0 9.0 4.0 72.12593 108.3744 139.70685 255.0
4.0 16.0 16.0 37.0857 39.01704 124.6468 1.0
4.0 16.0 4.0 72.12593 108.3744 139.70685 1.0
4.0 22.0 22.0 25.093 80.09066 119.44887 466.0
4.0 22.0 4.0 72.12593 108.3744 139.70685 466.0
4.0 24.0 24.0 107.86648 87.21733 149.14135 1498.0
4.0 24.0 4.0 72.12593 108.3744 139.70685 1498.0
4.0 28.0 28.0 84.15757 39.10703 143.21399 5.0
4.0 28.0 4.0 72.12593 108.3744 139.70685 5.0
4.0 33.0 33.0 97.26494 49.92712 149.23754 4.0
4.0 33.0 4.0 72.12593 108.3744 139.70685 4.0
4.0 34.0 34.0 127.81396 111.20867 129.60708 829.0
4.0 34.0 4.0 72.12593 108.3744 139.70685 829.0
4.0 35.0 35.0 147.78702 121.14419 95.66308 1.0
4.0 35.0 4.0 72.12593 108.3744 139.70685 1.0
4.0 38.0 38.0 88.72048 68.3773 152.62241 212.0
4.0 38.0 4.0 72.12593 108.3744 139.70685 212.0
4.0 41.0 41.0 59.7852 125.9732 122.53699 2577.0
4.0 41.0 4.0 72.12593 108.3744 139.70685 2577.0
4.0 42.0 42.0 56.61155 85.21501 144.95532 2035.0
4.0 42.0 4.0 72.12593 108.3744 139.70685 2035.0
4.0 43.0 43.0 101.85815 137.66764 99.25885 74.0
4.0 43.0 4.0 72.12593 108.3744 139.70685 74.0
4.0 45.0 45.0 35.05512 116.3647 28.60905 1.0
4.0 45.0 4.0 72.12593 108.3744 139.70685 1.0
5.0 1.0 1.0 66.27732 89.32756 7.53534 17.0
5.0 1.0 5.0 36.21651 130.06593 82.20253 17.0
5.0 4.0 4.0 72.12593 108.3744 139.70685 86.0
5.0 4.0 5.0 36.21651 130.06593 82.20253 86.0
5.0 5.0 5.0 36.21651 130.06593 82.20253 20807.0
5.0 5.0 5.0 36.21651 130.06593 82.20253 20807.0
5.0 6.0 6.0 5.46987 84.80289 74.40216 1959.0
5.0 6.0 5.0 36.21651 130.06593 82.20253 1959.0
5.0 8.0 8.0 108.19161 85.92966 38.67526 5.0
5.0 8.0 5.0 36.21651 130.06593 82.20253 5.0
5.0 9.0 9.0 78.50498 139.97677 102.52017 1411.0
5.0 9.0 5.0 36.21651 130.06593 82.20253 1411.0
5.0 21.0 21.0 28.20276 78.06689 19.37648 14.0
5.0 21.0 5.0 36.21651 130.06593 82.20253 14.0
5.0 22.0 22.0 25.093 80.09066 119.44887 1164.0
5.0 22.0 5.0 36.21651 130.06593 82.20253 1164.0
5.0 30.0 30.0 88.41313 139.91074 62.7278 1712.0
5.0 30.0 5.0 36.21651 130.06593 82.20253 1712.0
5.0 41.0 41.0 59.7852 125.9732 122.53699 2228.0
5.0 41.0 5.0 36.21651 130.06593 82.20253 2228.0
5.0 42.0 42.0 56.61155 85.21501 144.95532 39.0
5.0 42.0 5.0 36.21651 130.06593 82.20253 39.0
5.0 43.0 43.0 101.85815 137.66764 99.25885 84.0
5.0 43.0 5.0 36.21651 130.06593 82.20253 84.0
5.0 45.0 45.0 35.05512 116.3647 28.60905 1904.0
5.0 45.0 5.0 36.21651 130.06593 82.20253 1904.0
5.0 46.0 46.0 114.5895 130.3016 52.78146 10.0
5.0 46.0 5.0 36.21651 130.06593 82.20253 10.0
6.0 2.0 2.0 27.44328 25.29372 87.80966 500.0
6.0 2.0 6.0 5.46987 84.80289 74.40216 500.0
6.0 4.0 4.0 72.12593 108.3744 139.70685 4.0
6.0 4.0 6.0 5.46987 84.80289 74.40216 4.0
6.0 5.0 5.0 36.21651 130.06593 82.20253 2001.0
6.0 5.0 6.0 5.46987 84.80289 74.40216 2001.0
6.0 6.0 6.0 5.46987 84.80289 74.40216 15184.0
6.0 6.0 6.0 5.46987 84.80289 74.40216 15184.0
6.0 11.0 11.0 48.48305 14.13184 56.54322 1.0
6.0 11.0 6.0 5.46987 84.80289 74.40216 1.0
6.0 13.0 13.0 21.79757 31.14925 56.42945 388.0
6.0 13.0 6.0 5.46987 84.80289 74.40216 388.0
6.0 16.0 16.0 37.0857 39.01704 124.6468 8.0
6.0 16.0 6.0 5.46987 84.80289 74.40216 8.0
6.0 21.0 21.0 28.20276 78.06689 19.37648 651.0
6.0 21.0 6.0 5.46987 84.80289 74.40216 651.0
6.0 22.0 22.0 25.093 80.09066 119.44887 2010.0
6.0 22.0 6.0 5.46987 84.80289 74.40216 2010.0
6.0 27.0 27.0 18.71062 45.39093 103.75185 830.0
6.0 27.0 6.0 5.46987 84.80289 74.40216 830.0
6.0 39.0 39.0 21.79765 50.15424 32.80503 1274.0
6.0 39.0 6.0 5.46987 84.80289 74.40216 1274.0
6.0 41.0 41.0 59.7852 125.9732 122.53699 21.0
6.0 41.0 6.0 5.46987 84.80289 74.40216 21.0
6.0 45.0 45.0 35.05512 116.3647 28.60905 918.0
6.0 45.0 6.0 5.46987 84.80289 74.40216 918.0
7.0 3.0 3.0 83.135 3.82977 87.98529 203.0
7.0 3.0 7.0 121.69016 13.4437 56.94467 203.0
7.0 7.0 7.0 121.69016 13.4437 56.94467 3964.0
7.0 7.0 7.0 121.69016 13.4437 56.94467 3964.0
7.0 8.0 8.0 108.19161 85.92966 38.67526 7.0
7.0 8.0 7.0 121.69016 13.4437 56.94467 7.0
7.0 10.0 10.0 97.1505 3.94656 61.12813 1424.0
7.0 10.0 7.0 121.69016 13.4437 56.94467 1424.0
7.0 15.0 15.0 145.03811 26.49391 64.67694 1456.0
7.0 15.0 7.0 121.69016 13.4437 56.94467 1456.0
7.0 17.0 17.0 122.8578 11.02166 94.59883 785.0
7.0 17.0 7.0 121.69016 13.4437 56.94467 785.0
7.0 18.0 18.0 159.2404 24.86514 93.87162 42.0
7.0 18.0 7.0 121.69016 13.4437 56.94467 42.0
7.0 19.0 19.0 66.47292 15.69336 45.49833 15.0
7.0 19.0 7.0 121.69016 13.4437 56.94467 15.0
7.0 20.0 20.0 85.12058 53.72422 22.36728 31.0
7.0 20.0 7.0 121.69016 13.4437 56.94467 31.0
7.0 23.0 23.0 173.47289 43.56879 76.86366 15.0
7.0 23.0 7.0 121.69016 13.4437 56.94467 15.0
7.0 29.0 29.0 122.68172 20.60718 121.22384 13.0
7.0 29.0 7.0 121.69016 13.4437 56.94467 13.0
7.0 31.0 31.0 121.56018 39.02089 36.0357 1470.0
7.0 31.0 7.0 121.69016 13.4437 56.94467 1470.0
7.0 32.0 32.0 156.96603 89.15001 57.97197 1.0
7.0 32.0 7.0 121.69016 13.4437 56.94467 1.0
7.0 37.0 37.0 80.16702 11.05978 113.80488 3.0
7.0 37.0 7.0 121.69016 13.4437 56.94467 3.0
7.0 40.0 40.0 83.26987 23.5314 42.39852 299.0
7.0 40.0 7.0 121.69016 13.4437 56.94467 299.0
8.0 1.0 1.0 66.27732 89.32756 7.53534 1426.0
8.0 1.0 8.0 108.19161 85.92966 38.67526 1426.0
8.0 4.0 4.0 72.12593 108.3744 139.70685 1.0
8.0 4.0 8.0 108.19161 85.92966 38.67526 1.0
8.0 5.0 5.0 36.21651 130.06593 82.20253 8.0
8.0 5.0 8.0 108.19161 85.92966 38.67526 8.0
8.0 7.0 7.0 121.69016 13.4437 56.94467 3.0
8.0 7.0 8.0 108.19161 85.92966 38.67526 3.0
8.0 8.0 8.0 108.19161 85.92966 38.67526 27239.0
8.0 8.0 8.0 108.19161 85.92966 38.67526 27239.0
8.0 12.0 12.0 179.80435 86.39094 84.82032 5.0
8.0 12.0 8.0 108.19161 85.92966 38.67526 5.0
8.0 13.0 13.0 21.79757 31.14925 56.42945 1.0
8.0 13.0 8.0 108.19161 85.92966 38.67526 1.0
8.0 14.0 14.0 128.38804 116.01364 40.33105 2570.0
8.0 14.0 8.0 108.19161 85.92966 38.67526 2570.0
8.0 15.0 15.0 145.03811 26.49391 64.67694 46.0
8.0 15.0 8.0 108.19161 85.92966 38.67526 46.0
8.0 20.0 20.0 85.12058 53.72422 22.36728 2897.0
8.0 20.0 8.0 108.19161 85.92966 38.67526 2897.0
8.0 23.0 23.0 173.47289 43.56879 76.86366 4.0
8.0 23.0 8.0 108.19161 85.92966 38.67526 4.0
8.0 24.0 24.0 107.86648 87.21733 149.14135 1.0
8.0 24.0 8.0 108.19161 85.92966 38.67526 1.0
8.0 30.0 30.0 88.41313 139.91074 62.7278 568.0
8.0 30.0 8.0 108.19161 85.92966 38.67526 568.0
8.0 31.0 31.0 121.56018 39.02089 36.0357 1746.0
8.0 31.0 8.0 108.19161 85.92966 38.67526 1746.0
8.0 32.0 32.0 156.96603 89.15001 57.97197 1391.0
8.0 32.0 8.0 108.19161 85.92966 38.67526 1391.0
8.0 35.0 35.0 147.78702 121.14419 95.66308 1.0
8.0 35.0 8.0 108.19161 85.92966 38.67526 1.0
8.0 40.0 40.0 83.26987 23.5314 42.39852 23.0
8.0 40.0 8.0 108.19161 85.92966 38.67526 23.0
8.0 41.0 41.0 59.7852 125.9732 122.53699 1.0
8.0 41.0 8.0 108.19161 85.92966 38.67526 1.0
8.0 43.0 43.0 101.85815 137.66764 99.25885 1.0
8.0 43.0 8.0 108.19161 85.92966 38.67526 1.0
8.0 45.0 45.0 35.05512 116.3647 28.60905 79.0
8.0 45.0 8.0 108.19161 85.92966 38.67526 79.0
8.0 46.0 46.0 114.5895 130.3016 52.78146 1023.0
8.0 46.0 8.0 108.19161 85.92966 38.67526 1023.0
9.0 4.0 4.0 72.12593 108.3744 139.70685 285.0
9.0 4.0 9.0 78.50498 139.97677 102.52017 285.0
9.0 5.0 5.0 36.21651 130.06593 82.20253 1321.0
9.0 5.0 9.0 78.50498 139.97677 102.52017 1321.0
9.0 9.0 9.0 78.50498 139.97677 102.52017 4683.0
9.0 9.0 9.0 78.50498 139.97677 102.52017 4683.0
9.0 22.0 22.0 25.093 80.09066 119.44887 2.0
9.0 22.0 9.0 78.50498 139.97677 102.52017 2.0
9.0 24.0 24.0 107.86648 87.21733 149.14135 22.0
9.0 24.0 9.0 78.50498 139.97677 102.52017 22.0
9.0 30.0 30.0 88.41313 139.91074 62.7278 1121.0
9.0 30.0 9.0 78.50498 139.97677 102.52017 1121.0
9.0 34.0 34.0 127.81396 111.20867 129.60708 578.0
9.0 34.0 9.0 78.50498 139.97677 102.52017 578.0
9.0 35.0 35.0 147.78702 121.14419 95.66308 15.0
9.0 35.0 9.0 78.50498 139.97677 102.52017 15.0
9.0 41.0 41.0 59.7852 125.9732 122.53699 2071.0
9.0 41.0 9.0 78.50498 139.97677 102.52017 2071.0
9.0 43.0 43.0 101.85815 137.66764 99.25885 1972.0
9.0 43.0 9.0 78.50498 139.97677 102.52017 1972.0
9.0 45.0 45.0 35.05512 116.3647 28.60905 2.0
9.0 45.0 9.0 78.50498 139.97677 102.52017 2.0
9.0 46.0 46.0 114.5895 130.3016 52.78146 1.0
9.0 46.0 9.0 78.50498 139.97677 102.52017 1.0
10.0 2.0 2.0 27.44328 25.29372 87.80966 2.0
10.0 2.0 10.0 97.1505 3.94656 61.12813 2.0
10.0 3.0 3.0 83.135 3.82977 87.98529 1507.0
10.0 3.0 10.0 97.1505 3.94656 61.12813 1507.0
10.0 7.0 7.0 121.69016 13.4437 56.94467 1464.0
10.0 7.0 10.0 97.1505 3.94656 61.12813 1464.0
10.0 10.0 10.0 97.1505 3.94656 61.12813 4001.0
10.0 10.0 10.0 97.1505 3.94656 61.12813 4001.0
10.0 11.0 11.0 48.48305 14.13184 56.54322 173.0
10.0 11.0 10.0 97.1505 3.94656 61.12813 173.0
10.0 15.0 15.0 145.03811 26.49391 64.67694 75.0
10.0 15.0 10.0 97.1505 3.94656 61.12813 75.0
10.0 17.0 17.0 122.8578 11.02166 94.59883 436.0
10.0 17.0 10.0 97.1505 3.94656 61.12813 436.0
10.0 18.0 18.0 159.2404 24.86514 93.87162 2.0
10.0 18.0 10.0 97.1505 3.94656 61.12813 2.0
10.0 19.0 19.0 66.47292 15.69336 45.49833 556.0
10.0 19.0 10.0 97.1505 3.94656 61.12813 556.0
10.0 20.0 20.0 85.12058 53.72422 22.36728 32.0
10.0 20.0 10.0 97.1505 3.94656 61.12813 32.0
10.0 29.0 29.0 122.68172 20.60718 121.22384 5.0
10.0 29.0 10.0 97.1505 3.94656 61.12813 5.0
10.0 31.0 31.0 121.56018 39.02089 36.0357 368.0
10.0 31.0 10.0 97.1505 3.94656 61.12813 368.0
10.0 37.0 37.0 80.16702 11.05978 113.80488 51.0
10.0 37.0 10.0 97.1505 3.94656 61.12813 51.0
10.0 40.0 40.0 83.26987 23.5314 42.39852 1185.0
10.0 40.0 10.0 97.1505 3.94656 61.12813 1185.0
11.0 1.0 1.0 66.27732 89.32756 7.53534 20.0
11.0 1.0 11.0 48.48305 14.13184 56.54322 20.0
11.0 2.0 2.0 27.44328 25.29372 87.80966 1322.0
11.0 2.0 11.0 48.48305 14.13184 56.54322 1322.0
11.0 3.0 3.0 83.135 3.82977 87.98529 1095.0
11.0 3.0 11.0 48.48305 14.13184 56.54322 1095.0
11.0 6.0 6.0 5.46987 84.80289 74.40216 2.0
11.0 6.0 11.0 48.48305 14.13184 56.54322 2.0
11.0 8.0 8.0 108.19161 85.92966 38.67526 1.0
11.0 8.0 11.0 48.48305 14.13184 56.54322 1.0
11.0 10.0 10.0 97.1505 3.94656 61.12813 190.0
11.0 10.0 11.0 48.48305 14.13184 56.54322 190.0
11.0 11.0 11.0 48.48305 14.13184 56.54322 7831.0
11.0 11.0 11.0 48.48305 14.13184 56.54322 7831.0
11.0 13.0 13.0 21.79757 31.14925 56.42945 1424.0
11.0 13.0 11.0 48.48305 14.13184 56.54322 1424.0
11.0 16.0 16.0 37.0857 39.01704 124.6468 10.0
11.0 16.0 11.0 48.48305 14.13184 56.54322 10.0
11.0 19.0 19.0 66.47292 15.69336 45.49833 2016.0
11.0 19.0 11.0 48.48305 14.13184 56.54322 2016.0
11.0 20.0 20.0 85.12058 53.72422 22.36728 265.0
11.0 20.0 11.0 48.48305 14.13184 56.54322 265.0
11.0 21.0 21.0 28.20276 78.06689 19.37648 28.0
11.0 21.0 11.0 48.48305 14.13184 56.54322 28.0
11.0 27.0 27.0 18.71062 45.39093 103.75185 12.0
11.0 27.0 11.0 48.48305 14.13184 56.54322 12.0
11.0 31.0 31.0 121.56018 39.02089 36.0357 2.0
11.0 31.0 11.0 48.48305 14.13184 56.54322 2.0
11.0 36.0 36.0 51.14611 19.45298 119.60708 68.0
11.0 36.0 11.0 48.48305 14.13184 56.54322 68.0
11.0 37.0 37.0 80.16702 11.05978 113.80488 245.0
11.0 37.0 11.0 48.48305 14.13184 56.54322 245.0
11.0 39.0 39.0 21.79765 50.15424 32.80503 815.0
11.0 39.0 11.0 48.48305 14.13184 56.54322 815.0
11.0 40.0 40.0 83.26987 23.5314 42.39852 541.0
11.0 40.0 11.0 48.48305 14.13184 56.54322 541.0
11.0 44.0 44.0 70.33116 22.72308 131.36095 3.0
11.0 44.0 11.0 48.48305 14.13184 56.54322 3.0
12.0 8.0 8.0 108.19161 85.92966 38.67526 1.0
12.0 8.0 12.0 179.80435 86.39094 84.82032 1.0
12.0 12.0 12.0 179.80435 86.39094 84.82032 5621.0
12.0 12.0 12.0 179.80435 86.39094 84.82032 5621.0
12.0 14.0 14.0 128.38804 116.01364 40.33105 3.0
12.0 14.0 12.0 179.80435 86.39094 84.82032 3.0
12.0 15.0 15.0 145.03811 26.49391 64.67694 33.0
12.0 15.0 12.0 179.80435 86.39094 84.82032 33.0
12.0 18.0 18.0 159.2404 24.86514 93.87162 15.0
12.0 18.0 12.0 179.80435 86.39094 84.82032 15.0
12.0 23.0 23.0 173.47289 43.56879 76.86366 562.0
12.0 23.0 12.0 179.80435 86.39094 84.82032 562.0
12.0 25.0 25.0 182.82196 64.15034 100.38793 1115.0
12.0 25.0 12.0 179.80435 86.39094 84.82032 1115.0
12.0 31.0 31.0 121.56018 39.02089 36.0357 9.0
12.0 31.0 12.0 179.80435 86.39094 84.82032 9.0
12.0 32.0 32.0 156.96603 89.15001 57.97197 1700.0
12.0 32.0 12.0 179.80435 86.39094 84.82032 1700.0
12.0 34.0 34.0 127.81396 111.20867 129.60708 89.0
12.0 34.0 12.0 179.80435 86.39094 84.82032 89.0
12.0 35.0 35.0 147.78702 121.14419 95.66308 1215.0
12.0 35.0 12.0 179.80435 86.39094 84.82032 1215.0
12.0 46.0 46.0 114.5895 130.3016 52.78146 4.0
12.0 46.0 12.0 179.80435 86.39094 84.82032 4.0
12.0 47.0 47.0 164.16315 62.71664 126.15715 423.0
12.0 47.0 12.0 179.80435 86.39094 84.82032 423.0
13.0 2.0 2.0 27.44328 25.29372 87.80966 1312.0
13.0 2.0 13.0 21.79757 31.14925 56.42945 1312.0
13.0 3.0 3.0 83.135 3.82977 87.98529 3.0
13.0 3.0 13.0 21.79757 31.14925 56.42945 3.0
13.0 6.0 6.0 5.46987 84.80289 74.40216 391.0
13.0 6.0 13.0 21.79757 31.14925 56.42945 391.0
13.0 11.0 11.0 48.48305 14.13184 56.54322 1555.0
13.0 11.0 13.0 21.79757 31.14925 56.42945 1555.0
13.0 13.0 13.0 21.79757 31.14925 56.42945 3671.0
13.0 13.0 13.0 21.79757 31.14925 56.42945 3671.0
13.0 19.0 19.0 66.47292 15.69336 45.49833 84.0
13.0 19.0 13.0 21.79757 31.14925 56.42945 84.0
13.0 20.0 20.0 85.12058 53.72422 22.36728 10.0
13.0 20.0 13.0 21.79757 31.14925 56.42945 10.0
13.0 21.0 21.0 28.20276 78.06689 19.37648 7.0
13.0 21.0 13.0 21.79757 31.14925 56.42945 7.0
13.0 22.0 22.0 25.093 80.09066 119.44887 4.0
13.0 22.0 13.0 21.79757 31.14925 56.42945 4.0
13.0 27.0 27.0 18.71062 45.39093 103.75185 103.0
13.0 27.0 13.0 21.79757 31.14925 56.42945 103.0
13.0 36.0 36.0 51.14611 19.45298 119.60708 2.0
13.0 36.0 13.0 21.79757 31.14925 56.42945 2.0
13.0 37.0 37.0 80.16702 11.05978 113.80488 2.0
13.0 37.0 13.0 21.79757 31.14925 56.42945 2.0
13.0 39.0 39.0 21.79765 50.15424 32.80503 1712.0
13.0 39.0 13.0 21.79757 31.14925 56.42945 1712.0
13.0 40.0 40.0 83.26987 23.5314 42.39852 3.0
13.0 40.0 13.0 21.79757 31.14925 56.42945 3.0
14.0 1.0 1.0 66.27732 89.32756 7.53534 44.0
14.0 1.0 14.0 128.38804 116.01364 40.33105 44.0
14.0 8.0 8.0 108.19161 85.92966 38.67526 2644.0
14.0 8.0 14.0 128.38804 116.01364 40.33105 2644.0
14.0 12.0 12.0 179.80435 86.39094 84.82032 5.0
14.0 12.0 14.0 128.38804 116.01364 40.33105 5.0
14.0 14.0 14.0 128.38804 116.01364 40.33105 6924.0
14.0 14.0 14.0 128.38804 116.01364 40.33105 6924.0
14.0 20.0 20.0 85.12058 53.72422 22.36728 10.0
14.0 20.0 14.0 128.38804 116.01364 40.33105 10.0
14.0 30.0 30.0 88.41313 139.91074 62.7278 198.0
14.0 30.0 14.0 128.38804 116.01364 40.33105 198.0
14.0 31.0 31.0 121.56018 39.02089 36.0357 8.0
14.0 31.0 14.0 128.38804 116.01364 40.33105 8.0
14.0 32.0 32.0 156.96603 89.15001 57.97197 1351.0
14.0 32.0 14.0 128.38804 116.01364 40.33105 1351.0
14.0 35.0 35.0 147.78702 121.14419 95.66308 325.0
14.0 35.0 14.0 128.38804 116.01364 40.33105 325.0
14.0 43.0 43.0 101.85815 137.66764 99.25885 2.0
14.0 43.0 14.0 128.38804 116.01364 40.33105 2.0
14.0 46.0 46.0 114.5895 130.3016 52.78146 2782.0
14.0 46.0 14.0 128.38804 116.01364 40.33105 2782.0
15.0 3.0 3.0 83.135 3.82977 87.98529 19.0
15.0 3.0 15.0 145.03811 26.49391 64.67694 19.0
15.0 7.0 7.0 121.69016 13.4437 56.94467 1480.0
15.0 7.0 15.0 145.03811 26.49391 64.67694 1480.0
15.0 8.0 8.0 108.19161 85.92966 38.67526 73.0
15.0 8.0 15.0 145.03811 26.49391 64.67694 73.0
15.0 10.0 10.0 97.1505 3.94656 61.12813 77.0
15.0 10.0 15.0 145.03811 26.49391 64.67694 77.0
15.0 12.0 12.0 179.80435 86.39094 84.82032 34.0
15.0 12.0 15.0 145.03811 26.49391 64.67694 34.0
15.0 15.0 15.0 145.03811 26.49391 64.67694 4858.0
15.0 15.0 15.0 145.03811 26.49391 64.67694 4858.0
15.0 17.0 17.0 122.8578 11.02166 94.59883 882.0
15.0 17.0 15.0 145.03811 26.49391 64.67694 882.0
15.0 18.0 18.0 159.2404 24.86514 93.87162 973.0
15.0 18.0 15.0 145.03811 26.49391 64.67694 973.0
15.0 20.0 20.0 85.12058 53.72422 22.36728 1.0
15.0 20.0 15.0 145.03811 26.49391 64.67694 1.0
15.0 23.0 23.0 173.47289 43.56879 76.86366 726.0
15.0 23.0 15.0 145.03811 26.49391 64.67694 726.0
15.0 25.0 25.0 182.82196 64.15034 100.38793 4.0
15.0 25.0 15.0 145.03811 26.49391 64.67694 4.0
15.0 26.0 26.0 132.06948 45.18061 139.15171 7.0
15.0 26.0 15.0 145.03811 26.49391 64.67694 7.0
15.0 29.0 29.0 122.68172 20.60718 121.22384 48.0
15.0 29.0 15.0 145.03811 26.49391 64.67694 48.0
15.0 31.0 31.0 121.56018 39.02089 36.0357 1333.0
15.0 31.0 15.0 145.03811 26.49391 64.67694 1333.0
15.0 32.0 32.0 156.96603 89.15001 57.97197 327.0
15.0 32.0 15.0 145.03811 26.49391 64.67694 327.0
15.0 37.0 37.0 80.16702 11.05978 113.80488 2.0
15.0 37.0 15.0 145.03811 26.49391 64.67694 2.0
15.0 40.0 40.0 83.26987 23.5314 42.39852 4.0
15.0 40.0 15.0 145.03811 26.49391 64.67694 4.0
15.0 47.0 47.0 164.16315 62.71664 126.15715 11.0
15.0 47.0 15.0 145.03811 26.49391 64.67694 11.0
16.0 0.0 0.0 55.09161 48.97115 142.00137 1377.0
16.0 0.0 16.0 37.0857 39.01704 124.6468 1377.0
16.0 2.0 2.0 27.44328 25.29372 87.80966 713.0
16.0 2.0 16.0 37.0857 39.01704 124.6468 713.0
16.0 3.0 3.0 83.135 3.82977 87.98529 18.0
16.0 3.0 16.0 37.0857 39.01704 124.6468 18.0
16.0 4.0 4.0 72.12593 108.3744 139.70685 2.0
16.0 4.0 16.0 37.0857 39.01704 124.6468 2.0
16.0 6.0 6.0 5.46987 84.80289 74.40216 6.0
16.0 6.0 16.0 37.0857 39.01704 124.6468 6.0
16.0 11.0 11.0 48.48305 14.13184 56.54322 16.0
16.0 11.0 16.0 37.0857 39.01704 124.6468 16.0
16.0 13.0 13.0 21.79757 31.14925 56.42945 1.0
16.0 13.0 16.0 37.0857 39.01704 124.6468 1.0
16.0 16.0 16.0 37.0857 39.01704 124.6468 4078.0
16.0 16.0 16.0 37.0857 39.01704 124.6468 4078.0
16.0 22.0 22.0 25.093 80.09066 119.44887 1193.0
16.0 22.0 16.0 37.0857 39.01704 124.6468 1193.0
16.0 23.0 23.0 173.47289 43.56879 76.86366 1.0
16.0 23.0 16.0 37.0857 39.01704 124.6468 1.0
16.0 26.0 26.0 132.06948 45.18061 139.15171 1.0
16.0 26.0 16.0 37.0857 39.01704 124.6468 1.0
16.0 27.0 27.0 18.71062 45.39093 103.75185 1081.0
16.0 27.0 16.0 37.0857 39.01704 124.6468 1081.0
16.0 28.0 28.0 84.15757 39.10703 143.21399 49.0
16.0 28.0 16.0 37.0857 39.01704 124.6468 49.0
16.0 33.0 33.0 97.26494 49.92712 149.23754 4.0
16.0 33.0 16.0 37.0857 39.01704 124.6468 4.0
16.0 36.0 36.0 51.14611 19.45298 119.60708 1004.0
16.0 36.0 16.0 37.0857 39.01704 124.6468 1004.0
16.0 37.0 37.0 80.16702 11.05978 113.80488 167.0
16.0 37.0 16.0 37.0857 39.01704 124.6468 167.0
16.0 38.0 38.0 88.72048 68.3773 152.62241 11.0
16.0 38.0 16.0 37.0857 39.01704 124.6468 11.0
16.0 42.0 42.0 56.61155 85.21501 144.95532 170.0
16.0 42.0 16.0 37.0857 39.01704 124.6468 170.0
16.0 44.0 44.0 70.33116 22.72308 131.36095 235.0
16.0 44.0 16.0 37.0857 39.01704 124.6468 235.0
17.0 3.0 3.0 83.135 3.82977 87.98529 1165.0
17.0 3.0 17.0 122.8578 11.02166 94.59883 1165.0
17.0 7.0 7.0 121.69016 13.4437 56.94467 784.0
17.0 7.0 17.0 122.8578 11.02166 94.59883 784.0
17.0 10.0 10.0 97.1505 3.94656 61.12813 456.0
17.0 10.0 17.0 122.8578 11.02166 94.59883 456.0
17.0 15.0 15.0 145.03811 26.49391 64.67694 885.0
17.0 15.0 17.0 122.8578 11.02166 94.59883 885.0
17.0 17.0 17.0 122.8578 11.02166 94.59883 4920.0
17.0 17.0 17.0 122.8578 11.02166 94.59883 4920.0
17.0 18.0 18.0 159.2404 24.86514 93.87162 575.0
17.0 18.0 17.0 122.8578 11.02166 94.59883 575.0
17.0 19.0 19.0 66.47292 15.69336 45.49833 2.0
17.0 19.0 17.0 122.8578 11.02166 94.59883 2.0
17.0 23.0 23.0 173.47289 43.56879 76.86366 7.0
17.0 23.0 17.0 122.8578 11.02166 94.59883 7.0
17.0 26.0 26.0 132.06948 45.18061 139.15171 66.0
17.0 26.0 17.0 122.8578 11.02166 94.59883 66.0
17.0 28.0 28.0 84.15757 39.10703 143.21399 10.0
17.0 28.0 17.0 122.8578 11.02166 94.59883 10.0
17.0 29.0 29.0 122.68172 20.60718 121.22384 1473.0
17.0 29.0 17.0 122.8578 11.02166 94.59883 1473.0
17.0 31.0 31.0 121.56018 39.02089 36.0357 6.0
17.0 31.0 17.0 122.8578 11.02166 94.59883 6.0
17.0 33.0 33.0 97.26494 49.92712 149.23754 2.0
17.0 33.0 17.0 122.8578 11.02166 94.59883 2.0
17.0 37.0 37.0 80.16702 11.05978 113.80488 469.0
17.0 37.0 17.0 122.8578 11.02166 94.59883 469.0
17.0 40.0 40.0 83.26987 23.5314 42.39852 2.0
17.0 40.0 17.0 122.8578 11.02166 94.59883 2.0
17.0 44.0 44.0 70.33116 22.72308 131.36095 5.0
17.0 44.0 17.0 122.8578 11.02166 94.59883 5.0
17.0 45.0 45.0 35.05512 116.3647 28.60905 1.0
17.0 45.0 17.0 122.8578 11.02166 94.59883 1.0
17.0 47.0 47.0 164.16315 62.71664 126.15715 21.0
17.0 47.0 17.0 122.8578 11.02166 94.59883 21.0
18.0 3.0 3.0 83.135 3.82977 87.98529 1.0
18.0 3.0 18.0 159.2404 24.86514 93.87162 1.0
18.0 7.0 7.0 121.69016 13.4437 56.94467 38.0
18.0 7.0 18.0 159.2404 24.86514 93.87162 38.0
18.0 10.0 10.0 97.1505 3.94656 61.12813 1.0
18.0 10.0 18.0 159.2404 24.86514 93.87162 1.0
18.0 12.0 12.0 179.80435 86.39094 84.82032 13.0
18.0 12.0 18.0 159.2404 24.86514 93.87162 13.0
18.0 15.0 15.0 145.03811 26.49391 64.67694 1081.0
18.0 15.0 18.0 159.2404 24.86514 93.87162 1081.0
18.0 17.0 17.0 122.8578 11.02166 94.59883 606.0
18.0 17.0 18.0 159.2404 24.86514 93.87162 606.0
18.0 18.0 18.0 159.2404 24.86514 93.87162 3091.0
18.0 18.0 18.0 159.2404 24.86514 93.87162 3091.0
18.0 23.0 23.0 173.47289 43.56879 76.86366 941.0
18.0 23.0 18.0 159.2404 24.86514 93.87162 941.0
18.0 25.0 25.0 182.82196 64.15034 100.38793 105.0
18.0 25.0 18.0 159.2404 24.86514 93.87162 105.0
18.0 26.0 26.0 132.06948 45.18061 139.15171 224.0
18.0 26.0 18.0 159.2404 24.86514 93.87162 224.0
18.0 29.0 29.0 122.68172 20.60718 121.22384 535.0
18.0 29.0 18.0 159.2404 24.86514 93.87162 535.0
18.0 31.0 31.0 121.56018 39.02089 36.0357 10.0
18.0 31.0 18.0 159.2404 24.86514 93.87162 10.0
18.0 32.0 32.0 156.96603 89.15001 57.97197 7.0
18.0 32.0 18.0 159.2404 24.86514 93.87162 7.0
18.0 37.0 37.0 80.16702 11.05978 113.80488 1.0
18.0 37.0 18.0 159.2404 24.86514 93.87162 1.0
18.0 47.0 47.0 164.16315 62.71664 126.15715 617.0
18.0 47.0 18.0 159.2404 24.86514 93.87162 617.0
19.0 1.0 1.0 66.27732 89.32756 7.53534 23.0
19.0 1.0 19.0 66.47292 15.69336 45.49833 23.0
19.0 2.0 2.0 27.44328 25.29372 87.80966 16.0
19.0 2.0 19.0 66.47292 15.69336 45.49833 16.0
19.0 3.0 3.0 83.135 3.82977 87.98529 460.0
19.0 3.0 19.0 66.47292 15.69336 45.49833 460.0
19.0 7.0 7.0 121.69016 13.4437 56.94467 9.0
19.0 7.0 19.0 66.47292 15.69336 45.49833 9.0
19.0 8.0 8.0 108.19161 85.92966 38.67526 1.0
19.0 8.0 19.0 66.47292 15.69336 45.49833 1.0
19.0 10.0 10.0 97.1505 3.94656 61.12813 553.0
19.0 10.0 19.0 66.47292 15.69336 45.49833 553.0
19.0 11.0 11.0 48.48305 14.13184 56.54322 1814.0
19.0 11.0 19.0 66.47292 15.69336 45.49833 1814.0
19.0 13.0 13.0 21.79757 31.14925 56.42945 63.0
19.0 13.0 19.0 66.47292 15.69336 45.49833 63.0
19.0 19.0 19.0 66.47292 15.69336 45.49833 2019.0
19.0 19.0 19.0 66.47292 15.69336 45.49833 2019.0
19.0 20.0 20.0 85.12058 53.72422 22.36728 531.0
19.0 20.0 19.0 66.47292 15.69336 45.49833 531.0
19.0 21.0 21.0 28.20276 78.06689 19.37648 16.0
19.0 21.0 19.0 66.47292 15.69336 45.49833 16.0
19.0 31.0 31.0 121.56018 39.02089 36.0357 35.0
19.0 31.0 19.0 66.47292 15.69336 45.49833 35.0
19.0 37.0 37.0 80.16702 11.05978 113.80488 22.0
19.0 37.0 19.0 66.47292 15.69336 45.49833 22.0
19.0 39.0 39.0 21.79765 50.15424 32.80503 216.0
19.0 39.0 19.0 66.47292 15.69336 45.49833 216.0
19.0 40.0 40.0 83.26987 23.5314 42.39852 1534.0
19.0 40.0 19.0 66.47292 15.69336 45.49833 1534.0
20.0 1.0 1.0 66.27732 89.32756 7.53534 1937.0
20.0 1.0 20.0 85.12058 53.72422 22.36728 1937.0
20.0 7.0 7.0 121.69016 13.4437 56.94467 11.0
20.0 7.0 20.0 85.12058 53.72422 22.36728 11.0
20.0 8.0 8.0 108.19161 85.92966 38.67526 3064.0
20.0 8.0 20.0 85.12058 53.72422 22.36728 3064.0
20.0 10.0 10.0 97.1505 3.94656 61.12813 23.0
20.0 10.0 20.0 85.12058 53.72422 22.36728 23.0
20.0 11.0 11.0 48.48305 14.13184 56.54322 242.0
20.0 11.0 20.0 85.12058 53.72422 22.36728 242.0
20.0 12.0 12.0 179.80435 86.39094 84.82032 1.0
20.0 12.0 20.0 85.12058 53.72422 22.36728 1.0
20.0 13.0 13.0 21.79757 31.14925 56.42945 9.0
20.0 13.0 20.0 85.12058 53.72422 22.36728 9.0
20.0 14.0 14.0 128.38804 116.01364 40.33105 4.0
20.0 14.0 20.0 85.12058 53.72422 22.36728 4.0
20.0 19.0 19.0 66.47292 15.69336 45.49833 491.0
20.0 19.0 20.0 85.12058 53.72422 22.36728 491.0
20.0 20.0 20.0 85.12058 53.72422 22.36728 11925.0
20.0 20.0 20.0 85.12058 53.72422 22.36728 11925.0
20.0 21.0 21.0 28.20276 78.06689 19.37648 252.0
20.0 21.0 20.0 85.12058 53.72422 22.36728 252.0
20.0 31.0 31.0 121.56018 39.02089 36.0357 2008.0
20.0 31.0 20.0 85.12058 53.72422 22.36728 2008.0
20.0 32.0 32.0 156.96603 89.15001 57.97197 3.0
20.0 32.0 20.0 85.12058 53.72422 22.36728 3.0
20.0 39.0 39.0 21.79765 50.15424 32.80503 475.0
20.0 39.0 20.0 85.12058 53.72422 22.36728 475.0
20.0 40.0 40.0 83.26987 23.5314 42.39852 1576.0
20.0 40.0 20.0 85.12058 53.72422 22.36728 1576.0
20.0 45.0 45.0 35.05512 116.3647 28.60905 2.0
20.0 45.0 20.0 85.12058 53.72422 22.36728 2.0
21.0 1.0 1.0 66.27732 89.32756 7.53534 1452.0
21.0 1.0 21.0 28.20276 78.06689 19.37648 1452.0
21.0 5.0 5.0 36.21651 130.06593 82.20253 9.0
21.0 5.0 21.0 28.20276 78.06689 19.37648 9.0
21.0 6.0 6.0 5.46987 84.80289 74.40216 607.0
21.0 6.0 21.0 28.20276 78.06689 19.37648 607.0
21.0 8.0 8.0 108.19161 85.92966 38.67526 2.0
21.0 8.0 21.0 28.20276 78.06689 19.37648 2.0
21.0 11.0 11.0 48.48305 14.13184 56.54322 33.0
21.0 11.0 21.0 28.20276 78.06689 19.37648 33.0
21.0 12.0 12.0 179.80435 86.39094 84.82032 1.0
21.0 12.0 21.0 28.20276 78.06689 19.37648 1.0
21.0 13.0 13.0 21.79757 31.14925 56.42945 10.0
21.0 13.0 21.0 28.20276 78.06689 19.37648 10.0
21.0 19.0 19.0 66.47292 15.69336 45.49833 10.0
21.0 19.0 21.0 28.20276 78.06689 19.37648 10.0
21.0 20.0 20.0 85.12058 53.72422 22.36728 246.0
21.0 20.0 21.0 28.20276 78.06689 19.37648 246.0
21.0 21.0 21.0 28.20276 78.06689 19.37648 6049.0
21.0 21.0 21.0 28.20276 78.06689 19.37648 6049.0
21.0 39.0 39.0 21.79765 50.15424 32.80503 2162.0
21.0 39.0 21.0 28.20276 78.06689 19.37648 2162.0
21.0 40.0 40.0 83.26987 23.5314 42.39852 2.0
21.0 40.0 21.0 28.20276 78.06689 19.37648 2.0
21.0 45.0 45.0 35.05512 116.3647 28.60905 1853.0
21.0 45.0 21.0 28.20276 78.06689 19.37648 1853.0
22.0 0.0 0.0 55.09161 48.97115 142.00137 615.0
22.0 0.0 22.0 25.093 80.09066 119.44887 615.0
22.0 2.0 2.0 27.44328 25.29372 87.80966 71.0
22.0 2.0 22.0 25.093 80.09066 119.44887 71.0
22.0 4.0 4.0 72.12593 108.3744 139.70685 459.0
22.0 4.0 22.0 25.093 80.09066 119.44887 459.0
22.0 5.0 5.0 36.21651 130.06593 82.20253 1162.0
22.0 5.0 22.0 25.093 80.09066 119.44887 1162.0
22.0 6.0 6.0 5.46987 84.80289 74.40216 1820.0
22.0 6.0 22.0 25.093 80.09066 119.44887 1820.0
22.0 13.0 13.0 21.79757 31.14925 56.42945 5.0
22.0 13.0 22.0 25.093 80.09066 119.44887 5.0
22.0 16.0 16.0 37.0857 39.01704 124.6468 1161.0
22.0 16.0 22.0 25.093 80.09066 119.44887 1161.0
22.0 22.0 22.0 25.093 80.09066 119.44887 13279.0
22.0 22.0 22.0 25.093 80.09066 119.44887 13279.0
22.0 27.0 27.0 18.71062 45.39093 103.75185 1287.0
22.0 27.0 22.0 25.093 80.09066 119.44887 1287.0
22.0 28.0 28.0 84.15757 39.10703 143.21399 20.0
22.0 28.0 22.0 25.093 80.09066 119.44887 20.0
22.0 33.0 33.0 97.26494 49.92712 149.23754 3.0
22.0 33.0 22.0 25.093 80.09066 119.44887 3.0
22.0 36.0 36.0 51.14611 19.45298 119.60708 17.0
22.0 36.0 22.0 25.093 80.09066 119.44887 17.0
22.0 37.0 37.0 80.16702 11.05978 113.80488 1.0
22.0 37.0 22.0 25.093 80.09066 119.44887 1.0
22.0 38.0 38.0 88.72048 68.3773 152.62241 28.0
22.0 38.0 22.0 25.093 80.09066 119.44887 28.0
22.0 41.0 41.0 59.7852 125.9732 122.53699 714.0
22.0 41.0 22.0 25.093 80.09066 119.44887 714.0
22.0 42.0 42.0 56.61155 85.21501 144.95532 1654.0
22.0 42.0 22.0 25.093 80.09066 119.44887 1654.0
22.0 44.0 44.0 70.33116 22.72308 131.36095 1.0
22.0 44.0 22.0 25.093 80.09066 119.44887 1.0
23.0 7.0 7.0 121.69016 13.4437 56.94467 13.0
23.0 7.0 23.0 173.47289 43.56879 76.86366 13.0
23.0 8.0 8.0 108.19161 85.92966 38.67526 8.0
23.0 8.0 23.0 173.47289 43.56879 76.86366 8.0
23.0 12.0 12.0 179.80435 86.39094 84.82032 563.0
23.0 12.0 23.0 173.47289 43.56879 76.86366 563.0
23.0 15.0 15.0 145.03811 26.49391 64.67694 773.0
23.0 15.0 23.0 173.47289 43.56879 76.86366 773.0
23.0 17.0 17.0 122.8578 11.02166 94.59883 10.0
23.0 17.0 23.0 173.47289 43.56879 76.86366 10.0
23.0 18.0 18.0 159.2404 24.86514 93.87162 1008.0
23.0 18.0 23.0 173.47289 43.56879 76.86366 1008.0
23.0 23.0 23.0 173.47289 43.56879 76.86366 3149.0
23.0 23.0 23.0 173.47289 43.56879 76.86366 3149.0
23.0 25.0 25.0 182.82196 64.15034 100.38793 737.0
23.0 25.0 23.0 173.47289 43.56879 76.86366 737.0
23.0 26.0 26.0 132.06948 45.18061 139.15171 12.0
23.0 26.0 23.0 173.47289 43.56879 76.86366 12.0
23.0 29.0 29.0 122.68172 20.60718 121.22384 9.0
23.0 29.0 23.0 173.47289 43.56879 76.86366 9.0
23.0 31.0 31.0 121.56018 39.02089 36.0357 122.0
23.0 31.0 23.0 173.47289 43.56879 76.86366 122.0
23.0 32.0 32.0 156.96603 89.15001 57.97197 496.0
23.0 32.0 23.0 173.47289 43.56879 76.86366 496.0
23.0 37.0 37.0 80.16702 11.05978 113.80488 1.0
23.0 37.0 23.0 173.47289 43.56879 76.86366 1.0
23.0 47.0 47.0 164.16315 62.71664 126.15715 328.0
23.0 47.0 23.0 173.47289 43.56879 76.86366 328.0
24.0 0.0 0.0 55.09161 48.97115 142.00137 8.0
24.0 0.0 24.0 107.86648 87.21733 149.14135 8.0
24.0 4.0 4.0 72.12593 108.3744 139.70685 1490.0
24.0 4.0 24.0 107.86648 87.21733 149.14135 1490.0
24.0 9.0 9.0 78.50498 139.97677 102.52017 19.0
24.0 9.0 24.0 107.86648 87.21733 149.14135 19.0
24.0 24.0 24.0 107.86648 87.21733 149.14135 8492.0
24.0 24.0 24.0 107.86648 87.21733 149.14135 8492.0
24.0 26.0 26.0 132.06948 45.18061 139.15171 906.0
24.0 26.0 24.0 107.86648 87.21733 149.14135 906.0
24.0 28.0 28.0 84.15757 39.10703 143.21399 38.0
24.0 28.0 24.0 107.86648 87.21733 149.14135 38.0
24.0 29.0 29.0 122.68172 20.60718 121.22384 1.0
24.0 29.0 24.0 107.86648 87.21733 149.14135 1.0
24.0 30.0 30.0 88.41313 139.91074 62.7278 1.0
24.0 30.0 24.0 107.86648 87.21733 149.14135 1.0
24.0 33.0 33.0 97.26494 49.92712 149.23754 457.0
24.0 33.0 24.0 107.86648 87.21733 149.14135 457.0
24.0 34.0 34.0 127.81396 111.20867 129.60708 2511.0
24.0 34.0 24.0 107.86648 87.21733 149.14135 2511.0
24.0 35.0 35.0 147.78702 121.14419 95.66308 3.0
24.0 35.0 24.0 107.86648 87.21733 149.14135 3.0
24.0 38.0 38.0 88.72048 68.3773 152.62241 1870.0
24.0 38.0 24.0 107.86648 87.21733 149.14135 1870.0
24.0 41.0 41.0 59.7852 125.9732 122.53699 88.0
24.0 41.0 24.0 107.86648 87.21733 149.14135 88.0
24.0 42.0 42.0 56.61155 85.21501 144.95532 519.0
24.0 42.0 24.0 107.86648 87.21733 149.14135 519.0
24.0 43.0 43.0 101.85815 137.66764 99.25885 8.0
24.0 43.0 24.0 107.86648 87.21733 149.14135 8.0
24.0 44.0 44.0 70.33116 22.72308 131.36095 2.0
24.0 44.0 24.0 107.86648 87.21733 149.14135 2.0
24.0 47.0 47.0 164.16315 62.71664 126.15715 201.0
24.0 47.0 24.0 107.86648 87.21733 149.14135 201.0
25.0 7.0 7.0 121.69016 13.4437 56.94467 1.0
25.0 7.0 25.0 182.82196 64.15034 100.38793 1.0
25.0 12.0 12.0 179.80435 86.39094 84.82032 1190.0
25.0 12.0 25.0 182.82196 64.15034 100.38793 1190.0
25.0 15.0 15.0 145.03811 26.49391 64.67694 7.0
25.0 15.0 25.0 182.82196 64.15034 100.38793 7.0
25.0 18.0 18.0 159.2404 24.86514 93.87162 123.0
25.0 18.0 25.0 182.82196 64.15034 100.38793 123.0
25.0 23.0 23.0 173.47289 43.56879 76.86366 710.0
25.0 23.0 25.0 182.82196 64.15034 100.38793 710.0
25.0 25.0 25.0 182.82196 64.15034 100.38793 2083.0
25.0 25.0 25.0 182.82196 64.15034 100.38793 2083.0
25.0 26.0 26.0 132.06948 45.18061 139.15171 7.0
25.0 26.0 25.0 182.82196 64.15034 100.38793 7.0
25.0 29.0 29.0 122.68172 20.60718 121.22384 1.0
25.0 29.0 25.0 182.82196 64.15034 100.38793 1.0
25.0 31.0 31.0 121.56018 39.02089 36.0357 1.0
25.0 31.0 25.0 182.82196 64.15034 100.38793 1.0
25.0 32.0 32.0 156.96603 89.15001 57.97197 45.0
25.0 32.0 25.0 182.82196 64.15034 100.38793 45.0
25.0 34.0 34.0 127.81396 111.20867 129.60708 25.0
25.0 34.0 25.0 182.82196 64.15034 100.38793 25.0
25.0 35.0 35.0 147.78702 121.14419 95.66308 81.0
25.0 35.0 25.0 182.82196 64.15034 100.38793 81.0
25.0 46.0 46.0 114.5895 130.3016 52.78146 1.0
25.0 46.0 25.0 182.82196 64.15034 100.38793 1.0
25.0 47.0 47.0 164.16315 62.71664 126.15715 1192.0
25.0 47.0 25.0 182.82196 64.15034 100.38793 1192.0
26.0 0.0 0.0 55.09161 48.97115 142.00137 1.0
26.0 0.0 26.0 132.06948 45.18061 139.15171 1.0
26.0 3.0 3.0 83.135 3.82977 87.98529 4.0
26.0 3.0 26.0 132.06948 45.18061 139.15171 4.0
26.0 15.0 15.0 145.03811 26.49391 64.67694 2.0
26.0 15.0 26.0 132.06948 45.18061 139.15171 2.0
26.0 17.0 17.0 122.8578 11.02166 94.59883 101.0
26.0 17.0 26.0 132.06948 45.18061 139.15171 101.0
26.0 18.0 18.0 159.2404 24.86514 93.87162 231.0
26.0 18.0 26.0 132.06948 45.18061 139.15171 231.0
26.0 23.0 23.0 173.47289 43.56879 76.86366 3.0
26.0 23.0 26.0 132.06948 45.18061 139.15171 3.0
26.0 24.0 24.0 107.86648 87.21733 149.14135 953.0
26.0 24.0 26.0 132.06948 45.18061 139.15171 953.0
26.0 25.0 25.0 182.82196 64.15034 100.38793 5.0
26.0 25.0 26.0 132.06948 45.18061 139.15171 5.0
26.0 26.0 26.0 132.06948 45.18061 139.15171 7774.0
26.0 26.0 26.0 132.06948 45.18061 139.15171 7774.0
26.0 28.0 28.0 84.15757 39.10703 143.21399 424.0
26.0 28.0 26.0 132.06948 45.18061 139.15171 424.0
26.0 29.0 29.0 122.68172 20.60718 121.22384 1813.0
26.0 29.0 26.0 132.06948 45.18061 139.15171 1813.0
26.0 33.0 33.0 97.26494 49.92712 149.23754 1044.0
26.0 33.0 26.0 132.06948 45.18061 139.15171 1044.0
26.0 34.0 34.0 127.81396 111.20867 129.60708 281.0
26.0 34.0 26.0 132.06948 45.18061 139.15171 281.0
26.0 35.0 35.0 147.78702 121.14419 95.66308 1.0
26.0 35.0 26.0 132.06948 45.18061 139.15171 1.0
26.0 37.0 37.0 80.16702 11.05978 113.80488 94.0
26.0 37.0 26.0 132.06948 45.18061 139.15171 94.0
26.0 38.0 38.0 88.72048 68.3773 152.62241 400.0
26.0 38.0 26.0 132.06948 45.18061 139.15171 400.0
26.0 44.0 44.0 70.33116 22.72308 131.36095 11.0
26.0 44.0 26.0 132.06948 45.18061 139.15171 11.0
26.0 47.0 47.0 164.16315 62.71664 126.15715 1667.0
26.0 47.0 26.0 132.06948 45.18061 139.15171 1667.0
27.0 0.0 0.0 55.09161 48.97115 142.00137 44.0
27.0 0.0 27.0 18.71062 45.39093 103.75185 44.0
27.0 2.0 2.0 27.44328 25.29372 87.80966 1518.0
27.0 2.0 27.0 18.71062 45.39093 103.75185 1518.0
27.0 5.0 5.0 36.21651 130.06593 82.20253 1.0
27.0 5.0 27.0 18.71062 45.39093 103.75185 1.0
27.0 6.0 6.0 5.46987 84.80289 74.40216 748.0
27.0 6.0 27.0 18.71062 45.39093 103.75185 748.0
27.0 11.0 11.0 48.48305 14.13184 56.54322 20.0
27.0 11.0 27.0 18.71062 45.39093 103.75185 20.0
27.0 13.0 13.0 21.79757 31.14925 56.42945 125.0
27.0 13.0 27.0 18.71062 45.39093 103.75185 125.0
27.0 16.0 16.0 37.0857 39.01704 124.6468 1217.0
27.0 16.0 27.0 18.71062 45.39093 103.75185 1217.0
27.0 22.0 22.0 25.093 80.09066 119.44887 1337.0
27.0 22.0 27.0 18.71062 45.39093 103.75185 1337.0
27.0 27.0 27.0 18.71062 45.39093 103.75185 3201.0
27.0 27.0 27.0 18.71062 45.39093 103.75185 3201.0
27.0 36.0 36.0 51.14611 19.45298 119.60708 93.0
27.0 36.0 27.0 18.71062 45.39093 103.75185 93.0
27.0 37.0 37.0 80.16702 11.05978 113.80488 10.0
27.0 37.0 27.0 18.71062 45.39093 103.75185 10.0
27.0 39.0 39.0 21.79765 50.15424 32.80503 20.0
27.0 39.0 27.0 18.71062 45.39093 103.75185 20.0
27.0 42.0 42.0 56.61155 85.21501 144.95532 2.0
27.0 42.0 27.0 18.71062 45.39093 103.75185 2.0
27.0 44.0 44.0 70.33116 22.72308 131.36095 6.0
27.0 44.0 27.0 18.71062 45.39093 103.75185 6.0
28.0 0.0 0.0 55.09161 48.97115 142.00137 1075.0
28.0 0.0 28.0 84.15757 39.10703 143.21399 1075.0
28.0 3.0 3.0 83.135 3.82977 87.98529 6.0
28.0 3.0 28.0 84.15757 39.10703 143.21399 6.0
28.0 4.0 4.0 72.12593 108.3744 139.70685 3.0
28.0 4.0 28.0 84.15757 39.10703 143.21399 3.0
28.0 5.0 5.0 36.21651 130.06593 82.20253 1.0
28.0 5.0 28.0 84.15757 39.10703 143.21399 1.0
28.0 16.0 16.0 37.0857 39.01704 124.6468 46.0
28.0 16.0 28.0 84.15757 39.10703 143.21399 46.0
28.0 17.0 17.0 122.8578 11.02166 94.59883 9.0
28.0 17.0 28.0 84.15757 39.10703 143.21399 9.0
28.0 22.0 22.0 25.093 80.09066 119.44887 16.0
28.0 22.0 28.0 84.15757 39.10703 143.21399 16.0
28.0 24.0 24.0 107.86648 87.21733 149.14135 35.0
28.0 24.0 28.0 84.15757 39.10703 143.21399 35.0
28.0 26.0 26.0 132.06948 45.18061 139.15171 416.0
28.0 26.0 28.0 84.15757 39.10703 143.21399 416.0
28.0 28.0 28.0 84.15757 39.10703 143.21399 3009.0
28.0 28.0 28.0 84.15757 39.10703 143.21399 3009.0
28.0 29.0 29.0 122.68172 20.60718 121.22384 439.0
28.0 29.0 28.0 84.15757 39.10703 143.21399 439.0
28.0 33.0 33.0 97.26494 49.92712 149.23754 1576.0
28.0 33.0 28.0 84.15757 39.10703 143.21399 1576.0
28.0 36.0 36.0 51.14611 19.45298 119.60708 75.0
28.0 36.0 28.0 84.15757 39.10703 143.21399 75.0
28.0 37.0 37.0 80.16702 11.05978 113.80488 677.0
28.0 37.0 28.0 84.15757 39.10703 143.21399 677.0
28.0 38.0 38.0 88.72048 68.3773 152.62241 564.0
28.0 38.0 28.0 84.15757 39.10703 143.21399 564.0
28.0 42.0 42.0 56.61155 85.21501 144.95532 171.0
28.0 42.0 28.0 84.15757 39.10703 143.21399 171.0
28.0 44.0 44.0 70.33116 22.72308 131.36095 913.0
28.0 44.0 28.0 84.15757 39.10703 143.21399 913.0
29.0 0.0 0.0 55.09161 48.97115 142.00137 2.0
29.0 0.0 29.0 122.68172 20.60718 121.22384 2.0
29.0 3.0 3.0 83.135 3.82977 87.98529 203.0
29.0 3.0 29.0 122.68172 20.60718 121.22384 203.0
29.0 7.0 7.0 121.69016 13.4437 56.94467 14.0
29.0 7.0 29.0 122.68172 20.60718 121.22384 14.0
29.0 10.0 10.0 97.1505 3.94656 61.12813 2.0
29.0 10.0 29.0 122.68172 20.60718 121.22384 2.0
29.0 15.0 15.0 145.03811 26.49391 64.67694 65.0
29.0 15.0 29.0 122.68172 20.60718 121.22384 65.0
29.0 17.0 17.0 122.8578 11.02166 94.59883 1576.0
29.0 17.0 29.0 122.68172 20.60718 121.22384 1576.0
29.0 18.0 18.0 159.2404 24.86514 93.87162 503.0
29.0 18.0 29.0 122.68172 20.60718 121.22384 503.0
29.0 23.0 23.0 173.47289 43.56879 76.86366 10.0
29.0 23.0 29.0 122.68172 20.60718 121.22384 10.0
29.0 25.0 25.0 182.82196 64.15034 100.38793 1.0
29.0 25.0 29.0 122.68172 20.60718 121.22384 1.0
29.0 26.0 26.0 132.06948 45.18061 139.15171 1770.0
29.0 26.0 29.0 122.68172 20.60718 121.22384 1770.0
29.0 28.0 28.0 84.15757 39.10703 143.21399 434.0
29.0 28.0 29.0 122.68172 20.60718 121.22384 434.0
29.0 29.0 29.0 122.68172 20.60718 121.22384 4576.0
29.0 29.0 29.0 122.68172 20.60718 121.22384 4576.0
29.0 33.0 33.0 97.26494 49.92712 149.23754 173.0
29.0 33.0 29.0 122.68172 20.60718 121.22384 173.0
29.0 36.0 36.0 51.14611 19.45298 119.60708 1.0
29.0 36.0 29.0 122.68172 20.60718 121.22384 1.0
29.0 37.0 37.0 80.16702 11.05978 113.80488 1102.0
29.0 37.0 29.0 122.68172 20.60718 121.22384 1102.0
29.0 38.0 38.0 88.72048 68.3773 152.62241 3.0
29.0 38.0 29.0 122.68172 20.60718 121.22384 3.0
29.0 44.0 44.0 70.33116 22.72308 131.36095 80.0
29.0 44.0 29.0 122.68172 20.60718 121.22384 80.0
29.0 46.0 46.0 114.5895 130.3016 52.78146 1.0
29.0 46.0 29.0 122.68172 20.60718 121.22384 1.0
29.0 47.0 47.0 164.16315 62.71664 126.15715 223.0
29.0 47.0 29.0 122.68172 20.60718 121.22384 223.0
30.0 1.0 1.0 66.27732 89.32756 7.53534 321.0
30.0 1.0 30.0 88.41313 139.91074 62.7278 321.0
30.0 5.0 5.0 36.21651 130.06593 82.20253 1634.0
30.0 5.0 30.0 88.41313 139.91074 62.7278 1634.0
30.0 6.0 6.0 5.46987 84.80289 74.40216 1.0
30.0 6.0 30.0 88.41313 139.91074 62.7278 1.0
30.0 8.0 8.0 108.19161 85.92966 38.67526 571.0
30.0 8.0 30.0 88.41313 139.91074 62.7278 571.0
30.0 9.0 9.0 78.50498 139.97677 102.52017 1089.0
30.0 9.0 30.0 88.41313 139.91074 62.7278 1089.0
30.0 14.0 14.0 128.38804 116.01364 40.33105 206.0
30.0 14.0 30.0 88.41313 139.91074 62.7278 206.0
30.0 23.0 23.0 173.47289 43.56879 76.86366 1.0
30.0 23.0 30.0 88.41313 139.91074 62.7278 1.0
30.0 30.0 30.0 88.41313 139.91074 62.7278 14340.0
30.0 30.0 30.0 88.41313 139.91074 62.7278 14340.0
30.0 32.0 32.0 156.96603 89.15001 57.97197 2.0
30.0 32.0 30.0 88.41313 139.91074 62.7278 2.0
30.0 34.0 34.0 127.81396 111.20867 129.60708 69.0
30.0 34.0 30.0 88.41313 139.91074 62.7278 69.0
30.0 35.0 35.0 147.78702 121.14419 95.66308 724.0
30.0 35.0 30.0 88.41313 139.91074 62.7278 724.0
30.0 41.0 41.0 59.7852 125.9732 122.53699 19.0
30.0 41.0 30.0 88.41313 139.91074 62.7278 19.0
30.0 43.0 43.0 101.85815 137.66764 99.25885 2117.0
30.0 43.0 30.0 88.41313 139.91074 62.7278 2117.0
30.0 45.0 45.0 35.05512 116.3647 28.60905 724.0
30.0 45.0 30.0 88.41313 139.91074 62.7278 724.0
30.0 46.0 46.0 114.5895 130.3016 52.78146 3297.0
30.0 46.0 30.0 88.41313 139.91074 62.7278 3297.0
31.0 1.0 1.0 66.27732 89.32756 7.53534 2.0
31.0 1.0 31.0 121.56018 39.02089 36.0357 2.0
31.0 3.0 3.0 83.135 3.82977 87.98529 1.0
31.0 3.0 31.0 121.56018 39.02089 36.0357 1.0
31.0 7.0 7.0 121.69016 13.4437 56.94467 1554.0
31.0 7.0 31.0 121.56018 39.02089 36.0357 1554.0
31.0 8.0 8.0 108.19161 85.92966 38.67526 1951.0
31.0 8.0 31.0 121.56018 39.02089 36.0357 1951.0
31.0 10.0 10.0 97.1505 3.94656 61.12813 374.0
31.0 10.0 31.0 121.56018 39.02089 36.0357 374.0
31.0 11.0 11.0 48.48305 14.13184 56.54322 2.0
31.0 11.0 31.0 121.56018 39.02089 36.0357 2.0
31.0 12.0 12.0 179.80435 86.39094 84.82032 8.0
31.0 12.0 31.0 121.56018 39.02089 36.0357 8.0
31.0 14.0 14.0 128.38804 116.01364 40.33105 3.0
31.0 14.0 31.0 121.56018 39.02089 36.0357 3.0
31.0 15.0 15.0 145.03811 26.49391 64.67694 1351.0
31.0 15.0 31.0 121.56018 39.02089 36.0357 1351.0
31.0 17.0 17.0 122.8578 11.02166 94.59883 4.0
31.0 17.0 31.0 121.56018 39.02089 36.0357 4.0
31.0 18.0 18.0 159.2404 24.86514 93.87162 11.0
31.0 18.0 31.0 121.56018 39.02089 36.0357 11.0
31.0 19.0 19.0 66.47292 15.69336 45.49833 27.0
31.0 19.0 31.0 121.56018 39.02089 36.0357 27.0
31.0 20.0 20.0 85.12058 53.72422 22.36728 2069.0
31.0 20.0 31.0 121.56018 39.02089 36.0357 2069.0
31.0 23.0 23.0 173.47289 43.56879 76.86366 114.0
31.0 23.0 31.0 121.56018 39.02089 36.0357 114.0
31.0 31.0 31.0 121.56018 39.02089 36.0357 11226.0
31.0 31.0 31.0 121.56018 39.02089 36.0357 11226.0
31.0 32.0 32.0 156.96603 89.15001 57.97197 520.0
31.0 32.0 31.0 121.56018 39.02089 36.0357 520.0
31.0 40.0 40.0 83.26987 23.5314 42.39852 1015.0
31.0 40.0 31.0 121.56018 39.02089 36.0357 1015.0
31.0 45.0 45.0 35.05512 116.3647 28.60905 1.0
31.0 45.0 31.0 121.56018 39.02089 36.0357 1.0
32.0 7.0 7.0 121.69016 13.4437 56.94467 4.0
32.0 7.0 32.0 156.96603 89.15001 57.97197 4.0
32.0 8.0 8.0 108.19161 85.92966 38.67526 1589.0
32.0 8.0 32.0 156.96603 89.15001 57.97197 1589.0
32.0 12.0 12.0 179.80435 86.39094 84.82032 1590.0
32.0 12.0 32.0 156.96603 89.15001 57.97197 1590.0
32.0 14.0 14.0 128.38804 116.01364 40.33105 1392.0
32.0 14.0 32.0 156.96603 89.15001 57.97197 1392.0
32.0 15.0 15.0 145.03811 26.49391 64.67694 340.0
32.0 15.0 32.0 156.96603 89.15001 57.97197 340.0
32.0 18.0 18.0 159.2404 24.86514 93.87162 10.0
32.0 18.0 32.0 156.96603 89.15001 57.97197 10.0
32.0 20.0 20.0 85.12058 53.72422 22.36728 7.0
32.0 20.0 32.0 156.96603 89.15001 57.97197 7.0
32.0 23.0 23.0 173.47289 43.56879 76.86366 440.0
32.0 23.0 32.0 156.96603 89.15001 57.97197 440.0
32.0 25.0 25.0 182.82196 64.15034 100.38793 51.0
32.0 25.0 32.0 156.96603 89.15001 57.97197 51.0
32.0 30.0 30.0 88.41313 139.91074 62.7278 5.0
32.0 30.0 32.0 156.96603 89.15001 57.97197 5.0
32.0 31.0 31.0 121.56018 39.02089 36.0357 532.0
32.0 31.0 32.0 156.96603 89.15001 57.97197 532.0
32.0 32.0 32.0 156.96603 89.15001 57.97197 8925.0
32.0 32.0 32.0 156.96603 89.15001 57.97197 8925.0
32.0 35.0 35.0 147.78702 121.14419 95.66308 902.0
32.0 35.0 32.0 156.96603 89.15001 57.97197 902.0
32.0 46.0 46.0 114.5895 130.3016 52.78146 305.0
32.0 46.0 32.0 156.96603 89.15001 57.97197 305.0
32.0 47.0 47.0 164.16315 62.71664 126.15715 1.0
32.0 47.0 32.0 156.96603 89.15001 57.97197 1.0
33.0 0.0 0.0 55.09161 48.97115 142.00137 221.0
33.0 0.0 33.0 97.26494 49.92712 149.23754 221.0
33.0 4.0 4.0 72.12593 108.3744 139.70685 6.0
33.0 4.0 33.0 97.26494 49.92712 149.23754 6.0
33.0 16.0 16.0 37.0857 39.01704 124.6468 3.0
33.0 16.0 33.0 97.26494 49.92712 149.23754 3.0
33.0 17.0 17.0 122.8578 11.02166 94.59883 2.0
33.0 17.0 33.0 97.26494 49.92712 149.23754 2.0
33.0 18.0 18.0 159.2404 24.86514 93.87162 1.0
33.0 18.0 33.0 97.26494 49.92712 149.23754 1.0
33.0 22.0 22.0 25.093 80.09066 119.44887 1.0
33.0 22.0 33.0 97.26494 49.92712 149.23754 1.0
33.0 24.0 24.0 107.86648 87.21733 149.14135 492.0
33.0 24.0 33.0 97.26494 49.92712 149.23754 492.0
33.0 26.0 26.0 132.06948 45.18061 139.15171 1050.0
33.0 26.0 33.0 97.26494 49.92712 149.23754 1050.0
33.0 28.0 28.0 84.15757 39.10703 143.21399 1537.0
33.0 28.0 33.0 97.26494 49.92712 149.23754 1537.0
33.0 29.0 29.0 122.68172 20.60718 121.22384 194.0
33.0 29.0 33.0 97.26494 49.92712 149.23754 194.0
33.0 33.0 33.0 97.26494 49.92712 149.23754 2567.0
33.0 33.0 33.0 97.26494 49.92712 149.23754 2567.0
33.0 34.0 34.0 127.81396 111.20867 129.60708 2.0
33.0 34.0 33.0 97.26494 49.92712 149.23754 2.0
33.0 36.0 36.0 51.14611 19.45298 119.60708 1.0
33.0 36.0 33.0 97.26494 49.92712 149.23754 1.0
33.0 37.0 37.0 80.16702 11.05978 113.80488 91.0
33.0 37.0 33.0 97.26494 49.92712 149.23754 91.0
33.0 38.0 38.0 88.72048 68.3773 152.62241 1493.0
33.0 38.0 33.0 97.26494 49.92712 149.23754 1493.0
33.0 42.0 42.0 56.61155 85.21501 144.95532 126.0
33.0 42.0 33.0 97.26494 49.92712 149.23754 126.0
33.0 44.0 44.0 70.33116 22.72308 131.36095 102.0
33.0 44.0 33.0 97.26494 49.92712 149.23754 102.0
33.0 47.0 47.0 164.16315 62.71664 126.15715 4.0
33.0 47.0 33.0 97.26494 49.92712 149.23754 4.0
34.0 4.0 4.0 72.12593 108.3744 139.70685 890.0
34.0 4.0 34.0 127.81396 111.20867 129.60708 890.0
34.0 5.0 5.0 36.21651 130.06593 82.20253 1.0
34.0 5.0 34.0 127.81396 111.20867 129.60708 1.0
34.0 9.0 9.0 78.50498 139.97677 102.52017 577.0
34.0 9.0 34.0 127.81396 111.20867 129.60708 577.0
34.0 12.0 12.0 179.80435 86.39094 84.82032 90.0
34.0 12.0 34.0 127.81396 111.20867 129.60708 90.0
34.0 14.0 14.0 128.38804 116.01364 40.33105 2.0
34.0 14.0 34.0 127.81396 111.20867 129.60708 2.0
34.0 24.0 24.0 107.86648 87.21733 149.14135 2525.0
34.0 24.0 34.0 127.81396 111.20867 129.60708 2525.0
34.0 25.0 25.0 182.82196 64.15034 100.38793 29.0
34.0 25.0 34.0 127.81396 111.20867 129.60708 29.0
34.0 26.0 26.0 132.06948 45.18061 139.15171 320.0
34.0 26.0 34.0 127.81396 111.20867 129.60708 320.0
34.0 30.0 30.0 88.41313 139.91074 62.7278 80.0
34.0 30.0 34.0 127.81396 111.20867 129.60708 80.0
34.0 32.0 32.0 156.96603 89.15001 57.97197 5.0
34.0 32.0 34.0 127.81396 111.20867 129.60708 5.0
34.0 33.0 33.0 97.26494 49.92712 149.23754 6.0
34.0 33.0 34.0 127.81396 111.20867 129.60708 6.0
34.0 34.0 34.0 127.81396 111.20867 129.60708 16447.0
34.0 34.0 34.0 127.81396 111.20867 129.60708 16447.0
34.0 35.0 35.0 147.78702 121.14419 95.66308 2476.0
34.0 35.0 34.0 127.81396 111.20867 129.60708 2476.0
34.0 38.0 38.0 88.72048 68.3773 152.62241 27.0
34.0 38.0 34.0 127.81396 111.20867 129.60708 27.0
34.0 41.0 41.0 59.7852 125.9732 122.53699 396.0
34.0 41.0 34.0 127.81396 111.20867 129.60708 396.0
34.0 42.0 42.0 56.61155 85.21501 144.95532 8.0
34.0 42.0 34.0 127.81396 111.20867 129.60708 8.0
34.0 43.0 43.0 101.85815 137.66764 99.25885 1374.0
34.0 43.0 34.0 127.81396 111.20867 129.60708 1374.0
34.0 46.0 46.0 114.5895 130.3016 52.78146 6.0
34.0 46.0 34.0 127.81396 111.20867 129.60708 6.0
34.0 47.0 47.0 164.16315 62.71664 126.15715 1128.0
34.0 47.0 34.0 127.81396 111.20867 129.60708 1128.0
35.0 8.0 8.0 108.19161 85.92966 38.67526 4.0
35.0 8.0 35.0 147.78702 121.14419 95.66308 4.0
35.0 9.0 9.0 78.50498 139.97677 102.52017 23.0
35.0 9.0 35.0 147.78702 121.14419 95.66308 23.0
35.0 12.0 12.0 179.80435 86.39094 84.82032 1126.0
35.0 12.0 35.0 147.78702 121.14419 95.66308 1126.0
35.0 14.0 14.0 128.38804 116.01364 40.33105 308.0
35.0 14.0 35.0 147.78702 121.14419 95.66308 308.0
35.0 24.0 24.0 107.86648 87.21733 149.14135 3.0
35.0 24.0 35.0 147.78702 121.14419 95.66308 3.0
35.0 25.0 25.0 182.82196 64.15034 100.38793 85.0
35.0 25.0 35.0 147.78702 121.14419 95.66308 85.0
35.0 26.0 26.0 132.06948 45.18061 139.15171 1.0
35.0 26.0 35.0 147.78702 121.14419 95.66308 1.0
35.0 28.0 28.0 84.15757 39.10703 143.21399 1.0
35.0 28.0 35.0 147.78702 121.14419 95.66308 1.0
35.0 30.0 30.0 88.41313 139.91074 62.7278 716.0
35.0 30.0 35.0 147.78702 121.14419 95.66308 716.0
35.0 32.0 32.0 156.96603 89.15001 57.97197 880.0
35.0 32.0 35.0 147.78702 121.14419 95.66308 880.0
35.0 34.0 34.0 127.81396 111.20867 129.60708 2559.0
35.0 34.0 35.0 147.78702 121.14419 95.66308 2559.0
35.0 35.0 35.0 147.78702 121.14419 95.66308 11019.0
35.0 35.0 35.0 147.78702 121.14419 95.66308 11019.0
35.0 41.0 41.0 59.7852 125.9732 122.53699 2.0
35.0 41.0 35.0 147.78702 121.14419 95.66308 2.0
35.0 43.0 43.0 101.85815 137.66764 99.25885 897.0
35.0 43.0 35.0 147.78702 121.14419 95.66308 897.0
35.0 46.0 46.0 114.5895 130.3016 52.78146 1112.0
35.0 46.0 35.0 147.78702 121.14419 95.66308 1112.0
35.0 47.0 47.0 164.16315 62.71664 126.15715 321.0
35.0 47.0 35.0 147.78702 121.14419 95.66308 321.0
36.0 0.0 0.0 55.09161 48.97115 142.00137 475.0
36.0 0.0 36.0 51.14611 19.45298 119.60708 475.0
36.0 2.0 2.0 27.44328 25.29372 87.80966 493.0
36.0 2.0 36.0 51.14611 19.45298 119.60708 493.0
36.0 3.0 3.0 83.135 3.82977 87.98529 161.0
36.0 3.0 36.0 51.14611 19.45298 119.60708 161.0
36.0 11.0 11.0 48.48305 14.13184 56.54322 66.0
36.0 11.0 36.0 51.14611 19.45298 119.60708 66.0
36.0 13.0 13.0 21.79757 31.14925 56.42945 2.0
36.0 13.0 36.0 51.14611 19.45298 119.60708 2.0
36.0 16.0 16.0 37.0857 39.01704 124.6468 953.0
36.0 16.0 36.0 51.14611 19.45298 119.60708 953.0
36.0 22.0 22.0 25.093 80.09066 119.44887 8.0
36.0 22.0 36.0 51.14611 19.45298 119.60708 8.0
36.0 27.0 27.0 18.71062 45.39093 103.75185 99.0
36.0 27.0 36.0 51.14611 19.45298 119.60708 99.0
36.0 28.0 28.0 84.15757 39.10703 143.21399 92.0
36.0 28.0 36.0 51.14611 19.45298 119.60708 92.0
36.0 33.0 33.0 97.26494 49.92712 149.23754 4.0
36.0 33.0 36.0 51.14611 19.45298 119.60708 4.0
36.0 36.0 36.0 51.14611 19.45298 119.60708 1441.0
36.0 36.0 36.0 51.14611 19.45298 119.60708 1441.0
36.0 37.0 37.0 80.16702 11.05978 113.80488 887.0
36.0 37.0 36.0 51.14611 19.45298 119.60708 887.0
36.0 42.0 42.0 56.61155 85.21501 144.95532 2.0
36.0 42.0 36.0 51.14611 19.45298 119.60708 2.0
36.0 44.0 44.0 70.33116 22.72308 131.36095 754.0
36.0 44.0 36.0 51.14611 19.45298 119.60708 754.0
37.0 0.0 0.0 55.09161 48.97115 142.00137 78.0
37.0 0.0 37.0 80.16702 11.05978 113.80488 78.0
37.0 2.0 2.0 27.44328 25.29372 87.80966 389.0
37.0 2.0 37.0 80.16702 11.05978 113.80488 389.0
37.0 3.0 3.0 83.135 3.82977 87.98529 2470.0
37.0 3.0 37.0 80.16702 11.05978 113.80488 2470.0
37.0 7.0 7.0 121.69016 13.4437 56.94467 4.0
37.0 7.0 37.0 80.16702 11.05978 113.80488 4.0
37.0 10.0 10.0 97.1505 3.94656 61.12813 45.0
37.0 10.0 37.0 80.16702 11.05978 113.80488 45.0
37.0 11.0 11.0 48.48305 14.13184 56.54322 255.0
37.0 11.0 37.0 80.16702 11.05978 113.80488 255.0
37.0 13.0 13.0 21.79757 31.14925 56.42945 2.0
37.0 13.0 37.0 80.16702 11.05978 113.80488 2.0
37.0 16.0 16.0 37.0857 39.01704 124.6468 163.0
37.0 16.0 37.0 80.16702 11.05978 113.80488 163.0
37.0 17.0 17.0 122.8578 11.02166 94.59883 494.0
37.0 17.0 37.0 80.16702 11.05978 113.80488 494.0
37.0 18.0 18.0 159.2404 24.86514 93.87162 2.0
37.0 18.0 37.0 80.16702 11.05978 113.80488 2.0
37.0 19.0 19.0 66.47292 15.69336 45.49833 20.0
37.0 19.0 37.0 80.16702 11.05978 113.80488 20.0
37.0 26.0 26.0 132.06948 45.18061 139.15171 115.0
37.0 26.0 37.0 80.16702 11.05978 113.80488 115.0
37.0 27.0 27.0 18.71062 45.39093 103.75185 14.0
37.0 27.0 37.0 80.16702 11.05978 113.80488 14.0
37.0 28.0 28.0 84.15757 39.10703 143.21399 699.0
37.0 28.0 37.0 80.16702 11.05978 113.80488 699.0
37.0 29.0 29.0 122.68172 20.60718 121.22384 1059.0
37.0 29.0 37.0 80.16702 11.05978 113.80488 1059.0
37.0 33.0 33.0 97.26494 49.92712 149.23754 87.0
37.0 33.0 37.0 80.16702 11.05978 113.80488 87.0
37.0 36.0 36.0 51.14611 19.45298 119.60708 834.0
37.0 36.0 37.0 80.16702 11.05978 113.80488 834.0
37.0 37.0 37.0 80.16702 11.05978 113.80488 7698.0
37.0 37.0 37.0 80.16702 11.05978 113.80488 7698.0
37.0 38.0 38.0 88.72048 68.3773 152.62241 1.0
37.0 38.0 37.0 80.16702 11.05978 113.80488 1.0
37.0 40.0 40.0 83.26987 23.5314 42.39852 2.0
37.0 40.0 37.0 80.16702 11.05978 113.80488 2.0
37.0 42.0 42.0 56.61155 85.21501 144.95532 1.0
37.0 42.0 37.0 80.16702 11.05978 113.80488 1.0
37.0 44.0 44.0 70.33116 22.72308 131.36095 1407.0
37.0 44.0 37.0 80.16702 11.05978 113.80488 1407.0
38.0 0.0 0.0 55.09161 48.97115 142.00137 397.0
38.0 0.0 38.0 88.72048 68.3773 152.62241 397.0
38.0 4.0 4.0 72.12593 108.3744 139.70685 208.0
38.0 4.0 38.0 88.72048 68.3773 152.62241 208.0
38.0 16.0 16.0 37.0857 39.01704 124.6468 12.0
38.0 16.0 38.0 88.72048 68.3773 152.62241 12.0
38.0 22.0 22.0 25.093 80.09066 119.44887 25.0
38.0 22.0 38.0 88.72048 68.3773 152.62241 25.0
38.0 24.0 24.0 107.86648 87.21733 149.14135 1911.0
38.0 24.0 38.0 88.72048 68.3773 152.62241 1911.0
38.0 26.0 26.0 132.06948 45.18061 139.15171 395.0
38.0 26.0 38.0 88.72048 68.3773 152.62241 395.0
38.0 28.0 28.0 84.15757 39.10703 143.21399 608.0
38.0 28.0 38.0 88.72048 68.3773 152.62241 608.0
38.0 29.0 29.0 122.68172 20.60718 121.22384 5.0
38.0 29.0 38.0 88.72048 68.3773 152.62241 5.0
38.0 33.0 33.0 97.26494 49.92712 149.23754 1411.0
38.0 33.0 38.0 88.72048 68.3773 152.62241 1411.0
38.0 34.0 34.0 127.81396 111.20867 129.60708 39.0
38.0 34.0 38.0 88.72048 68.3773 152.62241 39.0
38.0 36.0 36.0 51.14611 19.45298 119.60708 3.0
38.0 36.0 38.0 88.72048 68.3773 152.62241 3.0
38.0 37.0 37.0 80.16702 11.05978 113.80488 1.0
38.0 37.0 38.0 88.72048 68.3773 152.62241 1.0
38.0 38.0 38.0 88.72048 68.3773 152.62241 3038.0
38.0 38.0 38.0 88.72048 68.3773 152.62241 3038.0
38.0 41.0 41.0 59.7852 125.9732 122.53699 3.0
38.0 41.0 38.0 88.72048 68.3773 152.62241 3.0
38.0 42.0 42.0 56.61155 85.21501 144.95532 1061.0
38.0 42.0 38.0 88.72048 68.3773 152.62241 1061.0
38.0 44.0 44.0 70.33116 22.72308 131.36095 8.0
38.0 44.0 38.0 88.72048 68.3773 152.62241 8.0
38.0 47.0 47.0 164.16315 62.71664 126.15715 4.0
38.0 47.0 38.0 88.72048 68.3773 152.62241 4.0
39.0 1.0 1.0 66.27732 89.32756 7.53534 272.0
39.0 1.0 39.0 21.79765 50.15424 32.80503 272.0
39.0 2.0 2.0 27.44328 25.29372 87.80966 146.0
39.0 2.0 39.0 21.79765 50.15424 32.80503 146.0
39.0 5.0 5.0 36.21651 130.06593 82.20253 3.0
39.0 5.0 39.0 21.79765 50.15424 32.80503 3.0
39.0 6.0 6.0 5.46987 84.80289 74.40216 1340.0
39.0 6.0 39.0 21.79765 50.15424 32.80503 1340.0
39.0 11.0 11.0 48.48305 14.13184 56.54322 863.0
39.0 11.0 39.0 21.79765 50.15424 32.80503 863.0
39.0 13.0 13.0 21.79757 31.14925 56.42945 1768.0
39.0 13.0 39.0 21.79765 50.15424 32.80503 1768.0
39.0 19.0 19.0 66.47292 15.69336 45.49833 254.0
39.0 19.0 39.0 21.79765 50.15424 32.80503 254.0
39.0 20.0 20.0 85.12058 53.72422 22.36728 507.0
39.0 20.0 39.0 21.79765 50.15424 32.80503 507.0
39.0 21.0 21.0 28.20276 78.06689 19.37648 2074.0
39.0 21.0 39.0 21.79765 50.15424 32.80503 2074.0
39.0 27.0 27.0 18.71062 45.39093 103.75185 16.0
39.0 27.0 39.0 21.79765 50.15424 32.80503 16.0
39.0 39.0 39.0 21.79765 50.15424 32.80503 9431.0
39.0 39.0 39.0 21.79765 50.15424 32.80503 9431.0
39.0 40.0 40.0 83.26987 23.5314 42.39852 29.0
39.0 40.0 39.0 21.79765 50.15424 32.80503 29.0
39.0 45.0 45.0 35.05512 116.3647 28.60905 68.0
39.0 45.0 39.0 21.79765 50.15424 32.80503 68.0
40.0 1.0 1.0 66.27732 89.32756 7.53534 10.0
40.0 1.0 40.0 83.26987 23.5314 42.39852 10.0
40.0 3.0 3.0 83.135 3.82977 87.98529 121.0
40.0 3.0 40.0 83.26987 23.5314 42.39852 121.0
40.0 7.0 7.0 121.69016 13.4437 56.94467 274.0
40.0 7.0 40.0 83.26987 23.5314 42.39852 274.0
40.0 8.0 8.0 108.19161 85.92966 38.67526 22.0
40.0 8.0 40.0 83.26987 23.5314 42.39852 22.0
40.0 10.0 10.0 97.1505 3.94656 61.12813 1186.0
40.0 10.0 40.0 83.26987 23.5314 42.39852 1186.0
40.0 11.0 11.0 48.48305 14.13184 56.54322 465.0
40.0 11.0 40.0 83.26987 23.5314 42.39852 465.0
40.0 13.0 13.0 21.79757 31.14925 56.42945 5.0
40.0 13.0 40.0 83.26987 23.5314 42.39852 5.0
40.0 15.0 15.0 145.03811 26.49391 64.67694 4.0
40.0 15.0 40.0 83.26987 23.5314 42.39852 4.0
40.0 17.0 17.0 122.8578 11.02166 94.59883 3.0
40.0 17.0 40.0 83.26987 23.5314 42.39852 3.0
40.0 19.0 19.0 66.47292 15.69336 45.49833 1402.0
40.0 19.0 40.0 83.26987 23.5314 42.39852 1402.0
40.0 20.0 20.0 85.12058 53.72422 22.36728 1646.0
40.0 20.0 40.0 83.26987 23.5314 42.39852 1646.0
40.0 21.0 21.0 28.20276 78.06689 19.37648 5.0
40.0 21.0 40.0 83.26987 23.5314 42.39852 5.0
40.0 31.0 31.0 121.56018 39.02089 36.0357 1035.0
40.0 31.0 40.0 83.26987 23.5314 42.39852 1035.0
40.0 37.0 37.0 80.16702 11.05978 113.80488 3.0
40.0 37.0 40.0 83.26987 23.5314 42.39852 3.0
40.0 39.0 39.0 21.79765 50.15424 32.80503 30.0
40.0 39.0 40.0 83.26987 23.5314 42.39852 30.0
40.0 40.0 40.0 83.26987 23.5314 42.39852 4268.0
40.0 40.0 40.0 83.26987 23.5314 42.39852 4268.0
41.0 4.0 4.0 72.12593 108.3744 139.70685 2654.0
41.0 4.0 41.0 59.7852 125.9732 122.53699 2654.0
41.0 5.0 5.0 36.21651 130.06593 82.20253 2114.0
41.0 5.0 41.0 59.7852 125.9732 122.53699 2114.0
41.0 6.0 6.0 5.46987 84.80289 74.40216 15.0
41.0 6.0 41.0 59.7852 125.9732 122.53699 15.0
41.0 9.0 9.0 78.50498 139.97677 102.52017 2053.0
41.0 9.0 41.0 59.7852 125.9732 122.53699 2053.0
41.0 13.0 13.0 21.79757 31.14925 56.42945 1.0
41.0 13.0 41.0 59.7852 125.9732 122.53699 1.0
41.0 22.0 22.0 25.093 80.09066 119.44887 655.0
41.0 22.0 41.0 59.7852 125.9732 122.53699 655.0
41.0 24.0 24.0 107.86648 87.21733 149.14135 83.0
41.0 24.0 41.0 59.7852 125.9732 122.53699 83.0
41.0 28.0 28.0 84.15757 39.10703 143.21399 1.0
41.0 28.0 41.0 59.7852 125.9732 122.53699 1.0
41.0 30.0 30.0 88.41313 139.91074 62.7278 27.0
41.0 30.0 41.0 59.7852 125.9732 122.53699 27.0
41.0 34.0 34.0 127.81396 111.20867 129.60708 398.0
41.0 34.0 41.0 59.7852 125.9732 122.53699 398.0
41.0 35.0 35.0 147.78702 121.14419 95.66308 1.0
41.0 35.0 41.0 59.7852 125.9732 122.53699 1.0
41.0 38.0 38.0 88.72048 68.3773 152.62241 1.0
41.0 38.0 41.0 59.7852 125.9732 122.53699 1.0
41.0 41.0 41.0 59.7852 125.9732 122.53699 8810.0
41.0 41.0 41.0 59.7852 125.9732 122.53699 8810.0
41.0 42.0 42.0 56.61155 85.21501 144.95532 381.0
41.0 42.0 41.0 59.7852 125.9732 122.53699 381.0
41.0 43.0 43.0 101.85815 137.66764 99.25885 345.0
41.0 43.0 41.0 59.7852 125.9732 122.53699 345.0
42.0 0.0 0.0 55.09161 48.97115 142.00137 868.0
42.0 0.0 42.0 56.61155 85.21501 144.95532 868.0
42.0 4.0 4.0 72.12593 108.3744 139.70685 2122.0
42.0 4.0 42.0 56.61155 85.21501 144.95532 2122.0
42.0 5.0 5.0 36.21651 130.06593 82.20253 40.0
42.0 5.0 42.0 56.61155 85.21501 144.95532 40.0
42.0 16.0 16.0 37.0857 39.01704 124.6468 140.0
42.0 16.0 42.0 56.61155 85.21501 144.95532 140.0
42.0 22.0 22.0 25.093 80.09066 119.44887 1571.0
42.0 22.0 42.0 56.61155 85.21501 144.95532 1571.0
42.0 24.0 24.0 107.86648 87.21733 149.14135 509.0
42.0 24.0 42.0 56.61155 85.21501 144.95532 509.0
42.0 26.0 26.0 132.06948 45.18061 139.15171 1.0
42.0 26.0 42.0 56.61155 85.21501 144.95532 1.0
42.0 27.0 27.0 18.71062 45.39093 103.75185 1.0
42.0 27.0 42.0 56.61155 85.21501 144.95532 1.0
42.0 28.0 28.0 84.15757 39.10703 143.21399 204.0
42.0 28.0 42.0 56.61155 85.21501 144.95532 204.0
42.0 33.0 33.0 97.26494 49.92712 149.23754 130.0
42.0 33.0 42.0 56.61155 85.21501 144.95532 130.0
42.0 34.0 34.0 127.81396 111.20867 129.60708 7.0
42.0 34.0 42.0 56.61155 85.21501 144.95532 7.0
42.0 36.0 36.0 51.14611 19.45298 119.60708 2.0
42.0 36.0 42.0 56.61155 85.21501 144.95532 2.0
42.0 38.0 38.0 88.72048 68.3773 152.62241 1056.0
42.0 38.0 42.0 56.61155 85.21501 144.95532 1056.0
42.0 41.0 41.0 59.7852 125.9732 122.53699 397.0
42.0 41.0 42.0 56.61155 85.21501 144.95532 397.0
42.0 42.0 42.0 56.61155 85.21501 144.95532 5550.0
42.0 42.0 42.0 56.61155 85.21501 144.95532 5550.0
42.0 44.0 44.0 70.33116 22.72308 131.36095 2.0
42.0 44.0 42.0 56.61155 85.21501 144.95532 2.0
43.0 4.0 4.0 72.12593 108.3744 139.70685 72.0
43.0 4.0 43.0 101.85815 137.66764 99.25885 72.0
43.0 5.0 5.0 36.21651 130.06593 82.20253 59.0
43.0 5.0 43.0 101.85815 137.66764 99.25885 59.0
43.0 9.0 9.0 78.50498 139.97677 102.52017 2010.0
43.0 9.0 43.0 101.85815 137.66764 99.25885 2010.0
43.0 24.0 24.0 107.86648 87.21733 149.14135 6.0
43.0 24.0 43.0 101.85815 137.66764 99.25885 6.0
43.0 30.0 30.0 88.41313 139.91074 62.7278 1981.0
43.0 30.0 43.0 101.85815 137.66764 99.25885 1981.0
43.0 34.0 34.0 127.81396 111.20867 129.60708 1381.0
43.0 34.0 43.0 101.85815 137.66764 99.25885 1381.0
43.0 35.0 35.0 147.78702 121.14419 95.66308 834.0
43.0 35.0 43.0 101.85815 137.66764 99.25885 834.0
43.0 37.0 37.0 80.16702 11.05978 113.80488 1.0
43.0 37.0 43.0 101.85815 137.66764 99.25885 1.0
43.0 41.0 41.0 59.7852 125.9732 122.53699 267.0
43.0 41.0 43.0 101.85815 137.66764 99.25885 267.0
43.0 43.0 43.0 101.85815 137.66764 99.25885 4599.0
43.0 43.0 43.0 101.85815 137.66764 99.25885 4599.0
43.0 46.0 46.0 114.5895 130.3016 52.78146 161.0
43.0 46.0 43.0 101.85815 137.66764 99.25885 161.0
44.0 0.0 0.0 55.09161 48.97115 142.00137 605.0
44.0 0.0 44.0 70.33116 22.72308 131.36095 605.0
44.0 2.0 2.0 27.44328 25.29372 87.80966 35.0
44.0 2.0 44.0 70.33116 22.72308 131.36095 35.0
44.0 3.0 3.0 83.135 3.82977 87.98529 59.0
44.0 3.0 44.0 70.33116 22.72308 131.36095 59.0
44.0 11.0 11.0 48.48305 14.13184 56.54322 2.0
44.0 11.0 44.0 70.33116 22.72308 131.36095 2.0
44.0 16.0 16.0 37.0857 39.01704 124.6468 211.0
44.0 16.0 44.0 70.33116 22.72308 131.36095 211.0
44.0 17.0 17.0 122.8578 11.02166 94.59883 7.0
44.0 17.0 44.0 70.33116 22.72308 131.36095 7.0
44.0 22.0 22.0 25.093 80.09066 119.44887 3.0
44.0 22.0 44.0 70.33116 22.72308 131.36095 3.0
44.0 26.0 26.0 132.06948 45.18061 139.15171 17.0
44.0 26.0 44.0 70.33116 22.72308 131.36095 17.0
44.0 27.0 27.0 18.71062 45.39093 103.75185 4.0
44.0 27.0 44.0 70.33116 22.72308 131.36095 4.0
44.0 28.0 28.0 84.15757 39.10703 143.21399 876.0
44.0 28.0 44.0 70.33116 22.72308 131.36095 876.0
44.0 29.0 29.0 122.68172 20.60718 121.22384 78.0
44.0 29.0 44.0 70.33116 22.72308 131.36095 78.0
44.0 33.0 33.0 97.26494 49.92712 149.23754 99.0
44.0 33.0 44.0 70.33116 22.72308 131.36095 99.0
44.0 36.0 36.0 51.14611 19.45298 119.60708 751.0
44.0 36.0 44.0 70.33116 22.72308 131.36095 751.0
44.0 37.0 37.0 80.16702 11.05978 113.80488 1439.0
44.0 37.0 44.0 70.33116 22.72308 131.36095 1439.0
44.0 38.0 38.0 88.72048 68.3773 152.62241 15.0
44.0 38.0 44.0 70.33116 22.72308 131.36095 15.0
44.0 41.0 41.0 59.7852 125.9732 122.53699 1.0
44.0 41.0 44.0 70.33116 22.72308 131.36095 1.0
44.0 42.0 42.0 56.61155 85.21501 144.95532 2.0
44.0 42.0 44.0 70.33116 22.72308 131.36095 2.0
44.0 44.0 44.0 70.33116 22.72308 131.36095 1738.0
44.0 44.0 44.0 70.33116 22.72308 131.36095 1738.0
45.0 1.0 1.0 66.27732 89.32756 7.53534 1858.0
45.0 1.0 45.0 35.05512 116.3647 28.60905 1858.0
45.0 5.0 5.0 36.21651 130.06593 82.20253 2011.0
45.0 5.0 45.0 35.05512 116.3647 28.60905 2011.0
45.0 6.0 6.0 5.46987 84.80289 74.40216 944.0
45.0 6.0 45.0 35.05512 116.3647 28.60905 944.0
45.0 8.0 8.0 108.19161 85.92966 38.67526 128.0
45.0 8.0 45.0 35.05512 116.3647 28.60905 128.0
45.0 9.0 9.0 78.50498 139.97677 102.52017 1.0
45.0 9.0 45.0 35.05512 116.3647 28.60905 1.0
45.0 14.0 14.0 128.38804 116.01364 40.33105 4.0
45.0 14.0 45.0 35.05512 116.3647 28.60905 4.0
45.0 20.0 20.0 85.12058 53.72422 22.36728 1.0
45.0 20.0 45.0 35.05512 116.3647 28.60905 1.0
45.0 21.0 21.0 28.20276 78.06689 19.37648 1751.0
45.0 21.0 45.0 35.05512 116.3647 28.60905 1751.0
45.0 22.0 22.0 25.093 80.09066 119.44887 2.0
45.0 22.0 45.0 35.05512 116.3647 28.60905 2.0
45.0 30.0 30.0 88.41313 139.91074 62.7278 812.0
45.0 30.0 45.0 35.05512 116.3647 28.60905 812.0
45.0 39.0 39.0 21.79765 50.15424 32.80503 63.0
45.0 39.0 45.0 35.05512 116.3647 28.60905 63.0
45.0 45.0 45.0 35.05512 116.3647 28.60905 12744.0
45.0 45.0 45.0 35.05512 116.3647 28.60905 12744.0
45.0 46.0 46.0 114.5895 130.3016 52.78146 52.0
45.0 46.0 45.0 35.05512 116.3647 28.60905 52.0
46.0 1.0 1.0 66.27732 89.32756 7.53534 132.0
46.0 1.0 46.0 114.5895 130.3016 52.78146 132.0
46.0 5.0 5.0 36.21651 130.06593 82.20253 9.0
46.0 5.0 46.0 114.5895 130.3016 52.78146 9.0
46.0 8.0 8.0 108.19161 85.92966 38.67526 1045.0
46.0 8.0 46.0 114.5895 130.3016 52.78146 1045.0
46.0 9.0 9.0 78.50498 139.97677 102.52017 9.0
46.0 9.0 46.0 114.5895 130.3016 52.78146 9.0
46.0 12.0 12.0 179.80435 86.39094 84.82032 2.0
46.0 12.0 46.0 114.5895 130.3016 52.78146 2.0
46.0 14.0 14.0 128.38804 116.01364 40.33105 2720.0
46.0 14.0 46.0 114.5895 130.3016 52.78146 2720.0
46.0 20.0 20.0 85.12058 53.72422 22.36728 3.0
46.0 20.0 46.0 114.5895 130.3016 52.78146 3.0
46.0 30.0 30.0 88.41313 139.91074 62.7278 3299.0
46.0 30.0 46.0 114.5895 130.3016 52.78146 3299.0
46.0 32.0 32.0 156.96603 89.15001 57.97197 270.0
46.0 32.0 46.0 114.5895 130.3016 52.78146 270.0
46.0 34.0 34.0 127.81396 111.20867 129.60708 13.0
46.0 34.0 46.0 114.5895 130.3016 52.78146 13.0
46.0 35.0 35.0 147.78702 121.14419 95.66308 1067.0
46.0 35.0 46.0 114.5895 130.3016 52.78146 1067.0
46.0 43.0 43.0 101.85815 137.66764 99.25885 152.0
46.0 43.0 46.0 114.5895 130.3016 52.78146 152.0
46.0 45.0 45.0 35.05512 116.3647 28.60905 40.0
46.0 45.0 46.0 114.5895 130.3016 52.78146 40.0
46.0 46.0 46.0 114.5895 130.3016 52.78146 6746.0
46.0 46.0 46.0 114.5895 130.3016 52.78146 6746.0
47.0 12.0 12.0 179.80435 86.39094 84.82032 371.0
47.0 12.0 47.0 164.16315 62.71664 126.15715 371.0
47.0 15.0 15.0 145.03811 26.49391 64.67694 7.0
47.0 15.0 47.0 164.16315 62.71664 126.15715 7.0
47.0 17.0 17.0 122.8578 11.02166 94.59883 18.0
47.0 17.0 47.0 164.16315 62.71664 126.15715 18.0
47.0 18.0 18.0 159.2404 24.86514 93.87162 601.0
47.0 18.0 47.0 164.16315 62.71664 126.15715 601.0
47.0 23.0 23.0 173.47289 43.56879 76.86366 327.0
47.0 23.0 47.0 164.16315 62.71664 126.15715 327.0
47.0 24.0 24.0 107.86648 87.21733 149.14135 221.0
47.0 24.0 47.0 164.16315 62.71664 126.15715 221.0
47.0 25.0 25.0 182.82196 64.15034 100.38793 1175.0
47.0 25.0 47.0 164.16315 62.71664 126.15715 1175.0
47.0 26.0 26.0 132.06948 45.18061 139.15171 1780.0
47.0 26.0 47.0 164.16315 62.71664 126.15715 1780.0
47.0 29.0 29.0 122.68172 20.60718 121.22384 245.0
47.0 29.0 47.0 164.16315 62.71664 126.15715 245.0
47.0 32.0 32.0 156.96603 89.15001 57.97197 3.0
47.0 32.0 47.0 164.16315 62.71664 126.15715 3.0
47.0 33.0 33.0 97.26494 49.92712 149.23754 7.0
47.0 33.0 47.0 164.16315 62.71664 126.15715 7.0
47.0 34.0 34.0 127.81396 111.20867 129.60708 1257.0
47.0 34.0 47.0 164.16315 62.71664 126.15715 1257.0
47.0 35.0 35.0 147.78702 121.14419 95.66308 349.0
47.0 35.0 47.0 164.16315 62.71664 126.15715 349.0
47.0 37.0 37.0 80.16702 11.05978 113.80488 1.0
47.0 37.0 47.0 164.16315 62.71664 126.15715 1.0
47.0 38.0 38.0 88.72048 68.3773 152.62241 4.0
47.0 38.0 47.0 164.16315 62.71664 126.15715 4.0
47.0 47.0 47.0 164.16315 62.71664 126.15715 8551.0
47.0 47.0 47.0 164.16315 62.71664 126.15715 8551.0
