TargetArea SourceArea Area AvgPosX AvgPosY AvgPosZ SumWeights
0.0 0.0 0.0 55.09777 49.07777 142.05424 3480.0
0.0 0.0 0.0 55.09777 49.07777 142.05424 3480.0
0.0 2.0 2.0 27.56273 25.18284 87.96396 7.0
0.0 2.0 0.0 55.09777 49.07777 142.05424 7.0
0.0 4.0 4.0 72.09908 108.32006 139.74635 20.0
0.0 4.0 0.0 55.09777 49.07777 142.05424 20.0
0.0 16.0 16.0 37.07151 38.87838 124.54786 1243.0
0.0 16.0 0.0 55.09777 49.07777 142.05424 1243.0
0.0 22.0 22.0 25.11674 80.12269 119.46723 528.0
0.0 22.0 0.0 55.09777 49.07777 142.05424 528.0
0.0 24.0 24.0 107.82556 87.18123 149.14461 14.0
0.0 24.0 0.0 55.09777 49.07777 142.05424 14.0
0.0 27.0 27.0 18.68877 45.43914 103.74837 41.0
0.0 27.0 0.0 55.09777 49.07777 142.05424 41.0
0.0 28.0 28.0 83.9313 39.30875 143.29527 1078.0
0.0 28.0 0.0 55.09777 49.07777 142.05424 1078.0
0.0 29.0 29.0 122.67837 20.645 121.2985 1.0
0.0 29.0 0.0 55.09777 49.07777 142.05424 1.0
0.0 33.0 33.0 97.42492 49.91568 149.24062 274.0
0.0 33.0 0.0 55.09777 49.07777 142.05424 274.0
0.0 36.0 36.0 51.14394 19.38909 119.50127 444.0
0.0 36.0 0.0 55.09777 49.07777 142.05424 444.0
0.0 37.0 37.0 80.11451 11.07146 113.81888 79.0
0.0 37.0 0.0 55.09777 49.07777 142.05424 79.0
0.0 38.0 38.0 88.68267 68.30729 152.63212 362.0
0.0 38.0 0.0 55.09777 49.07777 142.05424 362.0
0.0 41.0 41.0 59.67144 125.84884 122.58466 2.0
0.0 41.0 0.0 55.09777 49.07777 142.05424 2.0
0.0 42.0 42.0 56.56314 85.17375 144.94365 895.0
0.0 42.0 0.0 55.09777 49.07777 142.05424 895.0
0.0 44.0 44.0 70.43227 22.74275 131.39601 531.0
0.0 44.0 0.0 55.09777 49.07777 142.05424 531.0
1.0 1.0 1.0 66.36846 89.41264 7.60418 9740.0
1.0 1.0 1.0 66.36846 89.41264 7.60418 9740.0
1.0 5.0 5.0 36.27665 130.08435 82.20668 18.0
1.0 5.0 1.0 66.36846 89.41264 7.60418 18.0
1.0 8.0 8.0 108.33601 85.7151 38.75177 1541.0
1.0 8.0 1.0 66.36846 89.41264 7.60418 1541.0
1.0 11.0 11.0 48.38621 14.18133 56.53337 28.0
1.0 11.0 1.0 66.36846 89.41264 7.60418 28.0
1.0 14.0 14.0 128.4749 115.98949 40.40956 42.0
1.0 14.0 1.0 66.36846 89.41264 7.60418 42.0
1.0 19.0 19.0 66.52857 15.59338 45.58798 24.0
1.0 19.0 1.0 66.36846 89.41264 7.60418 24.0
1.0 20.0 20.0 85.13899 53.68351 22.41985 2030.0
1.0 20.0 1.0 66.36846 89.41264 7.60418 2030.0
1.0 21.0 21.0 28.08676 77.98959 19.50111 1262.0
1.0 21.0 1.0 66.36846 89.41264 7.60418 1262.0
1.0 30.0 30.0 88.5187 139.86975 62.76277 334.0
1.0 30.0 1.0 66.36846 89.41264 7.60418 334.0
1.0 31.0 31.0 121.61792 39.12579 36.03591 3.0
1.0 31.0 1.0 66.36846 89.41264 7.60418 3.0
1.0 39.0 39.0 21.81092 50.10004 32.83844 253.0
1.0 39.0 1.0 66.36846 89.41264 7.60418 253.0
1.0 40.0 40.0 83.29176 23.52227 42.35989 8.0
1.0 40.0 1.0 66.36846 89.41264 7.60418 8.0
1.0 45.0 45.0 35.06931 116.34264 28.55825 1692.0
1.0 45.0 1.0 66.36846 89.41264 7.60418 1692.0
1.0 46.0 46.0 114.79487 130.3545 52.89762 129.0
1.0 46.0 1.0 66.36846 89.41264 7.60418 129.0
2.0 0.0 0.0 55.09777 49.07777 142.05424 7.0
2.0 0.0 2.0 27.56273 25.18284 87.96396 7.0
2.0 2.0 2.0 27.56273 25.18284 87.96396 6090.0
2.0 2.0 2.0 27.56273 25.18284 87.96396 6090.0
2.0 3.0 3.0 83.11197 3.82477 87.9233 281.0
2.0 3.0 2.0 27.56273 25.18284 87.96396 281.0
2.0 6.0 6.0 5.47049 84.87101 74.38857 399.0
2.0 6.0 2.0 27.56273 25.18284 87.96396 399.0
2.0 11.0 11.0 48.38621 14.18133 56.53337 1202.0
2.0 11.0 2.0 27.56273 25.18284 87.96396 1202.0
2.0 13.0 13.0 21.81438 31.13184 56.40869 1229.0
2.0 13.0 2.0 27.56273 25.18284 87.96396 1229.0
2.0 16.0 16.0 37.07151 38.87838 124.54786 707.0
2.0 16.0 2.0 27.56273 25.18284 87.96396 707.0
2.0 19.0 19.0 66.52857 15.59338 45.58798 15.0
2.0 19.0 2.0 27.56273 25.18284 87.96396 15.0
2.0 20.0 20.0 85.13899 53.68351 22.41985 1.0
2.0 20.0 2.0 27.56273 25.18284 87.96396 1.0
2.0 22.0 22.0 25.11674 80.12269 119.46723 71.0
2.0 22.0 2.0 27.56273 25.18284 87.96396 71.0
2.0 27.0 27.0 18.68877 45.43914 103.74837 1467.0
2.0 27.0 2.0 27.56273 25.18284 87.96396 1467.0
2.0 28.0 28.0 83.9313 39.30875 143.29527 1.0
2.0 28.0 2.0 27.56273 25.18284 87.96396 1.0
2.0 36.0 36.0 51.14394 19.38909 119.50127 517.0
2.0 36.0 2.0 27.56273 25.18284 87.96396 517.0
2.0 37.0 37.0 80.11451 11.07146 113.81888 406.0
2.0 37.0 2.0 27.56273 25.18284 87.96396 406.0
2.0 39.0 39.0 21.81092 50.10004 32.83844 143.0
2.0 39.0 2.0 27.56273 25.18284 87.96396 143.0
2.0 40.0 40.0 83.29176 23.52227 42.35989 1.0
2.0 40.0 2.0 27.56273 25.18284 87.96396 1.0
2.0 44.0 44.0 70.43227 22.74275 131.39601 28.0
2.0 44.0 2.0 27.56273 25.18284 87.96396 28.0
3.0 2.0 2.0 27.56273 25.18284 87.96396 264.0
3.0 2.0 3.0 83.11197 3.82477 87.9233 264.0
3.0 3.0 3.0 83.11197 3.82477 87.9233 6289.0
3.0 3.0 3.0 83.11197 3.82477 87.9233 6289.0
3.0 7.0 7.0 121.72353 13.44503 56.95858 200.0
3.0 7.0 3.0 83.11197 3.82477 87.9233 200.0
3.0 10.0 10.0 97.28334 3.97655 61.17032 1514.0
3.0 10.0 3.0 83.11197 3.82477 87.9233 1514.0
3.0 11.0 11.0 48.38621 14.18133 56.53337 976.0
3.0 11.0 3.0 83.11197 3.82477 87.9233 976.0
3.0 13.0 13.0 21.81438 31.13184 56.40869 9.0
3.0 13.0 3.0 83.11197 3.82477 87.9233 9.0
3.0 15.0 15.0 144.95108 26.49699 64.54953 18.0
3.0 15.0 3.0 83.11197 3.82477 87.9233 18.0
3.0 16.0 16.0 37.07151 38.87838 124.54786 14.0
3.0 16.0 3.0 83.11197 3.82477 87.9233 14.0
3.0 17.0 17.0 122.8849 11.03444 94.6582 1105.0
3.0 17.0 3.0 83.11197 3.82477 87.9233 1105.0
3.0 18.0 18.0 159.30778 24.92526 93.81337 1.0
3.0 18.0 3.0 83.11197 3.82477 87.9233 1.0
3.0 19.0 19.0 66.52857 15.59338 45.58798 401.0
3.0 19.0 3.0 83.11197 3.82477 87.9233 401.0
3.0 26.0 26.0 131.95669 45.14286 139.17546 4.0
3.0 26.0 3.0 83.11197 3.82477 87.9233 4.0
3.0 28.0 28.0 83.9313 39.30875 143.29527 5.0
3.0 28.0 3.0 83.11197 3.82477 87.9233 5.0
3.0 29.0 29.0 122.67837 20.645 121.2985 187.0
3.0 29.0 3.0 83.11197 3.82477 87.9233 187.0
3.0 31.0 31.0 121.61792 39.12579 36.03591 3.0
3.0 31.0 3.0 83.11197 3.82477 87.9233 3.0
3.0 36.0 36.0 51.14394 19.38909 119.50127 133.0
3.0 36.0 3.0 83.11197 3.82477 87.9233 133.0
3.0 37.0 37.0 80.11451 11.07146 113.81888 2306.0
3.0 37.0 3.0 83.11197 3.82477 87.9233 2306.0
3.0 40.0 40.0 83.29176 23.52227 42.35989 154.0
3.0 40.0 3.0 83.11197 3.82477 87.9233 154.0
3.0 44.0 44.0 70.43227 22.74275 131.39601 47.0
3.0 44.0 3.0 83.11197 3.82477 87.9233 47.0
4.0 0.0 0.0 55.09777 49.07777 142.05424 22.0
4.0 0.0 4.0 72.09908 108.32006 139.74635 22.0
4.0 4.0 4.0 72.09908 108.32006 139.74635 6038.0
4.0 4.0 4.0 72.09908 108.32006 139.74635 6038.0
4.0 5.0 5.0 36.27665 130.08435 82.20668 94.0
4.0 5.0 4.0 72.09908 108.32006 139.74635 94.0
4.0 6.0 6.0 5.47049 84.87101 74.38857 2.0
4.0 6.0 4.0 72.09908 108.32006 139.74635 2.0
4.0 9.0 9.0 78.46236 140.01398 102.47559 247.0
4.0 9.0 4.0 72.09908 108.32006 139.74635 247.0
4.0 16.0 16.0 37.07151 38.87838 124.54786 2.0
4.0 16.0 4.0 72.09908 108.32006 139.74635 2.0
4.0 22.0 22.0 25.11674 80.12269 119.46723 435.0
4.0 22.0 4.0 72.09908 108.32006 139.74635 435.0
4.0 24.0 24.0 107.82556 87.18123 149.14461 1426.0
4.0 24.0 4.0 72.09908 108.32006 139.74635 1426.0
4.0 28.0 28.0 83.9313 39.30875 143.29527 3.0
4.0 28.0 4.0 72.09908 108.32006 139.74635 3.0
4.0 33.0 33.0 97.42492 49.91568 149.24062 3.0
4.0 33.0 4.0 72.09908 108.32006 139.74635 3.0
4.0 34.0 34.0 127.773 111.22089 129.6044 763.0
4.0 34.0 4.0 72.09908 108.32006 139.74635 763.0
4.0 35.0 35.0 147.74569 121.17641 95.64677 1.0
4.0 35.0 4.0 72.09908 108.32006 139.74635 1.0
4.0 38.0 38.0 88.68267 68.30729 152.63212 201.0
4.0 38.0 4.0 72.09908 108.32006 139.74635 201.0
4.0 41.0 41.0 59.67144 125.84884 122.58466 2459.0
4.0 41.0 4.0 72.09908 108.32006 139.74635 2459.0
4.0 42.0 42.0 56.56314 85.17375 144.94365 1927.0
4.0 42.0 4.0 72.09908 108.32006 139.74635 1927.0
4.0 43.0 43.0 102.04108 137.5894 99.42914 72.0
4.0 43.0 4.0 72.09908 108.32006 139.74635 72.0
4.0 45.0 45.0 35.06931 116.34264 28.55825 1.0
4.0 45.0 4.0 72.09908 108.32006 139.74635 1.0
5.0 1.0 1.0 66.36846 89.41264 7.60418 15.0
5.0 1.0 5.0 36.27665 130.08435 82.20668 15.0
5.0 4.0 4.0 72.09908 108.32006 139.74635 92.0
5.0 4.0 5.0 36.27665 130.08435 82.20668 92.0
5.0 5.0 5.0 36.27665 130.08435 82.20668 19280.0
5.0 5.0 5.0 36.27665 130.08435 82.20668 19280.0
5.0 6.0 6.0 5.47049 84.87101 74.38857 1830.0
5.0 6.0 5.0 36.27665 130.08435 82.20668 1830.0
5.0 8.0 8.0 108.33601 85.7151 38.75177 6.0
5.0 8.0 5.0 36.27665 130.08435 82.20668 6.0
5.0 9.0 9.0 78.46236 140.01398 102.47559 1342.0
5.0 9.0 5.0 36.27665 130.08435 82.20668 1342.0
5.0 21.0 21.0 28.08676 77.98959 19.50111 10.0
5.0 21.0 5.0 36.27665 130.08435 82.20668 10.0
5.0 22.0 22.0 25.11674 80.12269 119.46723 1110.0
5.0 22.0 5.0 36.27665 130.08435 82.20668 1110.0
5.0 30.0 30.0 88.5187 139.86975 62.76277 1610.0
5.0 30.0 5.0 36.27665 130.08435 82.20668 1610.0
5.0 41.0 41.0 59.67144 125.84884 122.58466 2145.0
5.0 41.0 5.0 36.27665 130.08435 82.20668 2145.0
5.0 42.0 42.0 56.56314 85.17375 144.94365 40.0
5.0 42.0 5.0 36.27665 130.08435 82.20668 40.0
5.0 43.0 43.0 102.04108 137.5894 99.42914 83.0
5.0 43.0 5.0 36.27665 130.08435 82.20668 83.0
5.0 45.0 45.0 35.06931 116.34264 28.55825 1756.0
5.0 45.0 5.0 36.27665 130.08435 82.20668 1756.0
5.0 46.0 46.0 114.79487 130.3545 52.89762 12.0
5.0 46.0 5.0 36.27665 130.08435 82.20668 12.0
6.0 1.0 1.0 66.36846 89.41264 7.60418 1.0
6.0 1.0 6.0 5.47049 84.87101 74.38857 1.0
6.0 2.0 2.0 27.56273 25.18284 87.96396 453.0
6.0 2.0 6.0 5.47049 84.87101 74.38857 453.0
6.0 4.0 4.0 72.09908 108.32006 139.74635 2.0
6.0 4.0 6.0 5.47049 84.87101 74.38857 2.0
6.0 5.0 5.0 36.27665 130.08435 82.20668 1902.0
6.0 5.0 6.0 5.47049 84.87101 74.38857 1902.0
6.0 6.0 6.0 5.47049 84.87101 74.38857 13982.0
6.0 6.0 6.0 5.47049 84.87101 74.38857 13982.0
6.0 11.0 11.0 48.38621 14.18133 56.53337 2.0
6.0 11.0 6.0 5.47049 84.87101 74.38857 2.0
6.0 13.0 13.0 21.81438 31.13184 56.40869 362.0
6.0 13.0 6.0 5.47049 84.87101 74.38857 362.0
6.0 16.0 16.0 37.07151 38.87838 124.54786 9.0
6.0 16.0 6.0 5.47049 84.87101 74.38857 9.0
6.0 21.0 21.0 28.08676 77.98959 19.50111 621.0
6.0 21.0 6.0 5.47049 84.87101 74.38857 621.0
6.0 22.0 22.0 25.11674 80.12269 119.46723 1905.0
6.0 22.0 6.0 5.47049 84.87101 74.38857 1905.0
6.0 27.0 27.0 18.68877 45.43914 103.74837 818.0
6.0 27.0 6.0 5.47049 84.87101 74.38857 818.0
6.0 39.0 39.0 21.81092 50.10004 32.83844 1181.0
6.0 39.0 6.0 5.47049 84.87101 74.38857 1181.0
6.0 41.0 41.0 59.67144 125.84884 122.58466 22.0
6.0 41.0 6.0 5.47049 84.87101 74.38857 22.0
6.0 45.0 45.0 35.06931 116.34264 28.55825 854.0
6.0 45.0 6.0 5.47049 84.87101 74.38857 854.0
7.0 3.0 3.0 83.11197 3.82477 87.9233 204.0
7.0 3.0 7.0 121.72353 13.44503 56.95858 204.0
7.0 7.0 7.0 121.72353 13.44503 56.95858 3729.0
7.0 7.0 7.0 121.72353 13.44503 56.95858 3729.0
7.0 8.0 8.0 108.33601 85.7151 38.75177 6.0
7.0 8.0 7.0 121.72353 13.44503 56.95858 6.0
7.0 10.0 10.0 97.28334 3.97655 61.17032 1341.0
7.0 10.0 7.0 121.72353 13.44503 56.95858 1341.0
7.0 15.0 15.0 144.95108 26.49699 64.54953 1415.0
7.0 15.0 7.0 121.72353 13.44503 56.95858 1415.0
7.0 17.0 17.0 122.8849 11.03444 94.6582 757.0
7.0 17.0 7.0 121.72353 13.44503 56.95858 757.0
7.0 18.0 18.0 159.30778 24.92526 93.81337 33.0
7.0 18.0 7.0 121.72353 13.44503 56.95858 33.0
7.0 19.0 19.0 66.52857 15.59338 45.58798 17.0
7.0 19.0 7.0 121.72353 13.44503 56.95858 17.0
7.0 20.0 20.0 85.13899 53.68351 22.41985 24.0
7.0 20.0 7.0 121.72353 13.44503 56.95858 24.0
7.0 23.0 23.0 173.45296 43.5672 76.71576 11.0
7.0 23.0 7.0 121.72353 13.44503 56.95858 11.0
7.0 29.0 29.0 122.67837 20.645 121.2985 11.0
7.0 29.0 7.0 121.72353 13.44503 56.95858 11.0
7.0 31.0 31.0 121.61792 39.12579 36.03591 1343.0
7.0 31.0 7.0 121.72353 13.44503 56.95858 1343.0
7.0 32.0 32.0 156.92766 89.1276 57.94713 1.0
7.0 32.0 7.0 121.72353 13.44503 56.95858 1.0
7.0 37.0 37.0 80.11451 11.07146 113.81888 5.0
7.0 37.0 7.0 121.72353 13.44503 56.95858 5.0
7.0 40.0 40.0 83.29176 23.52227 42.35989 295.0
7.0 40.0 7.0 121.72353 13.44503 56.95858 295.0
8.0 1.0 1.0 66.36846 89.41264 7.60418 1361.0
8.0 1.0 8.0 108.33601 85.7151 38.75177 1361.0
8.0 4.0 4.0 72.09908 108.32006 139.74635 1.0
8.0 4.0 8.0 108.33601 85.7151 38.75177 1.0
8.0 5.0 5.0 36.27665 130.08435 82.20668 7.0
8.0 5.0 8.0 108.33601 85.7151 38.75177 7.0
8.0 7.0 7.0 121.72353 13.44503 56.95858 3.0
8.0 7.0 8.0 108.33601 85.7151 38.75177 3.0
8.0 8.0 8.0 108.33601 85.7151 38.75177 25390.0
8.0 8.0 8.0 108.33601 85.7151 38.75177 25390.0
8.0 12.0 12.0 179.78428 86.39102 84.81567 4.0
8.0 12.0 8.0 108.33601 85.7151 38.75177 4.0
8.0 14.0 14.0 128.4749 115.98949 40.40956 2418.0
8.0 14.0 8.0 108.33601 85.7151 38.75177 2418.0
8.0 15.0 15.0 144.95108 26.49699 64.54953 39.0
8.0 15.0 8.0 108.33601 85.7151 38.75177 39.0
8.0 20.0 20.0 85.13899 53.68351 22.41985 2782.0
8.0 20.0 8.0 108.33601 85.7151 38.75177 2782.0
8.0 21.0 21.0 28.08676 77.98959 19.50111 1.0
8.0 21.0 8.0 108.33601 85.7151 38.75177 1.0
8.0 23.0 23.0 173.45296 43.5672 76.71576 3.0
8.0 23.0 8.0 108.33601 85.7151 38.75177 3.0
8.0 24.0 24.0 107.82556 87.18123 149.14461 1.0
8.0 24.0 8.0 108.33601 85.7151 38.75177 1.0
8.0 30.0 30.0 88.5187 139.86975 62.76277 522.0
8.0 30.0 8.0 108.33601 85.7151 38.75177 522.0
8.0 31.0 31.0 121.61792 39.12579 36.03591 1660.0
8.0 31.0 8.0 108.33601 85.7151 38.75177 1660.0
8.0 32.0 32.0 156.92766 89.1276 57.94713 1326.0
8.0 32.0 8.0 108.33601 85.7151 38.75177 1326.0
8.0 35.0 35.0 147.74569 121.17641 95.64677 1.0
8.0 35.0 8.0 108.33601 85.7151 38.75177 1.0
8.0 40.0 40.0 83.29176 23.52227 42.35989 26.0
8.0 40.0 8.0 108.33601 85.7151 38.75177 26.0
8.0 41.0 41.0 59.67144 125.84884 122.58466 1.0
8.0 41.0 8.0 108.33601 85.7151 38.75177 1.0
8.0 43.0 43.0 102.04108 137.5894 99.42914 1.0
8.0 43.0 8.0 108.33601 85.7151 38.75177 1.0
8.0 45.0 45.0 35.06931 116.34264 28.55825 79.0
8.0 45.0 8.0 108.33601 85.7151 38.75177 79.0
8.0 46.0 46.0 114.79487 130.3545 52.89762 957.0
8.0 46.0 8.0 108.33601 85.7151 38.75177 957.0
9.0 4.0 4.0 72.09908 108.32006 139.74635 274.0
9.0 4.0 9.0 78.46236 140.01398 102.47559 274.0
9.0 5.0 5.0 36.27665 130.08435 82.20668 1259.0
9.0 5.0 9.0 78.46236 140.01398 102.47559 1259.0
9.0 9.0 9.0 78.46236 140.01398 102.47559 4307.0
9.0 9.0 9.0 78.46236 140.01398 102.47559 4307.0
9.0 22.0 22.0 25.11674 80.12269 119.46723 2.0
9.0 22.0 9.0 78.46236 140.01398 102.47559 2.0
9.0 24.0 24.0 107.82556 87.18123 149.14461 22.0
9.0 24.0 9.0 78.46236 140.01398 102.47559 22.0
9.0 30.0 30.0 88.5187 139.86975 62.76277 1055.0
9.0 30.0 9.0 78.46236 140.01398 102.47559 1055.0
9.0 34.0 34.0 127.773 111.22089 129.6044 558.0
9.0 34.0 9.0 78.46236 140.01398 102.47559 558.0
9.0 35.0 35.0 147.74569 121.17641 95.64677 11.0
9.0 35.0 9.0 78.46236 140.01398 102.47559 11.0
9.0 41.0 41.0 59.67144 125.84884 122.58466 1908.0
9.0 41.0 9.0 78.46236 140.01398 102.47559 1908.0
9.0 43.0 43.0 102.04108 137.5894 99.42914 1843.0
9.0 43.0 9.0 78.46236 140.01398 102.47559 1843.0
9.0 45.0 45.0 35.06931 116.34264 28.55825 1.0
9.0 45.0 9.0 78.46236 140.01398 102.47559 1.0
9.0 46.0 46.0 114.79487 130.3545 52.89762 1.0
9.0 46.0 9.0 78.46236 140.01398 102.47559 1.0
10.0 2.0 2.0 27.56273 25.18284 87.96396 3.0
10.0 2.0 10.0 97.28334 3.97655 61.17032 3.0
10.0 3.0 3.0 83.11197 3.82477 87.9233 1397.0
10.0 3.0 10.0 97.28334 3.97655 61.17032 1397.0
10.0 7.0 7.0 121.72353 13.44503 56.95858 1373.0
10.0 7.0 10.0 97.28334 3.97655 61.17032 1373.0
10.0 10.0 10.0 97.28334 3.97655 61.17032 3716.0
10.0 10.0 10.0 97.28334 3.97655 61.17032 3716.0
10.0 11.0 11.0 48.38621 14.18133 56.53337 165.0
10.0 11.0 10.0 97.28334 3.97655 61.17032 165.0
10.0 15.0 15.0 144.95108 26.49699 64.54953 81.0
10.0 15.0 10.0 97.28334 3.97655 61.17032 81.0
10.0 17.0 17.0 122.8849 11.03444 94.6582 437.0
10.0 17.0 10.0 97.28334 3.97655 61.17032 437.0
10.0 18.0 18.0 159.30778 24.92526 93.81337 2.0
10.0 18.0 10.0 97.28334 3.97655 61.17032 2.0
10.0 19.0 19.0 66.52857 15.59338 45.58798 524.0
10.0 19.0 10.0 97.28334 3.97655 61.17032 524.0
10.0 20.0 20.0 85.13899 53.68351 22.41985 27.0
10.0 20.0 10.0 97.28334 3.97655 61.17032 27.0
10.0 29.0 29.0 122.67837 20.645 121.2985 4.0
10.0 29.0 10.0 97.28334 3.97655 61.17032 4.0
10.0 31.0 31.0 121.61792 39.12579 36.03591 361.0
10.0 31.0 10.0 97.28334 3.97655 61.17032 361.0
10.0 37.0 37.0 80.11451 11.07146 113.81888 52.0
10.0 37.0 10.0 97.28334 3.97655 61.17032 52.0
10.0 40.0 40.0 83.29176 23.52227 42.35989 1117.0
10.0 40.0 10.0 97.28334 3.97655 61.17032 1117.0
11.0 1.0 1.0 66.36846 89.41264 7.60418 24.0
11.0 1.0 11.0 48.38621 14.18133 56.53337 24.0
11.0 2.0 2.0 27.56273 25.18284 87.96396 1269.0
11.0 2.0 11.0 48.38621 14.18133 56.53337 1269.0
11.0 3.0 3.0 83.11197 3.82477 87.9233 1026.0
11.0 3.0 11.0 48.38621 14.18133 56.53337 1026.0
11.0 6.0 6.0 5.47049 84.87101 74.38857 3.0
11.0 6.0 11.0 48.38621 14.18133 56.53337 3.0
11.0 8.0 8.0 108.33601 85.7151 38.75177 1.0
11.0 8.0 11.0 48.38621 14.18133 56.53337 1.0
11.0 10.0 10.0 97.28334 3.97655 61.17032 191.0
11.0 10.0 11.0 48.38621 14.18133 56.53337 191.0
11.0 11.0 11.0 48.38621 14.18133 56.53337 7203.0
11.0 11.0 11.0 48.38621 14.18133 56.53337 7203.0
11.0 13.0 13.0 21.81438 31.13184 56.40869 1341.0
11.0 13.0 11.0 48.38621 14.18133 56.53337 1341.0
11.0 16.0 16.0 37.07151 38.87838 124.54786 13.0
11.0 16.0 11.0 48.38621 14.18133 56.53337 13.0
11.0 19.0 19.0 66.52857 15.59338 45.58798 1864.0
11.0 19.0 11.0 48.38621 14.18133 56.53337 1864.0
11.0 20.0 20.0 85.13899 53.68351 22.41985 275.0
11.0 20.0 11.0 48.38621 14.18133 56.53337 275.0
11.0 21.0 21.0 28.08676 77.98959 19.50111 30.0
11.0 21.0 11.0 48.38621 14.18133 56.53337 30.0
11.0 27.0 27.0 18.68877 45.43914 103.74837 13.0
11.0 27.0 11.0 48.38621 14.18133 56.53337 13.0
11.0 31.0 31.0 121.61792 39.12579 36.03591 1.0
11.0 31.0 11.0 48.38621 14.18133 56.53337 1.0
11.0 36.0 36.0 51.14394 19.38909 119.50127 62.0
11.0 36.0 11.0 48.38621 14.18133 56.53337 62.0
11.0 37.0 37.0 80.11451 11.07146 113.81888 236.0
11.0 37.0 11.0 48.38621 14.18133 56.53337 236.0
11.0 39.0 39.0 21.81092 50.10004 32.83844 766.0
11.0 39.0 11.0 48.38621 14.18133 56.53337 766.0
11.0 40.0 40.0 83.29176 23.52227 42.35989 539.0
11.0 40.0 11.0 48.38621 14.18133 56.53337 539.0
11.0 44.0 44.0 70.43227 22.74275 131.39601 1.0
11.0 44.0 11.0 48.38621 14.18133 56.53337 1.0
12.0 8.0 8.0 108.33601 85.7151 38.75177 2.0
12.0 8.0 12.0 179.78428 86.39102 84.81567 2.0
12.0 12.0 12.0 179.78428 86.39102 84.81567 5182.0
12.0 12.0 12.0 179.78428 86.39102 84.81567 5182.0
12.0 14.0 14.0 128.4749 115.98949 40.40956 7.0
12.0 14.0 12.0 179.78428 86.39102 84.81567 7.0
12.0 15.0 15.0 144.95108 26.49699 64.54953 36.0
12.0 15.0 12.0 179.78428 86.39102 84.81567 36.0
12.0 18.0 18.0 159.30778 24.92526 93.81337 16.0
12.0 18.0 12.0 179.78428 86.39102 84.81567 16.0
12.0 23.0 23.0 173.45296 43.5672 76.71576 548.0
12.0 23.0 12.0 179.78428 86.39102 84.81567 548.0
12.0 25.0 25.0 182.79448 64.34682 100.50148 1056.0
12.0 25.0 12.0 179.78428 86.39102 84.81567 1056.0
12.0 31.0 31.0 121.61792 39.12579 36.03591 7.0
12.0 31.0 12.0 179.78428 86.39102 84.81567 7.0
12.0 32.0 32.0 156.92766 89.1276 57.94713 1613.0
12.0 32.0 12.0 179.78428 86.39102 84.81567 1613.0
12.0 34.0 34.0 127.773 111.22089 129.6044 86.0
12.0 34.0 12.0 179.78428 86.39102 84.81567 86.0
12.0 35.0 35.0 147.74569 121.17641 95.64677 1149.0
12.0 35.0 12.0 179.78428 86.39102 84.81567 1149.0
12.0 46.0 46.0 114.79487 130.3545 52.89762 4.0
12.0 46.0 12.0 179.78428 86.39102 84.81567 4.0
12.0 47.0 47.0 164.12244 62.65312 126.2129 396.0
12.0 47.0 12.0 179.78428 86.39102 84.81567 396.0
13.0 2.0 2.0 27.56273 25.18284 87.96396 1251.0
13.0 2.0 13.0 21.81438 31.13184 56.40869 1251.0
13.0 3.0 3.0 83.11197 3.82477 87.9233 3.0
13.0 3.0 13.0 21.81438 31.13184 56.40869 3.0
13.0 6.0 6.0 5.47049 84.87101 74.38857 380.0
13.0 6.0 13.0 21.81438 31.13184 56.40869 380.0
13.0 11.0 11.0 48.38621 14.18133 56.53337 1446.0
13.0 11.0 13.0 21.81438 31.13184 56.40869 1446.0
13.0 13.0 13.0 21.81438 31.13184 56.40869 3333.0
13.0 13.0 13.0 21.81438 31.13184 56.40869 3333.0
13.0 19.0 19.0 66.52857 15.59338 45.58798 80.0
13.0 19.0 13.0 21.81438 31.13184 56.40869 80.0
13.0 20.0 20.0 85.13899 53.68351 22.41985 9.0
13.0 20.0 13.0 21.81438 31.13184 56.40869 9.0
13.0 21.0 21.0 28.08676 77.98959 19.50111 12.0
13.0 21.0 13.0 21.81438 31.13184 56.40869 12.0
13.0 22.0 22.0 25.11674 80.12269 119.46723 8.0
13.0 22.0 13.0 21.81438 31.13184 56.40869 8.0
13.0 27.0 27.0 18.68877 45.43914 103.74837 104.0
13.0 27.0 13.0 21.81438 31.13184 56.40869 104.0
13.0 36.0 36.0 51.14394 19.38909 119.50127 2.0
13.0 36.0 13.0 21.81438 31.13184 56.40869 2.0
13.0 37.0 37.0 80.11451 11.07146 113.81888 2.0
13.0 37.0 13.0 21.81438 31.13184 56.40869 2.0
13.0 39.0 39.0 21.81092 50.10004 32.83844 1580.0
13.0 39.0 13.0 21.81438 31.13184 56.40869 1580.0
13.0 40.0 40.0 83.29176 23.52227 42.35989 5.0
13.0 40.0 13.0 21.81438 31.13184 56.40869 5.0
14.0 1.0 1.0 66.36846 89.41264 7.60418 48.0
14.0 1.0 14.0 128.4749 115.98949 40.40956 48.0
14.0 8.0 8.0 108.33601 85.7151 38.75177 2457.0
14.0 8.0 14.0 128.4749 115.98949 40.40956 2457.0
14.0 12.0 12.0 179.78428 86.39102 84.81567 7.0
14.0 12.0 14.0 128.4749 115.98949 40.40956 7.0
14.0 14.0 14.0 128.4749 115.98949 40.40956 6320.0
14.0 14.0 14.0 128.4749 115.98949 40.40956 6320.0
14.0 20.0 20.0 85.13899 53.68351 22.41985 8.0
14.0 20.0 14.0 128.4749 115.98949 40.40956 8.0
14.0 30.0 30.0 88.5187 139.86975 62.76277 200.0
14.0 30.0 14.0 128.4749 115.98949 40.40956 200.0
14.0 31.0 31.0 121.61792 39.12579 36.03591 8.0
14.0 31.0 14.0 128.4749 115.98949 40.40956 8.0
14.0 32.0 32.0 156.92766 89.1276 57.94713 1316.0
14.0 32.0 14.0 128.4749 115.98949 40.40956 1316.0
14.0 35.0 35.0 147.74569 121.17641 95.64677 317.0
14.0 35.0 14.0 128.4749 115.98949 40.40956 317.0
14.0 43.0 43.0 102.04108 137.5894 99.42914 4.0
14.0 43.0 14.0 128.4749 115.98949 40.40956 4.0
14.0 45.0 45.0 35.06931 116.34264 28.55825 1.0
14.0 45.0 14.0 128.4749 115.98949 40.40956 1.0
14.0 46.0 46.0 114.79487 130.3545 52.89762 2621.0
14.0 46.0 14.0 128.4749 115.98949 40.40956 2621.0
15.0 3.0 3.0 83.11197 3.82477 87.9233 17.0
15.0 3.0 15.0 144.95108 26.49699 64.54953 17.0
15.0 7.0 7.0 121.72353 13.44503 56.95858 1414.0
15.0 7.0 15.0 144.95108 26.49699 64.54953 1414.0
15.0 8.0 8.0 108.33601 85.7151 38.75177 68.0
15.0 8.0 15.0 144.95108 26.49699 64.54953 68.0
15.0 10.0 10.0 97.28334 3.97655 61.17032 80.0
15.0 10.0 15.0 144.95108 26.49699 64.54953 80.0
15.0 12.0 12.0 179.78428 86.39102 84.81567 30.0
15.0 12.0 15.0 144.95108 26.49699 64.54953 30.0
15.0 15.0 15.0 144.95108 26.49699 64.54953 4523.0
15.0 15.0 15.0 144.95108 26.49699 64.54953 4523.0
15.0 17.0 17.0 122.8849 11.03444 94.6582 854.0
15.0 17.0 15.0 144.95108 26.49699 64.54953 854.0
15.0 18.0 18.0 159.30778 24.92526 93.81337 909.0
15.0 18.0 15.0 144.95108 26.49699 64.54953 909.0
15.0 20.0 20.0 85.13899 53.68351 22.41985 1.0
15.0 20.0 15.0 144.95108 26.49699 64.54953 1.0
15.0 23.0 23.0 173.45296 43.5672 76.71576 705.0
15.0 23.0 15.0 144.95108 26.49699 64.54953 705.0
15.0 25.0 25.0 182.79448 64.34682 100.50148 3.0
15.0 25.0 15.0 144.95108 26.49699 64.54953 3.0
15.0 26.0 26.0 131.95669 45.14286 139.17546 5.0
15.0 26.0 15.0 144.95108 26.49699 64.54953 5.0
15.0 29.0 29.0 122.67837 20.645 121.2985 49.0
15.0 29.0 15.0 144.95108 26.49699 64.54953 49.0
15.0 31.0 31.0 121.61792 39.12579 36.03591 1254.0
15.0 31.0 15.0 144.95108 26.49699 64.54953 1254.0
15.0 32.0 32.0 156.92766 89.1276 57.94713 312.0
15.0 32.0 15.0 144.95108 26.49699 64.54953 312.0
15.0 37.0 37.0 80.11451 11.07146 113.81888 4.0
15.0 37.0 15.0 144.95108 26.49699 64.54953 4.0
15.0 40.0 40.0 83.29176 23.52227 42.35989 4.0
15.0 40.0 15.0 144.95108 26.49699 64.54953 4.0
15.0 47.0 47.0 164.12244 62.65312 126.2129 7.0
15.0 47.0 15.0 144.95108 26.49699 64.54953 7.0
16.0 0.0 0.0 55.09777 49.07777 142.05424 1296.0
16.0 0.0 16.0 37.07151 38.87838 124.54786 1296.0
16.0 2.0 2.0 27.56273 25.18284 87.96396 693.0
16.0 2.0 16.0 37.07151 38.87838 124.54786 693.0
16.0 3.0 3.0 83.11197 3.82477 87.9233 19.0
16.0 3.0 16.0 37.07151 38.87838 124.54786 19.0
16.0 4.0 4.0 72.09908 108.32006 139.74635 2.0
16.0 4.0 16.0 37.07151 38.87838 124.54786 2.0
16.0 6.0 6.0 5.47049 84.87101 74.38857 5.0
16.0 6.0 16.0 37.07151 38.87838 124.54786 5.0
16.0 11.0 11.0 48.38621 14.18133 56.53337 14.0
16.0 11.0 16.0 37.07151 38.87838 124.54786 14.0
16.0 13.0 13.0 21.81438 31.13184 56.40869 1.0
16.0 13.0 16.0 37.07151 38.87838 124.54786 1.0
16.0 16.0 16.0 37.07151 38.87838 124.54786 3744.0
16.0 16.0 16.0 37.07151 38.87838 124.54786 3744.0
16.0 22.0 22.0 25.11674 80.12269 119.46723 1130.0
16.0 22.0 16.0 37.07151 38.87838 124.54786 1130.0
16.0 27.0 27.0 18.68877 45.43914 103.74837 1034.0
16.0 27.0 16.0 37.07151 38.87838 124.54786 1034.0
16.0 28.0 28.0 83.9313 39.30875 143.29527 50.0
16.0 28.0 16.0 37.07151 38.87838 124.54786 50.0
16.0 33.0 33.0 97.42492 49.91568 149.24062 5.0
16.0 33.0 16.0 37.07151 38.87838 124.54786 5.0
16.0 36.0 36.0 51.14394 19.38909 119.50127 933.0
16.0 36.0 16.0 37.07151 38.87838 124.54786 933.0
16.0 37.0 37.0 80.11451 11.07146 113.81888 164.0
16.0 37.0 16.0 37.07151 38.87838 124.54786 164.0
16.0 38.0 38.0 88.68267 68.30729 152.63212 17.0
16.0 38.0 16.0 37.07151 38.87838 124.54786 17.0
16.0 42.0 42.0 56.56314 85.17375 144.94365 175.0
16.0 42.0 16.0 37.07151 38.87838 124.54786 175.0
16.0 44.0 44.0 70.43227 22.74275 131.39601 208.0
16.0 44.0 16.0 37.07151 38.87838 124.54786 208.0
17.0 3.0 3.0 83.11197 3.82477 87.9233 1128.0
17.0 3.0 17.0 122.8849 11.03444 94.6582 1128.0
17.0 7.0 7.0 121.72353 13.44503 56.95858 750.0
17.0 7.0 17.0 122.8849 11.03444 94.6582 750.0
17.0 10.0 10.0 97.28334 3.97655 61.17032 431.0
17.0 10.0 17.0 122.8849 11.03444 94.6582 431.0
17.0 15.0 15.0 144.95108 26.49699 64.54953 848.0
17.0 15.0 17.0 122.8849 11.03444 94.6582 848.0
17.0 17.0 17.0 122.8849 11.03444 94.6582 4611.0
17.0 17.0 17.0 122.8849 11.03444 94.6582 4611.0
17.0 18.0 18.0 159.30778 24.92526 93.81337 539.0
17.0 18.0 17.0 122.8849 11.03444 94.6582 539.0
17.0 23.0 23.0 173.45296 43.5672 76.71576 8.0
17.0 23.0 17.0 122.8849 11.03444 94.6582 8.0
17.0 26.0 26.0 131.95669 45.14286 139.17546 77.0
17.0 26.0 17.0 122.8849 11.03444 94.6582 77.0
17.0 28.0 28.0 83.9313 39.30875 143.29527 10.0
17.0 28.0 17.0 122.8849 11.03444 94.6582 10.0
17.0 29.0 29.0 122.67837 20.645 121.2985 1369.0
17.0 29.0 17.0 122.8849 11.03444 94.6582 1369.0
17.0 31.0 31.0 121.61792 39.12579 36.03591 7.0
17.0 31.0 17.0 122.8849 11.03444 94.6582 7.0
17.0 33.0 33.0 97.42492 49.91568 149.24062 2.0
17.0 33.0 17.0 122.8849 11.03444 94.6582 2.0
17.0 37.0 37.0 80.11451 11.07146 113.81888 451.0
17.0 37.0 17.0 122.8849 11.03444 94.6582 451.0
17.0 40.0 40.0 83.29176 23.52227 42.35989 1.0
17.0 40.0 17.0 122.8849 11.03444 94.6582 1.0
17.0 44.0 44.0 70.43227 22.74275 131.39601 4.0
17.0 44.0 17.0 122.8849 11.03444 94.6582 4.0
17.0 45.0 45.0 35.06931 116.34264 28.55825 1.0
17.0 45.0 17.0 122.8849 11.03444 94.6582 1.0
17.0 47.0 47.0 164.12244 62.65312 126.2129 24.0
17.0 47.0 17.0 122.8849 11.03444 94.6582 24.0
18.0 3.0 3.0 83.11197 3.82477 87.9233 2.0
18.0 3.0 18.0 159.30778 24.92526 93.81337 2.0
18.0 7.0 7.0 121.72353 13.44503 56.95858 38.0
18.0 7.0 18.0 159.30778 24.92526 93.81337 38.0
18.0 10.0 10.0 97.28334 3.97655 61.17032 1.0
18.0 10.0 18.0 159.30778 24.92526 93.81337 1.0
18.0 12.0 12.0 179.78428 86.39102 84.81567 11.0
18.0 12.0 18.0 159.30778 24.92526 93.81337 11.0
18.0 15.0 15.0 144.95108 26.49699 64.54953 1016.0
18.0 15.0 18.0 159.30778 24.92526 93.81337 1016.0
18.0 17.0 17.0 122.8849 11.03444 94.6582 602.0
18.0 17.0 18.0 159.30778 24.92526 93.81337 602.0
18.0 18.0 18.0 159.30778 24.92526 93.81337 2827.0
18.0 18.0 18.0 159.30778 24.92526 93.81337 2827.0
18.0 23.0 23.0 173.45296 43.5672 76.71576 896.0
18.0 23.0 18.0 159.30778 24.92526 93.81337 896.0
18.0 25.0 25.0 182.79448 64.34682 100.50148 103.0
18.0 25.0 18.0 159.30778 24.92526 93.81337 103.0
18.0 26.0 26.0 131.95669 45.14286 139.17546 225.0
18.0 26.0 18.0 159.30778 24.92526 93.81337 225.0
18.0 29.0 29.0 122.67837 20.645 121.2985 484.0
18.0 29.0 18.0 159.30778 24.92526 93.81337 484.0
18.0 31.0 31.0 121.61792 39.12579 36.03591 8.0
18.0 31.0 18.0 159.30778 24.92526 93.81337 8.0
18.0 32.0 32.0 156.92766 89.1276 57.94713 9.0
18.0 32.0 18.0 159.30778 24.92526 93.81337 9.0
18.0 37.0 37.0 80.11451 11.07146 113.81888 1.0
18.0 37.0 18.0 159.30778 24.92526 93.81337 1.0
18.0 47.0 47.0 164.12244 62.65312 126.2129 570.0
18.0 47.0 18.0 159.30778 24.92526 93.81337 570.0
19.0 1.0 1.0 66.36846 89.41264 7.60418 28.0
19.0 1.0 19.0 66.52857 15.59338 45.58798 28.0
19.0 2.0 2.0 27.56273 25.18284 87.96396 13.0
19.0 2.0 19.0 66.52857 15.59338 45.58798 13.0
19.0 3.0 3.0 83.11197 3.82477 87.9233 429.0
19.0 3.0 19.0 66.52857 15.59338 45.58798 429.0
19.0 7.0 7.0 121.72353 13.44503 56.95858 13.0
19.0 7.0 19.0 66.52857 15.59338 45.58798 13.0
19.0 8.0 8.0 108.33601 85.7151 38.75177 1.0
19.0 8.0 19.0 66.52857 15.59338 45.58798 1.0
19.0 10.0 10.0 97.28334 3.97655 61.17032 526.0
19.0 10.0 19.0 66.52857 15.59338 45.58798 526.0
19.0 11.0 11.0 48.38621 14.18133 56.53337 1657.0
19.0 11.0 19.0 66.52857 15.59338 45.58798 1657.0
19.0 13.0 13.0 21.81438 31.13184 56.40869 61.0
19.0 13.0 19.0 66.52857 15.59338 45.58798 61.0
19.0 17.0 17.0 122.8849 11.03444 94.6582 1.0
19.0 17.0 19.0 66.52857 15.59338 45.58798 1.0
19.0 19.0 19.0 66.52857 15.59338 45.58798 1863.0
19.0 19.0 19.0 66.52857 15.59338 45.58798 1863.0
19.0 20.0 20.0 85.13899 53.68351 22.41985 537.0
19.0 20.0 19.0 66.52857 15.59338 45.58798 537.0
19.0 21.0 21.0 28.08676 77.98959 19.50111 15.0
19.0 21.0 19.0 66.52857 15.59338 45.58798 15.0
19.0 31.0 31.0 121.61792 39.12579 36.03591 32.0
19.0 31.0 19.0 66.52857 15.59338 45.58798 32.0
19.0 37.0 37.0 80.11451 11.07146 113.81888 19.0
19.0 37.0 19.0 66.52857 15.59338 45.58798 19.0
19.0 39.0 39.0 21.81092 50.10004 32.83844 198.0
19.0 39.0 19.0 66.52857 15.59338 45.58798 198.0
19.0 40.0 40.0 83.29176 23.52227 42.35989 1452.0
19.0 40.0 19.0 66.52857 15.59338 45.58798 1452.0
20.0 1.0 1.0 66.36846 89.41264 7.60418 1822.0
20.0 1.0 20.0 85.13899 53.68351 22.41985 1822.0
20.0 7.0 7.0 121.72353 13.44503 56.95858 13.0
20.0 7.0 20.0 85.13899 53.68351 22.41985 13.0
20.0 8.0 8.0 108.33601 85.7151 38.75177 2966.0
20.0 8.0 20.0 85.13899 53.68351 22.41985 2966.0
20.0 10.0 10.0 97.28334 3.97655 61.17032 20.0
20.0 10.0 20.0 85.13899 53.68351 22.41985 20.0
20.0 11.0 11.0 48.38621 14.18133 56.53337 244.0
20.0 11.0 20.0 85.13899 53.68351 22.41985 244.0
20.0 12.0 12.0 179.78428 86.39102 84.81567 1.0
20.0 12.0 20.0 85.13899 53.68351 22.41985 1.0
20.0 13.0 13.0 21.81438 31.13184 56.40869 9.0
20.0 13.0 20.0 85.13899 53.68351 22.41985 9.0
20.0 14.0 14.0 128.4749 115.98949 40.40956 3.0
20.0 14.0 20.0 85.13899 53.68351 22.41985 3.0
20.0 19.0 19.0 66.52857 15.59338 45.58798 481.0
20.0 19.0 20.0 85.13899 53.68351 22.41985 481.0
20.0 20.0 20.0 85.13899 53.68351 22.41985 11133.0
20.0 20.0 20.0 85.13899 53.68351 22.41985 11133.0
20.0 21.0 21.0 28.08676 77.98959 19.50111 246.0
20.0 21.0 20.0 85.13899 53.68351 22.41985 246.0
20.0 31.0 31.0 121.61792 39.12579 36.03591 1880.0
20.0 31.0 20.0 85.13899 53.68351 22.41985 1880.0
20.0 32.0 32.0 156.92766 89.1276 57.94713 4.0
20.0 32.0 20.0 85.13899 53.68351 22.41985 4.0
20.0 39.0 39.0 21.81092 50.10004 32.83844 451.0
20.0 39.0 20.0 85.13899 53.68351 22.41985 451.0
20.0 40.0 40.0 83.29176 23.52227 42.35989 1505.0
20.0 40.0 20.0 85.13899 53.68351 22.41985 1505.0
20.0 45.0 45.0 35.06931 116.34264 28.55825 1.0
20.0 45.0 20.0 85.13899 53.68351 22.41985 1.0
21.0 1.0 1.0 66.36846 89.41264 7.60418 1338.0
21.0 1.0 21.0 28.08676 77.98959 19.50111 1338.0
21.0 5.0 5.0 36.27665 130.08435 82.20668 5.0
21.0 5.0 21.0 28.08676 77.98959 19.50111 5.0
21.0 6.0 6.0 5.47049 84.87101 74.38857 619.0
21.0 6.0 21.0 28.08676 77.98959 19.50111 619.0
21.0 8.0 8.0 108.33601 85.7151 38.75177 2.0
21.0 8.0 21.0 28.08676 77.98959 19.50111 2.0
21.0 11.0 11.0 48.38621 14.18133 56.53337 32.0
21.0 11.0 21.0 28.08676 77.98959 19.50111 32.0
21.0 12.0 12.0 179.78428 86.39102 84.81567 1.0
21.0 12.0 21.0 28.08676 77.98959 19.50111 1.0
21.0 13.0 13.0 21.81438 31.13184 56.40869 14.0
21.0 13.0 21.0 28.08676 77.98959 19.50111 14.0
21.0 19.0 19.0 66.52857 15.59338 45.58798 13.0
21.0 19.0 21.0 28.08676 77.98959 19.50111 13.0
21.0 20.0 20.0 85.13899 53.68351 22.41985 257.0
21.0 20.0 21.0 28.08676 77.98959 19.50111 257.0
21.0 21.0 21.0 28.08676 77.98959 19.50111 5471.0
21.0 21.0 21.0 28.08676 77.98959 19.50111 5471.0
21.0 39.0 39.0 21.81092 50.10004 32.83844 2005.0
21.0 39.0 21.0 28.08676 77.98959 19.50111 2005.0
21.0 40.0 40.0 83.29176 23.52227 42.35989 1.0
21.0 40.0 21.0 28.08676 77.98959 19.50111 1.0
21.0 45.0 45.0 35.06931 116.34264 28.55825 1743.0
21.0 45.0 21.0 28.08676 77.98959 19.50111 1743.0
22.0 0.0 0.0 55.09777 49.07777 142.05424 591.0
22.0 0.0 22.0 25.11674 80.12269 119.46723 591.0
22.0 2.0 2.0 27.56273 25.18284 87.96396 73.0
22.0 2.0 22.0 25.11674 80.12269 119.46723 73.0
22.0 4.0 4.0 72.09908 108.32006 139.74635 435.0
22.0 4.0 22.0 25.11674 80.12269 119.46723 435.0
22.0 5.0 5.0 36.27665 130.08435 82.20668 1125.0
22.0 5.0 22.0 25.11674 80.12269 119.46723 1125.0
22.0 6.0 6.0 5.47049 84.87101 74.38857 1735.0
22.0 6.0 22.0 25.11674 80.12269 119.46723 1735.0
22.0 13.0 13.0 21.81438 31.13184 56.40869 3.0
22.0 13.0 22.0 25.11674 80.12269 119.46723 3.0
22.0 16.0 16.0 37.07151 38.87838 124.54786 1092.0
22.0 16.0 22.0 25.11674 80.12269 119.46723 1092.0
22.0 22.0 22.0 25.11674 80.12269 119.46723 12242.0
22.0 22.0 22.0 25.11674 80.12269 119.46723 12242.0
22.0 27.0 27.0 18.68877 45.43914 103.74837 1212.0
22.0 27.0 22.0 25.11674 80.12269 119.46723 1212.0
22.0 28.0 28.0 83.9313 39.30875 143.29527 22.0
22.0 28.0 22.0 25.11674 80.12269 119.46723 22.0
22.0 33.0 33.0 97.42492 49.91568 149.24062 2.0
22.0 33.0 22.0 25.11674 80.12269 119.46723 2.0
22.0 36.0 36.0 51.14394 19.38909 119.50127 11.0
22.0 36.0 22.0 25.11674 80.12269 119.46723 11.0
22.0 37.0 37.0 80.11451 11.07146 113.81888 1.0
22.0 37.0 22.0 25.11674 80.12269 119.46723 1.0
22.0 38.0 38.0 88.68267 68.30729 152.63212 25.0
22.0 38.0 22.0 25.11674 80.12269 119.46723 25.0
22.0 41.0 41.0 59.67144 125.84884 122.58466 714.0
22.0 41.0 22.0 25.11674 80.12269 119.46723 714.0
22.0 42.0 42.0 56.56314 85.17375 144.94365 1613.0
22.0 42.0 22.0 25.11674 80.12269 119.46723 1613.0
22.0 44.0 44.0 70.43227 22.74275 131.39601 1.0
22.0 44.0 22.0 25.11674 80.12269 119.46723 1.0
23.0 7.0 7.0 121.72353 13.44503 56.95858 19.0
23.0 7.0 23.0 173.45296 43.5672 76.71576 19.0
23.0 8.0 8.0 108.33601 85.7151 38.75177 10.0
23.0 8.0 23.0 173.45296 43.5672 76.71576 10.0
23.0 12.0 12.0 179.78428 86.39102 84.81567 559.0
23.0 12.0 23.0 173.45296 43.5672 76.71576 559.0
23.0 15.0 15.0 144.95108 26.49699 64.54953 725.0
23.0 15.0 23.0 173.45296 43.5672 76.71576 725.0
23.0 17.0 17.0 122.8849 11.03444 94.6582 14.0
23.0 17.0 23.0 173.45296 43.5672 76.71576 14.0
23.0 18.0 18.0 159.30778 24.92526 93.81337 969.0
23.0 18.0 23.0 173.45296 43.5672 76.71576 969.0
23.0 23.0 23.0 173.45296 43.5672 76.71576 2846.0
23.0 23.0 23.0 173.45296 43.5672 76.71576 2846.0
23.0 25.0 25.0 182.79448 64.34682 100.50148 677.0
23.0 25.0 23.0 173.45296 43.5672 76.71576 677.0
23.0 26.0 26.0 131.95669 45.14286 139.17546 10.0
23.0 26.0 23.0 173.45296 43.5672 76.71576 10.0
23.0 29.0 29.0 122.67837 20.645 121.2985 11.0
23.0 29.0 23.0 173.45296 43.5672 76.71576 11.0
23.0 31.0 31.0 121.61792 39.12579 36.03591 117.0
23.0 31.0 23.0 173.45296 43.5672 76.71576 117.0
23.0 32.0 32.0 156.92766 89.1276 57.94713 475.0
23.0 32.0 23.0 173.45296 43.5672 76.71576 475.0
23.0 37.0 37.0 80.11451 11.07146 113.81888 1.0
23.0 37.0 23.0 173.45296 43.5672 76.71576 1.0
23.0 47.0 47.0 164.12244 62.65312 126.2129 309.0
23.0 47.0 23.0 173.45296 43.5672 76.71576 309.0
24.0 0.0 0.0 55.09777 49.07777 142.05424 9.0
24.0 0.0 24.0 107.82556 87.18123 149.14461 9.0
24.0 4.0 4.0 72.09908 108.32006 139.74635 1462.0
24.0 4.0 24.0 107.82556 87.18123 149.14461 1462.0
24.0 9.0 9.0 78.46236 140.01398 102.47559 14.0
24.0 9.0 24.0 107.82556 87.18123 149.14461 14.0
24.0 16.0 16.0 37.07151 38.87838 124.54786 1.0
24.0 16.0 24.0 107.82556 87.18123 149.14461 1.0
24.0 24.0 24.0 107.82556 87.18123 149.14461 7881.0
24.0 24.0 24.0 107.82556 87.18123 149.14461 7881.0
24.0 26.0 26.0 131.95669 45.14286 139.17546 846.0
24.0 26.0 24.0 107.82556 87.18123 149.14461 846.0
24.0 28.0 28.0 83.9313 39.30875 143.29527 46.0
24.0 28.0 24.0 107.82556 87.18123 149.14461 46.0
24.0 29.0 29.0 122.67837 20.645 121.2985 1.0
24.0 29.0 24.0 107.82556 87.18123 149.14461 1.0
24.0 30.0 30.0 88.5187 139.86975 62.76277 1.0
24.0 30.0 24.0 107.82556 87.18123 149.14461 1.0
24.0 33.0 33.0 97.42492 49.91568 149.24062 461.0
24.0 33.0 24.0 107.82556 87.18123 149.14461 461.0
24.0 34.0 34.0 127.773 111.22089 129.6044 2370.0
24.0 34.0 24.0 107.82556 87.18123 149.14461 2370.0
24.0 35.0 35.0 147.74569 121.17641 95.64677 3.0
24.0 35.0 24.0 107.82556 87.18123 149.14461 3.0
24.0 38.0 38.0 88.68267 68.30729 152.63212 1700.0
24.0 38.0 24.0 107.82556 87.18123 149.14461 1700.0
24.0 41.0 41.0 59.67144 125.84884 122.58466 85.0
24.0 41.0 24.0 107.82556 87.18123 149.14461 85.0
24.0 42.0 42.0 56.56314 85.17375 144.94365 512.0
24.0 42.0 24.0 107.82556 87.18123 149.14461 512.0
24.0 43.0 43.0 102.04108 137.5894 99.42914 7.0
24.0 43.0 24.0 107.82556 87.18123 149.14461 7.0
24.0 44.0 44.0 70.43227 22.74275 131.39601 2.0
24.0 44.0 24.0 107.82556 87.18123 149.14461 2.0
24.0 47.0 47.0 164.12244 62.65312 126.2129 202.0
24.0 47.0 24.0 107.82556 87.18123 149.14461 202.0
25.0 7.0 7.0 121.72353 13.44503 56.95858 1.0
25.0 7.0 25.0 182.79448 64.34682 100.50148 1.0
25.0 12.0 12.0 179.78428 86.39102 84.81567 1115.0
25.0 12.0 25.0 182.79448 64.34682 100.50148 1115.0
25.0 15.0 15.0 144.95108 26.49699 64.54953 4.0
25.0 15.0 25.0 182.79448 64.34682 100.50148 4.0
25.0 18.0 18.0 159.30778 24.92526 93.81337 119.0
25.0 18.0 25.0 182.79448 64.34682 100.50148 119.0
25.0 23.0 23.0 173.45296 43.5672 76.71576 666.0
25.0 23.0 25.0 182.79448 64.34682 100.50148 666.0
25.0 25.0 25.0 182.79448 64.34682 100.50148 1912.0
25.0 25.0 25.0 182.79448 64.34682 100.50148 1912.0
25.0 26.0 26.0 131.95669 45.14286 139.17546 7.0
25.0 26.0 25.0 182.79448 64.34682 100.50148 7.0
25.0 29.0 29.0 122.67837 20.645 121.2985 1.0
25.0 29.0 25.0 182.79448 64.34682 100.50148 1.0
25.0 31.0 31.0 121.61792 39.12579 36.03591 1.0
25.0 31.0 25.0 182.79448 64.34682 100.50148 1.0
25.0 32.0 32.0 156.92766 89.1276 57.94713 54.0
25.0 32.0 25.0 182.79448 64.34682 100.50148 54.0
25.0 34.0 34.0 127.773 111.22089 129.6044 26.0
25.0 34.0 25.0 182.79448 64.34682 100.50148 26.0
25.0 35.0 35.0 147.74569 121.17641 95.64677 88.0
25.0 35.0 25.0 182.79448 64.34682 100.50148 88.0
25.0 46.0 46.0 114.79487 130.3545 52.89762 1.0
25.0 46.0 25.0 182.79448 64.34682 100.50148 1.0
25.0 47.0 47.0 164.12244 62.65312 126.2129 1149.0
25.0 47.0 25.0 182.79448 64.34682 100.50148 1149.0
26.0 0.0 0.0 55.09777 49.07777 142.05424 1.0
26.0 0.0 26.0 131.95669 45.14286 139.17546 1.0
26.0 3.0 3.0 83.11197 3.82477 87.9233 3.0
26.0 3.0 26.0 131.95669 45.14286 139.17546 3.0
26.0 15.0 15.0 144.95108 26.49699 64.54953 2.0
26.0 15.0 26.0 131.95669 45.14286 139.17546 2.0
26.0 17.0 17.0 122.8849 11.03444 94.6582 112.0
26.0 17.0 26.0 131.95669 45.14286 139.17546 112.0
26.0 18.0 18.0 159.30778 24.92526 93.81337 211.0
26.0 18.0 26.0 131.95669 45.14286 139.17546 211.0
26.0 23.0 23.0 173.45296 43.5672 76.71576 3.0
26.0 23.0 26.0 131.95669 45.14286 139.17546 3.0
26.0 24.0 24.0 107.82556 87.18123 149.14461 902.0
26.0 24.0 26.0 131.95669 45.14286 139.17546 902.0
26.0 25.0 25.0 182.79448 64.34682 100.50148 6.0
26.0 25.0 26.0 131.95669 45.14286 139.17546 6.0
26.0 26.0 26.0 131.95669 45.14286 139.17546 7267.0
26.0 26.0 26.0 131.95669 45.14286 139.17546 7267.0
26.0 28.0 28.0 83.9313 39.30875 143.29527 403.0
26.0 28.0 26.0 131.95669 45.14286 139.17546 403.0
26.0 29.0 29.0 122.67837 20.645 121.2985 1746.0
26.0 29.0 26.0 131.95669 45.14286 139.17546 1746.0
26.0 33.0 33.0 97.42492 49.91568 149.24062 998.0
26.0 33.0 26.0 131.95669 45.14286 139.17546 998.0
26.0 34.0 34.0 127.773 111.22089 129.6044 273.0
26.0 34.0 26.0 131.95669 45.14286 139.17546 273.0
26.0 35.0 35.0 147.74569 121.17641 95.64677 1.0
26.0 35.0 26.0 131.95669 45.14286 139.17546 1.0
26.0 37.0 37.0 80.11451 11.07146 113.81888 93.0
26.0 37.0 26.0 131.95669 45.14286 139.17546 93.0
26.0 38.0 38.0 88.68267 68.30729 152.63212 391.0
26.0 38.0 26.0 131.95669 45.14286 139.17546 391.0
26.0 44.0 44.0 70.43227 22.74275 131.39601 11.0
26.0 44.0 26.0 131.95669 45.14286 139.17546 11.0
26.0 47.0 47.0 164.12244 62.65312 126.2129 1602.0
26.0 47.0 26.0 131.95669 45.14286 139.17546 1602.0
27.0 0.0 0.0 55.09777 49.07777 142.05424 49.0
27.0 0.0 27.0 18.68877 45.43914 103.74837 49.0
27.0 2.0 2.0 27.56273 25.18284 87.96396 1452.0
27.0 2.0 27.0 18.68877 45.43914 103.74837 1452.0
27.0 3.0 3.0 83.11197 3.82477 87.9233 1.0
27.0 3.0 27.0 18.68877 45.43914 103.74837 1.0
27.0 5.0 5.0 36.27665 130.08435 82.20668 1.0
27.0 5.0 27.0 18.68877 45.43914 103.74837 1.0
27.0 6.0 6.0 5.47049 84.87101 74.38857 698.0
27.0 6.0 27.0 18.68877 45.43914 103.74837 698.0
27.0 11.0 11.0 48.38621 14.18133 56.53337 17.0
27.0 11.0 27.0 18.68877 45.43914 103.74837 17.0
27.0 13.0 13.0 21.81438 31.13184 56.40869 120.0
27.0 13.0 27.0 18.68877 45.43914 103.74837 120.0
27.0 16.0 16.0 37.07151 38.87838 124.54786 1123.0
27.0 16.0 27.0 18.68877 45.43914 103.74837 1123.0
27.0 19.0 19.0 66.52857 15.59338 45.58798 1.0
27.0 19.0 27.0 18.68877 45.43914 103.74837 1.0
27.0 22.0 22.0 25.11674 80.12269 119.46723 1292.0
27.0 22.0 27.0 18.68877 45.43914 103.74837 1292.0
27.0 27.0 27.0 18.68877 45.43914 103.74837 2900.0
27.0 27.0 27.0 18.68877 45.43914 103.74837 2900.0
27.0 36.0 36.0 51.14394 19.38909 119.50127 85.0
27.0 36.0 27.0 18.68877 45.43914 103.74837 85.0
27.0 37.0 37.0 80.11451 11.07146 113.81888 8.0
27.0 37.0 27.0 18.68877 45.43914 103.74837 8.0
27.0 39.0 39.0 21.81092 50.10004 32.83844 28.0
27.0 39.0 27.0 18.68877 45.43914 103.74837 28.0
27.0 42.0 42.0 56.56314 85.17375 144.94365 1.0
27.0 42.0 27.0 18.68877 45.43914 103.74837 1.0
27.0 44.0 44.0 70.43227 22.74275 131.39601 6.0
27.0 44.0 27.0 18.68877 45.43914 103.74837 6.0
28.0 0.0 0.0 55.09777 49.07777 142.05424 1035.0
28.0 0.0 28.0 83.9313 39.30875 143.29527 1035.0
28.0 3.0 3.0 83.11197 3.82477 87.9233 7.0
28.0 3.0 28.0 83.9313 39.30875 143.29527 7.0
28.0 4.0 4.0 72.09908 108.32006 139.74635 4.0
28.0 4.0 28.0 83.9313 39.30875 143.29527 4.0
28.0 16.0 16.0 37.07151 38.87838 124.54786 50.0
28.0 16.0 28.0 83.9313 39.30875 143.29527 50.0
28.0 17.0 17.0 122.8849 11.03444 94.6582 9.0
28.0 17.0 28.0 83.9313 39.30875 143.29527 9.0
28.0 22.0 22.0 25.11674 80.12269 119.46723 21.0
28.0 22.0 28.0 83.9313 39.30875 143.29527 21.0
28.0 24.0 24.0 107.82556 87.18123 149.14461 41.0
28.0 24.0 28.0 83.9313 39.30875 143.29527 41.0
28.0 26.0 26.0 131.95669 45.14286 139.17546 394.0
28.0 26.0 28.0 83.9313 39.30875 143.29527 394.0
28.0 28.0 28.0 83.9313 39.30875 143.29527 2781.0
28.0 28.0 28.0 83.9313 39.30875 143.29527 2781.0
28.0 29.0 29.0 122.67837 20.645 121.2985 411.0
28.0 29.0 28.0 83.9313 39.30875 143.29527 411.0
28.0 33.0 33.0 97.42492 49.91568 149.24062 1496.0
28.0 33.0 28.0 83.9313 39.30875 143.29527 1496.0
28.0 36.0 36.0 51.14394 19.38909 119.50127 71.0
28.0 36.0 28.0 83.9313 39.30875 143.29527 71.0
28.0 37.0 37.0 80.11451 11.07146 113.81888 631.0
28.0 37.0 28.0 83.9313 39.30875 143.29527 631.0
28.0 38.0 38.0 88.68267 68.30729 152.63212 549.0
28.0 38.0 28.0 83.9313 39.30875 143.29527 549.0
28.0 42.0 42.0 56.56314 85.17375 144.94365 172.0
28.0 42.0 28.0 83.9313 39.30875 143.29527 172.0
28.0 44.0 44.0 70.43227 22.74275 131.39601 854.0
28.0 44.0 28.0 83.9313 39.30875 143.29527 854.0
28.0 47.0 47.0 164.12244 62.65312 126.2129 1.0
28.0 47.0 28.0 83.9313 39.30875 143.29527 1.0
29.0 0.0 0.0 55.09777 49.07777 142.05424 2.0
29.0 0.0 29.0 122.67837 20.645 121.2985 2.0
29.0 3.0 3.0 83.11197 3.82477 87.9233 203.0
29.0 3.0 29.0 122.67837 20.645 121.2985 203.0
29.0 7.0 7.0 121.72353 13.44503 56.95858 18.0
29.0 7.0 29.0 122.67837 20.645 121.2985 18.0
29.0 10.0 10.0 97.28334 3.97655 61.17032 5.0
29.0 10.0 29.0 122.67837 20.645 121.2985 5.0
29.0 15.0 15.0 144.95108 26.49699 64.54953 56.0
29.0 15.0 29.0 122.67837 20.645 121.2985 56.0
29.0 17.0 17.0 122.8849 11.03444 94.6582 1509.0
29.0 17.0 29.0 122.67837 20.645 121.2985 1509.0
29.0 18.0 18.0 159.30778 24.92526 93.81337 461.0
29.0 18.0 29.0 122.67837 20.645 121.2985 461.0
29.0 23.0 23.0 173.45296 43.5672 76.71576 12.0
29.0 23.0 29.0 122.67837 20.645 121.2985 12.0
29.0 25.0 25.0 182.79448 64.34682 100.50148 1.0
29.0 25.0 29.0 122.67837 20.645 121.2985 1.0
29.0 26.0 26.0 131.95669 45.14286 139.17546 1709.0
29.0 26.0 29.0 122.67837 20.645 121.2985 1709.0
29.0 28.0 28.0 83.9313 39.30875 143.29527 403.0
29.0 28.0 29.0 122.67837 20.645 121.2985 403.0
29.0 29.0 29.0 122.67837 20.645 121.2985 4207.0
29.0 29.0 29.0 122.67837 20.645 121.2985 4207.0
29.0 33.0 33.0 97.42492 49.91568 149.24062 177.0
29.0 33.0 29.0 122.67837 20.645 121.2985 177.0
29.0 36.0 36.0 51.14394 19.38909 119.50127 1.0
29.0 36.0 29.0 122.67837 20.645 121.2985 1.0
29.0 37.0 37.0 80.11451 11.07146 113.81888 996.0
29.0 37.0 29.0 122.67837 20.645 121.2985 996.0
29.0 38.0 38.0 88.68267 68.30729 152.63212 7.0
29.0 38.0 29.0 122.67837 20.645 121.2985 7.0
29.0 44.0 44.0 70.43227 22.74275 131.39601 85.0
29.0 44.0 29.0 122.67837 20.645 121.2985 85.0
29.0 46.0 46.0 114.79487 130.3545 52.89762 1.0
29.0 46.0 29.0 122.67837 20.645 121.2985 1.0
29.0 47.0 47.0 164.12244 62.65312 126.2129 193.0
29.0 47.0 29.0 122.67837 20.645 121.2985 193.0
30.0 1.0 1.0 66.36846 89.41264 7.60418 313.0
30.0 1.0 30.0 88.5187 139.86975 62.76277 313.0
30.0 5.0 5.0 36.27665 130.08435 82.20668 1547.0
30.0 5.0 30.0 88.5187 139.86975 62.76277 1547.0
30.0 8.0 8.0 108.33601 85.7151 38.75177 546.0
30.0 8.0 30.0 88.5187 139.86975 62.76277 546.0
30.0 9.0 9.0 78.46236 140.01398 102.47559 1051.0
30.0 9.0 30.0 88.5187 139.86975 62.76277 1051.0
30.0 14.0 14.0 128.4749 115.98949 40.40956 207.0
30.0 14.0 30.0 88.5187 139.86975 62.76277 207.0
30.0 30.0 30.0 88.5187 139.86975 62.76277 13196.0
30.0 30.0 30.0 88.5187 139.86975 62.76277 13196.0
30.0 32.0 32.0 156.92766 89.1276 57.94713 5.0
30.0 32.0 30.0 88.5187 139.86975 62.76277 5.0
30.0 34.0 34.0 127.773 111.22089 129.6044 78.0
30.0 34.0 30.0 88.5187 139.86975 62.76277 78.0
30.0 35.0 35.0 147.74569 121.17641 95.64677 675.0
30.0 35.0 30.0 88.5187 139.86975 62.76277 675.0
30.0 41.0 41.0 59.67144 125.84884 122.58466 22.0
30.0 41.0 30.0 88.5187 139.86975 62.76277 22.0
30.0 43.0 43.0 102.04108 137.5894 99.42914 1936.0
30.0 43.0 30.0 88.5187 139.86975 62.76277 1936.0
30.0 45.0 45.0 35.06931 116.34264 28.55825 671.0
30.0 45.0 30.0 88.5187 139.86975 62.76277 671.0
30.0 46.0 46.0 114.79487 130.3545 52.89762 3091.0
30.0 46.0 30.0 88.5187 139.86975 62.76277 3091.0
31.0 1.0 1.0 66.36846 89.41264 7.60418 3.0
31.0 1.0 31.0 121.61792 39.12579 36.03591 3.0
31.0 3.0 3.0 83.11197 3.82477 87.9233 2.0
31.0 3.0 31.0 121.61792 39.12579 36.03591 2.0
31.0 7.0 7.0 121.72353 13.44503 56.95858 1499.0
31.0 7.0 31.0 121.61792 39.12579 36.03591 1499.0
31.0 8.0 8.0 108.33601 85.7151 38.75177 1894.0
31.0 8.0 31.0 121.61792 39.12579 36.03591 1894.0
31.0 10.0 10.0 97.28334 3.97655 61.17032 348.0
31.0 10.0 31.0 121.61792 39.12579 36.03591 348.0
31.0 11.0 11.0 48.38621 14.18133 56.53337 1.0
31.0 11.0 31.0 121.61792 39.12579 36.03591 1.0
31.0 12.0 12.0 179.78428 86.39102 84.81567 7.0
31.0 12.0 31.0 121.61792 39.12579 36.03591 7.0
31.0 14.0 14.0 128.4749 115.98949 40.40956 4.0
31.0 14.0 31.0 121.61792 39.12579 36.03591 4.0
31.0 15.0 15.0 144.95108 26.49699 64.54953 1287.0
31.0 15.0 31.0 121.61792 39.12579 36.03591 1287.0
31.0 17.0 17.0 122.8849 11.03444 94.6582 3.0
31.0 17.0 31.0 121.61792 39.12579 36.03591 3.0
31.0 18.0 18.0 159.30778 24.92526 93.81337 14.0
31.0 18.0 31.0 121.61792 39.12579 36.03591 14.0
31.0 19.0 19.0 66.52857 15.59338 45.58798 25.0
31.0 19.0 31.0 121.61792 39.12579 36.03591 25.0
31.0 20.0 20.0 85.13899 53.68351 22.41985 1964.0
31.0 20.0 31.0 121.61792 39.12579 36.03591 1964.0
31.0 23.0 23.0 173.45296 43.5672 76.71576 114.0
31.0 23.0 31.0 121.61792 39.12579 36.03591 114.0
31.0 31.0 31.0 121.61792 39.12579 36.03591 10333.0
31.0 31.0 31.0 121.61792 39.12579 36.03591 10333.0
31.0 32.0 32.0 156.92766 89.1276 57.94713 503.0
31.0 32.0 31.0 121.61792 39.12579 36.03591 503.0
31.0 40.0 40.0 83.29176 23.52227 42.35989 960.0
31.0 40.0 31.0 121.61792 39.12579 36.03591 960.0
31.0 45.0 45.0 35.06931 116.34264 28.55825 1.0
31.0 45.0 31.0 121.61792 39.12579 36.03591 1.0
32.0 7.0 7.0 121.72353 13.44503 56.95858 4.0
32.0 7.0 32.0 156.92766 89.1276 57.94713 4.0
32.0 8.0 8.0 108.33601 85.7151 38.75177 1517.0
32.0 8.0 32.0 156.92766 89.1276 57.94713 1517.0
32.0 12.0 12.0 179.78428 86.39102 84.81567 1507.0
32.0 12.0 32.0 156.92766 89.1276 57.94713 1507.0
32.0 14.0 14.0 128.4749 115.98949 40.40956 1330.0
32.0 14.0 32.0 156.92766 89.1276 57.94713 1330.0
32.0 15.0 15.0 144.95108 26.49699 64.54953 330.0
32.0 15.0 32.0 156.92766 89.1276 57.94713 330.0
32.0 18.0 18.0 159.30778 24.92526 93.81337 10.0
32.0 18.0 32.0 156.92766 89.1276 57.94713 10.0
32.0 20.0 20.0 85.13899 53.68351 22.41985 7.0
32.0 20.0 32.0 156.92766 89.1276 57.94713 7.0
32.0 23.0 23.0 173.45296 43.5672 76.71576 421.0
32.0 23.0 32.0 156.92766 89.1276 57.94713 421.0
32.0 25.0 25.0 182.79448 64.34682 100.50148 58.0
32.0 25.0 32.0 156.92766 89.1276 57.94713 58.0
32.0 30.0 30.0 88.5187 139.86975 62.76277 3.0
32.0 30.0 32.0 156.92766 89.1276 57.94713 3.0
32.0 31.0 31.0 121.61792 39.12579 36.03591 519.0
32.0 31.0 32.0 156.92766 89.1276 57.94713 519.0
32.0 32.0 32.0 156.92766 89.1276 57.94713 8260.0
32.0 32.0 32.0 156.92766 89.1276 57.94713 8260.0
32.0 35.0 35.0 147.74569 121.17641 95.64677 858.0
32.0 35.0 32.0 156.92766 89.1276 57.94713 858.0
32.0 46.0 46.0 114.79487 130.3545 52.89762 307.0
32.0 46.0 32.0 156.92766 89.1276 57.94713 307.0
32.0 47.0 47.0 164.12244 62.65312 126.2129 1.0
32.0 47.0 32.0 156.92766 89.1276 57.94713 1.0
33.0 0.0 0.0 55.09777 49.07777 142.05424 229.0
33.0 0.0 33.0 97.42492 49.91568 149.24062 229.0
33.0 4.0 4.0 72.09908 108.32006 139.74635 5.0
33.0 4.0 33.0 97.42492 49.91568 149.24062 5.0
33.0 16.0 16.0 37.07151 38.87838 124.54786 1.0
33.0 16.0 33.0 97.42492 49.91568 149.24062 1.0
33.0 17.0 17.0 122.8849 11.03444 94.6582 1.0
33.0 17.0 33.0 97.42492 49.91568 149.24062 1.0
33.0 18.0 18.0 159.30778 24.92526 93.81337 1.0
33.0 18.0 33.0 97.42492 49.91568 149.24062 1.0
33.0 22.0 22.0 25.11674 80.12269 119.46723 2.0
33.0 22.0 33.0 97.42492 49.91568 149.24062 2.0
33.0 24.0 24.0 107.82556 87.18123 149.14461 479.0
33.0 24.0 33.0 97.42492 49.91568 149.24062 479.0
33.0 26.0 26.0 131.95669 45.14286 139.17546 1007.0
33.0 26.0 33.0 97.42492 49.91568 149.24062 1007.0
33.0 28.0 28.0 83.9313 39.30875 143.29527 1440.0
33.0 28.0 33.0 97.42492 49.91568 149.24062 1440.0
33.0 29.0 29.0 122.67837 20.645 121.2985 189.0
33.0 29.0 33.0 97.42492 49.91568 149.24062 189.0
33.0 33.0 33.0 97.42492 49.91568 149.24062 2360.0
33.0 33.0 33.0 97.42492 49.91568 149.24062 2360.0
33.0 34.0 34.0 127.773 111.22089 129.6044 2.0
33.0 34.0 33.0 97.42492 49.91568 149.24062 2.0
33.0 36.0 36.0 51.14394 19.38909 119.50127 2.0
33.0 36.0 33.0 97.42492 49.91568 149.24062 2.0
33.0 37.0 37.0 80.11451 11.07146 113.81888 83.0
33.0 37.0 33.0 97.42492 49.91568 149.24062 83.0
33.0 38.0 38.0 88.68267 68.30729 152.63212 1397.0
33.0 38.0 33.0 97.42492 49.91568 149.24062 1397.0
33.0 42.0 42.0 56.56314 85.17375 144.94365 115.0
33.0 42.0 33.0 97.42492 49.91568 149.24062 115.0
33.0 44.0 44.0 70.43227 22.74275 131.39601 114.0
33.0 44.0 33.0 97.42492 49.91568 149.24062 114.0
33.0 47.0 47.0 164.12244 62.65312 126.2129 5.0
33.0 47.0 33.0 97.42492 49.91568 149.24062 5.0
34.0 4.0 4.0 72.09908 108.32006 139.74635 840.0
34.0 4.0 34.0 127.773 111.22089 129.6044 840.0
34.0 5.0 5.0 36.27665 130.08435 82.20668 1.0
34.0 5.0 34.0 127.773 111.22089 129.6044 1.0
34.0 9.0 9.0 78.46236 140.01398 102.47559 536.0
34.0 9.0 34.0 127.773 111.22089 129.6044 536.0
34.0 12.0 12.0 179.78428 86.39102 84.81567 85.0
34.0 12.0 34.0 127.773 111.22089 129.6044 85.0
34.0 14.0 14.0 128.4749 115.98949 40.40956 1.0
34.0 14.0 34.0 127.773 111.22089 129.6044 1.0
34.0 24.0 24.0 107.82556 87.18123 149.14461 2401.0
34.0 24.0 34.0 127.773 111.22089 129.6044 2401.0
34.0 25.0 25.0 182.79448 64.34682 100.50148 28.0
34.0 25.0 34.0 127.773 111.22089 129.6044 28.0
34.0 26.0 26.0 131.95669 45.14286 139.17546 322.0
34.0 26.0 34.0 127.773 111.22089 129.6044 322.0
34.0 30.0 30.0 88.5187 139.86975 62.76277 72.0
34.0 30.0 34.0 127.773 111.22089 129.6044 72.0
34.0 32.0 32.0 156.92766 89.1276 57.94713 4.0
34.0 32.0 34.0 127.773 111.22089 129.6044 4.0
34.0 33.0 33.0 97.42492 49.91568 149.24062 7.0
34.0 33.0 34.0 127.773 111.22089 129.6044 7.0
34.0 34.0 34.0 127.773 111.22089 129.6044 15127.0
34.0 34.0 34.0 127.773 111.22089 129.6044 15127.0
34.0 35.0 35.0 147.74569 121.17641 95.64677 2367.0
34.0 35.0 34.0 127.773 111.22089 129.6044 2367.0
34.0 38.0 38.0 88.68267 68.30729 152.63212 30.0
34.0 38.0 34.0 127.773 111.22089 129.6044 30.0
34.0 41.0 41.0 59.67144 125.84884 122.58466 402.0
34.0 41.0 34.0 127.773 111.22089 129.6044 402.0
34.0 42.0 42.0 56.56314 85.17375 144.94365 9.0
34.0 42.0 34.0 127.773 111.22089 129.6044 9.0
34.0 43.0 43.0 102.04108 137.5894 99.42914 1330.0
34.0 43.0 34.0 127.773 111.22089 129.6044 1330.0
34.0 46.0 46.0 114.79487 130.3545 52.89762 5.0
34.0 46.0 34.0 127.773 111.22089 129.6044 5.0
34.0 47.0 47.0 164.12244 62.65312 126.2129 1058.0
34.0 47.0 34.0 127.773 111.22089 129.6044 1058.0
35.0 8.0 8.0 108.33601 85.7151 38.75177 4.0
35.0 8.0 35.0 147.74569 121.17641 95.64677 4.0
35.0 9.0 9.0 78.46236 140.01398 102.47559 22.0
35.0 9.0 35.0 147.74569 121.17641 95.64677 22.0
35.0 12.0 12.0 179.78428 86.39102 84.81567 1066.0
35.0 12.0 35.0 147.74569 121.17641 95.64677 1066.0
35.0 14.0 14.0 128.4749 115.98949 40.40956 290.0
35.0 14.0 35.0 147.74569 121.17641 95.64677 290.0
35.0 24.0 24.0 107.82556 87.18123 149.14461 4.0
35.0 24.0 35.0 147.74569 121.17641 95.64677 4.0
35.0 25.0 25.0 182.79448 64.34682 100.50148 84.0
35.0 25.0 35.0 147.74569 121.17641 95.64677 84.0
35.0 26.0 26.0 131.95669 45.14286 139.17546 1.0
35.0 26.0 35.0 147.74569 121.17641 95.64677 1.0
35.0 28.0 28.0 83.9313 39.30875 143.29527 1.0
35.0 28.0 35.0 147.74569 121.17641 95.64677 1.0
35.0 30.0 30.0 88.5187 139.86975 62.76277 669.0
35.0 30.0 35.0 147.74569 121.17641 95.64677 669.0
35.0 32.0 32.0 156.92766 89.1276 57.94713 824.0
35.0 32.0 35.0 147.74569 121.17641 95.64677 824.0
35.0 34.0 34.0 127.773 111.22089 129.6044 2420.0
35.0 34.0 35.0 147.74569 121.17641 95.64677 2420.0
35.0 35.0 35.0 147.74569 121.17641 95.64677 10225.0
35.0 35.0 35.0 147.74569 121.17641 95.64677 10225.0
35.0 41.0 41.0 59.67144 125.84884 122.58466 2.0
35.0 41.0 35.0 147.74569 121.17641 95.64677 2.0
35.0 43.0 43.0 102.04108 137.5894 99.42914 865.0
35.0 43.0 35.0 147.74569 121.17641 95.64677 865.0
35.0 46.0 46.0 114.79487 130.3545 52.89762 1038.0
35.0 46.0 35.0 147.74569 121.17641 95.64677 1038.0
35.0 47.0 47.0 164.12244 62.65312 126.2129 333.0
35.0 47.0 35.0 147.74569 121.17641 95.64677 333.0
36.0 0.0 0.0 55.09777 49.07777 142.05424 425.0
36.0 0.0 36.0 51.14394 19.38909 119.50127 425.0
36.0 2.0 2.0 27.56273 25.18284 87.96396 482.0
36.0 2.0 36.0 51.14394 19.38909 119.50127 482.0
36.0 3.0 3.0 83.11197 3.82477 87.9233 157.0
36.0 3.0 36.0 51.14394 19.38909 119.50127 157.0
36.0 11.0 11.0 48.38621 14.18133 56.53337 61.0
36.0 11.0 36.0 51.14394 19.38909 119.50127 61.0
36.0 13.0 13.0 21.81438 31.13184 56.40869 1.0
36.0 13.0 36.0 51.14394 19.38909 119.50127 1.0
36.0 16.0 16.0 37.07151 38.87838 124.54786 901.0
36.0 16.0 36.0 51.14394 19.38909 119.50127 901.0
36.0 22.0 22.0 25.11674 80.12269 119.46723 9.0
36.0 22.0 36.0 51.14394 19.38909 119.50127 9.0
36.0 27.0 27.0 18.68877 45.43914 103.74837 98.0
36.0 27.0 36.0 51.14394 19.38909 119.50127 98.0
36.0 28.0 28.0 83.9313 39.30875 143.29527 94.0
36.0 28.0 36.0 51.14394 19.38909 119.50127 94.0
36.0 29.0 29.0 122.67837 20.645 121.2985 1.0
36.0 29.0 36.0 51.14394 19.38909 119.50127 1.0
36.0 33.0 33.0 97.42492 49.91568 149.24062 3.0
36.0 33.0 36.0 51.14394 19.38909 119.50127 3.0
36.0 36.0 36.0 51.14394 19.38909 119.50127 1327.0
36.0 36.0 36.0 51.14394 19.38909 119.50127 1327.0
36.0 37.0 37.0 80.11451 11.07146 113.81888 857.0
36.0 37.0 36.0 51.14394 19.38909 119.50127 857.0
36.0 42.0 42.0 56.56314 85.17375 144.94365 2.0
36.0 42.0 36.0 51.14394 19.38909 119.50127 2.0
36.0 44.0 44.0 70.43227 22.74275 131.39601 704.0
36.0 44.0 36.0 51.14394 19.38909 119.50127 704.0
37.0 0.0 0.0 55.09777 49.07777 142.05424 76.0
37.0 0.0 37.0 80.11451 11.07146 113.81888 76.0
37.0 2.0 2.0 27.56273 25.18284 87.96396 373.0
37.0 2.0 37.0 80.11451 11.07146 113.81888 373.0
37.0 3.0 3.0 83.11197 3.82477 87.9233 2340.0
37.0 3.0 37.0 80.11451 11.07146 113.81888 2340.0
37.0 7.0 7.0 121.72353 13.44503 56.95858 3.0
37.0 7.0 37.0 80.11451 11.07146 113.81888 3.0
37.0 10.0 10.0 97.28334 3.97655 61.17032 40.0
37.0 10.0 37.0 80.11451 11.07146 113.81888 40.0
37.0 11.0 11.0 48.38621 14.18133 56.53337 259.0
37.0 11.0 37.0 80.11451 11.07146 113.81888 259.0
37.0 13.0 13.0 21.81438 31.13184 56.40869 2.0
37.0 13.0 37.0 80.11451 11.07146 113.81888 2.0
37.0 16.0 16.0 37.07151 38.87838 124.54786 156.0
37.0 16.0 37.0 80.11451 11.07146 113.81888 156.0
37.0 17.0 17.0 122.8849 11.03444 94.6582 497.0
37.0 17.0 37.0 80.11451 11.07146 113.81888 497.0
37.0 18.0 18.0 159.30778 24.92526 93.81337 2.0
37.0 18.0 37.0 80.11451 11.07146 113.81888 2.0
37.0 19.0 19.0 66.52857 15.59338 45.58798 19.0
37.0 19.0 37.0 80.11451 11.07146 113.81888 19.0
37.0 26.0 26.0 131.95669 45.14286 139.17546 129.0
37.0 26.0 37.0 80.11451 11.07146 113.81888 129.0
37.0 27.0 27.0 18.68877 45.43914 103.74837 16.0
37.0 27.0 37.0 80.11451 11.07146 113.81888 16.0
37.0 28.0 28.0 83.9313 39.30875 143.29527 690.0
37.0 28.0 37.0 80.11451 11.07146 113.81888 690.0
37.0 29.0 29.0 122.67837 20.645 121.2985 979.0
37.0 29.0 37.0 80.11451 11.07146 113.81888 979.0
37.0 33.0 33.0 97.42492 49.91568 149.24062 72.0
37.0 33.0 37.0 80.11451 11.07146 113.81888 72.0
37.0 36.0 36.0 51.14394 19.38909 119.50127 815.0
37.0 36.0 37.0 80.11451 11.07146 113.81888 815.0
37.0 37.0 37.0 80.11451 11.07146 113.81888 7038.0
37.0 37.0 37.0 80.11451 11.07146 113.81888 7038.0
37.0 38.0 38.0 88.68267 68.30729 152.63212 1.0
37.0 38.0 37.0 80.11451 11.07146 113.81888 1.0
37.0 40.0 40.0 83.29176 23.52227 42.35989 2.0
37.0 40.0 37.0 80.11451 11.07146 113.81888 2.0
37.0 42.0 42.0 56.56314 85.17375 144.94365 1.0
37.0 42.0 37.0 80.11451 11.07146 113.81888 1.0
37.0 44.0 44.0 70.43227 22.74275 131.39601 1307.0
37.0 44.0 37.0 80.11451 11.07146 113.81888 1307.0
38.0 0.0 0.0 55.09777 49.07777 142.05424 386.0
38.0 0.0 38.0 88.68267 68.30729 152.63212 386.0
38.0 4.0 4.0 72.09908 108.32006 139.74635 221.0
38.0 4.0 38.0 88.68267 68.30729 152.63212 221.0
38.0 16.0 16.0 37.07151 38.87838 124.54786 11.0
38.0 16.0 38.0 88.68267 68.30729 152.63212 11.0
38.0 22.0 22.0 25.11674 80.12269 119.46723 27.0
38.0 22.0 38.0 88.68267 68.30729 152.63212 27.0
38.0 24.0 24.0 107.82556 87.18123 149.14461 1784.0
38.0 24.0 38.0 88.68267 68.30729 152.63212 1784.0
38.0 26.0 26.0 131.95669 45.14286 139.17546 361.0
38.0 26.0 38.0 88.68267 68.30729 152.63212 361.0
38.0 28.0 28.0 83.9313 39.30875 143.29527 601.0
38.0 28.0 38.0 88.68267 68.30729 152.63212 601.0
38.0 29.0 29.0 122.67837 20.645 121.2985 5.0
38.0 29.0 38.0 88.68267 68.30729 152.63212 5.0
38.0 33.0 33.0 97.42492 49.91568 149.24062 1275.0
38.0 33.0 38.0 88.68267 68.30729 152.63212 1275.0
38.0 34.0 34.0 127.773 111.22089 129.6044 44.0
38.0 34.0 38.0 88.68267 68.30729 152.63212 44.0
38.0 36.0 36.0 51.14394 19.38909 119.50127 3.0
38.0 36.0 38.0 88.68267 68.30729 152.63212 3.0
38.0 38.0 38.0 88.68267 68.30729 152.63212 2817.0
38.0 38.0 38.0 88.68267 68.30729 152.63212 2817.0
38.0 41.0 41.0 59.67144 125.84884 122.58466 3.0
38.0 41.0 38.0 88.68267 68.30729 152.63212 3.0
38.0 42.0 42.0 56.56314 85.17375 144.94365 1016.0
38.0 42.0 38.0 88.68267 68.30729 152.63212 1016.0
38.0 44.0 44.0 70.43227 22.74275 131.39601 11.0
38.0 44.0 38.0 88.68267 68.30729 152.63212 11.0
38.0 47.0 47.0 164.12244 62.65312 126.2129 4.0
38.0 47.0 38.0 88.68267 68.30729 152.63212 4.0
39.0 1.0 1.0 66.36846 89.41264 7.60418 275.0
39.0 1.0 39.0 21.81092 50.10004 32.83844 275.0
39.0 2.0 2.0 27.56273 25.18284 87.96396 129.0
39.0 2.0 39.0 21.81092 50.10004 32.83844 129.0
39.0 5.0 5.0 36.27665 130.08435 82.20668 3.0
39.0 5.0 39.0 21.81092 50.10004 32.83844 3.0
39.0 6.0 6.0 5.47049 84.87101 74.38857 1243.0
39.0 6.0 39.0 21.81092 50.10004 32.83844 1243.0
39.0 11.0 11.0 48.38621 14.18133 56.53337 823.0
39.0 11.0 39.0 21.81092 50.10004 32.83844 823.0
39.0 13.0 13.0 21.81438 31.13184 56.40869 1666.0
39.0 13.0 39.0 21.81092 50.10004 32.83844 1666.0
39.0 19.0 19.0 66.52857 15.59338 45.58798 228.0
39.0 19.0 39.0 21.81092 50.10004 32.83844 228.0
39.0 20.0 20.0 85.13899 53.68351 22.41985 474.0
39.0 20.0 39.0 21.81092 50.10004 32.83844 474.0
39.0 21.0 21.0 28.08676 77.98959 19.50111 1955.0
39.0 21.0 39.0 21.81092 50.10004 32.83844 1955.0
39.0 22.0 22.0 25.11674 80.12269 119.46723 2.0
39.0 22.0 39.0 21.81092 50.10004 32.83844 2.0
39.0 27.0 27.0 18.68877 45.43914 103.74837 20.0
39.0 27.0 39.0 21.81092 50.10004 32.83844 20.0
39.0 39.0 39.0 21.81092 50.10004 32.83844 8638.0
39.0 39.0 39.0 21.81092 50.10004 32.83844 8638.0
39.0 40.0 40.0 83.29176 23.52227 42.35989 25.0
39.0 40.0 39.0 21.81092 50.10004 32.83844 25.0
39.0 45.0 45.0 35.06931 116.34264 28.55825 68.0
39.0 45.0 39.0 21.81092 50.10004 32.83844 68.0
40.0 1.0 1.0 66.36846 89.41264 7.60418 14.0
40.0 1.0 40.0 83.29176 23.52227 42.35989 14.0
40.0 3.0 3.0 83.11197 3.82477 87.9233 125.0
40.0 3.0 40.0 83.29176 23.52227 42.35989 125.0
40.0 7.0 7.0 121.72353 13.44503 56.95858 266.0
40.0 7.0 40.0 83.29176 23.52227 42.35989 266.0
40.0 8.0 8.0 108.33601 85.7151 38.75177 22.0
40.0 8.0 40.0 83.29176 23.52227 42.35989 22.0
40.0 10.0 10.0 97.28334 3.97655 61.17032 1110.0
40.0 10.0 40.0 83.29176 23.52227 42.35989 1110.0
40.0 11.0 11.0 48.38621 14.18133 56.53337 432.0
40.0 11.0 40.0 83.29176 23.52227 42.35989 432.0
40.0 13.0 13.0 21.81438 31.13184 56.40869 5.0
40.0 13.0 40.0 83.29176 23.52227 42.35989 5.0
40.0 15.0 15.0 144.95108 26.49699 64.54953 4.0
40.0 15.0 40.0 83.29176 23.52227 42.35989 4.0
40.0 17.0 17.0 122.8849 11.03444 94.6582 2.0
40.0 17.0 40.0 83.29176 23.52227 42.35989 2.0
40.0 19.0 19.0 66.52857 15.59338 45.58798 1298.0
40.0 19.0 40.0 83.29176 23.52227 42.35989 1298.0
40.0 20.0 20.0 85.13899 53.68351 22.41985 1587.0
40.0 20.0 40.0 83.29176 23.52227 42.35989 1587.0
40.0 21.0 21.0 28.08676 77.98959 19.50111 3.0
40.0 21.0 40.0 83.29176 23.52227 42.35989 3.0
40.0 31.0 31.0 121.61792 39.12579 36.03591 977.0
40.0 31.0 40.0 83.29176 23.52227 42.35989 977.0
40.0 37.0 37.0 80.11451 11.07146 113.81888 3.0
40.0 37.0 40.0 83.29176 23.52227 42.35989 3.0
40.0 39.0 39.0 21.81092 50.10004 32.83844 32.0
40.0 39.0 40.0 83.29176 23.52227 42.35989 32.0
40.0 40.0 40.0 83.29176 23.52227 42.35989 3978.0
40.0 40.0 40.0 83.29176 23.52227 42.35989 3978.0
41.0 4.0 4.0 72.09908 108.32006 139.74635 2531.0
41.0 4.0 41.0 59.67144 125.84884 122.58466 2531.0
41.0 5.0 5.0 36.27665 130.08435 82.20668 2036.0
41.0 5.0 41.0 59.67144 125.84884 122.58466 2036.0
41.0 6.0 6.0 5.47049 84.87101 74.38857 16.0
41.0 6.0 41.0 59.67144 125.84884 122.58466 16.0
41.0 9.0 9.0 78.46236 140.01398 102.47559 1922.0
41.0 9.0 41.0 59.67144 125.84884 122.58466 1922.0
41.0 13.0 13.0 21.81438 31.13184 56.40869 1.0
41.0 13.0 41.0 59.67144 125.84884 122.58466 1.0
41.0 22.0 22.0 25.11674 80.12269 119.46723 634.0
41.0 22.0 41.0 59.67144 125.84884 122.58466 634.0
41.0 24.0 24.0 107.82556 87.18123 149.14461 86.0
41.0 24.0 41.0 59.67144 125.84884 122.58466 86.0
41.0 28.0 28.0 83.9313 39.30875 143.29527 1.0
41.0 28.0 41.0 59.67144 125.84884 122.58466 1.0
41.0 30.0 30.0 88.5187 139.86975 62.76277 21.0
41.0 30.0 41.0 59.67144 125.84884 122.58466 21.0
41.0 34.0 34.0 127.773 111.22089 129.6044 392.0
41.0 34.0 41.0 59.67144 125.84884 122.58466 392.0
41.0 38.0 38.0 88.68267 68.30729 152.63212 2.0
41.0 38.0 41.0 59.67144 125.84884 122.58466 2.0
41.0 41.0 41.0 59.67144 125.84884 122.58466 8180.0
41.0 41.0 41.0 59.67144 125.84884 122.58466 8180.0
41.0 42.0 42.0 56.56314 85.17375 144.94365 385.0
41.0 42.0 41.0 59.67144 125.84884 122.58466 385.0
41.0 43.0 43.0 102.04108 137.5894 99.42914 326.0
41.0 43.0 41.0 59.67144 125.84884 122.58466 326.0
42.0 0.0 0.0 55.09777 49.07777 142.05424 840.0
42.0 0.0 42.0 56.56314 85.17375 144.94365 840.0
42.0 4.0 4.0 72.09908 108.32006 139.74635 1997.0
42.0 4.0 42.0 56.56314 85.17375 144.94365 1997.0
42.0 5.0 5.0 36.27665 130.08435 82.20668 39.0
42.0 5.0 42.0 56.56314 85.17375 144.94365 39.0
42.0 9.0 9.0 78.46236 140.01398 102.47559 1.0
42.0 9.0 42.0 56.56314 85.17375 144.94365 1.0
42.0 16.0 16.0 37.07151 38.87838 124.54786 137.0
42.0 16.0 42.0 56.56314 85.17375 144.94365 137.0
42.0 22.0 22.0 25.11674 80.12269 119.46723 1501.0
42.0 22.0 42.0 56.56314 85.17375 144.94365 1501.0
42.0 24.0 24.0 107.82556 87.18123 149.14461 497.0
42.0 24.0 42.0 56.56314 85.17375 144.94365 497.0
42.0 26.0 26.0 131.95669 45.14286 139.17546 1.0
42.0 26.0 42.0 56.56314 85.17375 144.94365 1.0
42.0 27.0 27.0 18.68877 45.43914 103.74837 3.0
42.0 27.0 42.0 56.56314 85.17375 144.94365 3.0
42.0 28.0 28.0 83.9313 39.30875 143.29527 197.0
42.0 28.0 42.0 56.56314 85.17375 144.94365 197.0
42.0 33.0 33.0 97.42492 49.91568 149.24062 113.0
42.0 33.0 42.0 56.56314 85.17375 144.94365 113.0
42.0 34.0 34.0 127.773 111.22089 129.6044 10.0
42.0 34.0 42.0 56.56314 85.17375 144.94365 10.0
42.0 36.0 36.0 51.14394 19.38909 119.50127 4.0
42.0 36.0 42.0 56.56314 85.17375 144.94365 4.0
42.0 38.0 38.0 88.68267 68.30729 152.63212 998.0
42.0 38.0 42.0 56.56314 85.17375 144.94365 998.0
42.0 41.0 41.0 59.67144 125.84884 122.58466 388.0
42.0 41.0 42.0 56.56314 85.17375 144.94365 388.0
42.0 42.0 42.0 56.56314 85.17375 144.94365 5209.0
42.0 42.0 42.0 56.56314 85.17375 144.94365 5209.0
42.0 44.0 44.0 70.43227 22.74275 131.39601 2.0
42.0 44.0 42.0 56.56314 85.17375 144.94365 2.0
43.0 4.0 4.0 72.09908 108.32006 139.74635 74.0
43.0 4.0 43.0 102.04108 137.5894 99.42914 74.0
43.0 5.0 5.0 36.27665 130.08435 82.20668 55.0
43.0 5.0 43.0 102.04108 137.5894 99.42914 55.0
43.0 9.0 9.0 78.46236 140.01398 102.47559 1847.0
43.0 9.0 43.0 102.04108 137.5894 99.42914 1847.0
43.0 24.0 24.0 107.82556 87.18123 149.14461 7.0
43.0 24.0 43.0 102.04108 137.5894 99.42914 7.0
43.0 30.0 30.0 88.5187 139.86975 62.76277 1871.0
43.0 30.0 43.0 102.04108 137.5894 99.42914 1871.0
43.0 34.0 34.0 127.773 111.22089 129.6044 1310.0
43.0 34.0 43.0 102.04108 137.5894 99.42914 1310.0
43.0 35.0 35.0 147.74569 121.17641 95.64677 809.0
43.0 35.0 43.0 102.04108 137.5894 99.42914 809.0
43.0 37.0 37.0 80.11451 11.07146 113.81888 1.0
43.0 37.0 43.0 102.04108 137.5894 99.42914 1.0
43.0 41.0 41.0 59.67144 125.84884 122.58466 274.0
43.0 41.0 43.0 102.04108 137.5894 99.42914 274.0
43.0 43.0 43.0 102.04108 137.5894 99.42914 4236.0
43.0 43.0 43.0 102.04108 137.5894 99.42914 4236.0
43.0 46.0 46.0 114.79487 130.3545 52.89762 149.0
43.0 46.0 43.0 102.04108 137.5894 99.42914 149.0
44.0 0.0 0.0 55.09777 49.07777 142.05424 582.0
44.0 0.0 44.0 70.43227 22.74275 131.39601 582.0
44.0 2.0 2.0 27.56273 25.18284 87.96396 39.0
44.0 2.0 44.0 70.43227 22.74275 131.39601 39.0
44.0 3.0 3.0 83.11197 3.82477 87.9233 67.0
44.0 3.0 44.0 70.43227 22.74275 131.39601 67.0
44.0 11.0 11.0 48.38621 14.18133 56.53337 2.0
44.0 11.0 44.0 70.43227 22.74275 131.39601 2.0
44.0 16.0 16.0 37.07151 38.87838 124.54786 202.0
44.0 16.0 44.0 70.43227 22.74275 131.39601 202.0
44.0 17.0 17.0 122.8849 11.03444 94.6582 5.0
44.0 17.0 44.0 70.43227 22.74275 131.39601 5.0
44.0 22.0 22.0 25.11674 80.12269 119.46723 3.0
44.0 22.0 44.0 70.43227 22.74275 131.39601 3.0
44.0 26.0 26.0 131.95669 45.14286 139.17546 22.0
44.0 26.0 44.0 70.43227 22.74275 131.39601 22.0
44.0 27.0 27.0 18.68877 45.43914 103.74837 4.0
44.0 27.0 44.0 70.43227 22.74275 131.39601 4.0
44.0 28.0 28.0 83.9313 39.30875 143.29527 829.0
44.0 28.0 44.0 70.43227 22.74275 131.39601 829.0
44.0 29.0 29.0 122.67837 20.645 121.2985 77.0
44.0 29.0 44.0 70.43227 22.74275 131.39601 77.0
44.0 33.0 33.0 97.42492 49.91568 149.24062 95.0
44.0 33.0 44.0 70.43227 22.74275 131.39601 95.0
44.0 36.0 36.0 51.14394 19.38909 119.50127 681.0
44.0 36.0 44.0 70.43227 22.74275 131.39601 681.0
44.0 37.0 37.0 80.11451 11.07146 113.81888 1384.0
44.0 37.0 44.0 70.43227 22.74275 131.39601 1384.0
44.0 38.0 38.0 88.68267 68.30729 152.63212 16.0
44.0 38.0 44.0 70.43227 22.74275 131.39601 16.0
44.0 41.0 41.0 59.67144 125.84884 122.58466 1.0
44.0 41.0 44.0 70.43227 22.74275 131.39601 1.0
44.0 42.0 42.0 56.56314 85.17375 144.94365 2.0
44.0 42.0 44.0 70.43227 22.74275 131.39601 2.0
44.0 44.0 44.0 70.43227 22.74275 131.39601 1576.0
44.0 44.0 44.0 70.43227 22.74275 131.39601 1576.0
45.0 1.0 1.0 66.36846 89.41264 7.60418 1746.0
45.0 1.0 45.0 35.06931 116.34264 28.55825 1746.0
45.0 5.0 5.0 36.27665 130.08435 82.20668 1919.0
45.0 5.0 45.0 35.06931 116.34264 28.55825 1919.0
45.0 6.0 6.0 5.47049 84.87101 74.38857 896.0
45.0 6.0 45.0 35.06931 116.34264 28.55825 896.0
45.0 8.0 8.0 108.33601 85.7151 38.75177 130.0
45.0 8.0 45.0 35.06931 116.34264 28.55825 130.0
45.0 9.0 9.0 78.46236 140.01398 102.47559 1.0
45.0 9.0 45.0 35.06931 116.34264 28.55825 1.0
45.0 14.0 14.0 128.4749 115.98949 40.40956 3.0
45.0 14.0 45.0 35.06931 116.34264 28.55825 3.0
45.0 20.0 20.0 85.13899 53.68351 22.41985 2.0
45.0 20.0 45.0 35.06931 116.34264 28.55825 2.0
45.0 21.0 21.0 28.08676 77.98959 19.50111 1626.0
45.0 21.0 45.0 35.06931 116.34264 28.55825 1626.0
45.0 22.0 22.0 25.11674 80.12269 119.46723 2.0
45.0 22.0 45.0 35.06931 116.34264 28.55825 2.0
45.0 30.0 30.0 88.5187 139.86975 62.76277 740.0
45.0 30.0 45.0 35.06931 116.34264 28.55825 740.0
45.0 39.0 39.0 21.81092 50.10004 32.83844 67.0
45.0 39.0 45.0 35.06931 116.34264 28.55825 67.0
45.0 45.0 45.0 35.06931 116.34264 28.55825 11683.0
45.0 45.0 45.0 35.06931 116.34264 28.55825 11683.0
45.0 46.0 46.0 114.79487 130.3545 52.89762 46.0
45.0 46.0 45.0 35.06931 116.34264 28.55825 46.0
46.0 1.0 1.0 66.36846 89.41264 7.60418 129.0
46.0 1.0 46.0 114.79487 130.3545 52.89762 129.0
46.0 5.0 5.0 36.27665 130.08435 82.20668 8.0
46.0 5.0 46.0 114.79487 130.3545 52.89762 8.0
46.0 8.0 8.0 108.33601 85.7151 38.75177 948.0
46.0 8.0 46.0 114.79487 130.3545 52.89762 948.0
46.0 9.0 9.0 78.46236 140.01398 102.47559 6.0
46.0 9.0 46.0 114.79487 130.3545 52.89762 6.0
46.0 12.0 12.0 179.78428 86.39102 84.81567 1.0
46.0 12.0 46.0 114.79487 130.3545 52.89762 1.0
46.0 14.0 14.0 128.4749 115.98949 40.40956 2550.0
46.0 14.0 46.0 114.79487 130.3545 52.89762 2550.0
46.0 20.0 20.0 85.13899 53.68351 22.41985 2.0
46.0 20.0 46.0 114.79487 130.3545 52.89762 2.0
46.0 30.0 30.0 88.5187 139.86975 62.76277 3084.0
46.0 30.0 46.0 114.79487 130.3545 52.89762 3084.0
46.0 32.0 32.0 156.92766 89.1276 57.94713 264.0
46.0 32.0 46.0 114.79487 130.3545 52.89762 264.0
46.0 34.0 34.0 127.773 111.22089 129.6044 15.0
46.0 34.0 46.0 114.79487 130.3545 52.89762 15.0
46.0 35.0 35.0 147.74569 121.17641 95.64677 1006.0
46.0 35.0 46.0 114.79487 130.3545 52.89762 1006.0
46.0 43.0 43.0 102.04108 137.5894 99.42914 152.0
46.0 43.0 46.0 114.79487 130.3545 52.89762 152.0
46.0 45.0 45.0 35.06931 116.34264 28.55825 42.0
46.0 45.0 46.0 114.79487 130.3545 52.89762 42.0
46.0 46.0 46.0 114.79487 130.3545 52.89762 6266.0
46.0 46.0 46.0 114.79487 130.3545 52.89762 6266.0
47.0 12.0 12.0 179.78428 86.39102 84.81567 362.0
47.0 12.0 47.0 164.12244 62.65312 126.2129 362.0
47.0 15.0 15.0 144.95108 26.49699 64.54953 7.0
47.0 15.0 47.0 164.12244 62.65312 126.2129 7.0
47.0 17.0 17.0 122.8849 11.03444 94.6582 24.0
47.0 17.0 47.0 164.12244 62.65312 126.2129 24.0
47.0 18.0 18.0 159.30778 24.92526 93.81337 587.0
47.0 18.0 47.0 164.12244 62.65312 126.2129 587.0
47.0 23.0 23.0 173.45296 43.5672 76.71576 294.0
47.0 23.0 47.0 164.12244 62.65312 126.2129 294.0
47.0 24.0 24.0 107.82556 87.18123 149.14461 226.0
47.0 24.0 47.0 164.12244 62.65312 126.2129 226.0
47.0 25.0 25.0 182.79448 64.34682 100.50148 1113.0
47.0 25.0 47.0 164.12244 62.65312 126.2129 1113.0
47.0 26.0 26.0 131.95669 45.14286 139.17546 1728.0
47.0 26.0 47.0 164.12244 62.65312 126.2129 1728.0
47.0 29.0 29.0 122.67837 20.645 121.2985 226.0
47.0 29.0 47.0 164.12244 62.65312 126.2129 226.0
47.0 32.0 32.0 156.92766 89.1276 57.94713 2.0
47.0 32.0 47.0 164.12244 62.65312 126.2129 2.0
47.0 33.0 33.0 97.42492 49.91568 149.24062 12.0
47.0 33.0 47.0 164.12244 62.65312 126.2129 12.0
47.0 34.0 34.0 127.773 111.22089 129.6044 1200.0
47.0 34.0 47.0 164.12244 62.65312 126.2129 1200.0
47.0 35.0 35.0 147.74569 121.17641 95.64677 339.0
47.0 35.0 47.0 164.12244 62.65312 126.2129 339.0
47.0 37.0 37.0 80.11451 11.07146 113.81888 1.0
47.0 37.0 47.0 164.12244 62.65312 126.2129 1.0
47.0 38.0 38.0 88.68267 68.30729 152.63212 4.0
47.0 38.0 47.0 164.12244 62.65312 126.2129 4.0
47.0 47.0 47.0 164.12244 62.65312 126.2129 7926.0
47.0 47.0 47.0 164.12244 62.65312 126.2129 7926.0
