TargetArea SourceArea Area AvgPosX AvgPosY AvgPosZ SumWeights
0.0 0.0 0.0 55.16695 49.33452 142.19362 2419.0
0.0 0.0 0.0 55.16695 49.33452 142.19362 2419.0
0.0 2.0 2.0 27.8529 24.94075 88.37863 10.0
0.0 2.0 0.0 55.16695 49.33452 142.19362 10.0
0.0 3.0 3.0 83.1922 3.8199 87.83857 2.0
0.0 3.0 0.0 55.16695 49.33452 142.19362 2.0
0.0 4.0 4.0 72.28358 108.30844 139.82007 32.0
0.0 4.0 0.0 55.16695 49.33452 142.19362 32.0
0.0 6.0 6.0 5.46104 85.07987 74.4083 1.0
0.0 6.0 0.0 55.16695 49.33452 142.19362 1.0
0.0 16.0 16.0 37.11042 38.58354 124.3943 869.0
0.0 16.0 0.0 55.16695 49.33452 142.19362 869.0
0.0 22.0 22.0 25.24944 80.12869 119.64015 462.0
0.0 22.0 0.0 55.16695 49.33452 142.19362 462.0
0.0 24.0 24.0 107.46923 87.39396 149.10848 21.0
0.0 24.0 0.0 55.16695 49.33452 142.19362 21.0
0.0 26.0 26.0 131.69819 45.00324 139.20934 4.0
0.0 26.0 0.0 55.16695 49.33452 142.19362 4.0
0.0 27.0 27.0 18.72394 45.57275 103.94139 54.0
0.0 27.0 0.0 55.16695 49.33452 142.19362 54.0
0.0 28.0 28.0 83.25948 39.89224 143.52671 855.0
0.0 28.0 0.0 55.16695 49.33452 142.19362 855.0
0.0 29.0 29.0 122.5193 20.66842 121.46435 3.0
0.0 29.0 0.0 55.16695 49.33452 142.19362 3.0
0.0 33.0 33.0 97.62627 49.82959 149.23306 206.0
0.0 33.0 0.0 55.16695 49.33452 142.19362 206.0
0.0 36.0 36.0 51.12416 19.22982 119.22856 298.0
0.0 36.0 0.0 55.16695 49.33452 142.19362 298.0
0.0 37.0 37.0 79.803 11.05091 113.73663 90.0
0.0 37.0 0.0 55.16695 49.33452 142.19362 90.0
0.0 38.0 38.0 88.36161 68.22759 152.65559 309.0
0.0 38.0 0.0 55.16695 49.33452 142.19362 309.0
0.0 41.0 41.0 59.65107 125.6342 122.73146 5.0
0.0 41.0 0.0 55.16695 49.33452 142.19362 5.0
0.0 42.0 42.0 56.472 85.12384 144.92091 738.0
0.0 42.0 0.0 55.16695 49.33452 142.19362 738.0
0.0 44.0 44.0 70.64003 22.68621 131.37502 348.0
0.0 44.0 0.0 55.16695 49.33452 142.19362 348.0
1.0 1.0 1.0 66.58263 89.68233 7.81952 6152.0
1.0 1.0 1.0 66.58263 89.68233 7.81952 6152.0
1.0 5.0 5.0 36.58467 130.30178 82.2076 31.0
1.0 5.0 1.0 66.58263 89.68233 7.81952 31.0
1.0 8.0 8.0 108.72194 84.92439 39.03608 1329.0
1.0 8.0 1.0 66.58263 89.68233 7.81952 1329.0
1.0 11.0 11.0 48.32434 14.22213 56.55928 23.0
1.0 11.0 1.0 66.58263 89.68233 7.81952 23.0
1.0 13.0 13.0 21.92467 31.02842 56.30212 1.0
1.0 13.0 1.0 66.58263 89.68233 7.81952 1.0
1.0 14.0 14.0 128.47813 115.90913 40.39466 60.0
1.0 14.0 1.0 66.58263 89.68233 7.81952 60.0
1.0 19.0 19.0 66.75574 15.17284 46.16739 38.0
1.0 19.0 1.0 66.58263 89.68233 7.81952 38.0
1.0 20.0 20.0 85.59052 53.79593 22.8028 1676.0
1.0 20.0 1.0 66.58263 89.68233 7.81952 1676.0
1.0 21.0 21.0 27.8683 77.89616 19.70315 885.0
1.0 21.0 1.0 66.58263 89.68233 7.81952 885.0
1.0 30.0 30.0 88.88524 139.85796 63.06607 273.0
1.0 30.0 1.0 66.58263 89.68233 7.81952 273.0
1.0 31.0 31.0 121.54599 39.38176 35.90714 16.0
1.0 31.0 1.0 66.58263 89.68233 7.81952 16.0
1.0 32.0 32.0 156.63105 89.33214 57.8778 1.0
1.0 32.0 1.0 66.58263 89.68233 7.81952 1.0
1.0 39.0 39.0 22.00726 50.10635 32.6136 231.0
1.0 39.0 1.0 66.58263 89.68233 7.81952 231.0
1.0 40.0 40.0 83.32126 23.5525 42.28909 19.0
1.0 40.0 1.0 66.58263 89.68233 7.81952 19.0
1.0 45.0 45.0 35.16076 116.33044 28.42006 1296.0
1.0 45.0 1.0 66.58263 89.68233 7.81952 1296.0
1.0 46.0 46.0 114.85691 130.50137 52.95622 133.0
1.0 46.0 1.0 66.58263 89.68233 7.81952 133.0
2.0 0.0 0.0 55.16695 49.33452 142.19362 19.0
2.0 0.0 2.0 27.8529 24.94075 88.37863 19.0
2.0 2.0 2.0 27.8529 24.94075 88.37863 3991.0
2.0 2.0 2.0 27.8529 24.94075 88.37863 3991.0
2.0 3.0 3.0 83.1922 3.8199 87.83857 268.0
2.0 3.0 2.0 27.8529 24.94075 88.37863 268.0
2.0 6.0 6.0 5.46104 85.07987 74.4083 308.0
2.0 6.0 2.0 27.8529 24.94075 88.37863 308.0
2.0 10.0 10.0 97.53407 4.02915 61.31952 2.0
2.0 10.0 2.0 27.8529 24.94075 88.37863 2.0
2.0 11.0 11.0 48.32434 14.22213 56.55928 957.0
2.0 11.0 2.0 27.8529 24.94075 88.37863 957.0
2.0 13.0 13.0 21.92467 31.02842 56.30212 787.0
2.0 13.0 2.0 27.8529 24.94075 88.37863 787.0
2.0 16.0 16.0 37.11042 38.58354 124.3943 579.0
2.0 16.0 2.0 27.8529 24.94075 88.37863 579.0
2.0 19.0 19.0 66.75574 15.17284 46.16739 23.0
2.0 19.0 2.0 27.8529 24.94075 88.37863 23.0
2.0 21.0 21.0 27.8683 77.89616 19.70315 1.0
2.0 21.0 2.0 27.8529 24.94075 88.37863 1.0
2.0 22.0 22.0 25.24944 80.12869 119.64015 109.0
2.0 22.0 2.0 27.8529 24.94075 88.37863 109.0
2.0 27.0 27.0 18.72394 45.57275 103.94139 1081.0
2.0 27.0 2.0 27.8529 24.94075 88.37863 1081.0
2.0 28.0 28.0 83.25948 39.89224 143.52671 2.0
2.0 28.0 2.0 27.8529 24.94075 88.37863 2.0
2.0 36.0 36.0 51.12416 19.22982 119.22856 392.0
2.0 36.0 2.0 27.8529 24.94075 88.37863 392.0
2.0 37.0 37.0 79.803 11.05091 113.73663 343.0
2.0 37.0 2.0 27.8529 24.94075 88.37863 343.0
2.0 39.0 39.0 22.00726 50.10635 32.6136 121.0
2.0 39.0 2.0 27.8529 24.94075 88.37863 121.0
2.0 40.0 40.0 83.32126 23.5525 42.28909 7.0
2.0 40.0 2.0 27.8529 24.94075 88.37863 7.0
2.0 44.0 44.0 70.64003 22.68621 131.37502 33.0
2.0 44.0 2.0 27.8529 24.94075 88.37863 33.0
3.0 0.0 0.0 55.16695 49.33452 142.19362 2.0
3.0 0.0 3.0 83.1922 3.8199 87.83857 2.0
3.0 2.0 2.0 27.8529 24.94075 88.37863 212.0
3.0 2.0 3.0 83.1922 3.8199 87.83857 212.0
3.0 3.0 3.0 83.1922 3.8199 87.83857 4260.0
3.0 3.0 3.0 83.1922 3.8199 87.83857 4260.0
3.0 7.0 7.0 121.79216 13.47308 56.88939 177.0
3.0 7.0 3.0 83.1922 3.8199 87.83857 177.0
3.0 10.0 10.0 97.53407 4.02915 61.31952 1180.0
3.0 10.0 3.0 83.1922 3.8199 87.83857 1180.0
3.0 11.0 11.0 48.32434 14.22213 56.55928 708.0
3.0 11.0 3.0 83.1922 3.8199 87.83857 708.0
3.0 13.0 13.0 21.92467 31.02842 56.30212 10.0
3.0 13.0 3.0 83.1922 3.8199 87.83857 10.0
3.0 15.0 15.0 144.66274 26.31712 64.3897 34.0
3.0 15.0 3.0 83.1922 3.8199 87.83857 34.0
3.0 16.0 16.0 37.11042 38.58354 124.3943 19.0
3.0 16.0 3.0 83.1922 3.8199 87.83857 19.0
3.0 17.0 17.0 122.96662 11.05939 94.72173 878.0
3.0 17.0 3.0 83.1922 3.8199 87.83857 878.0
3.0 18.0 18.0 159.41968 24.9693 93.49191 3.0
3.0 18.0 3.0 83.1922 3.8199 87.83857 3.0
3.0 19.0 19.0 66.75574 15.17284 46.16739 384.0
3.0 19.0 3.0 83.1922 3.8199 87.83857 384.0
3.0 26.0 26.0 131.69819 45.00324 139.20934 4.0
3.0 26.0 3.0 83.1922 3.8199 87.83857 4.0
3.0 27.0 27.0 18.72394 45.57275 103.94139 4.0
3.0 27.0 3.0 83.1922 3.8199 87.83857 4.0
3.0 28.0 28.0 83.25948 39.89224 143.52671 11.0
3.0 28.0 3.0 83.1922 3.8199 87.83857 11.0
3.0 29.0 29.0 122.5193 20.66842 121.46435 156.0
3.0 29.0 3.0 83.1922 3.8199 87.83857 156.0
3.0 31.0 31.0 121.54599 39.38176 35.90714 3.0
3.0 31.0 3.0 83.1922 3.8199 87.83857 3.0
3.0 36.0 36.0 51.12416 19.22982 119.22856 135.0
3.0 36.0 3.0 83.1922 3.8199 87.83857 135.0
3.0 37.0 37.0 79.803 11.05091 113.73663 1701.0
3.0 37.0 3.0 83.1922 3.8199 87.83857 1701.0
3.0 40.0 40.0 83.32126 23.5525 42.28909 147.0
3.0 40.0 3.0 83.1922 3.8199 87.83857 147.0
3.0 44.0 44.0 70.64003 22.68621 131.37502 49.0
3.0 44.0 3.0 83.1922 3.8199 87.83857 49.0
4.0 0.0 0.0 55.16695 49.33452 142.19362 28.0
4.0 0.0 4.0 72.28358 108.30844 139.82007 28.0
4.0 4.0 4.0 72.28358 108.30844 139.82007 4222.0
4.0 4.0 4.0 72.28358 108.30844 139.82007 4222.0
4.0 5.0 5.0 36.58467 130.30178 82.2076 83.0
4.0 5.0 4.0 72.28358 108.30844 139.82007 83.0
4.0 6.0 6.0 5.46104 85.07987 74.4083 4.0
4.0 6.0 4.0 72.28358 108.30844 139.82007 4.0
4.0 9.0 9.0 78.3655 140.10094 102.35086 221.0
4.0 9.0 4.0 72.28358 108.30844 139.82007 221.0
4.0 16.0 16.0 37.11042 38.58354 124.3943 2.0
4.0 16.0 4.0 72.28358 108.30844 139.82007 2.0
4.0 22.0 22.0 25.24944 80.12869 119.64015 340.0
4.0 22.0 4.0 72.28358 108.30844 139.82007 340.0
4.0 24.0 24.0 107.46923 87.39396 149.10848 1127.0
4.0 24.0 4.0 72.28358 108.30844 139.82007 1127.0
4.0 27.0 27.0 18.72394 45.57275 103.94139 1.0
4.0 27.0 4.0 72.28358 108.30844 139.82007 1.0
4.0 28.0 28.0 83.25948 39.89224 143.52671 7.0
4.0 28.0 4.0 72.28358 108.30844 139.82007 7.0
4.0 30.0 30.0 88.88524 139.85796 63.06607 2.0
4.0 30.0 4.0 72.28358 108.30844 139.82007 2.0
4.0 33.0 33.0 97.62627 49.82959 149.23306 8.0
4.0 33.0 4.0 72.28358 108.30844 139.82007 8.0
4.0 34.0 34.0 127.26738 111.61388 129.45649 606.0
4.0 34.0 4.0 72.28358 108.30844 139.82007 606.0
4.0 35.0 35.0 147.0593 121.57022 95.48719 4.0
4.0 35.0 4.0 72.28358 108.30844 139.82007 4.0
4.0 38.0 38.0 88.36161 68.22759 152.65559 193.0
4.0 38.0 4.0 72.28358 108.30844 139.82007 193.0
4.0 41.0 41.0 59.65107 125.6342 122.73146 1947.0
4.0 41.0 4.0 72.28358 108.30844 139.82007 1947.0
4.0 42.0 42.0 56.472 85.12384 144.92091 1550.0
4.0 42.0 4.0 72.28358 108.30844 139.82007 1550.0
4.0 43.0 43.0 102.38202 137.40721 99.84602 79.0
4.0 43.0 4.0 72.28358 108.30844 139.82007 79.0
4.0 45.0 45.0 35.16076 116.33044 28.42006 1.0
4.0 45.0 4.0 72.28358 108.30844 139.82007 1.0
5.0 1.0 1.0 66.58263 89.68233 7.81952 29.0
5.0 1.0 5.0 36.58467 130.30178 82.2076 29.0
5.0 4.0 4.0 72.28358 108.30844 139.82007 116.0
5.0 4.0 5.0 36.58467 130.30178 82.2076 116.0
5.0 5.0 5.0 36.58467 130.30178 82.2076 13255.0
5.0 5.0 5.0 36.58467 130.30178 82.2076 13255.0
5.0 6.0 6.0 5.46104 85.07987 74.4083 1450.0
5.0 6.0 5.0 36.58467 130.30178 82.2076 1450.0
5.0 8.0 8.0 108.72194 84.92439 39.03608 16.0
5.0 8.0 5.0 36.58467 130.30178 82.2076 16.0
5.0 9.0 9.0 78.3655 140.10094 102.35086 1101.0
5.0 9.0 5.0 36.58467 130.30178 82.2076 1101.0
5.0 16.0 16.0 37.11042 38.58354 124.3943 2.0
5.0 16.0 5.0 36.58467 130.30178 82.2076 2.0
5.0 21.0 21.0 27.8683 77.89616 19.70315 19.0
5.0 21.0 5.0 36.58467 130.30178 82.2076 19.0
5.0 22.0 22.0 25.24944 80.12869 119.64015 900.0
5.0 22.0 5.0 36.58467 130.30178 82.2076 900.0
5.0 27.0 27.0 18.72394 45.57275 103.94139 3.0
5.0 27.0 5.0 36.58467 130.30178 82.2076 3.0
5.0 30.0 30.0 88.88524 139.85796 63.06607 1339.0
5.0 30.0 5.0 36.58467 130.30178 82.2076 1339.0
5.0 39.0 39.0 22.00726 50.10635 32.6136 2.0
5.0 39.0 5.0 36.58467 130.30178 82.2076 2.0
5.0 41.0 41.0 59.65107 125.6342 122.73146 1728.0
5.0 41.0 5.0 36.58467 130.30178 82.2076 1728.0
5.0 42.0 42.0 56.472 85.12384 144.92091 58.0
5.0 42.0 5.0 36.58467 130.30178 82.2076 58.0
5.0 43.0 43.0 102.38202 137.40721 99.84602 105.0
5.0 43.0 5.0 36.58467 130.30178 82.2076 105.0
5.0 45.0 45.0 35.16076 116.33044 28.42006 1356.0
5.0 45.0 5.0 36.58467 130.30178 82.2076 1356.0
5.0 46.0 46.0 114.85691 130.50137 52.95622 18.0
5.0 46.0 5.0 36.58467 130.30178 82.2076 18.0
6.0 1.0 1.0 66.58263 89.68233 7.81952 2.0
6.0 1.0 6.0 5.46104 85.07987 74.4083 2.0
6.0 2.0 2.0 27.8529 24.94075 88.37863 361.0
6.0 2.0 6.0 5.46104 85.07987 74.4083 361.0
6.0 3.0 3.0 83.1922 3.8199 87.83857 1.0
6.0 3.0 6.0 5.46104 85.07987 74.4083 1.0
6.0 4.0 4.0 72.28358 108.30844 139.82007 3.0
6.0 4.0 6.0 5.46104 85.07987 74.4083 3.0
6.0 5.0 5.0 36.58467 130.30178 82.2076 1496.0
6.0 5.0 6.0 5.46104 85.07987 74.4083 1496.0
6.0 6.0 6.0 5.46104 85.07987 74.4083 9112.0
6.0 6.0 6.0 5.46104 85.07987 74.4083 9112.0
6.0 11.0 11.0 48.32434 14.22213 56.55928 6.0
6.0 11.0 6.0 5.46104 85.07987 74.4083 6.0
6.0 13.0 13.0 21.92467 31.02842 56.30212 289.0
6.0 13.0 6.0 5.46104 85.07987 74.4083 289.0
6.0 16.0 16.0 37.11042 38.58354 124.3943 18.0
6.0 16.0 6.0 5.46104 85.07987 74.4083 18.0
6.0 21.0 21.0 27.8683 77.89616 19.70315 492.0
6.0 21.0 6.0 5.46104 85.07987 74.4083 492.0
6.0 22.0 22.0 25.24944 80.12869 119.64015 1483.0
6.0 22.0 6.0 5.46104 85.07987 74.4083 1483.0
6.0 27.0 27.0 18.72394 45.57275 103.94139 600.0
6.0 27.0 6.0 5.46104 85.07987 74.4083 600.0
6.0 30.0 30.0 88.88524 139.85796 63.06607 5.0
6.0 30.0 6.0 5.46104 85.07987 74.4083 5.0
6.0 39.0 39.0 22.00726 50.10635 32.6136 949.0
6.0 39.0 6.0 5.46104 85.07987 74.4083 949.0
6.0 41.0 41.0 59.65107 125.6342 122.73146 38.0
6.0 41.0 6.0 5.46104 85.07987 74.4083 38.0
6.0 42.0 42.0 56.472 85.12384 144.92091 7.0
6.0 42.0 6.0 5.46104 85.07987 74.4083 7.0
6.0 45.0 45.0 35.16076 116.33044 28.42006 692.0
6.0 45.0 6.0 5.46104 85.07987 74.4083 692.0
6.0 46.0 46.0 114.85691 130.50137 52.95622 1.0
6.0 46.0 6.0 5.46104 85.07987 74.4083 1.0
7.0 3.0 3.0 83.1922 3.8199 87.83857 201.0
7.0 3.0 7.0 121.79216 13.47308 56.88939 201.0
7.0 7.0 7.0 121.79216 13.47308 56.88939 2555.0
7.0 7.0 7.0 121.79216 13.47308 56.88939 2555.0
7.0 8.0 8.0 108.72194 84.92439 39.03608 21.0
7.0 8.0 7.0 121.79216 13.47308 56.88939 21.0
7.0 10.0 10.0 97.53407 4.02915 61.31952 1003.0
7.0 10.0 7.0 121.79216 13.47308 56.88939 1003.0
7.0 11.0 11.0 48.32434 14.22213 56.55928 3.0
7.0 11.0 7.0 121.79216 13.47308 56.88939 3.0
7.0 15.0 15.0 144.66274 26.31712 64.3897 1040.0
7.0 15.0 7.0 121.79216 13.47308 56.88939 1040.0
7.0 17.0 17.0 122.96662 11.05939 94.72173 610.0
7.0 17.0 7.0 121.79216 13.47308 56.88939 610.0
7.0 18.0 18.0 159.41968 24.9693 93.49191 38.0
7.0 18.0 7.0 121.79216 13.47308 56.88939 38.0
7.0 19.0 19.0 66.75574 15.17284 46.16739 25.0
7.0 19.0 7.0 121.79216 13.47308 56.88939 25.0
7.0 20.0 20.0 85.59052 53.79593 22.8028 47.0
7.0 20.0 7.0 121.79216 13.47308 56.88939 47.0
7.0 23.0 23.0 173.39586 43.66386 76.17812 9.0
7.0 23.0 7.0 121.79216 13.47308 56.88939 9.0
7.0 29.0 29.0 122.5193 20.66842 121.46435 21.0
7.0 29.0 7.0 121.79216 13.47308 56.88939 21.0
7.0 31.0 31.0 121.54599 39.38176 35.90714 1068.0
7.0 31.0 7.0 121.79216 13.47308 56.88939 1068.0
7.0 32.0 32.0 156.63105 89.33214 57.8778 4.0
7.0 32.0 7.0 121.79216 13.47308 56.88939 4.0
7.0 37.0 37.0 79.803 11.05091 113.73663 11.0
7.0 37.0 7.0 121.79216 13.47308 56.88939 11.0
7.0 40.0 40.0 83.32126 23.5525 42.28909 253.0
7.0 40.0 7.0 121.79216 13.47308 56.88939 253.0
8.0 1.0 1.0 66.58263 89.68233 7.81952 1073.0
8.0 1.0 8.0 108.72194 84.92439 39.03608 1073.0
8.0 5.0 5.0 36.58467 130.30178 82.2076 18.0
8.0 5.0 8.0 108.72194 84.92439 39.03608 18.0
8.0 7.0 7.0 121.79216 13.47308 56.88939 7.0
8.0 7.0 8.0 108.72194 84.92439 39.03608 7.0
8.0 8.0 8.0 108.72194 84.92439 39.03608 18468.0
8.0 8.0 8.0 108.72194 84.92439 39.03608 18468.0
8.0 9.0 9.0 78.3655 140.10094 102.35086 1.0
8.0 9.0 8.0 108.72194 84.92439 39.03608 1.0
8.0 10.0 10.0 97.53407 4.02915 61.31952 1.0
8.0 10.0 8.0 108.72194 84.92439 39.03608 1.0
8.0 12.0 12.0 179.81074 86.52 84.9431 4.0
8.0 12.0 8.0 108.72194 84.92439 39.03608 4.0
8.0 14.0 14.0 128.47813 115.90913 40.39466 1822.0
8.0 14.0 8.0 108.72194 84.92439 39.03608 1822.0
8.0 15.0 15.0 144.66274 26.31712 64.3897 51.0
8.0 15.0 8.0 108.72194 84.92439 39.03608 51.0
8.0 20.0 20.0 85.59052 53.79593 22.8028 2331.0
8.0 20.0 8.0 108.72194 84.92439 39.03608 2331.0
8.0 21.0 21.0 27.8683 77.89616 19.70315 3.0
8.0 21.0 8.0 108.72194 84.92439 39.03608 3.0
8.0 23.0 23.0 173.39586 43.66386 76.17812 12.0
8.0 23.0 8.0 108.72194 84.92439 39.03608 12.0
8.0 24.0 24.0 107.46923 87.39396 149.10848 1.0
8.0 24.0 8.0 108.72194 84.92439 39.03608 1.0
8.0 30.0 30.0 88.88524 139.85796 63.06607 415.0
8.0 30.0 8.0 108.72194 84.92439 39.03608 415.0
8.0 31.0 31.0 121.54599 39.38176 35.90714 1390.0
8.0 31.0 8.0 108.72194 84.92439 39.03608 1390.0
8.0 32.0 32.0 156.63105 89.33214 57.8778 977.0
8.0 32.0 8.0 108.72194 84.92439 39.03608 977.0
8.0 35.0 35.0 147.0593 121.57022 95.48719 4.0
8.0 35.0 8.0 108.72194 84.92439 39.03608 4.0
8.0 40.0 40.0 83.32126 23.5525 42.28909 38.0
8.0 40.0 8.0 108.72194 84.92439 39.03608 38.0
8.0 41.0 41.0 59.65107 125.6342 122.73146 1.0
8.0 41.0 8.0 108.72194 84.92439 39.03608 1.0
8.0 43.0 43.0 102.38202 137.40721 99.84602 1.0
8.0 43.0 8.0 108.72194 84.92439 39.03608 1.0
8.0 45.0 45.0 35.16076 116.33044 28.42006 99.0
8.0 45.0 8.0 108.72194 84.92439 39.03608 99.0
8.0 46.0 46.0 114.85691 130.50137 52.95622 721.0
8.0 46.0 8.0 108.72194 84.92439 39.03608 721.0
9.0 4.0 4.0 72.28358 108.30844 139.82007 254.0
9.0 4.0 9.0 78.3655 140.10094 102.35086 254.0
9.0 5.0 5.0 36.58467 130.30178 82.2076 1004.0
9.0 5.0 9.0 78.3655 140.10094 102.35086 1004.0
9.0 8.0 8.0 108.72194 84.92439 39.03608 1.0
9.0 8.0 9.0 78.3655 140.10094 102.35086 1.0
9.0 9.0 9.0 78.3655 140.10094 102.35086 2931.0
9.0 9.0 9.0 78.3655 140.10094 102.35086 2931.0
9.0 22.0 22.0 25.24944 80.12869 119.64015 2.0
9.0 22.0 9.0 78.3655 140.10094 102.35086 2.0
9.0 24.0 24.0 107.46923 87.39396 149.10848 30.0
9.0 24.0 9.0 78.3655 140.10094 102.35086 30.0
9.0 30.0 30.0 88.88524 139.85796 63.06607 837.0
9.0 30.0 9.0 78.3655 140.10094 102.35086 837.0
9.0 34.0 34.0 127.26738 111.61388 129.45649 438.0
9.0 34.0 9.0 78.3655 140.10094 102.35086 438.0
9.0 35.0 35.0 147.0593 121.57022 95.48719 20.0
9.0 35.0 9.0 78.3655 140.10094 102.35086 20.0
9.0 41.0 41.0 59.65107 125.6342 122.73146 1449.0
9.0 41.0 9.0 78.3655 140.10094 102.35086 1449.0
9.0 43.0 43.0 102.38202 137.40721 99.84602 1438.0
9.0 43.0 9.0 78.3655 140.10094 102.35086 1438.0
9.0 45.0 45.0 35.16076 116.33044 28.42006 4.0
9.0 45.0 9.0 78.3655 140.10094 102.35086 4.0
9.0 46.0 46.0 114.85691 130.50137 52.95622 12.0
9.0 46.0 9.0 78.3655 140.10094 102.35086 12.0
10.0 2.0 2.0 27.8529 24.94075 88.37863 7.0
10.0 2.0 10.0 97.53407 4.02915 61.31952 7.0
10.0 3.0 3.0 83.1922 3.8199 87.83857 1075.0
10.0 3.0 10.0 97.53407 4.02915 61.31952 1075.0
10.0 7.0 7.0 121.79216 13.47308 56.88939 1057.0
10.0 7.0 10.0 97.53407 4.02915 61.31952 1057.0
10.0 10.0 10.0 97.53407 4.02915 61.31952 2490.0
10.0 10.0 10.0 97.53407 4.02915 61.31952 2490.0
10.0 11.0 11.0 48.32434 14.22213 56.55928 147.0
10.0 11.0 10.0 97.53407 4.02915 61.31952 147.0
10.0 15.0 15.0 144.66274 26.31712 64.3897 93.0
10.0 15.0 10.0 97.53407 4.02915 61.31952 93.0
10.0 17.0 17.0 122.96662 11.05939 94.72173 404.0
10.0 17.0 10.0 97.53407 4.02915 61.31952 404.0
10.0 18.0 18.0 159.41968 24.9693 93.49191 1.0
10.0 18.0 10.0 97.53407 4.02915 61.31952 1.0
10.0 19.0 19.0 66.75574 15.17284 46.16739 423.0
10.0 19.0 10.0 97.53407 4.02915 61.31952 423.0
10.0 20.0 20.0 85.59052 53.79593 22.8028 43.0
10.0 20.0 10.0 97.53407 4.02915 61.31952 43.0
10.0 29.0 29.0 122.5193 20.66842 121.46435 7.0
10.0 29.0 10.0 97.53407 4.02915 61.31952 7.0
10.0 31.0 31.0 121.54599 39.38176 35.90714 326.0
10.0 31.0 10.0 97.53407 4.02915 61.31952 326.0
10.0 37.0 37.0 79.803 11.05091 113.73663 71.0
10.0 37.0 10.0 97.53407 4.02915 61.31952 71.0
10.0 40.0 40.0 83.32126 23.5525 42.28909 798.0
10.0 40.0 10.0 97.53407 4.02915 61.31952 798.0
11.0 1.0 1.0 66.58263 89.68233 7.81952 30.0
11.0 1.0 11.0 48.32434 14.22213 56.55928 30.0
11.0 2.0 2.0 27.8529 24.94075 88.37863 981.0
11.0 2.0 11.0 48.32434 14.22213 56.55928 981.0
11.0 3.0 3.0 83.1922 3.8199 87.83857 770.0
11.0 3.0 11.0 48.32434 14.22213 56.55928 770.0
11.0 6.0 6.0 5.46104 85.07987 74.4083 5.0
11.0 6.0 11.0 48.32434 14.22213 56.55928 5.0
11.0 7.0 7.0 121.79216 13.47308 56.88939 3.0
11.0 7.0 11.0 48.32434 14.22213 56.55928 3.0
11.0 8.0 8.0 108.72194 84.92439 39.03608 1.0
11.0 8.0 11.0 48.32434 14.22213 56.55928 1.0
11.0 10.0 10.0 97.53407 4.02915 61.31952 192.0
11.0 10.0 11.0 48.32434 14.22213 56.55928 192.0
11.0 11.0 11.0 48.32434 14.22213 56.55928 4598.0
11.0 11.0 11.0 48.32434 14.22213 56.55928 4598.0
11.0 13.0 13.0 21.92467 31.02842 56.30212 930.0
11.0 13.0 11.0 48.32434 14.22213 56.55928 930.0
11.0 16.0 16.0 37.11042 38.58354 124.3943 28.0
11.0 16.0 11.0 48.32434 14.22213 56.55928 28.0
11.0 19.0 19.0 66.75574 15.17284 46.16739 1323.0
11.0 19.0 11.0 48.32434 14.22213 56.55928 1323.0
11.0 20.0 20.0 85.59052 53.79593 22.8028 266.0
11.0 20.0 11.0 48.32434 14.22213 56.55928 266.0
11.0 21.0 21.0 27.8683 77.89616 19.70315 33.0
11.0 21.0 11.0 48.32434 14.22213 56.55928 33.0
11.0 22.0 22.0 25.24944 80.12869 119.64015 1.0
11.0 22.0 11.0 48.32434 14.22213 56.55928 1.0
11.0 27.0 27.0 18.72394 45.57275 103.94139 17.0
11.0 27.0 11.0 48.32434 14.22213 56.55928 17.0
11.0 29.0 29.0 122.5193 20.66842 121.46435 1.0
11.0 29.0 11.0 48.32434 14.22213 56.55928 1.0
11.0 31.0 31.0 121.54599 39.38176 35.90714 8.0
11.0 31.0 11.0 48.32434 14.22213 56.55928 8.0
11.0 36.0 36.0 51.12416 19.22982 119.22856 64.0
11.0 36.0 11.0 48.32434 14.22213 56.55928 64.0
11.0 37.0 37.0 79.803 11.05091 113.73663 207.0
11.0 37.0 11.0 48.32434 14.22213 56.55928 207.0
11.0 39.0 39.0 22.00726 50.10635 32.6136 596.0
11.0 39.0 11.0 48.32434 14.22213 56.55928 596.0
11.0 40.0 40.0 83.32126 23.5525 42.28909 520.0
11.0 40.0 11.0 48.32434 14.22213 56.55928 520.0
11.0 44.0 44.0 70.64003 22.68621 131.37502 5.0
11.0 44.0 11.0 48.32434 14.22213 56.55928 5.0
12.0 8.0 8.0 108.72194 84.92439 39.03608 16.0
12.0 8.0 12.0 179.81074 86.52 84.9431 16.0
12.0 12.0 12.0 179.81074 86.52 84.9431 2981.0
12.0 12.0 12.0 179.81074 86.52 84.9431 2981.0
12.0 14.0 14.0 128.47813 115.90913 40.39466 32.0
12.0 14.0 12.0 179.81074 86.52 84.9431 32.0
12.0 15.0 15.0 144.66274 26.31712 64.3897 46.0
12.0 15.0 12.0 179.81074 86.52 84.9431 46.0
12.0 18.0 18.0 159.41968 24.9693 93.49191 47.0
12.0 18.0 12.0 179.81074 86.52 84.9431 47.0
12.0 23.0 23.0 173.39586 43.66386 76.17812 400.0
12.0 23.0 12.0 179.81074 86.52 84.9431 400.0
12.0 24.0 24.0 107.46923 87.39396 149.10848 1.0
12.0 24.0 12.0 179.81074 86.52 84.9431 1.0
12.0 25.0 25.0 182.69801 64.91396 100.93628 707.0
12.0 25.0 12.0 179.81074 86.52 84.9431 707.0
12.0 26.0 26.0 131.69819 45.00324 139.20934 4.0
12.0 26.0 12.0 179.81074 86.52 84.9431 4.0
12.0 29.0 29.0 122.5193 20.66842 121.46435 1.0
12.0 29.0 12.0 179.81074 86.52 84.9431 1.0
12.0 31.0 31.0 121.54599 39.38176 35.90714 14.0
12.0 31.0 12.0 179.81074 86.52 84.9431 14.0
12.0 32.0 32.0 156.63105 89.33214 57.8778 1174.0
12.0 32.0 12.0 179.81074 86.52 84.9431 1174.0
12.0 34.0 34.0 127.26738 111.61388 129.45649 118.0
12.0 34.0 12.0 179.81074 86.52 84.9431 118.0
12.0 35.0 35.0 147.0593 121.57022 95.48719 834.0
12.0 35.0 12.0 179.81074 86.52 84.9431 834.0
12.0 43.0 43.0 102.38202 137.40721 99.84602 1.0
12.0 43.0 12.0 179.81074 86.52 84.9431 1.0
12.0 46.0 46.0 114.85691 130.50137 52.95622 19.0
12.0 46.0 12.0 179.81074 86.52 84.9431 19.0
12.0 47.0 47.0 164.05986 62.53505 126.29289 373.0
12.0 47.0 12.0 179.81074 86.52 84.9431 373.0
13.0 1.0 1.0 66.58263 89.68233 7.81952 4.0
13.0 1.0 13.0 21.92467 31.02842 56.30212 4.0
13.0 2.0 2.0 27.8529 24.94075 88.37863 897.0
13.0 2.0 13.0 21.92467 31.02842 56.30212 897.0
13.0 3.0 3.0 83.1922 3.8199 87.83857 8.0
13.0 3.0 13.0 21.92467 31.02842 56.30212 8.0
13.0 6.0 6.0 5.46104 85.07987 74.4083 306.0
13.0 6.0 13.0 21.92467 31.02842 56.30212 306.0
13.0 11.0 11.0 48.32434 14.22213 56.55928 1102.0
13.0 11.0 13.0 21.92467 31.02842 56.30212 1102.0
13.0 13.0 13.0 21.92467 31.02842 56.30212 1897.0
13.0 13.0 13.0 21.92467 31.02842 56.30212 1897.0
13.0 16.0 16.0 37.11042 38.58354 124.3943 7.0
13.0 16.0 13.0 21.92467 31.02842 56.30212 7.0
13.0 19.0 19.0 66.75574 15.17284 46.16739 83.0
13.0 19.0 13.0 21.92467 31.02842 56.30212 83.0
13.0 20.0 20.0 85.59052 53.79593 22.8028 14.0
13.0 20.0 13.0 21.92467 31.02842 56.30212 14.0
13.0 21.0 21.0 27.8683 77.89616 19.70315 34.0
13.0 21.0 13.0 21.92467 31.02842 56.30212 34.0
13.0 22.0 22.0 25.24944 80.12869 119.64015 12.0
13.0 22.0 13.0 21.92467 31.02842 56.30212 12.0
13.0 27.0 27.0 18.72394 45.57275 103.94139 105.0
13.0 27.0 13.0 21.92467 31.02842 56.30212 105.0
13.0 36.0 36.0 51.12416 19.22982 119.22856 2.0
13.0 36.0 13.0 21.92467 31.02842 56.30212 2.0
13.0 37.0 37.0 79.803 11.05091 113.73663 7.0
13.0 37.0 13.0 21.92467 31.02842 56.30212 7.0
13.0 39.0 39.0 22.00726 50.10635 32.6136 1093.0
13.0 39.0 13.0 21.92467 31.02842 56.30212 1093.0
13.0 40.0 40.0 83.32126 23.5525 42.28909 25.0
13.0 40.0 13.0 21.92467 31.02842 56.30212 25.0
14.0 1.0 1.0 66.58263 89.68233 7.81952 63.0
14.0 1.0 14.0 128.47813 115.90913 40.39466 63.0
14.0 5.0 5.0 36.58467 130.30178 82.2076 1.0
14.0 5.0 14.0 128.47813 115.90913 40.39466 1.0
14.0 8.0 8.0 108.72194 84.92439 39.03608 1939.0
14.0 8.0 14.0 128.47813 115.90913 40.39466 1939.0
14.0 12.0 12.0 179.81074 86.52 84.9431 11.0
14.0 12.0 14.0 128.47813 115.90913 40.39466 11.0
14.0 14.0 14.0 128.47813 115.90913 40.39466 4021.0
14.0 14.0 14.0 128.47813 115.90913 40.39466 4021.0
14.0 20.0 20.0 85.59052 53.79593 22.8028 14.0
14.0 20.0 14.0 128.47813 115.90913 40.39466 14.0
14.0 23.0 23.0 173.39586 43.66386 76.17812 1.0
14.0 23.0 14.0 128.47813 115.90913 40.39466 1.0
14.0 25.0 25.0 182.69801 64.91396 100.93628 1.0
14.0 25.0 14.0 128.47813 115.90913 40.39466 1.0
14.0 30.0 30.0 88.88524 139.85796 63.06607 250.0
14.0 30.0 14.0 128.47813 115.90913 40.39466 250.0
14.0 31.0 31.0 121.54599 39.38176 35.90714 17.0
14.0 31.0 14.0 128.47813 115.90913 40.39466 17.0
14.0 32.0 32.0 156.63105 89.33214 57.8778 980.0
14.0 32.0 14.0 128.47813 115.90913 40.39466 980.0
14.0 34.0 34.0 127.26738 111.61388 129.45649 1.0
14.0 34.0 14.0 128.47813 115.90913 40.39466 1.0
14.0 35.0 35.0 147.0593 121.57022 95.48719 268.0
14.0 35.0 14.0 128.47813 115.90913 40.39466 268.0
14.0 43.0 43.0 102.38202 137.40721 99.84602 8.0
14.0 43.0 14.0 128.47813 115.90913 40.39466 8.0
14.0 45.0 45.0 35.16076 116.33044 28.42006 4.0
14.0 45.0 14.0 128.47813 115.90913 40.39466 4.0
14.0 46.0 46.0 114.85691 130.50137 52.95622 1905.0
14.0 46.0 14.0 128.47813 115.90913 40.39466 1905.0
15.0 3.0 3.0 83.1922 3.8199 87.83857 27.0
15.0 3.0 15.0 144.66274 26.31712 64.3897 27.0
15.0 7.0 7.0 121.79216 13.47308 56.88939 1136.0
15.0 7.0 15.0 144.66274 26.31712 64.3897 1136.0
15.0 8.0 8.0 108.72194 84.92439 39.03608 86.0
15.0 8.0 15.0 144.66274 26.31712 64.3897 86.0
15.0 10.0 10.0 97.53407 4.02915 61.31952 99.0
15.0 10.0 15.0 144.66274 26.31712 64.3897 99.0
15.0 12.0 12.0 179.81074 86.52 84.9431 28.0
15.0 12.0 15.0 144.66274 26.31712 64.3897 28.0
15.0 15.0 15.0 144.66274 26.31712 64.3897 2742.0
15.0 15.0 15.0 144.66274 26.31712 64.3897 2742.0
15.0 17.0 17.0 122.96662 11.05939 94.72173 663.0
15.0 17.0 15.0 144.66274 26.31712 64.3897 663.0
15.0 18.0 18.0 159.41968 24.9693 93.49191 626.0
15.0 18.0 15.0 144.66274 26.31712 64.3897 626.0
15.0 20.0 20.0 85.59052 53.79593 22.8028 6.0
15.0 20.0 15.0 144.66274 26.31712 64.3897 6.0
15.0 23.0 23.0 173.39586 43.66386 76.17812 519.0
15.0 23.0 15.0 144.66274 26.31712 64.3897 519.0
15.0 25.0 25.0 182.69801 64.91396 100.93628 13.0
15.0 25.0 15.0 144.66274 26.31712 64.3897 13.0
15.0 26.0 26.0 131.69819 45.00324 139.20934 4.0
15.0 26.0 15.0 144.66274 26.31712 64.3897 4.0
15.0 29.0 29.0 122.5193 20.66842 121.46435 47.0
15.0 29.0 15.0 144.66274 26.31712 64.3897 47.0
15.0 31.0 31.0 121.54599 39.38176 35.90714 1026.0
15.0 31.0 15.0 144.66274 26.31712 64.3897 1026.0
15.0 32.0 32.0 156.63105 89.33214 57.8778 217.0
15.0 32.0 15.0 144.66274 26.31712 64.3897 217.0
15.0 37.0 37.0 79.803 11.05091 113.73663 4.0
15.0 37.0 15.0 144.66274 26.31712 64.3897 4.0
15.0 40.0 40.0 83.32126 23.5525 42.28909 10.0
15.0 40.0 15.0 144.66274 26.31712 64.3897 10.0
15.0 47.0 47.0 164.05986 62.53505 126.29289 12.0
15.0 47.0 15.0 144.66274 26.31712 64.3897 12.0
16.0 0.0 0.0 55.16695 49.33452 142.19362 923.0
16.0 0.0 16.0 37.11042 38.58354 124.3943 923.0
16.0 2.0 2.0 27.8529 24.94075 88.37863 563.0
16.0 2.0 16.0 37.11042 38.58354 124.3943 563.0
16.0 3.0 3.0 83.1922 3.8199 87.83857 15.0
16.0 3.0 16.0 37.11042 38.58354 124.3943 15.0
16.0 4.0 4.0 72.28358 108.30844 139.82007 3.0
16.0 4.0 16.0 37.11042 38.58354 124.3943 3.0
16.0 6.0 6.0 5.46104 85.07987 74.4083 14.0
16.0 6.0 16.0 37.11042 38.58354 124.3943 14.0
16.0 11.0 11.0 48.32434 14.22213 56.55928 21.0
16.0 11.0 16.0 37.11042 38.58354 124.3943 21.0
16.0 13.0 13.0 21.92467 31.02842 56.30212 3.0
16.0 13.0 16.0 37.11042 38.58354 124.3943 3.0
16.0 16.0 16.0 37.11042 38.58354 124.3943 2401.0
16.0 16.0 16.0 37.11042 38.58354 124.3943 2401.0
16.0 22.0 22.0 25.24944 80.12869 119.64015 862.0
16.0 22.0 16.0 37.11042 38.58354 124.3943 862.0
16.0 27.0 27.0 18.72394 45.57275 103.94139 721.0
16.0 27.0 16.0 37.11042 38.58354 124.3943 721.0
16.0 28.0 28.0 83.25948 39.89224 143.52671 66.0
16.0 28.0 16.0 37.11042 38.58354 124.3943 66.0
16.0 33.0 33.0 97.62627 49.82959 149.23306 8.0
16.0 33.0 16.0 37.11042 38.58354 124.3943 8.0
16.0 36.0 36.0 51.12416 19.22982 119.22856 651.0
16.0 36.0 16.0 37.11042 38.58354 124.3943 651.0
16.0 37.0 37.0 79.803 11.05091 113.73663 154.0
16.0 37.0 16.0 37.11042 38.58354 124.3943 154.0
16.0 38.0 38.0 88.36161 68.22759 152.65559 19.0
16.0 38.0 16.0 37.11042 38.58354 124.3943 19.0
16.0 42.0 42.0 56.472 85.12384 144.92091 156.0
16.0 42.0 16.0 37.11042 38.58354 124.3943 156.0
16.0 44.0 44.0 70.64003 22.68621 131.37502 176.0
16.0 44.0 16.0 37.11042 38.58354 124.3943 176.0
17.0 3.0 3.0 83.1922 3.8199 87.83857 857.0
17.0 3.0 17.0 122.96662 11.05939 94.72173 857.0
17.0 7.0 7.0 121.79216 13.47308 56.88939 649.0
17.0 7.0 17.0 122.96662 11.05939 94.72173 649.0
17.0 10.0 10.0 97.53407 4.02915 61.31952 371.0
17.0 10.0 17.0 122.96662 11.05939 94.72173 371.0
17.0 11.0 11.0 48.32434 14.22213 56.55928 1.0
17.0 11.0 17.0 122.96662 11.05939 94.72173 1.0
17.0 15.0 15.0 144.66274 26.31712 64.3897 649.0
17.0 15.0 17.0 122.96662 11.05939 94.72173 649.0
17.0 17.0 17.0 122.96662 11.05939 94.72173 3190.0
17.0 17.0 17.0 122.96662 11.05939 94.72173 3190.0
17.0 18.0 18.0 159.41968 24.9693 93.49191 387.0
17.0 18.0 17.0 122.96662 11.05939 94.72173 387.0
17.0 19.0 19.0 66.75574 15.17284 46.16739 3.0
17.0 19.0 17.0 122.96662 11.05939 94.72173 3.0
17.0 23.0 23.0 173.39586 43.66386 76.17812 16.0
17.0 23.0 17.0 122.96662 11.05939 94.72173 16.0
17.0 25.0 25.0 182.69801 64.91396 100.93628 1.0
17.0 25.0 17.0 122.96662 11.05939 94.72173 1.0
17.0 26.0 26.0 131.69819 45.00324 139.20934 98.0
17.0 26.0 17.0 122.96662 11.05939 94.72173 98.0
17.0 28.0 28.0 83.25948 39.89224 143.52671 12.0
17.0 28.0 17.0 122.96662 11.05939 94.72173 12.0
17.0 29.0 29.0 122.5193 20.66842 121.46435 1018.0
17.0 29.0 17.0 122.96662 11.05939 94.72173 1018.0
17.0 31.0 31.0 121.54599 39.38176 35.90714 14.0
17.0 31.0 17.0 122.96662 11.05939 94.72173 14.0
17.0 32.0 32.0 156.63105 89.33214 57.8778 1.0
17.0 32.0 17.0 122.96662 11.05939 94.72173 1.0
17.0 33.0 33.0 97.62627 49.82959 149.23306 6.0
17.0 33.0 17.0 122.96662 11.05939 94.72173 6.0
17.0 36.0 36.0 51.12416 19.22982 119.22856 1.0
17.0 36.0 17.0 122.96662 11.05939 94.72173 1.0
17.0 37.0 37.0 79.803 11.05091 113.73663 401.0
17.0 37.0 17.0 122.96662 11.05939 94.72173 401.0
17.0 40.0 40.0 83.32126 23.5525 42.28909 11.0
17.0 40.0 17.0 122.96662 11.05939 94.72173 11.0
17.0 44.0 44.0 70.64003 22.68621 131.37502 4.0
17.0 44.0 17.0 122.96662 11.05939 94.72173 4.0
17.0 45.0 45.0 35.16076 116.33044 28.42006 1.0
17.0 45.0 17.0 122.96662 11.05939 94.72173 1.0
17.0 47.0 47.0 164.05986 62.53505 126.29289 38.0
17.0 47.0 17.0 122.96662 11.05939 94.72173 38.0
18.0 3.0 3.0 83.1922 3.8199 87.83857 4.0
18.0 3.0 18.0 159.41968 24.9693 93.49191 4.0
18.0 7.0 7.0 121.79216 13.47308 56.88939 62.0
18.0 7.0 18.0 159.41968 24.9693 93.49191 62.0
18.0 8.0 8.0 108.72194 84.92439 39.03608 3.0
18.0 8.0 18.0 159.41968 24.9693 93.49191 3.0
18.0 10.0 10.0 97.53407 4.02915 61.31952 9.0
18.0 10.0 18.0 159.41968 24.9693 93.49191 9.0
18.0 12.0 12.0 179.81074 86.52 84.9431 22.0
18.0 12.0 18.0 159.41968 24.9693 93.49191 22.0
18.0 15.0 15.0 144.66274 26.31712 64.3897 702.0
18.0 15.0 18.0 159.41968 24.9693 93.49191 702.0
18.0 17.0 17.0 122.96662 11.05939 94.72173 472.0
18.0 17.0 18.0 159.41968 24.9693 93.49191 472.0
18.0 18.0 18.0 159.41968 24.9693 93.49191 1686.0
18.0 18.0 18.0 159.41968 24.9693 93.49191 1686.0
18.0 23.0 23.0 173.39586 43.66386 76.17812 622.0
18.0 23.0 18.0 159.41968 24.9693 93.49191 622.0
18.0 24.0 24.0 107.46923 87.39396 149.10848 1.0
18.0 24.0 18.0 159.41968 24.9693 93.49191 1.0
18.0 25.0 25.0 182.69801 64.91396 100.93628 102.0
18.0 25.0 18.0 159.41968 24.9693 93.49191 102.0
18.0 26.0 26.0 131.69819 45.00324 139.20934 179.0
18.0 26.0 18.0 159.41968 24.9693 93.49191 179.0
18.0 29.0 29.0 122.5193 20.66842 121.46435 353.0
18.0 29.0 18.0 159.41968 24.9693 93.49191 353.0
18.0 31.0 31.0 121.54599 39.38176 35.90714 31.0
18.0 31.0 18.0 159.41968 24.9693 93.49191 31.0
18.0 32.0 32.0 156.63105 89.33214 57.8778 24.0
18.0 32.0 18.0 159.41968 24.9693 93.49191 24.0
18.0 33.0 33.0 97.62627 49.82959 149.23306 1.0
18.0 33.0 18.0 159.41968 24.9693 93.49191 1.0
18.0 34.0 34.0 127.26738 111.61388 129.45649 1.0
18.0 34.0 18.0 159.41968 24.9693 93.49191 1.0
18.0 37.0 37.0 79.803 11.05091 113.73663 9.0
18.0 37.0 18.0 159.41968 24.9693 93.49191 9.0
18.0 47.0 47.0 164.05986 62.53505 126.29289 376.0
18.0 47.0 18.0 159.41968 24.9693 93.49191 376.0
19.0 1.0 1.0 66.58263 89.68233 7.81952 24.0
19.0 1.0 19.0 66.75574 15.17284 46.16739 24.0
19.0 2.0 2.0 27.8529 24.94075 88.37863 19.0
19.0 2.0 19.0 66.75574 15.17284 46.16739 19.0
19.0 3.0 3.0 83.1922 3.8199 87.83857 364.0
19.0 3.0 19.0 66.75574 15.17284 46.16739 364.0
19.0 7.0 7.0 121.79216 13.47308 56.88939 17.0
19.0 7.0 19.0 66.75574 15.17284 46.16739 17.0
19.0 8.0 8.0 108.72194 84.92439 39.03608 2.0
19.0 8.0 19.0 66.75574 15.17284 46.16739 2.0
19.0 10.0 10.0 97.53407 4.02915 61.31952 403.0
19.0 10.0 19.0 66.75574 15.17284 46.16739 403.0
19.0 11.0 11.0 48.32434 14.22213 56.55928 1192.0
19.0 11.0 19.0 66.75574 15.17284 46.16739 1192.0
19.0 13.0 13.0 21.92467 31.02842 56.30212 49.0
19.0 13.0 19.0 66.75574 15.17284 46.16739 49.0
19.0 17.0 17.0 122.96662 11.05939 94.72173 5.0
19.0 17.0 19.0 66.75574 15.17284 46.16739 5.0
19.0 19.0 19.0 66.75574 15.17284 46.16739 1180.0
19.0 19.0 19.0 66.75574 15.17284 46.16739 1180.0
19.0 20.0 20.0 85.59052 53.79593 22.8028 436.0
19.0 20.0 19.0 66.75574 15.17284 46.16739 436.0
19.0 21.0 21.0 27.8683 77.89616 19.70315 11.0
19.0 21.0 19.0 66.75574 15.17284 46.16739 11.0
19.0 29.0 29.0 122.5193 20.66842 121.46435 1.0
19.0 29.0 19.0 66.75574 15.17284 46.16739 1.0
19.0 31.0 31.0 121.54599 39.38176 35.90714 46.0
19.0 31.0 19.0 66.75574 15.17284 46.16739 46.0
19.0 36.0 36.0 51.12416 19.22982 119.22856 3.0
19.0 36.0 19.0 66.75574 15.17284 46.16739 3.0
19.0 37.0 37.0 79.803 11.05091 113.73663 22.0
19.0 37.0 19.0 66.75574 15.17284 46.16739 22.0
19.0 39.0 39.0 22.00726 50.10635 32.6136 158.0
19.0 39.0 19.0 66.75574 15.17284 46.16739 158.0
19.0 40.0 40.0 83.32126 23.5525 42.28909 1029.0
19.0 40.0 19.0 66.75574 15.17284 46.16739 1029.0
20.0 1.0 1.0 66.58263 89.68233 7.81952 1366.0
20.0 1.0 20.0 85.59052 53.79593 22.8028 1366.0
20.0 7.0 7.0 121.79216 13.47308 56.88939 20.0
20.0 7.0 20.0 85.59052 53.79593 22.8028 20.0
20.0 8.0 8.0 108.72194 84.92439 39.03608 2517.0
20.0 8.0 20.0 85.59052 53.79593 22.8028 2517.0
20.0 10.0 10.0 97.53407 4.02915 61.31952 33.0
20.0 10.0 20.0 85.59052 53.79593 22.8028 33.0
20.0 11.0 11.0 48.32434 14.22213 56.55928 223.0
20.0 11.0 20.0 85.59052 53.79593 22.8028 223.0
20.0 13.0 13.0 21.92467 31.02842 56.30212 6.0
20.0 13.0 20.0 85.59052 53.79593 22.8028 6.0
20.0 14.0 14.0 128.47813 115.90913 40.39466 10.0
20.0 14.0 20.0 85.59052 53.79593 22.8028 10.0
20.0 15.0 15.0 144.66274 26.31712 64.3897 1.0
20.0 15.0 20.0 85.59052 53.79593 22.8028 1.0
20.0 19.0 19.0 66.75574 15.17284 46.16739 360.0
20.0 19.0 20.0 85.59052 53.79593 22.8028 360.0
20.0 20.0 20.0 85.59052 53.79593 22.8028 7911.0
20.0 20.0 20.0 85.59052 53.79593 22.8028 7911.0
20.0 21.0 21.0 27.8683 77.89616 19.70315 204.0
20.0 21.0 20.0 85.59052 53.79593 22.8028 204.0
20.0 31.0 31.0 121.54599 39.38176 35.90714 1500.0
20.0 31.0 20.0 85.59052 53.79593 22.8028 1500.0
20.0 32.0 32.0 156.63105 89.33214 57.8778 7.0
20.0 32.0 20.0 85.59052 53.79593 22.8028 7.0
20.0 39.0 39.0 22.00726 50.10635 32.6136 361.0
20.0 39.0 20.0 85.59052 53.79593 22.8028 361.0
20.0 40.0 40.0 83.32126 23.5525 42.28909 1178.0
20.0 40.0 20.0 85.59052 53.79593 22.8028 1178.0
20.0 45.0 45.0 35.16076 116.33044 28.42006 3.0
20.0 45.0 20.0 85.59052 53.79593 22.8028 3.0
20.0 46.0 46.0 114.85691 130.50137 52.95622 2.0
20.0 46.0 20.0 85.59052 53.79593 22.8028 2.0
21.0 1.0 1.0 66.58263 89.68233 7.81952 1016.0
21.0 1.0 21.0 27.8683 77.89616 19.70315 1016.0
21.0 2.0 2.0 27.8529 24.94075 88.37863 1.0
21.0 2.0 21.0 27.8683 77.89616 19.70315 1.0
21.0 5.0 5.0 36.58467 130.30178 82.2076 27.0
21.0 5.0 21.0 27.8683 77.89616 19.70315 27.0
21.0 6.0 6.0 5.46104 85.07987 74.4083 555.0
21.0 6.0 21.0 27.8683 77.89616 19.70315 555.0
21.0 8.0 8.0 108.72194 84.92439 39.03608 10.0
21.0 8.0 21.0 27.8683 77.89616 19.70315 10.0
21.0 11.0 11.0 48.32434 14.22213 56.55928 42.0
21.0 11.0 21.0 27.8683 77.89616 19.70315 42.0
21.0 13.0 13.0 21.92467 31.02842 56.30212 20.0
21.0 13.0 21.0 27.8683 77.89616 19.70315 20.0
21.0 19.0 19.0 66.75574 15.17284 46.16739 14.0
21.0 19.0 21.0 27.8683 77.89616 19.70315 14.0
21.0 20.0 20.0 85.59052 53.79593 22.8028 290.0
21.0 20.0 21.0 27.8683 77.89616 19.70315 290.0
21.0 21.0 21.0 27.8683 77.89616 19.70315 3271.0
21.0 21.0 21.0 27.8683 77.89616 19.70315 3271.0
21.0 27.0 27.0 18.72394 45.57275 103.94139 1.0
21.0 27.0 21.0 27.8683 77.89616 19.70315 1.0
21.0 30.0 30.0 88.88524 139.85796 63.06607 3.0
21.0 30.0 21.0 27.8683 77.89616 19.70315 3.0
21.0 39.0 39.0 22.00726 50.10635 32.6136 1473.0
21.0 39.0 21.0 27.8683 77.89616 19.70315 1473.0
21.0 40.0 40.0 83.32126 23.5525 42.28909 8.0
21.0 40.0 21.0 27.8683 77.89616 19.70315 8.0
21.0 45.0 45.0 35.16076 116.33044 28.42006 1258.0
21.0 45.0 21.0 27.8683 77.89616 19.70315 1258.0
22.0 0.0 0.0 55.16695 49.33452 142.19362 520.0
22.0 0.0 22.0 25.24944 80.12869 119.64015 520.0
22.0 2.0 2.0 27.8529 24.94075 88.37863 94.0
22.0 2.0 22.0 25.24944 80.12869 119.64015 94.0
22.0 4.0 4.0 72.28358 108.30844 139.82007 348.0
22.0 4.0 22.0 25.24944 80.12869 119.64015 348.0
22.0 5.0 5.0 36.58467 130.30178 82.2076 886.0
22.0 5.0 22.0 25.24944 80.12869 119.64015 886.0
22.0 6.0 6.0 5.46104 85.07987 74.4083 1345.0
22.0 6.0 22.0 25.24944 80.12869 119.64015 1345.0
22.0 9.0 9.0 78.3655 140.10094 102.35086 3.0
22.0 9.0 22.0 25.24944 80.12869 119.64015 3.0
22.0 13.0 13.0 21.92467 31.02842 56.30212 10.0
22.0 13.0 22.0 25.24944 80.12869 119.64015 10.0
22.0 16.0 16.0 37.11042 38.58354 124.3943 836.0
22.0 16.0 22.0 25.24944 80.12869 119.64015 836.0
22.0 22.0 22.0 25.24944 80.12869 119.64015 8117.0
22.0 22.0 22.0 25.24944 80.12869 119.64015 8117.0
22.0 24.0 24.0 107.46923 87.39396 149.10848 4.0
22.0 24.0 22.0 25.24944 80.12869 119.64015 4.0
22.0 27.0 27.0 18.72394 45.57275 103.94139 916.0
22.0 27.0 22.0 25.24944 80.12869 119.64015 916.0
22.0 28.0 28.0 83.25948 39.89224 143.52671 29.0
22.0 28.0 22.0 25.24944 80.12869 119.64015 29.0
22.0 33.0 33.0 97.62627 49.82959 149.23306 1.0
22.0 33.0 22.0 25.24944 80.12869 119.64015 1.0
22.0 36.0 36.0 51.12416 19.22982 119.22856 14.0
22.0 36.0 22.0 25.24944 80.12869 119.64015 14.0
22.0 38.0 38.0 88.36161 68.22759 152.65559 19.0
22.0 38.0 22.0 25.24944 80.12869 119.64015 19.0
22.0 39.0 39.0 22.00726 50.10635 32.6136 6.0
22.0 39.0 22.0 25.24944 80.12869 119.64015 6.0
22.0 41.0 41.0 59.65107 125.6342 122.73146 640.0
22.0 41.0 22.0 25.24944 80.12869 119.64015 640.0
22.0 42.0 42.0 56.472 85.12384 144.92091 1328.0
22.0 42.0 22.0 25.24944 80.12869 119.64015 1328.0
22.0 44.0 44.0 70.64003 22.68621 131.37502 1.0
22.0 44.0 22.0 25.24944 80.12869 119.64015 1.0
23.0 7.0 7.0 121.79216 13.47308 56.88939 36.0
23.0 7.0 23.0 173.39586 43.66386 76.17812 36.0
23.0 8.0 8.0 108.72194 84.92439 39.03608 27.0
23.0 8.0 23.0 173.39586 43.66386 76.17812 27.0
23.0 10.0 10.0 97.53407 4.02915 61.31952 1.0
23.0 10.0 23.0 173.39586 43.66386 76.17812 1.0
23.0 12.0 12.0 179.81074 86.52 84.9431 391.0
23.0 12.0 23.0 173.39586 43.66386 76.17812 391.0
23.0 15.0 15.0 144.66274 26.31712 64.3897 559.0
23.0 15.0 23.0 173.39586 43.66386 76.17812 559.0
23.0 17.0 17.0 122.96662 11.05939 94.72173 27.0
23.0 17.0 23.0 173.39586 43.66386 76.17812 27.0
23.0 18.0 18.0 159.41968 24.9693 93.49191 708.0
23.0 18.0 23.0 173.39586 43.66386 76.17812 708.0
23.0 23.0 23.0 173.39586 43.66386 76.17812 1556.0
23.0 23.0 23.0 173.39586 43.66386 76.17812 1556.0
23.0 25.0 25.0 182.69801 64.91396 100.93628 442.0
23.0 25.0 23.0 173.39586 43.66386 76.17812 442.0
23.0 26.0 26.0 131.69819 45.00324 139.20934 22.0
23.0 26.0 23.0 173.39586 43.66386 76.17812 22.0
23.0 29.0 29.0 122.5193 20.66842 121.46435 25.0
23.0 29.0 23.0 173.39586 43.66386 76.17812 25.0
23.0 31.0 31.0 121.54599 39.38176 35.90714 132.0
23.0 31.0 23.0 173.39586 43.66386 76.17812 132.0
23.0 32.0 32.0 156.63105 89.33214 57.8778 352.0
23.0 32.0 23.0 173.39586 43.66386 76.17812 352.0
23.0 35.0 35.0 147.0593 121.57022 95.48719 1.0
23.0 35.0 23.0 173.39586 43.66386 76.17812 1.0
23.0 37.0 37.0 79.803 11.05091 113.73663 1.0
23.0 37.0 23.0 173.39586 43.66386 76.17812 1.0
23.0 47.0 47.0 164.05986 62.53505 126.29289 260.0
23.0 47.0 23.0 173.39586 43.66386 76.17812 260.0
24.0 0.0 0.0 55.16695 49.33452 142.19362 19.0
24.0 0.0 24.0 107.46923 87.39396 149.10848 19.0
24.0 4.0 4.0 72.28358 108.30844 139.82007 1212.0
24.0 4.0 24.0 107.46923 87.39396 149.10848 1212.0
24.0 9.0 9.0 78.3655 140.10094 102.35086 21.0
24.0 9.0 24.0 107.46923 87.39396 149.10848 21.0
24.0 22.0 22.0 25.24944 80.12869 119.64015 1.0
24.0 22.0 24.0 107.46923 87.39396 149.10848 1.0
24.0 24.0 24.0 107.46923 87.39396 149.10848 5143.0
24.0 24.0 24.0 107.46923 87.39396 149.10848 5143.0
24.0 26.0 26.0 131.69819 45.00324 139.20934 670.0
24.0 26.0 24.0 107.46923 87.39396 149.10848 670.0
24.0 28.0 28.0 83.25948 39.89224 143.52671 58.0
24.0 28.0 24.0 107.46923 87.39396 149.10848 58.0
24.0 29.0 29.0 122.5193 20.66842 121.46435 6.0
24.0 29.0 24.0 107.46923 87.39396 149.10848 6.0
24.0 30.0 30.0 88.88524 139.85796 63.06607 1.0
24.0 30.0 24.0 107.46923 87.39396 149.10848 1.0
24.0 33.0 33.0 97.62627 49.82959 149.23306 404.0
24.0 33.0 24.0 107.46923 87.39396 149.10848 404.0
24.0 34.0 34.0 127.26738 111.61388 129.45649 1774.0
24.0 34.0 24.0 107.46923 87.39396 149.10848 1774.0
24.0 35.0 35.0 147.0593 121.57022 95.48719 9.0
24.0 35.0 24.0 107.46923 87.39396 149.10848 9.0
24.0 38.0 38.0 88.36161 68.22759 152.65559 1239.0
24.0 38.0 24.0 107.46923 87.39396 149.10848 1239.0
24.0 41.0 41.0 59.65107 125.6342 122.73146 93.0
24.0 41.0 24.0 107.46923 87.39396 149.10848 93.0
24.0 42.0 42.0 56.472 85.12384 144.92091 421.0
24.0 42.0 24.0 107.46923 87.39396 149.10848 421.0
24.0 43.0 43.0 102.38202 137.40721 99.84602 14.0
24.0 43.0 24.0 107.46923 87.39396 149.10848 14.0
24.0 44.0 44.0 70.64003 22.68621 131.37502 3.0
24.0 44.0 24.0 107.46923 87.39396 149.10848 3.0
24.0 47.0 47.0 164.05986 62.53505 126.29289 171.0
24.0 47.0 24.0 107.46923 87.39396 149.10848 171.0
25.0 8.0 8.0 108.72194 84.92439 39.03608 2.0
25.0 8.0 25.0 182.69801 64.91396 100.93628 2.0
25.0 12.0 12.0 179.81074 86.52 84.9431 775.0
25.0 12.0 25.0 182.69801 64.91396 100.93628 775.0
25.0 14.0 14.0 128.47813 115.90913 40.39466 1.0
25.0 14.0 25.0 182.69801 64.91396 100.93628 1.0
25.0 15.0 15.0 144.66274 26.31712 64.3897 16.0
25.0 15.0 25.0 182.69801 64.91396 100.93628 16.0
25.0 17.0 17.0 122.96662 11.05939 94.72173 4.0
25.0 17.0 25.0 182.69801 64.91396 100.93628 4.0
25.0 18.0 18.0 159.41968 24.9693 93.49191 102.0
25.0 18.0 25.0 182.69801 64.91396 100.93628 102.0
25.0 23.0 23.0 173.39586 43.66386 76.17812 452.0
25.0 23.0 25.0 182.69801 64.91396 100.93628 452.0
25.0 25.0 25.0 182.69801 64.91396 100.93628 1082.0
25.0 25.0 25.0 182.69801 64.91396 100.93628 1082.0
25.0 26.0 26.0 131.69819 45.00324 139.20934 17.0
25.0 26.0 25.0 182.69801 64.91396 100.93628 17.0
25.0 29.0 29.0 122.5193 20.66842 121.46435 7.0
25.0 29.0 25.0 182.69801 64.91396 100.93628 7.0
25.0 31.0 31.0 121.54599 39.38176 35.90714 3.0
25.0 31.0 25.0 182.69801 64.91396 100.93628 3.0
25.0 32.0 32.0 156.63105 89.33214 57.8778 79.0
25.0 32.0 25.0 182.69801 64.91396 100.93628 79.0
25.0 34.0 34.0 127.26738 111.61388 129.45649 42.0
25.0 34.0 25.0 182.69801 64.91396 100.93628 42.0
25.0 35.0 35.0 147.0593 121.57022 95.48719 85.0
25.0 35.0 25.0 182.69801 64.91396 100.93628 85.0
25.0 46.0 46.0 114.85691 130.50137 52.95622 1.0
25.0 46.0 25.0 182.69801 64.91396 100.93628 1.0
25.0 47.0 47.0 164.05986 62.53505 126.29289 778.0
25.0 47.0 25.0 182.69801 64.91396 100.93628 778.0
26.0 0.0 0.0 55.16695 49.33452 142.19362 5.0
26.0 0.0 26.0 131.69819 45.00324 139.20934 5.0
26.0 3.0 3.0 83.1922 3.8199 87.83857 5.0
26.0 3.0 26.0 131.69819 45.00324 139.20934 5.0
26.0 7.0 7.0 121.79216 13.47308 56.88939 1.0
26.0 7.0 26.0 131.69819 45.00324 139.20934 1.0
26.0 15.0 15.0 144.66274 26.31712 64.3897 4.0
26.0 15.0 26.0 131.69819 45.00324 139.20934 4.0
26.0 17.0 17.0 122.96662 11.05939 94.72173 140.0
26.0 17.0 26.0 131.69819 45.00324 139.20934 140.0
26.0 18.0 18.0 159.41968 24.9693 93.49191 152.0
26.0 18.0 26.0 131.69819 45.00324 139.20934 152.0
26.0 23.0 23.0 173.39586 43.66386 76.17812 4.0
26.0 23.0 26.0 131.69819 45.00324 139.20934 4.0
26.0 24.0 24.0 107.46923 87.39396 149.10848 713.0
26.0 24.0 26.0 131.69819 45.00324 139.20934 713.0
26.0 25.0 25.0 182.69801 64.91396 100.93628 17.0
26.0 25.0 26.0 131.69819 45.00324 139.20934 17.0
26.0 26.0 26.0 131.69819 45.00324 139.20934 4596.0
26.0 26.0 26.0 131.69819 45.00324 139.20934 4596.0
26.0 28.0 28.0 83.25948 39.89224 143.52671 342.0
26.0 28.0 26.0 131.69819 45.00324 139.20934 342.0
26.0 29.0 29.0 122.5193 20.66842 121.46435 1268.0
26.0 29.0 26.0 131.69819 45.00324 139.20934 1268.0
26.0 33.0 33.0 97.62627 49.82959 149.23306 751.0
26.0 33.0 26.0 131.69819 45.00324 139.20934 751.0
26.0 34.0 34.0 127.26738 111.61388 129.45649 252.0
26.0 34.0 26.0 131.69819 45.00324 139.20934 252.0
26.0 35.0 35.0 147.0593 121.57022 95.48719 4.0
26.0 35.0 26.0 131.69819 45.00324 139.20934 4.0
26.0 36.0 36.0 51.12416 19.22982 119.22856 1.0
26.0 36.0 26.0 131.69819 45.00324 139.20934 1.0
26.0 37.0 37.0 79.803 11.05091 113.73663 113.0
26.0 37.0 26.0 131.69819 45.00324 139.20934 113.0
26.0 38.0 38.0 88.36161 68.22759 152.65559 281.0
26.0 38.0 26.0 131.69819 45.00324 139.20934 281.0
26.0 44.0 44.0 70.64003 22.68621 131.37502 24.0
26.0 44.0 26.0 131.69819 45.00324 139.20934 24.0
26.0 47.0 47.0 164.05986 62.53505 126.29289 1184.0
26.0 47.0 26.0 131.69819 45.00324 139.20934 1184.0
27.0 0.0 0.0 55.16695 49.33452 142.19362 58.0
27.0 0.0 27.0 18.72394 45.57275 103.94139 58.0
27.0 2.0 2.0 27.8529 24.94075 88.37863 1014.0
27.0 2.0 27.0 18.72394 45.57275 103.94139 1014.0
27.0 3.0 3.0 83.1922 3.8199 87.83857 6.0
27.0 3.0 27.0 18.72394 45.57275 103.94139 6.0
27.0 5.0 5.0 36.58467 130.30178 82.2076 2.0
27.0 5.0 27.0 18.72394 45.57275 103.94139 2.0
27.0 6.0 6.0 5.46104 85.07987 74.4083 546.0
27.0 6.0 27.0 18.72394 45.57275 103.94139 546.0
27.0 11.0 11.0 48.32434 14.22213 56.55928 28.0
27.0 11.0 27.0 18.72394 45.57275 103.94139 28.0
27.0 13.0 13.0 21.92467 31.02842 56.30212 100.0
27.0 13.0 27.0 18.72394 45.57275 103.94139 100.0
27.0 16.0 16.0 37.11042 38.58354 124.3943 836.0
27.0 16.0 27.0 18.72394 45.57275 103.94139 836.0
27.0 19.0 19.0 66.75574 15.17284 46.16739 1.0
27.0 19.0 27.0 18.72394 45.57275 103.94139 1.0
27.0 22.0 22.0 25.24944 80.12869 119.64015 988.0
27.0 22.0 27.0 18.72394 45.57275 103.94139 988.0
27.0 27.0 27.0 18.72394 45.57275 103.94139 1763.0
27.0 27.0 27.0 18.72394 45.57275 103.94139 1763.0
27.0 36.0 36.0 51.12416 19.22982 119.22856 90.0
27.0 36.0 27.0 18.72394 45.57275 103.94139 90.0
27.0 37.0 37.0 79.803 11.05091 113.73663 17.0
27.0 37.0 27.0 18.72394 45.57275 103.94139 17.0
27.0 39.0 39.0 22.00726 50.10635 32.6136 30.0
27.0 39.0 27.0 18.72394 45.57275 103.94139 30.0
27.0 41.0 41.0 59.65107 125.6342 122.73146 1.0
27.0 41.0 27.0 18.72394 45.57275 103.94139 1.0
27.0 42.0 42.0 56.472 85.12384 144.92091 6.0
27.0 42.0 27.0 18.72394 45.57275 103.94139 6.0
27.0 44.0 44.0 70.64003 22.68621 131.37502 11.0
27.0 44.0 27.0 18.72394 45.57275 103.94139 11.0
28.0 0.0 0.0 55.16695 49.33452 142.19362 809.0
28.0 0.0 28.0 83.25948 39.89224 143.52671 809.0
28.0 3.0 3.0 83.1922 3.8199 87.83857 19.0
28.0 3.0 28.0 83.25948 39.89224 143.52671 19.0
28.0 4.0 4.0 72.28358 108.30844 139.82007 7.0
28.0 4.0 28.0 83.25948 39.89224 143.52671 7.0
28.0 16.0 16.0 37.11042 38.58354 124.3943 54.0
28.0 16.0 28.0 83.25948 39.89224 143.52671 54.0
28.0 17.0 17.0 122.96662 11.05939 94.72173 19.0
28.0 17.0 28.0 83.25948 39.89224 143.52671 19.0
28.0 22.0 22.0 25.24944 80.12869 119.64015 26.0
28.0 22.0 28.0 83.25948 39.89224 143.52671 26.0
28.0 24.0 24.0 107.46923 87.39396 149.10848 61.0
28.0 24.0 28.0 83.25948 39.89224 143.52671 61.0
28.0 26.0 26.0 131.69819 45.00324 139.20934 319.0
28.0 26.0 28.0 83.25948 39.89224 143.52671 319.0
28.0 28.0 28.0 83.25948 39.89224 143.52671 1821.0
28.0 28.0 28.0 83.25948 39.89224 143.52671 1821.0
28.0 29.0 29.0 122.5193 20.66842 121.46435 277.0
28.0 29.0 28.0 83.25948 39.89224 143.52671 277.0
28.0 33.0 33.0 97.62627 49.82959 149.23306 1023.0
28.0 33.0 28.0 83.25948 39.89224 143.52671 1023.0
28.0 36.0 36.0 51.12416 19.22982 119.22856 77.0
28.0 36.0 28.0 83.25948 39.89224 143.52671 77.0
28.0 37.0 37.0 79.803 11.05091 113.73663 504.0
28.0 37.0 28.0 83.25948 39.89224 143.52671 504.0
28.0 38.0 38.0 88.36161 68.22759 152.65559 467.0
28.0 38.0 28.0 83.25948 39.89224 143.52671 467.0
28.0 42.0 42.0 56.472 85.12384 144.92091 182.0
28.0 42.0 28.0 83.25948 39.89224 143.52671 182.0
28.0 44.0 44.0 70.64003 22.68621 131.37502 610.0
28.0 44.0 28.0 83.25948 39.89224 143.52671 610.0
28.0 47.0 47.0 164.05986 62.53505 126.29289 1.0
28.0 47.0 28.0 83.25948 39.89224 143.52671 1.0
29.0 0.0 0.0 55.16695 49.33452 142.19362 7.0
29.0 0.0 29.0 122.5193 20.66842 121.46435 7.0
29.0 3.0 3.0 83.1922 3.8199 87.83857 206.0
29.0 3.0 29.0 122.5193 20.66842 121.46435 206.0
29.0 7.0 7.0 121.79216 13.47308 56.88939 26.0
29.0 7.0 29.0 122.5193 20.66842 121.46435 26.0
29.0 10.0 10.0 97.53407 4.02915 61.31952 11.0
29.0 10.0 29.0 122.5193 20.66842 121.46435 11.0
29.0 15.0 15.0 144.66274 26.31712 64.3897 70.0
29.0 15.0 29.0 122.5193 20.66842 121.46435 70.0
29.0 17.0 17.0 122.96662 11.05939 94.72173 1104.0
29.0 17.0 29.0 122.5193 20.66842 121.46435 1104.0
29.0 18.0 18.0 159.41968 24.9693 93.49191 323.0
29.0 18.0 29.0 122.5193 20.66842 121.46435 323.0
29.0 23.0 23.0 173.39586 43.66386 76.17812 12.0
29.0 23.0 29.0 122.5193 20.66842 121.46435 12.0
29.0 24.0 24.0 107.46923 87.39396 149.10848 9.0
29.0 24.0 29.0 122.5193 20.66842 121.46435 9.0
29.0 25.0 25.0 182.69801 64.91396 100.93628 5.0
29.0 25.0 29.0 122.5193 20.66842 121.46435 5.0
29.0 26.0 26.0 131.69819 45.00324 139.20934 1266.0
29.0 26.0 29.0 122.5193 20.66842 121.46435 1266.0
29.0 28.0 28.0 83.25948 39.89224 143.52671 303.0
29.0 28.0 29.0 122.5193 20.66842 121.46435 303.0
29.0 29.0 29.0 122.5193 20.66842 121.46435 2622.0
29.0 29.0 29.0 122.5193 20.66842 121.46435 2622.0
29.0 33.0 33.0 97.62627 49.82959 149.23306 141.0
29.0 33.0 29.0 122.5193 20.66842 121.46435 141.0
29.0 34.0 34.0 127.26738 111.61388 129.45649 1.0
29.0 34.0 29.0 122.5193 20.66842 121.46435 1.0
29.0 36.0 36.0 51.12416 19.22982 119.22856 4.0
29.0 36.0 29.0 122.5193 20.66842 121.46435 4.0
29.0 37.0 37.0 79.803 11.05091 113.73663 715.0
29.0 37.0 29.0 122.5193 20.66842 121.46435 715.0
29.0 38.0 38.0 88.36161 68.22759 152.65559 14.0
29.0 38.0 29.0 122.5193 20.66842 121.46435 14.0
29.0 44.0 44.0 70.64003 22.68621 131.37502 70.0
29.0 44.0 29.0 122.5193 20.66842 121.46435 70.0
29.0 47.0 47.0 164.05986 62.53505 126.29289 159.0
29.0 47.0 29.0 122.5193 20.66842 121.46435 159.0
30.0 1.0 1.0 66.58263 89.68233 7.81952 266.0
30.0 1.0 30.0 88.88524 139.85796 63.06607 266.0
30.0 5.0 5.0 36.58467 130.30178 82.2076 1313.0
30.0 5.0 30.0 88.88524 139.85796 63.06607 1313.0
30.0 8.0 8.0 108.72194 84.92439 39.03608 449.0
30.0 8.0 30.0 88.88524 139.85796 63.06607 449.0
30.0 9.0 9.0 78.3655 140.10094 102.35086 861.0
30.0 9.0 30.0 88.88524 139.85796 63.06607 861.0
30.0 14.0 14.0 128.47813 115.90913 40.39466 231.0
30.0 14.0 30.0 88.88524 139.85796 63.06607 231.0
30.0 21.0 21.0 27.8683 77.89616 19.70315 1.0
30.0 21.0 30.0 88.88524 139.85796 63.06607 1.0
30.0 30.0 30.0 88.88524 139.85796 63.06607 8920.0
30.0 30.0 30.0 88.88524 139.85796 63.06607 8920.0
30.0 32.0 32.0 156.63105 89.33214 57.8778 8.0
30.0 32.0 30.0 88.88524 139.85796 63.06607 8.0
30.0 34.0 34.0 127.26738 111.61388 129.45649 96.0
30.0 34.0 30.0 88.88524 139.85796 63.06607 96.0
30.0 35.0 35.0 147.0593 121.57022 95.48719 554.0
30.0 35.0 30.0 88.88524 139.85796 63.06607 554.0
30.0 41.0 41.0 59.65107 125.6342 122.73146 39.0
30.0 41.0 30.0 88.88524 139.85796 63.06607 39.0
30.0 43.0 43.0 102.38202 137.40721 99.84602 1445.0
30.0 43.0 30.0 88.88524 139.85796 63.06607 1445.0
30.0 45.0 45.0 35.16076 116.33044 28.42006 508.0
30.0 45.0 30.0 88.88524 139.85796 63.06607 508.0
30.0 46.0 46.0 114.85691 130.50137 52.95622 2369.0
30.0 46.0 30.0 88.88524 139.85796 63.06607 2369.0
31.0 1.0 1.0 66.58263 89.68233 7.81952 5.0
31.0 1.0 31.0 121.54599 39.38176 35.90714 5.0
31.0 3.0 3.0 83.1922 3.8199 87.83857 2.0
31.0 3.0 31.0 121.54599 39.38176 35.90714 2.0
31.0 7.0 7.0 121.79216 13.47308 56.88939 1167.0
31.0 7.0 31.0 121.54599 39.38176 35.90714 1167.0
31.0 8.0 8.0 108.72194 84.92439 39.03608 1682.0
31.0 8.0 31.0 121.54599 39.38176 35.90714 1682.0
31.0 10.0 10.0 97.53407 4.02915 61.31952 289.0
31.0 10.0 31.0 121.54599 39.38176 35.90714 289.0
31.0 11.0 11.0 48.32434 14.22213 56.55928 3.0
31.0 11.0 31.0 121.54599 39.38176 35.90714 3.0
31.0 12.0 12.0 179.81074 86.52 84.9431 10.0
31.0 12.0 31.0 121.54599 39.38176 35.90714 10.0
31.0 14.0 14.0 128.47813 115.90913 40.39466 7.0
31.0 14.0 31.0 121.54599 39.38176 35.90714 7.0
31.0 15.0 15.0 144.66274 26.31712 64.3897 938.0
31.0 15.0 31.0 121.54599 39.38176 35.90714 938.0
31.0 17.0 17.0 122.96662 11.05939 94.72173 10.0
31.0 17.0 31.0 121.54599 39.38176 35.90714 10.0
31.0 18.0 18.0 159.41968 24.9693 93.49191 26.0
31.0 18.0 31.0 121.54599 39.38176 35.90714 26.0
31.0 19.0 19.0 66.75574 15.17284 46.16739 36.0
31.0 19.0 31.0 121.54599 39.38176 35.90714 36.0
31.0 20.0 20.0 85.59052 53.79593 22.8028 1630.0
31.0 20.0 31.0 121.54599 39.38176 35.90714 1630.0
31.0 23.0 23.0 173.39586 43.66386 76.17812 94.0
31.0 23.0 31.0 121.54599 39.38176 35.90714 94.0
31.0 31.0 31.0 121.54599 39.38176 35.90714 6932.0
31.0 31.0 31.0 121.54599 39.38176 35.90714 6932.0
31.0 32.0 32.0 156.63105 89.33214 57.8778 349.0
31.0 32.0 31.0 121.54599 39.38176 35.90714 349.0
31.0 40.0 40.0 83.32126 23.5525 42.28909 771.0
31.0 40.0 31.0 121.54599 39.38176 35.90714 771.0
32.0 7.0 7.0 121.79216 13.47308 56.88939 8.0
32.0 7.0 32.0 156.63105 89.33214 57.8778 8.0
32.0 8.0 8.0 108.72194 84.92439 39.03608 1329.0
32.0 8.0 32.0 156.63105 89.33214 57.8778 1329.0
32.0 12.0 12.0 179.81074 86.52 84.9431 1065.0
32.0 12.0 32.0 156.63105 89.33214 57.8778 1065.0
32.0 14.0 14.0 128.47813 115.90913 40.39466 1058.0
32.0 14.0 32.0 156.63105 89.33214 57.8778 1058.0
32.0 15.0 15.0 144.66274 26.31712 64.3897 278.0
32.0 15.0 32.0 156.63105 89.33214 57.8778 278.0
32.0 18.0 18.0 159.41968 24.9693 93.49191 16.0
32.0 18.0 32.0 156.63105 89.33214 57.8778 16.0
32.0 20.0 20.0 85.59052 53.79593 22.8028 8.0
32.0 20.0 32.0 156.63105 89.33214 57.8778 8.0
32.0 23.0 23.0 173.39586 43.66386 76.17812 340.0
32.0 23.0 32.0 156.63105 89.33214 57.8778 340.0
32.0 25.0 25.0 182.69801 64.91396 100.93628 68.0
32.0 25.0 32.0 156.63105 89.33214 57.8778 68.0
32.0 30.0 30.0 88.88524 139.85796 63.06607 24.0
32.0 30.0 32.0 156.63105 89.33214 57.8778 24.0
32.0 31.0 31.0 121.54599 39.38176 35.90714 417.0
32.0 31.0 32.0 156.63105 89.33214 57.8778 417.0
32.0 32.0 32.0 156.63105 89.33214 57.8778 4806.0
32.0 32.0 32.0 156.63105 89.33214 57.8778 4806.0
32.0 34.0 34.0 127.26738 111.61388 129.45649 10.0
32.0 34.0 32.0 156.63105 89.33214 57.8778 10.0
32.0 35.0 35.0 147.0593 121.57022 95.48719 664.0
32.0 35.0 32.0 156.63105 89.33214 57.8778 664.0
32.0 43.0 43.0 102.38202 137.40721 99.84602 2.0
32.0 43.0 32.0 156.63105 89.33214 57.8778 2.0
32.0 46.0 46.0 114.85691 130.50137 52.95622 275.0
32.0 46.0 32.0 156.63105 89.33214 57.8778 275.0
32.0 47.0 47.0 164.05986 62.53505 126.29289 6.0
32.0 47.0 32.0 156.63105 89.33214 57.8778 6.0
33.0 0.0 0.0 55.16695 49.33452 142.19362 226.0
33.0 0.0 33.0 97.62627 49.82959 149.23306 226.0
33.0 3.0 3.0 83.1922 3.8199 87.83857 2.0
33.0 3.0 33.0 97.62627 49.82959 149.23306 2.0
33.0 4.0 4.0 72.28358 108.30844 139.82007 9.0
33.0 4.0 33.0 97.62627 49.82959 149.23306 9.0
33.0 16.0 16.0 37.11042 38.58354 124.3943 3.0
33.0 16.0 33.0 97.62627 49.82959 149.23306 3.0
33.0 17.0 17.0 122.96662 11.05939 94.72173 2.0
33.0 17.0 33.0 97.62627 49.82959 149.23306 2.0
33.0 18.0 18.0 159.41968 24.9693 93.49191 2.0
33.0 18.0 33.0 97.62627 49.82959 149.23306 2.0
33.0 22.0 22.0 25.24944 80.12869 119.64015 4.0
33.0 22.0 33.0 97.62627 49.82959 149.23306 4.0
33.0 24.0 24.0 107.46923 87.39396 149.10848 403.0
33.0 24.0 33.0 97.62627 49.82959 149.23306 403.0
33.0 26.0 26.0 131.69819 45.00324 139.20934 762.0
33.0 26.0 33.0 97.62627 49.82959 149.23306 762.0
33.0 28.0 28.0 83.25948 39.89224 143.52671 991.0
33.0 28.0 33.0 97.62627 49.82959 149.23306 991.0
33.0 29.0 29.0 122.5193 20.66842 121.46435 154.0
33.0 29.0 33.0 97.62627 49.82959 149.23306 154.0
33.0 33.0 33.0 97.62627 49.82959 149.23306 1460.0
33.0 33.0 33.0 97.62627 49.82959 149.23306 1460.0
33.0 34.0 34.0 127.26738 111.61388 129.45649 13.0
33.0 34.0 33.0 97.62627 49.82959 149.23306 13.0
33.0 36.0 36.0 51.12416 19.22982 119.22856 11.0
33.0 36.0 33.0 97.62627 49.82959 149.23306 11.0
33.0 37.0 37.0 79.803 11.05091 113.73663 78.0
33.0 37.0 33.0 97.62627 49.82959 149.23306 78.0
33.0 38.0 38.0 88.36161 68.22759 152.65559 928.0
33.0 38.0 33.0 97.62627 49.82959 149.23306 928.0
33.0 42.0 42.0 56.472 85.12384 144.92091 106.0
33.0 42.0 33.0 97.62627 49.82959 149.23306 106.0
33.0 44.0 44.0 70.64003 22.68621 131.37502 108.0
33.0 44.0 33.0 97.62627 49.82959 149.23306 108.0
33.0 47.0 47.0 164.05986 62.53505 126.29289 9.0
33.0 47.0 33.0 97.62627 49.82959 149.23306 9.0
34.0 4.0 4.0 72.28358 108.30844 139.82007 763.0
34.0 4.0 34.0 127.26738 111.61388 129.45649 763.0
34.0 9.0 9.0 78.3655 140.10094 102.35086 396.0
34.0 9.0 34.0 127.26738 111.61388 129.45649 396.0
34.0 12.0 12.0 179.81074 86.52 84.9431 77.0
34.0 12.0 34.0 127.26738 111.61388 129.45649 77.0
34.0 14.0 14.0 128.47813 115.90913 40.39466 2.0
34.0 14.0 34.0 127.26738 111.61388 129.45649 2.0
34.0 24.0 24.0 107.46923 87.39396 149.10848 1806.0
34.0 24.0 34.0 127.26738 111.61388 129.45649 1806.0
34.0 25.0 25.0 182.69801 64.91396 100.93628 27.0
34.0 25.0 34.0 127.26738 111.61388 129.45649 27.0
34.0 26.0 26.0 131.69819 45.00324 139.20934 283.0
34.0 26.0 34.0 127.26738 111.61388 129.45649 283.0
34.0 29.0 29.0 122.5193 20.66842 121.46435 1.0
34.0 29.0 34.0 127.26738 111.61388 129.45649 1.0
34.0 30.0 30.0 88.88524 139.85796 63.06607 96.0
34.0 30.0 34.0 127.26738 111.61388 129.45649 96.0
34.0 32.0 32.0 156.63105 89.33214 57.8778 6.0
34.0 32.0 34.0 127.26738 111.61388 129.45649 6.0
34.0 33.0 33.0 97.62627 49.82959 149.23306 14.0
34.0 33.0 34.0 127.26738 111.61388 129.45649 14.0
34.0 34.0 34.0 127.26738 111.61388 129.45649 10126.0
34.0 34.0 34.0 127.26738 111.61388 129.45649 10126.0
34.0 35.0 35.0 147.0593 121.57022 95.48719 1823.0
34.0 35.0 34.0 127.26738 111.61388 129.45649 1823.0
34.0 38.0 38.0 88.36161 68.22759 152.65559 50.0
34.0 38.0 34.0 127.26738 111.61388 129.45649 50.0
34.0 41.0 41.0 59.65107 125.6342 122.73146 376.0
34.0 41.0 34.0 127.26738 111.61388 129.45649 376.0
34.0 42.0 42.0 56.472 85.12384 144.92091 15.0
34.0 42.0 34.0 127.26738 111.61388 129.45649 15.0
34.0 43.0 43.0 102.38202 137.40721 99.84602 1147.0
34.0 43.0 34.0 127.26738 111.61388 129.45649 1147.0
34.0 46.0 46.0 114.85691 130.50137 52.95622 18.0
34.0 46.0 34.0 127.26738 111.61388 129.45649 18.0
34.0 47.0 47.0 164.05986 62.53505 126.29289 790.0
34.0 47.0 34.0 127.26738 111.61388 129.45649 790.0
35.0 4.0 4.0 72.28358 108.30844 139.82007 2.0
35.0 4.0 35.0 147.0593 121.57022 95.48719 2.0
35.0 8.0 8.0 108.72194 84.92439 39.03608 8.0
35.0 8.0 35.0 147.0593 121.57022 95.48719 8.0
35.0 9.0 9.0 78.3655 140.10094 102.35086 39.0
35.0 9.0 35.0 147.0593 121.57022 95.48719 39.0
35.0 12.0 12.0 179.81074 86.52 84.9431 837.0
35.0 12.0 35.0 147.0593 121.57022 95.48719 837.0
35.0 14.0 14.0 128.47813 115.90913 40.39466 293.0
35.0 14.0 35.0 147.0593 121.57022 95.48719 293.0
35.0 15.0 15.0 144.66274 26.31712 64.3897 1.0
35.0 15.0 35.0 147.0593 121.57022 95.48719 1.0
35.0 23.0 23.0 173.39586 43.66386 76.17812 2.0
35.0 23.0 35.0 147.0593 121.57022 95.48719 2.0
35.0 24.0 24.0 107.46923 87.39396 149.10848 13.0
35.0 24.0 35.0 147.0593 121.57022 95.48719 13.0
35.0 25.0 25.0 182.69801 64.91396 100.93628 78.0
35.0 25.0 35.0 147.0593 121.57022 95.48719 78.0
35.0 26.0 26.0 131.69819 45.00324 139.20934 4.0
35.0 26.0 35.0 147.0593 121.57022 95.48719 4.0
35.0 28.0 28.0 83.25948 39.89224 143.52671 1.0
35.0 28.0 35.0 147.0593 121.57022 95.48719 1.0
35.0 30.0 30.0 88.88524 139.85796 63.06607 595.0
35.0 30.0 35.0 147.0593 121.57022 95.48719 595.0
35.0 32.0 32.0 156.63105 89.33214 57.8778 640.0
35.0 32.0 35.0 147.0593 121.57022 95.48719 640.0
35.0 34.0 34.0 127.26738 111.61388 129.45649 1865.0
35.0 34.0 35.0 147.0593 121.57022 95.48719 1865.0
35.0 35.0 35.0 147.0593 121.57022 95.48719 6634.0
35.0 35.0 35.0 147.0593 121.57022 95.48719 6634.0
35.0 41.0 41.0 59.65107 125.6342 122.73146 2.0
35.0 41.0 35.0 147.0593 121.57022 95.48719 2.0
35.0 43.0 43.0 102.38202 137.40721 99.84602 741.0
35.0 43.0 35.0 147.0593 121.57022 95.48719 741.0
35.0 46.0 46.0 114.85691 130.50137 52.95622 814.0
35.0 46.0 35.0 147.0593 121.57022 95.48719 814.0
35.0 47.0 47.0 164.05986 62.53505 126.29289 263.0
35.0 47.0 35.0 147.0593 121.57022 95.48719 263.0
36.0 0.0 0.0 55.16695 49.33452 142.19362 303.0
36.0 0.0 36.0 51.12416 19.22982 119.22856 303.0
36.0 2.0 2.0 27.8529 24.94075 88.37863 375.0
36.0 2.0 36.0 51.12416 19.22982 119.22856 375.0
36.0 3.0 3.0 83.1922 3.8199 87.83857 143.0
36.0 3.0 36.0 51.12416 19.22982 119.22856 143.0
36.0 10.0 10.0 97.53407 4.02915 61.31952 1.0
36.0 10.0 36.0 51.12416 19.22982 119.22856 1.0
36.0 11.0 11.0 48.32434 14.22213 56.55928 73.0
36.0 11.0 36.0 51.12416 19.22982 119.22856 73.0
36.0 13.0 13.0 21.92467 31.02842 56.30212 4.0
36.0 13.0 36.0 51.12416 19.22982 119.22856 4.0
36.0 16.0 16.0 37.11042 38.58354 124.3943 674.0
36.0 16.0 36.0 51.12416 19.22982 119.22856 674.0
36.0 19.0 19.0 66.75574 15.17284 46.16739 2.0
36.0 19.0 36.0 51.12416 19.22982 119.22856 2.0
36.0 22.0 22.0 25.24944 80.12869 119.64015 14.0
36.0 22.0 36.0 51.12416 19.22982 119.22856 14.0
36.0 27.0 27.0 18.72394 45.57275 103.94139 84.0
36.0 27.0 36.0 51.12416 19.22982 119.22856 84.0
36.0 28.0 28.0 83.25948 39.89224 143.52671 96.0
36.0 28.0 36.0 51.12416 19.22982 119.22856 96.0
36.0 29.0 29.0 122.5193 20.66842 121.46435 5.0
36.0 29.0 36.0 51.12416 19.22982 119.22856 5.0
36.0 33.0 33.0 97.62627 49.82959 149.23306 5.0
36.0 33.0 36.0 51.12416 19.22982 119.22856 5.0
36.0 36.0 36.0 51.12416 19.22982 119.22856 800.0
36.0 36.0 36.0 51.12416 19.22982 119.22856 800.0
36.0 37.0 37.0 79.803 11.05091 113.73663 637.0
36.0 37.0 36.0 51.12416 19.22982 119.22856 637.0
36.0 38.0 38.0 88.36161 68.22759 152.65559 4.0
36.0 38.0 36.0 51.12416 19.22982 119.22856 4.0
36.0 42.0 42.0 56.472 85.12384 144.92091 6.0
36.0 42.0 36.0 51.12416 19.22982 119.22856 6.0
36.0 44.0 44.0 70.64003 22.68621 131.37502 453.0
36.0 44.0 36.0 51.12416 19.22982 119.22856 453.0
37.0 0.0 0.0 55.16695 49.33452 142.19362 88.0
37.0 0.0 37.0 79.803 11.05091 113.73663 88.0
37.0 2.0 2.0 27.8529 24.94075 88.37863 318.0
37.0 2.0 37.0 79.803 11.05091 113.73663 318.0
37.0 3.0 3.0 83.1922 3.8199 87.83857 1775.0
37.0 3.0 37.0 79.803 11.05091 113.73663 1775.0
37.0 7.0 7.0 121.79216 13.47308 56.88939 14.0
37.0 7.0 37.0 79.803 11.05091 113.73663 14.0
37.0 10.0 10.0 97.53407 4.02915 61.31952 63.0
37.0 10.0 37.0 79.803 11.05091 113.73663 63.0
37.0 11.0 11.0 48.32434 14.22213 56.55928 213.0
37.0 11.0 37.0 79.803 11.05091 113.73663 213.0
37.0 13.0 13.0 21.92467 31.02842 56.30212 3.0
37.0 13.0 37.0 79.803 11.05091 113.73663 3.0
37.0 15.0 15.0 144.66274 26.31712 64.3897 3.0
37.0 15.0 37.0 79.803 11.05091 113.73663 3.0
37.0 16.0 16.0 37.11042 38.58354 124.3943 179.0
37.0 16.0 37.0 79.803 11.05091 113.73663 179.0
37.0 17.0 17.0 122.96662 11.05939 94.72173 397.0
37.0 17.0 37.0 79.803 11.05091 113.73663 397.0
37.0 18.0 18.0 159.41968 24.9693 93.49191 2.0
37.0 18.0 37.0 79.803 11.05091 113.73663 2.0
37.0 19.0 19.0 66.75574 15.17284 46.16739 31.0
37.0 19.0 37.0 79.803 11.05091 113.73663 31.0
37.0 26.0 26.0 131.69819 45.00324 139.20934 146.0
37.0 26.0 37.0 79.803 11.05091 113.73663 146.0
37.0 27.0 27.0 18.72394 45.57275 103.94139 27.0
37.0 27.0 37.0 79.803 11.05091 113.73663 27.0
37.0 28.0 28.0 83.25948 39.89224 143.52671 512.0
37.0 28.0 37.0 79.803 11.05091 113.73663 512.0
37.0 29.0 29.0 122.5193 20.66842 121.46435 747.0
37.0 29.0 37.0 79.803 11.05091 113.73663 747.0
37.0 33.0 33.0 97.62627 49.82959 149.23306 85.0
37.0 33.0 37.0 79.803 11.05091 113.73663 85.0
37.0 36.0 36.0 51.12416 19.22982 119.22856 604.0
37.0 36.0 37.0 79.803 11.05091 113.73663 604.0
37.0 37.0 37.0 79.803 11.05091 113.73663 4483.0
37.0 37.0 37.0 79.803 11.05091 113.73663 4483.0
37.0 38.0 38.0 88.36161 68.22759 152.65559 6.0
37.0 38.0 37.0 79.803 11.05091 113.73663 6.0
37.0 40.0 40.0 83.32126 23.5525 42.28909 6.0
37.0 40.0 37.0 79.803 11.05091 113.73663 6.0
37.0 42.0 42.0 56.472 85.12384 144.92091 1.0
37.0 42.0 37.0 79.803 11.05091 113.73663 1.0
37.0 44.0 44.0 70.64003 22.68621 131.37502 956.0
37.0 44.0 37.0 79.803 11.05091 113.73663 956.0
37.0 47.0 47.0 164.05986 62.53505 126.29289 1.0
37.0 47.0 37.0 79.803 11.05091 113.73663 1.0
38.0 0.0 0.0 55.16695 49.33452 142.19362 333.0
38.0 0.0 38.0 88.36161 68.22759 152.65559 333.0
38.0 4.0 4.0 72.28358 108.30844 139.82007 235.0
38.0 4.0 38.0 88.36161 68.22759 152.65559 235.0
38.0 16.0 16.0 37.11042 38.58354 124.3943 20.0
38.0 16.0 38.0 88.36161 68.22759 152.65559 20.0
38.0 22.0 22.0 25.24944 80.12869 119.64015 39.0
38.0 22.0 38.0 88.36161 68.22759 152.65559 39.0
38.0 24.0 24.0 107.46923 87.39396 149.10848 1276.0
38.0 24.0 38.0 88.36161 68.22759 152.65559 1276.0
38.0 26.0 26.0 131.69819 45.00324 139.20934 281.0
38.0 26.0 38.0 88.36161 68.22759 152.65559 281.0
38.0 28.0 28.0 83.25948 39.89224 143.52671 496.0
38.0 28.0 38.0 88.36161 68.22759 152.65559 496.0
38.0 29.0 29.0 122.5193 20.66842 121.46435 14.0
38.0 29.0 38.0 88.36161 68.22759 152.65559 14.0
38.0 33.0 33.0 97.62627 49.82959 149.23306 842.0
38.0 33.0 38.0 88.36161 68.22759 152.65559 842.0
38.0 34.0 34.0 127.26738 111.61388 129.45649 47.0
38.0 34.0 38.0 88.36161 68.22759 152.65559 47.0
38.0 36.0 36.0 51.12416 19.22982 119.22856 4.0
38.0 36.0 38.0 88.36161 68.22759 152.65559 4.0
38.0 37.0 37.0 79.803 11.05091 113.73663 7.0
38.0 37.0 38.0 88.36161 68.22759 152.65559 7.0
38.0 38.0 38.0 88.36161 68.22759 152.65559 1786.0
38.0 38.0 38.0 88.36161 68.22759 152.65559 1786.0
38.0 41.0 41.0 59.65107 125.6342 122.73146 8.0
38.0 41.0 38.0 88.36161 68.22759 152.65559 8.0
38.0 42.0 42.0 56.472 85.12384 144.92091 813.0
38.0 42.0 38.0 88.36161 68.22759 152.65559 813.0
38.0 44.0 44.0 70.64003 22.68621 131.37502 21.0
38.0 44.0 38.0 88.36161 68.22759 152.65559 21.0
38.0 47.0 47.0 164.05986 62.53505 126.29289 13.0
38.0 47.0 38.0 88.36161 68.22759 152.65559 13.0
39.0 1.0 1.0 66.58263 89.68233 7.81952 245.0
39.0 1.0 39.0 22.00726 50.10635 32.6136 245.0
39.0 2.0 2.0 27.8529 24.94075 88.37863 126.0
39.0 2.0 39.0 22.00726 50.10635 32.6136 126.0
39.0 5.0 5.0 36.58467 130.30178 82.2076 5.0
39.0 5.0 39.0 22.00726 50.10635 32.6136 5.0
39.0 6.0 6.0 5.46104 85.07987 74.4083 1012.0
39.0 6.0 39.0 22.00726 50.10635 32.6136 1012.0
39.0 8.0 8.0 108.72194 84.92439 39.03608 1.0
39.0 8.0 39.0 22.00726 50.10635 32.6136 1.0
39.0 11.0 11.0 48.32434 14.22213 56.55928 654.0
39.0 11.0 39.0 22.00726 50.10635 32.6136 654.0
39.0 13.0 13.0 21.92467 31.02842 56.30212 1139.0
39.0 13.0 39.0 22.00726 50.10635 32.6136 1139.0
39.0 19.0 19.0 66.75574 15.17284 46.16739 169.0
39.0 19.0 39.0 22.00726 50.10635 32.6136 169.0
39.0 20.0 20.0 85.59052 53.79593 22.8028 441.0
39.0 20.0 39.0 22.00726 50.10635 32.6136 441.0
39.0 21.0 21.0 27.8683 77.89616 19.70315 1397.0
39.0 21.0 39.0 22.00726 50.10635 32.6136 1397.0
39.0 22.0 22.0 25.24944 80.12869 119.64015 6.0
39.0 22.0 39.0 22.00726 50.10635 32.6136 6.0
39.0 27.0 27.0 18.72394 45.57275 103.94139 26.0
39.0 27.0 39.0 22.00726 50.10635 32.6136 26.0
39.0 31.0 31.0 121.54599 39.38176 35.90714 3.0
39.0 31.0 39.0 22.00726 50.10635 32.6136 3.0
39.0 39.0 39.0 22.00726 50.10635 32.6136 5438.0
39.0 39.0 39.0 22.00726 50.10635 32.6136 5438.0
39.0 40.0 40.0 83.32126 23.5525 42.28909 50.0
39.0 40.0 39.0 22.00726 50.10635 32.6136 50.0
39.0 45.0 45.0 35.16076 116.33044 28.42006 94.0
39.0 45.0 39.0 22.00726 50.10635 32.6136 94.0
40.0 1.0 1.0 66.58263 89.68233 7.81952 16.0
40.0 1.0 40.0 83.32126 23.5525 42.28909 16.0
40.0 3.0 3.0 83.1922 3.8199 87.83857 130.0
40.0 3.0 40.0 83.32126 23.5525 42.28909 130.0
40.0 7.0 7.0 121.79216 13.47308 56.88939 238.0
40.0 7.0 40.0 83.32126 23.5525 42.28909 238.0
40.0 8.0 8.0 108.72194 84.92439 39.03608 38.0
40.0 8.0 40.0 83.32126 23.5525 42.28909 38.0
40.0 10.0 10.0 97.53407 4.02915 61.31952 891.0
40.0 10.0 40.0 83.32126 23.5525 42.28909 891.0
40.0 11.0 11.0 48.32434 14.22213 56.55928 406.0
40.0 11.0 40.0 83.32126 23.5525 42.28909 406.0
40.0 13.0 13.0 21.92467 31.02842 56.30212 6.0
40.0 13.0 40.0 83.32126 23.5525 42.28909 6.0
40.0 15.0 15.0 144.66274 26.31712 64.3897 7.0
40.0 15.0 40.0 83.32126 23.5525 42.28909 7.0
40.0 17.0 17.0 122.96662 11.05939 94.72173 3.0
40.0 17.0 40.0 83.32126 23.5525 42.28909 3.0
40.0 19.0 19.0 66.75574 15.17284 46.16739 907.0
40.0 19.0 40.0 83.32126 23.5525 42.28909 907.0
40.0 20.0 20.0 85.59052 53.79593 22.8028 1286.0
40.0 20.0 40.0 83.32126 23.5525 42.28909 1286.0
40.0 21.0 21.0 27.8683 77.89616 19.70315 3.0
40.0 21.0 40.0 83.32126 23.5525 42.28909 3.0
40.0 31.0 31.0 121.54599 39.38176 35.90714 765.0
40.0 31.0 40.0 83.32126 23.5525 42.28909 765.0
40.0 37.0 37.0 79.803 11.05091 113.73663 1.0
40.0 37.0 40.0 83.32126 23.5525 42.28909 1.0
40.0 39.0 39.0 22.00726 50.10635 32.6136 37.0
40.0 39.0 40.0 83.32126 23.5525 42.28909 37.0
40.0 40.0 40.0 83.32126 23.5525 42.28909 2620.0
40.0 40.0 40.0 83.32126 23.5525 42.28909 2620.0
41.0 0.0 0.0 55.16695 49.33452 142.19362 2.0
41.0 0.0 41.0 59.65107 125.6342 122.73146 2.0
41.0 4.0 4.0 72.28358 108.30844 139.82007 1979.0
41.0 4.0 41.0 59.65107 125.6342 122.73146 1979.0
41.0 5.0 5.0 36.58467 130.30178 82.2076 1642.0
41.0 5.0 41.0 59.65107 125.6342 122.73146 1642.0
41.0 6.0 6.0 5.46104 85.07987 74.4083 23.0
41.0 6.0 41.0 59.65107 125.6342 122.73146 23.0
41.0 9.0 9.0 78.3655 140.10094 102.35086 1445.0
41.0 9.0 41.0 59.65107 125.6342 122.73146 1445.0
41.0 13.0 13.0 21.92467 31.02842 56.30212 1.0
41.0 13.0 41.0 59.65107 125.6342 122.73146 1.0
41.0 16.0 16.0 37.11042 38.58354 124.3943 1.0
41.0 16.0 41.0 59.65107 125.6342 122.73146 1.0
41.0 22.0 22.0 25.24944 80.12869 119.64015 540.0
41.0 22.0 41.0 59.65107 125.6342 122.73146 540.0
41.0 24.0 24.0 107.46923 87.39396 149.10848 93.0
41.0 24.0 41.0 59.65107 125.6342 122.73146 93.0
41.0 27.0 27.0 18.72394 45.57275 103.94139 1.0
41.0 27.0 41.0 59.65107 125.6342 122.73146 1.0
41.0 28.0 28.0 83.25948 39.89224 143.52671 1.0
41.0 28.0 41.0 59.65107 125.6342 122.73146 1.0
41.0 30.0 30.0 88.88524 139.85796 63.06607 33.0
41.0 30.0 41.0 59.65107 125.6342 122.73146 33.0
41.0 33.0 33.0 97.62627 49.82959 149.23306 1.0
41.0 33.0 41.0 59.65107 125.6342 122.73146 1.0
41.0 34.0 34.0 127.26738 111.61388 129.45649 352.0
41.0 34.0 41.0 59.65107 125.6342 122.73146 352.0
41.0 35.0 35.0 147.0593 121.57022 95.48719 2.0
41.0 35.0 41.0 59.65107 125.6342 122.73146 2.0
41.0 38.0 38.0 88.36161 68.22759 152.65559 5.0
41.0 38.0 41.0 59.65107 125.6342 122.73146 5.0
41.0 41.0 41.0 59.65107 125.6342 122.73146 5638.0
41.0 41.0 41.0 59.65107 125.6342 122.73146 5638.0
41.0 42.0 42.0 56.472 85.12384 144.92091 383.0
41.0 42.0 41.0 59.65107 125.6342 122.73146 383.0
41.0 43.0 43.0 102.38202 137.40721 99.84602 295.0
41.0 43.0 41.0 59.65107 125.6342 122.73146 295.0
42.0 0.0 0.0 55.16695 49.33452 142.19362 696.0
42.0 0.0 42.0 56.472 85.12384 144.92091 696.0
42.0 4.0 4.0 72.28358 108.30844 139.82007 1584.0
42.0 4.0 42.0 56.472 85.12384 144.92091 1584.0
42.0 5.0 5.0 36.58467 130.30178 82.2076 42.0
42.0 5.0 42.0 56.472 85.12384 144.92091 42.0
42.0 6.0 6.0 5.46104 85.07987 74.4083 1.0
42.0 6.0 42.0 56.472 85.12384 144.92091 1.0
42.0 9.0 9.0 78.3655 140.10094 102.35086 5.0
42.0 9.0 42.0 56.472 85.12384 144.92091 5.0
42.0 16.0 16.0 37.11042 38.58354 124.3943 135.0
42.0 16.0 42.0 56.472 85.12384 144.92091 135.0
42.0 22.0 22.0 25.24944 80.12869 119.64015 1143.0
42.0 22.0 42.0 56.472 85.12384 144.92091 1143.0
42.0 24.0 24.0 107.46923 87.39396 149.10848 413.0
42.0 24.0 42.0 56.472 85.12384 144.92091 413.0
42.0 26.0 26.0 131.69819 45.00324 139.20934 1.0
42.0 26.0 42.0 56.472 85.12384 144.92091 1.0
42.0 27.0 27.0 18.72394 45.57275 103.94139 5.0
42.0 27.0 42.0 56.472 85.12384 144.92091 5.0
42.0 28.0 28.0 83.25948 39.89224 143.52671 203.0
42.0 28.0 42.0 56.472 85.12384 144.92091 203.0
42.0 33.0 33.0 97.62627 49.82959 149.23306 81.0
42.0 33.0 42.0 56.472 85.12384 144.92091 81.0
42.0 34.0 34.0 127.26738 111.61388 129.45649 13.0
42.0 34.0 42.0 56.472 85.12384 144.92091 13.0
42.0 36.0 36.0 51.12416 19.22982 119.22856 7.0
42.0 36.0 42.0 56.472 85.12384 144.92091 7.0
42.0 37.0 37.0 79.803 11.05091 113.73663 1.0
42.0 37.0 42.0 56.472 85.12384 144.92091 1.0
42.0 38.0 38.0 88.36161 68.22759 152.65559 738.0
42.0 38.0 42.0 56.472 85.12384 144.92091 738.0
42.0 41.0 41.0 59.65107 125.6342 122.73146 367.0
42.0 41.0 42.0 56.472 85.12384 144.92091 367.0
42.0 42.0 42.0 56.472 85.12384 144.92091 3665.0
42.0 42.0 42.0 56.472 85.12384 144.92091 3665.0
42.0 44.0 44.0 70.64003 22.68621 131.37502 6.0
42.0 44.0 42.0 56.472 85.12384 144.92091 6.0
43.0 4.0 4.0 72.28358 108.30844 139.82007 84.0
43.0 4.0 43.0 102.38202 137.40721 99.84602 84.0
43.0 5.0 5.0 36.58467 130.30178 82.2076 78.0
43.0 5.0 43.0 102.38202 137.40721 99.84602 78.0
43.0 8.0 8.0 108.72194 84.92439 39.03608 2.0
43.0 8.0 43.0 102.38202 137.40721 99.84602 2.0
43.0 9.0 9.0 78.3655 140.10094 102.35086 1372.0
43.0 9.0 43.0 102.38202 137.40721 99.84602 1372.0
43.0 14.0 14.0 128.47813 115.90913 40.39466 6.0
43.0 14.0 43.0 102.38202 137.40721 99.84602 6.0
43.0 24.0 24.0 107.46923 87.39396 149.10848 7.0
43.0 24.0 43.0 102.38202 137.40721 99.84602 7.0
43.0 30.0 30.0 88.88524 139.85796 63.06607 1392.0
43.0 30.0 43.0 102.38202 137.40721 99.84602 1392.0
43.0 34.0 34.0 127.26738 111.61388 129.45649 1044.0
43.0 34.0 43.0 102.38202 137.40721 99.84602 1044.0
43.0 35.0 35.0 147.0593 121.57022 95.48719 683.0
43.0 35.0 43.0 102.38202 137.40721 99.84602 683.0
43.0 37.0 37.0 79.803 11.05091 113.73663 1.0
43.0 37.0 43.0 102.38202 137.40721 99.84602 1.0
43.0 41.0 41.0 59.65107 125.6342 122.73146 283.0
43.0 41.0 43.0 102.38202 137.40721 99.84602 283.0
43.0 42.0 42.0 56.472 85.12384 144.92091 1.0
43.0 42.0 43.0 102.38202 137.40721 99.84602 1.0
43.0 43.0 43.0 102.38202 137.40721 99.84602 2926.0
43.0 43.0 43.0 102.38202 137.40721 99.84602 2926.0
43.0 46.0 46.0 114.85691 130.50137 52.95622 137.0
43.0 46.0 43.0 102.38202 137.40721 99.84602 137.0
44.0 0.0 0.0 55.16695 49.33452 142.19362 414.0
44.0 0.0 44.0 70.64003 22.68621 131.37502 414.0
44.0 2.0 2.0 27.8529 24.94075 88.37863 47.0
44.0 2.0 44.0 70.64003 22.68621 131.37502 47.0
44.0 3.0 3.0 83.1922 3.8199 87.83857 67.0
44.0 3.0 44.0 70.64003 22.68621 131.37502 67.0
44.0 4.0 4.0 72.28358 108.30844 139.82007 1.0
44.0 4.0 44.0 70.64003 22.68621 131.37502 1.0
44.0 10.0 10.0 97.53407 4.02915 61.31952 1.0
44.0 10.0 44.0 70.64003 22.68621 131.37502 1.0
44.0 11.0 11.0 48.32434 14.22213 56.55928 7.0
44.0 11.0 44.0 70.64003 22.68621 131.37502 7.0
44.0 16.0 16.0 37.11042 38.58354 124.3943 194.0
44.0 16.0 44.0 70.64003 22.68621 131.37502 194.0
44.0 17.0 17.0 122.96662 11.05939 94.72173 11.0
44.0 17.0 44.0 70.64003 22.68621 131.37502 11.0
44.0 22.0 22.0 25.24944 80.12869 119.64015 1.0
44.0 22.0 44.0 70.64003 22.68621 131.37502 1.0
44.0 26.0 26.0 131.69819 45.00324 139.20934 22.0
44.0 26.0 44.0 70.64003 22.68621 131.37502 22.0
44.0 27.0 27.0 18.72394 45.57275 103.94139 4.0
44.0 27.0 44.0 70.64003 22.68621 131.37502 4.0
44.0 28.0 28.0 83.25948 39.89224 143.52671 596.0
44.0 28.0 44.0 70.64003 22.68621 131.37502 596.0
44.0 29.0 29.0 122.5193 20.66842 121.46435 70.0
44.0 29.0 44.0 70.64003 22.68621 131.37502 70.0
44.0 33.0 33.0 97.62627 49.82959 149.23306 110.0
44.0 33.0 44.0 70.64003 22.68621 131.37502 110.0
44.0 36.0 36.0 51.12416 19.22982 119.22856 441.0
44.0 36.0 44.0 70.64003 22.68621 131.37502 441.0
44.0 37.0 37.0 79.803 11.05091 113.73663 985.0
44.0 37.0 44.0 70.64003 22.68621 131.37502 985.0
44.0 38.0 38.0 88.36161 68.22759 152.65559 17.0
44.0 38.0 44.0 70.64003 22.68621 131.37502 17.0
44.0 42.0 42.0 56.472 85.12384 144.92091 7.0
44.0 42.0 44.0 70.64003 22.68621 131.37502 7.0
44.0 44.0 44.0 70.64003 22.68621 131.37502 1000.0
44.0 44.0 44.0 70.64003 22.68621 131.37502 1000.0
45.0 1.0 1.0 66.58263 89.68233 7.81952 1467.0
45.0 1.0 45.0 35.16076 116.33044 28.42006 1467.0
45.0 5.0 5.0 36.58467 130.30178 82.2076 1498.0
45.0 5.0 45.0 35.16076 116.33044 28.42006 1498.0
45.0 6.0 6.0 5.46104 85.07987 74.4083 710.0
45.0 6.0 45.0 35.16076 116.33044 28.42006 710.0
45.0 8.0 8.0 108.72194 84.92439 39.03608 136.0
45.0 8.0 45.0 35.16076 116.33044 28.42006 136.0
45.0 9.0 9.0 78.3655 140.10094 102.35086 5.0
45.0 9.0 45.0 35.16076 116.33044 28.42006 5.0
45.0 14.0 14.0 128.47813 115.90913 40.39466 4.0
45.0 14.0 45.0 35.16076 116.33044 28.42006 4.0
45.0 20.0 20.0 85.59052 53.79593 22.8028 11.0
45.0 20.0 45.0 35.16076 116.33044 28.42006 11.0
45.0 21.0 21.0 27.8683 77.89616 19.70315 1185.0
45.0 21.0 45.0 35.16076 116.33044 28.42006 1185.0
45.0 22.0 22.0 25.24944 80.12869 119.64015 2.0
45.0 22.0 45.0 35.16076 116.33044 28.42006 2.0
45.0 30.0 30.0 88.88524 139.85796 63.06607 636.0
45.0 30.0 45.0 35.16076 116.33044 28.42006 636.0
45.0 39.0 39.0 22.00726 50.10635 32.6136 106.0
45.0 39.0 45.0 35.16076 116.33044 28.42006 106.0
45.0 43.0 43.0 102.38202 137.40721 99.84602 1.0
45.0 43.0 45.0 35.16076 116.33044 28.42006 1.0
45.0 45.0 45.0 35.16076 116.33044 28.42006 7469.0
45.0 45.0 45.0 35.16076 116.33044 28.42006 7469.0
45.0 46.0 46.0 114.85691 130.50137 52.95622 55.0
45.0 46.0 45.0 35.16076 116.33044 28.42006 55.0
46.0 1.0 1.0 66.58263 89.68233 7.81952 110.0
46.0 1.0 46.0 114.85691 130.50137 52.95622 110.0
46.0 5.0 5.0 36.58467 130.30178 82.2076 13.0
46.0 5.0 46.0 114.85691 130.50137 52.95622 13.0
46.0 8.0 8.0 108.72194 84.92439 39.03608 747.0
46.0 8.0 46.0 114.85691 130.50137 52.95622 747.0
46.0 9.0 9.0 78.3655 140.10094 102.35086 14.0
46.0 9.0 46.0 114.85691 130.50137 52.95622 14.0
46.0 12.0 12.0 179.81074 86.52 84.9431 6.0
46.0 12.0 46.0 114.85691 130.50137 52.95622 6.0
46.0 14.0 14.0 128.47813 115.90913 40.39466 1834.0
46.0 14.0 46.0 114.85691 130.50137 52.95622 1834.0
46.0 20.0 20.0 85.59052 53.79593 22.8028 3.0
46.0 20.0 46.0 114.85691 130.50137 52.95622 3.0
46.0 30.0 30.0 88.88524 139.85796 63.06607 2407.0
46.0 30.0 46.0 114.85691 130.50137 52.95622 2407.0
46.0 32.0 32.0 156.63105 89.33214 57.8778 226.0
46.0 32.0 46.0 114.85691 130.50137 52.95622 226.0
46.0 34.0 34.0 127.26738 111.61388 129.45649 25.0
46.0 34.0 46.0 114.85691 130.50137 52.95622 25.0
46.0 35.0 35.0 147.0593 121.57022 95.48719 810.0
46.0 35.0 46.0 114.85691 130.50137 52.95622 810.0
46.0 43.0 43.0 102.38202 137.40721 99.84602 169.0
46.0 43.0 46.0 114.85691 130.50137 52.95622 169.0
46.0 45.0 45.0 35.16076 116.33044 28.42006 34.0
46.0 45.0 46.0 114.85691 130.50137 52.95622 34.0
46.0 46.0 46.0 114.85691 130.50137 52.95622 4143.0
46.0 46.0 46.0 114.85691 130.50137 52.95622 4143.0
47.0 12.0 12.0 179.81074 86.52 84.9431 317.0
47.0 12.0 47.0 164.05986 62.53505 126.29289 317.0
47.0 15.0 15.0 144.66274 26.31712 64.3897 26.0
47.0 15.0 47.0 164.05986 62.53505 126.29289 26.0
47.0 17.0 17.0 122.96662 11.05939 94.72173 44.0
47.0 17.0 47.0 164.05986 62.53505 126.29289 44.0
47.0 18.0 18.0 159.41968 24.9693 93.49191 434.0
47.0 18.0 47.0 164.05986 62.53505 126.29289 434.0
47.0 23.0 23.0 173.39586 43.66386 76.17812 241.0
47.0 23.0 47.0 164.05986 62.53505 126.29289 241.0
47.0 24.0 24.0 107.46923 87.39396 149.10848 229.0
47.0 24.0 47.0 164.05986 62.53505 126.29289 229.0
47.0 25.0 25.0 182.69801 64.91396 100.93628 775.0
47.0 25.0 47.0 164.05986 62.53505 126.29289 775.0
47.0 26.0 26.0 131.69819 45.00324 139.20934 1289.0
47.0 26.0 47.0 164.05986 62.53505 126.29289 1289.0
47.0 28.0 28.0 83.25948 39.89224 143.52671 2.0
47.0 28.0 47.0 164.05986 62.53505 126.29289 2.0
47.0 29.0 29.0 122.5193 20.66842 121.46435 193.0
47.0 29.0 47.0 164.05986 62.53505 126.29289 193.0
47.0 32.0 32.0 156.63105 89.33214 57.8778 11.0
47.0 32.0 47.0 164.05986 62.53505 126.29289 11.0
47.0 33.0 33.0 97.62627 49.82959 149.23306 17.0
47.0 33.0 47.0 164.05986 62.53505 126.29289 17.0
47.0 34.0 34.0 127.26738 111.61388 129.45649 903.0
47.0 34.0 47.0 164.05986 62.53505 126.29289 903.0
47.0 35.0 35.0 147.0593 121.57022 95.48719 304.0
47.0 35.0 47.0 164.05986 62.53505 126.29289 304.0
47.0 38.0 38.0 88.36161 68.22759 152.65559 5.0
47.0 38.0 47.0 164.05986 62.53505 126.29289 5.0
47.0 47.0 47.0 164.05986 62.53505 126.29289 4749.0
47.0 47.0 47.0 164.05986 62.53505 126.29289 4749.0
