TargetArea SourceArea Area AvgPosX AvgPosY AvgPosZ SumWeights
0.0 0.0 0.0 55.19837 49.34846 142.20668 2342.0
0.0 0.0 0.0 55.19837 49.34846 142.20668 2342.0
0.0 2.0 2.0 27.94368 24.86325 88.41272 11.0
0.0 2.0 0.0 55.19837 49.34846 142.20668 11.0
0.0 3.0 3.0 83.20929 3.82059 87.83458 2.0
0.0 3.0 0.0 55.19837 49.34846 142.20668 2.0
0.0 4.0 4.0 72.33593 108.2936 139.84285 31.0
0.0 4.0 0.0 55.19837 49.34846 142.20668 31.0
0.0 6.0 6.0 5.47229 85.12888 74.4019 2.0
0.0 6.0 0.0 55.19837 49.34846 142.20668 2.0
0.0 16.0 16.0 37.12319 38.56916 124.39592 867.0
0.0 16.0 0.0 55.19837 49.34846 142.20668 867.0
0.0 22.0 22.0 25.28945 80.15446 119.70076 459.0
0.0 22.0 0.0 55.19837 49.34846 142.20668 459.0
0.0 24.0 24.0 107.40943 87.47596 149.10022 27.0
0.0 24.0 0.0 55.19837 49.34846 142.20668 27.0
0.0 26.0 26.0 131.69995 45.01649 139.21961 4.0
0.0 26.0 0.0 55.19837 49.34846 142.20668 4.0
0.0 27.0 27.0 18.75642 45.55802 103.98157 52.0
0.0 27.0 0.0 55.19837 49.34846 142.20668 52.0
0.0 28.0 28.0 83.18336 39.94872 143.54892 838.0
0.0 28.0 0.0 55.19837 49.34846 142.20668 838.0
0.0 29.0 29.0 122.51746 20.663 121.45663 4.0
0.0 29.0 0.0 55.19837 49.34846 142.20668 4.0
0.0 33.0 33.0 97.63061 49.82787 149.22899 207.0
0.0 33.0 0.0 55.19837 49.34846 142.20668 207.0
0.0 36.0 36.0 51.14855 19.24764 119.27829 298.0
0.0 36.0 0.0 55.19837 49.34846 142.20668 298.0
0.0 37.0 37.0 79.70498 11.03333 113.69798 98.0
0.0 37.0 0.0 55.19837 49.34846 142.20668 98.0
0.0 38.0 38.0 88.26935 68.24773 152.65392 300.0
0.0 38.0 0.0 55.19837 49.34846 142.20668 300.0
0.0 41.0 41.0 59.70286 125.61806 122.76804 4.0
0.0 41.0 0.0 55.19837 49.34846 142.20668 4.0
0.0 42.0 42.0 56.49552 85.09772 144.93305 724.0
0.0 42.0 0.0 55.19837 49.34846 142.20668 724.0
0.0 44.0 44.0 70.66445 22.69661 131.38599 349.0
0.0 44.0 0.0 55.19837 49.34846 142.20668 349.0
1.0 1.0 1.0 66.63798 89.68058 7.8029 5934.0
1.0 1.0 1.0 66.63798 89.68058 7.8029 5934.0
1.0 5.0 5.0 36.65872 130.3294 82.26228 30.0
1.0 5.0 1.0 66.63798 89.68058 7.8029 30.0
1.0 8.0 8.0 108.73405 84.89896 39.04497 1300.0
1.0 8.0 1.0 66.63798 89.68058 7.8029 1300.0
1.0 11.0 11.0 48.37742 14.20101 56.54128 22.0
1.0 11.0 1.0 66.63798 89.68058 7.8029 22.0
1.0 13.0 13.0 21.94233 30.98826 56.33174 1.0
1.0 13.0 1.0 66.63798 89.68058 7.8029 1.0
1.0 14.0 14.0 128.5445 115.89309 40.42733 58.0
1.0 14.0 1.0 66.63798 89.68058 7.8029 58.0
1.0 19.0 19.0 66.75965 15.12495 46.24059 41.0
1.0 19.0 1.0 66.63798 89.68058 7.8029 41.0
1.0 20.0 20.0 85.62064 53.818 22.80756 1670.0
1.0 20.0 1.0 66.63798 89.68058 7.8029 1670.0
1.0 21.0 21.0 27.91989 77.91207 19.66544 862.0
1.0 21.0 1.0 66.63798 89.68058 7.8029 862.0
1.0 30.0 30.0 88.96928 139.86442 63.11435 269.0
1.0 30.0 1.0 66.63798 89.68058 7.8029 269.0
1.0 31.0 31.0 121.52149 39.3893 35.89721 16.0
1.0 31.0 1.0 66.63798 89.68058 7.8029 16.0
1.0 32.0 32.0 156.68543 89.36649 57.90696 1.0
1.0 32.0 1.0 66.63798 89.68058 7.8029 1.0
1.0 39.0 39.0 21.99045 50.11225 32.63107 226.0
1.0 39.0 1.0 66.63798 89.68058 7.8029 226.0
1.0 40.0 40.0 83.29693 23.59638 42.2947 23.0
1.0 40.0 1.0 66.63798 89.68058 7.8029 23.0
1.0 45.0 45.0 35.21283 116.36774 28.41603 1277.0
1.0 45.0 1.0 66.63798 89.68058 7.8029 1277.0
1.0 46.0 46.0 114.87453 130.51938 52.95781 135.0
1.0 46.0 1.0 66.63798 89.68058 7.8029 135.0
2.0 0.0 0.0 55.19837 49.34846 142.20668 18.0
2.0 0.0 2.0 27.94368 24.86325 88.41272 18.0
2.0 2.0 2.0 27.94368 24.86325 88.41272 3821.0
2.0 2.0 2.0 27.94368 24.86325 88.41272 3821.0
2.0 3.0 3.0 83.20929 3.82059 87.83458 259.0
2.0 3.0 2.0 27.94368 24.86325 88.41272 259.0
2.0 6.0 6.0 5.47229 85.12888 74.4019 306.0
2.0 6.0 2.0 27.94368 24.86325 88.41272 306.0
2.0 10.0 10.0 97.55313 4.03124 61.31862 2.0
2.0 10.0 2.0 27.94368 24.86325 88.41272 2.0
2.0 11.0 11.0 48.37742 14.20101 56.54128 927.0
2.0 11.0 2.0 27.94368 24.86325 88.41272 927.0
2.0 13.0 13.0 21.94233 30.98826 56.33174 776.0
2.0 13.0 2.0 27.94368 24.86325 88.41272 776.0
2.0 16.0 16.0 37.12319 38.56916 124.39592 587.0
2.0 16.0 2.0 27.94368 24.86325 88.41272 587.0
2.0 19.0 19.0 66.75965 15.12495 46.24059 27.0
2.0 19.0 2.0 27.94368 24.86325 88.41272 27.0
2.0 21.0 21.0 27.91989 77.91207 19.66544 1.0
2.0 21.0 2.0 27.94368 24.86325 88.41272 1.0
2.0 22.0 22.0 25.28945 80.15446 119.70076 115.0
2.0 22.0 2.0 27.94368 24.86325 88.41272 115.0
2.0 27.0 27.0 18.75642 45.55802 103.98157 1024.0
2.0 27.0 2.0 27.94368 24.86325 88.41272 1024.0
2.0 28.0 28.0 83.18336 39.94872 143.54892 2.0
2.0 28.0 2.0 27.94368 24.86325 88.41272 2.0
2.0 36.0 36.0 51.14855 19.24764 119.27829 382.0
2.0 36.0 2.0 27.94368 24.86325 88.41272 382.0
2.0 37.0 37.0 79.70498 11.03333 113.69798 338.0
2.0 37.0 2.0 27.94368 24.86325 88.41272 338.0
2.0 39.0 39.0 21.99045 50.11225 32.63107 126.0
2.0 39.0 2.0 27.94368 24.86325 88.41272 126.0
2.0 40.0 40.0 83.29693 23.59638 42.2947 6.0
2.0 40.0 2.0 27.94368 24.86325 88.41272 6.0
2.0 44.0 44.0 70.66445 22.69661 131.38599 35.0
2.0 44.0 2.0 27.94368 24.86325 88.41272 35.0
3.0 0.0 0.0 55.19837 49.34846 142.20668 2.0
3.0 0.0 3.0 83.20929 3.82059 87.83458 2.0
3.0 2.0 2.0 27.94368 24.86325 88.41272 219.0
3.0 2.0 3.0 83.20929 3.82059 87.83458 219.0
3.0 3.0 3.0 83.20929 3.82059 87.83458 4117.0
3.0 3.0 3.0 83.20929 3.82059 87.83458 4117.0
3.0 7.0 7.0 121.75496 13.45268 56.89133 178.0
3.0 7.0 3.0 83.20929 3.82059 87.83458 178.0
3.0 10.0 10.0 97.55313 4.03124 61.31862 1159.0
3.0 10.0 3.0 83.20929 3.82059 87.83458 1159.0
3.0 11.0 11.0 48.37742 14.20101 56.54128 692.0
3.0 11.0 3.0 83.20929 3.82059 87.83458 692.0
3.0 13.0 13.0 21.94233 30.98826 56.33174 9.0
3.0 13.0 3.0 83.20929 3.82059 87.83458 9.0
3.0 15.0 15.0 144.68694 26.34998 64.36045 38.0
3.0 15.0 3.0 83.20929 3.82059 87.83458 38.0
3.0 16.0 16.0 37.12319 38.56916 124.39592 21.0
3.0 16.0 3.0 83.20929 3.82059 87.83458 21.0
3.0 17.0 17.0 122.9491 11.04933 94.67304 846.0
3.0 17.0 3.0 83.20929 3.82059 87.83458 846.0
3.0 18.0 18.0 159.40873 24.97291 93.46973 3.0
3.0 18.0 3.0 83.20929 3.82059 87.83458 3.0
3.0 19.0 19.0 66.75965 15.12495 46.24059 364.0
3.0 19.0 3.0 83.20929 3.82059 87.83458 364.0
3.0 20.0 20.0 85.62064 53.818 22.80756 1.0
3.0 20.0 3.0 83.20929 3.82059 87.83458 1.0
3.0 26.0 26.0 131.69995 45.01649 139.21961 4.0
3.0 26.0 3.0 83.20929 3.82059 87.83458 4.0
3.0 27.0 27.0 18.75642 45.55802 103.98157 5.0
3.0 27.0 3.0 83.20929 3.82059 87.83458 5.0
3.0 28.0 28.0 83.18336 39.94872 143.54892 14.0
3.0 28.0 3.0 83.20929 3.82059 87.83458 14.0
3.0 29.0 29.0 122.51746 20.663 121.45663 156.0
3.0 29.0 3.0 83.20929 3.82059 87.83458 156.0
3.0 31.0 31.0 121.52149 39.3893 35.89721 5.0
3.0 31.0 3.0 83.20929 3.82059 87.83458 5.0
3.0 36.0 36.0 51.14855 19.24764 119.27829 137.0
3.0 36.0 3.0 83.20929 3.82059 87.83458 137.0
3.0 37.0 37.0 79.70498 11.03333 113.69798 1663.0
3.0 37.0 3.0 83.20929 3.82059 87.83458 1663.0
3.0 40.0 40.0 83.29693 23.59638 42.2947 143.0
3.0 40.0 3.0 83.20929 3.82059 87.83458 143.0
3.0 44.0 44.0 70.66445 22.69661 131.38599 47.0
3.0 44.0 3.0 83.20929 3.82059 87.83458 47.0
4.0 0.0 0.0 55.19837 49.34846 142.20668 26.0
4.0 0.0 4.0 72.33593 108.2936 139.84285 26.0
4.0 4.0 4.0 72.33593 108.2936 139.84285 4129.0
4.0 4.0 4.0 72.33593 108.2936 139.84285 4129.0
4.0 5.0 5.0 36.65872 130.3294 82.26228 86.0
4.0 5.0 4.0 72.33593 108.2936 139.84285 86.0
4.0 6.0 6.0 5.47229 85.12888 74.4019 3.0
4.0 6.0 4.0 72.33593 108.2936 139.84285 3.0
4.0 9.0 9.0 78.34041 140.11866 102.32892 218.0
4.0 9.0 4.0 72.33593 108.2936 139.84285 218.0
4.0 16.0 16.0 37.12319 38.56916 124.39592 2.0
4.0 16.0 4.0 72.33593 108.2936 139.84285 2.0
4.0 22.0 22.0 25.28945 80.15446 119.70076 332.0
4.0 22.0 4.0 72.33593 108.2936 139.84285 332.0
4.0 24.0 24.0 107.40943 87.47596 149.10022 1102.0
4.0 24.0 4.0 72.33593 108.2936 139.84285 1102.0
4.0 27.0 27.0 18.75642 45.55802 103.98157 1.0
4.0 27.0 4.0 72.33593 108.2936 139.84285 1.0
4.0 28.0 28.0 83.18336 39.94872 143.54892 7.0
4.0 28.0 4.0 72.33593 108.2936 139.84285 7.0
4.0 30.0 30.0 88.96928 139.86442 63.11435 2.0
4.0 30.0 4.0 72.33593 108.2936 139.84285 2.0
4.0 33.0 33.0 97.63061 49.82787 149.22899 7.0
4.0 33.0 4.0 72.33593 108.2936 139.84285 7.0
4.0 34.0 34.0 127.30642 111.60632 129.44947 594.0
4.0 34.0 4.0 72.33593 108.2936 139.84285 594.0
4.0 35.0 35.0 147.06258 121.57403 95.48477 4.0
4.0 35.0 4.0 72.33593 108.2936 139.84285 4.0
4.0 38.0 38.0 88.26935 68.24773 152.65392 197.0
4.0 38.0 4.0 72.33593 108.2936 139.84285 197.0
4.0 41.0 41.0 59.70286 125.61806 122.76804 1921.0
4.0 41.0 4.0 72.33593 108.2936 139.84285 1921.0
4.0 42.0 42.0 56.49552 85.09772 144.93305 1526.0
4.0 42.0 4.0 72.33593 108.2936 139.84285 1526.0
4.0 43.0 43.0 102.37837 137.40191 99.87735 87.0
4.0 43.0 4.0 72.33593 108.2936 139.84285 87.0
4.0 45.0 45.0 35.21283 116.36774 28.41603 1.0
4.0 45.0 4.0 72.33593 108.2936 139.84285 1.0
5.0 1.0 1.0 66.63798 89.68058 7.8029 28.0
5.0 1.0 5.0 36.65872 130.3294 82.26228 28.0
5.0 4.0 4.0 72.33593 108.2936 139.84285 116.0
5.0 4.0 5.0 36.65872 130.3294 82.26228 116.0
5.0 5.0 5.0 36.65872 130.3294 82.26228 12639.0
5.0 5.0 5.0 36.65872 130.3294 82.26228 12639.0
5.0 6.0 6.0 5.47229 85.12888 74.4019 1404.0
5.0 6.0 5.0 36.65872 130.3294 82.26228 1404.0
5.0 8.0 8.0 108.73405 84.89896 39.04497 15.0
5.0 8.0 5.0 36.65872 130.3294 82.26228 15.0
5.0 9.0 9.0 78.34041 140.11866 102.32892 1074.0
5.0 9.0 5.0 36.65872 130.3294 82.26228 1074.0
5.0 16.0 16.0 37.12319 38.56916 124.39592 2.0
5.0 16.0 5.0 36.65872 130.3294 82.26228 2.0
5.0 21.0 21.0 27.91989 77.91207 19.66544 21.0
5.0 21.0 5.0 36.65872 130.3294 82.26228 21.0
5.0 22.0 22.0 25.28945 80.15446 119.70076 879.0
5.0 22.0 5.0 36.65872 130.3294 82.26228 879.0
5.0 24.0 24.0 107.40943 87.47596 149.10022 1.0
5.0 24.0 5.0 36.65872 130.3294 82.26228 1.0
5.0 27.0 27.0 18.75642 45.55802 103.98157 1.0
5.0 27.0 5.0 36.65872 130.3294 82.26228 1.0
5.0 30.0 30.0 88.96928 139.86442 63.11435 1331.0
5.0 30.0 5.0 36.65872 130.3294 82.26228 1331.0
5.0 39.0 39.0 21.99045 50.11225 32.63107 2.0
5.0 39.0 5.0 36.65872 130.3294 82.26228 2.0
5.0 41.0 41.0 59.70286 125.61806 122.76804 1703.0
5.0 41.0 5.0 36.65872 130.3294 82.26228 1703.0
5.0 42.0 42.0 56.49552 85.09772 144.93305 57.0
5.0 42.0 5.0 36.65872 130.3294 82.26228 57.0
5.0 43.0 43.0 102.37837 137.40191 99.87735 110.0
5.0 43.0 5.0 36.65872 130.3294 82.26228 110.0
5.0 45.0 45.0 35.21283 116.36774 28.41603 1306.0
5.0 45.0 5.0 36.65872 130.3294 82.26228 1306.0
5.0 46.0 46.0 114.87453 130.51938 52.95781 19.0
5.0 46.0 5.0 36.65872 130.3294 82.26228 19.0
6.0 0.0 0.0 55.19837 49.34846 142.20668 1.0
6.0 0.0 6.0 5.47229 85.12888 74.4019 1.0
6.0 1.0 1.0 66.63798 89.68058 7.8029 2.0
6.0 1.0 6.0 5.47229 85.12888 74.4019 2.0
6.0 2.0 2.0 27.94368 24.86325 88.41272 344.0
6.0 2.0 6.0 5.47229 85.12888 74.4019 344.0
6.0 3.0 3.0 83.20929 3.82059 87.83458 1.0
6.0 3.0 6.0 5.47229 85.12888 74.4019 1.0
6.0 4.0 4.0 72.33593 108.2936 139.84285 3.0
6.0 4.0 6.0 5.47229 85.12888 74.4019 3.0
6.0 5.0 5.0 36.65872 130.3294 82.26228 1455.0
6.0 5.0 6.0 5.47229 85.12888 74.4019 1455.0
6.0 6.0 6.0 5.47229 85.12888 74.4019 8641.0
6.0 6.0 6.0 5.47229 85.12888 74.4019 8641.0
6.0 11.0 11.0 48.37742 14.20101 56.54128 6.0
6.0 11.0 6.0 5.47229 85.12888 74.4019 6.0
6.0 13.0 13.0 21.94233 30.98826 56.33174 281.0
6.0 13.0 6.0 5.47229 85.12888 74.4019 281.0
6.0 16.0 16.0 37.12319 38.56916 124.39592 20.0
6.0 16.0 6.0 5.47229 85.12888 74.4019 20.0
6.0 21.0 21.0 27.91989 77.91207 19.66544 473.0
6.0 21.0 6.0 5.47229 85.12888 74.4019 473.0
6.0 22.0 22.0 25.28945 80.15446 119.70076 1436.0
6.0 22.0 6.0 5.47229 85.12888 74.4019 1436.0
6.0 27.0 27.0 18.75642 45.55802 103.98157 572.0
6.0 27.0 6.0 5.47229 85.12888 74.4019 572.0
6.0 30.0 30.0 88.96928 139.86442 63.11435 5.0
6.0 30.0 6.0 5.47229 85.12888 74.4019 5.0
6.0 36.0 36.0 51.14855 19.24764 119.27829 1.0
6.0 36.0 6.0 5.47229 85.12888 74.4019 1.0
6.0 39.0 39.0 21.99045 50.11225 32.63107 930.0
6.0 39.0 6.0 5.47229 85.12888 74.4019 930.0
6.0 41.0 41.0 59.70286 125.61806 122.76804 43.0
6.0 41.0 6.0 5.47229 85.12888 74.4019 43.0
6.0 42.0 42.0 56.49552 85.09772 144.93305 7.0
6.0 42.0 6.0 5.47229 85.12888 74.4019 7.0
6.0 45.0 45.0 35.21283 116.36774 28.41603 688.0
6.0 45.0 6.0 5.47229 85.12888 74.4019 688.0
6.0 46.0 46.0 114.87453 130.51938 52.95781 1.0
6.0 46.0 6.0 5.47229 85.12888 74.4019 1.0
7.0 3.0 3.0 83.20929 3.82059 87.83458 207.0
7.0 3.0 7.0 121.75496 13.45268 56.89133 207.0
7.0 7.0 7.0 121.75496 13.45268 56.89133 2463.0
7.0 7.0 7.0 121.75496 13.45268 56.89133 2463.0
7.0 8.0 8.0 108.73405 84.89896 39.04497 22.0
7.0 8.0 7.0 121.75496 13.45268 56.89133 22.0
7.0 10.0 10.0 97.55313 4.03124 61.31862 1001.0
7.0 10.0 7.0 121.75496 13.45268 56.89133 1001.0
7.0 11.0 11.0 48.37742 14.20101 56.54128 4.0
7.0 11.0 7.0 121.75496 13.45268 56.89133 4.0
7.0 15.0 15.0 144.68694 26.34998 64.36045 1008.0
7.0 15.0 7.0 121.75496 13.45268 56.89133 1008.0
7.0 17.0 17.0 122.9491 11.04933 94.67304 598.0
7.0 17.0 7.0 121.75496 13.45268 56.89133 598.0
7.0 18.0 18.0 159.40873 24.97291 93.46973 38.0
7.0 18.0 7.0 121.75496 13.45268 56.89133 38.0
7.0 19.0 19.0 66.75965 15.12495 46.24059 24.0
7.0 19.0 7.0 121.75496 13.45268 56.89133 24.0
7.0 20.0 20.0 85.62064 53.818 22.80756 50.0
7.0 20.0 7.0 121.75496 13.45268 56.89133 50.0
7.0 23.0 23.0 173.39498 43.68642 76.10338 9.0
7.0 23.0 7.0 121.75496 13.45268 56.89133 9.0
7.0 29.0 29.0 122.51746 20.663 121.45663 19.0
7.0 29.0 7.0 121.75496 13.45268 56.89133 19.0
7.0 31.0 31.0 121.52149 39.3893 35.89721 1054.0
7.0 31.0 7.0 121.75496 13.45268 56.89133 1054.0
7.0 32.0 32.0 156.68543 89.36649 57.90696 4.0
7.0 32.0 7.0 121.75496 13.45268 56.89133 4.0
7.0 37.0 37.0 79.70498 11.03333 113.69798 12.0
7.0 37.0 7.0 121.75496 13.45268 56.89133 12.0
7.0 40.0 40.0 83.29693 23.59638 42.2947 239.0
7.0 40.0 7.0 121.75496 13.45268 56.89133 239.0
8.0 1.0 1.0 66.63798 89.68058 7.8029 1058.0
8.0 1.0 8.0 108.73405 84.89896 39.04497 1058.0
8.0 5.0 5.0 36.65872 130.3294 82.26228 21.0
8.0 5.0 8.0 108.73405 84.89896 39.04497 21.0
8.0 7.0 7.0 121.75496 13.45268 56.89133 7.0
8.0 7.0 8.0 108.73405 84.89896 39.04497 7.0
8.0 8.0 8.0 108.73405 84.89896 39.04497 18033.0
8.0 8.0 8.0 108.73405 84.89896 39.04497 18033.0
8.0 9.0 9.0 78.34041 140.11866 102.32892 1.0
8.0 9.0 8.0 108.73405 84.89896 39.04497 1.0
8.0 12.0 12.0 179.8104 86.5493 84.83875 5.0
8.0 12.0 8.0 108.73405 84.89896 39.04497 5.0
8.0 14.0 14.0 128.5445 115.89309 40.42733 1810.0
8.0 14.0 8.0 108.73405 84.89896 39.04497 1810.0
8.0 15.0 15.0 144.68694 26.34998 64.36045 53.0
8.0 15.0 8.0 108.73405 84.89896 39.04497 53.0
8.0 19.0 19.0 66.75965 15.12495 46.24059 1.0
8.0 19.0 8.0 108.73405 84.89896 39.04497 1.0
8.0 20.0 20.0 85.62064 53.818 22.80756 2310.0
8.0 20.0 8.0 108.73405 84.89896 39.04497 2310.0
8.0 21.0 21.0 27.91989 77.91207 19.66544 3.0
8.0 21.0 8.0 108.73405 84.89896 39.04497 3.0
8.0 23.0 23.0 173.39498 43.68642 76.10338 11.0
8.0 23.0 8.0 108.73405 84.89896 39.04497 11.0
8.0 24.0 24.0 107.40943 87.47596 149.10022 1.0
8.0 24.0 8.0 108.73405 84.89896 39.04497 1.0
8.0 30.0 30.0 88.96928 139.86442 63.11435 404.0
8.0 30.0 8.0 108.73405 84.89896 39.04497 404.0
8.0 31.0 31.0 121.52149 39.3893 35.89721 1394.0
8.0 31.0 8.0 108.73405 84.89896 39.04497 1394.0
8.0 32.0 32.0 156.68543 89.36649 57.90696 981.0
8.0 32.0 8.0 108.73405 84.89896 39.04497 981.0
8.0 35.0 35.0 147.06258 121.57403 95.48477 4.0
8.0 35.0 8.0 108.73405 84.89896 39.04497 4.0
8.0 40.0 40.0 83.29693 23.59638 42.2947 44.0
8.0 40.0 8.0 108.73405 84.89896 39.04497 44.0
8.0 41.0 41.0 59.70286 125.61806 122.76804 1.0
8.0 41.0 8.0 108.73405 84.89896 39.04497 1.0
8.0 45.0 45.0 35.21283 116.36774 28.41603 107.0
8.0 45.0 8.0 108.73405 84.89896 39.04497 107.0
8.0 46.0 46.0 114.87453 130.51938 52.95781 707.0
8.0 46.0 8.0 108.73405 84.89896 39.04497 707.0
9.0 4.0 4.0 72.33593 108.2936 139.84285 254.0
9.0 4.0 9.0 78.34041 140.11866 102.32892 254.0
9.0 5.0 5.0 36.65872 130.3294 82.26228 979.0
9.0 5.0 9.0 78.34041 140.11866 102.32892 979.0
9.0 8.0 8.0 108.73405 84.89896 39.04497 1.0
9.0 8.0 9.0 78.34041 140.11866 102.32892 1.0
9.0 9.0 9.0 78.34041 140.11866 102.32892 2838.0
9.0 9.0 9.0 78.34041 140.11866 102.32892 2838.0
9.0 22.0 22.0 25.28945 80.15446 119.70076 2.0
9.0 22.0 9.0 78.34041 140.11866 102.32892 2.0
9.0 24.0 24.0 107.40943 87.47596 149.10022 27.0
9.0 24.0 9.0 78.34041 140.11866 102.32892 27.0
9.0 30.0 30.0 88.96928 139.86442 63.11435 822.0
9.0 30.0 9.0 78.34041 140.11866 102.32892 822.0
9.0 34.0 34.0 127.30642 111.60632 129.44947 432.0
9.0 34.0 9.0 78.34041 140.11866 102.32892 432.0
9.0 35.0 35.0 147.06258 121.57403 95.48477 21.0
9.0 35.0 9.0 78.34041 140.11866 102.32892 21.0
9.0 41.0 41.0 59.70286 125.61806 122.76804 1406.0
9.0 41.0 9.0 78.34041 140.11866 102.32892 1406.0
9.0 43.0 43.0 102.37837 137.40191 99.87735 1423.0
9.0 43.0 9.0 78.34041 140.11866 102.32892 1423.0
9.0 45.0 45.0 35.21283 116.36774 28.41603 3.0
9.0 45.0 9.0 78.34041 140.11866 102.32892 3.0
9.0 46.0 46.0 114.87453 130.51938 52.95781 11.0
9.0 46.0 9.0 78.34041 140.11866 102.32892 11.0
10.0 2.0 2.0 27.94368 24.86325 88.41272 7.0
10.0 2.0 10.0 97.55313 4.03124 61.31862 7.0
10.0 3.0 3.0 83.20929 3.82059 87.83458 1057.0
10.0 3.0 10.0 97.55313 4.03124 61.31862 1057.0
10.0 7.0 7.0 121.75496 13.45268 56.89133 1032.0
10.0 7.0 10.0 97.55313 4.03124 61.31862 1032.0
10.0 10.0 10.0 97.55313 4.03124 61.31862 2404.0
10.0 10.0 10.0 97.55313 4.03124 61.31862 2404.0
10.0 11.0 11.0 48.37742 14.20101 56.54128 146.0
10.0 11.0 10.0 97.55313 4.03124 61.31862 146.0
10.0 15.0 15.0 144.68694 26.34998 64.36045 94.0
10.0 15.0 10.0 97.55313 4.03124 61.31862 94.0
10.0 17.0 17.0 122.9491 11.04933 94.67304 402.0
10.0 17.0 10.0 97.55313 4.03124 61.31862 402.0
10.0 18.0 18.0 159.40873 24.97291 93.46973 1.0
10.0 18.0 10.0 97.55313 4.03124 61.31862 1.0
10.0 19.0 19.0 66.75965 15.12495 46.24059 407.0
10.0 19.0 10.0 97.55313 4.03124 61.31862 407.0
10.0 20.0 20.0 85.62064 53.818 22.80756 48.0
10.0 20.0 10.0 97.55313 4.03124 61.31862 48.0
10.0 29.0 29.0 122.51746 20.663 121.45663 11.0
10.0 29.0 10.0 97.55313 4.03124 61.31862 11.0
10.0 31.0 31.0 121.52149 39.3893 35.89721 325.0
10.0 31.0 10.0 97.55313 4.03124 61.31862 325.0
10.0 36.0 36.0 51.14855 19.24764 119.27829 2.0
10.0 36.0 10.0 97.55313 4.03124 61.31862 2.0
10.0 37.0 37.0 79.70498 11.03333 113.69798 73.0
10.0 37.0 10.0 97.55313 4.03124 61.31862 73.0
10.0 39.0 39.0 21.99045 50.11225 32.63107 1.0
10.0 39.0 10.0 97.55313 4.03124 61.31862 1.0
10.0 40.0 40.0 83.29693 23.59638 42.2947 768.0
10.0 40.0 10.0 97.55313 4.03124 61.31862 768.0
11.0 1.0 1.0 66.63798 89.68058 7.8029 29.0
11.0 1.0 11.0 48.37742 14.20101 56.54128 29.0
11.0 2.0 2.0 27.94368 24.86325 88.41272 961.0
11.0 2.0 11.0 48.37742 14.20101 56.54128 961.0
11.0 3.0 3.0 83.20929 3.82059 87.83458 770.0
11.0 3.0 11.0 48.37742 14.20101 56.54128 770.0
11.0 6.0 6.0 5.47229 85.12888 74.4019 6.0
11.0 6.0 11.0 48.37742 14.20101 56.54128 6.0
11.0 7.0 7.0 121.75496 13.45268 56.89133 4.0
11.0 7.0 11.0 48.37742 14.20101 56.54128 4.0
11.0 8.0 8.0 108.73405 84.89896 39.04497 1.0
11.0 8.0 11.0 48.37742 14.20101 56.54128 1.0
11.0 10.0 10.0 97.55313 4.03124 61.31862 200.0
11.0 10.0 11.0 48.37742 14.20101 56.54128 200.0
11.0 11.0 11.0 48.37742 14.20101 56.54128 4420.0
11.0 11.0 11.0 48.37742 14.20101 56.54128 4420.0
11.0 13.0 13.0 21.94233 30.98826 56.33174 903.0
11.0 13.0 11.0 48.37742 14.20101 56.54128 903.0
11.0 16.0 16.0 37.12319 38.56916 124.39592 27.0
11.0 16.0 11.0 48.37742 14.20101 56.54128 27.0
11.0 17.0 17.0 122.9491 11.04933 94.67304 1.0
11.0 17.0 11.0 48.37742 14.20101 56.54128 1.0
11.0 19.0 19.0 66.75965 15.12495 46.24059 1289.0
11.0 19.0 11.0 48.37742 14.20101 56.54128 1289.0
11.0 20.0 20.0 85.62064 53.818 22.80756 269.0
11.0 20.0 11.0 48.37742 14.20101 56.54128 269.0
11.0 21.0 21.0 27.91989 77.91207 19.66544 35.0
11.0 21.0 11.0 48.37742 14.20101 56.54128 35.0
11.0 22.0 22.0 25.28945 80.15446 119.70076 1.0
11.0 22.0 11.0 48.37742 14.20101 56.54128 1.0
11.0 27.0 27.0 18.75642 45.55802 103.98157 20.0
11.0 27.0 11.0 48.37742 14.20101 56.54128 20.0
11.0 29.0 29.0 122.51746 20.663 121.45663 1.0
11.0 29.0 11.0 48.37742 14.20101 56.54128 1.0
11.0 31.0 31.0 121.52149 39.3893 35.89721 8.0
11.0 31.0 11.0 48.37742 14.20101 56.54128 8.0
11.0 36.0 36.0 51.14855 19.24764 119.27829 69.0
11.0 36.0 11.0 48.37742 14.20101 56.54128 69.0
11.0 37.0 37.0 79.70498 11.03333 113.69798 201.0
11.0 37.0 11.0 48.37742 14.20101 56.54128 201.0
11.0 39.0 39.0 21.99045 50.11225 32.63107 585.0
11.0 39.0 11.0 48.37742 14.20101 56.54128 585.0
11.0 40.0 40.0 83.29693 23.59638 42.2947 526.0
11.0 40.0 11.0 48.37742 14.20101 56.54128 526.0
11.0 44.0 44.0 70.66445 22.69661 131.38599 5.0
11.0 44.0 11.0 48.37742 14.20101 56.54128 5.0
12.0 8.0 8.0 108.73405 84.89896 39.04497 21.0
12.0 8.0 12.0 179.8104 86.5493 84.83875 21.0
12.0 12.0 12.0 179.8104 86.5493 84.83875 2891.0
12.0 12.0 12.0 179.8104 86.5493 84.83875 2891.0
12.0 14.0 14.0 128.5445 115.89309 40.42733 38.0
12.0 14.0 12.0 179.8104 86.5493 84.83875 38.0
12.0 15.0 15.0 144.68694 26.34998 64.36045 49.0
12.0 15.0 12.0 179.8104 86.5493 84.83875 49.0
12.0 18.0 18.0 159.40873 24.97291 93.46973 46.0
12.0 18.0 12.0 179.8104 86.5493 84.83875 46.0
12.0 23.0 23.0 173.39498 43.68642 76.10338 392.0
12.0 23.0 12.0 179.8104 86.5493 84.83875 392.0
12.0 24.0 24.0 107.40943 87.47596 149.10022 1.0
12.0 24.0 12.0 179.8104 86.5493 84.83875 1.0
12.0 25.0 25.0 182.7205 64.94712 100.90755 702.0
12.0 25.0 12.0 179.8104 86.5493 84.83875 702.0
12.0 26.0 26.0 131.69995 45.01649 139.21961 4.0
12.0 26.0 12.0 179.8104 86.5493 84.83875 4.0
12.0 29.0 29.0 122.51746 20.663 121.45663 1.0
12.0 29.0 12.0 179.8104 86.5493 84.83875 1.0
12.0 31.0 31.0 121.52149 39.3893 35.89721 17.0
12.0 31.0 12.0 179.8104 86.5493 84.83875 17.0
12.0 32.0 32.0 156.68543 89.36649 57.90696 1182.0
12.0 32.0 12.0 179.8104 86.5493 84.83875 1182.0
12.0 34.0 34.0 127.30642 111.60632 129.44947 119.0
12.0 34.0 12.0 179.8104 86.5493 84.83875 119.0
12.0 35.0 35.0 147.06258 121.57403 95.48477 824.0
12.0 35.0 12.0 179.8104 86.5493 84.83875 824.0
12.0 38.0 38.0 88.26935 68.24773 152.65392 1.0
12.0 38.0 12.0 179.8104 86.5493 84.83875 1.0
12.0 43.0 43.0 102.37837 137.40191 99.87735 1.0
12.0 43.0 12.0 179.8104 86.5493 84.83875 1.0
12.0 46.0 46.0 114.87453 130.51938 52.95781 23.0
12.0 46.0 12.0 179.8104 86.5493 84.83875 23.0
12.0 47.0 47.0 164.06157 62.53586 126.30908 357.0
12.0 47.0 12.0 179.8104 86.5493 84.83875 357.0
13.0 1.0 1.0 66.63798 89.68058 7.8029 3.0
13.0 1.0 13.0 21.94233 30.98826 56.33174 3.0
13.0 2.0 2.0 27.94368 24.86325 88.41272 884.0
13.0 2.0 13.0 21.94233 30.98826 56.33174 884.0
13.0 3.0 3.0 83.20929 3.82059 87.83458 9.0
13.0 3.0 13.0 21.94233 30.98826 56.33174 9.0
13.0 6.0 6.0 5.47229 85.12888 74.4019 298.0
13.0 6.0 13.0 21.94233 30.98826 56.33174 298.0
13.0 10.0 10.0 97.55313 4.03124 61.31862 1.0
13.0 10.0 13.0 21.94233 30.98826 56.33174 1.0
13.0 11.0 11.0 48.37742 14.20101 56.54128 1068.0
13.0 11.0 13.0 21.94233 30.98826 56.33174 1068.0
13.0 13.0 13.0 21.94233 30.98826 56.33174 1764.0
13.0 13.0 13.0 21.94233 30.98826 56.33174 1764.0
13.0 16.0 16.0 37.12319 38.56916 124.39592 8.0
13.0 16.0 13.0 21.94233 30.98826 56.33174 8.0
13.0 19.0 19.0 66.75965 15.12495 46.24059 85.0
13.0 19.0 13.0 21.94233 30.98826 56.33174 85.0
13.0 20.0 20.0 85.62064 53.818 22.80756 15.0
13.0 20.0 13.0 21.94233 30.98826 56.33174 15.0
13.0 21.0 21.0 27.91989 77.91207 19.66544 29.0
13.0 21.0 13.0 21.94233 30.98826 56.33174 29.0
13.0 22.0 22.0 25.28945 80.15446 119.70076 12.0
13.0 22.0 13.0 21.94233 30.98826 56.33174 12.0
13.0 27.0 27.0 18.75642 45.55802 103.98157 102.0
13.0 27.0 13.0 21.94233 30.98826 56.33174 102.0
13.0 36.0 36.0 51.14855 19.24764 119.27829 2.0
13.0 36.0 13.0 21.94233 30.98826 56.33174 2.0
13.0 37.0 37.0 79.70498 11.03333 113.69798 9.0
13.0 37.0 13.0 21.94233 30.98826 56.33174 9.0
13.0 39.0 39.0 21.99045 50.11225 32.63107 1055.0
13.0 39.0 13.0 21.94233 30.98826 56.33174 1055.0
13.0 40.0 40.0 83.29693 23.59638 42.2947 26.0
13.0 40.0 13.0 21.94233 30.98826 56.33174 26.0
13.0 45.0 45.0 35.21283 116.36774 28.41603 1.0
13.0 45.0 13.0 21.94233 30.98826 56.33174 1.0
14.0 1.0 1.0 66.63798 89.68058 7.8029 62.0
14.0 1.0 14.0 128.5445 115.89309 40.42733 62.0
14.0 8.0 8.0 108.73405 84.89896 39.04497 1903.0
14.0 8.0 14.0 128.5445 115.89309 40.42733 1903.0
14.0 12.0 12.0 179.8104 86.5493 84.83875 12.0
14.0 12.0 14.0 128.5445 115.89309 40.42733 12.0
14.0 14.0 14.0 128.5445 115.89309 40.42733 3915.0
14.0 14.0 14.0 128.5445 115.89309 40.42733 3915.0
14.0 20.0 20.0 85.62064 53.818 22.80756 16.0
14.0 20.0 14.0 128.5445 115.89309 40.42733 16.0
14.0 23.0 23.0 173.39498 43.68642 76.10338 1.0
14.0 23.0 14.0 128.5445 115.89309 40.42733 1.0
14.0 25.0 25.0 182.7205 64.94712 100.90755 1.0
14.0 25.0 14.0 128.5445 115.89309 40.42733 1.0
14.0 30.0 30.0 88.96928 139.86442 63.11435 257.0
14.0 30.0 14.0 128.5445 115.89309 40.42733 257.0
14.0 31.0 31.0 121.52149 39.3893 35.89721 17.0
14.0 31.0 14.0 128.5445 115.89309 40.42733 17.0
14.0 32.0 32.0 156.68543 89.36649 57.90696 977.0
14.0 32.0 14.0 128.5445 115.89309 40.42733 977.0
14.0 34.0 34.0 127.30642 111.60632 129.44947 1.0
14.0 34.0 14.0 128.5445 115.89309 40.42733 1.0
14.0 35.0 35.0 147.06258 121.57403 95.48477 273.0
14.0 35.0 14.0 128.5445 115.89309 40.42733 273.0
14.0 43.0 43.0 102.37837 137.40191 99.87735 8.0
14.0 43.0 14.0 128.5445 115.89309 40.42733 8.0
14.0 45.0 45.0 35.21283 116.36774 28.41603 5.0
14.0 45.0 14.0 128.5445 115.89309 40.42733 5.0
14.0 46.0 46.0 114.87453 130.51938 52.95781 1876.0
14.0 46.0 14.0 128.5445 115.89309 40.42733 1876.0
15.0 3.0 3.0 83.20929 3.82059 87.83458 26.0
15.0 3.0 15.0 144.68694 26.34998 64.36045 26.0
15.0 7.0 7.0 121.75496 13.45268 56.89133 1113.0
15.0 7.0 15.0 144.68694 26.34998 64.36045 1113.0
15.0 8.0 8.0 108.73405 84.89896 39.04497 84.0
15.0 8.0 15.0 144.68694 26.34998 64.36045 84.0
15.0 10.0 10.0 97.55313 4.03124 61.31862 102.0
15.0 10.0 15.0 144.68694 26.34998 64.36045 102.0
15.0 12.0 12.0 179.8104 86.5493 84.83875 30.0
15.0 12.0 15.0 144.68694 26.34998 64.36045 30.0
15.0 15.0 15.0 144.68694 26.34998 64.36045 2659.0
15.0 15.0 15.0 144.68694 26.34998 64.36045 2659.0
15.0 17.0 17.0 122.9491 11.04933 94.67304 646.0
15.0 17.0 15.0 144.68694 26.34998 64.36045 646.0
15.0 18.0 18.0 159.40873 24.97291 93.46973 627.0
15.0 18.0 15.0 144.68694 26.34998 64.36045 627.0
15.0 20.0 20.0 85.62064 53.818 22.80756 7.0
15.0 20.0 15.0 144.68694 26.34998 64.36045 7.0
15.0 23.0 23.0 173.39498 43.68642 76.10338 521.0
15.0 23.0 15.0 144.68694 26.34998 64.36045 521.0
15.0 25.0 25.0 182.7205 64.94712 100.90755 12.0
15.0 25.0 15.0 144.68694 26.34998 64.36045 12.0
15.0 26.0 26.0 131.69995 45.01649 139.21961 4.0
15.0 26.0 15.0 144.68694 26.34998 64.36045 4.0
15.0 29.0 29.0 122.51746 20.663 121.45663 48.0
15.0 29.0 15.0 144.68694 26.34998 64.36045 48.0
15.0 31.0 31.0 121.52149 39.3893 35.89721 1034.0
15.0 31.0 15.0 144.68694 26.34998 64.36045 1034.0
15.0 32.0 32.0 156.68543 89.36649 57.90696 220.0
15.0 32.0 15.0 144.68694 26.34998 64.36045 220.0
15.0 37.0 37.0 79.70498 11.03333 113.69798 2.0
15.0 37.0 15.0 144.68694 26.34998 64.36045 2.0
15.0 40.0 40.0 83.29693 23.59638 42.2947 12.0
15.0 40.0 15.0 144.68694 26.34998 64.36045 12.0
15.0 47.0 47.0 164.06157 62.53586 126.30908 13.0
15.0 47.0 15.0 144.68694 26.34998 64.36045 13.0
16.0 0.0 0.0 55.19837 49.34846 142.20668 911.0
16.0 0.0 16.0 37.12319 38.56916 124.39592 911.0
16.0 2.0 2.0 27.94368 24.86325 88.41272 565.0
16.0 2.0 16.0 37.12319 38.56916 124.39592 565.0
16.0 3.0 3.0 83.20929 3.82059 87.83458 16.0
16.0 3.0 16.0 37.12319 38.56916 124.39592 16.0
16.0 4.0 4.0 72.33593 108.2936 139.84285 4.0
16.0 4.0 16.0 37.12319 38.56916 124.39592 4.0
16.0 6.0 6.0 5.47229 85.12888 74.4019 18.0
16.0 6.0 16.0 37.12319 38.56916 124.39592 18.0
16.0 11.0 11.0 48.37742 14.20101 56.54128 18.0
16.0 11.0 16.0 37.12319 38.56916 124.39592 18.0
16.0 13.0 13.0 21.94233 30.98826 56.33174 7.0
16.0 13.0 16.0 37.12319 38.56916 124.39592 7.0
16.0 16.0 16.0 37.12319 38.56916 124.39592 2346.0
16.0 16.0 16.0 37.12319 38.56916 124.39592 2346.0
16.0 22.0 22.0 25.28945 80.15446 119.70076 827.0
16.0 22.0 16.0 37.12319 38.56916 124.39592 827.0
16.0 27.0 27.0 18.75642 45.55802 103.98157 687.0
16.0 27.0 16.0 37.12319 38.56916 124.39592 687.0
16.0 28.0 28.0 83.18336 39.94872 143.54892 70.0
16.0 28.0 16.0 37.12319 38.56916 124.39592 70.0
16.0 33.0 33.0 97.63061 49.82787 149.22899 8.0
16.0 33.0 16.0 37.12319 38.56916 124.39592 8.0
16.0 36.0 36.0 51.14855 19.24764 119.27829 635.0
16.0 36.0 16.0 37.12319 38.56916 124.39592 635.0
16.0 37.0 37.0 79.70498 11.03333 113.69798 155.0
16.0 37.0 16.0 37.12319 38.56916 124.39592 155.0
16.0 38.0 38.0 88.26935 68.24773 152.65392 20.0
16.0 38.0 16.0 37.12319 38.56916 124.39592 20.0
16.0 42.0 42.0 56.49552 85.09772 144.93305 152.0
16.0 42.0 16.0 37.12319 38.56916 124.39592 152.0
16.0 44.0 44.0 70.66445 22.69661 131.38599 191.0
16.0 44.0 16.0 37.12319 38.56916 124.39592 191.0
17.0 3.0 3.0 83.20929 3.82059 87.83458 841.0
17.0 3.0 17.0 122.9491 11.04933 94.67304 841.0
17.0 7.0 7.0 121.75496 13.45268 56.89133 640.0
17.0 7.0 17.0 122.9491 11.04933 94.67304 640.0
17.0 10.0 10.0 97.55313 4.03124 61.31862 380.0
17.0 10.0 17.0 122.9491 11.04933 94.67304 380.0
17.0 15.0 15.0 144.68694 26.34998 64.36045 650.0
17.0 15.0 17.0 122.9491 11.04933 94.67304 650.0
17.0 17.0 17.0 122.9491 11.04933 94.67304 3037.0
17.0 17.0 17.0 122.9491 11.04933 94.67304 3037.0
17.0 18.0 18.0 159.40873 24.97291 93.46973 386.0
17.0 18.0 17.0 122.9491 11.04933 94.67304 386.0
17.0 19.0 19.0 66.75965 15.12495 46.24059 2.0
17.0 19.0 17.0 122.9491 11.04933 94.67304 2.0
17.0 23.0 23.0 173.39498 43.68642 76.10338 15.0
17.0 23.0 17.0 122.9491 11.04933 94.67304 15.0
17.0 24.0 24.0 107.40943 87.47596 149.10022 1.0
17.0 24.0 17.0 122.9491 11.04933 94.67304 1.0
17.0 25.0 25.0 182.7205 64.94712 100.90755 1.0
17.0 25.0 17.0 122.9491 11.04933 94.67304 1.0
17.0 26.0 26.0 131.69995 45.01649 139.21961 106.0
17.0 26.0 17.0 122.9491 11.04933 94.67304 106.0
17.0 28.0 28.0 83.18336 39.94872 143.54892 14.0
17.0 28.0 17.0 122.9491 11.04933 94.67304 14.0
17.0 29.0 29.0 122.51746 20.663 121.45663 991.0
17.0 29.0 17.0 122.9491 11.04933 94.67304 991.0
17.0 31.0 31.0 121.52149 39.3893 35.89721 15.0
17.0 31.0 17.0 122.9491 11.04933 94.67304 15.0
17.0 32.0 32.0 156.68543 89.36649 57.90696 1.0
17.0 32.0 17.0 122.9491 11.04933 94.67304 1.0
17.0 33.0 33.0 97.63061 49.82787 149.22899 6.0
17.0 33.0 17.0 122.9491 11.04933 94.67304 6.0
17.0 36.0 36.0 51.14855 19.24764 119.27829 1.0
17.0 36.0 17.0 122.9491 11.04933 94.67304 1.0
17.0 37.0 37.0 79.70498 11.03333 113.69798 395.0
17.0 37.0 17.0 122.9491 11.04933 94.67304 395.0
17.0 40.0 40.0 83.29693 23.59638 42.2947 12.0
17.0 40.0 17.0 122.9491 11.04933 94.67304 12.0
17.0 44.0 44.0 70.66445 22.69661 131.38599 4.0
17.0 44.0 17.0 122.9491 11.04933 94.67304 4.0
17.0 45.0 45.0 35.21283 116.36774 28.41603 1.0
17.0 45.0 17.0 122.9491 11.04933 94.67304 1.0
17.0 47.0 47.0 164.06157 62.53586 126.30908 39.0
17.0 47.0 17.0 122.9491 11.04933 94.67304 39.0
18.0 3.0 3.0 83.20929 3.82059 87.83458 5.0
18.0 3.0 18.0 159.40873 24.97291 93.46973 5.0
18.0 7.0 7.0 121.75496 13.45268 56.89133 64.0
18.0 7.0 18.0 159.40873 24.97291 93.46973 64.0
18.0 8.0 8.0 108.73405 84.89896 39.04497 4.0
18.0 8.0 18.0 159.40873 24.97291 93.46973 4.0
18.0 10.0 10.0 97.55313 4.03124 61.31862 9.0
18.0 10.0 18.0 159.40873 24.97291 93.46973 9.0
18.0 12.0 12.0 179.8104 86.5493 84.83875 24.0
18.0 12.0 18.0 159.40873 24.97291 93.46973 24.0
18.0 15.0 15.0 144.68694 26.34998 64.36045 686.0
18.0 15.0 18.0 159.40873 24.97291 93.46973 686.0
18.0 17.0 17.0 122.9491 11.04933 94.67304 465.0
18.0 17.0 18.0 159.40873 24.97291 93.46973 465.0
18.0 18.0 18.0 159.40873 24.97291 93.46973 1600.0
18.0 18.0 18.0 159.40873 24.97291 93.46973 1600.0
18.0 23.0 23.0 173.39498 43.68642 76.10338 609.0
18.0 23.0 18.0 159.40873 24.97291 93.46973 609.0
18.0 24.0 24.0 107.40943 87.47596 149.10022 1.0
18.0 24.0 18.0 159.40873 24.97291 93.46973 1.0
18.0 25.0 25.0 182.7205 64.94712 100.90755 109.0
18.0 25.0 18.0 159.40873 24.97291 93.46973 109.0
18.0 26.0 26.0 131.69995 45.01649 139.21961 181.0
18.0 26.0 18.0 159.40873 24.97291 93.46973 181.0
18.0 29.0 29.0 122.51746 20.663 121.45663 350.0
18.0 29.0 18.0 159.40873 24.97291 93.46973 350.0
18.0 31.0 31.0 121.52149 39.3893 35.89721 34.0
18.0 31.0 18.0 159.40873 24.97291 93.46973 34.0
18.0 32.0 32.0 156.68543 89.36649 57.90696 25.0
18.0 32.0 18.0 159.40873 24.97291 93.46973 25.0
18.0 33.0 33.0 97.63061 49.82787 149.22899 1.0
18.0 33.0 18.0 159.40873 24.97291 93.46973 1.0
18.0 34.0 34.0 127.30642 111.60632 129.44947 1.0
18.0 34.0 18.0 159.40873 24.97291 93.46973 1.0
18.0 37.0 37.0 79.70498 11.03333 113.69798 11.0
18.0 37.0 18.0 159.40873 24.97291 93.46973 11.0
18.0 47.0 47.0 164.06157 62.53586 126.30908 364.0
18.0 47.0 18.0 159.40873 24.97291 93.46973 364.0
19.0 1.0 1.0 66.63798 89.68058 7.8029 23.0
19.0 1.0 19.0 66.75965 15.12495 46.24059 23.0
19.0 2.0 2.0 27.94368 24.86325 88.41272 22.0
19.0 2.0 19.0 66.75965 15.12495 46.24059 22.0
19.0 3.0 3.0 83.20929 3.82059 87.83458 363.0
19.0 3.0 19.0 66.75965 15.12495 46.24059 363.0
19.0 7.0 7.0 121.75496 13.45268 56.89133 18.0
19.0 7.0 19.0 66.75965 15.12495 46.24059 18.0
19.0 8.0 8.0 108.73405 84.89896 39.04497 2.0
19.0 8.0 19.0 66.75965 15.12495 46.24059 2.0
19.0 10.0 10.0 97.55313 4.03124 61.31862 391.0
19.0 10.0 19.0 66.75965 15.12495 46.24059 391.0
19.0 11.0 11.0 48.37742 14.20101 56.54128 1151.0
19.0 11.0 19.0 66.75965 15.12495 46.24059 1151.0
19.0 13.0 13.0 21.94233 30.98826 56.33174 45.0
19.0 13.0 19.0 66.75965 15.12495 46.24059 45.0
19.0 17.0 17.0 122.9491 11.04933 94.67304 5.0
19.0 17.0 19.0 66.75965 15.12495 46.24059 5.0
19.0 19.0 19.0 66.75965 15.12495 46.24059 1124.0
19.0 19.0 19.0 66.75965 15.12495 46.24059 1124.0
19.0 20.0 20.0 85.62064 53.818 22.80756 432.0
19.0 20.0 19.0 66.75965 15.12495 46.24059 432.0
19.0 21.0 21.0 27.91989 77.91207 19.66544 12.0
19.0 21.0 19.0 66.75965 15.12495 46.24059 12.0
19.0 29.0 29.0 122.51746 20.663 121.45663 1.0
19.0 29.0 19.0 66.75965 15.12495 46.24059 1.0
19.0 31.0 31.0 121.52149 39.3893 35.89721 45.0
19.0 31.0 19.0 66.75965 15.12495 46.24059 45.0
19.0 36.0 36.0 51.14855 19.24764 119.27829 3.0
19.0 36.0 19.0 66.75965 15.12495 46.24059 3.0
19.0 37.0 37.0 79.70498 11.03333 113.69798 22.0
19.0 37.0 19.0 66.75965 15.12495 46.24059 22.0
19.0 39.0 39.0 21.99045 50.11225 32.63107 157.0
19.0 39.0 19.0 66.75965 15.12495 46.24059 157.0
19.0 40.0 40.0 83.29693 23.59638 42.2947 1006.0
19.0 40.0 19.0 66.75965 15.12495 46.24059 1006.0
20.0 1.0 1.0 66.63798 89.68058 7.8029 1346.0
20.0 1.0 20.0 85.62064 53.818 22.80756 1346.0
20.0 7.0 7.0 121.75496 13.45268 56.89133 24.0
20.0 7.0 20.0 85.62064 53.818 22.80756 24.0
20.0 8.0 8.0 108.73405 84.89896 39.04497 2520.0
20.0 8.0 20.0 85.62064 53.818 22.80756 2520.0
20.0 10.0 10.0 97.55313 4.03124 61.31862 35.0
20.0 10.0 20.0 85.62064 53.818 22.80756 35.0
20.0 11.0 11.0 48.37742 14.20101 56.54128 224.0
20.0 11.0 20.0 85.62064 53.818 22.80756 224.0
20.0 13.0 13.0 21.94233 30.98826 56.33174 6.0
20.0 13.0 20.0 85.62064 53.818 22.80756 6.0
20.0 14.0 14.0 128.5445 115.89309 40.42733 10.0
20.0 14.0 20.0 85.62064 53.818 22.80756 10.0
20.0 15.0 15.0 144.68694 26.34998 64.36045 1.0
20.0 15.0 20.0 85.62064 53.818 22.80756 1.0
20.0 19.0 19.0 66.75965 15.12495 46.24059 366.0
20.0 19.0 20.0 85.62064 53.818 22.80756 366.0
20.0 20.0 20.0 85.62064 53.818 22.80756 7665.0
20.0 20.0 20.0 85.62064 53.818 22.80756 7665.0
20.0 21.0 21.0 27.91989 77.91207 19.66544 195.0
20.0 21.0 20.0 85.62064 53.818 22.80756 195.0
20.0 31.0 31.0 121.52149 39.3893 35.89721 1480.0
20.0 31.0 20.0 85.62064 53.818 22.80756 1480.0
20.0 32.0 32.0 156.68543 89.36649 57.90696 6.0
20.0 32.0 20.0 85.62064 53.818 22.80756 6.0
20.0 39.0 39.0 21.99045 50.11225 32.63107 350.0
20.0 39.0 20.0 85.62064 53.818 22.80756 350.0
20.0 40.0 40.0 83.29693 23.59638 42.2947 1174.0
20.0 40.0 20.0 85.62064 53.818 22.80756 1174.0
20.0 45.0 45.0 35.21283 116.36774 28.41603 4.0
20.0 45.0 20.0 85.62064 53.818 22.80756 4.0
20.0 46.0 46.0 114.87453 130.51938 52.95781 2.0
20.0 46.0 20.0 85.62064 53.818 22.80756 2.0
21.0 1.0 1.0 66.63798 89.68058 7.8029 995.0
21.0 1.0 21.0 27.91989 77.91207 19.66544 995.0
21.0 2.0 2.0 27.94368 24.86325 88.41272 1.0
21.0 2.0 21.0 27.91989 77.91207 19.66544 1.0
21.0 5.0 5.0 36.65872 130.3294 82.26228 35.0
21.0 5.0 21.0 27.91989 77.91207 19.66544 35.0
21.0 6.0 6.0 5.47229 85.12888 74.4019 537.0
21.0 6.0 21.0 27.91989 77.91207 19.66544 537.0
21.0 8.0 8.0 108.73405 84.89896 39.04497 15.0
21.0 8.0 21.0 27.91989 77.91207 19.66544 15.0
21.0 11.0 11.0 48.37742 14.20101 56.54128 41.0
21.0 11.0 21.0 27.91989 77.91207 19.66544 41.0
21.0 13.0 13.0 21.94233 30.98826 56.33174 21.0
21.0 13.0 21.0 27.91989 77.91207 19.66544 21.0
21.0 19.0 19.0 66.75965 15.12495 46.24059 17.0
21.0 19.0 21.0 27.91989 77.91207 19.66544 17.0
21.0 20.0 20.0 85.62064 53.818 22.80756 292.0
21.0 20.0 21.0 27.91989 77.91207 19.66544 292.0
21.0 21.0 21.0 27.91989 77.91207 19.66544 3064.0
21.0 21.0 21.0 27.91989 77.91207 19.66544 3064.0
21.0 27.0 27.0 18.75642 45.55802 103.98157 1.0
21.0 27.0 21.0 27.91989 77.91207 19.66544 1.0
21.0 30.0 30.0 88.96928 139.86442 63.11435 2.0
21.0 30.0 21.0 27.91989 77.91207 19.66544 2.0
21.0 39.0 39.0 21.99045 50.11225 32.63107 1440.0
21.0 39.0 21.0 27.91989 77.91207 19.66544 1440.0
21.0 40.0 40.0 83.29693 23.59638 42.2947 10.0
21.0 40.0 21.0 27.91989 77.91207 19.66544 10.0
21.0 45.0 45.0 35.21283 116.36774 28.41603 1214.0
21.0 45.0 21.0 27.91989 77.91207 19.66544 1214.0
21.0 46.0 46.0 114.87453 130.51938 52.95781 1.0
21.0 46.0 21.0 27.91989 77.91207 19.66544 1.0
22.0 0.0 0.0 55.19837 49.34846 142.20668 511.0
22.0 0.0 22.0 25.28945 80.15446 119.70076 511.0
22.0 2.0 2.0 27.94368 24.86325 88.41272 93.0
22.0 2.0 22.0 25.28945 80.15446 119.70076 93.0
22.0 4.0 4.0 72.33593 108.2936 139.84285 341.0
22.0 4.0 22.0 25.28945 80.15446 119.70076 341.0
22.0 5.0 5.0 36.65872 130.3294 82.26228 852.0
22.0 5.0 22.0 25.28945 80.15446 119.70076 852.0
22.0 6.0 6.0 5.47229 85.12888 74.4019 1301.0
22.0 6.0 22.0 25.28945 80.15446 119.70076 1301.0
22.0 9.0 9.0 78.34041 140.11866 102.32892 3.0
22.0 9.0 22.0 25.28945 80.15446 119.70076 3.0
22.0 13.0 13.0 21.94233 30.98826 56.33174 9.0
22.0 13.0 22.0 25.28945 80.15446 119.70076 9.0
22.0 16.0 16.0 37.12319 38.56916 124.39592 831.0
22.0 16.0 22.0 25.28945 80.15446 119.70076 831.0
22.0 22.0 22.0 25.28945 80.15446 119.70076 7810.0
22.0 22.0 22.0 25.28945 80.15446 119.70076 7810.0
22.0 24.0 24.0 107.40943 87.47596 149.10022 4.0
22.0 24.0 22.0 25.28945 80.15446 119.70076 4.0
22.0 27.0 27.0 18.75642 45.55802 103.98157 892.0
22.0 27.0 22.0 25.28945 80.15446 119.70076 892.0
22.0 28.0 28.0 83.18336 39.94872 143.54892 29.0
22.0 28.0 22.0 25.28945 80.15446 119.70076 29.0
22.0 33.0 33.0 97.63061 49.82787 149.22899 1.0
22.0 33.0 22.0 25.28945 80.15446 119.70076 1.0
22.0 36.0 36.0 51.14855 19.24764 119.27829 14.0
22.0 36.0 22.0 25.28945 80.15446 119.70076 14.0
22.0 37.0 37.0 79.70498 11.03333 113.69798 1.0
22.0 37.0 22.0 25.28945 80.15446 119.70076 1.0
22.0 38.0 38.0 88.26935 68.24773 152.65392 19.0
22.0 38.0 22.0 25.28945 80.15446 119.70076 19.0
22.0 39.0 39.0 21.99045 50.11225 32.63107 8.0
22.0 39.0 22.0 25.28945 80.15446 119.70076 8.0
22.0 41.0 41.0 59.70286 125.61806 122.76804 639.0
22.0 41.0 22.0 25.28945 80.15446 119.70076 639.0
22.0 42.0 42.0 56.49552 85.09772 144.93305 1317.0
22.0 42.0 22.0 25.28945 80.15446 119.70076 1317.0
22.0 44.0 44.0 70.66445 22.69661 131.38599 1.0
22.0 44.0 22.0 25.28945 80.15446 119.70076 1.0
23.0 7.0 7.0 121.75496 13.45268 56.89133 35.0
23.0 7.0 23.0 173.39498 43.68642 76.10338 35.0
23.0 8.0 8.0 108.73405 84.89896 39.04497 28.0
23.0 8.0 23.0 173.39498 43.68642 76.10338 28.0
23.0 12.0 12.0 179.8104 86.5493 84.83875 388.0
23.0 12.0 23.0 173.39498 43.68642 76.10338 388.0
23.0 15.0 15.0 144.68694 26.34998 64.36045 559.0
23.0 15.0 23.0 173.39498 43.68642 76.10338 559.0
23.0 17.0 17.0 122.9491 11.04933 94.67304 32.0
23.0 17.0 23.0 173.39498 43.68642 76.10338 32.0
23.0 18.0 18.0 159.40873 24.97291 93.46973 680.0
23.0 18.0 23.0 173.39498 43.68642 76.10338 680.0
23.0 23.0 23.0 173.39498 43.68642 76.10338 1477.0
23.0 23.0 23.0 173.39498 43.68642 76.10338 1477.0
23.0 25.0 25.0 182.7205 64.94712 100.90755 423.0
23.0 25.0 23.0 173.39498 43.68642 76.10338 423.0
23.0 26.0 26.0 131.69995 45.01649 139.21961 24.0
23.0 26.0 23.0 173.39498 43.68642 76.10338 24.0
23.0 29.0 29.0 122.51746 20.663 121.45663 24.0
23.0 29.0 23.0 173.39498 43.68642 76.10338 24.0
23.0 31.0 31.0 121.52149 39.3893 35.89721 128.0
23.0 31.0 23.0 173.39498 43.68642 76.10338 128.0
23.0 32.0 32.0 156.68543 89.36649 57.90696 352.0
23.0 32.0 23.0 173.39498 43.68642 76.10338 352.0
23.0 35.0 35.0 147.06258 121.57403 95.48477 2.0
23.0 35.0 23.0 173.39498 43.68642 76.10338 2.0
23.0 37.0 37.0 79.70498 11.03333 113.69798 1.0
23.0 37.0 23.0 173.39498 43.68642 76.10338 1.0
23.0 47.0 47.0 164.06157 62.53586 126.30908 264.0
23.0 47.0 23.0 173.39498 43.68642 76.10338 264.0
24.0 0.0 0.0 55.19837 49.34846 142.20668 20.0
24.0 0.0 24.0 107.40943 87.47596 149.10022 20.0
24.0 4.0 4.0 72.33593 108.2936 139.84285 1195.0
24.0 4.0 24.0 107.40943 87.47596 149.10022 1195.0
24.0 9.0 9.0 78.34041 140.11866 102.32892 24.0
24.0 9.0 24.0 107.40943 87.47596 149.10022 24.0
24.0 22.0 22.0 25.28945 80.15446 119.70076 2.0
24.0 22.0 24.0 107.40943 87.47596 149.10022 2.0
24.0 24.0 24.0 107.40943 87.47596 149.10022 4995.0
24.0 24.0 24.0 107.40943 87.47596 149.10022 4995.0
24.0 26.0 26.0 131.69995 45.01649 139.21961 662.0
24.0 26.0 24.0 107.40943 87.47596 149.10022 662.0
24.0 28.0 28.0 83.18336 39.94872 143.54892 58.0
24.0 28.0 24.0 107.40943 87.47596 149.10022 58.0
24.0 29.0 29.0 122.51746 20.663 121.45663 8.0
24.0 29.0 24.0 107.40943 87.47596 149.10022 8.0
24.0 30.0 30.0 88.96928 139.86442 63.11435 1.0
24.0 30.0 24.0 107.40943 87.47596 149.10022 1.0
24.0 33.0 33.0 97.63061 49.82787 149.22899 392.0
24.0 33.0 24.0 107.40943 87.47596 149.10022 392.0
24.0 34.0 34.0 127.30642 111.60632 129.44947 1788.0
24.0 34.0 24.0 107.40943 87.47596 149.10022 1788.0
24.0 35.0 35.0 147.06258 121.57403 95.48477 10.0
24.0 35.0 24.0 107.40943 87.47596 149.10022 10.0
24.0 37.0 37.0 79.70498 11.03333 113.69798 1.0
24.0 37.0 24.0 107.40943 87.47596 149.10022 1.0
24.0 38.0 38.0 88.26935 68.24773 152.65392 1210.0
24.0 38.0 24.0 107.40943 87.47596 149.10022 1210.0
24.0 41.0 41.0 59.70286 125.61806 122.76804 93.0
24.0 41.0 24.0 107.40943 87.47596 149.10022 93.0
24.0 42.0 42.0 56.49552 85.09772 144.93305 415.0
24.0 42.0 24.0 107.40943 87.47596 149.10022 415.0
24.0 43.0 43.0 102.37837 137.40191 99.87735 15.0
24.0 43.0 24.0 107.40943 87.47596 149.10022 15.0
24.0 44.0 44.0 70.66445 22.69661 131.38599 3.0
24.0 44.0 24.0 107.40943 87.47596 149.10022 3.0
24.0 47.0 47.0 164.06157 62.53586 126.30908 167.0
24.0 47.0 24.0 107.40943 87.47596 149.10022 167.0
25.0 8.0 8.0 108.73405 84.89896 39.04497 1.0
25.0 8.0 25.0 182.7205 64.94712 100.90755 1.0
25.0 12.0 12.0 179.8104 86.5493 84.83875 758.0
25.0 12.0 25.0 182.7205 64.94712 100.90755 758.0
25.0 14.0 14.0 128.5445 115.89309 40.42733 1.0
25.0 14.0 25.0 182.7205 64.94712 100.90755 1.0
25.0 15.0 15.0 144.68694 26.34998 64.36045 18.0
25.0 15.0 25.0 182.7205 64.94712 100.90755 18.0
25.0 17.0 17.0 122.9491 11.04933 94.67304 4.0
25.0 17.0 25.0 182.7205 64.94712 100.90755 4.0
25.0 18.0 18.0 159.40873 24.97291 93.46973 104.0
25.0 18.0 25.0 182.7205 64.94712 100.90755 104.0
25.0 23.0 23.0 173.39498 43.68642 76.10338 435.0
25.0 23.0 25.0 182.7205 64.94712 100.90755 435.0
25.0 25.0 25.0 182.7205 64.94712 100.90755 1034.0
25.0 25.0 25.0 182.7205 64.94712 100.90755 1034.0
25.0 26.0 26.0 131.69995 45.01649 139.21961 18.0
25.0 26.0 25.0 182.7205 64.94712 100.90755 18.0
25.0 29.0 29.0 122.51746 20.663 121.45663 7.0
25.0 29.0 25.0 182.7205 64.94712 100.90755 7.0
25.0 31.0 31.0 121.52149 39.3893 35.89721 3.0
25.0 31.0 25.0 182.7205 64.94712 100.90755 3.0
25.0 32.0 32.0 156.68543 89.36649 57.90696 78.0
25.0 32.0 25.0 182.7205 64.94712 100.90755 78.0
25.0 34.0 34.0 127.30642 111.60632 129.44947 48.0
25.0 34.0 25.0 182.7205 64.94712 100.90755 48.0
25.0 35.0 35.0 147.06258 121.57403 95.48477 83.0
25.0 35.0 25.0 182.7205 64.94712 100.90755 83.0
25.0 46.0 46.0 114.87453 130.51938 52.95781 1.0
25.0 46.0 25.0 182.7205 64.94712 100.90755 1.0
25.0 47.0 47.0 164.06157 62.53586 126.30908 748.0
25.0 47.0 25.0 182.7205 64.94712 100.90755 748.0
26.0 0.0 0.0 55.19837 49.34846 142.20668 6.0
26.0 0.0 26.0 131.69995 45.01649 139.21961 6.0
26.0 3.0 3.0 83.20929 3.82059 87.83458 5.0
26.0 3.0 26.0 131.69995 45.01649 139.21961 5.0
26.0 7.0 7.0 121.75496 13.45268 56.89133 1.0
26.0 7.0 26.0 131.69995 45.01649 139.21961 1.0
26.0 12.0 12.0 179.8104 86.5493 84.83875 1.0
26.0 12.0 26.0 131.69995 45.01649 139.21961 1.0
26.0 15.0 15.0 144.68694 26.34998 64.36045 4.0
26.0 15.0 26.0 131.69995 45.01649 139.21961 4.0
26.0 17.0 17.0 122.9491 11.04933 94.67304 139.0
26.0 17.0 26.0 131.69995 45.01649 139.21961 139.0
26.0 18.0 18.0 159.40873 24.97291 93.46973 132.0
26.0 18.0 26.0 131.69995 45.01649 139.21961 132.0
26.0 23.0 23.0 173.39498 43.68642 76.10338 5.0
26.0 23.0 26.0 131.69995 45.01649 139.21961 5.0
26.0 24.0 24.0 107.40943 87.47596 149.10022 706.0
26.0 24.0 26.0 131.69995 45.01649 139.21961 706.0
26.0 25.0 25.0 182.7205 64.94712 100.90755 18.0
26.0 25.0 26.0 131.69995 45.01649 139.21961 18.0
26.0 26.0 26.0 131.69995 45.01649 139.21961 4370.0
26.0 26.0 26.0 131.69995 45.01649 139.21961 4370.0
26.0 28.0 28.0 83.18336 39.94872 143.54892 332.0
26.0 28.0 26.0 131.69995 45.01649 139.21961 332.0
26.0 29.0 29.0 122.51746 20.663 121.45663 1247.0
26.0 29.0 26.0 131.69995 45.01649 139.21961 1247.0
26.0 33.0 33.0 97.63061 49.82787 149.22899 737.0
26.0 33.0 26.0 131.69995 45.01649 139.21961 737.0
26.0 34.0 34.0 127.30642 111.60632 129.44947 260.0
26.0 34.0 26.0 131.69995 45.01649 139.21961 260.0
26.0 35.0 35.0 147.06258 121.57403 95.48477 4.0
26.0 35.0 26.0 131.69995 45.01649 139.21961 4.0
26.0 36.0 36.0 51.14855 19.24764 119.27829 1.0
26.0 36.0 26.0 131.69995 45.01649 139.21961 1.0
26.0 37.0 37.0 79.70498 11.03333 113.69798 118.0
26.0 37.0 26.0 131.69995 45.01649 139.21961 118.0
26.0 38.0 38.0 88.26935 68.24773 152.65392 276.0
26.0 38.0 26.0 131.69995 45.01649 139.21961 276.0
26.0 44.0 44.0 70.66445 22.69661 131.38599 21.0
26.0 44.0 26.0 131.69995 45.01649 139.21961 21.0
26.0 47.0 47.0 164.06157 62.53586 126.30908 1150.0
26.0 47.0 26.0 131.69995 45.01649 139.21961 1150.0
27.0 0.0 0.0 55.19837 49.34846 142.20668 64.0
27.0 0.0 27.0 18.75642 45.55802 103.98157 64.0
27.0 2.0 2.0 27.94368 24.86325 88.41272 974.0
27.0 2.0 27.0 18.75642 45.55802 103.98157 974.0
27.0 3.0 3.0 83.20929 3.82059 87.83458 8.0
27.0 3.0 27.0 18.75642 45.55802 103.98157 8.0
27.0 5.0 5.0 36.65872 130.3294 82.26228 1.0
27.0 5.0 27.0 18.75642 45.55802 103.98157 1.0
27.0 6.0 6.0 5.47229 85.12888 74.4019 507.0
27.0 6.0 27.0 18.75642 45.55802 103.98157 507.0
27.0 11.0 11.0 48.37742 14.20101 56.54128 29.0
27.0 11.0 27.0 18.75642 45.55802 103.98157 29.0
27.0 13.0 13.0 21.94233 30.98826 56.33174 100.0
27.0 13.0 27.0 18.75642 45.55802 103.98157 100.0
27.0 16.0 16.0 37.12319 38.56916 124.39592 801.0
27.0 16.0 27.0 18.75642 45.55802 103.98157 801.0
27.0 19.0 19.0 66.75965 15.12495 46.24059 1.0
27.0 19.0 27.0 18.75642 45.55802 103.98157 1.0
27.0 22.0 22.0 25.28945 80.15446 119.70076 978.0
27.0 22.0 27.0 18.75642 45.55802 103.98157 978.0
27.0 27.0 27.0 18.75642 45.55802 103.98157 1708.0
27.0 27.0 27.0 18.75642 45.55802 103.98157 1708.0
27.0 36.0 36.0 51.14855 19.24764 119.27829 91.0
27.0 36.0 27.0 18.75642 45.55802 103.98157 91.0
27.0 37.0 37.0 79.70498 11.03333 113.69798 18.0
27.0 37.0 27.0 18.75642 45.55802 103.98157 18.0
27.0 38.0 38.0 88.26935 68.24773 152.65392 1.0
27.0 38.0 27.0 18.75642 45.55802 103.98157 1.0
27.0 39.0 39.0 21.99045 50.11225 32.63107 31.0
27.0 39.0 27.0 18.75642 45.55802 103.98157 31.0
27.0 41.0 41.0 59.70286 125.61806 122.76804 1.0
27.0 41.0 27.0 18.75642 45.55802 103.98157 1.0
27.0 42.0 42.0 56.49552 85.09772 144.93305 9.0
27.0 42.0 27.0 18.75642 45.55802 103.98157 9.0
27.0 44.0 44.0 70.66445 22.69661 131.38599 12.0
27.0 44.0 27.0 18.75642 45.55802 103.98157 12.0
28.0 0.0 0.0 55.19837 49.34846 142.20668 818.0
28.0 0.0 28.0 83.18336 39.94872 143.54892 818.0
28.0 3.0 3.0 83.20929 3.82059 87.83458 19.0
28.0 3.0 28.0 83.18336 39.94872 143.54892 19.0
28.0 4.0 4.0 72.33593 108.2936 139.84285 9.0
28.0 4.0 28.0 83.18336 39.94872 143.54892 9.0
28.0 16.0 16.0 37.12319 38.56916 124.39592 58.0
28.0 16.0 28.0 83.18336 39.94872 143.54892 58.0
28.0 17.0 17.0 122.9491 11.04933 94.67304 16.0
28.0 17.0 28.0 83.18336 39.94872 143.54892 16.0
28.0 22.0 22.0 25.28945 80.15446 119.70076 26.0
28.0 22.0 28.0 83.18336 39.94872 143.54892 26.0
28.0 24.0 24.0 107.40943 87.47596 149.10022 59.0
28.0 24.0 28.0 83.18336 39.94872 143.54892 59.0
28.0 26.0 26.0 131.69995 45.01649 139.21961 304.0
28.0 26.0 28.0 83.18336 39.94872 143.54892 304.0
28.0 28.0 28.0 83.18336 39.94872 143.54892 1736.0
28.0 28.0 28.0 83.18336 39.94872 143.54892 1736.0
28.0 29.0 29.0 122.51746 20.663 121.45663 278.0
28.0 29.0 28.0 83.18336 39.94872 143.54892 278.0
28.0 33.0 33.0 97.63061 49.82787 149.22899 1007.0
28.0 33.0 28.0 83.18336 39.94872 143.54892 1007.0
28.0 36.0 36.0 51.14855 19.24764 119.27829 83.0
28.0 36.0 28.0 83.18336 39.94872 143.54892 83.0
28.0 37.0 37.0 79.70498 11.03333 113.69798 492.0
28.0 37.0 28.0 83.18336 39.94872 143.54892 492.0
28.0 38.0 38.0 88.26935 68.24773 152.65392 453.0
28.0 38.0 28.0 83.18336 39.94872 143.54892 453.0
28.0 42.0 42.0 56.49552 85.09772 144.93305 183.0
28.0 42.0 28.0 83.18336 39.94872 143.54892 183.0
28.0 44.0 44.0 70.66445 22.69661 131.38599 601.0
28.0 44.0 28.0 83.18336 39.94872 143.54892 601.0
28.0 47.0 47.0 164.06157 62.53586 126.30908 1.0
28.0 47.0 28.0 83.18336 39.94872 143.54892 1.0
29.0 0.0 0.0 55.19837 49.34846 142.20668 7.0
29.0 0.0 29.0 122.51746 20.663 121.45663 7.0
29.0 3.0 3.0 83.20929 3.82059 87.83458 210.0
29.0 3.0 29.0 122.51746 20.663 121.45663 210.0
29.0 7.0 7.0 121.75496 13.45268 56.89133 29.0
29.0 7.0 29.0 122.51746 20.663 121.45663 29.0
29.0 10.0 10.0 97.55313 4.03124 61.31862 15.0
29.0 10.0 29.0 122.51746 20.663 121.45663 15.0
29.0 15.0 15.0 144.68694 26.34998 64.36045 72.0
29.0 15.0 29.0 122.51746 20.663 121.45663 72.0
29.0 17.0 17.0 122.9491 11.04933 94.67304 1070.0
29.0 17.0 29.0 122.51746 20.663 121.45663 1070.0
29.0 18.0 18.0 159.40873 24.97291 93.46973 322.0
29.0 18.0 29.0 122.51746 20.663 121.45663 322.0
29.0 23.0 23.0 173.39498 43.68642 76.10338 11.0
29.0 23.0 29.0 122.51746 20.663 121.45663 11.0
29.0 24.0 24.0 107.40943 87.47596 149.10022 10.0
29.0 24.0 29.0 122.51746 20.663 121.45663 10.0
29.0 25.0 25.0 182.7205 64.94712 100.90755 5.0
29.0 25.0 29.0 122.51746 20.663 121.45663 5.0
29.0 26.0 26.0 131.69995 45.01649 139.21961 1218.0
29.0 26.0 29.0 122.51746 20.663 121.45663 1218.0
29.0 28.0 28.0 83.18336 39.94872 143.54892 290.0
29.0 28.0 29.0 122.51746 20.663 121.45663 290.0
29.0 29.0 29.0 122.51746 20.663 121.45663 2502.0
29.0 29.0 29.0 122.51746 20.663 121.45663 2502.0
29.0 32.0 32.0 156.68543 89.36649 57.90696 1.0
29.0 32.0 29.0 122.51746 20.663 121.45663 1.0
29.0 33.0 33.0 97.63061 49.82787 149.22899 150.0
29.0 33.0 29.0 122.51746 20.663 121.45663 150.0
29.0 34.0 34.0 127.30642 111.60632 129.44947 1.0
29.0 34.0 29.0 122.51746 20.663 121.45663 1.0
29.0 36.0 36.0 51.14855 19.24764 119.27829 4.0
29.0 36.0 29.0 122.51746 20.663 121.45663 4.0
29.0 37.0 37.0 79.70498 11.03333 113.69798 694.0
29.0 37.0 29.0 122.51746 20.663 121.45663 694.0
29.0 38.0 38.0 88.26935 68.24773 152.65392 12.0
29.0 38.0 29.0 122.51746 20.663 121.45663 12.0
29.0 44.0 44.0 70.66445 22.69661 131.38599 71.0
29.0 44.0 29.0 122.51746 20.663 121.45663 71.0
29.0 47.0 47.0 164.06157 62.53586 126.30908 150.0
29.0 47.0 29.0 122.51746 20.663 121.45663 150.0
30.0 1.0 1.0 66.63798 89.68058 7.8029 258.0
30.0 1.0 30.0 88.96928 139.86442 63.11435 258.0
30.0 4.0 4.0 72.33593 108.2936 139.84285 1.0
30.0 4.0 30.0 88.96928 139.86442 63.11435 1.0
30.0 5.0 5.0 36.65872 130.3294 82.26228 1263.0
30.0 5.0 30.0 88.96928 139.86442 63.11435 1263.0
30.0 8.0 8.0 108.73405 84.89896 39.04497 450.0
30.0 8.0 30.0 88.96928 139.86442 63.11435 450.0
30.0 9.0 9.0 78.34041 140.11866 102.32892 865.0
30.0 9.0 30.0 88.96928 139.86442 63.11435 865.0
30.0 14.0 14.0 128.5445 115.89309 40.42733 238.0
30.0 14.0 30.0 88.96928 139.86442 63.11435 238.0
30.0 21.0 21.0 27.91989 77.91207 19.66544 1.0
30.0 21.0 30.0 88.96928 139.86442 63.11435 1.0
30.0 30.0 30.0 88.96928 139.86442 63.11435 8618.0
30.0 30.0 30.0 88.96928 139.86442 63.11435 8618.0
30.0 32.0 32.0 156.68543 89.36649 57.90696 9.0
30.0 32.0 30.0 88.96928 139.86442 63.11435 9.0
30.0 34.0 34.0 127.30642 111.60632 129.44947 93.0
30.0 34.0 30.0 88.96928 139.86442 63.11435 93.0
30.0 35.0 35.0 147.06258 121.57403 95.48477 545.0
30.0 35.0 30.0 88.96928 139.86442 63.11435 545.0
30.0 41.0 41.0 59.70286 125.61806 122.76804 42.0
30.0 41.0 30.0 88.96928 139.86442 63.11435 42.0
30.0 43.0 43.0 102.37837 137.40191 99.87735 1423.0
30.0 43.0 30.0 88.96928 139.86442 63.11435 1423.0
30.0 45.0 45.0 35.21283 116.36774 28.41603 507.0
30.0 45.0 30.0 88.96928 139.86442 63.11435 507.0
30.0 46.0 46.0 114.87453 130.51938 52.95781 2367.0
30.0 46.0 30.0 88.96928 139.86442 63.11435 2367.0
31.0 1.0 1.0 66.63798 89.68058 7.8029 4.0
31.0 1.0 31.0 121.52149 39.3893 35.89721 4.0
31.0 3.0 3.0 83.20929 3.82059 87.83458 2.0
31.0 3.0 31.0 121.52149 39.3893 35.89721 2.0
31.0 7.0 7.0 121.75496 13.45268 56.89133 1156.0
31.0 7.0 31.0 121.52149 39.3893 35.89721 1156.0
31.0 8.0 8.0 108.73405 84.89896 39.04497 1663.0
31.0 8.0 31.0 121.52149 39.3893 35.89721 1663.0
31.0 10.0 10.0 97.55313 4.03124 61.31862 296.0
31.0 10.0 31.0 121.52149 39.3893 35.89721 296.0
31.0 11.0 11.0 48.37742 14.20101 56.54128 2.0
31.0 11.0 31.0 121.52149 39.3893 35.89721 2.0
31.0 12.0 12.0 179.8104 86.5493 84.83875 10.0
31.0 12.0 31.0 121.52149 39.3893 35.89721 10.0
31.0 14.0 14.0 128.5445 115.89309 40.42733 8.0
31.0 14.0 31.0 121.52149 39.3893 35.89721 8.0
31.0 15.0 15.0 144.68694 26.34998 64.36045 934.0
31.0 15.0 31.0 121.52149 39.3893 35.89721 934.0
31.0 17.0 17.0 122.9491 11.04933 94.67304 12.0
31.0 17.0 31.0 121.52149 39.3893 35.89721 12.0
31.0 18.0 18.0 159.40873 24.97291 93.46973 23.0
31.0 18.0 31.0 121.52149 39.3893 35.89721 23.0
31.0 19.0 19.0 66.75965 15.12495 46.24059 33.0
31.0 19.0 31.0 121.52149 39.3893 35.89721 33.0
31.0 20.0 20.0 85.62064 53.818 22.80756 1618.0
31.0 20.0 31.0 121.52149 39.3893 35.89721 1618.0
31.0 23.0 23.0 173.39498 43.68642 76.10338 97.0
31.0 23.0 31.0 121.52149 39.3893 35.89721 97.0
31.0 31.0 31.0 121.52149 39.3893 35.89721 6783.0
31.0 31.0 31.0 121.52149 39.3893 35.89721 6783.0
31.0 32.0 32.0 156.68543 89.36649 57.90696 337.0
31.0 32.0 31.0 121.52149 39.3893 35.89721 337.0
31.0 40.0 40.0 83.29693 23.59638 42.2947 767.0
31.0 40.0 31.0 121.52149 39.3893 35.89721 767.0
32.0 7.0 7.0 121.75496 13.45268 56.89133 6.0
32.0 7.0 32.0 156.68543 89.36649 57.90696 6.0
32.0 8.0 8.0 108.73405 84.89896 39.04497 1319.0
32.0 8.0 32.0 156.68543 89.36649 57.90696 1319.0
32.0 12.0 12.0 179.8104 86.5493 84.83875 1054.0
32.0 12.0 32.0 156.68543 89.36649 57.90696 1054.0
32.0 14.0 14.0 128.5445 115.89309 40.42733 1039.0
32.0 14.0 32.0 156.68543 89.36649 57.90696 1039.0
32.0 15.0 15.0 144.68694 26.34998 64.36045 269.0
32.0 15.0 32.0 156.68543 89.36649 57.90696 269.0
32.0 18.0 18.0 159.40873 24.97291 93.46973 16.0
32.0 18.0 32.0 156.68543 89.36649 57.90696 16.0
32.0 20.0 20.0 85.62064 53.818 22.80756 10.0
32.0 20.0 32.0 156.68543 89.36649 57.90696 10.0
32.0 23.0 23.0 173.39498 43.68642 76.10338 330.0
32.0 23.0 32.0 156.68543 89.36649 57.90696 330.0
32.0 25.0 25.0 182.7205 64.94712 100.90755 65.0
32.0 25.0 32.0 156.68543 89.36649 57.90696 65.0
32.0 30.0 30.0 88.96928 139.86442 63.11435 24.0
32.0 30.0 32.0 156.68543 89.36649 57.90696 24.0
32.0 31.0 31.0 121.52149 39.3893 35.89721 427.0
32.0 31.0 32.0 156.68543 89.36649 57.90696 427.0
32.0 32.0 32.0 156.68543 89.36649 57.90696 4689.0
32.0 32.0 32.0 156.68543 89.36649 57.90696 4689.0
32.0 34.0 34.0 127.30642 111.60632 129.44947 12.0
32.0 34.0 32.0 156.68543 89.36649 57.90696 12.0
32.0 35.0 35.0 147.06258 121.57403 95.48477 667.0
32.0 35.0 32.0 156.68543 89.36649 57.90696 667.0
32.0 43.0 43.0 102.37837 137.40191 99.87735 3.0
32.0 43.0 32.0 156.68543 89.36649 57.90696 3.0
32.0 46.0 46.0 114.87453 130.51938 52.95781 281.0
32.0 46.0 32.0 156.68543 89.36649 57.90696 281.0
32.0 47.0 47.0 164.06157 62.53586 126.30908 5.0
32.0 47.0 32.0 156.68543 89.36649 57.90696 5.0
33.0 0.0 0.0 55.19837 49.34846 142.20668 227.0
33.0 0.0 33.0 97.63061 49.82787 149.22899 227.0
33.0 3.0 3.0 83.20929 3.82059 87.83458 2.0
33.0 3.0 33.0 97.63061 49.82787 149.22899 2.0
33.0 4.0 4.0 72.33593 108.2936 139.84285 8.0
33.0 4.0 33.0 97.63061 49.82787 149.22899 8.0
33.0 16.0 16.0 37.12319 38.56916 124.39592 9.0
33.0 16.0 33.0 97.63061 49.82787 149.22899 9.0
33.0 17.0 17.0 122.9491 11.04933 94.67304 3.0
33.0 17.0 33.0 97.63061 49.82787 149.22899 3.0
33.0 18.0 18.0 159.40873 24.97291 93.46973 2.0
33.0 18.0 33.0 97.63061 49.82787 149.22899 2.0
33.0 22.0 22.0 25.28945 80.15446 119.70076 5.0
33.0 22.0 33.0 97.63061 49.82787 149.22899 5.0
33.0 24.0 24.0 107.40943 87.47596 149.10022 387.0
33.0 24.0 33.0 97.63061 49.82787 149.22899 387.0
33.0 26.0 26.0 131.69995 45.01649 139.21961 730.0
33.0 26.0 33.0 97.63061 49.82787 149.22899 730.0
33.0 28.0 28.0 83.18336 39.94872 143.54892 985.0
33.0 28.0 33.0 97.63061 49.82787 149.22899 985.0
33.0 29.0 29.0 122.51746 20.663 121.45663 149.0
33.0 29.0 33.0 97.63061 49.82787 149.22899 149.0
33.0 33.0 33.0 97.63061 49.82787 149.22899 1399.0
33.0 33.0 33.0 97.63061 49.82787 149.22899 1399.0
33.0 34.0 34.0 127.30642 111.60632 129.44947 12.0
33.0 34.0 33.0 97.63061 49.82787 149.22899 12.0
33.0 36.0 36.0 51.14855 19.24764 119.27829 11.0
33.0 36.0 33.0 97.63061 49.82787 149.22899 11.0
33.0 37.0 37.0 79.70498 11.03333 113.69798 76.0
33.0 37.0 33.0 97.63061 49.82787 149.22899 76.0
33.0 38.0 38.0 88.26935 68.24773 152.65392 905.0
33.0 38.0 33.0 97.63061 49.82787 149.22899 905.0
33.0 42.0 42.0 56.49552 85.09772 144.93305 107.0
33.0 42.0 33.0 97.63061 49.82787 149.22899 107.0
33.0 44.0 44.0 70.66445 22.69661 131.38599 110.0
33.0 44.0 33.0 97.63061 49.82787 149.22899 110.0
33.0 47.0 47.0 164.06157 62.53586 126.30908 12.0
33.0 47.0 33.0 97.63061 49.82787 149.22899 12.0
34.0 4.0 4.0 72.33593 108.2936 139.84285 747.0
34.0 4.0 34.0 127.30642 111.60632 129.44947 747.0
34.0 9.0 9.0 78.34041 140.11866 102.32892 394.0
34.0 9.0 34.0 127.30642 111.60632 129.44947 394.0
34.0 12.0 12.0 179.8104 86.5493 84.83875 79.0
34.0 12.0 34.0 127.30642 111.60632 129.44947 79.0
34.0 14.0 14.0 128.5445 115.89309 40.42733 3.0
34.0 14.0 34.0 127.30642 111.60632 129.44947 3.0
34.0 24.0 24.0 107.40943 87.47596 149.10022 1769.0
34.0 24.0 34.0 127.30642 111.60632 129.44947 1769.0
34.0 25.0 25.0 182.7205 64.94712 100.90755 29.0
34.0 25.0 34.0 127.30642 111.60632 129.44947 29.0
34.0 26.0 26.0 131.69995 45.01649 139.21961 284.0
34.0 26.0 34.0 127.30642 111.60632 129.44947 284.0
34.0 29.0 29.0 122.51746 20.663 121.45663 2.0
34.0 29.0 34.0 127.30642 111.60632 129.44947 2.0
34.0 30.0 30.0 88.96928 139.86442 63.11435 97.0
34.0 30.0 34.0 127.30642 111.60632 129.44947 97.0
34.0 32.0 32.0 156.68543 89.36649 57.90696 5.0
34.0 32.0 34.0 127.30642 111.60632 129.44947 5.0
34.0 33.0 33.0 97.63061 49.82787 149.22899 16.0
34.0 33.0 34.0 127.30642 111.60632 129.44947 16.0
34.0 34.0 34.0 127.30642 111.60632 129.44947 9793.0
34.0 34.0 34.0 127.30642 111.60632 129.44947 9793.0
34.0 35.0 35.0 147.06258 121.57403 95.48477 1802.0
34.0 35.0 34.0 127.30642 111.60632 129.44947 1802.0
34.0 38.0 38.0 88.26935 68.24773 152.65392 50.0
34.0 38.0 34.0 127.30642 111.60632 129.44947 50.0
34.0 41.0 41.0 59.70286 125.61806 122.76804 376.0
34.0 41.0 34.0 127.30642 111.60632 129.44947 376.0
34.0 42.0 42.0 56.49552 85.09772 144.93305 15.0
34.0 42.0 34.0 127.30642 111.60632 129.44947 15.0
34.0 43.0 43.0 102.37837 137.40191 99.87735 1129.0
34.0 43.0 34.0 127.30642 111.60632 129.44947 1129.0
34.0 46.0 46.0 114.87453 130.51938 52.95781 19.0
34.0 46.0 34.0 127.30642 111.60632 129.44947 19.0
34.0 47.0 47.0 164.06157 62.53586 126.30908 760.0
34.0 47.0 34.0 127.30642 111.60632 129.44947 760.0
35.0 4.0 4.0 72.33593 108.2936 139.84285 1.0
35.0 4.0 35.0 147.06258 121.57403 95.48477 1.0
35.0 8.0 8.0 108.73405 84.89896 39.04497 8.0
35.0 8.0 35.0 147.06258 121.57403 95.48477 8.0
35.0 9.0 9.0 78.34041 140.11866 102.32892 35.0
35.0 9.0 35.0 147.06258 121.57403 95.48477 35.0
35.0 12.0 12.0 179.8104 86.5493 84.83875 822.0
35.0 12.0 35.0 147.06258 121.57403 95.48477 822.0
35.0 14.0 14.0 128.5445 115.89309 40.42733 297.0
35.0 14.0 35.0 147.06258 121.57403 95.48477 297.0
35.0 15.0 15.0 144.68694 26.34998 64.36045 1.0
35.0 15.0 35.0 147.06258 121.57403 95.48477 1.0
35.0 23.0 23.0 173.39498 43.68642 76.10338 2.0
35.0 23.0 35.0 147.06258 121.57403 95.48477 2.0
35.0 24.0 24.0 107.40943 87.47596 149.10022 17.0
35.0 24.0 35.0 147.06258 121.57403 95.48477 17.0
35.0 25.0 25.0 182.7205 64.94712 100.90755 77.0
35.0 25.0 35.0 147.06258 121.57403 95.48477 77.0
35.0 26.0 26.0 131.69995 45.01649 139.21961 4.0
35.0 26.0 35.0 147.06258 121.57403 95.48477 4.0
35.0 28.0 28.0 83.18336 39.94872 143.54892 1.0
35.0 28.0 35.0 147.06258 121.57403 95.48477 1.0
35.0 30.0 30.0 88.96928 139.86442 63.11435 599.0
35.0 30.0 35.0 147.06258 121.57403 95.48477 599.0
35.0 32.0 32.0 156.68543 89.36649 57.90696 623.0
35.0 32.0 35.0 147.06258 121.57403 95.48477 623.0
35.0 34.0 34.0 127.30642 111.60632 129.44947 1830.0
35.0 34.0 35.0 147.06258 121.57403 95.48477 1830.0
35.0 35.0 35.0 147.06258 121.57403 95.48477 6466.0
35.0 35.0 35.0 147.06258 121.57403 95.48477 6466.0
35.0 41.0 41.0 59.70286 125.61806 122.76804 3.0
35.0 41.0 35.0 147.06258 121.57403 95.48477 3.0
35.0 43.0 43.0 102.37837 137.40191 99.87735 731.0
35.0 43.0 35.0 147.06258 121.57403 95.48477 731.0
35.0 46.0 46.0 114.87453 130.51938 52.95781 795.0
35.0 46.0 35.0 147.06258 121.57403 95.48477 795.0
35.0 47.0 47.0 164.06157 62.53586 126.30908 257.0
35.0 47.0 35.0 147.06258 121.57403 95.48477 257.0
36.0 0.0 0.0 55.19837 49.34846 142.20668 297.0
36.0 0.0 36.0 51.14855 19.24764 119.27829 297.0
36.0 2.0 2.0 27.94368 24.86325 88.41272 349.0
36.0 2.0 36.0 51.14855 19.24764 119.27829 349.0
36.0 3.0 3.0 83.20929 3.82059 87.83458 145.0
36.0 3.0 36.0 51.14855 19.24764 119.27829 145.0
36.0 10.0 10.0 97.55313 4.03124 61.31862 1.0
36.0 10.0 36.0 51.14855 19.24764 119.27829 1.0
36.0 11.0 11.0 48.37742 14.20101 56.54128 72.0
36.0 11.0 36.0 51.14855 19.24764 119.27829 72.0
36.0 13.0 13.0 21.94233 30.98826 56.33174 4.0
36.0 13.0 36.0 51.14855 19.24764 119.27829 4.0
36.0 16.0 16.0 37.12319 38.56916 124.39592 655.0
36.0 16.0 36.0 51.14855 19.24764 119.27829 655.0
36.0 19.0 19.0 66.75965 15.12495 46.24059 2.0
36.0 19.0 36.0 51.14855 19.24764 119.27829 2.0
36.0 22.0 22.0 25.28945 80.15446 119.70076 16.0
36.0 22.0 36.0 51.14855 19.24764 119.27829 16.0
36.0 27.0 27.0 18.75642 45.55802 103.98157 84.0
36.0 27.0 36.0 51.14855 19.24764 119.27829 84.0
36.0 28.0 28.0 83.18336 39.94872 143.54892 93.0
36.0 28.0 36.0 51.14855 19.24764 119.27829 93.0
36.0 29.0 29.0 122.51746 20.663 121.45663 3.0
36.0 29.0 36.0 51.14855 19.24764 119.27829 3.0
36.0 33.0 33.0 97.63061 49.82787 149.22899 7.0
36.0 33.0 36.0 51.14855 19.24764 119.27829 7.0
36.0 36.0 36.0 51.14855 19.24764 119.27829 778.0
36.0 36.0 36.0 51.14855 19.24764 119.27829 778.0
36.0 37.0 37.0 79.70498 11.03333 113.69798 619.0
36.0 37.0 36.0 51.14855 19.24764 119.27829 619.0
36.0 38.0 38.0 88.26935 68.24773 152.65392 3.0
36.0 38.0 36.0 51.14855 19.24764 119.27829 3.0
36.0 42.0 42.0 56.49552 85.09772 144.93305 5.0
36.0 42.0 36.0 51.14855 19.24764 119.27829 5.0
36.0 44.0 44.0 70.66445 22.69661 131.38599 443.0
36.0 44.0 36.0 51.14855 19.24764 119.27829 443.0
37.0 0.0 0.0 55.19837 49.34846 142.20668 88.0
37.0 0.0 37.0 79.70498 11.03333 113.69798 88.0
37.0 2.0 2.0 27.94368 24.86325 88.41272 310.0
37.0 2.0 37.0 79.70498 11.03333 113.69798 310.0
37.0 3.0 3.0 83.20929 3.82059 87.83458 1743.0
37.0 3.0 37.0 79.70498 11.03333 113.69798 1743.0
37.0 7.0 7.0 121.75496 13.45268 56.89133 16.0
37.0 7.0 37.0 79.70498 11.03333 113.69798 16.0
37.0 10.0 10.0 97.55313 4.03124 61.31862 70.0
37.0 10.0 37.0 79.70498 11.03333 113.69798 70.0
37.0 11.0 11.0 48.37742 14.20101 56.54128 212.0
37.0 11.0 37.0 79.70498 11.03333 113.69798 212.0
37.0 13.0 13.0 21.94233 30.98826 56.33174 3.0
37.0 13.0 37.0 79.70498 11.03333 113.69798 3.0
37.0 15.0 15.0 144.68694 26.34998 64.36045 3.0
37.0 15.0 37.0 79.70498 11.03333 113.69798 3.0
37.0 16.0 16.0 37.12319 38.56916 124.39592 175.0
37.0 16.0 37.0 79.70498 11.03333 113.69798 175.0
37.0 17.0 17.0 122.9491 11.04933 94.67304 394.0
37.0 17.0 37.0 79.70498 11.03333 113.69798 394.0
37.0 18.0 18.0 159.40873 24.97291 93.46973 2.0
37.0 18.0 37.0 79.70498 11.03333 113.69798 2.0
37.0 19.0 19.0 66.75965 15.12495 46.24059 33.0
37.0 19.0 37.0 79.70498 11.03333 113.69798 33.0
37.0 24.0 24.0 107.40943 87.47596 149.10022 1.0
37.0 24.0 37.0 79.70498 11.03333 113.69798 1.0
37.0 26.0 26.0 131.69995 45.01649 139.21961 146.0
37.0 26.0 37.0 79.70498 11.03333 113.69798 146.0
37.0 27.0 27.0 18.75642 45.55802 103.98157 27.0
37.0 27.0 37.0 79.70498 11.03333 113.69798 27.0
37.0 28.0 28.0 83.18336 39.94872 143.54892 497.0
37.0 28.0 37.0 79.70498 11.03333 113.69798 497.0
37.0 29.0 29.0 122.51746 20.663 121.45663 730.0
37.0 29.0 37.0 79.70498 11.03333 113.69798 730.0
37.0 33.0 33.0 97.63061 49.82787 149.22899 83.0
37.0 33.0 37.0 79.70498 11.03333 113.69798 83.0
37.0 36.0 36.0 51.14855 19.24764 119.27829 605.0
37.0 36.0 37.0 79.70498 11.03333 113.69798 605.0
37.0 37.0 37.0 79.70498 11.03333 113.69798 4315.0
37.0 37.0 37.0 79.70498 11.03333 113.69798 4315.0
37.0 38.0 38.0 88.26935 68.24773 152.65392 6.0
37.0 38.0 37.0 79.70498 11.03333 113.69798 6.0
37.0 40.0 40.0 83.29693 23.59638 42.2947 6.0
37.0 40.0 37.0 79.70498 11.03333 113.69798 6.0
37.0 42.0 42.0 56.49552 85.09772 144.93305 1.0
37.0 42.0 37.0 79.70498 11.03333 113.69798 1.0
37.0 44.0 44.0 70.66445 22.69661 131.38599 933.0
37.0 44.0 37.0 79.70498 11.03333 113.69798 933.0
37.0 47.0 47.0 164.06157 62.53586 126.30908 1.0
37.0 47.0 37.0 79.70498 11.03333 113.69798 1.0
38.0 0.0 0.0 55.19837 49.34846 142.20668 333.0
38.0 0.0 38.0 88.26935 68.24773 152.65392 333.0
38.0 4.0 4.0 72.33593 108.2936 139.84285 238.0
38.0 4.0 38.0 88.26935 68.24773 152.65392 238.0
38.0 16.0 16.0 37.12319 38.56916 124.39592 20.0
38.0 16.0 38.0 88.26935 68.24773 152.65392 20.0
38.0 22.0 22.0 25.28945 80.15446 119.70076 38.0
38.0 22.0 38.0 88.26935 68.24773 152.65392 38.0
38.0 24.0 24.0 107.40943 87.47596 149.10022 1230.0
38.0 24.0 38.0 88.26935 68.24773 152.65392 1230.0
38.0 26.0 26.0 131.69995 45.01649 139.21961 279.0
38.0 26.0 38.0 88.26935 68.24773 152.65392 279.0
38.0 28.0 28.0 83.18336 39.94872 143.54892 496.0
38.0 28.0 38.0 88.26935 68.24773 152.65392 496.0
38.0 29.0 29.0 122.51746 20.663 121.45663 13.0
38.0 29.0 38.0 88.26935 68.24773 152.65392 13.0
38.0 33.0 33.0 97.63061 49.82787 149.22899 823.0
38.0 33.0 38.0 88.26935 68.24773 152.65392 823.0
38.0 34.0 34.0 127.30642 111.60632 129.44947 45.0
38.0 34.0 38.0 88.26935 68.24773 152.65392 45.0
38.0 36.0 36.0 51.14855 19.24764 119.27829 4.0
38.0 36.0 38.0 88.26935 68.24773 152.65392 4.0
38.0 37.0 37.0 79.70498 11.03333 113.69798 8.0
38.0 37.0 38.0 88.26935 68.24773 152.65392 8.0
38.0 38.0 38.0 88.26935 68.24773 152.65392 1720.0
38.0 38.0 38.0 88.26935 68.24773 152.65392 1720.0
38.0 41.0 41.0 59.70286 125.61806 122.76804 8.0
38.0 41.0 38.0 88.26935 68.24773 152.65392 8.0
38.0 42.0 42.0 56.49552 85.09772 144.93305 798.0
38.0 42.0 38.0 88.26935 68.24773 152.65392 798.0
38.0 44.0 44.0 70.66445 22.69661 131.38599 21.0
38.0 44.0 38.0 88.26935 68.24773 152.65392 21.0
38.0 47.0 47.0 164.06157 62.53586 126.30908 14.0
38.0 47.0 38.0 88.26935 68.24773 152.65392 14.0
39.0 1.0 1.0 66.63798 89.68058 7.8029 255.0
39.0 1.0 39.0 21.99045 50.11225 32.63107 255.0
39.0 2.0 2.0 27.94368 24.86325 88.41272 125.0
39.0 2.0 39.0 21.99045 50.11225 32.63107 125.0
39.0 5.0 5.0 36.65872 130.3294 82.26228 6.0
39.0 5.0 39.0 21.99045 50.11225 32.63107 6.0
39.0 6.0 6.0 5.47229 85.12888 74.4019 985.0
39.0 6.0 39.0 21.99045 50.11225 32.63107 985.0
39.0 8.0 8.0 108.73405 84.89896 39.04497 1.0
39.0 8.0 39.0 21.99045 50.11225 32.63107 1.0
39.0 11.0 11.0 48.37742 14.20101 56.54128 620.0
39.0 11.0 39.0 21.99045 50.11225 32.63107 620.0
39.0 13.0 13.0 21.94233 30.98826 56.33174 1093.0
39.0 13.0 39.0 21.99045 50.11225 32.63107 1093.0
39.0 19.0 19.0 66.75965 15.12495 46.24059 170.0
39.0 19.0 39.0 21.99045 50.11225 32.63107 170.0
39.0 20.0 20.0 85.62064 53.818 22.80756 433.0
39.0 20.0 39.0 21.99045 50.11225 32.63107 433.0
39.0 21.0 21.0 27.91989 77.91207 19.66544 1333.0
39.0 21.0 39.0 21.99045 50.11225 32.63107 1333.0
39.0 22.0 22.0 25.28945 80.15446 119.70076 6.0
39.0 22.0 39.0 21.99045 50.11225 32.63107 6.0
39.0 27.0 27.0 18.75642 45.55802 103.98157 32.0
39.0 27.0 39.0 21.99045 50.11225 32.63107 32.0
39.0 31.0 31.0 121.52149 39.3893 35.89721 4.0
39.0 31.0 39.0 21.99045 50.11225 32.63107 4.0
39.0 39.0 39.0 21.99045 50.11225 32.63107 5100.0
39.0 39.0 39.0 21.99045 50.11225 32.63107 5100.0
39.0 40.0 40.0 83.29693 23.59638 42.2947 50.0
39.0 40.0 39.0 21.99045 50.11225 32.63107 50.0
39.0 45.0 45.0 35.21283 116.36774 28.41603 96.0
39.0 45.0 39.0 21.99045 50.11225 32.63107 96.0
40.0 1.0 1.0 66.63798 89.68058 7.8029 14.0
40.0 1.0 40.0 83.29693 23.59638 42.2947 14.0
40.0 3.0 3.0 83.20929 3.82059 87.83458 126.0
40.0 3.0 40.0 83.29693 23.59638 42.2947 126.0
40.0 7.0 7.0 121.75496 13.45268 56.89133 249.0
40.0 7.0 40.0 83.29693 23.59638 42.2947 249.0
40.0 8.0 8.0 108.73405 84.89896 39.04497 40.0
40.0 8.0 40.0 83.29693 23.59638 42.2947 40.0
40.0 10.0 10.0 97.55313 4.03124 61.31862 865.0
40.0 10.0 40.0 83.29693 23.59638 42.2947 865.0
40.0 11.0 11.0 48.37742 14.20101 56.54128 396.0
40.0 11.0 40.0 83.29693 23.59638 42.2947 396.0
40.0 13.0 13.0 21.94233 30.98826 56.33174 6.0
40.0 13.0 40.0 83.29693 23.59638 42.2947 6.0
40.0 15.0 15.0 144.68694 26.34998 64.36045 9.0
40.0 15.0 40.0 83.29693 23.59638 42.2947 9.0
40.0 17.0 17.0 122.9491 11.04933 94.67304 4.0
40.0 17.0 40.0 83.29693 23.59638 42.2947 4.0
40.0 19.0 19.0 66.75965 15.12495 46.24059 882.0
40.0 19.0 40.0 83.29693 23.59638 42.2947 882.0
40.0 20.0 20.0 85.62064 53.818 22.80756 1261.0
40.0 20.0 40.0 83.29693 23.59638 42.2947 1261.0
40.0 21.0 21.0 27.91989 77.91207 19.66544 4.0
40.0 21.0 40.0 83.29693 23.59638 42.2947 4.0
40.0 31.0 31.0 121.52149 39.3893 35.89721 750.0
40.0 31.0 40.0 83.29693 23.59638 42.2947 750.0
40.0 37.0 37.0 79.70498 11.03333 113.69798 1.0
40.0 37.0 40.0 83.29693 23.59638 42.2947 1.0
40.0 39.0 39.0 21.99045 50.11225 32.63107 37.0
40.0 39.0 40.0 83.29693 23.59638 42.2947 37.0
40.0 40.0 40.0 83.29693 23.59638 42.2947 2516.0
40.0 40.0 40.0 83.29693 23.59638 42.2947 2516.0
41.0 0.0 0.0 55.19837 49.34846 142.20668 2.0
41.0 0.0 41.0 59.70286 125.61806 122.76804 2.0
41.0 4.0 4.0 72.33593 108.2936 139.84285 1936.0
41.0 4.0 41.0 59.70286 125.61806 122.76804 1936.0
41.0 5.0 5.0 36.65872 130.3294 82.26228 1600.0
41.0 5.0 41.0 59.70286 125.61806 122.76804 1600.0
41.0 6.0 6.0 5.47229 85.12888 74.4019 24.0
41.0 6.0 41.0 59.70286 125.61806 122.76804 24.0
41.0 9.0 9.0 78.34041 140.11866 102.32892 1401.0
41.0 9.0 41.0 59.70286 125.61806 122.76804 1401.0
41.0 13.0 13.0 21.94233 30.98826 56.33174 1.0
41.0 13.0 41.0 59.70286 125.61806 122.76804 1.0
41.0 16.0 16.0 37.12319 38.56916 124.39592 1.0
41.0 16.0 41.0 59.70286 125.61806 122.76804 1.0
41.0 22.0 22.0 25.28945 80.15446 119.70076 542.0
41.0 22.0 41.0 59.70286 125.61806 122.76804 542.0
41.0 24.0 24.0 107.40943 87.47596 149.10022 96.0
41.0 24.0 41.0 59.70286 125.61806 122.76804 96.0
41.0 27.0 27.0 18.75642 45.55802 103.98157 1.0
41.0 27.0 41.0 59.70286 125.61806 122.76804 1.0
41.0 28.0 28.0 83.18336 39.94872 143.54892 1.0
41.0 28.0 41.0 59.70286 125.61806 122.76804 1.0
41.0 30.0 30.0 88.96928 139.86442 63.11435 37.0
41.0 30.0 41.0 59.70286 125.61806 122.76804 37.0
41.0 33.0 33.0 97.63061 49.82787 149.22899 1.0
41.0 33.0 41.0 59.70286 125.61806 122.76804 1.0
41.0 34.0 34.0 127.30642 111.60632 129.44947 351.0
41.0 34.0 41.0 59.70286 125.61806 122.76804 351.0
41.0 35.0 35.0 147.06258 121.57403 95.48477 3.0
41.0 35.0 41.0 59.70286 125.61806 122.76804 3.0
41.0 38.0 38.0 88.26935 68.24773 152.65392 4.0
41.0 38.0 41.0 59.70286 125.61806 122.76804 4.0
41.0 41.0 41.0 59.70286 125.61806 122.76804 5430.0
41.0 41.0 41.0 59.70286 125.61806 122.76804 5430.0
41.0 42.0 42.0 56.49552 85.09772 144.93305 379.0
41.0 42.0 41.0 59.70286 125.61806 122.76804 379.0
41.0 43.0 43.0 102.37837 137.40191 99.87735 292.0
41.0 43.0 41.0 59.70286 125.61806 122.76804 292.0
42.0 0.0 0.0 55.19837 49.34846 142.20668 701.0
42.0 0.0 42.0 56.49552 85.09772 144.93305 701.0
42.0 4.0 4.0 72.33593 108.2936 139.84285 1590.0
42.0 4.0 42.0 56.49552 85.09772 144.93305 1590.0
42.0 5.0 5.0 36.65872 130.3294 82.26228 45.0
42.0 5.0 42.0 56.49552 85.09772 144.93305 45.0
42.0 6.0 6.0 5.47229 85.12888 74.4019 1.0
42.0 6.0 42.0 56.49552 85.09772 144.93305 1.0
42.0 9.0 9.0 78.34041 140.11866 102.32892 6.0
42.0 9.0 42.0 56.49552 85.09772 144.93305 6.0
42.0 16.0 16.0 37.12319 38.56916 124.39592 140.0
42.0 16.0 42.0 56.49552 85.09772 144.93305 140.0
42.0 22.0 22.0 25.28945 80.15446 119.70076 1122.0
42.0 22.0 42.0 56.49552 85.09772 144.93305 1122.0
42.0 24.0 24.0 107.40943 87.47596 149.10022 423.0
42.0 24.0 42.0 56.49552 85.09772 144.93305 423.0
42.0 26.0 26.0 131.69995 45.01649 139.21961 2.0
42.0 26.0 42.0 56.49552 85.09772 144.93305 2.0
42.0 27.0 27.0 18.75642 45.55802 103.98157 5.0
42.0 27.0 42.0 56.49552 85.09772 144.93305 5.0
42.0 28.0 28.0 83.18336 39.94872 143.54892 204.0
42.0 28.0 42.0 56.49552 85.09772 144.93305 204.0
42.0 29.0 29.0 122.51746 20.663 121.45663 1.0
42.0 29.0 42.0 56.49552 85.09772 144.93305 1.0
42.0 33.0 33.0 97.63061 49.82787 149.22899 77.0
42.0 33.0 42.0 56.49552 85.09772 144.93305 77.0
42.0 34.0 34.0 127.30642 111.60632 129.44947 15.0
42.0 34.0 42.0 56.49552 85.09772 144.93305 15.0
42.0 36.0 36.0 51.14855 19.24764 119.27829 7.0
42.0 36.0 42.0 56.49552 85.09772 144.93305 7.0
42.0 37.0 37.0 79.70498 11.03333 113.69798 1.0
42.0 37.0 42.0 56.49552 85.09772 144.93305 1.0
42.0 38.0 38.0 88.26935 68.24773 152.65392 727.0
42.0 38.0 42.0 56.49552 85.09772 144.93305 727.0
42.0 41.0 41.0 59.70286 125.61806 122.76804 363.0
42.0 41.0 42.0 56.49552 85.09772 144.93305 363.0
42.0 42.0 42.0 56.49552 85.09772 144.93305 3599.0
42.0 42.0 42.0 56.49552 85.09772 144.93305 3599.0
42.0 43.0 43.0 102.37837 137.40191 99.87735 1.0
42.0 43.0 42.0 56.49552 85.09772 144.93305 1.0
42.0 44.0 44.0 70.66445 22.69661 131.38599 6.0
42.0 44.0 42.0 56.49552 85.09772 144.93305 6.0
43.0 4.0 4.0 72.33593 108.2936 139.84285 81.0
43.0 4.0 43.0 102.37837 137.40191 99.87735 81.0
43.0 5.0 5.0 36.65872 130.3294 82.26228 77.0
43.0 5.0 43.0 102.37837 137.40191 99.87735 77.0
43.0 8.0 8.0 108.73405 84.89896 39.04497 3.0
43.0 8.0 43.0 102.37837 137.40191 99.87735 3.0
43.0 9.0 9.0 78.34041 140.11866 102.32892 1334.0
43.0 9.0 43.0 102.37837 137.40191 99.87735 1334.0
43.0 14.0 14.0 128.5445 115.89309 40.42733 4.0
43.0 14.0 43.0 102.37837 137.40191 99.87735 4.0
43.0 24.0 24.0 107.40943 87.47596 149.10022 9.0
43.0 24.0 43.0 102.37837 137.40191 99.87735 9.0
43.0 30.0 30.0 88.96928 139.86442 63.11435 1397.0
43.0 30.0 43.0 102.37837 137.40191 99.87735 1397.0
43.0 34.0 34.0 127.30642 111.60632 129.44947 1025.0
43.0 34.0 43.0 102.37837 137.40191 99.87735 1025.0
43.0 35.0 35.0 147.06258 121.57403 95.48477 683.0
43.0 35.0 43.0 102.37837 137.40191 99.87735 683.0
43.0 37.0 37.0 79.70498 11.03333 113.69798 1.0
43.0 37.0 43.0 102.37837 137.40191 99.87735 1.0
43.0 41.0 41.0 59.70286 125.61806 122.76804 291.0
43.0 41.0 43.0 102.37837 137.40191 99.87735 291.0
43.0 43.0 43.0 102.37837 137.40191 99.87735 2849.0
43.0 43.0 43.0 102.37837 137.40191 99.87735 2849.0
43.0 46.0 46.0 114.87453 130.51938 52.95781 138.0
43.0 46.0 43.0 102.37837 137.40191 99.87735 138.0
44.0 0.0 0.0 55.19837 49.34846 142.20668 401.0
44.0 0.0 44.0 70.66445 22.69661 131.38599 401.0
44.0 2.0 2.0 27.94368 24.86325 88.41272 45.0
44.0 2.0 44.0 70.66445 22.69661 131.38599 45.0
44.0 3.0 3.0 83.20929 3.82059 87.83458 71.0
44.0 3.0 44.0 70.66445 22.69661 131.38599 71.0
44.0 4.0 4.0 72.33593 108.2936 139.84285 1.0
44.0 4.0 44.0 70.66445 22.69661 131.38599 1.0
44.0 10.0 10.0 97.55313 4.03124 61.31862 1.0
44.0 10.0 44.0 70.66445 22.69661 131.38599 1.0
44.0 11.0 11.0 48.37742 14.20101 56.54128 7.0
44.0 11.0 44.0 70.66445 22.69661 131.38599 7.0
44.0 16.0 16.0 37.12319 38.56916 124.39592 193.0
44.0 16.0 44.0 70.66445 22.69661 131.38599 193.0
44.0 17.0 17.0 122.9491 11.04933 94.67304 11.0
44.0 17.0 44.0 70.66445 22.69661 131.38599 11.0
44.0 22.0 22.0 25.28945 80.15446 119.70076 1.0
44.0 22.0 44.0 70.66445 22.69661 131.38599 1.0
44.0 26.0 26.0 131.69995 45.01649 139.21961 21.0
44.0 26.0 44.0 70.66445 22.69661 131.38599 21.0
44.0 27.0 27.0 18.75642 45.55802 103.98157 4.0
44.0 27.0 44.0 70.66445 22.69661 131.38599 4.0
44.0 28.0 28.0 83.18336 39.94872 143.54892 578.0
44.0 28.0 44.0 70.66445 22.69661 131.38599 578.0
44.0 29.0 29.0 122.51746 20.663 121.45663 69.0
44.0 29.0 44.0 70.66445 22.69661 131.38599 69.0
44.0 33.0 33.0 97.63061 49.82787 149.22899 112.0
44.0 33.0 44.0 70.66445 22.69661 131.38599 112.0
44.0 36.0 36.0 51.14855 19.24764 119.27829 432.0
44.0 36.0 44.0 70.66445 22.69661 131.38599 432.0
44.0 37.0 37.0 79.70498 11.03333 113.69798 980.0
44.0 37.0 44.0 70.66445 22.69661 131.38599 980.0
44.0 38.0 38.0 88.26935 68.24773 152.65392 19.0
44.0 38.0 44.0 70.66445 22.69661 131.38599 19.0
44.0 42.0 42.0 56.49552 85.09772 144.93305 9.0
44.0 42.0 44.0 70.66445 22.69661 131.38599 9.0
44.0 44.0 44.0 70.66445 22.69661 131.38599 946.0
44.0 44.0 44.0 70.66445 22.69661 131.38599 946.0
45.0 1.0 1.0 66.63798 89.68058 7.8029 1416.0
45.0 1.0 45.0 35.21283 116.36774 28.41603 1416.0
45.0 5.0 5.0 36.65872 130.3294 82.26228 1456.0
45.0 5.0 45.0 35.21283 116.36774 28.41603 1456.0
45.0 6.0 6.0 5.47229 85.12888 74.4019 680.0
45.0 6.0 45.0 35.21283 116.36774 28.41603 680.0
45.0 8.0 8.0 108.73405 84.89896 39.04497 136.0
45.0 8.0 45.0 35.21283 116.36774 28.41603 136.0
45.0 9.0 9.0 78.34041 140.11866 102.32892 6.0
45.0 9.0 45.0 35.21283 116.36774 28.41603 6.0
45.0 14.0 14.0 128.5445 115.89309 40.42733 3.0
45.0 14.0 45.0 35.21283 116.36774 28.41603 3.0
45.0 20.0 20.0 85.62064 53.818 22.80756 13.0
45.0 20.0 45.0 35.21283 116.36774 28.41603 13.0
45.0 21.0 21.0 27.91989 77.91207 19.66544 1158.0
45.0 21.0 45.0 35.21283 116.36774 28.41603 1158.0
45.0 22.0 22.0 25.28945 80.15446 119.70076 2.0
45.0 22.0 45.0 35.21283 116.36774 28.41603 2.0
45.0 30.0 30.0 88.96928 139.86442 63.11435 621.0
45.0 30.0 45.0 35.21283 116.36774 28.41603 621.0
45.0 39.0 39.0 21.99045 50.11225 32.63107 104.0
45.0 39.0 45.0 35.21283 116.36774 28.41603 104.0
45.0 43.0 43.0 102.37837 137.40191 99.87735 1.0
45.0 43.0 45.0 35.21283 116.36774 28.41603 1.0
45.0 45.0 45.0 35.21283 116.36774 28.41603 7125.0
45.0 45.0 45.0 35.21283 116.36774 28.41603 7125.0
45.0 46.0 46.0 114.87453 130.51938 52.95781 63.0
45.0 46.0 45.0 35.21283 116.36774 28.41603 63.0
46.0 1.0 1.0 66.63798 89.68058 7.8029 109.0
46.0 1.0 46.0 114.87453 130.51938 52.95781 109.0
46.0 5.0 5.0 36.65872 130.3294 82.26228 14.0
46.0 5.0 46.0 114.87453 130.51938 52.95781 14.0
46.0 8.0 8.0 108.73405 84.89896 39.04497 734.0
46.0 8.0 46.0 114.87453 130.51938 52.95781 734.0
46.0 9.0 9.0 78.34041 140.11866 102.32892 16.0
46.0 9.0 46.0 114.87453 130.51938 52.95781 16.0
46.0 12.0 12.0 179.8104 86.5493 84.83875 6.0
46.0 12.0 46.0 114.87453 130.51938 52.95781 6.0
46.0 14.0 14.0 128.5445 115.89309 40.42733 1788.0
46.0 14.0 46.0 114.87453 130.51938 52.95781 1788.0
46.0 20.0 20.0 85.62064 53.818 22.80756 3.0
46.0 20.0 46.0 114.87453 130.51938 52.95781 3.0
46.0 30.0 30.0 88.96928 139.86442 63.11435 2372.0
46.0 30.0 46.0 114.87453 130.51938 52.95781 2372.0
46.0 32.0 32.0 156.68543 89.36649 57.90696 230.0
46.0 32.0 46.0 114.87453 130.51938 52.95781 230.0
46.0 34.0 34.0 127.30642 111.60632 129.44947 26.0
46.0 34.0 46.0 114.87453 130.51938 52.95781 26.0
46.0 35.0 35.0 147.06258 121.57403 95.48477 786.0
46.0 35.0 46.0 114.87453 130.51938 52.95781 786.0
46.0 43.0 43.0 102.37837 137.40191 99.87735 171.0
46.0 43.0 46.0 114.87453 130.51938 52.95781 171.0
46.0 45.0 45.0 35.21283 116.36774 28.41603 34.0
46.0 45.0 46.0 114.87453 130.51938 52.95781 34.0
46.0 46.0 46.0 114.87453 130.51938 52.95781 3987.0
46.0 46.0 46.0 114.87453 130.51938 52.95781 3987.0
47.0 12.0 12.0 179.8104 86.5493 84.83875 319.0
47.0 12.0 47.0 164.06157 62.53586 126.30908 319.0
47.0 15.0 15.0 144.68694 26.34998 64.36045 32.0
47.0 15.0 47.0 164.06157 62.53586 126.30908 32.0
47.0 17.0 17.0 122.9491 11.04933 94.67304 41.0
47.0 17.0 47.0 164.06157 62.53586 126.30908 41.0
47.0 18.0 18.0 159.40873 24.97291 93.46973 428.0
47.0 18.0 47.0 164.06157 62.53586 126.30908 428.0
47.0 23.0 23.0 173.39498 43.68642 76.10338 239.0
47.0 23.0 47.0 164.06157 62.53586 126.30908 239.0
47.0 24.0 24.0 107.40943 87.47596 149.10022 231.0
47.0 24.0 47.0 164.06157 62.53586 126.30908 231.0
47.0 25.0 25.0 182.7205 64.94712 100.90755 736.0
47.0 25.0 47.0 164.06157 62.53586 126.30908 736.0
47.0 26.0 26.0 131.69995 45.01649 139.21961 1269.0
47.0 26.0 47.0 164.06157 62.53586 126.30908 1269.0
47.0 28.0 28.0 83.18336 39.94872 143.54892 2.0
47.0 28.0 47.0 164.06157 62.53586 126.30908 2.0
47.0 29.0 29.0 122.51746 20.663 121.45663 203.0
47.0 29.0 47.0 164.06157 62.53586 126.30908 203.0
47.0 32.0 32.0 156.68543 89.36649 57.90696 11.0
47.0 32.0 47.0 164.06157 62.53586 126.30908 11.0
47.0 33.0 33.0 97.63061 49.82787 149.22899 17.0
47.0 33.0 47.0 164.06157 62.53586 126.30908 17.0
47.0 34.0 34.0 127.30642 111.60632 129.44947 893.0
47.0 34.0 47.0 164.06157 62.53586 126.30908 893.0
47.0 35.0 35.0 147.06258 121.57403 95.48477 299.0
47.0 35.0 47.0 164.06157 62.53586 126.30908 299.0
47.0 38.0 38.0 88.26935 68.24773 152.65392 5.0
47.0 38.0 47.0 164.06157 62.53586 126.30908 5.0
47.0 47.0 47.0 164.06157 62.53586 126.30908 4547.0
47.0 47.0 47.0 164.06157 62.53586 126.30908 4547.0
