TargetArea SourceArea Area AvgPosX AvgPosY AvgPosZ SumWeights
0.0 0.0 0.0 55.12643 49.31583 142.17057 2787.0
0.0 0.0 0.0 55.12643 49.31583 142.17057 2787.0
0.0 2.0 2.0 27.6848 25.08033 88.21905 10.0
0.0 2.0 0.0 55.12643 49.31583 142.17057 10.0
0.0 4.0 4.0 72.11757 108.2321 139.83209 27.0
0.0 4.0 0.0 55.12643 49.31583 142.17057 27.0
0.0 16.0 16.0 37.04017 38.68987 124.3939 988.0
0.0 16.0 0.0 55.12643 49.31583 142.17057 988.0
0.0 22.0 22.0 25.16514 80.09416 119.52219 473.0
0.0 22.0 0.0 55.12643 49.31583 142.17057 473.0
0.0 24.0 24.0 107.77244 87.18776 149.13 17.0
0.0 24.0 0.0 55.12643 49.31583 142.17057 17.0
0.0 26.0 26.0 131.79289 45.08703 139.21086 2.0
0.0 26.0 0.0 55.12643 49.31583 142.17057 2.0
0.0 27.0 27.0 18.7056 45.53875 103.87498 45.0
0.0 27.0 0.0 55.12643 49.31583 142.17057 45.0
0.0 28.0 28.0 83.50717 39.72972 143.46867 918.0
0.0 28.0 0.0 55.12643 49.31583 142.17057 918.0
0.0 29.0 29.0 122.66322 20.7029 121.4149 2.0
0.0 29.0 0.0 55.12643 49.31583 142.17057 2.0
0.0 33.0 33.0 97.62151 49.88372 149.24029 217.0
0.0 33.0 0.0 55.12643 49.31583 142.17057 217.0
0.0 36.0 36.0 51.11011 19.24843 119.25924 333.0
0.0 36.0 0.0 55.12643 49.31583 142.17057 333.0
0.0 37.0 37.0 79.92256 11.08021 113.8155 78.0
0.0 37.0 0.0 55.12643 49.31583 142.17057 78.0
0.0 38.0 38.0 88.57086 68.22849 152.64776 326.0
0.0 38.0 0.0 55.12643 49.31583 142.17057 326.0
0.0 41.0 41.0 59.62079 125.62468 122.71415 4.0
0.0 41.0 0.0 55.12643 49.31583 142.17057 4.0
0.0 42.0 42.0 56.48169 85.14608 144.92661 796.0
0.0 42.0 0.0 55.12643 49.31583 142.17057 796.0
0.0 44.0 44.0 70.62902 22.74191 131.42287 402.0
0.0 44.0 0.0 55.12643 49.31583 142.17057 402.0
1.0 1.0 1.0 66.45661 89.46396 7.70293 7375.0
1.0 1.0 1.0 66.45661 89.46396 7.70293 7375.0
1.0 5.0 5.0 36.42196 130.18468 82.11796 23.0
1.0 5.0 1.0 66.45661 89.46396 7.70293 23.0
1.0 8.0 8.0 108.58766 85.24784 38.90881 1355.0
1.0 8.0 1.0 66.45661 89.46396 7.70293 1355.0
1.0 11.0 11.0 48.25535 14.30369 56.40372 25.0
1.0 11.0 1.0 66.45661 89.46396 7.70293 25.0
1.0 14.0 14.0 128.46238 115.9743 40.39487 51.0
1.0 14.0 1.0 66.45661 89.46396 7.70293 51.0
1.0 19.0 19.0 66.66 15.30813 45.91584 30.0
1.0 19.0 1.0 66.45661 89.46396 7.70293 30.0
1.0 20.0 20.0 85.41313 53.73381 22.6507 1772.0
1.0 20.0 1.0 66.45661 89.46396 7.70293 1772.0
1.0 21.0 21.0 27.81851 77.93295 19.75029 1040.0
1.0 21.0 1.0 66.45661 89.46396 7.70293 1040.0
1.0 30.0 30.0 88.70398 139.836 62.89852 281.0
1.0 30.0 1.0 66.45661 89.46396 7.70293 281.0
1.0 31.0 31.0 121.69572 39.41872 36.02012 9.0
1.0 31.0 1.0 66.45661 89.46396 7.70293 9.0
1.0 39.0 39.0 21.86437 50.11206 32.79286 247.0
1.0 39.0 1.0 66.45661 89.46396 7.70293 247.0
1.0 40.0 40.0 83.32436 23.58681 42.2308 13.0
1.0 40.0 1.0 66.45661 89.46396 7.70293 13.0
1.0 45.0 45.0 35.12312 116.36246 28.52265 1411.0
1.0 45.0 1.0 66.45661 89.46396 7.70293 1411.0
1.0 46.0 46.0 114.87711 130.48199 52.97376 141.0
1.0 46.0 1.0 66.45661 89.46396 7.70293 141.0
2.0 0.0 0.0 55.12643 49.31583 142.17057 13.0
2.0 0.0 2.0 27.6848 25.08033 88.21905 13.0
2.0 2.0 2.0 27.6848 25.08033 88.21905 4736.0
2.0 2.0 2.0 27.6848 25.08033 88.21905 4736.0
2.0 3.0 3.0 83.12441 3.83659 87.93132 246.0
2.0 3.0 2.0 27.6848 25.08033 88.21905 246.0
2.0 6.0 6.0 5.44301 84.93259 74.31417 328.0
2.0 6.0 2.0 27.6848 25.08033 88.21905 328.0
2.0 11.0 11.0 48.25535 14.30369 56.40372 1040.0
2.0 11.0 2.0 27.6848 25.08033 88.21905 1040.0
2.0 13.0 13.0 21.9051 31.0611 56.2945 942.0
2.0 13.0 2.0 27.6848 25.08033 88.21905 942.0
2.0 16.0 16.0 37.04017 38.68987 124.3939 607.0
2.0 16.0 2.0 27.6848 25.08033 88.21905 607.0
2.0 19.0 19.0 66.66 15.30813 45.91584 17.0
2.0 19.0 2.0 27.6848 25.08033 88.21905 17.0
2.0 22.0 22.0 25.16514 80.09416 119.52219 99.0
2.0 22.0 2.0 27.6848 25.08033 88.21905 99.0
2.0 27.0 27.0 18.7056 45.53875 103.87498 1178.0
2.0 27.0 2.0 27.6848 25.08033 88.21905 1178.0
2.0 28.0 28.0 83.50717 39.72972 143.46867 2.0
2.0 28.0 2.0 27.6848 25.08033 88.21905 2.0
2.0 36.0 36.0 51.11011 19.24843 119.25924 436.0
2.0 36.0 2.0 27.6848 25.08033 88.21905 436.0
2.0 37.0 37.0 79.92256 11.08021 113.8155 355.0
2.0 37.0 2.0 27.6848 25.08033 88.21905 355.0
2.0 39.0 39.0 21.86437 50.11206 32.79286 118.0
2.0 39.0 2.0 27.6848 25.08033 88.21905 118.0
2.0 40.0 40.0 83.32436 23.58681 42.2308 2.0
2.0 40.0 2.0 27.6848 25.08033 88.21905 2.0
2.0 44.0 44.0 70.62902 22.74191 131.42287 32.0
2.0 44.0 2.0 27.6848 25.08033 88.21905 32.0
3.0 0.0 0.0 55.12643 49.31583 142.17057 2.0
3.0 0.0 3.0 83.12441 3.83659 87.93132 2.0
3.0 2.0 2.0 27.6848 25.08033 88.21905 219.0
3.0 2.0 3.0 83.12441 3.83659 87.93132 219.0
3.0 3.0 3.0 83.12441 3.83659 87.93132 4849.0
3.0 3.0 3.0 83.12441 3.83659 87.93132 4849.0
3.0 7.0 7.0 121.79978 13.47292 56.92963 165.0
3.0 7.0 3.0 83.12441 3.83659 87.93132 165.0
3.0 10.0 10.0 97.47936 4.00095 61.34567 1242.0
3.0 10.0 3.0 83.12441 3.83659 87.93132 1242.0
3.0 11.0 11.0 48.25535 14.30369 56.40372 742.0
3.0 11.0 3.0 83.12441 3.83659 87.93132 742.0
3.0 13.0 13.0 21.9051 31.0611 56.2945 9.0
3.0 13.0 3.0 83.12441 3.83659 87.93132 9.0
3.0 15.0 15.0 144.80575 26.38029 64.48962 24.0
3.0 15.0 3.0 83.12441 3.83659 87.93132 24.0
3.0 16.0 16.0 37.04017 38.68987 124.3939 19.0
3.0 16.0 3.0 83.12441 3.83659 87.93132 19.0
3.0 17.0 17.0 122.99939 11.06803 94.70361 945.0
3.0 17.0 3.0 83.12441 3.83659 87.93132 945.0
3.0 18.0 18.0 159.45314 25.0271 93.64652 2.0
3.0 18.0 3.0 83.12441 3.83659 87.93132 2.0
3.0 19.0 19.0 66.66 15.30813 45.91584 387.0
3.0 19.0 3.0 83.12441 3.83659 87.93132 387.0
3.0 26.0 26.0 131.79289 45.08703 139.21086 7.0
3.0 26.0 3.0 83.12441 3.83659 87.93132 7.0
3.0 27.0 27.0 18.7056 45.53875 103.87498 2.0
3.0 27.0 3.0 83.12441 3.83659 87.93132 2.0
3.0 28.0 28.0 83.50717 39.72972 143.46867 10.0
3.0 28.0 3.0 83.12441 3.83659 87.93132 10.0
3.0 29.0 29.0 122.66322 20.7029 121.4149 167.0
3.0 29.0 3.0 83.12441 3.83659 87.93132 167.0
3.0 31.0 31.0 121.69572 39.41872 36.02012 2.0
3.0 31.0 3.0 83.12441 3.83659 87.93132 2.0
3.0 33.0 33.0 97.62151 49.88372 149.24029 1.0
3.0 33.0 3.0 83.12441 3.83659 87.93132 1.0
3.0 36.0 36.0 51.11011 19.24843 119.25924 133.0
3.0 36.0 3.0 83.12441 3.83659 87.93132 133.0
3.0 37.0 37.0 79.92256 11.08021 113.8155 1865.0
3.0 37.0 3.0 83.12441 3.83659 87.93132 1865.0
3.0 40.0 40.0 83.32436 23.58681 42.2308 135.0
3.0 40.0 3.0 83.12441 3.83659 87.93132 135.0
3.0 44.0 44.0 70.62902 22.74191 131.42287 50.0
3.0 44.0 3.0 83.12441 3.83659 87.93132 50.0
4.0 0.0 0.0 55.12643 49.31583 142.17057 21.0
4.0 0.0 4.0 72.11757 108.2321 139.83209 21.0
4.0 4.0 4.0 72.11757 108.2321 139.83209 4816.0
4.0 4.0 4.0 72.11757 108.2321 139.83209 4816.0
4.0 5.0 5.0 36.42196 130.18468 82.11796 83.0
4.0 5.0 4.0 72.11757 108.2321 139.83209 83.0
4.0 6.0 6.0 5.44301 84.93259 74.31417 1.0
4.0 6.0 4.0 72.11757 108.2321 139.83209 1.0
4.0 9.0 9.0 78.3413 140.1077 102.2887 227.0
4.0 9.0 4.0 72.11757 108.2321 139.83209 227.0
4.0 16.0 16.0 37.04017 38.68987 124.3939 2.0
4.0 16.0 4.0 72.11757 108.2321 139.83209 2.0
4.0 22.0 22.0 25.16514 80.09416 119.52219 360.0
4.0 22.0 4.0 72.11757 108.2321 139.83209 360.0
4.0 24.0 24.0 107.77244 87.18776 149.13 1229.0
4.0 24.0 4.0 72.11757 108.2321 139.83209 1229.0
4.0 28.0 28.0 83.50717 39.72972 143.46867 6.0
4.0 28.0 4.0 72.11757 108.2321 139.83209 6.0
4.0 33.0 33.0 97.62151 49.88372 149.24029 6.0
4.0 33.0 4.0 72.11757 108.2321 139.83209 6.0
4.0 34.0 34.0 127.6707 111.28236 129.58151 649.0
4.0 34.0 4.0 72.11757 108.2321 139.83209 649.0
4.0 35.0 35.0 147.45991 121.33884 95.61994 2.0
4.0 35.0 4.0 72.11757 108.2321 139.83209 2.0
4.0 38.0 38.0 88.57086 68.22849 152.64776 181.0
4.0 38.0 4.0 72.11757 108.2321 139.83209 181.0
4.0 41.0 41.0 59.62079 125.62468 122.71415 2090.0
4.0 41.0 4.0 72.11757 108.2321 139.83209 2090.0
4.0 42.0 42.0 56.48169 85.14608 144.92661 1656.0
4.0 42.0 4.0 72.11757 108.2321 139.83209 1656.0
4.0 43.0 43.0 102.34663 137.4613 99.67585 69.0
4.0 43.0 4.0 72.11757 108.2321 139.83209 69.0
4.0 45.0 45.0 35.12312 116.36246 28.52265 1.0
4.0 45.0 4.0 72.11757 108.2321 139.83209 1.0
5.0 1.0 1.0 66.45661 89.46396 7.70293 23.0
5.0 1.0 5.0 36.42196 130.18468 82.11796 23.0
5.0 4.0 4.0 72.11757 108.2321 139.83209 111.0
5.0 4.0 5.0 36.42196 130.18468 82.11796 111.0
5.0 5.0 5.0 36.42196 130.18468 82.11796 15372.0
5.0 5.0 5.0 36.42196 130.18468 82.11796 15372.0
5.0 6.0 6.0 5.44301 84.93259 74.31417 1566.0
5.0 6.0 5.0 36.42196 130.18468 82.11796 1566.0
5.0 8.0 8.0 108.58766 85.24784 38.90881 12.0
5.0 8.0 5.0 36.42196 130.18468 82.11796 12.0
5.0 9.0 9.0 78.3413 140.1077 102.2887 1174.0
5.0 9.0 5.0 36.42196 130.18468 82.11796 1174.0
5.0 21.0 21.0 27.81851 77.93295 19.75029 13.0
5.0 21.0 5.0 36.42196 130.18468 82.11796 13.0
5.0 22.0 22.0 25.16514 80.09416 119.52219 958.0
5.0 22.0 5.0 36.42196 130.18468 82.11796 958.0
5.0 27.0 27.0 18.7056 45.53875 103.87498 2.0
5.0 27.0 5.0 36.42196 130.18468 82.11796 2.0
5.0 30.0 30.0 88.70398 139.836 62.89852 1441.0
5.0 30.0 5.0 36.42196 130.18468 82.11796 1441.0
5.0 34.0 34.0 127.6707 111.28236 129.58151 1.0
5.0 34.0 5.0 36.42196 130.18468 82.11796 1.0
5.0 41.0 41.0 59.62079 125.62468 122.71415 1817.0
5.0 41.0 5.0 36.42196 130.18468 82.11796 1817.0
5.0 42.0 42.0 56.48169 85.14608 144.92661 43.0
5.0 42.0 5.0 36.42196 130.18468 82.11796 43.0
5.0 43.0 43.0 102.34663 137.4613 99.67585 91.0
5.0 43.0 5.0 36.42196 130.18468 82.11796 91.0
5.0 45.0 45.0 35.12312 116.36246 28.52265 1452.0
5.0 45.0 5.0 36.42196 130.18468 82.11796 1452.0
5.0 46.0 46.0 114.87711 130.48199 52.97376 15.0
5.0 46.0 5.0 36.42196 130.18468 82.11796 15.0
6.0 1.0 1.0 66.45661 89.46396 7.70293 1.0
6.0 1.0 6.0 5.44301 84.93259 74.31417 1.0
6.0 2.0 2.0 27.6848 25.08033 88.21905 380.0
6.0 2.0 6.0 5.44301 84.93259 74.31417 380.0
6.0 5.0 5.0 36.42196 130.18468 82.11796 1638.0
6.0 5.0 6.0 5.44301 84.93259 74.31417 1638.0
6.0 6.0 6.0 5.44301 84.93259 74.31417 11020.0
6.0 6.0 6.0 5.44301 84.93259 74.31417 11020.0
6.0 11.0 11.0 48.25535 14.30369 56.40372 3.0
6.0 11.0 6.0 5.44301 84.93259 74.31417 3.0
6.0 13.0 13.0 21.9051 31.0611 56.2945 306.0
6.0 13.0 6.0 5.44301 84.93259 74.31417 306.0
6.0 16.0 16.0 37.04017 38.68987 124.3939 14.0
6.0 16.0 6.0 5.44301 84.93259 74.31417 14.0
6.0 21.0 21.0 27.81851 77.93295 19.75029 571.0
6.0 21.0 6.0 5.44301 84.93259 74.31417 571.0
6.0 22.0 22.0 25.16514 80.09416 119.52219 1632.0
6.0 22.0 6.0 5.44301 84.93259 74.31417 1632.0
6.0 27.0 27.0 18.7056 45.53875 103.87498 677.0
6.0 27.0 6.0 5.44301 84.93259 74.31417 677.0
6.0 30.0 30.0 88.70398 139.836 62.89852 1.0
6.0 30.0 6.0 5.44301 84.93259 74.31417 1.0
6.0 39.0 39.0 21.86437 50.11206 32.79286 1034.0
6.0 39.0 6.0 5.44301 84.93259 74.31417 1034.0
6.0 41.0 41.0 59.62079 125.62468 122.71415 31.0
6.0 41.0 6.0 5.44301 84.93259 74.31417 31.0
6.0 42.0 42.0 56.48169 85.14608 144.92661 2.0
6.0 42.0 6.0 5.44301 84.93259 74.31417 2.0
6.0 45.0 45.0 35.12312 116.36246 28.52265 720.0
6.0 45.0 6.0 5.44301 84.93259 74.31417 720.0
7.0 3.0 3.0 83.12441 3.83659 87.93132 182.0
7.0 3.0 7.0 121.79978 13.47292 56.92963 182.0
7.0 7.0 7.0 121.79978 13.47292 56.92963 2896.0
7.0 7.0 7.0 121.79978 13.47292 56.92963 2896.0
7.0 8.0 8.0 108.58766 85.24784 38.90881 10.0
7.0 8.0 7.0 121.79978 13.47292 56.92963 10.0
7.0 10.0 10.0 97.47936 4.00095 61.34567 1092.0
7.0 10.0 7.0 121.79978 13.47292 56.92963 1092.0
7.0 11.0 11.0 48.25535 14.30369 56.40372 2.0
7.0 11.0 7.0 121.79978 13.47292 56.92963 2.0
7.0 15.0 15.0 144.80575 26.38029 64.48962 1172.0
7.0 15.0 7.0 121.79978 13.47292 56.92963 1172.0
7.0 17.0 17.0 122.99939 11.06803 94.70361 654.0
7.0 17.0 7.0 121.79978 13.47292 56.92963 654.0
7.0 18.0 18.0 159.45314 25.0271 93.64652 34.0
7.0 18.0 7.0 121.79978 13.47292 56.92963 34.0
7.0 19.0 19.0 66.66 15.30813 45.91584 19.0
7.0 19.0 7.0 121.79978 13.47292 56.92963 19.0
7.0 20.0 20.0 85.41313 53.73381 22.6507 40.0
7.0 20.0 7.0 121.79978 13.47292 56.92963 40.0
7.0 23.0 23.0 173.49988 43.6273 76.45716 7.0
7.0 23.0 7.0 121.79978 13.47292 56.92963 7.0
7.0 26.0 26.0 131.79289 45.08703 139.21086 1.0
7.0 26.0 7.0 121.79978 13.47292 56.92963 1.0
7.0 29.0 29.0 122.66322 20.7029 121.4149 20.0
7.0 29.0 7.0 121.79978 13.47292 56.92963 20.0
7.0 31.0 31.0 121.69572 39.41872 36.02012 1117.0
7.0 31.0 7.0 121.79978 13.47292 56.92963 1117.0
7.0 32.0 32.0 156.82716 89.21717 57.93557 2.0
7.0 32.0 7.0 121.79978 13.47292 56.92963 2.0
7.0 37.0 37.0 79.92256 11.08021 113.8155 8.0
7.0 37.0 7.0 121.79978 13.47292 56.92963 8.0
7.0 40.0 40.0 83.32436 23.58681 42.2308 249.0
7.0 40.0 7.0 121.79978 13.47292 56.92963 249.0
8.0 1.0 1.0 66.45661 89.46396 7.70293 1129.0
8.0 1.0 8.0 108.58766 85.24784 38.90881 1129.0
8.0 5.0 5.0 36.42196 130.18468 82.11796 11.0
8.0 5.0 8.0 108.58766 85.24784 38.90881 11.0
8.0 7.0 7.0 121.79978 13.47292 56.92963 8.0
8.0 7.0 8.0 108.58766 85.24784 38.90881 8.0
8.0 8.0 8.0 108.58766 85.24784 38.90881 21070.0
8.0 8.0 8.0 108.58766 85.24784 38.90881 21070.0
8.0 9.0 9.0 78.3413 140.1077 102.2887 1.0
8.0 9.0 8.0 108.58766 85.24784 38.90881 1.0
8.0 12.0 12.0 179.79927 86.4961 84.92623 7.0
8.0 12.0 8.0 108.58766 85.24784 38.90881 7.0
8.0 14.0 14.0 128.46238 115.9743 40.39487 2006.0
8.0 14.0 8.0 108.58766 85.24784 38.90881 2006.0
8.0 15.0 15.0 144.80575 26.38029 64.48962 39.0
8.0 15.0 8.0 108.58766 85.24784 38.90881 39.0
8.0 20.0 20.0 85.41313 53.73381 22.6507 2418.0
8.0 20.0 8.0 108.58766 85.24784 38.90881 2418.0
8.0 21.0 21.0 27.81851 77.93295 19.75029 1.0
8.0 21.0 8.0 108.58766 85.24784 38.90881 1.0
8.0 23.0 23.0 173.49988 43.6273 76.45716 8.0
8.0 23.0 8.0 108.58766 85.24784 38.90881 8.0
8.0 24.0 24.0 107.77244 87.18776 149.13 1.0
8.0 24.0 8.0 108.58766 85.24784 38.90881 1.0
8.0 30.0 30.0 88.70398 139.836 62.89852 456.0
8.0 30.0 8.0 108.58766 85.24784 38.90881 456.0
8.0 31.0 31.0 121.69572 39.41872 36.02012 1444.0
8.0 31.0 8.0 108.58766 85.24784 38.90881 1444.0
8.0 32.0 32.0 156.82716 89.21717 57.93557 1104.0
8.0 32.0 8.0 108.58766 85.24784 38.90881 1104.0
8.0 35.0 35.0 147.45991 121.33884 95.61994 2.0
8.0 35.0 8.0 108.58766 85.24784 38.90881 2.0
8.0 40.0 40.0 83.32436 23.58681 42.2308 26.0
8.0 40.0 8.0 108.58766 85.24784 38.90881 26.0
8.0 41.0 41.0 59.62079 125.62468 122.71415 1.0
8.0 41.0 8.0 108.58766 85.24784 38.90881 1.0
8.0 43.0 43.0 102.34663 137.4613 99.67585 1.0
8.0 43.0 8.0 108.58766 85.24784 38.90881 1.0
8.0 45.0 45.0 35.12312 116.36246 28.52265 87.0
8.0 45.0 8.0 108.58766 85.24784 38.90881 87.0
8.0 46.0 46.0 114.87711 130.48199 52.97376 792.0
8.0 46.0 8.0 108.58766 85.24784 38.90881 792.0
9.0 4.0 4.0 72.11757 108.2321 139.83209 242.0
9.0 4.0 9.0 78.3413 140.1077 102.2887 242.0
9.0 5.0 5.0 36.42196 130.18468 82.11796 1099.0
9.0 5.0 9.0 78.3413 140.1077 102.2887 1099.0
9.0 9.0 9.0 78.3413 140.1077 102.2887 3366.0
9.0 9.0 9.0 78.3413 140.1077 102.2887 3366.0
9.0 24.0 24.0 107.77244 87.18776 149.13 22.0
9.0 24.0 9.0 78.3413 140.1077 102.2887 22.0
9.0 30.0 30.0 88.70398 139.836 62.89852 907.0
9.0 30.0 9.0 78.3413 140.1077 102.2887 907.0
9.0 34.0 34.0 127.6707 111.28236 129.58151 483.0
9.0 34.0 9.0 78.3413 140.1077 102.2887 483.0
9.0 35.0 35.0 147.45991 121.33884 95.61994 19.0
9.0 35.0 9.0 78.3413 140.1077 102.2887 19.0
9.0 41.0 41.0 59.62079 125.62468 122.71415 1591.0
9.0 41.0 9.0 78.3413 140.1077 102.2887 1591.0
9.0 43.0 43.0 102.34663 137.4613 99.67585 1582.0
9.0 43.0 9.0 78.3413 140.1077 102.2887 1582.0
9.0 45.0 45.0 35.12312 116.36246 28.52265 3.0
9.0 45.0 9.0 78.3413 140.1077 102.2887 3.0
9.0 46.0 46.0 114.87711 130.48199 52.97376 6.0
9.0 46.0 9.0 78.3413 140.1077 102.2887 6.0
10.0 2.0 2.0 27.6848 25.08033 88.21905 4.0
10.0 2.0 10.0 97.47936 4.00095 61.34567 4.0
10.0 3.0 3.0 83.12441 3.83659 87.93132 1151.0
10.0 3.0 10.0 97.47936 4.00095 61.34567 1151.0
10.0 7.0 7.0 121.79978 13.47292 56.92963 1167.0
10.0 7.0 10.0 97.47936 4.00095 61.34567 1167.0
10.0 10.0 10.0 97.47936 4.00095 61.34567 2827.0
10.0 10.0 10.0 97.47936 4.00095 61.34567 2827.0
10.0 11.0 11.0 48.25535 14.30369 56.40372 143.0
10.0 11.0 10.0 97.47936 4.00095 61.34567 143.0
10.0 15.0 15.0 144.80575 26.38029 64.48962 85.0
10.0 15.0 10.0 97.47936 4.00095 61.34567 85.0
10.0 17.0 17.0 122.99939 11.06803 94.70361 417.0
10.0 17.0 10.0 97.47936 4.00095 61.34567 417.0
10.0 18.0 18.0 159.45314 25.0271 93.64652 3.0
10.0 18.0 10.0 97.47936 4.00095 61.34567 3.0
10.0 19.0 19.0 66.66 15.30813 45.91584 430.0
10.0 19.0 10.0 97.47936 4.00095 61.34567 430.0
10.0 20.0 20.0 85.41313 53.73381 22.6507 40.0
10.0 20.0 10.0 97.47936 4.00095 61.34567 40.0
10.0 29.0 29.0 122.66322 20.7029 121.4149 9.0
10.0 29.0 10.0 97.47936 4.00095 61.34567 9.0
10.0 31.0 31.0 121.69572 39.41872 36.02012 310.0
10.0 31.0 10.0 97.47936 4.00095 61.34567 310.0
10.0 37.0 37.0 79.92256 11.08021 113.8155 61.0
10.0 37.0 10.0 97.47936 4.00095 61.34567 61.0
10.0 40.0 40.0 83.32436 23.58681 42.2308 901.0
10.0 40.0 10.0 97.47936 4.00095 61.34567 901.0
11.0 1.0 1.0 66.45661 89.46396 7.70293 26.0
11.0 1.0 11.0 48.25535 14.30369 56.40372 26.0
11.0 2.0 2.0 27.6848 25.08033 88.21905 1060.0
11.0 2.0 11.0 48.25535 14.30369 56.40372 1060.0
11.0 3.0 3.0 83.12441 3.83659 87.93132 831.0
11.0 3.0 11.0 48.25535 14.30369 56.40372 831.0
11.0 6.0 6.0 5.44301 84.93259 74.31417 3.0
11.0 6.0 11.0 48.25535 14.30369 56.40372 3.0
11.0 7.0 7.0 121.79978 13.47292 56.92963 1.0
11.0 7.0 11.0 48.25535 14.30369 56.40372 1.0
11.0 10.0 10.0 97.47936 4.00095 61.34567 181.0
11.0 10.0 11.0 48.25535 14.30369 56.40372 181.0
11.0 11.0 11.0 48.25535 14.30369 56.40372 5446.0
11.0 11.0 11.0 48.25535 14.30369 56.40372 5446.0
11.0 13.0 13.0 21.9051 31.0611 56.2945 1056.0
11.0 13.0 11.0 48.25535 14.30369 56.40372 1056.0
11.0 16.0 16.0 37.04017 38.68987 124.3939 23.0
11.0 16.0 11.0 48.25535 14.30369 56.40372 23.0
11.0 19.0 19.0 66.66 15.30813 45.91584 1452.0
11.0 19.0 11.0 48.25535 14.30369 56.40372 1452.0
11.0 20.0 20.0 85.41313 53.73381 22.6507 240.0
11.0 20.0 11.0 48.25535 14.30369 56.40372 240.0
11.0 21.0 21.0 27.81851 77.93295 19.75029 32.0
11.0 21.0 11.0 48.25535 14.30369 56.40372 32.0
11.0 22.0 22.0 25.16514 80.09416 119.52219 1.0
11.0 22.0 11.0 48.25535 14.30369 56.40372 1.0
11.0 27.0 27.0 18.7056 45.53875 103.87498 13.0
11.0 27.0 11.0 48.25535 14.30369 56.40372 13.0
11.0 31.0 31.0 121.69572 39.41872 36.02012 7.0
11.0 31.0 11.0 48.25535 14.30369 56.40372 7.0
11.0 36.0 36.0 51.11011 19.24843 119.25924 65.0
11.0 36.0 11.0 48.25535 14.30369 56.40372 65.0
11.0 37.0 37.0 79.92256 11.08021 113.8155 223.0
11.0 37.0 11.0 48.25535 14.30369 56.40372 223.0
11.0 39.0 39.0 21.86437 50.11206 32.79286 662.0
11.0 39.0 11.0 48.25535 14.30369 56.40372 662.0
11.0 40.0 40.0 83.32436 23.58681 42.2308 516.0
11.0 40.0 11.0 48.25535 14.30369 56.40372 516.0
11.0 44.0 44.0 70.62902 22.74191 131.42287 4.0
11.0 44.0 11.0 48.25535 14.30369 56.40372 4.0
12.0 8.0 8.0 108.58766 85.24784 38.90881 9.0
12.0 8.0 12.0 179.79927 86.4961 84.92623 9.0
12.0 12.0 12.0 179.79927 86.4961 84.92623 4007.0
12.0 12.0 12.0 179.79927 86.4961 84.92623 4007.0
12.0 14.0 14.0 128.46238 115.9743 40.39487 25.0
12.0 14.0 12.0 179.79927 86.4961 84.92623 25.0
12.0 15.0 15.0 144.80575 26.38029 64.48962 37.0
12.0 15.0 12.0 179.79927 86.4961 84.92623 37.0
12.0 18.0 18.0 159.45314 25.0271 93.64652 26.0
12.0 18.0 12.0 179.79927 86.4961 84.92623 26.0
12.0 23.0 23.0 173.49988 43.6273 76.45716 453.0
12.0 23.0 12.0 179.79927 86.4961 84.92623 453.0
12.0 24.0 24.0 107.77244 87.18776 149.13 1.0
12.0 24.0 12.0 179.79927 86.4961 84.92623 1.0
12.0 25.0 25.0 182.75712 64.764 100.74942 889.0
12.0 25.0 12.0 179.79927 86.4961 84.92623 889.0
12.0 26.0 26.0 131.79289 45.08703 139.21086 1.0
12.0 26.0 12.0 179.79927 86.4961 84.92623 1.0
12.0 31.0 31.0 121.69572 39.41872 36.02012 10.0
12.0 31.0 12.0 179.79927 86.4961 84.92623 10.0
12.0 32.0 32.0 156.82716 89.21717 57.93557 1377.0
12.0 32.0 12.0 179.79927 86.4961 84.92623 1377.0
12.0 34.0 34.0 127.6707 111.28236 129.58151 103.0
12.0 34.0 12.0 179.79927 86.4961 84.92623 103.0
12.0 35.0 35.0 147.45991 121.33884 95.61994 969.0
12.0 35.0 12.0 179.79927 86.4961 84.92623 969.0
12.0 46.0 46.0 114.87711 130.48199 52.97376 9.0
12.0 46.0 12.0 179.79927 86.4961 84.92623 9.0
12.0 47.0 47.0 164.09289 62.60587 126.2736 395.0
12.0 47.0 12.0 179.79927 86.4961 84.92623 395.0
13.0 1.0 1.0 66.45661 89.46396 7.70293 3.0
13.0 1.0 13.0 21.9051 31.0611 56.2945 3.0
13.0 2.0 2.0 27.6848 25.08033 88.21905 1016.0
13.0 2.0 13.0 21.9051 31.0611 56.2945 1016.0
13.0 3.0 3.0 83.12441 3.83659 87.93132 8.0
13.0 3.0 13.0 21.9051 31.0611 56.2945 8.0
13.0 6.0 6.0 5.44301 84.93259 74.31417 330.0
13.0 6.0 13.0 21.9051 31.0611 56.2945 330.0
13.0 11.0 11.0 48.25535 14.30369 56.40372 1224.0
13.0 11.0 13.0 21.9051 31.0611 56.2945 1224.0
13.0 13.0 13.0 21.9051 31.0611 56.2945 2425.0
13.0 13.0 13.0 21.9051 31.0611 56.2945 2425.0
13.0 16.0 16.0 37.04017 38.68987 124.3939 2.0
13.0 16.0 13.0 21.9051 31.0611 56.2945 2.0
13.0 19.0 19.0 66.66 15.30813 45.91584 74.0
13.0 19.0 13.0 21.9051 31.0611 56.2945 74.0
13.0 20.0 20.0 85.41313 53.73381 22.6507 10.0
13.0 20.0 13.0 21.9051 31.0611 56.2945 10.0
13.0 21.0 21.0 27.81851 77.93295 19.75029 23.0
13.0 21.0 13.0 21.9051 31.0611 56.2945 23.0
13.0 22.0 22.0 25.16514 80.09416 119.52219 7.0
13.0 22.0 13.0 21.9051 31.0611 56.2945 7.0
13.0 27.0 27.0 18.7056 45.53875 103.87498 109.0
13.0 27.0 13.0 21.9051 31.0611 56.2945 109.0
13.0 36.0 36.0 51.11011 19.24843 119.25924 2.0
13.0 36.0 13.0 21.9051 31.0611 56.2945 2.0
13.0 37.0 37.0 79.92256 11.08021 113.8155 4.0
13.0 37.0 13.0 21.9051 31.0611 56.2945 4.0
13.0 39.0 39.0 21.86437 50.11206 32.79286 1271.0
13.0 39.0 13.0 21.9051 31.0611 56.2945 1271.0
13.0 40.0 40.0 83.32436 23.58681 42.2308 15.0
13.0 40.0 13.0 21.9051 31.0611 56.2945 15.0
14.0 1.0 1.0 66.45661 89.46396 7.70293 47.0
14.0 1.0 14.0 128.46238 115.9743 40.39487 47.0
14.0 8.0 8.0 108.58766 85.24784 38.90881 2100.0
14.0 8.0 14.0 128.46238 115.9743 40.39487 2100.0
14.0 12.0 12.0 179.79927 86.4961 84.92623 7.0
14.0 12.0 14.0 128.46238 115.9743 40.39487 7.0
14.0 14.0 14.0 128.46238 115.9743 40.39487 4808.0
14.0 14.0 14.0 128.46238 115.9743 40.39487 4808.0
14.0 20.0 20.0 85.41313 53.73381 22.6507 8.0
14.0 20.0 14.0 128.46238 115.9743 40.39487 8.0
14.0 30.0 30.0 88.70398 139.836 62.89852 223.0
14.0 30.0 14.0 128.46238 115.9743 40.39487 223.0
14.0 31.0 31.0 121.69572 39.41872 36.02012 11.0
14.0 31.0 14.0 128.46238 115.9743 40.39487 11.0
14.0 32.0 32.0 156.82716 89.21717 57.93557 1124.0
14.0 32.0 14.0 128.46238 115.9743 40.39487 1124.0
14.0 35.0 35.0 147.45991 121.33884 95.61994 272.0
14.0 35.0 14.0 128.46238 115.9743 40.39487 272.0
14.0 43.0 43.0 102.34663 137.4613 99.67585 6.0
14.0 43.0 14.0 128.46238 115.9743 40.39487 6.0
14.0 45.0 45.0 35.12312 116.36246 28.52265 2.0
14.0 45.0 14.0 128.46238 115.9743 40.39487 2.0
14.0 46.0 46.0 114.87711 130.48199 52.97376 2195.0
14.0 46.0 14.0 128.46238 115.9743 40.39487 2195.0
15.0 3.0 3.0 83.12441 3.83659 87.93132 24.0
15.0 3.0 15.0 144.80575 26.38029 64.48962 24.0
15.0 7.0 7.0 121.79978 13.47292 56.92963 1220.0
15.0 7.0 15.0 144.80575 26.38029 64.48962 1220.0
15.0 8.0 8.0 108.58766 85.24784 38.90881 64.0
15.0 8.0 15.0 144.80575 26.38029 64.48962 64.0
15.0 10.0 10.0 97.47936 4.00095 61.34567 87.0
15.0 10.0 15.0 144.80575 26.38029 64.48962 87.0
15.0 12.0 12.0 179.79927 86.4961 84.92623 31.0
15.0 12.0 15.0 144.80575 26.38029 64.48962 31.0
15.0 15.0 15.0 144.80575 26.38029 64.48962 3368.0
15.0 15.0 15.0 144.80575 26.38029 64.48962 3368.0
15.0 17.0 17.0 122.99939 11.06803 94.70361 746.0
15.0 17.0 15.0 144.80575 26.38029 64.48962 746.0
15.0 18.0 18.0 159.45314 25.0271 93.64652 753.0
15.0 18.0 15.0 144.80575 26.38029 64.48962 753.0
15.0 20.0 20.0 85.41313 53.73381 22.6507 3.0
15.0 20.0 15.0 144.80575 26.38029 64.48962 3.0
15.0 23.0 23.0 173.49988 43.6273 76.45716 616.0
15.0 23.0 15.0 144.80575 26.38029 64.48962 616.0
15.0 25.0 25.0 182.75712 64.764 100.74942 6.0
15.0 25.0 15.0 144.80575 26.38029 64.48962 6.0
15.0 26.0 26.0 131.79289 45.08703 139.21086 6.0
15.0 26.0 15.0 144.80575 26.38029 64.48962 6.0
15.0 29.0 29.0 122.66322 20.7029 121.4149 52.0
15.0 29.0 15.0 144.80575 26.38029 64.48962 52.0
15.0 31.0 31.0 121.69572 39.41872 36.02012 1087.0
15.0 31.0 15.0 144.80575 26.38029 64.48962 1087.0
15.0 32.0 32.0 156.82716 89.21717 57.93557 257.0
15.0 32.0 15.0 144.80575 26.38029 64.48962 257.0
15.0 37.0 37.0 79.92256 11.08021 113.8155 4.0
15.0 37.0 15.0 144.80575 26.38029 64.48962 4.0
15.0 40.0 40.0 83.32436 23.58681 42.2308 8.0
15.0 40.0 15.0 144.80575 26.38029 64.48962 8.0
15.0 47.0 47.0 164.09289 62.60587 126.2736 7.0
15.0 47.0 15.0 144.80575 26.38029 64.48962 7.0
16.0 0.0 0.0 55.12643 49.31583 142.17057 1051.0
16.0 0.0 16.0 37.04017 38.68987 124.3939 1051.0
16.0 2.0 2.0 27.6848 25.08033 88.21905 617.0
16.0 2.0 16.0 37.04017 38.68987 124.3939 617.0
16.0 3.0 3.0 83.12441 3.83659 87.93132 13.0
16.0 3.0 16.0 37.04017 38.68987 124.3939 13.0
16.0 4.0 4.0 72.11757 108.2321 139.83209 3.0
16.0 4.0 16.0 37.04017 38.68987 124.3939 3.0
16.0 6.0 6.0 5.44301 84.93259 74.31417 11.0
16.0 6.0 16.0 37.04017 38.68987 124.3939 11.0
16.0 11.0 11.0 48.25535 14.30369 56.40372 14.0
16.0 11.0 16.0 37.04017 38.68987 124.3939 14.0
16.0 16.0 16.0 37.04017 38.68987 124.3939 2857.0
16.0 16.0 16.0 37.04017 38.68987 124.3939 2857.0
16.0 22.0 22.0 25.16514 80.09416 119.52219 941.0
16.0 22.0 16.0 37.04017 38.68987 124.3939 941.0
16.0 27.0 27.0 18.7056 45.53875 103.87498 842.0
16.0 27.0 16.0 37.04017 38.68987 124.3939 842.0
16.0 28.0 28.0 83.50717 39.72972 143.46867 56.0
16.0 28.0 16.0 37.04017 38.68987 124.3939 56.0
16.0 33.0 33.0 97.62151 49.88372 149.24029 4.0
16.0 33.0 16.0 37.04017 38.68987 124.3939 4.0
16.0 36.0 36.0 51.11011 19.24843 119.25924 752.0
16.0 36.0 16.0 37.04017 38.68987 124.3939 752.0
16.0 37.0 37.0 79.92256 11.08021 113.8155 156.0
16.0 37.0 16.0 37.04017 38.68987 124.3939 156.0
16.0 38.0 38.0 88.57086 68.22849 152.64776 14.0
16.0 38.0 16.0 37.04017 38.68987 124.3939 14.0
16.0 42.0 42.0 56.48169 85.14608 144.92661 165.0
16.0 42.0 16.0 37.04017 38.68987 124.3939 165.0
16.0 44.0 44.0 70.62902 22.74191 131.42287 179.0
16.0 44.0 16.0 37.04017 38.68987 124.3939 179.0
17.0 3.0 3.0 83.12441 3.83659 87.93132 924.0
17.0 3.0 17.0 122.99939 11.06803 94.70361 924.0
17.0 7.0 7.0 121.79978 13.47292 56.92963 670.0
17.0 7.0 17.0 122.99939 11.06803 94.70361 670.0
17.0 10.0 10.0 97.47936 4.00095 61.34567 394.0
17.0 10.0 17.0 122.99939 11.06803 94.70361 394.0
17.0 15.0 15.0 144.80575 26.38029 64.48962 710.0
17.0 15.0 17.0 122.99939 11.06803 94.70361 710.0
17.0 17.0 17.0 122.99939 11.06803 94.70361 3692.0
17.0 17.0 17.0 122.99939 11.06803 94.70361 3692.0
17.0 18.0 18.0 159.45314 25.0271 93.64652 456.0
17.0 18.0 17.0 122.99939 11.06803 94.70361 456.0
17.0 19.0 19.0 66.66 15.30813 45.91584 2.0
17.0 19.0 17.0 122.99939 11.06803 94.70361 2.0
17.0 23.0 23.0 173.49988 43.6273 76.45716 9.0
17.0 23.0 17.0 122.99939 11.06803 94.70361 9.0
17.0 26.0 26.0 131.79289 45.08703 139.21086 86.0
17.0 26.0 17.0 122.99939 11.06803 94.70361 86.0
17.0 28.0 28.0 83.50717 39.72972 143.46867 7.0
17.0 28.0 17.0 122.99939 11.06803 94.70361 7.0
17.0 29.0 29.0 122.66322 20.7029 121.4149 1111.0
17.0 29.0 17.0 122.99939 11.06803 94.70361 1111.0
17.0 31.0 31.0 121.69572 39.41872 36.02012 8.0
17.0 31.0 17.0 122.99939 11.06803 94.70361 8.0
17.0 32.0 32.0 156.82716 89.21717 57.93557 1.0
17.0 32.0 17.0 122.99939 11.06803 94.70361 1.0
17.0 33.0 33.0 97.62151 49.88372 149.24029 3.0
17.0 33.0 17.0 122.99939 11.06803 94.70361 3.0
17.0 37.0 37.0 79.92256 11.08021 113.8155 401.0
17.0 37.0 17.0 122.99939 11.06803 94.70361 401.0
17.0 40.0 40.0 83.32436 23.58681 42.2308 5.0
17.0 40.0 17.0 122.99939 11.06803 94.70361 5.0
17.0 44.0 44.0 70.62902 22.74191 131.42287 2.0
17.0 44.0 17.0 122.99939 11.06803 94.70361 2.0
17.0 45.0 45.0 35.12312 116.36246 28.52265 1.0
17.0 45.0 17.0 122.99939 11.06803 94.70361 1.0
17.0 47.0 47.0 164.09289 62.60587 126.2736 28.0
17.0 47.0 17.0 122.99939 11.06803 94.70361 28.0
18.0 3.0 3.0 83.12441 3.83659 87.93132 3.0
18.0 3.0 18.0 159.45314 25.0271 93.64652 3.0
18.0 7.0 7.0 121.79978 13.47292 56.92963 43.0
18.0 7.0 18.0 159.45314 25.0271 93.64652 43.0
18.0 10.0 10.0 97.47936 4.00095 61.34567 4.0
18.0 10.0 18.0 159.45314 25.0271 93.64652 4.0
18.0 12.0 12.0 179.79927 86.4961 84.92623 21.0
18.0 12.0 18.0 159.45314 25.0271 93.64652 21.0
18.0 15.0 15.0 144.80575 26.38029 64.48962 789.0
18.0 15.0 18.0 159.45314 25.0271 93.64652 789.0
18.0 17.0 17.0 122.99939 11.06803 94.70361 525.0
18.0 17.0 18.0 159.45314 25.0271 93.64652 525.0
18.0 18.0 18.0 159.45314 25.0271 93.64652 2183.0
18.0 18.0 18.0 159.45314 25.0271 93.64652 2183.0
18.0 23.0 23.0 173.49988 43.6273 76.45716 751.0
18.0 23.0 18.0 159.45314 25.0271 93.64652 751.0
18.0 25.0 25.0 182.75712 64.764 100.74942 101.0
18.0 25.0 18.0 159.45314 25.0271 93.64652 101.0
18.0 26.0 26.0 131.79289 45.08703 139.21086 191.0
18.0 26.0 18.0 159.45314 25.0271 93.64652 191.0
18.0 29.0 29.0 122.66322 20.7029 121.4149 399.0
18.0 29.0 18.0 159.45314 25.0271 93.64652 399.0
18.0 31.0 31.0 121.69572 39.41872 36.02012 15.0
18.0 31.0 18.0 159.45314 25.0271 93.64652 15.0
18.0 32.0 32.0 156.82716 89.21717 57.93557 13.0
18.0 32.0 18.0 159.45314 25.0271 93.64652 13.0
18.0 37.0 37.0 79.92256 11.08021 113.8155 3.0
18.0 37.0 18.0 159.45314 25.0271 93.64652 3.0
18.0 47.0 47.0 164.09289 62.60587 126.2736 453.0
18.0 47.0 18.0 159.45314 25.0271 93.64652 453.0
19.0 1.0 1.0 66.45661 89.46396 7.70293 20.0
19.0 1.0 19.0 66.66 15.30813 45.91584 20.0
19.0 2.0 2.0 27.6848 25.08033 88.21905 12.0
19.0 2.0 19.0 66.66 15.30813 45.91584 12.0
19.0 3.0 3.0 83.12441 3.83659 87.93132 369.0
19.0 3.0 19.0 66.66 15.30813 45.91584 369.0
19.0 7.0 7.0 121.79978 13.47292 56.92963 15.0
19.0 7.0 19.0 66.66 15.30813 45.91584 15.0
19.0 8.0 8.0 108.58766 85.24784 38.90881 1.0
19.0 8.0 19.0 66.66 15.30813 45.91584 1.0
19.0 10.0 10.0 97.47936 4.00095 61.34567 426.0
19.0 10.0 19.0 66.66 15.30813 45.91584 426.0
19.0 11.0 11.0 48.25535 14.30369 56.40372 1327.0
19.0 11.0 19.0 66.66 15.30813 45.91584 1327.0
19.0 13.0 13.0 21.9051 31.0611 56.2945 46.0
19.0 13.0 19.0 66.66 15.30813 45.91584 46.0
19.0 17.0 17.0 122.99939 11.06803 94.70361 3.0
19.0 17.0 19.0 66.66 15.30813 45.91584 3.0
19.0 19.0 19.0 66.66 15.30813 45.91584 1377.0
19.0 19.0 19.0 66.66 15.30813 45.91584 1377.0
19.0 20.0 20.0 85.41313 53.73381 22.6507 459.0
19.0 20.0 19.0 66.66 15.30813 45.91584 459.0
19.0 21.0 21.0 27.81851 77.93295 19.75029 13.0
19.0 21.0 19.0 66.66 15.30813 45.91584 13.0
19.0 29.0 29.0 122.66322 20.7029 121.4149 1.0
19.0 29.0 19.0 66.66 15.30813 45.91584 1.0
19.0 31.0 31.0 121.69572 39.41872 36.02012 35.0
19.0 31.0 19.0 66.66 15.30813 45.91584 35.0
19.0 36.0 36.0 51.11011 19.24843 119.25924 2.0
19.0 36.0 19.0 66.66 15.30813 45.91584 2.0
19.0 37.0 37.0 79.92256 11.08021 113.8155 23.0
19.0 37.0 19.0 66.66 15.30813 45.91584 23.0
19.0 39.0 39.0 21.86437 50.11206 32.79286 173.0
19.0 39.0 19.0 66.66 15.30813 45.91584 173.0
19.0 40.0 40.0 83.32436 23.58681 42.2308 1152.0
19.0 40.0 19.0 66.66 15.30813 45.91584 1152.0
20.0 1.0 1.0 66.45661 89.46396 7.70293 1500.0
20.0 1.0 20.0 85.41313 53.73381 22.6507 1500.0
20.0 7.0 7.0 121.79978 13.47292 56.92963 18.0
20.0 7.0 20.0 85.41313 53.73381 22.6507 18.0
20.0 8.0 8.0 108.58766 85.24784 38.90881 2661.0
20.0 8.0 20.0 85.41313 53.73381 22.6507 2661.0
20.0 10.0 10.0 97.47936 4.00095 61.34567 21.0
20.0 10.0 20.0 85.41313 53.73381 22.6507 21.0
20.0 11.0 11.0 48.25535 14.30369 56.40372 229.0
20.0 11.0 20.0 85.41313 53.73381 22.6507 229.0
20.0 13.0 13.0 21.9051 31.0611 56.2945 7.0
20.0 13.0 20.0 85.41313 53.73381 22.6507 7.0
20.0 14.0 14.0 128.46238 115.9743 40.39487 4.0
20.0 14.0 20.0 85.41313 53.73381 22.6507 4.0
20.0 15.0 15.0 144.80575 26.38029 64.48962 1.0
20.0 15.0 20.0 85.41313 53.73381 22.6507 1.0
20.0 19.0 19.0 66.66 15.30813 45.91584 373.0
20.0 19.0 20.0 85.41313 53.73381 22.6507 373.0
20.0 20.0 20.0 85.41313 53.73381 22.6507 8851.0
20.0 20.0 20.0 85.41313 53.73381 22.6507 8851.0
20.0 21.0 21.0 27.81851 77.93295 19.75029 220.0
20.0 21.0 20.0 85.41313 53.73381 22.6507 220.0
20.0 31.0 31.0 121.69572 39.41872 36.02012 1591.0
20.0 31.0 20.0 85.41313 53.73381 22.6507 1591.0
20.0 32.0 32.0 156.82716 89.21717 57.93557 5.0
20.0 32.0 20.0 85.41313 53.73381 22.6507 5.0
20.0 39.0 39.0 21.86437 50.11206 32.79286 395.0
20.0 39.0 20.0 85.41313 53.73381 22.6507 395.0
20.0 40.0 40.0 83.32436 23.58681 42.2308 1277.0
20.0 40.0 20.0 85.41313 53.73381 22.6507 1277.0
20.0 45.0 45.0 35.12312 116.36246 28.52265 2.0
20.0 45.0 20.0 85.41313 53.73381 22.6507 2.0
20.0 46.0 46.0 114.87711 130.48199 52.97376 2.0
20.0 46.0 20.0 85.41313 53.73381 22.6507 2.0
21.0 1.0 1.0 66.45661 89.46396 7.70293 1140.0
21.0 1.0 21.0 27.81851 77.93295 19.75029 1140.0
21.0 5.0 5.0 36.42196 130.18468 82.11796 11.0
21.0 5.0 21.0 27.81851 77.93295 19.75029 11.0
21.0 6.0 6.0 5.44301 84.93259 74.31417 595.0
21.0 6.0 21.0 27.81851 77.93295 19.75029 595.0
21.0 8.0 8.0 108.58766 85.24784 38.90881 5.0
21.0 8.0 21.0 27.81851 77.93295 19.75029 5.0
21.0 11.0 11.0 48.25535 14.30369 56.40372 34.0
21.0 11.0 21.0 27.81851 77.93295 19.75029 34.0
21.0 13.0 13.0 21.9051 31.0611 56.2945 15.0
21.0 13.0 21.0 27.81851 77.93295 19.75029 15.0
21.0 19.0 19.0 66.66 15.30813 45.91584 19.0
21.0 19.0 21.0 27.81851 77.93295 19.75029 19.0
21.0 20.0 20.0 85.41313 53.73381 22.6507 271.0
21.0 20.0 21.0 27.81851 77.93295 19.75029 271.0
21.0 21.0 21.0 27.81851 77.93295 19.75029 4068.0
21.0 21.0 21.0 27.81851 77.93295 19.75029 4068.0
21.0 22.0 22.0 25.16514 80.09416 119.52219 1.0
21.0 22.0 21.0 27.81851 77.93295 19.75029 1.0
21.0 30.0 30.0 88.70398 139.836 62.89852 1.0
21.0 30.0 21.0 27.81851 77.93295 19.75029 1.0
21.0 39.0 39.0 21.86437 50.11206 32.79286 1692.0
21.0 39.0 21.0 27.81851 77.93295 19.75029 1692.0
21.0 40.0 40.0 83.32436 23.58681 42.2308 5.0
21.0 40.0 21.0 27.81851 77.93295 19.75029 5.0
21.0 45.0 45.0 35.12312 116.36246 28.52265 1428.0
21.0 45.0 21.0 27.81851 77.93295 19.75029 1428.0
22.0 0.0 0.0 55.12643 49.31583 142.17057 538.0
22.0 0.0 22.0 25.16514 80.09416 119.52219 538.0
22.0 2.0 2.0 27.6848 25.08033 88.21905 75.0
22.0 2.0 22.0 25.16514 80.09416 119.52219 75.0
22.0 4.0 4.0 72.11757 108.2321 139.83209 377.0
22.0 4.0 22.0 25.16514 80.09416 119.52219 377.0
22.0 5.0 5.0 36.42196 130.18468 82.11796 954.0
22.0 5.0 22.0 25.16514 80.09416 119.52219 954.0
22.0 6.0 6.0 5.44301 84.93259 74.31417 1492.0
22.0 6.0 22.0 25.16514 80.09416 119.52219 1492.0
22.0 13.0 13.0 21.9051 31.0611 56.2945 5.0
22.0 13.0 22.0 25.16514 80.09416 119.52219 5.0
22.0 16.0 16.0 37.04017 38.68987 124.3939 881.0
22.0 16.0 22.0 25.16514 80.09416 119.52219 881.0
22.0 22.0 22.0 25.16514 80.09416 119.52219 9547.0
22.0 22.0 22.0 25.16514 80.09416 119.52219 9547.0
22.0 24.0 24.0 107.77244 87.18776 149.13 2.0
22.0 24.0 22.0 25.16514 80.09416 119.52219 2.0
22.0 27.0 27.0 18.7056 45.53875 103.87498 1046.0
22.0 27.0 22.0 25.16514 80.09416 119.52219 1046.0
22.0 28.0 28.0 83.50717 39.72972 143.46867 30.0
22.0 28.0 22.0 25.16514 80.09416 119.52219 30.0
22.0 33.0 33.0 97.62151 49.88372 149.24029 3.0
22.0 33.0 22.0 25.16514 80.09416 119.52219 3.0
22.0 36.0 36.0 51.11011 19.24843 119.25924 12.0
22.0 36.0 22.0 25.16514 80.09416 119.52219 12.0
22.0 38.0 38.0 88.57086 68.22849 152.64776 29.0
22.0 38.0 22.0 25.16514 80.09416 119.52219 29.0
22.0 39.0 39.0 21.86437 50.11206 32.79286 1.0
22.0 39.0 22.0 25.16514 80.09416 119.52219 1.0
22.0 41.0 41.0 59.62079 125.62468 122.71415 675.0
22.0 41.0 22.0 25.16514 80.09416 119.52219 675.0
22.0 42.0 42.0 56.48169 85.14608 144.92661 1446.0
22.0 42.0 22.0 25.16514 80.09416 119.52219 1446.0
22.0 44.0 44.0 70.62902 22.74191 131.42287 1.0
22.0 44.0 22.0 25.16514 80.09416 119.52219 1.0
22.0 45.0 45.0 35.12312 116.36246 28.52265 1.0
22.0 45.0 22.0 25.16514 80.09416 119.52219 1.0
23.0 7.0 7.0 121.79978 13.47292 56.92963 24.0
23.0 7.0 23.0 173.49988 43.6273 76.45716 24.0
23.0 8.0 8.0 108.58766 85.24784 38.90881 16.0
23.0 8.0 23.0 173.49988 43.6273 76.45716 16.0
23.0 12.0 12.0 179.79927 86.4961 84.92623 479.0
23.0 12.0 23.0 173.49988 43.6273 76.45716 479.0
23.0 14.0 14.0 128.46238 115.9743 40.39487 1.0
23.0 14.0 23.0 173.49988 43.6273 76.45716 1.0
23.0 15.0 15.0 144.80575 26.38029 64.48962 623.0
23.0 15.0 23.0 173.49988 43.6273 76.45716 623.0
23.0 17.0 17.0 122.99939 11.06803 94.70361 25.0
23.0 17.0 23.0 173.49988 43.6273 76.45716 25.0
23.0 18.0 18.0 159.45314 25.0271 93.64652 809.0
23.0 18.0 23.0 173.49988 43.6273 76.45716 809.0
23.0 23.0 23.0 173.49988 43.6273 76.45716 2106.0
23.0 23.0 23.0 173.49988 43.6273 76.45716 2106.0
23.0 25.0 25.0 182.75712 64.764 100.74942 550.0
23.0 25.0 23.0 173.49988 43.6273 76.45716 550.0
23.0 26.0 26.0 131.79289 45.08703 139.21086 16.0
23.0 26.0 23.0 173.49988 43.6273 76.45716 16.0
23.0 29.0 29.0 122.66322 20.7029 121.4149 16.0
23.0 29.0 23.0 173.49988 43.6273 76.45716 16.0
23.0 31.0 31.0 121.69572 39.41872 36.02012 120.0
23.0 31.0 23.0 173.49988 43.6273 76.45716 120.0
23.0 32.0 32.0 156.82716 89.21717 57.93557 390.0
23.0 32.0 23.0 173.49988 43.6273 76.45716 390.0
23.0 35.0 35.0 147.45991 121.33884 95.61994 1.0
23.0 35.0 23.0 173.49988 43.6273 76.45716 1.0
23.0 37.0 37.0 79.92256 11.08021 113.8155 1.0
23.0 37.0 23.0 173.49988 43.6273 76.45716 1.0
23.0 47.0 47.0 164.09289 62.60587 126.2736 292.0
23.0 47.0 23.0 173.49988 43.6273 76.45716 292.0
24.0 0.0 0.0 55.12643 49.31583 142.17057 10.0
24.0 0.0 24.0 107.77244 87.18776 149.13 10.0
24.0 4.0 4.0 72.11757 108.2321 139.83209 1279.0
24.0 4.0 24.0 107.77244 87.18776 149.13 1279.0
24.0 9.0 9.0 78.3413 140.1077 102.2887 19.0
24.0 9.0 24.0 107.77244 87.18776 149.13 19.0
24.0 22.0 22.0 25.16514 80.09416 119.52219 1.0
24.0 22.0 24.0 107.77244 87.18776 149.13 1.0
24.0 24.0 24.0 107.77244 87.18776 149.13 6161.0
24.0 24.0 24.0 107.77244 87.18776 149.13 6161.0
24.0 26.0 26.0 131.79289 45.08703 139.21086 747.0
24.0 26.0 24.0 107.77244 87.18776 149.13 747.0
24.0 28.0 28.0 83.50717 39.72972 143.46867 48.0
24.0 28.0 24.0 107.77244 87.18776 149.13 48.0
24.0 29.0 29.0 122.66322 20.7029 121.4149 8.0
24.0 29.0 24.0 107.77244 87.18776 149.13 8.0
24.0 30.0 30.0 88.70398 139.836 62.89852 1.0
24.0 30.0 24.0 107.77244 87.18776 149.13 1.0
24.0 33.0 33.0 97.62151 49.88372 149.24029 404.0
24.0 33.0 24.0 107.77244 87.18776 149.13 404.0
24.0 34.0 34.0 127.6707 111.28236 129.58151 2022.0
24.0 34.0 24.0 107.77244 87.18776 149.13 2022.0
24.0 35.0 35.0 147.45991 121.33884 95.61994 4.0
24.0 35.0 24.0 107.77244 87.18776 149.13 4.0
24.0 38.0 38.0 88.57086 68.22849 152.64776 1409.0
24.0 38.0 24.0 107.77244 87.18776 149.13 1409.0
24.0 41.0 41.0 59.62079 125.62468 122.71415 91.0
24.0 41.0 24.0 107.77244 87.18776 149.13 91.0
24.0 42.0 42.0 56.48169 85.14608 144.92661 449.0
24.0 42.0 24.0 107.77244 87.18776 149.13 449.0
24.0 43.0 43.0 102.34663 137.4613 99.67585 7.0
24.0 43.0 24.0 107.77244 87.18776 149.13 7.0
24.0 44.0 44.0 70.62902 22.74191 131.42287 3.0
24.0 44.0 24.0 107.77244 87.18776 149.13 3.0
24.0 47.0 47.0 164.09289 62.60587 126.2736 185.0
24.0 47.0 24.0 107.77244 87.18776 149.13 185.0
25.0 7.0 7.0 121.79978 13.47292 56.92963 1.0
25.0 7.0 25.0 182.75712 64.764 100.74942 1.0
25.0 8.0 8.0 108.58766 85.24784 38.90881 1.0
25.0 8.0 25.0 182.75712 64.764 100.74942 1.0
25.0 12.0 12.0 179.79927 86.4961 84.92623 958.0
25.0 12.0 25.0 182.75712 64.764 100.74942 958.0
25.0 15.0 15.0 144.80575 26.38029 64.48962 11.0
25.0 15.0 25.0 182.75712 64.764 100.74942 11.0
25.0 17.0 17.0 122.99939 11.06803 94.70361 1.0
25.0 17.0 25.0 182.75712 64.764 100.74942 1.0
25.0 18.0 18.0 159.45314 25.0271 93.64652 106.0
25.0 18.0 25.0 182.75712 64.764 100.74942 106.0
25.0 23.0 23.0 173.49988 43.6273 76.45716 554.0
25.0 23.0 25.0 182.75712 64.764 100.74942 554.0
25.0 25.0 25.0 182.75712 64.764 100.74942 1466.0
25.0 25.0 25.0 182.75712 64.764 100.74942 1466.0
25.0 26.0 26.0 131.79289 45.08703 139.21086 11.0
25.0 26.0 25.0 182.75712 64.764 100.74942 11.0
25.0 29.0 29.0 122.66322 20.7029 121.4149 2.0
25.0 29.0 25.0 182.75712 64.764 100.74942 2.0
25.0 31.0 31.0 121.69572 39.41872 36.02012 3.0
25.0 31.0 25.0 182.75712 64.764 100.74942 3.0
25.0 32.0 32.0 156.82716 89.21717 57.93557 60.0
25.0 32.0 25.0 182.75712 64.764 100.74942 60.0
25.0 34.0 34.0 127.6707 111.28236 129.58151 34.0
25.0 34.0 25.0 182.75712 64.764 100.74942 34.0
25.0 35.0 35.0 147.45991 121.33884 95.61994 83.0
25.0 35.0 25.0 182.75712 64.764 100.74942 83.0
25.0 46.0 46.0 114.87711 130.48199 52.97376 1.0
25.0 46.0 25.0 182.75712 64.764 100.74942 1.0
25.0 47.0 47.0 164.09289 62.60587 126.2736 938.0
25.0 47.0 25.0 182.75712 64.764 100.74942 938.0
26.0 0.0 0.0 55.12643 49.31583 142.17057 1.0
26.0 0.0 26.0 131.79289 45.08703 139.21086 1.0
26.0 3.0 3.0 83.12441 3.83659 87.93132 4.0
26.0 3.0 26.0 131.79289 45.08703 139.21086 4.0
26.0 15.0 15.0 144.80575 26.38029 64.48962 6.0
26.0 15.0 26.0 131.79289 45.08703 139.21086 6.0
26.0 17.0 17.0 122.99939 11.06803 94.70361 134.0
26.0 17.0 26.0 131.79289 45.08703 139.21086 134.0
26.0 18.0 18.0 159.45314 25.0271 93.64652 172.0
26.0 18.0 26.0 131.79289 45.08703 139.21086 172.0
26.0 23.0 23.0 173.49988 43.6273 76.45716 3.0
26.0 23.0 26.0 131.79289 45.08703 139.21086 3.0
26.0 24.0 24.0 107.77244 87.18776 149.13 819.0
26.0 24.0 26.0 131.79289 45.08703 139.21086 819.0
26.0 25.0 25.0 182.75712 64.764 100.74942 9.0
26.0 25.0 26.0 131.79289 45.08703 139.21086 9.0
26.0 26.0 26.0 131.79289 45.08703 139.21086 5663.0
26.0 26.0 26.0 131.79289 45.08703 139.21086 5663.0
26.0 28.0 28.0 83.50717 39.72972 143.46867 352.0
26.0 28.0 26.0 131.79289 45.08703 139.21086 352.0
26.0 29.0 29.0 122.66322 20.7029 121.4149 1474.0
26.0 29.0 26.0 131.79289 45.08703 139.21086 1474.0
26.0 33.0 33.0 97.62151 49.88372 149.24029 830.0
26.0 33.0 26.0 131.79289 45.08703 139.21086 830.0
26.0 34.0 34.0 127.6707 111.28236 129.58151 262.0
26.0 34.0 26.0 131.79289 45.08703 139.21086 262.0
26.0 35.0 35.0 147.45991 121.33884 95.61994 3.0
26.0 35.0 26.0 131.79289 45.08703 139.21086 3.0
26.0 37.0 37.0 79.92256 11.08021 113.8155 94.0
26.0 37.0 26.0 131.79289 45.08703 139.21086 94.0
26.0 38.0 38.0 88.57086 68.22849 152.64776 302.0
26.0 38.0 26.0 131.79289 45.08703 139.21086 302.0
26.0 44.0 44.0 70.62902 22.74191 131.42287 21.0
26.0 44.0 26.0 131.79289 45.08703 139.21086 21.0
26.0 47.0 47.0 164.09289 62.60587 126.2736 1364.0
26.0 47.0 26.0 131.79289 45.08703 139.21086 1364.0
27.0 0.0 0.0 55.12643 49.31583 142.17057 53.0
27.0 0.0 27.0 18.7056 45.53875 103.87498 53.0
27.0 2.0 2.0 27.6848 25.08033 88.21905 1197.0
27.0 2.0 27.0 18.7056 45.53875 103.87498 1197.0
27.0 3.0 3.0 83.12441 3.83659 87.93132 1.0
27.0 3.0 27.0 18.7056 45.53875 103.87498 1.0
27.0 5.0 5.0 36.42196 130.18468 82.11796 1.0
27.0 5.0 27.0 18.7056 45.53875 103.87498 1.0
27.0 6.0 6.0 5.44301 84.93259 74.31417 605.0
27.0 6.0 27.0 18.7056 45.53875 103.87498 605.0
27.0 11.0 11.0 48.25535 14.30369 56.40372 18.0
27.0 11.0 27.0 18.7056 45.53875 103.87498 18.0
27.0 13.0 13.0 21.9051 31.0611 56.2945 103.0
27.0 13.0 27.0 18.7056 45.53875 103.87498 103.0
27.0 16.0 16.0 37.04017 38.68987 124.3939 920.0
27.0 16.0 27.0 18.7056 45.53875 103.87498 920.0
27.0 19.0 19.0 66.66 15.30813 45.91584 1.0
27.0 19.0 27.0 18.7056 45.53875 103.87498 1.0
27.0 22.0 22.0 25.16514 80.09416 119.52219 1112.0
27.0 22.0 27.0 18.7056 45.53875 103.87498 1112.0
27.0 27.0 27.0 18.7056 45.53875 103.87498 2165.0
27.0 27.0 27.0 18.7056 45.53875 103.87498 2165.0
27.0 36.0 36.0 51.11011 19.24843 119.25924 90.0
27.0 36.0 27.0 18.7056 45.53875 103.87498 90.0
27.0 37.0 37.0 79.92256 11.08021 113.8155 12.0
27.0 37.0 27.0 18.7056 45.53875 103.87498 12.0
27.0 39.0 39.0 21.86437 50.11206 32.79286 32.0
27.0 39.0 27.0 18.7056 45.53875 103.87498 32.0
27.0 42.0 42.0 56.48169 85.14608 144.92661 3.0
27.0 42.0 27.0 18.7056 45.53875 103.87498 3.0
27.0 44.0 44.0 70.62902 22.74191 131.42287 8.0
27.0 44.0 27.0 18.7056 45.53875 103.87498 8.0
28.0 0.0 0.0 55.12643 49.31583 142.17057 894.0
28.0 0.0 28.0 83.50717 39.72972 143.46867 894.0
28.0 3.0 3.0 83.12441 3.83659 87.93132 12.0
28.0 3.0 28.0 83.50717 39.72972 143.46867 12.0
28.0 4.0 4.0 72.11757 108.2321 139.83209 6.0
28.0 4.0 28.0 83.50717 39.72972 143.46867 6.0
28.0 16.0 16.0 37.04017 38.68987 124.3939 49.0
28.0 16.0 28.0 83.50717 39.72972 143.46867 49.0
28.0 17.0 17.0 122.99939 11.06803 94.70361 12.0
28.0 17.0 28.0 83.50717 39.72972 143.46867 12.0
28.0 22.0 22.0 25.16514 80.09416 119.52219 25.0
28.0 22.0 28.0 83.50717 39.72972 143.46867 25.0
28.0 24.0 24.0 107.77244 87.18776 149.13 49.0
28.0 24.0 28.0 83.50717 39.72972 143.46867 49.0
28.0 26.0 26.0 131.79289 45.08703 139.21086 356.0
28.0 26.0 28.0 83.50717 39.72972 143.46867 356.0
28.0 28.0 28.0 83.50717 39.72972 143.46867 2153.0
28.0 28.0 28.0 83.50717 39.72972 143.46867 2153.0
28.0 29.0 29.0 122.66322 20.7029 121.4149 330.0
28.0 29.0 28.0 83.50717 39.72972 143.46867 330.0
28.0 33.0 33.0 97.62151 49.88372 149.24029 1182.0
28.0 33.0 28.0 83.50717 39.72972 143.46867 1182.0
28.0 36.0 36.0 51.11011 19.24843 119.25924 66.0
28.0 36.0 28.0 83.50717 39.72972 143.46867 66.0
28.0 37.0 37.0 79.92256 11.08021 113.8155 532.0
28.0 37.0 28.0 83.50717 39.72972 143.46867 532.0
28.0 38.0 38.0 88.57086 68.22849 152.64776 520.0
28.0 38.0 28.0 83.50717 39.72972 143.46867 520.0
28.0 42.0 42.0 56.48169 85.14608 144.92661 164.0
28.0 42.0 28.0 83.50717 39.72972 143.46867 164.0
28.0 44.0 44.0 70.62902 22.74191 131.42287 669.0
28.0 44.0 28.0 83.50717 39.72972 143.46867 669.0
28.0 47.0 47.0 164.09289 62.60587 126.2736 2.0
28.0 47.0 28.0 83.50717 39.72972 143.46867 2.0
29.0 0.0 0.0 55.12643 49.31583 142.17057 3.0
29.0 0.0 29.0 122.66322 20.7029 121.4149 3.0
29.0 3.0 3.0 83.12441 3.83659 87.93132 184.0
29.0 3.0 29.0 122.66322 20.7029 121.4149 184.0
29.0 7.0 7.0 121.79978 13.47292 56.92963 19.0
29.0 7.0 29.0 122.66322 20.7029 121.4149 19.0
29.0 10.0 10.0 97.47936 4.00095 61.34567 6.0
29.0 10.0 29.0 122.66322 20.7029 121.4149 6.0
29.0 15.0 15.0 144.80575 26.38029 64.48962 57.0
29.0 15.0 29.0 122.66322 20.7029 121.4149 57.0
29.0 17.0 17.0 122.99939 11.06803 94.70361 1227.0
29.0 17.0 29.0 122.66322 20.7029 121.4149 1227.0
29.0 18.0 18.0 159.45314 25.0271 93.64652 387.0
29.0 18.0 29.0 122.66322 20.7029 121.4149 387.0
29.0 23.0 23.0 173.49988 43.6273 76.45716 17.0
29.0 23.0 29.0 122.66322 20.7029 121.4149 17.0
29.0 24.0 24.0 107.77244 87.18776 149.13 3.0
29.0 24.0 29.0 122.66322 20.7029 121.4149 3.0
29.0 25.0 25.0 182.75712 64.764 100.74942 1.0
29.0 25.0 29.0 122.66322 20.7029 121.4149 1.0
29.0 26.0 26.0 131.79289 45.08703 139.21086 1488.0
29.0 26.0 29.0 122.66322 20.7029 121.4149 1488.0
29.0 28.0 28.0 83.50717 39.72972 143.46867 313.0
29.0 28.0 29.0 122.66322 20.7029 121.4149 313.0
29.0 29.0 29.0 122.66322 20.7029 121.4149 3218.0
29.0 29.0 29.0 122.66322 20.7029 121.4149 3218.0
29.0 33.0 33.0 97.62151 49.88372 149.24029 136.0
29.0 33.0 29.0 122.66322 20.7029 121.4149 136.0
29.0 36.0 36.0 51.11011 19.24843 119.25924 2.0
29.0 36.0 29.0 122.66322 20.7029 121.4149 2.0
29.0 37.0 37.0 79.92256 11.08021 113.8155 788.0
29.0 37.0 29.0 122.66322 20.7029 121.4149 788.0
29.0 38.0 38.0 88.57086 68.22849 152.64776 10.0
29.0 38.0 29.0 122.66322 20.7029 121.4149 10.0
29.0 44.0 44.0 70.62902 22.74191 131.42287 77.0
29.0 44.0 29.0 122.66322 20.7029 121.4149 77.0
29.0 47.0 47.0 164.09289 62.60587 126.2736 180.0
29.0 47.0 29.0 122.66322 20.7029 121.4149 180.0
30.0 1.0 1.0 66.45661 89.46396 7.70293 272.0
30.0 1.0 30.0 88.70398 139.836 62.89852 272.0
30.0 4.0 4.0 72.11757 108.2321 139.83209 1.0
30.0 4.0 30.0 88.70398 139.836 62.89852 1.0
30.0 5.0 5.0 36.42196 130.18468 82.11796 1384.0
30.0 5.0 30.0 88.70398 139.836 62.89852 1384.0
30.0 8.0 8.0 108.58766 85.24784 38.90881 476.0
30.0 8.0 30.0 88.70398 139.836 62.89852 476.0
30.0 9.0 9.0 78.3413 140.1077 102.2887 917.0
30.0 9.0 30.0 88.70398 139.836 62.89852 917.0
30.0 14.0 14.0 128.46238 115.9743 40.39487 223.0
30.0 14.0 30.0 88.70398 139.836 62.89852 223.0
30.0 30.0 30.0 88.70398 139.836 62.89852 10394.0
30.0 30.0 30.0 88.70398 139.836 62.89852 10394.0
30.0 32.0 32.0 156.82716 89.21717 57.93557 6.0
30.0 32.0 30.0 88.70398 139.836 62.89852 6.0
30.0 34.0 34.0 127.6707 111.28236 129.58151 74.0
30.0 34.0 30.0 88.70398 139.836 62.89852 74.0
30.0 35.0 35.0 147.45991 121.33884 95.61994 594.0
30.0 35.0 30.0 88.70398 139.836 62.89852 594.0
30.0 41.0 41.0 59.62079 125.62468 122.71415 24.0
30.0 41.0 30.0 88.70398 139.836 62.89852 24.0
30.0 43.0 43.0 102.34663 137.4613 99.67585 1573.0
30.0 43.0 30.0 88.70398 139.836 62.89852 1573.0
30.0 45.0 45.0 35.12312 116.36246 28.52265 571.0
30.0 45.0 30.0 88.70398 139.836 62.89852 571.0
30.0 46.0 46.0 114.87711 130.48199 52.97376 2656.0
30.0 46.0 30.0 88.70398 139.836 62.89852 2656.0
31.0 1.0 1.0 66.45661 89.46396 7.70293 3.0
31.0 1.0 31.0 121.69572 39.41872 36.02012 3.0
31.0 3.0 3.0 83.12441 3.83659 87.93132 3.0
31.0 3.0 31.0 121.69572 39.41872 36.02012 3.0
31.0 7.0 7.0 121.79978 13.47292 56.92963 1269.0
31.0 7.0 31.0 121.69572 39.41872 36.02012 1269.0
31.0 8.0 8.0 108.58766 85.24784 38.90881 1752.0
31.0 8.0 31.0 121.69572 39.41872 36.02012 1752.0
31.0 10.0 10.0 97.47936 4.00095 61.34567 298.0
31.0 10.0 31.0 121.69572 39.41872 36.02012 298.0
31.0 11.0 11.0 48.25535 14.30369 56.40372 3.0
31.0 11.0 31.0 121.69572 39.41872 36.02012 3.0
31.0 12.0 12.0 179.79927 86.4961 84.92623 10.0
31.0 12.0 31.0 121.69572 39.41872 36.02012 10.0
31.0 14.0 14.0 128.46238 115.9743 40.39487 6.0
31.0 14.0 31.0 121.69572 39.41872 36.02012 6.0
31.0 15.0 15.0 144.80575 26.38029 64.48962 1031.0
31.0 15.0 31.0 121.69572 39.41872 36.02012 1031.0
31.0 17.0 17.0 122.99939 11.06803 94.70361 6.0
31.0 17.0 31.0 121.69572 39.41872 36.02012 6.0
31.0 18.0 18.0 159.45314 25.0271 93.64652 20.0
31.0 18.0 31.0 121.69572 39.41872 36.02012 20.0
31.0 19.0 19.0 66.66 15.30813 45.91584 28.0
31.0 19.0 31.0 121.69572 39.41872 36.02012 28.0
31.0 20.0 20.0 85.41313 53.73381 22.6507 1716.0
31.0 20.0 31.0 121.69572 39.41872 36.02012 1716.0
31.0 23.0 23.0 173.49988 43.6273 76.45716 86.0
31.0 23.0 31.0 121.69572 39.41872 36.02012 86.0
31.0 31.0 31.0 121.69572 39.41872 36.02012 7917.0
31.0 31.0 31.0 121.69572 39.41872 36.02012 7917.0
31.0 32.0 32.0 156.82716 89.21717 57.93557 413.0
31.0 32.0 31.0 121.69572 39.41872 36.02012 413.0
31.0 40.0 40.0 83.32436 23.58681 42.2308 804.0
31.0 40.0 31.0 121.69572 39.41872 36.02012 804.0
32.0 7.0 7.0 121.79978 13.47292 56.92963 8.0
32.0 7.0 32.0 156.82716 89.21717 57.93557 8.0
32.0 8.0 8.0 108.58766 85.24784 38.90881 1361.0
32.0 8.0 32.0 156.82716 89.21717 57.93557 1361.0
32.0 12.0 12.0 179.79927 86.4961 84.92623 1283.0
32.0 12.0 32.0 156.82716 89.21717 57.93557 1283.0
32.0 14.0 14.0 128.46238 115.9743 40.39487 1152.0
32.0 14.0 32.0 156.82716 89.21717 57.93557 1152.0
32.0 15.0 15.0 144.80575 26.38029 64.48962 283.0
32.0 15.0 32.0 156.82716 89.21717 57.93557 283.0
32.0 18.0 18.0 159.45314 25.0271 93.64652 15.0
32.0 18.0 32.0 156.82716 89.21717 57.93557 15.0
32.0 20.0 20.0 85.41313 53.73381 22.6507 7.0
32.0 20.0 32.0 156.82716 89.21717 57.93557 7.0
32.0 23.0 23.0 173.49988 43.6273 76.45716 389.0
32.0 23.0 32.0 156.82716 89.21717 57.93557 389.0
32.0 25.0 25.0 182.75712 64.764 100.74942 62.0
32.0 25.0 32.0 156.82716 89.21717 57.93557 62.0
32.0 30.0 30.0 88.70398 139.836 62.89852 11.0
32.0 30.0 32.0 156.82716 89.21717 57.93557 11.0
32.0 31.0 31.0 121.69572 39.41872 36.02012 443.0
32.0 31.0 32.0 156.82716 89.21717 57.93557 443.0
32.0 32.0 32.0 156.82716 89.21717 57.93557 6202.0
32.0 32.0 32.0 156.82716 89.21717 57.93557 6202.0
32.0 34.0 34.0 127.6707 111.28236 129.58151 3.0
32.0 34.0 32.0 156.82716 89.21717 57.93557 3.0
32.0 35.0 35.0 147.45991 121.33884 95.61994 753.0
32.0 35.0 32.0 156.82716 89.21717 57.93557 753.0
32.0 46.0 46.0 114.87711 130.48199 52.97376 283.0
32.0 46.0 32.0 156.82716 89.21717 57.93557 283.0
32.0 47.0 47.0 164.09289 62.60587 126.2736 3.0
32.0 47.0 32.0 156.82716 89.21717 57.93557 3.0
33.0 0.0 0.0 55.12643 49.31583 142.17057 223.0
33.0 0.0 33.0 97.62151 49.88372 149.24029 223.0
33.0 4.0 4.0 72.11757 108.2321 139.83209 4.0
33.0 4.0 33.0 97.62151 49.88372 149.24029 4.0
33.0 17.0 17.0 122.99939 11.06803 94.70361 3.0
33.0 17.0 33.0 97.62151 49.88372 149.24029 3.0
33.0 18.0 18.0 159.45314 25.0271 93.64652 2.0
33.0 18.0 33.0 97.62151 49.88372 149.24029 2.0
33.0 22.0 22.0 25.16514 80.09416 119.52219 3.0
33.0 22.0 33.0 97.62151 49.88372 149.24029 3.0
33.0 24.0 24.0 107.77244 87.18776 149.13 449.0
33.0 24.0 33.0 97.62151 49.88372 149.24029 449.0
33.0 26.0 26.0 131.79289 45.08703 139.21086 879.0
33.0 26.0 33.0 97.62151 49.88372 149.24029 879.0
33.0 28.0 28.0 83.50717 39.72972 143.46867 1143.0
33.0 28.0 33.0 97.62151 49.88372 149.24029 1143.0
33.0 29.0 29.0 122.66322 20.7029 121.4149 161.0
33.0 29.0 33.0 97.62151 49.88372 149.24029 161.0
33.0 33.0 33.0 97.62151 49.88372 149.24029 1786.0
33.0 33.0 33.0 97.62151 49.88372 149.24029 1786.0
33.0 34.0 34.0 127.6707 111.28236 129.58151 4.0
33.0 34.0 33.0 97.62151 49.88372 149.24029 4.0
33.0 36.0 36.0 51.11011 19.24843 119.25924 4.0
33.0 36.0 33.0 97.62151 49.88372 149.24029 4.0
33.0 37.0 37.0 79.92256 11.08021 113.8155 72.0
33.0 37.0 33.0 97.62151 49.88372 149.24029 72.0
33.0 38.0 38.0 88.57086 68.22849 152.64776 1091.0
33.0 38.0 33.0 97.62151 49.88372 149.24029 1091.0
33.0 42.0 42.0 56.48169 85.14608 144.92661 100.0
33.0 42.0 33.0 97.62151 49.88372 149.24029 100.0
33.0 44.0 44.0 70.62902 22.74191 131.42287 117.0
33.0 44.0 33.0 97.62151 49.88372 149.24029 117.0
33.0 47.0 47.0 164.09289 62.60587 126.2736 4.0
33.0 47.0 33.0 97.62151 49.88372 149.24029 4.0
34.0 4.0 4.0 72.11757 108.2321 139.83209 760.0
34.0 4.0 34.0 127.6707 111.28236 129.58151 760.0
34.0 9.0 9.0 78.3413 140.1077 102.2887 435.0
34.0 9.0 34.0 127.6707 111.28236 129.58151 435.0
34.0 12.0 12.0 179.79927 86.4961 84.92623 80.0
34.0 12.0 34.0 127.6707 111.28236 129.58151 80.0
34.0 14.0 14.0 128.46238 115.9743 40.39487 1.0
34.0 14.0 34.0 127.6707 111.28236 129.58151 1.0
34.0 24.0 24.0 107.77244 87.18776 149.13 2063.0
34.0 24.0 34.0 127.6707 111.28236 129.58151 2063.0
34.0 25.0 25.0 182.75712 64.764 100.74942 33.0
34.0 25.0 34.0 127.6707 111.28236 129.58151 33.0
34.0 26.0 26.0 131.79289 45.08703 139.21086 289.0
34.0 26.0 34.0 127.6707 111.28236 129.58151 289.0
34.0 30.0 30.0 88.70398 139.836 62.89852 76.0
34.0 30.0 34.0 127.6707 111.28236 129.58151 76.0
34.0 32.0 32.0 156.82716 89.21717 57.93557 6.0
34.0 32.0 34.0 127.6707 111.28236 129.58151 6.0
34.0 33.0 33.0 97.62151 49.88372 149.24029 12.0
34.0 33.0 34.0 127.6707 111.28236 129.58151 12.0
34.0 34.0 34.0 127.6707 111.28236 129.58151 11994.0
34.0 34.0 34.0 127.6707 111.28236 129.58151 11994.0
34.0 35.0 35.0 147.45991 121.33884 95.61994 2041.0
34.0 35.0 34.0 127.6707 111.28236 129.58151 2041.0
34.0 38.0 38.0 88.57086 68.22849 152.64776 36.0
34.0 38.0 34.0 127.6707 111.28236 129.58151 36.0
34.0 41.0 41.0 59.62079 125.62468 122.71415 367.0
34.0 41.0 34.0 127.6707 111.28236 129.58151 367.0
34.0 42.0 42.0 56.48169 85.14608 144.92661 12.0
34.0 42.0 34.0 127.6707 111.28236 129.58151 12.0
34.0 43.0 43.0 102.34663 137.4613 99.67585 1201.0
34.0 43.0 34.0 127.6707 111.28236 129.58151 1201.0
34.0 46.0 46.0 114.87711 130.48199 52.97376 18.0
34.0 46.0 34.0 127.6707 111.28236 129.58151 18.0
34.0 47.0 47.0 164.09289 62.60587 126.2736 910.0
34.0 47.0 34.0 127.6707 111.28236 129.58151 910.0
35.0 4.0 4.0 72.11757 108.2321 139.83209 1.0
35.0 4.0 35.0 147.45991 121.33884 95.61994 1.0
35.0 8.0 8.0 108.58766 85.24784 38.90881 6.0
35.0 8.0 35.0 147.45991 121.33884 95.61994 6.0
35.0 9.0 9.0 78.3413 140.1077 102.2887 35.0
35.0 9.0 35.0 147.45991 121.33884 95.61994 35.0
35.0 12.0 12.0 179.79927 86.4961 84.92623 961.0
35.0 12.0 35.0 147.45991 121.33884 95.61994 961.0
35.0 14.0 14.0 128.46238 115.9743 40.39487 272.0
35.0 14.0 35.0 147.45991 121.33884 95.61994 272.0
35.0 24.0 24.0 107.77244 87.18776 149.13 6.0
35.0 24.0 35.0 147.45991 121.33884 95.61994 6.0
35.0 25.0 25.0 182.75712 64.764 100.74942 78.0
35.0 25.0 35.0 147.45991 121.33884 95.61994 78.0
35.0 26.0 26.0 131.79289 45.08703 139.21086 3.0
35.0 26.0 35.0 147.45991 121.33884 95.61994 3.0
35.0 28.0 28.0 83.50717 39.72972 143.46867 1.0
35.0 28.0 35.0 147.45991 121.33884 95.61994 1.0
35.0 30.0 30.0 88.70398 139.836 62.89852 623.0
35.0 30.0 35.0 147.45991 121.33884 95.61994 623.0
35.0 32.0 32.0 156.82716 89.21717 57.93557 720.0
35.0 32.0 35.0 147.45991 121.33884 95.61994 720.0
35.0 34.0 34.0 127.6707 111.28236 129.58151 2048.0
35.0 34.0 35.0 147.45991 121.33884 95.61994 2048.0
35.0 35.0 35.0 147.45991 121.33884 95.61994 8026.0
35.0 35.0 35.0 147.45991 121.33884 95.61994 8026.0
35.0 41.0 41.0 59.62079 125.62468 122.71415 3.0
35.0 41.0 35.0 147.45991 121.33884 95.61994 3.0
35.0 43.0 43.0 102.34663 137.4613 99.67585 820.0
35.0 43.0 35.0 147.45991 121.33884 95.61994 820.0
35.0 46.0 46.0 114.87711 130.48199 52.97376 895.0
35.0 46.0 35.0 147.45991 121.33884 95.61994 895.0
35.0 47.0 47.0 164.09289 62.60587 126.2736 300.0
35.0 47.0 35.0 147.45991 121.33884 95.61994 300.0
36.0 0.0 0.0 55.12643 49.31583 142.17057 333.0
36.0 0.0 36.0 51.11011 19.24843 119.25924 333.0
36.0 2.0 2.0 27.6848 25.08033 88.21905 410.0
36.0 2.0 36.0 51.11011 19.24843 119.25924 410.0
36.0 3.0 3.0 83.12441 3.83659 87.93132 144.0
36.0 3.0 36.0 51.11011 19.24843 119.25924 144.0
36.0 10.0 10.0 97.47936 4.00095 61.34567 1.0
36.0 10.0 36.0 51.11011 19.24843 119.25924 1.0
36.0 11.0 11.0 48.25535 14.30369 56.40372 70.0
36.0 11.0 36.0 51.11011 19.24843 119.25924 70.0
36.0 13.0 13.0 21.9051 31.0611 56.2945 2.0
36.0 13.0 36.0 51.11011 19.24843 119.25924 2.0
36.0 16.0 16.0 37.04017 38.68987 124.3939 719.0
36.0 16.0 36.0 51.11011 19.24843 119.25924 719.0
36.0 19.0 19.0 66.66 15.30813 45.91584 2.0
36.0 19.0 36.0 51.11011 19.24843 119.25924 2.0
36.0 22.0 22.0 25.16514 80.09416 119.52219 7.0
36.0 22.0 36.0 51.11011 19.24843 119.25924 7.0
36.0 27.0 27.0 18.7056 45.53875 103.87498 87.0
36.0 27.0 36.0 51.11011 19.24843 119.25924 87.0
36.0 28.0 28.0 83.50717 39.72972 143.46867 98.0
36.0 28.0 36.0 51.11011 19.24843 119.25924 98.0
36.0 29.0 29.0 122.66322 20.7029 121.4149 3.0
36.0 29.0 36.0 51.11011 19.24843 119.25924 3.0
36.0 33.0 33.0 97.62151 49.88372 149.24029 2.0
36.0 33.0 36.0 51.11011 19.24843 119.25924 2.0
36.0 36.0 36.0 51.11011 19.24843 119.25924 979.0
36.0 36.0 36.0 51.11011 19.24843 119.25924 979.0
36.0 37.0 37.0 79.92256 11.08021 113.8155 694.0
36.0 37.0 36.0 51.11011 19.24843 119.25924 694.0
36.0 38.0 38.0 88.57086 68.22849 152.64776 3.0
36.0 38.0 36.0 51.11011 19.24843 119.25924 3.0
36.0 42.0 42.0 56.48169 85.14608 144.92661 3.0
36.0 42.0 36.0 51.11011 19.24843 119.25924 3.0
36.0 44.0 44.0 70.62902 22.74191 131.42287 551.0
36.0 44.0 36.0 51.11011 19.24843 119.25924 551.0
37.0 0.0 0.0 55.12643 49.31583 142.17057 78.0
37.0 0.0 37.0 79.92256 11.08021 113.8155 78.0
37.0 2.0 2.0 27.6848 25.08033 88.21905 328.0
37.0 2.0 37.0 79.92256 11.08021 113.8155 328.0
37.0 3.0 3.0 83.12441 3.83659 87.93132 1927.0
37.0 3.0 37.0 79.92256 11.08021 113.8155 1927.0
37.0 7.0 7.0 121.79978 13.47292 56.92963 8.0
37.0 7.0 37.0 79.92256 11.08021 113.8155 8.0
37.0 10.0 10.0 97.47936 4.00095 61.34567 50.0
37.0 10.0 37.0 79.92256 11.08021 113.8155 50.0
37.0 11.0 11.0 48.25535 14.30369 56.40372 211.0
37.0 11.0 37.0 79.92256 11.08021 113.8155 211.0
37.0 13.0 13.0 21.9051 31.0611 56.2945 2.0
37.0 13.0 37.0 79.92256 11.08021 113.8155 2.0
37.0 16.0 16.0 37.04017 38.68987 124.3939 164.0
37.0 16.0 37.0 79.92256 11.08021 113.8155 164.0
37.0 17.0 17.0 122.99939 11.06803 94.70361 430.0
37.0 17.0 37.0 79.92256 11.08021 113.8155 430.0
37.0 18.0 18.0 159.45314 25.0271 93.64652 1.0
37.0 18.0 37.0 79.92256 11.08021 113.8155 1.0
37.0 19.0 19.0 66.66 15.30813 45.91584 33.0
37.0 19.0 37.0 79.92256 11.08021 113.8155 33.0
37.0 26.0 26.0 131.79289 45.08703 139.21086 140.0
37.0 26.0 37.0 79.92256 11.08021 113.8155 140.0
37.0 27.0 27.0 18.7056 45.53875 103.87498 20.0
37.0 27.0 37.0 79.92256 11.08021 113.8155 20.0
37.0 28.0 28.0 83.50717 39.72972 143.46867 579.0
37.0 28.0 37.0 79.92256 11.08021 113.8155 579.0
37.0 29.0 29.0 122.66322 20.7029 121.4149 804.0
37.0 29.0 37.0 79.92256 11.08021 113.8155 804.0
37.0 33.0 33.0 97.62151 49.88372 149.24029 78.0
37.0 33.0 37.0 79.92256 11.08021 113.8155 78.0
37.0 36.0 36.0 51.11011 19.24843 119.25924 687.0
37.0 36.0 37.0 79.92256 11.08021 113.8155 687.0
37.0 37.0 37.0 79.92256 11.08021 113.8155 5231.0
37.0 37.0 37.0 79.92256 11.08021 113.8155 5231.0
37.0 38.0 38.0 88.57086 68.22849 152.64776 4.0
37.0 38.0 37.0 79.92256 11.08021 113.8155 4.0
37.0 40.0 40.0 83.32436 23.58681 42.2308 5.0
37.0 40.0 37.0 79.92256 11.08021 113.8155 5.0
37.0 44.0 44.0 70.62902 22.74191 131.42287 1036.0
37.0 44.0 37.0 79.92256 11.08021 113.8155 1036.0
38.0 0.0 0.0 55.12643 49.31583 142.17057 353.0
38.0 0.0 38.0 88.57086 68.22849 152.64776 353.0
38.0 4.0 4.0 72.11757 108.2321 139.83209 234.0
38.0 4.0 38.0 88.57086 68.22849 152.64776 234.0
38.0 16.0 16.0 37.04017 38.68987 124.3939 13.0
38.0 16.0 38.0 88.57086 68.22849 152.64776 13.0
38.0 22.0 22.0 25.16514 80.09416 119.52219 29.0
38.0 22.0 38.0 88.57086 68.22849 152.64776 29.0
38.0 24.0 24.0 107.77244 87.18776 149.13 1414.0
38.0 24.0 38.0 88.57086 68.22849 152.64776 1414.0
38.0 26.0 26.0 131.79289 45.08703 139.21086 322.0
38.0 26.0 38.0 88.57086 68.22849 152.64776 322.0
38.0 28.0 28.0 83.50717 39.72972 143.46867 516.0
38.0 28.0 38.0 88.57086 68.22849 152.64776 516.0
38.0 29.0 29.0 122.66322 20.7029 121.4149 10.0
38.0 29.0 38.0 88.57086 68.22849 152.64776 10.0
38.0 33.0 33.0 97.62151 49.88372 149.24029 1027.0
38.0 33.0 38.0 88.57086 68.22849 152.64776 1027.0
38.0 34.0 34.0 127.6707 111.28236 129.58151 45.0
38.0 34.0 38.0 88.57086 68.22849 152.64776 45.0
38.0 36.0 36.0 51.11011 19.24843 119.25924 4.0
38.0 36.0 38.0 88.57086 68.22849 152.64776 4.0
38.0 37.0 37.0 79.92256 11.08021 113.8155 2.0
38.0 37.0 38.0 88.57086 68.22849 152.64776 2.0
38.0 38.0 38.0 88.57086 68.22849 152.64776 2146.0
38.0 38.0 38.0 88.57086 68.22849 152.64776 2146.0
38.0 41.0 41.0 59.62079 125.62468 122.71415 4.0
38.0 41.0 38.0 88.57086 68.22849 152.64776 4.0
38.0 42.0 42.0 56.48169 85.14608 144.92661 859.0
38.0 42.0 38.0 88.57086 68.22849 152.64776 859.0
38.0 44.0 44.0 70.62902 22.74191 131.42287 14.0
38.0 44.0 38.0 88.57086 68.22849 152.64776 14.0
38.0 47.0 47.0 164.09289 62.60587 126.2736 10.0
38.0 47.0 38.0 88.57086 68.22849 152.64776 10.0
39.0 1.0 1.0 66.45661 89.46396 7.70293 235.0
39.0 1.0 39.0 21.86437 50.11206 32.79286 235.0
39.0 2.0 2.0 27.6848 25.08033 88.21905 114.0
39.0 2.0 39.0 21.86437 50.11206 32.79286 114.0
39.0 6.0 6.0 5.44301 84.93259 74.31417 1090.0
39.0 6.0 39.0 21.86437 50.11206 32.79286 1090.0
39.0 11.0 11.0 48.25535 14.30369 56.40372 717.0
39.0 11.0 39.0 21.86437 50.11206 32.79286 717.0
39.0 13.0 13.0 21.9051 31.0611 56.2945 1358.0
39.0 13.0 39.0 21.86437 50.11206 32.79286 1358.0
39.0 19.0 19.0 66.66 15.30813 45.91584 181.0
39.0 19.0 39.0 21.86437 50.11206 32.79286 181.0
39.0 20.0 20.0 85.41313 53.73381 22.6507 469.0
39.0 20.0 39.0 21.86437 50.11206 32.79286 469.0
39.0 21.0 21.0 27.81851 77.93295 19.75029 1651.0
39.0 21.0 39.0 21.86437 50.11206 32.79286 1651.0
39.0 22.0 22.0 25.16514 80.09416 119.52219 2.0
39.0 22.0 39.0 21.86437 50.11206 32.79286 2.0
39.0 27.0 27.0 18.7056 45.53875 103.87498 24.0
39.0 27.0 39.0 21.86437 50.11206 32.79286 24.0
39.0 39.0 39.0 21.86437 50.11206 32.79286 6620.0
39.0 39.0 39.0 21.86437 50.11206 32.79286 6620.0
39.0 40.0 40.0 83.32436 23.58681 42.2308 42.0
39.0 40.0 39.0 21.86437 50.11206 32.79286 42.0
39.0 45.0 45.0 35.12312 116.36246 28.52265 70.0
39.0 45.0 39.0 21.86437 50.11206 32.79286 70.0
40.0 1.0 1.0 66.45661 89.46396 7.70293 16.0
40.0 1.0 40.0 83.32436 23.58681 42.2308 16.0
40.0 3.0 3.0 83.12441 3.83659 87.93132 118.0
40.0 3.0 40.0 83.32436 23.58681 42.2308 118.0
40.0 7.0 7.0 121.79978 13.47292 56.92963 245.0
40.0 7.0 40.0 83.32436 23.58681 42.2308 245.0
40.0 8.0 8.0 108.58766 85.24784 38.90881 28.0
40.0 8.0 40.0 83.32436 23.58681 42.2308 28.0
40.0 10.0 10.0 97.47936 4.00095 61.34567 934.0
40.0 10.0 40.0 83.32436 23.58681 42.2308 934.0
40.0 11.0 11.0 48.25535 14.30369 56.40372 392.0
40.0 11.0 40.0 83.32436 23.58681 42.2308 392.0
40.0 13.0 13.0 21.9051 31.0611 56.2945 8.0
40.0 13.0 40.0 83.32436 23.58681 42.2308 8.0
40.0 15.0 15.0 144.80575 26.38029 64.48962 4.0
40.0 15.0 40.0 83.32436 23.58681 42.2308 4.0
40.0 17.0 17.0 122.99939 11.06803 94.70361 4.0
40.0 17.0 40.0 83.32436 23.58681 42.2308 4.0
40.0 19.0 19.0 66.66 15.30813 45.91584 1015.0
40.0 19.0 40.0 83.32436 23.58681 42.2308 1015.0
40.0 20.0 20.0 85.41313 53.73381 22.6507 1394.0
40.0 20.0 40.0 83.32436 23.58681 42.2308 1394.0
40.0 21.0 21.0 27.81851 77.93295 19.75029 2.0
40.0 21.0 40.0 83.32436 23.58681 42.2308 2.0
40.0 31.0 31.0 121.69572 39.41872 36.02012 818.0
40.0 31.0 40.0 83.32436 23.58681 42.2308 818.0
40.0 37.0 37.0 79.92256 11.08021 113.8155 2.0
40.0 37.0 40.0 83.32436 23.58681 42.2308 2.0
40.0 39.0 39.0 21.86437 50.11206 32.79286 31.0
40.0 39.0 40.0 83.32436 23.58681 42.2308 31.0
40.0 40.0 40.0 83.32436 23.58681 42.2308 3015.0
40.0 40.0 40.0 83.32436 23.58681 42.2308 3015.0
41.0 0.0 0.0 55.12643 49.31583 142.17057 1.0
41.0 0.0 41.0 59.62079 125.62468 122.71415 1.0
41.0 4.0 4.0 72.11757 108.2321 139.83209 2181.0
41.0 4.0 41.0 59.62079 125.62468 122.71415 2181.0
41.0 5.0 5.0 36.42196 130.18468 82.11796 1743.0
41.0 5.0 41.0 59.62079 125.62468 122.71415 1743.0
41.0 6.0 6.0 5.44301 84.93259 74.31417 19.0
41.0 6.0 41.0 59.62079 125.62468 122.71415 19.0
41.0 9.0 9.0 78.3413 140.1077 102.2887 1581.0
41.0 9.0 41.0 59.62079 125.62468 122.71415 1581.0
41.0 13.0 13.0 21.9051 31.0611 56.2945 1.0
41.0 13.0 41.0 59.62079 125.62468 122.71415 1.0
41.0 22.0 22.0 25.16514 80.09416 119.52219 564.0
41.0 22.0 41.0 59.62079 125.62468 122.71415 564.0
41.0 24.0 24.0 107.77244 87.18776 149.13 87.0
41.0 24.0 41.0 59.62079 125.62468 122.71415 87.0
41.0 27.0 27.0 18.7056 45.53875 103.87498 1.0
41.0 27.0 41.0 59.62079 125.62468 122.71415 1.0
41.0 28.0 28.0 83.50717 39.72972 143.46867 1.0
41.0 28.0 41.0 59.62079 125.62468 122.71415 1.0
41.0 30.0 30.0 88.70398 139.836 62.89852 24.0
41.0 30.0 41.0 59.62079 125.62468 122.71415 24.0
41.0 33.0 33.0 97.62151 49.88372 149.24029 1.0
41.0 33.0 41.0 59.62079 125.62468 122.71415 1.0
41.0 34.0 34.0 127.6707 111.28236 129.58151 370.0
41.0 34.0 41.0 59.62079 125.62468 122.71415 370.0
41.0 35.0 35.0 147.45991 121.33884 95.61994 2.0
41.0 35.0 41.0 59.62079 125.62468 122.71415 2.0
41.0 38.0 38.0 88.57086 68.22849 152.64776 3.0
41.0 38.0 41.0 59.62079 125.62468 122.71415 3.0
41.0 41.0 41.0 59.62079 125.62468 122.71415 6395.0
41.0 41.0 41.0 59.62079 125.62468 122.71415 6395.0
41.0 42.0 42.0 56.48169 85.14608 144.92661 378.0
41.0 42.0 41.0 59.62079 125.62468 122.71415 378.0
41.0 43.0 43.0 102.34663 137.4613 99.67585 309.0
41.0 43.0 41.0 59.62079 125.62468 122.71415 309.0
42.0 0.0 0.0 55.12643 49.31583 142.17057 749.0
42.0 0.0 42.0 56.48169 85.14608 144.92661 749.0
42.0 4.0 4.0 72.11757 108.2321 139.83209 1721.0
42.0 4.0 42.0 56.48169 85.14608 144.92661 1721.0
42.0 5.0 5.0 36.42196 130.18468 82.11796 40.0
42.0 5.0 42.0 56.48169 85.14608 144.92661 40.0
42.0 9.0 9.0 78.3413 140.1077 102.2887 7.0
42.0 9.0 42.0 56.48169 85.14608 144.92661 7.0
42.0 16.0 16.0 37.04017 38.68987 124.3939 138.0
42.0 16.0 42.0 56.48169 85.14608 144.92661 138.0
42.0 22.0 22.0 25.16514 80.09416 119.52219 1263.0
42.0 22.0 42.0 56.48169 85.14608 144.92661 1263.0
42.0 24.0 24.0 107.77244 87.18776 149.13 431.0
42.0 24.0 42.0 56.48169 85.14608 144.92661 431.0
42.0 26.0 26.0 131.79289 45.08703 139.21086 1.0
42.0 26.0 42.0 56.48169 85.14608 144.92661 1.0
42.0 27.0 27.0 18.7056 45.53875 103.87498 3.0
42.0 27.0 42.0 56.48169 85.14608 144.92661 3.0
42.0 28.0 28.0 83.50717 39.72972 143.46867 195.0
42.0 28.0 42.0 56.48169 85.14608 144.92661 195.0
42.0 33.0 33.0 97.62151 49.88372 149.24029 86.0
42.0 33.0 42.0 56.48169 85.14608 144.92661 86.0
42.0 34.0 34.0 127.6707 111.28236 129.58151 9.0
42.0 34.0 42.0 56.48169 85.14608 144.92661 9.0
42.0 36.0 36.0 51.11011 19.24843 119.25924 4.0
42.0 36.0 42.0 56.48169 85.14608 144.92661 4.0
42.0 38.0 38.0 88.57086 68.22849 152.64776 803.0
42.0 38.0 42.0 56.48169 85.14608 144.92661 803.0
42.0 41.0 41.0 59.62079 125.62468 122.71415 343.0
42.0 41.0 42.0 56.48169 85.14608 144.92661 343.0
42.0 42.0 42.0 56.48169 85.14608 144.92661 4215.0
42.0 42.0 42.0 56.48169 85.14608 144.92661 4215.0
42.0 44.0 44.0 70.62902 22.74191 131.42287 3.0
42.0 44.0 42.0 56.48169 85.14608 144.92661 3.0
43.0 4.0 4.0 72.11757 108.2321 139.83209 76.0
43.0 4.0 43.0 102.34663 137.4613 99.67585 76.0
43.0 5.0 5.0 36.42196 130.18468 82.11796 58.0
43.0 5.0 43.0 102.34663 137.4613 99.67585 58.0
43.0 8.0 8.0 108.58766 85.24784 38.90881 1.0
43.0 8.0 43.0 102.34663 137.4613 99.67585 1.0
43.0 9.0 9.0 78.3413 140.1077 102.2887 1517.0
43.0 9.0 43.0 102.34663 137.4613 99.67585 1517.0
43.0 14.0 14.0 128.46238 115.9743 40.39487 3.0
43.0 14.0 43.0 102.34663 137.4613 99.67585 3.0
43.0 24.0 24.0 107.77244 87.18776 149.13 7.0
43.0 24.0 43.0 102.34663 137.4613 99.67585 7.0
43.0 30.0 30.0 88.70398 139.836 62.89852 1554.0
43.0 30.0 43.0 102.34663 137.4613 99.67585 1554.0
43.0 34.0 34.0 127.6707 111.28236 129.58151 1136.0
43.0 34.0 43.0 102.34663 137.4613 99.67585 1136.0
43.0 35.0 35.0 147.45991 121.33884 95.61994 743.0
43.0 35.0 43.0 102.34663 137.4613 99.67585 743.0
43.0 37.0 37.0 79.92256 11.08021 113.8155 1.0
43.0 37.0 43.0 102.34663 137.4613 99.67585 1.0
43.0 41.0 41.0 59.62079 125.62468 122.71415 265.0
43.0 41.0 43.0 102.34663 137.4613 99.67585 265.0
43.0 43.0 43.0 102.34663 137.4613 99.67585 3343.0
43.0 43.0 43.0 102.34663 137.4613 99.67585 3343.0
43.0 46.0 46.0 114.87711 130.48199 52.97376 143.0
43.0 46.0 43.0 102.34663 137.4613 99.67585 143.0
44.0 0.0 0.0 55.12643 49.31583 142.17057 463.0
44.0 0.0 44.0 70.62902 22.74191 131.42287 463.0
44.0 2.0 2.0 27.6848 25.08033 88.21905 35.0
44.0 2.0 44.0 70.62902 22.74191 131.42287 35.0
44.0 3.0 3.0 83.12441 3.83659 87.93132 61.0
44.0 3.0 44.0 70.62902 22.74191 131.42287 61.0
44.0 11.0 11.0 48.25535 14.30369 56.40372 2.0
44.0 11.0 44.0 70.62902 22.74191 131.42287 2.0
44.0 16.0 16.0 37.04017 38.68987 124.3939 184.0
44.0 16.0 44.0 70.62902 22.74191 131.42287 184.0
44.0 17.0 17.0 122.99939 11.06803 94.70361 7.0
44.0 17.0 44.0 70.62902 22.74191 131.42287 7.0
44.0 26.0 26.0 131.79289 45.08703 139.21086 21.0
44.0 26.0 44.0 70.62902 22.74191 131.42287 21.0
44.0 27.0 27.0 18.7056 45.53875 103.87498 4.0
44.0 27.0 44.0 70.62902 22.74191 131.42287 4.0
44.0 28.0 28.0 83.50717 39.72972 143.46867 666.0
44.0 28.0 44.0 70.62902 22.74191 131.42287 666.0
44.0 29.0 29.0 122.66322 20.7029 121.4149 81.0
44.0 29.0 44.0 70.62902 22.74191 131.42287 81.0
44.0 33.0 33.0 97.62151 49.88372 149.24029 98.0
44.0 33.0 44.0 70.62902 22.74191 131.42287 98.0
44.0 36.0 36.0 51.11011 19.24843 119.25924 526.0
44.0 36.0 44.0 70.62902 22.74191 131.42287 526.0
44.0 37.0 37.0 79.92256 11.08021 113.8155 1107.0
44.0 37.0 44.0 70.62902 22.74191 131.42287 1107.0
44.0 38.0 38.0 88.57086 68.22849 152.64776 14.0
44.0 38.0 44.0 70.62902 22.74191 131.42287 14.0
44.0 41.0 41.0 59.62079 125.62468 122.71415 1.0
44.0 41.0 44.0 70.62902 22.74191 131.42287 1.0
44.0 42.0 42.0 56.48169 85.14608 144.92661 3.0
44.0 42.0 44.0 70.62902 22.74191 131.42287 3.0
44.0 44.0 44.0 70.62902 22.74191 131.42287 1208.0
44.0 44.0 44.0 70.62902 22.74191 131.42287 1208.0
45.0 1.0 1.0 66.45661 89.46396 7.70293 1558.0
45.0 1.0 45.0 35.12312 116.36246 28.52265 1558.0
45.0 5.0 5.0 36.42196 130.18468 82.11796 1670.0
45.0 5.0 45.0 35.12312 116.36246 28.52265 1670.0
45.0 6.0 6.0 5.44301 84.93259 74.31417 780.0
45.0 6.0 45.0 35.12312 116.36246 28.52265 780.0
45.0 8.0 8.0 108.58766 85.24784 38.90881 131.0
45.0 8.0 45.0 35.12312 116.36246 28.52265 131.0
45.0 9.0 9.0 78.3413 140.1077 102.2887 4.0
45.0 9.0 45.0 35.12312 116.36246 28.52265 4.0
45.0 14.0 14.0 128.46238 115.9743 40.39487 2.0
45.0 14.0 45.0 35.12312 116.36246 28.52265 2.0
45.0 20.0 20.0 85.41313 53.73381 22.6507 8.0
45.0 20.0 45.0 35.12312 116.36246 28.52265 8.0
45.0 21.0 21.0 27.81851 77.93295 19.75029 1359.0
45.0 21.0 45.0 35.12312 116.36246 28.52265 1359.0
45.0 22.0 22.0 25.16514 80.09416 119.52219 1.0
45.0 22.0 45.0 35.12312 116.36246 28.52265 1.0
45.0 30.0 30.0 88.70398 139.836 62.89852 699.0
45.0 30.0 45.0 35.12312 116.36246 28.52265 699.0
45.0 39.0 39.0 21.86437 50.11206 32.79286 84.0
45.0 39.0 45.0 35.12312 116.36246 28.52265 84.0
45.0 45.0 45.0 35.12312 116.36246 28.52265 9087.0
45.0 45.0 45.0 35.12312 116.36246 28.52265 9087.0
45.0 46.0 46.0 114.87711 130.48199 52.97376 49.0
45.0 46.0 45.0 35.12312 116.36246 28.52265 49.0
46.0 1.0 1.0 66.45661 89.46396 7.70293 107.0
46.0 1.0 46.0 114.87711 130.48199 52.97376 107.0
46.0 5.0 5.0 36.42196 130.18468 82.11796 11.0
46.0 5.0 46.0 114.87711 130.48199 52.97376 11.0
46.0 8.0 8.0 108.58766 85.24784 38.90881 784.0
46.0 8.0 46.0 114.87711 130.48199 52.97376 784.0
46.0 9.0 9.0 78.3413 140.1077 102.2887 5.0
46.0 9.0 46.0 114.87711 130.48199 52.97376 5.0
46.0 12.0 12.0 179.79927 86.4961 84.92623 2.0
46.0 12.0 46.0 114.87711 130.48199 52.97376 2.0
46.0 14.0 14.0 128.46238 115.9743 40.39487 2125.0
46.0 14.0 46.0 114.87711 130.48199 52.97376 2125.0
46.0 20.0 20.0 85.41313 53.73381 22.6507 2.0
46.0 20.0 46.0 114.87711 130.48199 52.97376 2.0
46.0 30.0 30.0 88.70398 139.836 62.89852 2574.0
46.0 30.0 46.0 114.87711 130.48199 52.97376 2574.0
46.0 32.0 32.0 156.82716 89.21717 57.93557 237.0
46.0 32.0 46.0 114.87711 130.48199 52.97376 237.0
46.0 34.0 34.0 127.6707 111.28236 129.58151 25.0
46.0 34.0 46.0 114.87711 130.48199 52.97376 25.0
46.0 35.0 35.0 147.45991 121.33884 95.61994 888.0
46.0 35.0 46.0 114.87711 130.48199 52.97376 888.0
46.0 43.0 43.0 102.34663 137.4613 99.67585 162.0
46.0 43.0 46.0 114.87711 130.48199 52.97376 162.0
46.0 45.0 45.0 35.12312 116.36246 28.52265 36.0
46.0 45.0 46.0 114.87711 130.48199 52.97376 36.0
46.0 46.0 46.0 114.87711 130.48199 52.97376 4962.0
46.0 46.0 46.0 114.87711 130.48199 52.97376 4962.0
47.0 12.0 12.0 179.79927 86.4961 84.92623 348.0
47.0 12.0 47.0 164.09289 62.60587 126.2736 348.0
47.0 15.0 15.0 144.80575 26.38029 64.48962 18.0
47.0 15.0 47.0 164.09289 62.60587 126.2736 18.0
47.0 17.0 17.0 122.99939 11.06803 94.70361 22.0
47.0 17.0 47.0 164.09289 62.60587 126.2736 22.0
47.0 18.0 18.0 159.45314 25.0271 93.64652 500.0
47.0 18.0 47.0 164.09289 62.60587 126.2736 500.0
47.0 23.0 23.0 173.49988 43.6273 76.45716 262.0
47.0 23.0 47.0 164.09289 62.60587 126.2736 262.0
47.0 24.0 24.0 107.77244 87.18776 149.13 218.0
47.0 24.0 47.0 164.09289 62.60587 126.2736 218.0
47.0 25.0 25.0 182.75712 64.764 100.74942 940.0
47.0 25.0 47.0 164.09289 62.60587 126.2736 940.0
47.0 26.0 26.0 131.79289 45.08703 139.21086 1492.0
47.0 26.0 47.0 164.09289 62.60587 126.2736 1492.0
47.0 29.0 29.0 122.66322 20.7029 121.4149 184.0
47.0 29.0 47.0 164.09289 62.60587 126.2736 184.0
47.0 32.0 32.0 156.82716 89.21717 57.93557 7.0
47.0 32.0 47.0 164.09289 62.60587 126.2736 7.0
47.0 33.0 33.0 97.62151 49.88372 149.24029 17.0
47.0 33.0 47.0 164.09289 62.60587 126.2736 17.0
47.0 34.0 34.0 127.6707 111.28236 129.58151 1031.0
47.0 34.0 47.0 164.09289 62.60587 126.2736 1031.0
47.0 35.0 35.0 147.45991 121.33884 95.61994 324.0
47.0 35.0 47.0 164.09289 62.60587 126.2736 324.0
47.0 37.0 37.0 79.92256 11.08021 113.8155 1.0
47.0 37.0 47.0 164.09289 62.60587 126.2736 1.0
47.0 38.0 38.0 88.57086 68.22849 152.64776 3.0
47.0 38.0 47.0 164.09289 62.60587 126.2736 3.0
47.0 47.0 47.0 164.09289 62.60587 126.2736 6158.0
47.0 47.0 47.0 164.09289 62.60587 126.2736 6158.0
